#wave flux
3800.0 2.00839
3801.53 2.0537
3803.06 2.05014
3804.59 2.20562
3806.12 2.21151
3807.65 2.25937
3809.18 2.13775
3810.71 2.24748
3812.24 2.068
3813.77 2.23112
3815.3 2.5501
3816.83 2.45368
3818.36 2.0495
3819.89 2.24976
3821.42 2.26845
3822.95 2.44671
3824.48 2.2732
3826.01 2.13495
3827.54 2.37884
3829.07 2.38812
3830.6 2.20281
3832.13 2.27112
3833.66 2.64324
3835.19 2.51246
3836.72 2.39673
3838.25 2.57288
3839.78 2.39959
3841.31 2.51371
3842.84 2.63638
3844.37 2.56235
3845.9 2.55321
3847.43 2.48126
3848.96 2.58224
3850.49 2.57821
3852.02 2.56132
3853.55 2.46926
3855.08 2.46299
3856.61 2.62832
3858.14 2.51943
3859.67 2.41915
3861.2 2.53802
3862.73 2.62149
3864.26 2.44429
3865.79 2.31706
3867.32 2.45304
3868.85 2.44732
3870.38 2.37045
3871.91 2.45893
3873.44 2.74027
3874.97 2.44251
3876.5 2.42876
3878.03 2.72621
3879.56 2.50371
3881.09 2.44704
3882.62 2.4326
3884.15 2.55404
3885.68 2.6126
3887.21 2.36184
3888.74 2.59393
3890.27 2.47632
3891.8 2.57679
3893.33 2.35301
3894.86 2.3659
3896.39 2.49174
3897.92 2.48871
3899.45 2.53432
3900.98 2.52657
3902.51 2.42596
3904.04 2.48604
3905.57 2.43585
3907.1 2.36201
3908.63 2.47457
3910.16 2.4531
3911.69 2.54402
3913.22 2.36301
3914.75 2.55096
3916.28 2.44154
3917.81 2.46843
3919.34 2.37018
3920.87 2.3044
3922.4 2.20714
3923.93 1.95258
3925.46 2.14403
3926.99 2.27751
3928.52 2.25692
3930.05 2.33173
3931.58 2.04831
3933.11 2.05906
3934.64 2.14
3936.17 2.06672
3937.7 2.11034
3939.23 2.08922
3940.76 1.98397
3942.29 1.74869
3943.82 1.74472
3945.35 1.82983
3946.88 1.93108
3948.41 2.09295
3949.94 1.84141
3951.47 1.78963
3953.0 1.81255
3954.53 1.86525
3956.06 1.96453
3957.59 2.12856
3959.12 1.88969
3960.65 1.78008
3962.18 1.7233
3963.71 1.76716
3965.24 1.73188
3966.77 1.75191
3968.3 1.77091
3969.83 1.86833
3971.36 1.95705
3972.89 1.81277
3974.42 1.83958
3975.95 1.85938
3977.48 1.88844
3979.01 1.82186
3980.54 1.75749
3982.07 1.8238
3983.6 1.84116
3985.13 1.84933
3986.66 1.91544
3988.19 1.75863
3989.72 1.98253
3991.25 2.01325
3992.78 1.88025
3994.31 1.93989
3995.84 1.8905
3997.37 1.80744
3998.9 1.80105
4000.43 1.6228
4001.96 1.80613
4003.49 1.70227
4005.02 1.74499
4006.55 1.75008
4008.08 1.59849
4009.61 1.71549
4011.14 1.83002
4012.67 1.82019
4014.2 1.64418
4015.73 1.5509
4017.26 1.70688
4018.79 1.52493
4020.32 1.59341
4021.85 1.72438
4023.38 1.70416
4024.91 1.6468
4026.44 1.66469
4027.97 1.72619
4029.5 1.6273
4031.03 1.53688
4032.56 1.84319
4034.09 1.7126
4035.62 1.5921
4037.15 1.58246
4038.68 1.62727
4040.21 1.62405
4041.74 1.64382
4043.27 1.70563
4044.8 1.51551
4046.33 1.32695
4047.86 1.49907
4049.39 1.55171
4050.92 1.69721
4052.45 1.5106
4053.98 1.59391
4055.51 1.76549
4057.04 1.52293
4058.57 1.42454
4060.1 1.69007
4061.63 1.5539
4063.16 1.44451
4064.69 1.51154
4066.22 1.53832
4067.75 1.67685
4069.28 1.59779
4070.81 1.65818
4072.34 1.58604
4073.87 1.51479
4075.4 1.62335
4076.93 1.54038
4078.46 1.57885
4079.99 1.50026
4081.52 1.50938
4083.05 1.65257
4084.58 1.5991
4086.11 1.48868
4087.64 1.5471
4089.17 1.59613
4090.7 1.51115
4092.23 1.31651
4093.76 1.25592
4095.29 1.50029
4096.82 1.64991
4098.35 1.65257
4099.88 1.49821
4101.41 1.4909
4102.94 1.5521
4104.47 1.65493
4106.0 1.58754
4107.53 1.53365
4109.06 1.51896
4110.59 1.56157
4112.12 1.54582
4113.65 1.60368
4115.18 1.55977
4116.71 1.50974
4118.24 1.58143
4119.77 1.70008
4121.3 1.75588
4122.83 1.64313
4124.36 1.63124
4125.89 1.66191
4127.42 1.63407
4128.95 1.62099
4130.48 1.70399
4132.01 1.65557
4133.54 1.55399
4135.07 1.64435
4136.6 1.68969
4138.13 1.56563
4139.66 1.70608
4141.19 1.62352
4142.72 1.76658
4144.25 1.61068
4145.78 1.45335
4147.31 1.73171
4148.84 1.69119
4150.37 1.70133
4151.9 1.70091
4153.43 1.68338
4154.96 1.57021
4156.49 1.61932
4158.02 1.50665
4159.55 1.60952
4161.08 1.71683
4162.61 1.70055
4164.14 1.61177
4165.67 1.53996
4167.2 1.69071
4168.73 1.70188
4170.26 1.63221
4171.79 1.72227
4173.32 1.75072
4174.85 1.66141
4176.38 1.84761
4177.91 1.77144
4179.44 1.77127
4180.97 1.76563
4182.5 1.81602
4184.03 1.80672
4185.56 1.72021
4187.09 1.64821
4188.62 1.77419
4190.15 1.72741
4191.68 1.67849
4193.21 1.72727
4194.74 1.68921
4196.27 1.90647
4197.8 1.9513
4199.33 1.78674
4200.86 1.79636
4202.39 1.71163
4203.92 1.74819
4205.45 1.67613
4206.98 1.72766
4208.51 1.81027
4210.04 1.9213
4211.57 1.92716
4213.1 1.65868
4214.63 1.7321
4216.16 1.94219
4217.69 1.90661
4219.22 1.89855
4220.75 1.7736
4222.28 1.71546
4223.81 1.69816
4225.34 1.78644
4226.87 1.8603
4228.4 1.92008
4229.93 1.94333
4231.46 1.93922
4232.99 1.85655
4234.52 1.83538
4236.05 1.881
4237.58 1.73977
4239.11 1.85916
4240.64 2.08022
4242.17 1.82625
4243.7 1.96725
4245.23 1.92375
4246.76 1.82383
4248.29 1.97319
4249.82 1.88922
4251.35 1.82844
4252.88 1.87702
4254.41 1.95669
4255.94 1.89022
4257.47 2.02847
4259.0 1.93278
4260.53 1.85319
4262.06 1.71169
4263.59 1.50513
4265.12 1.68549
4266.65 1.87055
4268.18 1.8963
4269.71 1.86539
4271.24 1.97303
4272.77 1.89016
4274.3 1.66171
4275.83 1.80394
4277.36 1.85308
4278.89 2.0982
4280.42 2.01281
4281.95 2.08745
4283.48 2.14459
4285.01 1.96903
4286.54 1.98022
4288.07 1.95408
4289.6 1.98308
4291.13 2.06884
4292.66 1.99831
4294.19 2.05611
4295.72 2.15659
4297.25 1.97394
4298.78 1.96497
4300.31 2.03022
4301.84 2.01214
4303.37 2.03303
4304.9 2.02044
4306.43 2.01881
4307.96 1.96942
4309.49 2.05628
4311.02 1.97533
4312.55 2.0972
4314.08 2.11445
4315.61 1.89291
4317.14 2.05731
4318.67 2.1277
4320.2 2.10909
4321.73 2.13425
4323.26 2.10342
4324.79 2.12403
4326.32 1.98078
4327.85 1.83
4329.38 2.10075
4330.91 2.08345
4332.44 1.90991
4333.97 1.99497
4335.5 2.151
4337.03 2.20056
4338.56 1.95425
4340.09 2.01042
4341.62 2.12439
4343.15 2.14164
4344.68 1.93114
4346.21 2.03661
4347.74 2.03958
4349.27 1.96103
4350.8 1.88286
4352.33 2.05172
4353.86 2.27962
4355.39 2.25876
4356.92 2.00294
4358.45 1.53179
4359.98 1.42643
4361.51 1.68582
4363.04 1.89972
4364.57 2.11889
4366.1 2.16687
4367.63 2.1655
4369.16 2.068
4370.69 2.21467
4372.22 2.25437
4373.75 2.21689
4375.28 2.00511
4376.81 2.14931
4378.34 2.08259
4379.87 2.26517
4381.4 2.39248
4382.93 2.21287
4384.46 2.09581
4385.99 2.06453
4387.52 2.00281
4389.05 2.08606
4390.58 2.2202
4392.11 2.15262
4393.64 2.14525
4395.17 2.11861
4396.7 2.29345
4398.23 2.17981
4399.76 1.89989
4401.29 2.1717
4402.82 2.2744
4404.35 2.06589
4405.88 1.79647
4407.41 1.98458
4408.94 1.97236
4410.47 1.97575
4412.0 2.04872
4413.53 2.04442
4415.06 2.13878
4416.59 2.0812
4418.12 2.01372
4419.65 1.98917
4421.18 2.17717
4422.71 2.08161
4424.24 2.13775
4425.77 2.08697
4427.3 2.07006
4428.83 2.06022
4430.36 2.11367
4431.89 2.1255
4433.42 2.10867
4434.95 2.0395
4436.48 2.17092
4438.01 2.2087
4439.54 2.09228
4441.07 1.99936
4442.6 2.05422
4444.13 2.044
4445.66 2.01122
4447.19 1.99856
4448.72 2.11873
4450.25 2.21903
4451.78 2.25212
4453.31 2.15939
4454.84 2.21639
4456.37 2.27017
4457.9 2.12339
4459.43 2.13548
4460.96 2.01703
4462.49 1.8495
4464.02 2.10459
4465.55 2.19689
4467.08 2.0985
4468.61 2.05158
4470.14 2.03808
4471.67 2.17573
4473.2 2.22134
4474.73 2.17873
4476.26 2.21062
4477.79 2.22584
4479.32 2.19987
4480.85 2.26379
4482.38 2.23473
4483.91 2.22573
4485.44 2.15414
4486.97 2.21195
4488.5 2.20159
4490.03 2.11445
4491.56 2.18231
4493.09 1.97925
4494.62 2.02642
4496.15 2.16375
4497.68 2.09514
4499.21 2.13717
4500.74 2.0442
4502.27 2.28373
4503.8 2.25645
4505.33 2.14687
4506.86 2.1495
4508.39 2.13636
4509.92 2.08742
4511.45 2.06147
4512.98 2.27679
4514.51 2.01658
4516.04 2.19609
4517.57 2.01317
4519.1 2.06053
4520.63 2.21403
4522.16 2.09975
4523.69 2.11748
4525.22 2.03945
4526.75 2.33754
4528.28 2.27465
4529.81 2.00439
4531.34 2.06134
4532.87 2.01908
4534.4 2.11417
4535.93 2.13675
4537.46 2.14089
4538.99 2.10023
4540.52 2.24342
4542.05 2.22553
4543.58 2.2542
4545.11 2.18767
4546.64 1.98558
4548.17 2.26815
4549.7 2.02845
4551.23 2.03667
4552.76 2.12978
4554.29 2.24281
4555.82 2.14378
4557.35 2.22634
4558.88 2.12653
4560.41 2.04495
4561.94 2.01881
4563.47 2.06556
4565.0 2.12217
4566.53 2.19373
4568.06 2.11345
4569.59 1.96689
4571.12 2.06814
4572.65 2.03733
4574.18 2.01728
4575.71 1.91778
4577.24 1.96664
4578.77 1.89652
4580.3 1.87825
4581.83 1.88752
4583.36 2.03947
4584.89 2.11267
4586.42 2.09834
4587.95 2.045
4589.48 2.02131
4591.01 1.98564
4592.54 2.07784
4594.07 2.05492
4595.6 2.05486
4597.13 2.05186
4598.66 2.09197
4600.19 1.83416
4601.72 1.90519
4603.25 2.01206
4604.78 2.06839
4606.31 2.01061
4607.84 2.06264
4609.37 2.12039
4610.9 2.13198
4612.43 2.11109
4613.96 2.03922
4615.49 2.03003
4617.02 2.0035
4618.55 1.93942
4620.08 2.10942
4621.61 2.16967
4623.14 2.09661
4624.67 1.94805
4626.2 2.01061
4627.73 2.03336
4629.26 2.07334
4630.79 2.00956
4632.32 2.00281
4633.85 2.15
4635.38 2.02358
4636.91 1.9253
4638.44 1.97892
4639.97 1.99378
4641.5 1.9203
4643.03 1.91253
4644.56 1.8495
4646.09 2.02903
4647.62 1.88325
4649.15 1.89222
4650.68 2.03514
4652.21 2.01525
4653.74 2.00767
4655.27 1.96961
4656.8 2.02486
4658.33 2.05708
4659.86 1.86833
4661.39 1.82375
4662.92 1.89244
4664.45 1.87461
4665.98 1.88744
4667.51 1.94005
4669.04 1.90322
4670.57 2.02972
4672.1 2.11253
4673.63 1.87264
4675.16 1.90219
4676.69 2.00425
4678.22 1.90889
4679.75 1.8375
4681.28 1.83558
4682.81 2.07403
4684.34 2.09211
4685.87 1.95611
4687.4 1.88616
4688.93 1.87325
4690.46 1.84558
4691.99 2.04081
4693.52 2.03136
4695.05 1.89294
4696.58 1.89364
4698.11 1.88941
4699.64 1.93728
4701.17 1.92483
4702.7 1.86647
4704.23 2.00786
4705.76 2.08836
4707.29 1.89914
4708.82 1.7643
4710.35 1.98503
4711.88 2.03883
4713.41 1.93736
4714.94 1.88902
4716.47 1.92489
4718.0 1.95811
4719.53 1.89122
4721.06 1.88811
4722.59 1.83322
4724.12 1.82366
4725.65 1.86791
4727.18 1.86489
4728.71 1.98961
4730.24 1.92814
4731.77 1.90225
4733.3 1.78963
4734.83 1.83186
4736.36 2.0145
4737.89 1.84355
4739.42 1.65674
4740.95 1.64927
4742.48 1.79824
4744.01 1.99661
4745.54 2.03045
4747.07 1.88561
4748.6 1.80741
4750.13 1.82552
4751.66 1.86927
4753.19 1.79952
4754.72 1.88252
4756.25 1.84972
4757.78 1.85263
4759.31 1.80897
4760.84 1.71274
4762.37 1.86308
4763.9 1.89005
4765.43 1.8838
4766.96 1.80683
4768.49 1.74305
4770.02 1.78547
4771.55 1.80105
4773.08 1.80694
4774.61 1.65266
4776.14 1.62555
4777.67 1.74663
4779.2 1.81127
4780.73 1.7723
4782.26 1.67499
4783.79 1.70202
4785.32 1.73085
4786.85 1.73719
4788.38 1.72427
4789.91 1.59621
4791.44 1.58829
4792.97 1.70163
4794.5 1.76608
4796.03 1.76277
4797.56 1.9748
4799.09 1.85147
4800.62 1.80997
4802.15 1.74363
4803.68 1.60332
4805.21 1.89519
4806.74 1.91275
4808.27 1.95055
4809.8 1.77169
4811.33 1.77299
4812.86 1.81988
4814.39 1.78444
4815.92 1.82661
4817.45 1.77683
4818.98 1.82433
4820.51 1.77272
4822.04 1.55213
4823.57 1.7213
4825.1 1.65721
4826.63 1.92139
4828.16 1.90072
4829.69 1.7213
4831.22 1.85752
4832.75 1.77091
4834.28 1.85222
4835.81 1.85944
4837.34 1.77027
4838.87 1.70927
4840.4 1.78108
4841.93 1.72219
4843.46 1.76722
4844.99 1.66621
4846.52 1.79416
4848.05 1.74285
4849.58 1.78541
4851.11 1.82669
4852.64 1.76655
4854.17 1.65121
4855.7 1.6166
4857.23 1.82833
4858.76 1.77549
4860.29 1.70713
4861.82 1.79202
4863.35 1.73038
4864.88 1.70474
4866.41 1.74144
4867.94 1.74033
4869.47 1.74033
4871.0 1.78241
4872.53 1.67127
4874.06 1.73013
4875.59 1.6643
4877.12 1.77047
4878.65 1.93197
4880.18 1.90975
4881.71 1.82377
4883.24 1.70544
4884.77 1.66996
4886.3 1.72135
4887.83 1.85675
4889.36 1.81666
4890.89 1.78491
4892.42 1.79152
4893.95 1.65971
4895.48 1.71535
4897.01 1.65713
4898.54 1.57752
4900.07 1.76063
4901.6 1.6378
4903.13 1.58271
4904.66 1.45451
4906.19 1.60785
4907.72 1.69821
4909.25 1.71299
4910.78 1.68163
4912.31 1.80849
4913.84 1.89536
4915.37 1.84219
4916.9 1.81208
4918.43 1.78863
4919.96 1.66013
4921.49 1.77527
4923.02 1.73535
4924.55 1.71749
4926.08 1.70941
4927.61 1.6448
4929.14 1.73494
4930.67 1.81416
4932.2 1.63566
4933.73 1.57521
4935.26 1.59199
4936.79 1.66388
4938.32 1.72049
4939.85 1.6806
4941.38 1.6361
4942.91 1.63907
4944.44 1.68432
4945.97 1.70883
4947.5 1.76552
4949.03 1.80166
4950.56 1.63202
4952.09 1.68396
4953.62 1.70602
4955.15 1.6738
4956.68 1.67821
4958.21 1.66366
4959.74 1.81211
4961.27 1.67566
4962.8 1.69235
4964.33 1.70238
4965.86 1.60557
4967.39 1.72435
4968.92 1.902
4970.45 1.62574
4971.98 1.6328
4973.51 1.71091
4975.04 1.83633
4976.57 1.66841
4978.1 1.68044
4979.63 1.68271
4981.16 1.5121
4982.69 1.78416
4984.22 1.86008
4985.75 1.75163
4987.28 1.74455
4988.81 1.65166
4990.34 1.5699
4991.87 1.75594
4993.4 1.78758
4994.93 1.7043
4996.46 1.7051
4997.99 1.58546
4999.52 1.70624
5001.05 1.75688
5002.58 1.68369
5004.11 1.91
5005.64 1.76008
5007.17 1.62296
5008.7 1.72174
5010.23 1.64763
5011.76 1.67174
5013.29 1.67719
5014.82 1.79755
5016.35 1.87897
5017.88 1.90664
5019.41 1.76874
5020.94 1.52582
5022.47 1.75166
5024.0 1.86797
5025.53 1.65721
5027.06 1.80477
5028.59 1.69958
5030.12 1.6501
5031.65 1.79449
5033.18 1.80091
5034.71 1.62891
5036.24 1.6283
5037.77 1.71146
5039.3 1.56415
5040.83 1.57213
5042.36 1.93391
5043.89 1.96311
5045.42 1.79555
5046.95 1.84122
5048.48 1.84658
5050.01 1.87364
5051.54 1.66113
5053.07 1.75166
5054.6 1.81469
5056.13 1.58502
5057.66 1.92694
5059.19 1.86127
5060.72 1.68332
5062.25 1.68344
5063.78 1.70991
5065.31 1.81113
5066.84 1.87011
5068.37 1.85316
5069.9 1.72424
5071.43 1.75624
5072.96 1.89822
5074.49 1.86872
5076.02 2.05603
5077.55 1.87205
5079.08 1.88561
5080.61 1.89347
5082.14 1.89341
5083.67 1.98158
5085.2 1.87897
5086.73 1.91058
5088.26 1.79158
5089.79 1.83236
5091.32 1.90133
5092.85 1.79183
5094.38 1.90503
5095.91 1.80405
5097.44 2.12264
5098.97 1.93969
5100.5 1.78713
5102.03 1.87822
5103.56 1.98678
5105.09 1.92253
5106.62 1.81224
5108.15 1.83047
5109.68 1.84325
5111.21 1.97936
5112.74 2.1132
5114.27 1.95075
5115.8 1.8983
5117.33 1.90894
5118.86 1.98447
5120.39 2.12964
5121.92 1.93603
5123.45 1.98433
5124.98 1.92497
5126.51 2.06484
5128.04 2.12842
5129.57 2.06342
5131.1 2.10495
5132.63 2.01497
5134.16 1.93014
5135.69 2.01219
5137.22 1.88572
5138.75 1.88341
5140.28 1.94189
5141.81 1.94633
5143.34 2.09009
5144.87 2.0145
5146.4 1.93944
5147.93 1.91844
5149.46 2.02208
5150.99 2.11814
5152.52 2.06028
5154.05 2.10264
5155.58 1.90505
5157.11 1.92811
5158.64 2.03467
5160.17 2.00956
5161.7 2.04853
5163.23 2.01219
5164.76 2.013
5166.29 1.93894
5167.82 2.00336
5169.35 1.9825
5170.88 2.07089
5172.41 1.99764
5173.94 1.92061
5175.47 2.1792
5177.0 2.04278
5178.53 2.0907
5180.06 2.11917
5181.59 1.98731
5183.12 2.16178
5184.65 1.98628
5186.18 2.15481
5187.71 2.21489
5189.24 2.15356
5190.77 2.20934
5192.3 2.18092
5193.83 2.14595
5195.36 2.20603
5196.89 2.26992
5198.42 2.27365
5199.95 2.18895
5201.48 2.28042
5203.01 2.23242
5204.54 2.15275
5206.07 2.22017
5207.6 2.29695
5209.13 2.27687
5210.66 2.30187
5212.19 2.25806
5213.72 2.39996
5215.25 2.49385
5216.78 2.39929
5218.31 2.46129
5219.84 2.36218
5221.37 2.26009
5222.9 2.25028
5224.43 2.24181
5225.96 2.15587
5227.49 2.35565
5229.02 2.41879
5230.55 2.2517
5232.08 2.30809
5233.61 2.3462
5235.14 2.45335
5236.67 2.35793
5238.2 2.09647
5239.73 2.12936
5241.26 2.14642
5242.79 2.10973
5244.32 2.13234
5245.85 2.14689
5247.38 2.19489
5248.91 2.10136
5250.44 2.10378
5251.97 2.12898
5253.5 2.21231
5255.03 2.02117
5256.56 1.99167
5258.09 2.07003
5259.62 2.00467
5261.15 2.04047
5262.68 2.01781
5264.21 2.23106
5265.74 2.1357
5267.27 2.02525
5268.8 2.04967
5270.33 1.90483
5271.86 1.87394
5273.39 2.02758
5274.92 2.15195
5276.45 2.05745
5277.98 2.20009
5279.51 2.03183
5281.04 1.96192
5282.57 2.0527
5284.1 1.96833
5285.63 1.91666
5287.16 1.98194
5288.69 1.92119
5290.22 1.9085
5291.75 1.85416
5293.28 1.86236
5294.81 1.91697
5296.34 1.93311
5297.87 1.9088
5299.4 1.6943
5300.93 1.78958
5302.46 1.71583
5303.99 1.6798
5305.52 1.86925
5307.05 1.92491
5308.58 1.90728
5310.11 1.84758
5311.64 1.83605
5313.17 1.65757
5314.7 1.61816
5316.23 1.79558
5317.76 1.86636
5319.29 1.64096
5320.82 1.75558
5322.35 1.77599
5323.88 1.84416
5325.41 1.84963
5326.94 1.78547
5328.47 1.76597
5330.0 1.83066
5331.53 1.7406
5333.06 1.67419
5334.59 1.71749
5336.12 1.54404
5337.65 1.52518
5339.18 1.46251
5340.71 1.45673
5342.24 1.66416
5343.77 1.70894
5345.3 1.67099
5346.83 1.64191
5348.36 1.58049
5349.89 1.74755
5351.42 1.57613
5352.95 1.6461
5354.48 1.93053
5356.01 1.69144
5357.54 1.62785
5359.07 1.41887
5360.6 1.62168
5362.13 1.69705
5363.66 1.63616
5365.19 1.69544
5366.72 1.61541
5368.25 1.4054
5369.78 1.59082
5371.31 1.61585
5372.84 1.70427
5374.37 1.63599
5375.9 1.60529
5377.43 1.53951
5378.96 1.53085
5380.49 1.69994
5382.02 1.68488
5383.55 1.74422
5385.08 1.72105
5386.61 1.67485
5388.14 1.55132
5389.67 1.53299
5391.2 1.56957
5392.73 1.47279
5394.26 1.6751
5395.79 1.71469
5397.32 1.57357
5398.85 1.43496
5400.38 1.39951
5401.91 1.33684
5403.44 1.44765
5404.97 1.54327
5406.5 1.60791
5408.03 1.57318
5409.56 1.53838
5411.09 1.5686
5412.62 1.49496
5414.15 1.41662
5415.68 1.5274
5417.21 1.6431
5418.74 1.61366
5420.27 1.51693
5421.8 1.62496
5423.33 1.62988
5424.86 1.50229
5426.39 1.5186
5427.92 1.58796
5429.45 1.56743
5430.98 1.62066
5432.51 1.61088
5434.04 1.50835
5435.57 1.46193
5437.1 1.46996
5438.63 1.54313
5440.16 1.57913
5441.69 1.46154
5443.22 1.47296
5444.75 1.49132
5446.28 1.5679
5447.81 1.67138
5449.34 1.6273
5450.87 1.56757
5452.4 1.59038
5453.93 1.54918
5455.46 1.50199
5456.99 1.7338
5458.52 1.7191
5460.05 1.67969
5461.58 1.66241
5463.11 1.61485
5464.64 1.55688
5466.17 1.53382
5467.7 1.61071
5469.23 1.50193
5470.76 1.46507
5472.29 1.39554
5473.82 1.46474
5475.35 1.52399
5476.88 1.64663
5478.41 1.77391
5479.94 1.47821
5481.47 1.5016
5483.0 1.67755
5484.53 1.5986
5486.06 1.53404
5487.59 1.6236
5489.12 1.68105
5490.65 1.57371
5492.18 1.58216
5493.71 1.59207
5495.24 1.6978
5496.77 1.59224
5498.3 1.52213
5499.83 1.47937
5501.36 1.40948
5502.89 1.65699
5504.42 1.64799
5505.95 1.54874
5507.48 1.55915
5509.01 1.66116
5510.54 1.66074
5512.07 1.56429
5513.6 1.40868
5515.13 1.49885
5516.66 1.51113
5518.19 1.53485
5519.72 1.72821
5521.25 1.63716
5522.78 1.61793
5524.31 1.50168
5525.84 1.46187
5527.37 1.49849
5528.9 1.46549
5530.43 1.36384
5531.96 1.57874
5533.49 1.55946
5535.02 1.49857
5536.55 1.52126
5538.08 1.56907
5539.61 1.45826
5541.14 1.46282
5542.67 1.59549
5544.2 1.63091
5545.73 1.54402
5547.26 1.54582
5548.79 1.51324
5550.32 1.49257
5551.85 1.54824
5553.38 1.60377
5554.91 1.5981
5556.44 1.52938
5557.97 1.45557
5559.5 1.63302
5561.03 1.5549
5562.56 1.56182
5564.09 1.60416
5565.62 1.50037
5567.15 1.52179
5568.68 1.48804
5570.21 1.41446
5571.74 1.46004
5573.27 1.58999
5574.8 1.69019
5576.33 1.65171
5577.86 1.75305
5579.39 1.72813
5580.92 1.61568
5582.45 1.79436
5583.98 1.66713
5585.51 1.47362
5587.04 1.46185
5588.57 1.53404
5590.1 1.48179
5591.63 1.48404
5593.16 1.48362
5594.69 1.39984
5596.22 1.35248
5597.75 1.30912
5599.28 1.27237
5600.81 1.31879
5602.34 1.47085
5603.87 1.50154
5605.4 1.4139
5606.93 1.39087
5608.46 1.35315
5609.99 1.38776
5611.52 1.43268
5613.05 1.48626
5614.58 1.46299
5616.11 1.40937
5617.64 1.50438
5619.17 1.49813
5620.7 1.45351
5622.23 1.32006
5623.76 1.44451
5625.29 1.59629
5626.82 1.46893
5628.35 1.4469
5629.88 1.42318
5631.41 1.45115
5632.94 1.51657
5634.47 1.35695
5636.0 1.3304
5637.53 1.34707
5639.06 1.3174
5640.59 1.34557
5642.12 1.31204
5643.65 1.41209
5645.18 1.42362
5646.71 1.34245
5648.24 1.40515
5649.77 1.35301
5651.3 1.39512
5652.83 1.40123
5654.36 1.47015
5655.89 1.47129
5657.42 1.33618
5658.95 1.31781
5660.48 1.42082
5662.01 1.30523
5663.54 1.26126
5665.07 1.36526
5666.6 1.30387
5668.13 1.35479
5669.66 1.4204
5671.19 1.27262
5672.72 1.28101
5674.25 1.34929
5675.78 1.25895
5677.31 1.24834
5678.84 1.30993
5680.37 1.39754
5681.9 1.49515
5683.43 1.51821
5684.96 1.39057
5686.49 1.22795
5688.02 1.22334
5689.55 1.29862
5691.08 1.34768
5692.61 1.43646
5694.14 1.3297
5695.67 1.27404
5697.2 1.40226
5698.73 1.31504
5700.26 1.26373
5701.79 1.3669
5703.32 1.30465
5704.85 1.41229
5706.38 1.42218
5707.91 1.35676
5709.44 1.35434
5710.97 1.33459
5712.5 1.34787
5714.03 1.33565
5715.56 1.28934
5717.09 1.3087
5718.62 1.24706
5720.15 1.2792
5721.68 1.25012
5723.21 1.28815
5724.74 1.36909
5726.27 1.31618
5727.8 1.2512
5729.33 1.3399
5730.86 1.35762
5732.39 1.29379
5733.92 1.3454
5735.45 1.2749
5736.98 1.24909
5738.51 1.25017
5740.04 1.25259
5741.57 1.2489
5743.1 1.29115
5744.63 1.36812
5746.16 1.30223
5747.69 1.19045
5749.22 1.25078
5750.75 1.29542
5752.28 1.33343
5753.81 1.3652
5755.34 1.34093
5756.87 1.3264
5758.4 1.27306
5759.93 1.27981
5761.46 1.3594
5762.99 1.39082
5764.52 1.32995
5766.05 1.28056
5767.58 1.28717
5769.11 1.30831
5770.64 1.27737
5772.17 1.30498
5773.7 1.38593
5775.23 1.39301
5776.76 1.30231
5778.29 1.18998
5779.82 1.19273
5781.35 1.24312
5782.88 1.2882
5784.41 1.29567
5785.94 1.21323
5787.47 1.11036
5789.0 1.2412
5790.53 1.35712
5792.06 1.30443
5793.59 1.26526
5795.12 1.25134
5796.65 1.24834
5798.18 1.28648
5799.71 1.34254
5801.24 1.31556
5802.77 1.3329
5804.3 1.37732
5805.83 1.32004
5807.36 1.31084
5808.89 1.27026
5810.42 1.23298
5811.95 1.31106
5813.48 1.29906
5815.01 1.29123
5816.54 1.33193
5818.07 1.26451
5819.6 1.27923
5821.13 1.42048
5822.66 1.39162
5824.19 1.45862
5825.72 1.42873
5827.25 1.26251
5828.78 1.29745
5830.31 1.38423
5831.84 1.43218
5833.37 1.50838
5834.9 1.35057
5836.43 1.25159
5837.96 1.37482
5839.49 1.38621
5841.02 1.32373
5842.55 1.32554
5844.08 1.21876
5845.61 1.28706
5847.14 1.35326
5848.67 1.29012
5850.2 1.31437
5851.73 1.39246
5853.26 1.26898
5854.79 1.26984
5856.32 1.28359
5857.85 1.37879
5859.38 1.3804
5860.91 1.36643
5862.44 1.39143
5863.97 1.38773
5865.5 1.29345
5867.03 1.40965
5868.56 1.36287
5870.09 1.34062
5871.62 1.35043
5873.15 1.36015
5874.68 1.33959
5876.21 1.35979
5877.74 1.44085
5879.27 1.34201
5880.8 1.3524
5882.33 1.33568
5883.86 1.18551
5885.39 1.086
5886.92 1.31293
5888.45 1.34487
5889.98 1.27192
5891.51 1.47618
5893.04 1.29337
5894.57 1.16353
5896.1 1.22392
5897.63 1.21962
5899.16 1.21412
5900.69 1.22092
5902.22 1.23548
5903.75 1.14409
5905.28 1.20287
5906.81 1.22762
5908.34 1.28517
5909.87 1.33309
5911.4 1.30998
5912.93 1.36323
5914.46 1.33329
5915.99 1.2764
5917.52 1.29106
5919.05 1.37104
5920.58 1.29854
5922.11 1.32031
5923.64 1.34145
5925.17 1.33365
5926.7 1.34345
5928.23 1.26306
5929.76 1.31509
5931.29 1.29981
5932.82 1.32409
5934.35 1.41529
5935.88 1.33109
5937.41 1.27742
5938.94 1.29726
5940.47 1.33109
5942.0 1.28284
5943.53 1.2479
5945.06 1.21203
5946.59 1.27976
5948.12 1.39157
5949.65 1.41879
5951.18 1.3472
5952.71 1.38637
5954.24 1.38101
5955.77 1.40859
5957.3 1.3864
5958.83 1.22348
5960.36 1.27115
5961.89 1.21751
5963.42 1.1842
5964.95 1.32056
5966.48 1.29965
5968.01 1.29076
5969.54 1.36784
5971.07 1.4451
5972.6 1.48871
5974.13 1.37001
5975.66 1.41412
5977.19 1.41871
5978.72 1.36598
5980.25 1.37923
5981.78 1.43029
5983.31 1.34629
5984.84 1.36479
5986.37 1.32845
5987.9 1.27923
5989.43 1.26201
5990.96 1.28051
5992.49 1.30895
5994.02 1.3317
5995.55 1.28212
5997.08 1.28915
5998.61 1.38912
6000.14 1.3554
6001.67 1.26579
6003.2 1.27106
6004.73 1.32518
6006.26 1.31998
6007.79 1.27054
6009.32 1.30323
6010.85 1.33656
6012.38 1.41534
6013.91 1.42207
6015.44 1.41068
6016.97 1.38287
6018.5 1.27231
6020.03 1.24965
6021.56 1.32068
6023.09 1.38276
6024.62 1.34132
6026.15 1.33398
6027.68 1.35968
6029.21 1.30295
6030.74 1.2537
6032.27 1.23973
6033.8 1.28587
6035.33 1.30029
6036.86 1.30084
6038.39 1.35368
6039.92 1.2839
6041.45 1.21523
6042.98 1.31623
6044.51 1.38371
6046.04 1.31229
6047.57 1.26931
6049.1 1.25273
6050.63 1.23892
6052.16 1.28354
6053.69 1.31876
6055.22 1.3684
6056.75 1.37812
6058.28 1.25581
6059.81 1.21153
6061.34 1.25567
6062.87 1.18534
6064.4 1.20242
6065.93 1.33893
6067.46 1.29059
6068.99 1.16595
6070.52 1.21881
6072.05 1.29365
6073.58 1.23048
6075.11 1.27381
6076.64 1.28551
6078.17 1.31554
6079.7 1.34115
6081.23 1.31051
6082.76 1.33181
6084.29 1.34651
6085.82 1.32701
6087.35 1.32095
6088.88 1.28781
6090.41 1.27487
6091.94 1.26245
6093.47 1.29906
6095.0 1.27462
6096.53 1.21617
6098.06 1.23903
6099.59 1.22859
6101.12 1.16445
6102.65 1.22106
6104.18 1.29873
6105.71 1.22423
6107.24 1.28562
6108.77 1.39729
6110.3 1.27951
6111.83 1.18398
6113.36 1.2487
6114.89 1.26048
6116.42 1.30431
6117.95 1.37607
6119.48 1.33676
6121.01 1.2759
6122.54 1.22023
6124.07 1.25348
6125.6 1.25126
6127.13 1.22437
6128.66 1.24576
6130.19 1.19184
6131.72 1.25745
6133.25 1.34882
6134.78 1.27354
6136.31 1.18201
6137.84 1.20206
6139.37 1.20537
6140.9 1.25954
6142.43 1.26962
6143.96 1.22787
6145.49 1.20831
6147.02 1.21648
6148.55 1.21173
6150.08 1.25634
6151.61 1.27779
6153.14 1.22003
6154.67 1.2887
6156.2 1.32695
6157.73 1.25045
6159.26 1.20562
6160.79 1.24898
6162.32 1.18848
6163.85 1.17592
6165.38 1.25542
6166.91 1.23912
6168.44 1.2677
6169.97 1.25937
6171.5 1.23937
6173.03 1.33304
6174.56 1.3864
6176.09 1.30129
6177.62 1.26931
6179.15 1.28184
6180.68 1.26117
6182.21 1.21159
6183.74 1.19192
6185.27 1.23159
6186.8 1.27437
6188.33 1.33304
6189.86 1.33945
6191.39 1.2789
6192.92 1.19037
6194.45 1.22859
6195.98 1.2802
6197.51 1.25995
6199.04 1.16237
6200.57 1.2132
6202.1 1.32568
6203.63 1.27112
6205.16 1.24195
6206.69 1.28315
6208.22 1.23726
6209.75 1.26959
6211.28 1.17423
6212.81 1.12028
6214.34 1.19848
6215.87 1.11067
6217.4 1.13095
6218.93 1.28579
6220.46 1.32431
6221.99 1.3682
6223.52 1.26095
6225.05 1.12603
6226.58 1.16728
6228.11 1.18292
6229.64 1.21409
6231.17 1.27726
6232.7 1.27906
6234.23 1.25709
6235.76 1.23898
6237.29 1.25487
6238.82 1.20376
6240.35 1.28429
6241.88 1.2434
6243.41 1.15898
6244.94 1.23842
6246.47 1.29726
6248.0 1.32479
6249.53 1.22484
6251.06 1.11678
6252.59 1.21339
6254.12 1.2272
6255.65 1.24037
6257.18 1.26645
6258.71 1.23209
6260.24 1.21937
6261.77 1.18251
6263.3 1.22837
6264.83 1.22417
6266.36 1.08656
6267.89 1.09647
6269.42 1.16314
6270.95 1.17059
6272.48 1.26348
6274.01 1.25284
6275.54 1.21142
6277.07 1.20578
6278.6 1.10056
6280.13 1.10636
6281.66 1.16795
6283.19 1.13803
6284.72 1.15587
6286.25 1.14825
6287.78 1.21248
6289.31 1.16167
6290.84 1.18712
6292.37 1.25728
6293.9 1.25962
6295.43 1.24606
6296.96 1.13153
6298.49 1.14217
6300.02 1.27881
6301.55 1.18603
6303.08 1.19642
6304.61 1.22603
6306.14 1.11106
6307.67 1.14164
6309.2 1.20981
6310.73 1.20106
6312.26 1.22878
6313.79 1.17548
6315.32 1.1165
6316.85 1.10259
6318.38 1.132
6319.91 1.23995
6321.44 1.21328
6322.97 1.14539
6324.5 1.1217
6326.03 1.18981
6327.56 1.2392
6329.09 1.21706
6330.62 1.21206
6332.15 1.21698
6333.68 1.22262
6335.21 1.15337
6336.74 1.10414
6338.27 1.21481
6339.8 1.21226
6341.33 1.16262
6342.86 1.19714
6344.39 1.18678
6345.92 1.16967
6347.45 1.1982
6348.98 1.17792
6350.51 1.21809
6352.04 1.22356
6353.57 1.18717
6355.1 1.19084
6356.63 1.17559
6358.16 1.20217
6359.69 1.16825
6361.22 1.24028
6362.75 1.28862
6364.28 1.23401
6365.81 1.26684
6367.34 1.17976
6368.87 1.18139
6370.4 1.24884
6371.93 1.29726
6373.46 1.27473
6374.99 1.29059
6376.52 1.2389
6378.05 1.29698
6379.58 1.3292
6381.11 1.24976
6382.64 1.24287
6384.17 1.30804
6385.7 1.32215
6387.23 1.26987
6388.76 1.29134
6390.29 1.35404
6391.82 1.37143
6393.35 1.3489
6394.88 1.23617
6396.41 1.15614
6397.94 1.20709
6399.47 1.19862
6401.0 1.24703
6402.53 1.20678
6404.06 1.16784
6405.59 1.26256
6407.12 1.23906
6408.65 1.18228
6410.18 1.18842
6411.71 1.25373
6413.24 1.23492
6414.77 1.2212
6416.3 1.28004
6417.83 1.23028
6419.36 1.24367
6420.89 1.29906
6422.42 1.24848
6423.95 1.2272
6425.48 1.20026
6427.01 1.1237
6428.54 1.11031
6430.07 1.14289
6431.6 1.18512
6433.13 1.24001
6434.66 1.25253
6436.19 1.26331
6437.72 1.20745
6439.25 1.20353
6440.78 1.32337
6442.31 1.28445
6443.84 1.25353
6445.37 1.30284
6446.9 1.28467
6448.43 1.2422
6449.96 1.17398
6451.49 1.18659
6453.02 1.11331
6454.55 1.13836
6456.08 1.09492
6457.61 1.06128
6459.14 1.04997
6460.67 1.10717
6462.2 1.2412
6463.73 1.25134
6465.26 1.14017
6466.79 1.16753
6468.32 1.10839
6469.85 1.07967
6471.38 1.16998
6472.91 1.18587
6474.44 1.19292
6475.97 1.06417
6477.5 1.13142
6479.03 1.2572
6480.56 1.18989
6482.09 1.15748
6483.62 1.11739
6485.15 1.11831
6486.68 1.2334
6488.21 1.12231
6489.74 1.10998
6491.27 1.20353
6492.8 1.12686
6494.33 1.10242
6495.86 1.08767
6497.39 1.08945
6498.92 1.19873
6500.45 1.17059
6501.98 1.11239
6503.51 1.08511
6505.04 1.14164
6506.57 1.18956
6508.1 1.10498
6509.63 1.10517
6511.16 1.14092
6512.69 1.14889
6514.22 1.13764
6515.75 1.15953
6517.28 1.10345
6518.81 1.11517
6520.34 1.13973
6521.87 1.14162
6523.4 1.13478
6524.93 1.11261
6526.46 1.10534
6527.99 1.12159
6529.52 1.13286
6531.05 1.20417
6532.58 1.16828
6534.11 1.17225
6535.64 1.21437
6537.17 1.17359
6538.7 1.11806
6540.23 1.16617
6541.76 1.14406
6543.29 1.02386
6544.82 1.0372
6546.35 1.11598
6547.88 1.11109
6549.41 1.1097
6550.94 1.1192
6552.47 1.17845
6554.0 1.16773
6555.53 1.14048
6557.06 1.09817
6558.59 1.16956
6560.12 1.20245
6561.65 1.09084
6563.18 1.10856
6564.71 1.06886
6566.24 1.08236
6567.77 1.13798
6569.3 1.144
6570.83 1.11795
6572.36 1.14806
6573.89 1.14423
6575.42 1.145
6576.95 1.13753
6578.48 1.14342
6580.01 1.15009
6581.54 1.19414
6583.07 1.22612
6584.6 1.14389
6586.13 1.16328
6587.66 1.10578
6589.19 1.05361
6590.72 1.15075
6592.25 1.10489
6593.78 1.14353
6595.31 1.17248
6596.84 1.08306
6598.37 1.00247
6599.9 1.08372
6601.43 1.12556
6602.96 1.13353
6604.49 1.15895
6606.02 1.19778
6607.55 1.19328
6609.08 1.0802
6610.61 1.08225
6612.14 1.10892
6613.67 1.12945
6615.2 1.08528
6616.73 1.12011
6618.26 1.11259
6619.79 1.06695
6621.32 1.12061
6622.85 1.19912
6624.38 1.1075
6625.91 1.09025
6627.44 1.10017
6628.97 1.10584
6630.5 1.11667
6632.03 1.12303
6633.56 1.13311
6635.09 1.07481
6636.62 1.07534
6638.15 1.07936
6639.68 1.06181
6641.21 1.04258
6642.74 0.99864
6644.27 1.09036
6645.8 1.10392
6647.33 1.048
6648.86 1.06106
6650.39 1.04178
6651.92 1.06522
6653.45 1.0895
6654.98 1.09292
6656.51 1.09081
6658.04 1.11259
6659.57 1.07509
6661.1 1.06753
6662.63 1.13228
6664.16 1.13039
6665.69 1.14934
6667.22 1.13031
6668.75 1.04053
6670.28 1.02983
6671.81 1.13048
6673.34 1.09422
6674.87 1.07878
6676.4 1.10761
6677.93 1.07942
6679.46 1.13934
6680.99 1.13998
6682.52 1.09314
6684.05 1.07709
6685.58 1.05356
6687.11 1.09184
6688.64 1.2272
6690.17 1.22128
6691.7 1.12706
6693.23 1.06453
6694.76 1.04295
6696.29 1.04706
6697.82 1.04303
6699.35 1.02003
6700.88 1.072
6702.41 1.10045
6703.94 1.03681
6705.47 1.00242
6707.0 1.05553
6708.53 1.0512
6710.06 1.033
6711.59 1.09806
6713.12 1.132
6714.65 1.12484
6716.18 1.09267
6717.71 1.13081
6719.24 1.09042
6720.77 1.00711
6722.3 1.03022
6723.83 1.0815
6725.36 1.08653
6726.89 1.06211
6728.42 1.07622
6729.95 1.09778
6731.48 1.08556
6733.01 1.09564
6734.54 1.06967
6736.07 1.05964
6737.6 1.10034
6739.13 1.06672
6740.66 1.02592
6742.19 1.02117
6743.72 1.05525
6745.25 1.07886
6746.78 1.14234
6748.31 1.1242
6749.84 1.05142
6751.37 1.05117
6752.9 1.11003
6754.43 1.10198
6755.96 1.08617
6757.49 1.08528
6759.02 1.06547
6760.55 1.0597
6762.08 1.04947
6763.61 1.04542
6765.14 1.12153
6766.67 1.15745
6768.2 1.04736
6769.73 1.02833
6771.26 1.07809
6772.79 1.07242
6774.32 1.06786
6775.85 1.06592
6777.38 1.08225
6778.91 1.07006
6780.44 1.04047
6781.97 1.06984
6783.5 1.06878
6785.03 1.03275
6786.56 1.05658
6788.09 1.04128
6789.62 1.02017
6791.15 1.07828
6792.68 1.07595
6794.21 1.03625
6795.74 1.03931
6797.27 1.06339
6798.8 1.07506
6800.33 1.08528
6801.86 1.07145
6803.39 1.02606
6804.92 1.06103
6806.45 1.0947
6807.98 1.0727
6809.51 1.05892
6811.04 1.05861
6812.57 1.00136
6814.1 0.9758
6815.63 1.069
6817.16 1.12211
6818.69 1.09925
6820.22 1.06489
6821.75 1.0717
6823.28 1.06267
6824.81 1.09942
6826.34 1.09464
6827.87 1.05556
6829.4 1.05614
6830.93 1.00628
6832.46 1.03545
6833.99 1.081
6835.52 1.09036
6837.05 1.062
6838.58 1.07406
6840.11 1.08878
6841.64 1.06659
6843.17 1.03445
6844.7 0.99136
6846.23 1.02489
6847.76 1.03836
6849.29 0.98567
6850.82 0.94917
6852.35 0.98144
6853.88 1.03506
6855.41 1.05733
6856.94 1.04814
6858.47 1.0677
6860.0 1.0662
6861.53 1.00933
6863.06 1.04642
6864.59 0.95014
6866.12 0.75088
6867.65 0.7226
6869.18 0.70863
6870.71 0.71941
6872.24 0.73785
6873.77 0.73874
6875.3 0.79422
6876.83 0.83655
6878.36 0.83658
6879.89 0.94361
6881.42 1.0115
6882.95 0.93483
6884.48 0.88858
6886.01 0.84808
6887.54 0.80274
6889.07 0.79763
6890.6 0.85844
6892.13 0.89677
6893.66 0.89466
6895.19 0.87455
6896.72 0.90203
6898.25 0.94017
6899.78 0.87822
6901.31 0.85766
6902.84 0.94911
6904.37 1.004
6905.9 0.97728
6907.43 0.93944
6908.96 0.929
6910.49 0.8888
6912.02 0.87925
6913.55 0.91247
6915.08 1.03906
6916.61 0.97036
6918.14 0.87586
6919.67 0.94908
6921.2 0.95436
6922.73 0.934
6924.26 0.99403
6925.79 1.01425
6927.32 0.955
6928.85 0.91897
6930.38 0.92689
6931.91 0.97669
6933.44 0.98336
6934.97 0.9465
6936.5 1.01042
6938.03 0.99572
6939.56 0.933
6941.09 0.96047
6942.62 1.00722
6944.15 0.97897
6945.68 0.92889
6947.21 0.94111
6948.74 0.94211
6950.27 0.93333
6951.8 0.9738
6953.33 0.98906
6954.86 0.96822
6956.39 0.94155
6957.92 0.97283
6959.45 0.98042
6960.98 0.97961
6962.51 1.02108
6964.04 1.03795
6965.57 1.04875
6967.1 0.97547
6968.63 0.95244
6970.16 1.02772
6971.69 1.04114
6973.22 0.93425
6974.75 0.8905
6976.28 0.974
6977.81 0.96664
6979.34 0.92739
6980.87 0.97678
6982.4 0.96842
6983.93 0.94214
6985.46 0.95992
6986.99 0.92675
6988.52 0.88336
6990.05 0.92747
6991.58 1.02708
6993.11 0.9625
6994.64 0.9855
6996.17 0.97253
6997.7 0.88139
6999.23 0.9015
7000.76 0.98486
7002.29 1.00372
7003.82 1.00706
7005.35 1.01
7006.88 0.94283
7008.41 0.94747
7009.94 1.02875
7011.47 1.01942
7013.0 1.00844
7014.53 0.96258
7016.06 0.86
7017.59 0.94286
7019.12 0.94222
7020.65 0.94103
7022.18 1.03022
7023.71 1.01042
7025.24 0.94222
7026.77 0.93391
7028.3 0.9608
7029.83 0.95478
7031.36 0.97219
7032.89 0.96744
7034.42 0.94461
7035.95 0.94322
7037.48 0.88791
7039.01 0.84708
7040.54 0.87441
7042.07 0.91116
7043.6 0.97255
7045.13 1.04492
7046.66 0.97944
7048.19 0.88514
7049.72 0.88772
7051.25 0.88236
7052.78 0.86272
7054.31 0.97325
7055.84 1.01475
7057.37 0.9335
7058.9 0.94383
7060.43 0.99506
7061.96 0.97736
7063.49 0.90514
7065.02 0.86839
7066.55 0.93283
7068.08 0.94467
7069.61 0.89033
7071.14 0.94542
7072.67 0.9213
7074.2 0.90791
7075.73 0.92375
7077.26 0.87144
7078.79 0.93161
7080.32 0.95283
7081.85 0.87369
7083.38 0.85577
7084.91 0.94197
7086.44 0.93316
7087.97 0.89683
7089.5 0.86311
7091.03 0.82938
7092.56 0.89636
7094.09 0.95236
7095.62 0.91411
7097.15 0.8798
7098.68 0.90272
7100.21 0.92697
7101.74 0.94464
7103.27 0.97108
7104.8 0.95269
7106.33 0.92175
7107.86 0.94597
7109.39 0.89969
7110.92 0.89511
7112.45 0.89036
7113.98 0.90922
7115.51 0.88266
7117.04 0.86077
7118.57 0.848
7120.1 0.84841
7121.63 0.90275
7123.16 0.89186
7124.69 0.88097
7126.22 0.87177
7127.75 0.85683
7129.28 0.96967
7130.81 0.96675
7132.34 0.95655
7133.87 0.91758
7135.4 0.88233
7136.93 0.90322
7138.46 0.9675
7139.99 0.96197
7141.52 0.88855
7143.05 0.83788
7144.58 0.82927
7146.11 0.77694
7147.64 0.89205
7149.17 0.943
7150.7 0.84325
7152.23 0.87733
7153.76 0.89828
7155.29 0.86525
7156.82 0.83941
7158.35 0.86183
7159.88 0.87655
7161.41 0.90916
7162.94 0.94355
7164.47 0.86391
7166.0 0.7828
7167.53 0.82777
7169.06 0.842
7170.59 0.80858
7172.12 0.80702
7173.65 0.80633
7175.18 0.79727
7176.71 0.80758
7178.24 0.84227
7179.77 0.86633
7181.3 0.81224
7182.83 0.78186
7184.36 0.78666
7185.89 0.72024
7187.42 0.72769
7188.95 0.79405
7190.48 0.83061
7192.01 0.77983
7193.54 0.73799
7195.07 0.78694
7196.6 0.80574
7198.13 0.80469
7199.66 0.82416
7201.19 0.79244
7202.72 0.76735
7204.25 0.76563
7205.78 0.77585
7207.31 0.82491
7208.84 0.85541
7210.37 0.8905
7211.9 0.90553
7213.43 0.893
7214.96 0.95922
7216.49 0.92494
7218.02 0.86816
7219.55 0.95553
7221.08 0.95692
7222.61 0.87102
7224.14 0.89222
7225.67 0.9283
7227.2 0.85541
7228.73 0.83575
7230.26 0.85369
7231.79 0.86336
7233.32 0.81174
7234.85 0.79283
7236.38 0.88491
7237.91 0.969
7239.44 0.91805
7240.97 0.84402
7242.5 0.80761
7244.03 0.82497
7245.56 0.83147
7247.09 0.85669
7248.62 0.80819
7250.15 0.79694
7251.68 0.78436
7253.21 0.78616
7254.74 0.8425
7256.27 0.80369
7257.8 0.82955
7259.33 0.90111
7260.86 0.88314
7262.39 0.83019
7263.92 0.77647
7265.45 0.82061
7266.98 0.87616
7268.51 0.82516
7270.04 0.8428
7271.57 0.8715
7273.1 0.86961
7274.63 0.86827
7276.16 0.90872
7277.69 0.86719
7279.22 0.73502
7280.75 0.76516
7282.28 0.8498
7283.81 0.89069
7285.34 0.82783
7286.87 0.72733
7288.4 0.74969
7289.93 0.76424
7291.46 0.73569
7292.99 0.72599
7294.52 0.79061
7296.05 0.83288
7297.58 0.86891
7299.11 0.79563
7300.64 0.7248
7302.17 0.75852
7303.7 0.76069
7305.23 0.72255
7306.76 0.78388
7308.29 0.76772
7309.82 0.7468
7311.35 0.78674
7312.88 0.87005
7314.41 0.84138
7315.94 0.71369
7317.47 0.74805
7319.0 0.71296
7320.53 0.79591
7322.06 0.82058
7323.59 0.77177
7325.12 0.81733
7326.65 0.78494
7328.18 0.77008
7329.71 0.82847
7331.24 0.83138
7332.77 0.85391
7334.3 0.77769
7335.83 0.68894
7337.36 0.7658
7338.89 0.86347
7340.42 0.86483
7341.95 0.77999
7343.48 0.72305
7345.01 0.75688
7346.54 0.80949
7348.07 0.7543
7349.6 0.80202
7351.13 0.85247
7352.66 0.8138
7354.19 0.81363
7355.72 0.84316
7357.25 0.87241
7358.78 0.80449
7360.31 0.73205
7361.84 0.76119
7363.37 0.77524
7364.9 0.76863
7366.43 0.70774
7367.96 0.83497
7369.49 0.90411
7371.02 0.90058
7372.55 0.80902
7374.08 0.7408
7375.61 0.77452
7377.14 0.79836
7378.67 0.80211
7380.2 0.83644
7381.73 0.81897
7383.26 0.79924
7384.79 0.77574
7386.32 0.76663
7387.85 0.76463
7389.38 0.8228
7390.91 0.85619
7392.44 0.87727
7393.97 0.81583
7395.5 0.79058
7397.03 0.7828
7398.56 0.82086
7400.09 0.84666
7401.62 0.78416
7403.15 0.75827
7404.68 0.79536
7406.21 0.78333
7407.74 0.78563
7409.27 0.83475
7410.8 0.8563
7412.33 0.81324
7413.86 0.78116
7415.39 0.8265
7416.92 0.8363
7418.45 0.76541
7419.98 0.72771
7421.51 0.81183
7423.04 0.84261
7424.57 0.79994
7426.1 0.82013
7427.63 0.78069
7429.16 0.79969
7430.69 0.81988
7432.22 0.78666
7433.75 0.69644
7435.28 0.71238
7436.81 0.83352
7438.34 0.85925
7439.87 0.81286
7441.4 0.77588
7442.93 0.75016
7444.46 0.76191
7445.99 0.76794
7447.52 0.80005
7449.05 0.82772
7450.58 0.79186
7452.11 0.72574
7453.64 0.73877
7455.17 0.78413
7456.7 0.75155
7458.23 0.81272
7459.76 0.88752
7461.29 0.80369
7462.82 0.75163
7464.35 0.76908
7465.88 0.74619
7467.41 0.74527
7468.94 0.76783
7470.47 0.8203
7472.0 0.8243
7473.53 0.75099
7475.06 0.76183
7476.59 0.80624
7478.12 0.76855
7479.65 0.76358
7481.18 0.76655
7482.71 0.69882
7484.24 0.73488
7485.77 0.77163
7487.3 0.74324
7488.83 0.7081
7490.36 0.77919
7491.89 0.83561
7493.42 0.74885
7494.95 0.72852
7496.48 0.74694
7498.01 0.68427
7499.54 0.71327
7501.07 0.77824
7502.6 0.74241
7504.13 0.72758
7505.66 0.82527
7507.19 0.82486
7508.72 0.78902
7510.25 0.78588
7511.78 0.76872
7513.31 0.76616
7514.84 0.77366
7516.37 0.81624
7517.9 0.82011
7519.43 0.76633
7520.96 0.77974
7522.49 0.74741
7524.02 0.67832
7525.55 0.63482
7527.08 0.72219
7528.61 0.77033
7530.14 0.75033
7531.67 0.71944
7533.2 0.75274
7534.73 0.83147
7536.26 0.74347
7537.79 0.73499
7539.32 0.69135
7540.85 0.75188
7542.38 0.78563
7543.91 0.75727
7545.44 0.74513
7546.97 0.73158
7548.5 0.74522
7550.03 0.75799
7551.56 0.78336
7553.09 0.82372
7554.62 0.77302
7556.15 0.71624
7557.68 0.83041
7559.21 0.79788
7560.74 0.71005
7562.27 0.71005
7563.8 0.75255
7565.33 0.77424
7566.86 0.72544
7568.39 0.74033
7569.92 0.67819
7571.45 0.62574
7572.98 0.67352
7574.51 0.76466
7576.04 0.71677
7577.57 0.69071
7579.1 0.75522
7580.63 0.73844
7582.16 0.71763
7583.69 0.72149
7585.22 0.72955
7586.75 0.73121
7588.28 0.75899
7589.81 0.71927
7591.34 0.58013
7592.87 0.54807
7594.4 0.5121
7595.93 0.39826
7597.46 0.28679
7598.99 0.23091
7600.52 0.18694
7602.05 0.18972
7603.58 0.1515
7605.11 0.12662
7606.64 0.20476
7608.17 0.20467
7609.7 0.21665
7611.23 0.23957
7612.76 0.35098
7614.29 0.50101
7615.82 0.49268
7617.35 0.56088
7618.88 0.63888
7620.41 0.55218
7621.94 0.48074
7623.47 0.4709
7625.0 0.41221
7626.53 0.35609
7628.06 0.38726
7629.59 0.43748
7631.12 0.39729
7632.65 0.3604
7634.18 0.44107
7635.71 0.43901
7637.24 0.4039
7638.77 0.46857
7640.3 0.48265
7641.83 0.47607
7643.36 0.51426
7644.89 0.5181
7646.42 0.53401
7647.95 0.56646
7649.48 0.57571
7651.01 0.55935
7652.54 0.64652
7654.07 0.68163
7655.6 0.60635
7657.13 0.61257
7658.66 0.6746
7660.19 0.68941
7661.72 0.64516
7663.25 0.67774
7664.78 0.70335
7666.31 0.6781
7667.84 0.67882
7669.37 0.67455
7670.9 0.67541
7672.43 0.7076
7673.96 0.72916
7675.49 0.74427
7677.02 0.75033
7678.55 0.69482
7680.08 0.68996
7681.61 0.74488
7683.14 0.77769
7684.67 0.78447
7686.2 0.75802
7687.73 0.74502
7689.26 0.72799
7690.79 0.6811
7692.32 0.68007
7693.85 0.7273
7695.38 0.7378
7696.91 0.70063
7698.44 0.66257
7699.97 0.67205
7701.5 0.70871
7703.03 0.76016
7704.56 0.78791
7706.09 0.7513
7707.62 0.8193
7709.15 0.84955
7710.68 0.76527
7712.21 0.70671
7713.74 0.70627
7715.27 0.80263
7716.8 0.73149
7718.33 0.66341
7719.86 0.70574
7721.39 0.75547
7722.92 0.71177
7724.45 0.62549
7725.98 0.68996
7727.51 0.70235
7729.04 0.70666
7730.57 0.71208
7732.1 0.70591
7733.63 0.69377
7735.16 0.65493
7736.69 0.70635
7738.22 0.66969
7739.75 0.69563
7741.28 0.73558
7742.81 0.66846
7744.34 0.71433
7745.87 0.81333
7747.4 0.88977
7748.93 0.75608
7750.46 0.60466
7751.99 0.7286
7753.52 0.76838
7755.05 0.7616
7756.58 0.71858
7758.11 0.67274
7759.64 0.77222
7761.17 0.84588
7762.7 0.7478
7764.23 0.71213
7765.76 0.72769
7767.29 0.69002
7768.82 0.61974
7770.35 0.63235
7771.88 0.73199
7773.41 0.74469
7774.94 0.69141
7776.47 0.62566
7778.0 0.63374
7779.53 0.66135
7781.06 0.71405
7782.59 0.67469
7784.12 0.70896
7785.65 0.67666
7787.18 0.65032
7788.71 0.72233
7790.24 0.8033
7791.77 0.78786
7793.3 0.83522
7794.83 0.7643
7796.36 0.6251
7797.89 0.69844
7799.42 0.69582
7800.95 0.65274
7802.48 0.72841
7804.01 0.7013
7805.54 0.69191
7807.07 0.76333
7808.6 0.77883
7810.13 0.6918
7811.66 0.71721
7813.19 0.73433
7814.72 0.71955
7816.25 0.83333
7817.78 0.81563
7819.31 0.68344
7820.84 0.62543
7822.37 0.63857
7823.9 0.60374
7825.43 0.6258
7826.96 0.63349
7828.49 0.66444
7830.02 0.71763
7831.55 0.69288
7833.08 0.69532
7834.61 0.68557
7836.14 0.61191
7837.67 0.61404
7839.2 0.74527
7840.73 0.72852
7842.26 0.64338
7843.79 0.60621
7845.32 0.56138
7846.85 0.64502
7848.38 0.76866
7849.91 0.77285
7851.44 0.71066
7852.97 0.65088
7854.5 0.70496
7856.03 0.7143
7857.56 0.6943
7859.09 0.73777
7860.62 0.77627
7862.15 0.76855
7863.68 0.6811
7865.21 0.66682
7866.74 0.71955
7868.27 0.6821
7869.8 0.62741
7871.33 0.5779
7872.86 0.55402
7874.39 0.59132
7875.92 0.6498
7877.45 0.6341
7878.98 0.60988
7880.51 0.65135
7882.04 0.58554
7883.57 0.56218
7885.1 0.59866
7886.63 0.58541
7888.16 0.63657
7889.69 0.6016
7891.22 0.61529
7892.75 0.70405
7894.28 0.68094
7895.81 0.65599
7897.34 0.70966
7898.87 0.69063
7900.4 0.64585
7901.93 0.66646
7903.46 0.65068
7904.99 0.62735
7906.52 0.68952
7908.05 0.8355
7909.58 0.82505
7911.11 0.6543
7912.64 0.64146
7914.17 0.7201
7915.7 0.69538
7917.23 0.66657
7918.76 0.62682
7920.29 0.66932
7921.82 0.65535
7923.35 0.66219
7924.88 0.68021
7926.41 0.69146
7927.94 0.6733
7929.47 0.7773
7931.0 0.7786
7932.53 0.64202
7934.06 0.64552
7935.59 0.74591
7937.12 0.71233
7938.65 0.66646
7940.18 0.70924
7941.71 0.67341
7943.24 0.66621
7944.77 0.74449
7946.3 0.80538
7947.83 0.75308
7949.36 0.6883
7950.89 0.74824
7952.42 0.63157
7953.95 0.61763
7955.48 0.69852
7957.01 0.70216
7958.54 0.72274
7960.07 0.78369
7961.6 0.8038
7963.13 0.87919
7964.66 0.85891
7966.19 0.73155
7967.72 0.77374
7969.25 0.86508
7970.78 0.80861
7972.31 0.71849
7973.84 0.69235
7975.37 0.68724
7976.9 0.68435
7978.43 0.73299
7979.96 0.73241
7981.49 0.67521
7983.02 0.70405
7984.55 0.74697
7986.08 0.6733
7987.61 0.67299
7989.14 0.75027
7990.67 0.74847
7992.2 0.7953
7993.73 0.81597
7995.26 0.78647
7996.79 0.74941
7998.32 0.74572
7999.85 0.75783
8001.38 0.75172
8002.91 0.74369
8004.44 0.76308
8005.97 0.77505
8007.5 0.77916
8009.03 0.79738
8010.56 0.75255
8012.09 0.73985
8013.62 0.68588
8015.15 0.70921
8016.68 0.70141
8018.21 0.7008
8019.74 0.74908
8021.27 0.78313
8022.8 0.75147
8024.33 0.74402
8025.86 0.78591
8027.39 0.74402
8028.92 0.68821
8030.45 0.69324
8031.98 0.74599
8033.51 0.86164
8035.04 0.84097
8036.57 0.72599
8038.1 0.74633
8039.63 0.75322
8041.16 0.68527
8042.69 0.74169
8044.22 0.78102
8045.75 0.77802
8047.28 0.87186
8048.81 0.87358
8050.34 0.79111
8051.87 0.8468
8053.4 0.88994
8054.93 0.80694
8056.46 0.78241
8057.99 0.80788
8059.52 0.8413
8061.05 0.82213
8062.58 0.81083
8064.11 0.83038
8065.64 0.76038
8067.17 0.78205
8068.7 0.89658
8070.23 0.83044
8071.76 0.79238
8073.29 0.86164
8074.82 0.86189
8076.35 0.82697
8077.88 0.84616
8079.41 0.861
8080.94 0.81961
8082.47 0.84658
8084.0 0.89839
8085.53 0.8763
8087.06 0.86614
8088.59 0.87141
8090.12 0.80649
8091.65 0.81219
8093.18 0.86969
8094.71 0.9033
8096.24 0.89919
8097.77 0.87366
8099.3 0.85486
8100.83 0.87975
8102.36 0.85377
8103.89 0.78197
8105.42 0.86394
8106.95 0.89978
8108.48 0.84047
8110.01 0.7938
8111.54 0.81083
8113.07 0.84852
8114.6 0.86975
8116.13 0.82075
8117.66 0.82955
8119.19 0.85663
8120.72 0.83322
8122.25 0.73441
8123.78 0.80952
8125.31 0.89953
8126.84 0.81219
8128.37 0.82811
8129.9 0.90253
8131.43 0.89025
8132.96 0.79988
8134.49 0.78061
8136.02 0.84877
8137.55 0.846
8139.08 0.83669
8140.61 0.79397
8142.14 0.75055
8143.67 0.7328
8145.2 0.74041
8146.73 0.73902
8148.26 0.74824
8149.79 0.75844
8151.32 0.82186
8152.85 0.79186
8154.38 0.78069
8155.91 0.83033
8157.44 0.79319
8158.97 0.73255
8160.5 0.69702
8162.03 0.70788
8163.56 0.74424
8165.09 0.73385
8166.62 0.71538
8168.15 0.68794
8169.68 0.70988
8171.21 0.78211
8172.74 0.75752
8174.27 0.68957
8175.8 0.7406
8177.33 0.73263
8178.86 0.71144
8180.39 0.67146
8181.92 0.66741
8183.45 0.75969
8184.98 0.70338
8186.51 0.65388
8188.04 0.6273
8189.57 0.63346
8191.1 0.67732
8192.63 0.77277
8194.16 0.8123
8195.69 0.78419
8197.22 0.6718
8198.75 0.58888
8200.28 0.64302
8201.81 0.66557
8203.34 0.6538
8204.87 0.67971
8206.4 0.70202
8207.93 0.70188
8209.46 0.70896
8210.99 0.70602
8212.52 0.72569
8214.05 0.76074
8215.58 0.7096
8217.11 0.68624
8218.64 0.72955
8220.17 0.67099
8221.7 0.61485
8223.23 0.63777
8224.76 0.61135
8226.29 0.52696
8227.82 0.4526
8229.35 0.50029
8230.88 0.54179
8232.41 0.58382
8233.94 0.61702
8235.47 0.59652
8237.0 0.61199
8238.53 0.65374
8240.06 0.66607
8241.59 0.67946
8243.12 0.62007
8244.65 0.62066
8246.18 0.69207
8247.71 0.69535
8249.24 0.64116
8250.77 0.67469
8252.3 0.7083
8253.83 0.69355
8255.36 0.67544
8256.89 0.62293
8258.42 0.60538
8259.95 0.63171
8261.48 0.65743
8263.01 0.61077
8264.54 0.66791
8266.07 0.75608
8267.6 0.69519
8269.13 0.66232
8270.66 0.57454
8272.19 0.58371
8273.72 0.61874
8275.25 0.6518
8276.78 0.59988
8278.31 0.57335
8279.84 0.51985
8281.37 0.62388
8282.9 0.73444
8284.43 0.76324
8285.96 0.70444
8287.49 0.58643
8289.02 0.67169
8290.55 0.79261
8292.08 0.59257
8293.61 0.57138
8295.14 0.62943
8296.67 0.72641
8298.2 0.75519
8299.73 0.7021
8301.26 0.81027
8302.79 0.77735
8304.32 0.68105
8305.85 0.69266
8307.38 0.70158
8308.91 0.68302
8310.44 0.59482
8311.97 0.55354
8313.5 0.64474
8315.03 0.62346
8316.56 0.56532
8318.09 0.60482
8319.62 0.68416
8321.15 0.71705
8322.68 0.71908
8324.21 0.71827
8325.74 0.68449
8327.27 0.63474
8328.8 0.67424
8330.33 0.69702
8331.86 0.73871
8333.39 0.6896
8334.92 0.6743
8336.45 0.71069
8337.98 0.72685
8339.51 0.79674
8341.04 0.81997
8342.57 0.66635
8344.1 0.72074
8345.63 0.77297
8347.16 0.69763
8348.69 0.76433
8350.22 0.63693
8351.75 0.52765
8353.28 0.60646
8354.81 0.74908
8356.34 0.75522
8357.87 0.66599
8359.4 0.6593
8360.93 0.64874
8362.46 0.71763
8363.99 0.74116
8365.52 0.6638
8367.05 0.63543
8368.58 0.59635
8370.11 0.63146
8371.64 0.7173
8373.17 0.76366
8374.7 0.7166
8376.23 0.67227
8377.76 0.77738
8379.29 0.79194
8380.82 0.6893
8382.35 0.6691
8383.88 0.70627
8385.41 0.68396
8386.94 0.7011
8388.47 0.75341
8390.0 0.72069
8391.53 0.69007
8393.06 0.74327
8394.59 0.81805
8396.12 0.75949
8397.65 0.52357
8399.18 0.4544
8400.71 0.54232
8402.24 0.51946
8403.77 0.57954
8405.3 0.66688
8406.83 0.69088
8408.36 0.68952
8409.89 0.76008
8411.42 0.73374
8412.95 0.74138
8414.48 0.71849
8416.01 0.50876
8417.54 0.58241
8419.07 0.66346
8420.6 0.72263
8422.13 0.75435
8423.66 0.77997
8425.19 0.78016
8426.72 0.76902
8428.25 0.70941
8429.78 0.66685
8431.31 0.72116
8432.84 0.75024
8434.37 0.80127
8435.9 0.78466
8437.43 0.69949
8438.96 0.72038
8440.49 0.69541
8442.02 0.6706
8443.55 0.73499
8445.08 0.80505
8446.61 0.73563
8448.14 0.68491
8449.67 0.70899
8451.2 0.70796
8452.73 0.63241
8454.26 0.64105
8455.79 0.60182
8457.32 0.70421
8458.85 0.7081
8460.38 0.70988
8461.91 0.77205
8463.44 0.74405
8464.97 0.67627
8466.5 0.61432
8468.03 0.71196
8469.56 0.67616
8471.09 0.71171
8472.62 0.74433
8474.15 0.6491
8475.68 0.68521
8477.21 0.71558
8478.74 0.72055
8480.27 0.69638
8481.8 0.71544
8483.33 0.71769
8484.86 0.65907
8486.39 0.64685
8487.92 0.61754
8489.45 0.62202
8490.98 0.68613
8492.51 0.63018
8494.04 0.67038
8495.57 0.7458
8497.1 0.75735
8498.63 0.76113
8500.16 0.79497
8501.69 0.79436
8503.22 0.78316
8504.75 0.75624
8506.28 0.81947
8507.81 0.84875
8509.34 0.75885
8510.87 0.67613
8512.4 0.67135
8513.93 0.74341
8515.46 0.70902
8516.99 0.64466
8518.52 0.67605
8520.05 0.69291
8521.58 0.72385
8523.11 0.74927
8524.64 0.70874
8526.17 0.69332
8527.7 0.71894
8529.23 0.69332
8530.76 0.66855
8532.29 0.70641
8533.82 0.71969
8535.35 0.65813
8536.88 0.62082
8538.41 0.63624
8539.94 0.62102
8541.47 0.62693
8543.0 0.65738
8544.53 0.70846
8546.06 0.78699
8547.59 0.70791
8549.12 0.60568
8550.65 0.66057
8552.18 0.61721
8553.71 0.61718
8555.24 0.76149
8556.77 0.74466
8558.3 0.65785
8559.83 0.63477
8561.36 0.64218
8562.89 0.7241
8564.42 0.71608
8565.95 0.67388
8567.48 0.71388
8569.01 0.7166
8570.54 0.61663
8572.07 0.67932
8573.6 0.73877
8575.13 0.71346
8576.66 0.63085
8578.19 0.65391
8579.72 0.63124
8581.25 0.66055
8582.78 0.69755
8584.31 0.65607
8585.84 0.71371
8587.37 0.69357
8588.9 0.6651
8590.43 0.68824
8591.96 0.69721
8593.49 0.70658
8595.02 0.75438
8596.55 0.64502
8598.08 0.64291
8599.61 0.79055
8601.14 0.70816
8602.67 0.67763
8604.2 0.69749
8605.73 0.65374
8607.26 0.63588
8608.79 0.70808
8610.32 0.6898
8611.85 0.69038
8613.38 0.65155
8614.91 0.66285
8616.44 0.76288
8617.97 0.76944
8619.5 0.7663
8621.03 0.69791
8622.56 0.7086
8624.09 0.79655
8625.62 0.77044
8627.15 0.65968
8628.68 0.63955
8630.21 0.78297
8631.74 0.81391
8633.27 0.71649
8634.8 0.7018
8636.33 0.68591
8637.86 0.59604
8639.39 0.65991
8640.92 0.77019
8642.45 0.73135
8643.98 0.7641
8645.51 0.74733
8647.04 0.68521
8648.57 0.7386
8650.1 0.72152
8651.63 0.83072
8653.16 0.7738
8654.69 0.64388
8656.22 0.71058
8657.75 0.76119
8659.28 0.7713
8660.81 0.69916
8662.34 0.64882
8663.87 0.71252
8665.4 0.78397
8666.93 0.76524
8668.46 0.6203
8669.99 0.61299
8671.52 0.72341
8673.05 0.67755
8674.58 0.52143
8676.11 0.52235
8677.64 0.6538
8679.17 0.71999
8680.7 0.73791
8682.23 0.69766
8683.76 0.66385
8685.29 0.62999
8686.82 0.61296
8688.35 0.65691
8689.88 0.70746
8691.41 0.67471
8692.94 0.67644
8694.47 0.72094
8696.0 0.64602
8697.53 0.70005
8699.06 0.75244
8700.59 0.70094
8702.12 0.70321
8703.65 0.66749
8705.18 0.68169
8706.71 0.72669
8708.24 0.71555
8709.77 0.71274
8711.3 0.64905
8712.83 0.65338
8714.36 0.74208
8715.89 0.70052
8717.42 0.67452
8718.95 0.68241
8720.48 0.64621
8722.01 0.63768
8723.54 0.64341
8725.07 0.60777
8726.6 0.64105
8728.13 0.70566
8729.66 0.66905
8731.19 0.64646
8732.72 0.67866
8734.25 0.68907
8735.78 0.68691
8737.31 0.71805
8738.84 0.73888
8740.37 0.67852
8741.9 0.65416
8743.43 0.60624
8744.96 0.62966
8746.49 0.65593
8748.02 0.58852
8749.55 0.56374
8751.08 0.56513
8752.61 0.58599
8754.14 0.58504
8755.67 0.63602
8757.2 0.7333
8758.73 0.54485
8760.26 0.47379
8761.79 0.66224
8763.32 0.73291
8764.85 0.7016
8766.38 0.62035
8767.91 0.5936
8769.44 0.58124
8770.97 0.54449
8772.5 0.56107
8774.03 0.61285
8775.56 0.72774
8777.09 0.68157
8778.62 0.55474
8780.15 0.63724
8781.68 0.58185
8783.21 0.61541
8784.74 0.64735
8786.27 0.64363
8787.8 0.72644
8789.33 0.72716
8790.86 0.63516
8792.39 0.5981
8793.92 0.67316
8795.45 0.66985
8796.98 0.65263
8798.51 0.62955
8800.04 0.63555
8801.57 0.66257
8803.1 0.70283
8804.63 0.65049
8806.16 0.66085
8807.69 0.68755
8809.22 0.63638
8810.75 0.61013
8812.28 0.64074
8813.81 0.65741
8815.34 0.60485
8816.87 0.65471
8818.4 0.73783
8819.93 0.70566
8821.46 0.81652
8822.99 0.88769
8824.52 0.7638
8826.05 0.71235
8827.58 0.5611
8829.11 0.50665
8830.64 0.60507
8832.17 0.64016
8833.7 0.67127
8835.23 0.5011
8836.76 0.44176
8838.29 0.57157
8839.82 0.61574
8841.35 0.6466
8842.88 0.66724
8844.41 0.60849
8845.94 0.62535
8847.47 0.7163
8849.0 0.71158
8850.53 0.66591
8852.06 0.65285
8853.59 0.67166
8855.12 0.63752
8856.65 0.65293
8858.18 0.6518
8859.71 0.62905
8861.24 0.60121
8862.77 0.6626
8864.3 0.69513
8865.83 0.54027
8867.36 0.50824
8868.89 0.53054
8870.42 0.49804
8871.95 0.57424
8873.48 0.63207
8875.01 0.65377
8876.54 0.6511
8878.07 0.61966
8879.6 0.60713
8881.13 0.72471
8882.66 0.79258
8884.19 0.65368
8885.72 0.58079
8887.25 0.51129
8888.78 0.62668
8890.31 0.6993
8891.84 0.66449
8893.37 0.65693
8894.9 0.64949
8896.43 0.6766
8897.96 0.75044
8899.49 0.79874
8901.02 0.73419
8902.55 0.70399
8904.08 0.68891
8905.61 0.80152
8907.14 0.74874
8908.67 0.68057
8910.2 0.61179
8911.73 0.66341
8913.26 0.71738
8914.79 0.80605
8916.32 0.8448
8917.85 0.6041
8919.38 0.63352
8920.91 0.85547
8922.44 0.70599
8923.97 0.55571
8925.5 0.62616
8927.03 0.7476
8928.56 0.66496
8930.09 0.59779
8931.62 0.71627
8933.15 0.72935
8934.68 0.73858
8936.21 0.73477
8937.74 0.65949
8939.27 0.7308
8940.8 0.79402
8942.33 0.75147
8943.86 0.71683
8945.39 0.78969
8946.92 0.73602
8948.45 0.71252
8949.98 0.74213
8951.51 0.73702
8953.04 0.73269
8954.57 0.63882
8956.1 0.64682
8957.63 0.89269
8959.16 0.95458
8960.69 0.77444
8962.22 0.69955
8963.75 0.69857
8965.28 0.70763
8966.81 0.73438
8968.34 0.74263
8969.87 0.69838
8971.4 0.7023
8972.93 0.75494
8974.46 0.70705
8975.99 0.66863
8977.52 0.69377
8979.05 0.64616
8980.58 0.64777
8982.11 0.6943
8983.64 0.70827
8985.17 0.7503
8986.7 0.6928
8988.23 0.66977
8989.76 0.75285
8991.29 0.71496
8992.82 0.67385
8994.35 0.7343
8995.88 0.78597
8997.41 0.82136
8998.94 0.72313
9000.47 0.62693
9002.0 0.64582
9003.53 0.71291
9005.06 0.67896
9006.59 0.67777
9008.12 0.76774
9009.65 0.81194
9011.18 0.80188
9012.71 0.79841
9014.24 0.82997
9015.77 0.78427
9017.3 0.75902
9018.83 0.7823
9020.36 0.79844
9021.89 0.79274
9023.42 0.77391
9024.95 0.82627
9026.48 0.848
9028.01 0.78249
9029.54 0.80802
9031.07 0.89769
9032.6 0.94642
9034.13 0.99278
9035.66 0.9133
9037.19 0.87608
9038.72 0.95539
9040.25 0.997
9041.78 0.90894
9043.31 1.01556
9044.84 1.10795
9046.37 1.00297
9047.9 0.81502
9049.43 0.92291
9050.96 0.99533
9052.49 0.96192
9054.02 0.96736
9055.55 1.03786
9057.08 1.07936
9058.61 1.04183
9060.14 0.984
9061.67 0.93603
9063.2 0.9438
9064.73 0.96986
9066.26 0.98667
9067.79 0.99783
9069.32 1.0125
9070.85 0.92716
9072.38 0.87044
9073.91 0.89505
9075.44 0.92669
9076.97 0.91405
9078.5 0.82088
9080.03 0.78138
9081.56 0.84869
9083.09 0.90864
9084.62 0.91997
9086.15 0.94447
9087.68 0.87111
9089.21 0.78041
9090.74 0.80777
9092.27 0.92266
9093.8 0.93489
9095.33 0.87361
9096.86 0.87902
9098.39 0.8973
9099.92 0.93316
9101.45 0.91316
9102.98 0.83591
9104.51 0.81608
9106.04 0.79166
9107.57 0.7813
9109.1 0.77016
9110.63 0.76799
9112.16 0.89061
9113.69 0.94483
9115.22 0.84275
9116.75 0.74519
9118.28 0.72146
9119.81 0.78052
9121.34 0.9013
9122.87 0.94533
9124.4 0.87233
9125.93 0.85033
9127.46 0.81311
9128.99 0.74483
9130.52 0.73221
9132.05 0.70724
9133.58 0.69127
9135.11 0.71821
9136.64 0.71216
9138.17 0.69538
9139.7 0.73433
9141.23 0.79683
9142.76 0.78572
9144.29 0.79261
9145.82 0.7703
9147.35 0.74533
9148.88 0.7868
9150.41 0.77047
9151.94 0.70585
9153.47 0.73833
9155.0 0.73002
9156.53 0.72321
9158.06 0.70944
9159.59 0.65593
9161.12 0.76138
9162.65 0.84927
9164.18 0.78711
9165.71 0.73908
9167.24 0.77527
9168.77 0.77485
9170.3 0.76963
9171.83 0.73863
9173.36 0.63121
9174.89 0.66227
9176.42 0.65768
9177.95 0.64121
9179.48 0.65616
9181.01 0.6673
9182.54 0.67794
9184.07 0.63649
9185.6 0.62485
9187.13 0.6853
9188.66 0.7243
9190.19 0.71702
9191.72 0.70483
9193.25 0.71466
9194.78 0.6883
9196.31 0.65313
9197.84 0.69244
9199.37 0.81252
9200.9 0.83352
9202.43 0.76713
9203.96 0.7311
9205.49 0.67766
9207.02 0.63418
9208.55 0.64463
9210.08 0.64096
9211.61 0.64891
9213.14 0.67596
9214.67 0.69066
9216.2 0.62088
9217.73 0.66652
9219.26 0.75188
9220.79 0.78783
9222.32 0.76744
9223.85 0.70066
9225.38 0.7201
9226.91 0.70852
9228.44 0.7428
9229.97 0.77722
9231.5 0.74383
9233.03 0.7568
9234.56 0.73794
9236.09 0.60854
9237.62 0.58096
9239.15 0.71719
9240.68 0.75869
9242.21 0.72163
9243.74 0.72283
9245.27 0.72008
9246.8 0.78594
9248.33 0.84122
9249.86 0.829
9251.39 0.74566
9252.92 0.67591
9254.45 0.66999
9255.98 0.70094
9257.51 0.73913
9259.04 0.70344
9260.57 0.66188
9262.1 0.72527
9263.63 0.7521
9265.16 0.67469
9266.69 0.63599
9268.22 0.62296
9269.75 0.67305
9271.28 0.67116
9272.81 0.64877
9274.34 0.62718
9275.87 0.5504
9277.4 0.54579
9278.93 0.54915
9280.46 0.53743
9281.99 0.53938
9283.52 0.55304
9285.05 0.52282
9286.58 0.50413
9288.11 0.56518
9289.64 0.55068
9291.17 0.51585
9292.7 0.49951
9294.23 0.46499
9295.76 0.45835
9297.29 0.45265
9298.82 0.45846
9300.35 0.48926
9301.88 0.56727
9303.41 0.71746
9304.94 0.69096
9306.47 0.44421
9308.0 0.3402
9309.53 0.4531
9311.06 0.32068
9312.59 0.26877
9314.12 0.37534
9315.65 0.48454
9317.18 0.31451
9318.71 0.46299
9320.24 0.4364
9321.77 0.3767
9323.3 0.42335
9324.83 0.39059
9326.36 0.55179
9327.89 0.54229
9329.42 0.49796
9330.95 0.51379
9332.48 0.62838
9334.01 0.6341
9335.54 0.57318
9337.07 0.59274
9338.6 0.65332
9340.13 0.58602
9341.66 0.43273
9343.19 0.37126
9344.72 0.36045
9346.25 0.51038
9347.78 0.59743
9349.31 0.60663
9350.84 0.5631
9352.37 0.45021
9353.9 0.3269
9355.43 0.31148
9356.96 0.34765
9358.49 0.38687
9360.02 0.40698
9361.55 0.47951
9363.08 0.52268
9364.61 0.47701
9366.14 0.41115
9367.67 0.34598
9369.2 0.38946
9370.73 0.42704
9372.26 0.38926
9373.79 0.35334
9375.32 0.25219
9376.85 0.33165
9378.38 0.37076
9379.91 0.32309
9381.44 0.33668
9382.97 0.34118
9384.5 0.36034
9386.03 0.43012
9387.56 0.45526
9389.09 0.46099
9390.62 0.48524
9392.15 0.54182
9393.68 0.55382
9395.21 0.51818
9396.74 0.58318
9398.27 0.56418
9399.8 0.47237
9401.33 0.44123
9402.86 0.37409
9404.39 0.37076
9405.92 0.48907
9407.45 0.51401
9408.98 0.43798
9410.51 0.42893
9412.04 0.4669
9413.57 0.50935
9415.1 0.57627
9416.63 0.63482
9418.16 0.47804
9419.69 0.38082
9421.22 0.43615
9422.75 0.40651
9424.28 0.41971
9425.81 0.38871
9427.34 0.34015
9428.87 0.34351
9430.4 0.39704
9431.93 0.4886
9433.46 0.61071
9434.99 0.68696
9436.52 0.55315
9438.05 0.28473
9439.58 0.16204
9441.11 0.14793
9442.64 0.28998
9444.17 0.31973
9445.7 0.41893
9447.23 0.52193
9448.76 0.5446
9450.29 0.51807
9451.82 0.46635
9453.35 0.42462
9454.88 0.48337
9456.41 0.59041
9457.94 0.5416
9459.47 0.44829
9461.0 0.29465
9462.53 0.38907
9464.06 0.41476
9465.59 0.44815
9467.12 0.49296
9468.65 0.41557
9470.18 0.38018
9471.71 0.44646
9473.24 0.53507
9474.77 0.52038
9476.3 0.39432
9477.83 0.40332
9479.36 0.14737
9480.89 0.16136
9482.42 0.39918
9483.95 0.47471
9485.48 0.40496
9487.01 0.36382
9488.54 0.49932
9490.07 0.58174
9491.6 0.48674
9493.13 0.41265
9494.66 0.31812
9496.19 0.31029
9497.72 0.40526
9499.25 0.39807
9500.78 0.36826
9502.31 0.22067
9503.84 0.40621
9505.37 0.59416
9506.9 0.49757
9508.43 0.50171
9509.96 0.49135
9511.49 0.44171
9513.02 0.51174
9514.55 0.58585
9516.08 0.43857
9517.61 0.37682
9519.14 0.32751
9520.67 0.3367
9522.2 0.38196
9523.73 0.32512
9525.26 0.37895
9526.79 0.41465
9528.32 0.3547
9529.85 0.35551
9531.38 0.41787
9532.91 0.45412
9534.44 0.45196
9535.97 0.47235
9537.5 0.42993
9539.03 0.48976
9540.56 0.57846
9542.09 0.5116
9543.62 0.48879
9545.15 0.44515
9546.68 0.38662
9548.21 0.52707
9549.74 0.5154
9551.27 0.36851
9552.8 0.31712
9554.33 0.28181
9555.86 0.32231
9557.39 0.38918
9558.92 0.43885
9560.45 0.46262
9561.98 0.41854
9563.51 0.43765
9565.04 0.42904
9566.57 0.23102
9568.1 0.21168
9569.63 0.29629
9571.16 0.37304
9572.69 0.52965
9574.22 0.49187
9575.75 0.45437
9577.28 0.45662
9578.81 0.44535
9580.34 0.48746
9581.87 0.51843
9583.4 0.49332
9584.93 0.39118
9586.46 0.44096
9587.99 0.42204
9589.52 0.33584
9591.05 0.33206
9592.58 0.38076
9594.11 0.45046
9595.64 0.53363
9597.17 0.50829
9598.7 0.45887
9600.23 0.46007
9601.76 0.48054
9603.29 0.54635
9604.82 0.53421
9606.35 0.51471
9607.88 0.58566
9609.41 0.62863
9610.94 0.49957
9612.47 0.51263
9614.0 0.48785
9615.53 0.54213
9617.06 0.49701
9618.59 0.36048
9620.12 0.42482
9621.65 0.37862
9623.18 0.41282
9624.71 0.43468
9626.24 0.52915
9627.77 0.55852
9629.3 0.58327
9630.83 0.57846
9632.36 0.58002
9633.89 0.57782
9635.42 0.59679
9636.95 0.57321
9638.48 0.57277
9640.01 0.52299
9641.54 0.47962
9643.07 0.45698
9644.6 0.45637
9646.13 0.51601
9647.66 0.5246
9649.19 0.49654
9650.72 0.57299
9652.25 0.54065
9653.78 0.60841
9655.31 0.65963
9656.84 0.62818
9658.37 0.53779
9659.9 0.53121
9661.43 0.47279
9662.96 0.45557
9664.49 0.60377
9666.02 0.52332
9667.55 0.45104
9669.08 0.49257
9670.61 0.42223
9672.14 0.48271
9673.67 0.58685
9675.2 0.56677
9676.73 0.6353
9678.26 0.76988
9679.79 0.56779
9681.32 0.52615
9682.85 0.59824
9684.38 0.47635
9685.91 0.60993
9687.44 0.70649
9688.97 0.46746
9690.5 0.47685
9692.03 0.71727
9693.56 0.73313
9695.09 0.73513
9696.62 0.65413
9698.15 0.57796
9699.68 0.64782
9701.21 0.55174
9702.74 0.4814
9704.27 0.59641
9705.8 0.70749
9707.33 0.82097
9708.86 0.75397
9710.39 0.66146
9711.92 0.63746
9713.45 0.58229
9714.98 0.63549
9716.51 0.56349
9718.04 0.53176
9719.57 0.64163
9721.1 0.58927
9722.63 0.60204
9724.16 0.71344
9725.69 0.57702
9727.22 0.58927
9728.75 0.62713
9730.28 0.64863
9731.81 0.63549
9733.34 0.63977
9734.87 0.57429
9736.4 0.55446
9737.93 0.55693
9739.46 0.46532
9740.99 0.41107
9742.52 0.43982
9744.05 0.56374
9745.58 0.58285
9747.11 0.57029
9748.64 0.46224
9750.17 0.51963
9751.7 0.58368
9753.23 0.57096
9754.76 0.6691
9756.29 0.57902
9757.82 0.50443
9759.35 0.54393
9760.88 0.56404
9762.41 0.62785
9763.94 0.55229
9765.47 0.60893
9767.0 0.71677
9768.53 0.73613
9770.06 0.63435
9771.59 0.59441
9773.12 0.54138
9774.65 0.5439
9776.18 0.51926
9777.71 0.59296
9779.24 0.62799
9780.77 0.58888
9782.3 0.66055
9783.83 0.66802
9785.36 0.57729
9786.89 0.6478
9788.42 0.6393
9789.95 0.46229
9791.48 0.64146
9793.01 0.83475
9794.54 0.58313
9796.07 0.40701
9797.6 0.31362
9799.13 0.39132
9800.66 0.5274
9802.19 0.57807
9803.72 0.52651
9805.25 0.61685
9806.78 0.70224
9808.31 0.61577
9809.84 0.61429
9811.37 0.58496
9812.9 0.63807
9814.43 0.68227
9815.96 0.64141
9817.49 0.49354
9819.02 0.48076
9820.55 0.58388
9822.08 0.62652
9823.61 0.59177
9825.14 0.67357
9826.67 0.71999
9828.2 0.58327
9829.73 0.44232
9831.26 0.58454
9832.79 0.71183
9834.32 0.70666
9835.85 0.59499
9837.38 0.62407
9838.91 0.68646
9840.44 0.71894
9841.97 0.72696
9843.5 0.69816
9845.03 0.80836
9846.56 0.66105
9848.09 0.54563
9849.62 0.71977
9851.15 0.61899
9852.68 0.54063
9854.21 0.71116
9855.74 0.68888
9857.27 0.59877
9858.8 0.68421
9860.33 0.7391
9861.86 0.6776
9863.39 0.71327
9864.92 0.78588
9866.45 0.75024
9867.98 0.99806
9869.51 1.07245
9871.04 0.66966
9872.57 0.50049
9874.1 0.44768
9875.63 0.40859
9877.16 0.47112
9878.69 0.53371
9880.22 0.50529
9881.75 0.56757
9883.28 0.7526
9884.81 0.76577
9886.34 0.67224
9887.87 0.69352
9889.4 0.6566
9890.93 0.62463
9892.46 0.57393
9893.99 0.56299
9895.52 0.69741
9897.05 0.69527
9898.58 0.48185
9900.11 0.58304
9901.64 0.73385
9903.17 0.79697
9904.7 0.60507
9906.23 0.49693
9907.76 0.56529
9909.29 0.65571
9910.82 0.73985
9912.35 0.79436
9913.88 0.68446
9915.41 0.39826
9916.94 0.41109
9918.47 0.54099
9920.0 0.68396
9921.53 0.75902
9923.06 0.80322
9924.59 0.74033
9926.12 0.67299
9927.65 0.73019
9929.18 0.64127
9930.71 0.64902
9932.24 0.73413
9933.77 0.66344
9935.3 0.60393
9936.83 0.60843
9938.36 0.34487
9939.89 0.39584
9941.42 0.61343
9942.95 0.45648
9944.48 0.37426
9946.01 0.23884
9947.54 0.51193
9949.07 0.54152
9950.6 0.52965
9952.13 0.68096
9953.66 0.81161
9955.19 0.32554
9956.72 0.30004
9958.25 0.59982
9959.78 0.67927
9961.31 0.60757
9962.84 0.77958
9964.37 0.863
9965.9 0.57832
9967.43 0.56424
9968.96 0.79544
9970.49 0.78499
9972.02 0.55535
9973.55 0.48471
9975.08 0.50082
9976.61 0.59102
9978.14 0.5761
9979.67 0.55624
9981.2 0.54235
9982.73 0.73921
9984.26 0.62391
9985.79 0.48615
9987.32 0.57688
9988.85 0.60971
9990.38 0.67994
9991.91 0.66377
9993.44 0.64616
9994.97 0.56752
9996.5 0.46729
9998.03 0.63674
9999.56 0.7968
10001.09 0.61843
