#wave flux
3400.0 0.0
3401.53 0.0
3403.06 0.0
3404.59 0.0
3406.12 0.0
3407.65 0.0
3409.18 0.0
3410.71 0.0
3412.24 0.0
3413.77 0.0
3415.3 0.0
3416.83 0.22068
3418.36 0.42259
3419.89 0.45768
3421.42 0.79751
3422.95 0.82453
3424.48 1.07
3426.01 1.0963
3427.54 1.371
3429.07 1.733
3430.6 1.7088
3432.13 2.3146
3433.66 1.9168
3435.19 2.2555
3436.72 2.3773
3438.25 2.5331
3439.78 3.0178
3441.31 3.4139
3442.84 3.0737
3444.37 2.887
3445.9 3.2774
3447.43 3.2965
3448.96 3.1823
3450.49 2.7339
3452.02 3.5456
3453.55 3.0368
3455.08 2.7705
3456.61 4.1555
3458.14 3.526
3459.67 3.6927
3461.2 4.409
3462.73 3.9497
3464.26 3.3067
3465.79 3.2295
3467.32 2.7735
3468.85 2.5164
3470.38 2.6567
3471.91 2.8318
3473.44 2.9892
3474.97 2.8596
3476.5 2.9116
3478.03 3.4993
3479.56 2.9167
3481.09 2.977
3482.62 2.8824
3484.15 3.3544
3485.68 3.1244
3487.21 3.8016
3488.74 3.1635
3490.27 3.1596
3491.8 3.3014
3493.33 3.1899
3494.86 3.4445
3496.39 3.3664
3497.92 3.6035
3499.45 3.279
3500.98 3.9698
3502.51 3.8952
3504.04 3.4646
3505.57 3.5796
3507.1 3.6443
3508.63 3.777
3510.16 3.687
3511.69 3.6497
3513.22 3.3169
3514.75 3.5185
3516.28 3.5193
3517.81 3.4215
3519.34 3.0745
3520.87 3.2863
3522.4 3.0409
3523.93 2.9171
3525.46 2.933
3526.99 2.8729
3528.52 2.6845
3530.05 2.6239
3531.58 2.4189
3533.11 3.021
3534.64 3.1511
3536.17 2.6793
3537.7 2.5914
3539.23 2.8632
3540.76 2.6596
3542.29 3.0
3543.82 2.941
3545.35 2.7802
3546.88 3.0306
3548.41 2.9246
3549.94 2.9374
3551.47 3.2112
3553.0 3.1455
3554.53 2.8853
3556.06 2.886
3557.59 2.5401
3559.12 2.3461
3560.65 2.1451
3562.18 2.1379
3563.71 2.2122
3565.24 1.9742
3566.77 2.0758
3568.3 1.9612
3569.83 1.9435
3571.36 2.2402
3572.89 1.9111
3574.42 1.8155
3575.95 1.94
3577.48 1.9734
3579.01 1.6583
3580.54 1.5356
3582.07 1.6883
3583.6 1.6675
3585.13 1.4881
3586.66 1.6133
3588.19 1.5157
3589.72 1.5442
3591.25 1.5786
3592.78 1.6771
3594.31 1.6006
3595.84 1.5825
3597.37 1.4071
3598.9 1.3072
3600.43 1.3153
3601.96 1.4185
3603.49 1.3749
3605.02 1.296
3606.55 1.1914
3608.08 1.1272
3609.61 1.1528
3611.14 1.2173
3612.67 1.1518
3614.2 1.0847
3615.73 0.93093
3617.26 0.93556
3618.79 0.86878
3620.32 0.91129
3621.85 0.8466
3623.38 0.93012
3624.91 0.97925
3626.44 0.8403
3627.97 0.78366
3629.5 0.8172
3631.03 0.74958
3632.56 0.7273
3634.09 0.76651
3635.62 0.68689
3637.15 0.63538
3638.68 0.61554
3640.21 0.66588
3641.74 0.65312
3643.27 0.60449
3644.8 0.62597
3646.33 0.61396
3647.86 0.57263
3649.39 0.5528
3650.92 0.55251
3652.45 0.61247
3653.98 0.62503
3655.51 0.60509
3657.04 0.5812
3658.57 0.53514
3660.1 0.52861
3661.63 0.52224
3663.16 0.51649
3664.69 0.48184
3666.22 0.55911
3667.75 0.52945
3669.28 0.50531
3670.81 0.50092
3672.34 0.49169
3673.87 0.46751
3675.4 0.46951
3676.93 0.50594
3678.46 0.4814
3679.99 0.46883
3681.52 0.4724
3683.05 0.44625
3684.58 0.42158
3686.11 0.42062
3687.64 0.43927
3689.17 0.46568
3690.7 0.49887
3692.23 0.4287
3693.76 0.40037
3695.29 0.43262
3696.82 0.43835
3698.35 0.44683
3699.88 0.4103
3701.41 0.42241
3702.94 0.40438
3704.47 0.45423
3706.0 0.38461
3707.53 0.37079
3709.06 0.42456
3710.59 0.41283
3712.12 0.39065
3713.65 0.41158
3715.18 0.41547
3716.71 0.33844
3718.24 0.3786
3719.77 0.37942
3721.3 0.349
3722.83 0.37409
3724.36 0.39927
3725.89 0.39628
3727.42 0.40555
3728.95 0.3543
3730.48 0.38254
3732.01 0.41893
3733.54 0.41361
3735.07 0.38531
3736.6 0.38473
3738.13 0.41898
3739.66 0.40036
3741.19 0.40431
3742.72 0.4203
3744.25 0.3684
3745.78 0.31947
3747.31 0.40116
3748.84 0.42598
3750.37 0.36984
3751.9 0.43166
3753.43 0.4756
3754.96 0.47709
3756.49 0.41182
3758.02 0.43379
3759.55 0.43889
3761.08 0.42955
3762.61 0.43499
3764.14 0.44536
3765.67 0.43385
3767.2 0.42913
3768.73 0.43514
3770.26 0.43989
3771.79 0.3873
3773.32 0.39786
3774.85 0.44417
3776.38 0.44844
3777.91 0.43624
3779.44 0.40221
3780.97 0.36086
3782.5 0.37721
3784.03 0.4168
3785.56 0.39855
3787.09 0.42614
3788.62 0.42049
3790.15 0.37768
3791.68 0.37841
3793.21 0.37914
3794.74 0.42487
3796.27 0.48342
3797.8 0.42859
3799.33 0.39634
3800.86 0.42934
3802.39 0.38739
3803.92 0.43213
3805.45 0.45625
3806.98 0.45898
3808.51 0.43658
3810.04 0.38769
3811.57 0.37873
3813.1 0.42947
3814.63 0.414
3816.16 0.39096
3817.69 0.4177
3819.22 0.38305
3820.75 0.40284
3822.28 0.39263
3823.81 0.44961
3825.34 0.45812
3826.87 0.40052
3828.4 0.39501
3829.93 0.40107
3831.46 0.3871
3832.99 0.34191
3834.52 0.4245
3836.05 0.41594
3837.58 0.41026
3839.11 0.38108
3840.64 0.42806
3842.17 0.38837
3843.7 0.45085
3845.23 0.44631
3846.76 0.39483
3848.29 0.44866
3849.82 0.4677
3851.35 0.42763
3852.88 0.43059
3854.41 0.37504
3855.94 0.35294
3857.47 0.39512
3859.0 0.45512
3860.53 0.42905
3862.06 0.42664
3863.59 0.47362
3865.12 0.45327
3866.65 0.4441
3868.18 0.45499
3869.71 0.44174
3871.24 0.43564
3872.77 0.48215
3874.3 0.47913
3875.83 0.39272
3877.36 0.40414
3878.89 0.43881
3880.42 0.45759
3881.95 0.47661
3883.48 0.45106
3885.01 0.40738
3886.54 0.41627
3888.07 0.46743
3889.6 0.45919
3891.13 0.45114
3892.66 0.44542
3894.19 0.50251
3895.72 0.47868
3897.25 0.45521
3898.78 0.40693
3900.31 0.4122
3901.84 0.45975
3903.37 0.50708
3904.9 0.49344
3906.43 0.50636
3907.96 0.47129
3909.49 0.43218
3911.02 0.45399
3912.55 0.49966
3914.08 0.47494
3915.61 0.49355
3917.14 0.45368
3918.67 0.4871
3920.2 0.46248
3921.73 0.42517
3923.26 0.46269
3924.79 0.46715
3926.32 0.50014
3927.85 0.49933
3929.38 0.43764
3930.91 0.40007
3932.44 0.3998
3933.97 0.40735
3935.5 0.44573
3937.03 0.45258
3938.56 0.44892
3940.09 0.42053
3941.62 0.47327
3943.15 0.46615
3944.68 0.50029
3946.21 0.47663
3947.74 0.42911
3949.27 0.47882
3950.8 0.51428
3952.33 0.48415
3953.86 0.47196
3955.39 0.49877
3956.92 0.47812
3958.45 0.43615
3959.98 0.42603
3961.51 0.42702
3963.04 0.47351
3964.57 0.53308
3966.1 0.50657
3967.63 0.44691
3969.16 0.52267
3970.69 0.51197
3972.22 0.4218
3973.75 0.46178
3975.28 0.53884
3976.81 0.51326
3978.34 0.43162
3979.87 0.46331
3981.4 0.48828
3982.93 0.47606
3984.46 0.50677
3985.99 0.52754
3987.52 0.47935
3989.05 0.46581
3990.58 0.46008
3992.11 0.43131
3993.64 0.47771
3995.17 0.41412
3996.7 0.40657
3998.23 0.48972
3999.76 0.47056
4001.29 0.48664
4002.82 0.48169
4004.35 0.48705
4005.88 0.52301
4007.41 0.54873
4008.94 0.48411
4010.47 0.45312
4012.0 0.51076
4013.53 0.51117
4015.06 0.51138
4016.59 0.48036
4018.12 0.46917
4019.65 0.56805
4021.18 0.47599
4022.71 0.50999
4024.24 0.52406
4025.77 0.51593
4027.3 0.48202
4028.83 0.48215
4030.36 0.49171
4031.89 0.43664
4033.42 0.44267
4034.95 0.51152
4036.48 0.46513
4038.01 0.47913
4039.54 0.50875
4041.07 0.42015
4042.6 0.40583
4044.13 0.48887
4045.66 0.49329
4047.19 0.46894
4048.72 0.4743
4050.25 0.45894
4051.78 0.46839
4053.31 0.51323
4054.84 0.48523
4056.37 0.5063
4057.9 0.52263
4059.43 0.46682
4060.96 0.47054
4062.49 0.48688
4064.02 0.51498
4065.55 0.50827
4067.08 0.52268
4068.61 0.47397
4070.14 0.50824
4071.67 0.49212
4073.2 0.49855
4074.73 0.5108
4076.26 0.51936
4077.79 0.55423
4079.32 0.49933
4080.85 0.52963
4082.38 0.51648
4083.91 0.45638
4085.44 0.51982
4086.97 0.56488
4088.5 0.51482
4090.03 0.48099
4091.56 0.51971
4093.09 0.52476
4094.62 0.49522
4096.15 0.46425
4097.68 0.50982
4099.21 0.44268
4100.74 0.42469
4102.27 0.48764
4103.8 0.55829
4105.33 0.5738
4106.86 0.48289
4108.39 0.531
4109.92 0.57938
4111.45 0.52699
4112.98 0.58103
4114.51 0.55481
4116.04 0.50709
4117.57 0.4771
4119.1 0.50115
4120.63 0.48898
4122.16 0.54782
4123.69 0.55137
4125.22 0.5461
4126.75 0.58445
4128.28 0.60054
4129.81 0.53177
4131.34 0.57042
4132.87 0.57257
4134.4 0.52331
4135.93 0.4984
4137.46 0.53614
4138.99 0.56682
4140.52 0.54758
4142.05 0.55808
4143.58 0.55028
4145.11 0.62454
4146.64 0.58087
4148.17 0.54772
4149.7 0.58505
4151.23 0.57466
4152.76 0.52763
4154.29 0.51113
4155.82 0.53666
4157.35 0.51512
4158.88 0.52869
4160.41 0.59197
4161.94 0.54459
4163.47 0.62298
4165.0 0.65368
4166.53 0.53957
4168.06 0.5883
4169.59 0.63839
4171.12 0.63816
4172.65 0.65088
4174.18 0.60867
4175.71 0.55339
4177.24 0.53914
4178.77 0.60433
4180.3 0.62196
4181.83 0.60772
4183.36 0.61829
4184.89 0.66714
4186.42 0.65731
4187.95 0.5874
4189.48 0.65458
4191.01 0.60756
4192.54 0.60578
4194.07 0.6842
4195.6 0.67862
4197.13 0.68182
4198.66 0.64643
4200.19 0.66035
4201.72 0.63402
4203.25 0.63686
4204.78 0.64043
4206.31 0.66843
4207.84 0.63334
4209.37 0.64612
4210.9 0.67016
4212.43 0.67724
4213.96 0.59926
4215.49 0.67346
4217.02 0.61613
4218.55 0.61458
4220.08 0.5936
4221.61 0.66326
4223.14 0.64813
4224.67 0.63457
4226.2 0.64963
4227.73 0.6351
4229.26 0.62322
4230.79 0.71288
4232.32 0.64443
4233.85 0.66542
4235.38 0.7477
4236.91 0.73345
4238.44 0.65195
4239.97 0.64177
4241.5 0.73657
4243.03 0.61165
4244.56 0.60759
4246.09 0.57049
4247.62 0.6611
4249.15 0.71118
4250.68 0.66139
4252.21 0.7381
4253.74 0.69378
4255.27 0.67682
4256.8 0.71059
4258.33 0.78293
4259.86 0.81516
4261.39 0.80537
4262.92 0.70587
4264.45 0.74867
4265.98 0.74213
4267.51 0.66594
4269.04 0.72809
4270.57 0.78955
4272.1 0.82468
4273.63 0.7445
4275.16 0.79151
4276.69 0.80762
4278.22 0.74986
4279.75 0.7738
4281.28 0.83342
4282.81 0.87831
4284.34 0.82993
4285.87 0.7842
4287.4 0.72954
4288.93 0.68834
4290.46 0.77898
4291.99 0.82722
4293.52 0.78036
4295.05 0.79737
4296.58 0.81363
4298.11 0.83437
4299.64 0.83156
4301.17 0.82183
4302.7 0.87926
4304.23 0.88817
4305.76 0.8584
4307.29 0.88179
4308.82 0.8152
4310.35 0.81476
4311.88 0.82982
4313.41 0.8691
4314.94 0.87459
4316.47 0.84091
4318.0 0.8396
4319.53 0.86563
4321.06 0.81894
4322.59 0.75107
4324.12 0.88168
4325.65 0.92693
4327.18 0.88878
4328.71 0.85506
4330.24 0.87345
4331.77 0.83809
4333.3 0.82013
4334.83 0.89787
4336.36 0.85029
4337.89 0.84903
4339.42 0.93862
4340.95 0.82207
4342.48 0.80704
4344.01 0.88892
4345.54 0.83856
4347.07 0.86213
4348.6 0.85971
4350.13 0.85616
4351.66 0.85774
4353.19 0.8675
4354.72 0.87369
4356.25 1.0795
4357.78 1.0172
4359.31 0.85291
4360.84 0.69984
4362.37 0.88859
4363.9 0.87289
4365.43 0.78597
4366.96 0.81261
4368.49 0.8555
4370.02 0.88766
4371.55 0.9188
4373.08 0.95244
4374.61 0.9468
4376.14 0.95413
4377.67 0.92164
4379.2 0.90987
4380.73 0.83544
4382.26 0.83898
4383.79 0.7698
4385.32 0.81897
4386.85 0.8349
4388.38 0.8245
4389.91 0.81477
4391.44 0.81237
4392.97 0.8152
4394.5 0.83232
4396.03 0.70541
4397.56 0.76966
4399.09 0.81338
4400.62 0.81462
4402.15 0.79813
4403.68 0.80248
4405.21 0.8879
4406.74 0.83124
4408.27 0.76703
4409.8 0.66377
4411.33 0.68193
4412.86 0.70286
4414.39 0.6869
4415.92 0.68283
4417.45 0.73094
4418.98 0.70631
4420.51 0.75092
4422.04 0.73874
4423.57 0.72965
4425.1 0.70953
4426.63 0.72779
4428.16 0.67822
4429.69 0.71676
4431.22 0.75813
4432.75 0.71703
4434.28 0.66587
4435.81 0.63964
4437.34 0.66969
4438.87 0.72325
4440.4 0.67929
4441.93 0.63927
4443.46 0.57289
4444.99 0.65483
4446.52 0.64866
4448.05 0.61409
4449.58 0.60607
4451.11 0.5685
4452.64 0.65267
4454.17 0.63618
4455.7 0.64931
4457.23 0.63641
4458.76 0.58163
4460.29 0.62626
4461.82 0.62993
4463.35 0.64035
4464.88 0.59038
4466.41 0.61616
4467.94 0.64649
4469.47 0.6401
4471.0 0.63372
4472.53 0.6216
4474.06 0.58921
4475.59 0.52787
4477.12 0.59982
4478.65 0.613
4480.18 0.60796
4481.71 0.63189
4483.24 0.63214
4484.77 0.58683
4486.3 0.53981
4487.83 0.52783
4489.36 0.52324
4490.89 0.57396
4492.42 0.59642
4493.95 0.63541
4495.48 0.59425
4497.01 0.57542
4498.54 0.5858
4500.07 0.56055
4501.6 0.55031
4503.13 0.49052
4504.66 0.57345
4506.19 0.54121
4507.72 0.5351
4509.25 0.50237
4510.78 0.506
4512.31 0.57136
4513.84 0.52167
4515.37 0.54711
4516.9 0.55883
4518.43 0.55303
4519.96 0.53857
4521.49 0.50562
4523.02 0.49453
4524.55 0.51535
4526.08 0.54603
4527.61 0.52959
4529.14 0.57717
4530.67 0.52947
4532.2 0.48294
4533.73 0.47801
4535.26 0.4687
4536.79 0.52487
4538.32 0.50139
4539.85 0.43807
4541.38 0.49189
4542.91 0.54553
4544.44 0.51467
4545.97 0.49143
4547.5 0.49989
4549.03 0.50422
4550.56 0.5006
4552.09 0.44057
4553.62 0.51437
4555.15 0.53449
4556.68 0.50293
4558.21 0.52077
4559.74 0.5718
4561.27 0.48277
4562.8 0.45951
4564.33 0.49562
4565.86 0.46121
4567.39 0.43729
4568.92 0.44045
4570.45 0.47419
4571.98 0.47917
4573.51 0.44937
4575.04 0.45484
4576.57 0.4758
4578.1 0.50568
4579.63 0.42795
4581.16 0.45764
4582.69 0.4891
4584.22 0.44704
4585.75 0.44702
4587.28 0.47937
4588.81 0.51002
4590.34 0.48684
4591.87 0.48077
4593.4 0.45402
4594.93 0.46429
4596.46 0.42893
4597.99 0.42228
4599.52 0.4698
4601.05 0.42626
4602.58 0.45049
4604.11 0.44129
4605.64 0.46338
4607.17 0.42626
4608.7 0.46999
4610.23 0.49057
4611.76 0.45537
4613.29 0.44821
4614.82 0.40665
4616.35 0.43289
4617.88 0.46609
4619.41 0.47245
4620.94 0.47405
4622.47 0.45284
4624.0 0.43437
4625.53 0.41581
4627.06 0.41771
4628.59 0.44227
4630.12 0.4586
4631.65 0.47609
4633.18 0.52472
4634.71 0.47149
4636.24 0.45462
4637.77 0.46252
4639.3 0.45224
4640.83 0.44193
4642.36 0.40766
4643.89 0.46565
4645.42 0.45335
4646.95 0.44399
4648.48 0.44154
4650.01 0.38103
4651.54 0.42327
4653.07 0.43847
4654.6 0.42828
4656.13 0.42215
4657.66 0.42111
4659.19 0.41271
4660.72 0.42627
4662.25 0.44896
4663.78 0.48799
4665.31 0.46362
4666.84 0.39507
4668.37 0.40174
4669.9 0.3896
4671.43 0.37405
4672.96 0.44401
4674.49 0.43568
4676.02 0.44609
4677.55 0.42514
4679.08 0.43445
4680.61 0.38454
4682.14 0.41479
4683.67 0.42563
4685.2 0.40344
4686.73 0.40591
4688.26 0.3972
4689.79 0.41558
4691.32 0.39263
4692.85 0.40792
4694.38 0.39542
4695.91 0.43256
4697.44 0.45238
4698.97 0.40668
4700.5 0.44197
4702.03 0.42809
4703.56 0.36669
4705.09 0.40493
4706.62 0.41757
4708.15 0.39851
4709.68 0.40237
4711.21 0.38185
4712.74 0.43519
4714.27 0.45656
4715.8 0.3972
4717.33 0.39693
4718.86 0.41064
4720.39 0.40452
4721.92 0.41129
4723.45 0.42148
4724.98 0.37491
4726.51 0.4014
4728.04 0.39666
4729.57 0.3672
4731.1 0.41405
4732.63 0.42853
4734.16 0.37774
4735.69 0.39248
4737.22 0.43348
4738.75 0.40419
4740.28 0.42118
4741.81 0.3759
4743.34 0.37403
4744.87 0.43206
4746.4 0.40971
4747.93 0.37827
4749.46 0.39082
4750.99 0.36584
4752.52 0.3693
4754.05 0.38856
4755.58 0.4086
4757.11 0.4232
4758.64 0.41261
4760.17 0.40393
4761.7 0.36575
4763.23 0.38337
4764.76 0.41046
4766.29 0.40324
4767.82 0.36086
4769.35 0.3789
4770.88 0.35633
4772.41 0.36509
4773.94 0.41911
4775.47 0.40541
4777.0 0.38752
4778.53 0.34249
4780.06 0.34894
4781.59 0.39575
4783.12 0.37362
4784.65 0.39421
4786.18 0.42922
4787.71 0.40887
4789.24 0.39963
4790.77 0.3959
4792.3 0.37501
4793.83 0.37025
4795.36 0.37659
4796.89 0.38855
4798.42 0.40156
4799.95 0.37133
4801.48 0.35897
4803.01 0.36717
4804.54 0.43712
4806.07 0.39879
4807.6 0.39703
4809.13 0.37863
4810.66 0.37326
4812.19 0.36192
4813.72 0.39865
4815.25 0.4088
4816.78 0.38443
4818.31 0.40145
4819.84 0.38549
4821.37 0.39728
4822.9 0.40837
4824.43 0.37757
4825.96 0.35476
4827.49 0.35649
4829.02 0.35282
4830.55 0.39267
4832.08 0.33967
4833.61 0.39098
4835.14 0.38939
4836.67 0.36404
4838.2 0.40007
4839.73 0.35391
4841.26 0.30621
4842.79 0.31919
4844.32 0.30797
4845.85 0.33899
4847.38 0.31447
4848.91 0.3714
4850.44 0.37848
4851.97 0.31714
4853.5 0.33731
4855.03 0.40161
4856.56 0.37175
4858.09 0.31035
4859.62 0.33404
4861.15 0.36084
4862.68 0.34588
4864.21 0.34552
4865.74 0.35541
4867.27 0.34939
4868.8 0.33976
4870.33 0.31346
4871.86 0.34828
4873.39 0.32506
4874.92 0.31121
4876.45 0.34647
4877.98 0.34471
4879.51 0.33922
4881.04 0.33296
4882.57 0.32599
4884.1 0.37225
4885.63 0.35813
4887.16 0.35144
4888.69 0.33637
4890.22 0.32183
4891.75 0.35839
4893.28 0.33416
4894.81 0.34929
4896.34 0.33762
4897.87 0.34809
4899.4 0.32398
4900.93 0.32504
4902.46 0.33001
4903.99 0.33286
4905.52 0.33035
4907.05 0.29058
4908.58 0.35553
4910.11 0.3387
4911.64 0.34463
4913.17 0.32901
4914.7 0.32478
4916.23 0.31269
4917.76 0.3593
4919.29 0.34144
4920.82 0.35815
4922.35 0.3549
4923.88 0.34069
4925.41 0.35792
4926.94 0.32049
4928.47 0.30399
4930.0 0.36565
4931.53 0.33183
4933.06 0.32591
4934.59 0.3152
4936.12 0.30515
4937.65 0.35327
4939.18 0.36152
4940.71 0.36397
4942.24 0.35765
4943.77 0.36069
4945.3 0.3477
4946.83 0.3299
4948.36 0.30058
4949.89 0.32489
4951.42 0.35036
4952.95 0.35505
4954.48 0.30136
4956.01 0.3109
4957.54 0.31933
4959.07 0.33719
4960.6 0.34678
4962.13 0.32735
4963.66 0.36756
4965.19 0.3027
4966.72 0.29858
4968.25 0.29605
4969.78 0.32294
4971.31 0.31077
4972.84 0.31717
4974.37 0.32818
4975.9 0.35212
4977.43 0.34116
4978.96 0.31174
4980.49 0.29986
4982.02 0.34966
4983.55 0.34344
4985.08 0.3099
4986.61 0.35289
4988.14 0.32922
4989.67 0.31824
4991.2 0.33913
4992.73 0.35778
4994.26 0.29348
4995.79 0.31828
4997.32 0.3131
4998.85 0.339
5000.38 0.35875
5001.91 0.34053
5003.44 0.32934
5004.97 0.30772
5006.5 0.29801
5008.03 0.3309
5009.56 0.34041
5011.09 0.37538
5012.62 0.3542
5014.15 0.32004
5015.68 0.31311
5017.21 0.31737
5018.74 0.33874
5020.27 0.3684
5021.8 0.38228
5023.33 0.31929
5024.86 0.31504
5026.39 0.30269
5027.92 0.35991
5029.45 0.36288
5030.98 0.36828
5032.51 0.34385
5034.04 0.31825
5035.57 0.30753
5037.1 0.2971
5038.63 0.31445
5040.16 0.31025
5041.69 0.36284
5043.22 0.32505
5044.75 0.32005
5046.28 0.30081
5047.81 0.32073
5049.34 0.30773
5050.87 0.32071
5052.4 0.33401
5053.93 0.35277
5055.46 0.33598
5056.99 0.2616
5058.52 0.32498
5060.05 0.35032
5061.58 0.35588
5063.11 0.36356
5064.64 0.38487
5066.17 0.32445
5067.7 0.33428
5069.23 0.30391
5070.76 0.30342
5072.29 0.31318
5073.82 0.2819
5075.35 0.35527
5076.88 0.31358
5078.41 0.2779
5079.94 0.33349
5081.47 0.33839
5083.0 0.30477
5084.53 0.32736
5086.06 0.29525
5087.59 0.34115
5089.12 0.32734
5090.65 0.29517
5092.18 0.32087
5093.71 0.34583
5095.24 0.33414
5096.77 0.32151
5098.3 0.34943
5099.83 0.30764
5101.36 0.32876
5102.89 0.38453
5104.42 0.33979
5105.95 0.34937
5107.48 0.33971
5109.01 0.34073
5110.54 0.30774
5112.07 0.33029
5113.6 0.37161
5115.13 0.37283
5116.66 0.33215
5118.19 0.33172
5119.72 0.38079
5121.25 0.36384
5122.78 0.35425
5124.31 0.35936
5125.84 0.33557
5127.37 0.34114
5128.9 0.36858
5130.43 0.33495
5131.96 0.3301
5133.49 0.33807
5135.02 0.3367
5136.55 0.33154
5138.08 0.33836
5139.61 0.37712
5141.14 0.40716
5142.67 0.35548
5144.2 0.31614
5145.73 0.3407
5147.26 0.33483
5148.79 0.31385
5150.32 0.32537
5151.85 0.36219
5153.38 0.33686
5154.91 0.36936
5156.44 0.34988
5157.97 0.35664
5159.5 0.34991
5161.03 0.35021
5162.56 0.33031
5164.09 0.33955
5165.62 0.32071
5167.15 0.3292
5168.68 0.38207
5170.21 0.33532
5171.74 0.33067
5173.27 0.39749
5174.8 0.34378
5176.33 0.34771
5177.86 0.36542
5179.39 0.40797
5180.92 0.36055
5182.45 0.3347
5183.98 0.38471
5185.51 0.36455
5187.04 0.36364
5188.57 0.32985
5190.1 0.37031
5191.63 0.4336
5193.16 0.40486
5194.69 0.41503
5196.22 0.37905
5197.75 0.40029
5199.28 0.34268
5200.81 0.31194
5202.34 0.31803
5203.87 0.35358
5205.4 0.38981
5206.93 0.38075
5208.46 0.36284
5209.99 0.33583
5211.52 0.33778
5213.05 0.39467
5214.58 0.35812
5216.11 0.35448
5217.64 0.36754
5219.17 0.36973
5220.7 0.40099
5222.23 0.37339
5223.76 0.37322
5225.29 0.42719
5226.82 0.38156
5228.35 0.36379
5229.88 0.35898
5231.41 0.39329
5232.94 0.39474
5234.47 0.38331
5236.0 0.34518
5237.53 0.36316
5239.06 0.40955
5240.59 0.39525
5242.12 0.41389
5243.65 0.41584
5245.18 0.41971
5246.71 0.41317
5248.24 0.4291
5249.77 0.36403
5251.3 0.36622
5252.83 0.39888
5254.36 0.44785
5255.89 0.42414
5257.42 0.38068
5258.95 0.4052
5260.48 0.38248
5262.01 0.38177
5263.54 0.38594
5265.07 0.35352
5266.6 0.37847
5268.13 0.42699
5269.66 0.38943
5271.19 0.45665
5272.72 0.45864
5274.25 0.40906
5275.78 0.44898
5277.31 0.4501
5278.84 0.36815
5280.37 0.35039
5281.9 0.37775
5283.43 0.40579
5284.96 0.37068
5286.49 0.37412
5288.02 0.42677
5289.55 0.43911
5291.08 0.36966
5292.61 0.33432
5294.14 0.41937
5295.67 0.40073
5297.2 0.40655
5298.73 0.40003
5300.26 0.4446
5301.79 0.44931
5303.32 0.39375
5304.85 0.45003
5306.38 0.45032
5307.91 0.41096
5309.44 0.41419
5310.97 0.38649
5312.5 0.45298
5314.03 0.42903
5315.56 0.46517
5317.09 0.37927
5318.62 0.41143
5320.15 0.44029
5321.68 0.42231
5323.21 0.44213
5324.74 0.42293
5326.27 0.38408
5327.8 0.45528
5329.33 0.52129
5330.86 0.49268
5332.39 0.50474
5333.92 0.49792
5335.45 0.47037
5336.98 0.45992
5338.51 0.40108
5340.04 0.45534
5341.57 0.40117
5343.1 0.37168
5344.63 0.4283
5346.16 0.44136
5347.69 0.39607
5349.22 0.43921
5350.75 0.45956
5352.28 0.48165
5353.81 0.49258
5355.34 0.47469
5356.87 0.45933
5358.4 0.47932
5359.93 0.46264
5361.46 0.42588
5362.99 0.46255
5364.52 0.4664
5366.05 0.44508
5367.58 0.42948
5369.11 0.42901
5370.64 0.46417
5372.17 0.38644
5373.7 0.43652
5375.23 0.44591
5376.76 0.45528
5378.29 0.48775
5379.82 0.49027
5381.35 0.50577
5382.88 0.46792
5384.41 0.42526
5385.94 0.4636
5387.47 0.43703
5389.0 0.41817
5390.53 0.42796
5392.06 0.48613
5393.59 0.38376
5395.12 0.35061
5396.65 0.45674
5398.18 0.4268
5399.71 0.39366
5401.24 0.38537
5402.77 0.40565
5404.3 0.41348
5405.83 0.38896
5407.36 0.35355
5408.89 0.35016
5410.42 0.40343
5411.95 0.40253
5413.48 0.38652
5415.01 0.40594
5416.54 0.42098
5418.07 0.40591
5419.6 0.41623
5421.13 0.39584
5422.66 0.38264
5424.19 0.39263
5425.72 0.39301
5427.25 0.41489
5428.78 0.42585
5430.31 0.39181
5431.84 0.42954
5433.37 0.46403
5434.9 0.431
5436.43 0.44749
5437.96 0.42979
5439.49 0.38753
5441.02 0.41128
5442.55 0.41473
5444.08 0.40254
5445.61 0.41344
5447.14 0.3809
5448.67 0.37137
5450.2 0.36305
5451.73 0.39417
5453.26 0.39705
5454.79 0.44989
5456.32 0.41275
5457.85 0.38838
5459.38 0.45751
5460.91 0.47943
5462.44 0.41679
5463.97 0.44862
5465.5 0.4683
5467.03 0.4568
5468.56 0.41711
5470.09 0.40292
5471.62 0.40446
5473.15 0.38463
5474.68 0.37319
5476.21 0.38928
5477.74 0.39167
5479.27 0.43218
5480.8 0.45686
5482.33 0.42458
5483.86 0.42547
5485.39 0.37419
5486.92 0.37902
5488.45 0.37459
5489.98 0.4157
5491.51 0.436
5493.04 0.39134
5494.57 0.42374
5496.1 0.43467
5497.63 0.41585
5499.16 0.43656
5500.69 0.42903
5502.22 0.45831
5503.75 0.42015
5505.28 0.42158
5506.81 0.41321
5508.34 0.40062
5509.87 0.41448
5511.4 0.3797
5512.93 0.37103
5514.46 0.39494
5515.99 0.41921
5517.52 0.43699
5519.05 0.38502
5520.58 0.42851
5522.11 0.43711
5523.64 0.42507
5525.17 0.45
5526.7 0.37891
5528.23 0.37982
5529.76 0.43353
5531.29 0.42544
5532.82 0.4281
5534.35 0.41686
5535.88 0.42153
5537.41 0.42666
5538.94 0.39528
5540.47 0.387
5542.0 0.39673
5543.53 0.384
5545.06 0.37014
5546.59 0.431
5548.12 0.42679
5549.65 0.41642
5551.18 0.38189
5552.71 0.38178
5554.24 0.41628
5555.77 0.42257
5557.3 0.41679
5558.83 0.4179
5560.36 0.40509
5561.89 0.40847
5563.42 0.4102
5564.95 0.39812
5566.48 0.40085
5568.01 0.3712
5569.54 0.32352
5571.07 0.33196
5572.6 0.38031
5574.13 0.32265
5575.66 0.4004
5577.19 0.47493
5578.72 0.41342
5580.25 0.35525
5581.78 0.33731
5583.31 0.32804
5584.84 0.36698
5586.37 0.33768
5587.9 0.36578
5589.43 0.35553
5590.96 0.37081
5592.49 0.37196
5594.02 0.3653
5595.55 0.33385
5597.08 0.33215
5598.61 0.35589
5600.14 0.34874
5601.67 0.38588
5603.2 0.3904
5604.73 0.42217
5606.26 0.43781
5607.79 0.41535
5609.32 0.38594
5610.85 0.38505
5612.38 0.38431
5613.91 0.41484
5615.44 0.42995
5616.97 0.42193
5618.5 0.37415
5620.03 0.35146
5621.56 0.38557
5623.09 0.37755
5624.62 0.38781
5626.15 0.40282
5627.68 0.39362
5629.21 0.39226
5630.74 0.42183
5632.27 0.41516
5633.8 0.38247
5635.33 0.39953
5636.86 0.37657
5638.39 0.4214
5639.92 0.40858
5641.45 0.35867
5642.98 0.39693
5644.51 0.36102
5646.04 0.37897
5647.57 0.39511
5649.1 0.3995
5650.63 0.40011
5652.16 0.39957
5653.69 0.39701
5655.22 0.43203
5656.75 0.43475
5658.28 0.4002
5659.81 0.41765
5661.34 0.4437
5662.87 0.3754
5664.4 0.38201
5665.93 0.36269
5667.46 0.36314
5668.99 0.36659
5670.52 0.36488
5672.05 0.38417
5673.58 0.40454
5675.11 0.39201
5676.64 0.39867
5678.17 0.39302
5679.7 0.36513
5681.23 0.37628
5682.76 0.43177
5684.29 0.41765
5685.82 0.37397
5687.35 0.36324
5688.88 0.37119
5690.41 0.36527
5691.94 0.34758
5693.47 0.32367
5695.0 0.36202
5696.53 0.40018
5698.06 0.35438
5699.59 0.37249
5701.12 0.4072
5702.65 0.37442
5704.18 0.35578
5705.71 0.34539
5707.24 0.35304
5708.77 0.39153
5710.3 0.37284
5711.83 0.38164
5713.36 0.37988
5714.89 0.37925
5716.42 0.39785
5717.95 0.39283
5719.48 0.36761
5721.01 0.35839
5722.54 0.38017
5724.07 0.36424
5725.6 0.34256
5727.13 0.36612
5728.66 0.35938
5730.19 0.36834
5731.72 0.37809
5733.25 0.36844
5734.78 0.37369
5736.31 0.37635
5737.84 0.36501
5739.37 0.36532
5740.9 0.36375
5742.43 0.34478
5743.96 0.3462
5745.49 0.3445
5747.02 0.35502
5748.55 0.37792
5750.08 0.35394
5751.61 0.33712
5753.14 0.36963
5754.67 0.371
5756.2 0.36201
5757.73 0.36432
5759.26 0.33632
5760.79 0.33352
5762.32 0.35635
5763.85 0.35725
5765.38 0.35008
5766.91 0.34664
5768.44 0.37887
5769.97 0.38196
5771.5 0.36102
5773.03 0.35585
5774.56 0.36171
5776.09 0.36544
5777.62 0.35623
5779.15 0.38299
5780.68 0.40231
5782.21 0.39345
5783.74 0.38827
5785.27 0.37616
5786.8 0.39818
5788.33 0.39751
5789.86 0.37685
5791.39 0.39145
5792.92 0.39552
5794.45 0.35289
5795.98 0.35275
5797.51 0.37023
5799.04 0.35871
5800.57 0.38039
5802.1 0.37858
5803.63 0.37095
5805.16 0.39453
5806.69 0.38466
5808.22 0.37142
5809.75 0.36156
5811.28 0.37742
5812.81 0.37503
5814.34 0.36425
5815.87 0.34543
5817.4 0.3258
5818.93 0.35546
5820.46 0.33193
5821.99 0.33434
5823.52 0.36781
5825.05 0.37107
5826.58 0.36998
5828.11 0.35935
5829.64 0.34564
5831.17 0.35037
5832.7 0.33882
5834.23 0.33748
5835.76 0.37099
5837.29 0.37819
5838.82 0.35469
5840.35 0.3563
5841.88 0.34696
5843.41 0.34007
5844.94 0.3685
5846.47 0.3705
5848.0 0.36634
5849.53 0.35416
5851.06 0.32339
5852.59 0.32725
5854.12 0.37133
5855.65 0.3778
5857.18 0.36816
5858.71 0.33722
5860.24 0.35071
5861.77 0.38527
5863.3 0.38266
5864.83 0.35655
5866.36 0.34524
5867.89 0.38356
5869.42 0.34604
5870.95 0.34318
5872.48 0.32808
5874.01 0.34581
5875.54 0.37259
5877.07 0.37869
5878.6 0.36137
5880.13 0.34465
5881.66 0.30244
5883.19 0.29237
5884.72 0.32466
5886.25 0.29749
5887.78 0.31974
5889.31 0.3898
5890.84 0.36584
5892.37 0.31584
5893.9 0.31861
5895.43 0.30718
5896.96 0.30185
5898.49 0.32376
5900.02 0.29734
5901.55 0.28922
5903.08 0.32887
5904.61 0.34634
5906.14 0.34863
5907.67 0.35721
5909.2 0.33825
5910.73 0.3395
5912.26 0.34468
5913.79 0.34054
5915.32 0.35372
5916.85 0.34949
5918.38 0.31745
5919.91 0.32352
5921.44 0.35284
5922.97 0.35954
5924.5 0.33505
5926.03 0.34052
5927.56 0.38134
5929.09 0.33531
5930.62 0.29666
5932.15 0.37348
5933.68 0.36499
5935.21 0.33581
5936.74 0.34294
5938.27 0.35442
5939.8 0.33978
5941.33 0.2951
5942.86 0.29359
5944.39 0.31535
5945.92 0.3595
5947.45 0.33017
5948.98 0.29158
5950.51 0.33389
5952.04 0.32876
5953.57 0.31539
5955.1 0.35414
5956.63 0.36341
5958.16 0.35282
5959.69 0.33945
5961.22 0.33263
5962.75 0.35127
5964.28 0.35777
5965.81 0.32868
5967.34 0.33636
5968.87 0.33764
5970.4 0.31923
5971.93 0.3241
5973.46 0.33795
5974.99 0.31562
5976.52 0.33767
5978.05 0.35673
5979.58 0.31495
5981.11 0.30436
5982.64 0.34632
5984.17 0.32938
5985.7 0.34089
5987.23 0.35274
5988.76 0.33823
5990.29 0.35987
5991.82 0.34225
5993.35 0.3322
5994.88 0.33031
5996.41 0.3275
5997.94 0.36084
5999.47 0.33819
6001.0 0.28694
6002.53 0.29988
6004.06 0.33543
6005.59 0.31285
6007.12 0.30211
6008.65 0.32279
6010.18 0.3335
6011.71 0.35178
6013.24 0.33826
6014.77 0.32949
6016.3 0.34541
6017.83 0.34908
6019.36 0.35952
6020.89 0.34127
6022.42 0.34087
6023.95 0.36155
6025.48 0.34646
6027.01 0.3298
6028.54 0.35252
6030.07 0.35209
6031.6 0.32153
6033.13 0.33986
6034.66 0.35974
6036.19 0.33538
6037.72 0.3374
6039.25 0.36321
6040.78 0.35729
6042.31 0.33946
6043.84 0.32512
6045.37 0.35438
6046.9 0.37517
6048.43 0.31968
6049.96 0.30488
6051.49 0.34087
6053.02 0.35142
6054.55 0.34053
6056.08 0.33759
6057.61 0.33953
6059.14 0.34952
6060.67 0.35133
6062.2 0.346
6063.73 0.34296
6065.26 0.32767
6066.79 0.30264
6068.32 0.33424
6069.85 0.37547
6071.38 0.34092
6072.91 0.33736
6074.44 0.35708
6075.97 0.33767
6077.5 0.35135
6079.03 0.34469
6080.56 0.32623
6082.09 0.36344
6083.62 0.35602
6085.15 0.32474
6086.68 0.35476
6088.21 0.33397
6089.74 0.3076
6091.27 0.36692
6092.8 0.37986
6094.33 0.34692
6095.86 0.34982
6097.39 0.33174
6098.92 0.33283
6100.45 0.35021
6101.98 0.34015
6103.51 0.35049
6105.04 0.37252
6106.57 0.34607
6108.1 0.31879
6109.63 0.35271
6111.16 0.34501
6112.69 0.34855
6114.22 0.35436
6115.75 0.31839
6117.28 0.31738
6118.81 0.33034
6120.34 0.3194
6121.87 0.3478
6123.4 0.35139
6124.93 0.34098
6126.46 0.35255
6127.99 0.3528
6129.52 0.35212
6131.05 0.35929
6132.58 0.33055
6134.11 0.32235
6135.64 0.32264
6137.17 0.33709
6138.7 0.36283
6140.23 0.34966
6141.76 0.34878
6143.29 0.37547
6144.82 0.36546
6146.35 0.361
6147.88 0.3441
6149.41 0.33367
6150.94 0.32957
6152.47 0.35122
6154.0 0.3507
6155.53 0.3674
6157.06 0.3874
6158.59 0.40005
6160.12 0.363
6161.65 0.33989
6163.18 0.35656
6164.71 0.35316
6166.24 0.34141
6167.77 0.3376
6169.3 0.34824
6170.83 0.34451
6172.36 0.36238
6173.89 0.35997
6175.42 0.33895
6176.95 0.32833
6178.48 0.31444
6180.01 0.33506
6181.54 0.33385
6183.07 0.37065
6184.6 0.37172
6186.13 0.35751
6187.66 0.35873
6189.19 0.36003
6190.72 0.36985
6192.25 0.38527
6193.78 0.34161
6195.31 0.32457
6196.84 0.34868
6198.37 0.34907
6199.9 0.33209
6201.43 0.3389
6202.96 0.34826
6204.49 0.36733
6206.02 0.35578
6207.55 0.36153
6209.08 0.36231
6210.61 0.37238
6212.14 0.34987
6213.67 0.36404
6215.2 0.38225
6216.73 0.36461
6218.26 0.39439
6219.79 0.39977
6221.32 0.37478
6222.85 0.3575
6224.38 0.3731
6225.91 0.35984
6227.44 0.34638
6228.97 0.35318
6230.5 0.36371
6232.03 0.37541
6233.56 0.34284
6235.09 0.35308
6236.62 0.37011
6238.15 0.33979
6239.68 0.33686
6241.21 0.36522
6242.74 0.37611
6244.27 0.38028
6245.8 0.39112
6247.33 0.37167
6248.86 0.36128
6250.39 0.37346
6251.92 0.36118
6253.45 0.35786
6254.98 0.38025
6256.51 0.36444
6258.04 0.38407
6259.57 0.39058
6261.1 0.37614
6262.63 0.37258
6264.16 0.38948
6265.69 0.38623
6267.22 0.36386
6268.75 0.36712
6270.28 0.38162
6271.81 0.38846
6273.34 0.3682
6274.87 0.36759
6276.4 0.40172
6277.93 0.36974
6279.46 0.34574
6280.99 0.35685
6282.52 0.38305
6284.05 0.38849
6285.58 0.3848
6287.11 0.41224
6288.64 0.43755
6290.17 0.44172
6291.7 0.38479
6293.23 0.36636
6294.76 0.40279
6296.29 0.41651
6297.82 0.40529
6299.35 0.38686
6300.88 0.37729
6302.41 0.39413
6303.94 0.42521
6305.47 0.41343
6307.0 0.41193
6308.53 0.42204
6310.06 0.4417
6311.59 0.43412
6313.12 0.41982
6314.65 0.42209
6316.18 0.43647
6317.71 0.45142
6319.24 0.44606
6320.77 0.43606
6322.3 0.42453
6323.83 0.42152
6325.36 0.43538
6326.89 0.45022
6328.42 0.46684
6329.95 0.44816
6331.48 0.43061
6333.01 0.4278
6334.54 0.41867
6336.07 0.40009
6337.6 0.42123
6339.13 0.4146
6340.66 0.40481
6342.19 0.43593
6343.72 0.42971
6345.25 0.43951
6346.78 0.43769
6348.31 0.40052
6349.84 0.41212
6351.37 0.4434
6352.9 0.45528
6354.43 0.45165
6355.96 0.45144
6357.49 0.42047
6359.02 0.43483
6360.55 0.50342
6362.08 0.47078
6363.61 0.46077
6365.14 0.44287
6366.67 0.41884
6368.2 0.45015
6369.73 0.45483
6371.26 0.4263
6372.79 0.41714
6374.32 0.42473
6375.85 0.41175
6377.38 0.45224
6378.91 0.43952
6380.44 0.42006
6381.97 0.43585
6383.5 0.4324
6385.03 0.42442
6386.56 0.46056
6388.09 0.46763
6389.62 0.44709
6391.15 0.42421
6392.68 0.43786
6394.21 0.44524
6395.74 0.44337
6397.27 0.4237
6398.8 0.4497
6400.33 0.44569
6401.86 0.42669
6403.39 0.44007
6404.92 0.44598
6406.45 0.42432
6407.98 0.44446
6409.51 0.47573
6411.04 0.47163
6412.57 0.47719
6414.1 0.4554
6415.63 0.43355
6417.16 0.45437
6418.69 0.48841
6420.22 0.47902
6421.75 0.45317
6423.28 0.48845
6424.81 0.49355
6426.34 0.44248
6427.87 0.44425
6429.4 0.44224
6430.93 0.47307
6432.46 0.46358
6433.99 0.45475
6435.52 0.44813
6437.05 0.41473
6438.58 0.42762
6440.11 0.46811
6441.64 0.45276
6443.17 0.43186
6444.7 0.45514
6446.23 0.46646
6447.76 0.46976
6449.29 0.45593
6450.82 0.42542
6452.35 0.41427
6453.88 0.43287
6455.41 0.44483
6456.94 0.43706
6458.47 0.43231
6460.0 0.41095
6461.53 0.40466
6463.06 0.43354
6464.59 0.44168
6466.12 0.42322
6467.65 0.41238
6469.18 0.42774
6470.71 0.43652
6472.24 0.41335
6473.77 0.39345
6475.3 0.40479
6476.83 0.41318
6478.36 0.42003
6479.89 0.4132
6481.42 0.39836
6482.95 0.40155
6484.48 0.40282
6486.01 0.40382
6487.54 0.4046
6489.07 0.43171
6490.6 0.40122
6492.13 0.39412
6493.66 0.39748
6495.19 0.39945
6496.72 0.41421
6498.25 0.40272
6499.78 0.38551
6501.31 0.38569
6502.84 0.40104
6504.37 0.43381
6505.9 0.43779
6507.43 0.39598
6508.96 0.38108
6510.49 0.41923
6512.02 0.39443
6513.55 0.37158
6515.08 0.36458
6516.61 0.37886
6518.14 0.39022
6519.67 0.40517
6521.2 0.38842
6522.73 0.37953
6524.26 0.3733
6525.79 0.38161
6527.32 0.40342
6528.85 0.39569
6530.38 0.37083
6531.91 0.37558
6533.44 0.39019
6534.97 0.37754
6536.5 0.37197
6538.03 0.38119
6539.56 0.37962
6541.09 0.39301
6542.62 0.37305
6544.15 0.3638
6545.68 0.36871
6547.21 0.34059
6548.74 0.34434
6550.27 0.37271
6551.8 0.3524
6553.33 0.34856
6554.86 0.34086
6556.39 0.34825
6557.92 0.34077
6559.45 0.33679
6560.98 0.3412
6562.51 0.3486
6564.04 0.34848
6565.57 0.3652
6567.1 0.35981
6568.63 0.36186
6570.16 0.35364
6571.69 0.35181
6573.22 0.34676
6574.75 0.32688
6576.28 0.35026
6577.81 0.36539
6579.34 0.34421
6580.87 0.35662
6582.4 0.35674
6583.93 0.35401
6585.46 0.37696
6586.99 0.34673
6588.52 0.33675
6590.05 0.35027
6591.58 0.36387
6593.11 0.34543
6594.64 0.32823
6596.17 0.32456
6597.7 0.33298
6599.23 0.35182
6600.76 0.3723
6602.29 0.37414
6603.82 0.33076
6605.35 0.32137
6606.88 0.3402
6608.41 0.33271
6609.94 0.32989
6611.47 0.31992
6613.0 0.3207
6614.53 0.3274
6616.06 0.32559
6617.59 0.33634
6619.12 0.34005
6620.65 0.32579
6622.18 0.30896
6623.71 0.33767
6625.24 0.35222
6626.77 0.3424
6628.3 0.31154
6629.83 0.3257
6631.36 0.31594
6632.89 0.31595
6634.42 0.33018
6635.95 0.33033
6637.48 0.32243
6639.01 0.31965
6640.54 0.31252
6642.07 0.3086
6643.6 0.31922
6645.13 0.31413
6646.66 0.31047
6648.19 0.33356
6649.72 0.32185
6651.25 0.32084
6652.78 0.33028
6654.31 0.32595
6655.84 0.31852
6657.37 0.31748
6658.9 0.30139
6660.43 0.31962
6661.96 0.32973
6663.49 0.31853
6665.02 0.31447
6666.55 0.32347
6668.08 0.31816
6669.61 0.33193
6671.14 0.30247
6672.67 0.31412
6674.2 0.33101
6675.73 0.32936
6677.26 0.3216
6678.79 0.33276
6680.32 0.32252
6681.85 0.30684
6683.38 0.32131
6684.91 0.33095
6686.44 0.31095
6687.97 0.34346
6689.5 0.33543
6691.03 0.30753
6692.56 0.30299
6694.09 0.31269
6695.62 0.32818
6697.15 0.3502
6698.68 0.31554
6700.21 0.32581
6701.74 0.31199
6703.27 0.30306
6704.8 0.31454
6706.33 0.30046
6707.86 0.27968
6709.39 0.29465
6710.92 0.29991
6712.45 0.32322
6713.98 0.3194
6715.51 0.31256
6717.04 0.33464
6718.57 0.34019
6720.1 0.31694
6721.63 0.30848
6723.16 0.31822
6724.69 0.31654
6726.22 0.30605
6727.75 0.32352
6729.28 0.31014
6730.81 0.31525
6732.34 0.33179
6733.87 0.31202
6735.4 0.30863
6736.93 0.31426
6738.46 0.30057
6739.99 0.30658
6741.52 0.29758
6743.05 0.28462
6744.58 0.32739
6746.11 0.31447
6747.64 0.31467
6749.17 0.32472
6750.7 0.29797
6752.23 0.29578
6753.76 0.31322
6755.29 0.32108
6756.82 0.30996
6758.35 0.3125
6759.88 0.29523
6761.41 0.28344
6762.94 0.30003
6764.47 0.29762
6766.0 0.31444
6767.53 0.29291
6769.06 0.26525
6770.59 0.27325
6772.12 0.28416
6773.65 0.28663
6775.18 0.31176
6776.71 0.32245
6778.24 0.29028
6779.77 0.31497
6781.3 0.31167
6782.83 0.28974
6784.36 0.30309
6785.89 0.28801
6787.42 0.27908
6788.95 0.30855
6790.48 0.30299
6792.01 0.29562
6793.54 0.30853
6795.07 0.31552
6796.6 0.31247
6798.13 0.33241
6799.66 0.32323
6801.19 0.31096
6802.72 0.30026
6804.25 0.30879
6805.78 0.30005
6807.31 0.2996
6808.84 0.30264
6810.37 0.32065
6811.9 0.32767
6813.43 0.32672
6814.96 0.31691
6816.49 0.311
6818.02 0.31536
6819.55 0.32966
6821.08 0.30911
6822.61 0.30673
6824.14 0.32101
6825.67 0.30332
6827.2 0.29926
6828.73 0.31464
6830.26 0.30868
6831.79 0.3021
6833.32 0.32184
6834.85 0.30788
6836.38 0.29922
6837.91 0.31202
6839.44 0.29635
6840.97 0.317
6842.5 0.3157
6844.03 0.28773
6845.56 0.28469
6847.09 0.28002
6848.62 0.30099
6850.15 0.32323
6851.68 0.30416
6853.21 0.28967
6854.74 0.28466
6856.27 0.30611
6857.8 0.3122
6859.33 0.30925
6860.86 0.32398
6862.39 0.33097
6863.92 0.3156
6865.45 0.28888
6866.98 0.24622
6868.51 0.22595
6870.04 0.21261
6871.57 0.20331
6873.1 0.22337
6874.63 0.24002
6876.16 0.24369
6877.69 0.26473
6879.22 0.28031
6880.75 0.27127
6882.28 0.27892
6883.81 0.26786
6885.34 0.2583
6886.87 0.25023
6888.4 0.25393
6889.93 0.25384
6891.46 0.25964
6892.99 0.24425
6894.52 0.22703
6896.05 0.25449
6897.58 0.25922
6899.11 0.25555
6900.64 0.25893
6902.17 0.25679
6903.7 0.26705
6905.23 0.263
6906.76 0.25437
6908.29 0.2582
6909.82 0.25438
6911.35 0.25276
6912.88 0.27458
6914.41 0.27569
6915.94 0.2528
6917.47 0.2757
6919.0 0.29907
6920.53 0.28025
6922.06 0.26511
6923.59 0.26866
6925.12 0.27956
6926.65 0.27796
6928.18 0.25961
6929.71 0.25006
6931.24 0.25285
6932.77 0.25281
6934.3 0.26063
6935.83 0.27377
6937.36 0.26015
6938.89 0.24407
6940.42 0.24592
6941.95 0.25045
6943.48 0.26803
6945.01 0.27332
6946.54 0.26409
6948.07 0.26761
6949.6 0.25739
6951.13 0.24571
6952.66 0.25965
6954.19 0.2569
6955.72 0.24906
6957.25 0.26176
6958.78 0.25837
6960.31 0.2433
6961.84 0.25103
6963.37 0.25345
6964.9 0.25703
6966.43 0.27735
6967.96 0.26656
6969.49 0.25264
6971.02 0.25562
6972.55 0.24785
6974.08 0.26217
6975.61 0.27547
6977.14 0.26146
6978.67 0.26064
6980.2 0.26812
6981.73 0.25965
6983.26 0.28203
6984.79 0.29336
6986.32 0.25962
6987.85 0.25186
6989.38 0.25377
6990.91 0.26074
6992.44 0.2681
6993.97 0.26779
6995.5 0.25883
6997.03 0.25892
6998.56 0.25021
7000.09 0.25618
7001.62 0.28384
7003.15 0.27146
7004.68 0.23923
7006.21 0.24195
7007.74 0.23548
7009.27 0.2277
7010.8 0.24565
7012.33 0.26115
7013.86 0.27377
7015.39 0.26824
7016.92 0.2548
7018.45 0.25808
7019.98 0.26778
7021.51 0.26103
7023.04 0.24816
7024.57 0.25324
7026.1 0.25613
7027.63 0.26257
7029.16 0.26494
7030.69 0.25867
7032.22 0.25815
7033.75 0.28098
7035.28 0.30428
7036.81 0.30788
7038.34 0.34451
7039.87 0.31219
7041.4 0.29539
7042.93 0.27891
7044.46 0.26935
7045.99 0.26967
7047.52 0.25793
7049.05 0.25189
7050.58 0.25991
7052.11 0.25008
7053.64 0.24752
7055.17 0.26148
7056.7 0.26282
7058.23 0.2562
7059.76 0.26323
7061.29 0.26225
7062.82 0.27183
7064.35 0.27594
7065.88 0.26373
7067.41 0.26432
7068.94 0.26678
7070.47 0.2572
7072.0 0.24947
7073.53 0.27666
7075.06 0.29946
7076.59 0.28711
7078.12 0.2766
7079.65 0.27956
7081.18 0.28213
7082.71 0.28032
7084.24 0.27763
7085.77 0.27571
7087.3 0.26284
7088.83 0.26372
7090.36 0.26619
7091.89 0.28837
7093.42 0.28144
7094.95 0.26598
7096.48 0.2506
7098.01 0.28056
7099.54 0.29145
7101.07 0.28234
7102.6 0.2816
7104.13 0.27458
7105.66 0.28846
7107.19 0.27691
7108.72 0.27297
7110.25 0.27384
7111.78 0.27847
7113.31 0.27006
7114.84 0.27765
7116.37 0.29287
7117.9 0.28777
7119.43 0.25958
7120.96 0.28253
7122.49 0.30711
7124.02 0.31036
7125.55 0.30074
7127.08 0.28303
7128.61 0.28987
7130.14 0.31158
7131.67 0.32505
7133.2 0.27921
7134.73 0.27055
7136.26 0.28709
7137.79 0.30221
7139.32 0.29996
7140.85 0.2693
7142.38 0.28226
7143.91 0.31506
7145.44 0.29977
7146.97 0.28326
7148.5 0.28478
7150.03 0.29838
7151.56 0.30702
7153.09 0.29956
7154.62 0.2902
7156.15 0.28531
7157.68 0.30337
7159.21 0.29288
7160.74 0.28101
7162.27 0.29811
7163.8 0.27417
7165.33 0.24672
7166.86 0.24259
7168.39 0.25269
7169.92 0.23391
7171.45 0.22731
7172.98 0.21585
7174.51 0.20694
7176.04 0.21762
7177.57 0.21836
7179.1 0.251
7180.63 0.24442
7182.16 0.22453
7183.69 0.22822
7185.22 0.21154
7186.75 0.19801
7188.28 0.22971
7189.81 0.24144
7191.34 0.21819
7192.87 0.20232
7194.4 0.20294
7195.93 0.23019
7197.46 0.23123
7198.99 0.21686
7200.52 0.21596
7202.05 0.23125
7203.58 0.23052
7205.11 0.25069
7206.64 0.2533
7208.17 0.245
7209.7 0.25579
7211.23 0.27069
7212.76 0.28109
7214.29 0.2869
7215.82 0.28864
7217.35 0.27643
7218.88 0.27888
7220.41 0.29783
7221.94 0.28206
7223.47 0.26793
7225.0 0.26789
7226.53 0.2746
7228.06 0.27401
7229.59 0.27223
7231.12 0.25917
7232.65 0.2402
7234.18 0.22434
7235.71 0.23386
7237.24 0.27383
7238.77 0.28495
7240.3 0.25527
7241.83 0.22998
7243.36 0.22369
7244.89 0.24166
7246.42 0.25603
7247.95 0.26581
7249.48 0.25459
7251.01 0.23346
7252.54 0.22347
7254.07 0.23382
7255.6 0.26206
7257.13 0.26542
7258.66 0.26539
7260.19 0.25115
7261.72 0.24485
7263.25 0.2466
7264.78 0.22404
7266.31 0.23012
7267.84 0.26177
7269.37 0.2772
7270.9 0.28293
7272.43 0.28841
7273.96 0.25099
7275.49 0.21483
7277.02 0.21516
7278.55 0.22308
7280.08 0.2485
7281.61 0.26908
7283.14 0.28953
7284.67 0.30677
7286.2 0.28913
7287.73 0.25655
7289.26 0.22583
7290.79 0.24033
7292.32 0.24644
7293.85 0.24325
7295.38 0.28328
7296.91 0.2857
7298.44 0.26972
7299.97 0.26243
7301.5 0.25324
7303.03 0.2407
7304.56 0.2375
7306.09 0.25925
7307.62 0.27076
7309.15 0.25985
7310.68 0.23648
7312.21 0.24933
7313.74 0.30095
7315.27 0.29763
7316.8 0.26854
7318.33 0.26213
7319.86 0.24904
7321.39 0.28501
7322.92 0.31558
7324.45 0.30759
7325.98 0.29533
7327.51 0.26971
7329.04 0.2597
7330.57 0.26944
7332.1 0.28223
7333.63 0.27116
7335.16 0.27715
7336.69 0.3079
7338.22 0.30039
7339.75 0.29115
7341.28 0.28843
7342.81 0.30017
7344.34 0.31755
7345.87 0.29805
7347.4 0.29545
7348.93 0.28887
7350.46 0.26367
7351.99 0.2457
7353.52 0.24085
7355.05 0.2183
7356.58 0.2231
7358.11 0.24848
7359.64 0.25615
7361.17 0.26919
7362.7 0.2902
7364.23 0.30404
7365.76 0.33187
7367.29 0.30212
7368.82 0.29886
7370.35 0.31146
7371.88 0.30536
7373.41 0.26758
7374.94 0.27834
7376.47 0.26929
7378.0 0.27477
7379.53 0.2816
7381.06 0.28835
7382.59 0.30368
7384.12 0.3178
7385.65 0.30031
7387.18 0.30924
7388.71 0.30637
7390.24 0.31692
7391.77 0.31971
7393.3 0.30494
7394.83 0.31114
7396.36 0.33524
7397.89 0.32777
7399.42 0.30967
7400.95 0.30044
7402.48 0.28311
7404.01 0.2719
7405.54 0.28025
7407.07 0.29861
7408.6 0.30648
7410.13 0.30394
7411.66 0.3015
7413.19 0.29346
7414.72 0.30215
7416.25 0.28073
7417.78 0.29172
7419.31 0.31228
7420.84 0.32071
7422.37 0.32227
7423.9 0.31962
7425.43 0.30503
7426.96 0.29137
7428.49 0.28076
7430.02 0.27657
7431.55 0.28076
7433.08 0.31392
7434.61 0.31284
7436.14 0.29934
7437.67 0.29017
7439.2 0.28175
7440.73 0.29288
7442.26 0.31076
7443.79 0.31183
7445.32 0.2972
7446.85 0.29707
7448.38 0.27388
7449.91 0.28625
7451.44 0.2993
7452.97 0.29096
7454.5 0.30771
7456.03 0.29924
7457.56 0.28282
7459.09 0.30139
7460.62 0.28064
7462.15 0.28179
7463.68 0.30618
7465.21 0.32234
7466.74 0.29481
7468.27 0.28711
7469.8 0.28988
7471.33 0.28382
7472.86 0.29371
7474.39 0.26789
7475.92 0.27711
7477.45 0.31489
7478.98 0.29344
7480.51 0.28836
7482.04 0.30719
7483.57 0.30182
7485.1 0.289
7486.63 0.27782
7488.16 0.2976
7489.69 0.30312
7491.22 0.29308
7492.75 0.27341
7494.28 0.26289
7495.81 0.28787
7497.34 0.30443
7498.87 0.29612
7500.4 0.3017
7501.93 0.2994
7503.46 0.30815
7504.99 0.31316
7506.52 0.2961
7508.05 0.31451
7509.58 0.30048
7511.11 0.27588
7512.64 0.29123
7514.17 0.29291
7515.7 0.27084
7517.23 0.28083
7518.76 0.30784
7520.29 0.30888
7521.82 0.31765
7523.35 0.32033
7524.88 0.2921
7526.41 0.28806
7527.94 0.29764
7529.47 0.27571
7531.0 0.27705
7532.53 0.27125
7534.06 0.26518
7535.59 0.28008
7537.12 0.29169
7538.65 0.29478
7540.18 0.2993
7541.71 0.28508
7543.24 0.2742
7544.77 0.29782
7546.3 0.30676
7547.83 0.30319
7549.36 0.29659
7550.89 0.29267
7552.42 0.29632
7553.95 0.28938
7555.48 0.27659
7557.01 0.27027
7558.54 0.27831
7560.07 0.27802
7561.6 0.29585
7563.13 0.29412
7564.66 0.28958
7566.19 0.29652
7567.72 0.31
7569.25 0.31708
7570.78 0.31227
7572.31 0.29031
7573.84 0.25995
7575.37 0.29085
7576.9 0.30102
7578.43 0.29391
7579.96 0.28236
7581.49 0.27456
7583.02 0.29146
7584.55 0.28731
7586.08 0.27478
7587.61 0.26798
7589.14 0.26561
7590.67 0.26411
7592.2 0.26236
7593.73 0.23706
7595.26 0.17378
7596.79 0.13134
7598.32 0.11002
7599.85 0.11807
7601.38 0.11021
7602.91 0.08962
7604.44 0.07983
7605.97 0.09079
7607.5 0.09412
7609.03 0.07741
7610.56 0.09931
7612.09 0.12865
7613.62 0.13684
7615.15 0.16502
7616.68 0.22239
7618.21 0.2634
7619.74 0.23024
7621.27 0.18798
7622.8 0.19107
7624.33 0.19738
7625.86 0.18518
7627.39 0.16693
7628.92 0.16151
7630.45 0.14779
7631.98 0.16231
7633.51 0.18432
7635.04 0.18419
7636.57 0.1824
7638.1 0.18577
7639.63 0.18605
7641.16 0.18311
7642.69 0.20017
7644.22 0.18541
7645.75 0.19087
7647.28 0.20627
7648.81 0.1952
7650.34 0.22017
7651.87 0.2326
7653.4 0.22485
7654.93 0.21964
7656.46 0.22087
7657.99 0.20386
7659.52 0.22104
7661.05 0.25093
7662.58 0.25533
7664.11 0.25102
7665.64 0.22975
7667.17 0.23826
7668.7 0.27353
7670.23 0.26901
7671.76 0.26988
7673.29 0.30828
7674.82 0.31453
7676.35 0.29385
7677.88 0.28793
7679.41 0.28387
7680.94 0.27123
7682.47 0.25548
7684.0 0.26102
7685.53 0.26407
7687.06 0.2668
7688.59 0.25646
7690.12 0.25251
7691.65 0.26952
7693.18 0.28096
7694.71 0.27563
7696.24 0.27888
7697.77 0.30965
7699.3 0.3075
7700.83 0.29007
7702.36 0.26685
7703.89 0.26741
7705.42 0.27249
7706.95 0.26986
7708.48 0.28809
7710.01 0.27937
7711.54 0.28291
7713.07 0.29693
7714.6 0.29425
7716.13 0.27559
7717.66 0.26208
7719.19 0.2772
7720.72 0.28112
7722.25 0.29793
7723.78 0.31068
7725.31 0.30129
7726.84 0.29129
7728.37 0.27681
7729.9 0.2576
7731.43 0.25944
7732.96 0.27384
7734.49 0.28252
7736.02 0.29462
7737.55 0.2787
7739.08 0.26156
7740.61 0.28571
7742.14 0.27976
7743.67 0.27088
7745.2 0.26744
7746.73 0.28714
7748.26 0.29776
7749.79 0.27845
7751.32 0.26592
7752.85 0.27623
7754.38 0.288
7755.91 0.26343
7757.44 0.27935
7758.97 0.32248
7760.5 0.31427
7762.03 0.29736
7763.56 0.27989
7765.09 0.27564
7766.62 0.28042
7768.15 0.28521
7769.68 0.2851
7771.21 0.28697
7772.74 0.2888
7774.27 0.27767
7775.8 0.27927
7777.33 0.28574
7778.86 0.27928
7780.39 0.28152
7781.92 0.26793
7783.45 0.28449
7784.98 0.27306
7786.51 0.26752
7788.04 0.27727
7789.57 0.31043
7791.1 0.32162
7792.63 0.29374
7794.16 0.29743
7795.69 0.28615
7797.22 0.25705
7798.75 0.25538
7800.28 0.26883
7801.81 0.28181
7803.34 0.28129
7804.87 0.30077
7806.4 0.29523
7807.93 0.25908
7809.46 0.24157
7810.99 0.27015
7812.52 0.29898
7814.05 0.28404
7815.58 0.29494
7817.11 0.32239
7818.64 0.28855
7820.17 0.27007
7821.7 0.30398
7823.23 0.28635
7824.76 0.29258
7826.29 0.28755
7827.82 0.27648
7829.35 0.27024
7830.88 0.27591
7832.41 0.27887
7833.94 0.28196
7835.47 0.2694
7837.0 0.28836
7838.53 0.29501
7840.06 0.30113
7841.59 0.30784
7843.12 0.29034
7844.65 0.2815
7846.18 0.2784
7847.71 0.28683
7849.24 0.29935
7850.77 0.32197
7852.3 0.28697
7853.83 0.2905
7855.36 0.29564
7856.89 0.30793
7858.42 0.29718
7859.95 0.28898
7861.48 0.30446
7863.01 0.30127
7864.54 0.30031
7866.07 0.27013
7867.6 0.25637
7869.13 0.28351
7870.66 0.28406
7872.19 0.25686
7873.72 0.27238
7875.25 0.29187
7876.78 0.29253
7878.31 0.28363
7879.84 0.2737
7881.37 0.29931
7882.9 0.29628
7884.43 0.2646
7885.96 0.27474
7887.49 0.29369
7889.02 0.27198
7890.55 0.24094
7892.08 0.24088
7893.61 0.25617
7895.14 0.26126
7896.67 0.2624
7898.2 0.27248
7899.73 0.27343
7901.26 0.27578
7902.79 0.27632
7904.32 0.2545
7905.85 0.24929
7907.38 0.26985
7908.91 0.31448
7910.44 0.34519
7911.97 0.31088
7913.5 0.26385
7915.03 0.25303
7916.56 0.28049
7918.09 0.30041
7919.62 0.28909
7921.15 0.28052
7922.68 0.28614
7924.21 0.25091
7925.74 0.24923
7927.27 0.29006
7928.8 0.27163
7930.33 0.26134
7931.86 0.2791
7933.39 0.25191
7934.92 0.24413
7936.45 0.27609
7937.98 0.26388
7939.51 0.27017
7941.04 0.2831
7942.57 0.25184
7944.1 0.2532
7945.63 0.28353
7947.16 0.28603
7948.69 0.2706
7950.22 0.28274
7951.75 0.27332
7953.28 0.2652
7954.81 0.25766
7956.34 0.2694
7957.87 0.28824
7959.4 0.29009
7960.93 0.26732
7962.46 0.26498
7963.99 0.24591
7965.52 0.2789
7967.05 0.28408
7968.58 0.24209
7970.11 0.25514
7971.64 0.27116
7973.17 0.2649
7974.7 0.26607
7976.23 0.26657
7977.76 0.2571
7979.29 0.26372
7980.82 0.27302
7982.35 0.2597
7983.88 0.30037
7985.41 0.30582
7986.94 0.25687
7988.47 0.25079
7990.0 0.26319
7991.53 0.28068
7993.06 0.2649
7994.59 0.24234
7996.12 0.24093
7997.65 0.27437
7999.18 0.25508
8000.71 0.25274
8002.24 0.26755
8003.77 0.26698
8005.3 0.24119
8006.83 0.24483
8008.36 0.24999
8009.89 0.2454
8011.42 0.27916
8012.95 0.26335
8014.48 0.24267
8016.01 0.23127
8017.54 0.24507
8019.07 0.26243
8020.6 0.27389
8022.13 0.27974
8023.66 0.24751
8025.19 0.2214
8026.72 0.25557
8028.25 0.24623
8029.78 0.24888
8031.31 0.25819
8032.84 0.24936
8034.37 0.25172
8035.9 0.25699
8037.43 0.25398
8038.96 0.2427
8040.49 0.25339
8042.02 0.26126
8043.55 0.24357
8045.08 0.23596
8046.61 0.2224
8048.14 0.23735
8049.67 0.27143
8051.2 0.26082
8052.73 0.24037
8054.26 0.25013
8055.79 0.26253
8057.32 0.27647
8058.85 0.29038
8060.38 0.269
8061.91 0.261
8063.44 0.24745
8064.97 0.22119
8066.5 0.24037
8068.03 0.25076
8069.56 0.24817
8071.09 0.26122
8072.62 0.25446
8074.15 0.24009
8075.68 0.25496
8077.21 0.27158
8078.74 0.25522
8080.27 0.25289
8081.8 0.255
8083.33 0.23285
8084.86 0.23829
8086.39 0.251
8087.92 0.24159
8089.45 0.23628
8090.98 0.23994
8092.51 0.25917
8094.04 0.27063
8095.57 0.26662
8097.1 0.26071
8098.63 0.25725
8100.16 0.26987
8101.69 0.2491
8103.22 0.23194
8104.75 0.23943
8106.28 0.24892
8107.81 0.24772
8109.34 0.24406
8110.87 0.2475
8112.4 0.25598
8113.93 0.24391
8115.46 0.24294
8116.99 0.2385
8118.52 0.23135
8120.05 0.22971
8121.58 0.23665
8123.11 0.23957
8124.64 0.22262
8126.17 0.23036
8127.7 0.2526
8129.23 0.24379
8130.76 0.21008
8132.29 0.21342
8133.82 0.20981
8135.35 0.21941
8136.88 0.21682
8138.41 0.2165
8139.94 0.22125
8141.47 0.21012
8143.0 0.20928
8144.53 0.21108
8146.06 0.21736
8147.59 0.19687
8149.12 0.19478
8150.65 0.18604
8152.18 0.17742
8153.71 0.19099
8155.24 0.19324
8156.77 0.19437
8158.3 0.22093
8159.83 0.21499
8161.36 0.20266
8162.89 0.18971
8164.42 0.18203
8165.95 0.19306
8167.48 0.19989
8169.01 0.18467
8170.54 0.1768
8172.07 0.21141
8173.6 0.22232
8175.13 0.20083
8176.66 0.18648
8178.19 0.18812
8179.72 0.19493
8181.25 0.21434
8182.78 0.20833
8184.31 0.20445
8185.84 0.19873
8187.37 0.20743
8188.9 0.22758
8190.43 0.23546
8191.96 0.21395
8193.49 0.19199
8195.02 0.20341
8196.55 0.21578
8198.08 0.21121
8199.61 0.21641
8201.14 0.20717
8202.67 0.25519
8204.2 0.28003
8205.73 0.24991
8207.26 0.24529
8208.79 0.23952
8210.32 0.21223
8211.85 0.21505
8213.38 0.22116
8214.91 0.22359
8216.44 0.22474
8217.97 0.21625
8219.5 0.22787
8221.03 0.24212
8222.56 0.20847
8224.09 0.1921
8225.62 0.19203
8227.15 0.14518
8228.68 0.12195
8230.21 0.14216
8231.74 0.1548
8233.27 0.1709
8234.8 0.21225
8236.33 0.23204
8237.86 0.22262
8239.39 0.21642
8240.92 0.21731
8242.45 0.22938
8243.98 0.22038
8245.51 0.19805
8247.04 0.2139
8248.57 0.25569
8250.1 0.24593
8251.63 0.21156
8253.16 0.20436
8254.69 0.19487
8256.22 0.21275
8257.75 0.22617
8259.28 0.21111
8260.81 0.21941
8262.34 0.22237
8263.87 0.20565
8265.4 0.2102
8266.93 0.22313
8268.46 0.23723
8269.99 0.25061
8271.52 0.22607
8273.05 0.18287
8274.58 0.1708
8276.11 0.19488
8277.64 0.2032
8279.17 0.19967
8280.7 0.19066
8282.23 0.1662
8283.76 0.19506
8285.29 0.22004
8286.82 0.21404
8288.35 0.21386
8289.88 0.20998
8291.41 0.21574
8292.94 0.21878
8294.47 0.18974
8296.0 0.23617
8297.53 0.27825
8299.06 0.25073
8300.59 0.23192
8302.12 0.22678
8303.65 0.20998
8305.18 0.20565
8306.71 0.21997
8308.24 0.23591
8309.77 0.22269
8311.3 0.19471
8312.83 0.17401
8314.36 0.19224
8315.89 0.19954
8317.42 0.20593
8318.95 0.21889
8320.48 0.19867
8322.01 0.17747
8323.54 0.20738
8325.07 0.21282
8326.6 0.2155
8328.13 0.21757
8329.66 0.21032
8331.19 0.19063
8332.72 0.19836
8334.25 0.22936
8335.78 0.24157
8337.31 0.21977
8338.84 0.19905
8340.37 0.23462
8341.9 0.24318
8343.43 0.25328
8344.96 0.24567
8346.49 0.22416
8348.02 0.21794
8349.55 0.22128
8351.08 0.20804
8352.61 0.21969
8354.14 0.24056
8355.67 0.23343
8357.2 0.22666
8358.73 0.23225
8360.26 0.22975
8361.79 0.2333
8363.32 0.23189
8364.85 0.22016
8366.38 0.2226
8367.91 0.22731
8369.44 0.23698
8370.97 0.25064
8372.5 0.26064
8374.03 0.24279
8375.56 0.23077
8377.09 0.24086
8378.62 0.24232
8380.15 0.25677
8381.68 0.2628
8383.21 0.22579
8384.74 0.22446
8386.27 0.24889
8387.8 0.23603
8389.33 0.23687
8390.86 0.24932
8392.39 0.24315
8393.92 0.26153
8395.45 0.25932
8396.98 0.23806
8398.51 0.23593
8400.04 0.20202
8401.57 0.19099
8403.1 0.23519
8404.63 0.24055
8406.16 0.21771
8407.69 0.23885
8409.22 0.25714
8410.75 0.24153
8412.28 0.24315
8413.81 0.25209
8415.34 0.24064
8416.87 0.25096
8418.4 0.25873
8419.93 0.23802
8421.46 0.21845
8422.99 0.24508
8424.52 0.25712
8426.05 0.22043
8427.58 0.22983
8429.11 0.27043
8430.64 0.2295
8432.17 0.22147
8433.7 0.23079
8435.23 0.23356
8436.76 0.23999
8438.29 0.22596
8439.82 0.23823
8441.35 0.24918
8442.88 0.2405
8444.41 0.22545
8445.94 0.22287
8447.47 0.2539
8449.0 0.28415
8450.53 0.27128
8452.06 0.23855
8453.59 0.22162
8455.12 0.21543
8456.65 0.23229
8458.18 0.24813
8459.71 0.24524
8461.24 0.24483
8462.77 0.18489
8464.3 0.20139
8465.83 0.23527
8467.36 0.2457
8468.89 0.23825
8470.42 0.22983
8471.95 0.24373
8473.48 0.23249
8475.01 0.23318
8476.54 0.22641
8478.07 0.24043
8479.6 0.24022
8481.13 0.22987
8482.66 0.24167
8484.19 0.25005
8485.72 0.24709
8487.25 0.22524
8488.78 0.21979
8490.31 0.21169
8491.84 0.24306
8493.37 0.26162
8494.9 0.23917
8496.43 0.22792
8497.96 0.23547
8499.49 0.24406
8501.02 0.24827
8502.55 0.23066
8504.08 0.21507
8505.61 0.19135
8507.14 0.22065
8508.67 0.22799
8510.2 0.25092
8511.73 0.25395
8513.26 0.23858
8514.79 0.2357
8516.32 0.23829
8517.85 0.2533
8519.38 0.27185
8520.91 0.25343
8522.44 0.23236
8523.97 0.22777
8525.5 0.21588
8527.03 0.21099
8528.56 0.21884
8530.09 0.24552
8531.62 0.25122
8533.15 0.25387
8534.68 0.25287
8536.21 0.24325
8537.74 0.25768
8539.27 0.26389
8540.8 0.28672
8542.33 0.31845
8543.86 0.31796
8545.39 0.31219
8546.92 0.32125
8548.45 0.34415
8549.98 0.3287
8551.51 0.29576
8553.04 0.28555
8554.57 0.27957
8556.1 0.27961
8557.63 0.25765
8559.16 0.24563
8560.69 0.25438
8562.22 0.25924
8563.75 0.2548
8565.28 0.247
8566.81 0.2325
8568.34 0.22074
8569.87 0.24219
8571.4 0.2522
8572.93 0.2255
8574.46 0.23722
8575.99 0.24125
8577.52 0.22403
8579.05 0.22066
8580.58 0.22701
8582.11 0.22485
8583.64 0.23462
8585.17 0.23628
8586.7 0.24477
8588.23 0.23589
8589.76 0.21103
8591.29 0.21877
8592.82 0.24701
8594.35 0.26209
8595.88 0.25228
8597.41 0.22309
8598.94 0.22167
8600.47 0.20428
8602.0 0.19599
8603.53 0.21486
8605.06 0.20567
8606.59 0.1919
8608.12 0.20585
8609.65 0.2129
8611.18 0.22065
8612.71 0.22444
8614.24 0.21318
8615.77 0.21623
8617.3 0.22998
8618.83 0.22682
8620.36 0.21328
8621.89 0.22252
8623.42 0.24742
8624.95 0.25683
8626.48 0.23475
8628.01 0.23648
8629.54 0.21699
8631.07 0.19616
8632.6 0.20577
8634.13 0.24166
8635.66 0.25109
8637.19 0.23965
8638.72 0.22497
8640.25 0.22311
8641.78 0.23133
8643.31 0.21403
8644.84 0.21088
8646.37 0.23145
8647.9 0.23016
8649.43 0.22728
8650.96 0.25021
8652.49 0.23486
8654.02 0.21961
8655.55 0.19018
8657.08 0.21556
8658.61 0.24217
8660.14 0.24325
8661.67 0.24746
8663.2 0.22673
8664.73 0.22189
8666.26 0.23352
8667.79 0.2156
8669.32 0.2142
8670.85 0.21742
8672.38 0.2043
8673.91 0.18667
8675.44 0.21853
8676.97 0.24278
8678.5 0.2251
8680.03 0.24123
8681.56 0.26089
8683.09 0.24854
8684.62 0.22786
8686.15 0.22335
8687.68 0.2407
8689.21 0.24639
8690.74 0.23591
8692.27 0.2179
8693.8 0.2015
8695.33 0.19724
8696.86 0.2096
8698.39 0.22072
8699.92 0.2169
8701.45 0.21882
8702.98 0.21979
8704.51 0.23101
8706.04 0.25379
8707.57 0.24572
8709.1 0.21864
8710.63 0.21494
8712.16 0.21483
8713.69 0.22472
8715.22 0.22433
8716.75 0.20417
8718.28 0.21517
8719.81 0.2462
8721.34 0.25994
8722.87 0.24959
8724.4 0.23259
8725.93 0.21335
8727.46 0.20083
8728.99 0.23938
8730.52 0.24079
8732.05 0.20674
8733.58 0.2134
8735.11 0.21313
8736.64 0.19447
8738.17 0.19752
8739.7 0.2294
8741.23 0.23183
8742.76 0.20271
8744.29 0.22254
8745.82 0.23176
8747.35 0.23191
8748.88 0.21918
8750.41 0.20837
8751.94 0.22331
8753.47 0.20607
8755.0 0.20847
8756.53 0.21942
8758.06 0.24387
8759.59 0.26266
8761.12 0.21699
8762.65 0.17464
8764.18 0.22371
8765.71 0.22834
8767.24 0.21105
8768.77 0.26933
8770.3 0.24044
8771.83 0.20824
8773.36 0.21699
8774.89 0.24559
8776.42 0.21616
8777.95 0.1933
8779.48 0.24205
8781.01 0.20893
8782.54 0.19431
8784.07 0.20159
8785.6 0.19866
8787.13 0.19502
8788.66 0.21393
8790.19 0.23869
8791.72 0.22189
8793.25 0.21396
8794.78 0.18803
8796.31 0.18954
8797.84 0.21168
8799.37 0.20205
8800.9 0.21366
8802.43 0.2119
8803.96 0.19348
8805.49 0.18477
8807.02 0.19024
8808.55 0.22139
8810.08 0.22887
8811.61 0.21001
8813.14 0.21047
8814.67 0.21072
8816.2 0.19353
8817.73 0.19593
8819.26 0.22284
8820.79 0.22408
8822.32 0.26149
8823.85 0.23816
8825.38 0.16673
8826.91 0.17152
8828.44 0.23438
8829.97 0.2113
8831.5 0.18718
8833.03 0.20734
8834.56 0.20769
8836.09 0.20035
8837.62 0.20379
8839.15 0.20081
8840.68 0.22233
8842.21 0.21438
8843.74 0.18548
8845.27 0.2201
8846.8 0.23671
8848.33 0.23496
8849.86 0.2434
8851.39 0.23634
8852.92 0.21354
8854.45 0.21075
8855.98 0.21514
8857.51 0.20465
8859.04 0.21275
8860.57 0.23266
8862.1 0.24022
8863.63 0.24159
8865.16 0.23388
8866.69 0.23882
8868.22 0.23106
8869.75 0.19265
8871.28 0.20697
8872.81 0.22242
8874.34 0.21641
8875.87 0.25115
8877.4 0.23709
8878.93 0.20732
8880.46 0.23182
8881.99 0.28302
8883.52 0.29479
8885.05 0.24686
8886.58 0.22769
8888.11 0.21634
8889.64 0.18141
8891.17 0.19192
8892.7 0.20571
8894.23 0.2124
8895.76 0.1877
8897.29 0.19623
8898.82 0.23503
8900.35 0.19626
8901.88 0.17937
8903.41 0.14257
8904.94 0.17878
8906.47 0.21041
8908.0 0.20422
8909.53 0.19382
8911.06 0.20348
8912.59 0.1915
8914.12 0.21562
8915.65 0.26098
8917.18 0.2433
8918.71 0.1729
8920.24 0.18447
8921.77 0.25493
8923.3 0.24165
8924.83 0.20129
8926.36 0.20056
8927.89 0.20584
8929.42 0.1924
8930.95 0.17604
8932.48 0.1801
8934.01 0.1731
8935.54 0.16477
8937.07 0.18104
8938.6 0.2361
8940.13 0.20415
8941.66 0.14851
8943.19 0.16538
8944.72 0.17814
8946.25 0.18948
8947.78 0.18059
8949.31 0.17521
8950.84 0.15774
8952.37 0.15466
8953.9 0.13114
8955.43 0.13327
8956.96 0.17194
8958.49 0.17852
8960.02 0.16154
8961.55 0.13133
8963.08 0.13208
8964.61 0.14578
8966.14 0.14838
8967.67 0.17057
8969.2 0.18158
8970.73 0.15836
8972.26 0.12319
8973.79 0.11866
8975.32 0.15223
8976.85 0.16491
8978.38 0.16284
8979.91 0.17272
8981.44 0.16524
8982.97 0.17981
8984.5 0.16545
8986.03 0.11929
8987.56 0.10383
8989.09 0.10236
8990.62 0.1084
8992.15 0.11715
8993.68 0.1343
8995.21 0.14968
8996.74 0.18391
8998.27 0.17276
8999.8 0.11969
9001.33 0.11179
9002.86 0.12784
9004.39 0.13743
9005.92 0.11891
9007.45 0.11322
9008.98 0.12531
9010.51 0.13832
9012.04 0.13818
9013.57 0.1429
9015.1 0.14426
9016.63 0.12802
9018.16 0.12879
9019.69 0.14606
9021.22 0.14013
9022.75 0.1234
9024.28 0.12068
9025.81 0.1306
9027.34 0.14379
9028.87 0.13493
9030.4 0.12593
9031.93 0.15998
9033.46 0.19424
9034.99 0.19204
9036.52 0.17702
9038.05 0.16138
9039.58 0.15418
9041.11 0.13749
9042.64 0.14486
9044.17 0.16502
9045.7 0.16996
9047.23 0.19315
9048.76 0.19308
9050.29 0.16166
9051.82 0.15216
9053.35 0.1491
9054.88 0.15122
9056.41 0.18328
9057.94 0.18437
9059.47 0.16914
9061.0 0.13402
9062.53 0.15574
9064.06 0.15699
9065.59 0.14908
9067.12 0.14151
9068.65 0.14437
9070.18 0.13361
9071.71 0.11433
9073.24 0.1139
9074.77 0.1359
9076.3 0.14857
9077.83 0.13803
9079.36 0.12633
9080.89 0.12611
9082.42 0.13246
9083.95 0.15613
9085.48 0.15099
9087.01 0.13457
9088.54 0.1261
9090.07 0.12473
9091.6 0.11959
9093.13 0.11212
9094.66 0.1323
9096.19 0.15391
9097.72 0.14794
9099.25 0.12418
9100.78 0.11392
9102.31 0.14715
9103.84 0.18109
9105.37 0.13598
9106.9 0.08801
9108.43 0.09971
9109.96 0.13354
9111.49 0.13847
9113.02 0.14744
9114.55 0.17365
9116.08 0.14785
9117.61 0.10686
9119.14 0.10241
9120.67 0.12467
9122.2 0.14687
9123.73 0.14859
9125.26 0.13498
9126.79 0.12435
9128.32 0.11257
9129.85 0.08704
9131.38 0.08286
9132.91 0.11191
9134.44 0.12009
9135.97 0.09215
9137.5 0.08837
9139.03 0.1123
9140.56 0.11797
9142.09 0.13703
9143.62 0.16822
9145.15 0.1614
9146.68 0.14332
9148.21 0.13218
9149.74 0.12786
9151.27 0.10387
9152.8 0.08167
9154.33 0.0852
9155.86 0.08628
9157.39 0.11477
9158.92 0.131
9160.45 0.14223
9161.98 0.15025
9163.51 0.14801
9165.04 0.15192
9166.57 0.1356
9168.1 0.13003
9169.63 0.12386
9171.16 0.1153
9172.69 0.09644
9174.22 0.08172
9175.75 0.09055
9177.28 0.10252
9178.81 0.11208
9180.34 0.13058
9181.87 0.13342
9183.4 0.13806
9184.93 0.12405
9186.46 0.12955
9187.99 0.13705
9189.52 0.13924
9191.05 0.13959
9192.58 0.14187
9194.11 0.12364
9195.64 0.11628
9197.17 0.11841
9198.7 0.15416
9200.23 0.14738
9201.76 0.15416
9203.29 0.18165
9204.82 0.16857
9206.35 0.13343
9207.88 0.1434
9209.41 0.15899
9210.94 0.14459
9212.47 0.13344
9214.0 0.1309
9215.53 0.1098
9217.06 0.10516
9218.59 0.11956
9220.12 0.14884
9221.65 0.14084
9223.18 0.12481
9224.71 0.11853
9226.24 0.13821
9227.77 0.14663
9229.3 0.14547
9230.83 0.12762
9232.36 0.12285
9233.89 0.12646
9235.42 0.1228
9236.95 0.11414
9238.48 0.1157
9240.01 0.10439
9241.54 0.11157
9243.07 0.12793
9244.6 0.14057
9246.13 0.13016
9247.66 0.13722
9249.19 0.14018
9250.72 0.13345
9252.25 0.1306
9253.78 0.12637
9255.31 0.13601
9256.84 0.15021
9258.37 0.13477
9259.9 0.12268
9261.43 0.1174
9262.96 0.11273
9264.49 0.1422
9266.02 0.15232
9267.55 0.14611
9269.08 0.14928
9270.61 0.12237
9272.14 0.10621
9273.67 0.13788
9275.2 0.13659
9276.73 0.10362
9278.26 0.08743
9279.79 0.08711
9281.32 0.08768
9282.85 0.10151
9284.38 0.10028
9285.91 0.0908
9287.44 0.09249
9288.97 0.09188
9290.5 0.08678
9292.03 0.08897
9293.56 0.08624
9295.09 0.06556
9296.62 0.0719
9298.15 0.07741
9299.68 0.06848
9301.21 0.06665
9302.74 0.07094
9304.27 0.10569
9305.8 0.13256
9307.33 0.08808
9308.86 0.08009
9310.39 0.12066
9311.92 0.13465
9313.45 0.11996
9314.98 0.08892
9316.51 0.05191
9318.04 0.04297
9319.57 0.08647
9321.1 0.07736
9322.63 0.01368
9324.16 0.00147
9325.69 0.00683
9327.22 0.02899
9328.75 0.03333
9330.28 0.07067
9331.81 0.0745
9333.34 0.03855
9334.87 0.02541
9336.4 0.0257
9337.93 0.02536
9339.46 0.02419
9340.99 0.01174
9342.52 0.0222
9344.05 0.01267
9345.58 0.00357
9347.11 0.02795
9348.64 0.06507
9350.17 0.07117
9351.7 0.04905
9353.23 0.04444
9354.76 0.02964
9356.29 0.04899
9357.82 0.04439
9359.35 0.0548
9360.88 0.04773
9362.41 0.05359
9363.94 0.05598
9365.47 0.03417
9367.0 0.02242
9368.53 0.03301
9370.06 0.04076
9371.59 0.02557
9373.12 0.07608
9374.65 0.07966
9376.18 0.01285
9377.71 -0.01151
9379.24 -0.00711
9380.77 0.01375
9382.3 0.02987
9383.83 0.04797
9385.36 0.06182
9386.89 0.06093
9388.42 0.06784
9389.95 0.0822
9391.48 0.09145
9393.01 0.08401
9394.54 0.07725
9396.07 0.08555
9397.6 0.07063
9399.13 0.04726
9400.66 0.04941
9402.19 0.06758
9403.72 0.08386
9405.25 0.08252
9406.78 0.06812
9408.31 0.07221
9409.84 0.0699
9411.37 0.05694
9412.9 0.04945
9414.43 0.0651
9415.96 0.0673
9417.49 0.03491
9419.02 0.04839
9420.55 0.08149
9422.08 0.0775
9423.61 0.07188
9425.14 0.06829
9426.67 0.05292
9428.2 0.0319
9429.73 0.0379
9431.26 0.05995
9432.79 0.08147
9434.32 0.07624
9435.85 0.09557
9437.38 0.10339
9438.91 0.01202
9440.44 -0.04798
9441.97 -0.01585
9443.5 0.03677
9445.03 0.05458
9446.56 0.05338
9448.09 0.06713
9449.62 0.07123
9451.15 0.0683
9452.68 0.06357
9454.21 0.04134
9455.74 0.03449
9457.27 0.03572
9458.8 0.04235
9460.33 0.03808
9461.86 0.04064
9463.39 0.06299
9464.92 0.06938
9466.45 0.08372
9467.98 0.05932
9469.51 0.0333
9471.04 0.05712
9472.57 0.07682
9474.1 0.05839
9475.63 0.04292
9477.16 0.0562
9478.69 0.05721
9480.22 0.04621
9481.75 0.02146
9483.28 0.01934
9484.81 0.0573
9486.34 0.07239
9487.87 0.06201
9489.4 0.06304
9490.93 0.08446
9492.46 0.07874
9493.99 0.04373
9495.52 0.02679
9497.05 0.03375
9498.58 0.02357
9500.11 0.03692
9501.64 0.04139
9503.17 0.04345
9504.7 0.05208
9506.23 0.05621
9507.76 0.06257
9509.29 0.06833
9510.82 0.06936
9512.35 0.05835
9513.88 0.05916
9515.41 0.05426
9516.94 0.04782
9518.47 0.03741
9520.0 0.03515
9521.53 0.03465
9523.06 0.02737
9524.59 0.02622
9526.12 0.05307
9527.65 0.05694
9529.18 0.05585
9530.71 0.05969
9532.24 0.07788
9533.77 0.07372
9535.3 0.06194
9536.83 0.05933
9538.36 0.0793
9539.89 0.07769
9541.42 0.06746
9542.95 0.05113
9544.48 0.03086
9546.01 0.03746
9547.54 0.05686
9549.07 0.06571
9550.6 0.08926
9552.13 0.06192
9553.66 0.05696
9555.19 0.05223
9556.72 0.03403
9558.25 0.05884
9559.78 0.08097
9561.31 0.06766
9562.84 0.06262
9564.37 0.06257
9565.9 0.03513
9567.43 0.02251
9568.96 0.06011
9570.49 0.05967
9572.02 0.05286
9573.55 0.07546
9575.08 0.06866
9576.61 0.04713
9578.14 0.05411
9579.67 0.05898
9581.2 0.05499
9582.73 0.05377
9584.26 0.06587
9585.79 0.07767
9587.32 0.06359
9588.85 0.04128
9590.38 0.02987
9591.91 0.04199
9593.44 0.04834
9594.97 0.04787
9596.5 0.05414
9598.03 0.05619
9599.56 0.06609
9601.09 0.07509
9602.62 0.06816
9604.15 0.06937
9605.68 0.07153
9607.21 0.05661
9608.74 0.05797
9610.27 0.06278
9611.8 0.07018
9613.33 0.07867
9614.86 0.06541
9616.39 0.04751
9617.92 0.04923
9619.45 0.04951
9620.98 0.05387
9622.51 0.05378
9624.04 0.04504
9625.57 0.05146
9627.1 0.06485
9628.63 0.06697
9630.16 0.08025
9631.69 0.10164
9633.22 0.09194
9634.75 0.06942
9636.28 0.06726
9637.81 0.06874
9639.34 0.06584
9640.87 0.05659
9642.4 0.06091
9643.93 0.06162
9645.46 0.05854
9646.99 0.04959
9648.52 0.07005
9650.05 0.09215
9651.58 0.07328
9653.11 0.07069
9654.64 0.08253
9656.17 0.0805
9657.7 0.06884
9659.23 0.07198
9660.76 0.05197
9662.29 0.0368
9663.82 0.0532
9665.35 0.06589
9666.88 0.06645
9668.41 0.08752
9669.94 0.0677
9671.47 0.05759
9673.0 0.07485
9674.53 0.09811
9676.06 0.10672
9677.59 0.07641
9679.12 0.0706
9680.65 0.0615
9682.18 0.04879
9683.71 0.07675
9685.24 0.10061
9686.77 0.08622
9688.3 0.07426
9689.83 0.10956
9691.36 0.11028
9692.89 0.09596
9694.42 0.08624
9695.95 0.08762
9697.48 0.08316
9699.01 0.08498
9700.54 0.09406
9702.07 0.08206
9703.6 0.09151
9705.13 0.07353
9706.66 0.09767
9708.19 0.11405
9709.72 0.11211
9711.25 0.10303
9712.78 0.0938
9714.31 0.09163
9715.84 0.06877
9717.37 0.07734
9718.9 0.07793
9720.43 0.07595
9721.96 0.06793
9723.49 0.06921
9725.02 0.07702
9726.55 0.06501
9728.08 0.07354
9729.61 0.07954
9731.14 0.08719
9732.67 0.08569
9734.2 0.05683
9735.73 0.04227
9737.26 0.05803
9738.79 0.0617
9740.32 0.06437
9741.85 0.09099
9743.38 0.08993
9744.91 0.08278
9746.44 0.09923
9747.97 0.10247
9749.5 0.10037
9751.03 0.09318
9752.56 0.0701
9754.09 0.07361
9755.62 0.09038
9757.15 0.09326
9758.68 0.07959
9760.21 0.07315
9761.74 0.07481
9763.27 0.06012
9764.8 0.06775
9766.33 0.08767
9767.86 0.10746
9769.39 0.11349
9770.92 0.10411
9772.45 0.09166
9773.98 0.08413
9775.51 0.09538
9777.04 0.08479
9778.57 0.0835
9780.1 0.08507
9781.63 0.07697
9783.16 0.0825
9784.69 0.09748
9786.22 0.10326
9787.75 0.08447
9789.28 0.081
9790.81 0.10632
9792.34 0.06788
9793.87 0.05584
9795.4 0.08397
9796.93 0.10409
9798.46 0.10413
9799.99 0.0587
9801.52 0.04266
9803.05 0.06453
9804.58 0.10679
9806.11 0.1146
9807.64 0.09562
9809.17 0.09275
9810.7 0.10411
9812.23 0.10061
9813.76 0.11924
9815.29 0.10859
9816.82 0.10122
9818.35 0.09966
9819.88 0.08771
9821.41 0.07644
9822.94 0.06707
9824.47 0.08541
9826.0 0.07506
9827.53 0.08624
9829.06 0.09251
9830.59 0.10244
9832.12 0.0794
9833.65 0.08783
9835.18 0.08754
9836.71 0.08364
9838.24 0.08291
9839.77 0.09577
9841.3 0.10391
9842.83 0.10842
9844.36 0.10659
9845.89 0.12157
9847.42 0.12309
9848.95 0.09342
9850.48 0.08918
9852.01 0.08322
9853.54 0.0856
9855.07 0.09131
9856.6 0.07523
9858.13 0.09006
9859.66 0.10987
9861.19 0.09041
9862.72 0.08001
9864.25 0.08496
9865.78 0.09583
9867.31 0.10582
9868.84 0.1262
9870.37 0.10697
9871.9 0.07009
9873.43 0.09542
9874.96 0.07874
9876.49 0.07324
9878.02 0.08679
9879.55 0.08076
9881.08 0.07969
9882.61 0.09334
9884.14 0.10991
9885.67 0.10349
9887.2 0.07555
9888.73 0.086
9890.26 0.12612
9891.79 0.14288
9893.32 0.14992
9894.85 0.13574
9896.38 0.11658
9897.91 0.10956
9899.44 0.09598
9900.97 0.08388
9902.5 0.08208
9904.03 0.08835
9905.56 0.10996
9907.09 0.11834
9908.62 0.0967
9910.15 0.13423
9911.68 0.16853
9913.21 0.10227
9914.74 0.05929
9916.27 0.06938
9917.8 0.05977
9919.33 0.069
9920.86 0.1015
9922.39 0.11522
9923.92 0.11354
9925.45 0.09911
9926.98 0.09444
9928.51 0.09892
9930.04 0.09195
9931.57 0.09394
9933.1 0.10872
9934.63 0.1186
9936.16 0.11903
9937.69 0.1078
9939.22 0.11026
9940.75 0.11787
9942.28 0.09512
9943.81 0.09245
9945.34 0.12082
9946.87 0.12874
9948.4 0.0948
9949.93 0.05763
9951.46 0.05678
9952.99 0.14039
9954.52 0.11876
9956.05 0.09844
9957.58 0.10173
9959.11 0.09879
9960.64 0.11049
9962.17 0.05775
9963.7 0.04386
9965.23 0.08957
9966.76 0.08973
9968.29 0.0949
9969.82 0.12203
9971.35 0.12582
9972.88 0.11264
9974.41 0.10569
9975.94 0.09225
9977.47 0.11091
9979.0 0.1103
9980.53 0.12377
9982.06 0.13179
9983.59 0.11713
9985.12 0.0971
9986.65 0.09199
9988.18 0.11286
9989.71 0.0982
9991.24 0.11185
9992.77 0.11367
9994.3 0.09786
9995.83 0.10798
9997.36 0.09626
9998.89 0.09727
10000.42 0.11555
