#wave flux
3200.17602 8.76577
3201.25 -2.826
3202.32398 0.91023
3203.39795 0.46702
3204.4729 -5.40631
3205.54712 -2.07648
3206.62109 3.21989
3207.69507 2.08317
3208.77002 7.46941
3209.84399 4.40822
3210.91797 -4.08031
3211.99194 4.12333
3213.0669 -2.28489
3214.14111 0.57706
3215.21509 0.36453
3216.28906 3.81644
3217.36401 2.43977
3218.43799 0.26195
3219.51196 2.71893
3220.58594 9.03442
3221.66089 4.28298
3222.73511 2.587
3223.80908 7.9675
3224.88306 8.81071
3225.95801 4.52868
3227.03198 5.57266
3228.10596 8.51625
3229.17993 2.77247
3230.25488 -3.65583
3231.3291 -3.62428
3232.40308 2.82887
3233.47705 -0.0525
3234.552 -1.35277
3235.62598 5.57553
3236.69995 2.0239
3237.77393 -3.20554
3238.84912 -1.42925
3239.9231 8.26291
3240.99707 4.79063
3242.07104 -5.57935
3243.146 -3.01816
3244.21997 -2.07553
3245.29394 1.32027
3246.36792 2.61759
3247.44312 8.94073
3248.51709 1.27438
3249.59106 3.65679
3250.66504 1.23901
3251.73999 5.0478
3252.81396 -2.86233
3253.88794 0.80746
3254.96191 1.40153
3256.03711 -3.42256
3257.11108 0.47859
3258.18506 -2.42256
3259.25903 -1.61281
3260.33301 4.48375
3261.40796 3.78872
3262.48193 3.32696
3263.55591 4.06405
3264.62988 -3.17591
3265.70508 -2.66922
3266.77905 2.42734
3267.85303 -1.35086
3268.927 1.68738
3270.00195 7.86998
3271.07593 6.15488
3272.1499 0.64082
3273.22412 -0.09028
3274.29907 -0.6891
3275.37305 1.79254
3276.44702 0.82973
3277.521 -0.96272
3278.59595 2.59465
3279.66992 -0.59465
3280.7439 2.92734
3281.81812 1.89579
3282.89307 1.85946
3283.96704 1.16444
3285.04102 0.65813
3286.11499 -0.31444
3287.18994 5.52008
3288.26392 4.03728
3289.33789 -3.43595
3290.41211 0.41625
3291.48706 0.87132
3292.56104 -0.38537
3293.63501 0.20946
3294.70898 -0.40736
3295.78394 1.2065
3296.85791 -0.74924
3297.93188 -2.4914
3299.0061 0.68604
3300.08106 -1.35086
3301.15503 -0.6326
3302.229 2.15679
3303.30298 -1.35946
3304.37793 -1.52581
3305.4519 3.10229
3306.52588 0.08092
3307.6001 -1.93499
3308.67505 -1.28967
3309.74902 0.46826
3310.823 4.42065
3311.89697 1.86998
3312.97192 4.06883
3314.0459 3.49044
3315.12012 2.10421
3316.19409 -0.47925
3317.26904 -4.76577
3318.34302 -0.68203
3319.41699 1.56692
3320.49097 2.07553
3321.56592 0.39713
3322.63989 1.32122
3323.71411 1.4608
3324.78809 0.63834
3325.86304 -1.174
3326.93701 -0.11673
3328.01099 2.43021
3329.08496 0.67141
3330.15894 2.60229
3331.23389 0.47294
3332.3081 1.34608
3333.38208 -0.10793
3334.45606 -1.2543
3335.53101 1.30688
3336.60498 2.0325
3337.67896 0.87562
3338.75293 2.46272
3339.82788 0.26912
3340.9021 3.22849
3341.97607 3.10038
3343.05005 -1.26673
3344.125 0.41166
3345.19898 3.80688
3346.27295 3.17591
3347.34692 -1.54589
3348.42212 0.72046
3349.49609 0.69608
3350.57007 -0.21319
3351.64404 -0.70774
3352.71899 2.85564
3353.79297 2.74952
3354.86694 -1.82314
3355.94092 -1.0631
3357.01611 2.57553
3358.09009 1.82887
3359.16406 1.53824
3360.23804 1.23423
3361.31299 -1.32792
3362.38696 -0.94665
3363.46094 3.10707
3364.53491 1.44073
3365.61011 1.06597
3366.68408 -0.58939
3367.75806 2.09656
3368.83203 4.42161
3369.90698 2.5392
3370.98096 1.27247
3372.05493 2.38528
3373.12891 1.93499
3374.2041 3.36424
3375.27808 4.8499
3376.35205 3.09656
3377.42602 1.73136
3378.50098 0.29407
3379.57495 -0.80545
3380.64893 -0.88489
3381.7229 1.76386
3382.7981 1.52964
3383.87207 -0.06011
3384.94604 -1.35182
3386.02002 1.64436
3387.09497 1.33556
3388.16894 1.68738
3389.24292 -0.12476
3390.3169 2.6348
3391.39209 1.32409
3392.46606 0.51367
3393.54004 0.67447
3394.61401 0.18614
3395.68799 0.11128
3396.76294 -1.74379
3397.83691 0.15583
3398.91089 2.49235
3399.98511 -0.32715
3401.06006 -0.03466
3402.13403 3.06405
3403.20801 2.48757
3404.28198 1.00956
3405.35693 -0.80421
3406.43091 -0.29044
3407.50488 -0.35315
3408.5791 0.6718
3409.65405 -0.44828
3410.72803 0.18929
3411.802 1.20554
3412.87598 0.25612
3413.95093 0.10612
3415.0249 -0.07379
3416.09912 2.13384
3417.1731 3.68929
3418.24805 1.02677
3419.32202 1.56883
3420.396 3.16252
3421.46997 -0.79522
3422.54492 2.05163
3423.6189 2.68356
3424.69312 1.48662
3425.76709 1.79541
3426.84204 0.78021
3427.91602 -0.01641
3428.98999 -0.43547
3430.06396 1.05354
3431.13892 2.28203
3432.21289 1.90057
3433.28711 3.16061
3434.36108 2.05832
3435.43604 -2.15201
3436.51001 1.7304
3437.58398 5.51338
3438.65796 2.20268
3439.73291 0.77591
3440.80688 -1.32505
3441.8811 -0.10076
3442.95508 1.2218
3444.03003 1.08317
3445.104 0.01349
3446.17798 0.25946
3447.25195 1.39006
3448.3269 1.75813
3449.40088 1.02964
3450.4751 0.91989
3451.54907 2.86042
3452.62402 2.74761
3453.698 0.90363
3454.77197 1.34226
3455.84595 3.96367
3456.9209 0.79398
3457.99512 -2.32792
3459.06909 -1.75239
3460.14307 -0.78117
3461.21802 0.44952
3462.29199 2.14627
3463.36597 1.32027
3464.43994 2.20363
3465.51392 2.11568
3466.58911 -0.39006
3467.66309 0.61444
3468.73706 -0.0438
3469.81104 2.26769
3470.88599 0.59971
3471.95996 -1.43308
3473.03394 1.27533
3474.10791 2.99331
3475.1831 1.30593
3476.25708 0.82055
3477.33106 -0.46463
3478.40503 1.63767
3479.47998 -0.5414
3480.55396 -0.06071
3481.62793 1.15201
3482.7019 -1.11281
3483.7771 -1.84895
3484.85107 -0.46845
3485.92505 4.34512
3486.99902 4.7065
3488.07398 2.89866
3489.14795 -0.56797
3490.22192 3.21128
3491.2959 3.4369
3492.37109 1.21606
3493.44507 -1.22275
3494.51904 -0.21788
3495.59302 0.70602
3496.66797 0.39417
3497.74194 -1.28681
3498.81592 0.025
3499.88989 -0.43098
3500.96509 -0.35468
3502.03906 0.87983
3503.11304 -0.43518
3504.18701 2.36329
3505.26196 1.00478
3506.33594 0.38031
3507.40991 2.52103
3508.48389 -1.01147
3509.55908 1.32027
3510.63306 1.66826
3511.70703 0.63757
3512.78101 0.16606
3513.85596 -0.0462
3514.92993 1.43786
3516.00391 2.18642
3517.07788 1.33365
3518.15308 1.16252
3519.22705 0.75239
3520.30102 2.41396
3521.375 1.80784
3522.44995 0.2891
3523.52393 1.79159
3524.5979 1.58604
3525.67212 2.67304
3526.74707 2.16157
3527.82104 0.40612
3528.89502 -0.2544
3529.96899 0.17811
3531.04297 -0.3325
3532.11792 1.09465
3533.1919 0.46922
3534.26611 0.93776
3535.34009 1.09943
3536.41504 1.20076
3537.48901 1.01243
3538.56299 1.8327
3539.63696 1.0717
3540.71191 0.56128
3541.78589 0.31147
3542.86011 0.06699
3543.93408 1.57457
3545.00903 1.32792
3546.08301 0.7805
3547.15698 3.37189
3548.23096 1.38719
3549.30591 -0.99331
3550.37988 0.33977
3551.4541 -0.66013
3552.52808 0.68021
3553.60303 1.99904
3554.677 2.24379
3555.75098 1.27247
3556.82495 1.27342
3557.8999 1.29541
3558.97412 1.27151
3560.0481 0.71539
3561.12207 -0.65966
3562.19702 -1.3413
3563.271 -1.12715
3564.34497 0.00759
3565.41894 1.39962
3566.4939 2.0239
3567.56812 0.17849
3568.64209 0.02248
3569.71606 -0.87629
3570.79102 -1.41396
3571.86499 -1.29828
3572.93896 0.45134
3574.01294 1.40918
3575.08789 2.64914
3576.16211 2.63958
3577.23608 0.8695
3578.31006 -0.14312
3579.38501 -0.82945
3580.45898 0.53671
3581.53296 0.54426
3582.60693 -0.45354
3583.68188 0.337
3584.7561 1.66635
3585.83008 1.4283
3586.90405 0.5825
3587.979 0.76883
3589.05298 0.47897
3590.12695 1.61281
3591.20093 1.12715
3592.27588 0.5414
3593.3501 1.68069
3594.42407 2.66539
3595.49805 1.89579
3596.573 0.71663
3597.64697 0.92457
3598.72095 0.81195
3599.79492 0.29742
3600.8689 1.68642
3601.94409 1.28298
3603.01807 0.28394
3604.09204 1.22275
3605.16602 0.19618
3606.24097 0.25746
3607.31494 1.79637
3608.38892 1.38719
3609.46289 0.17122
3610.53809 1.18451
3611.61206 1.09656
3612.68604 -0.1762
3613.76001 -0.30937
3614.83496 -0.79187
3615.90894 -0.40363
3616.98291 1.35277
3618.05688 1.0392
3619.13208 1.59273
3620.20606 0.33356
3621.28003 0.80631
3622.354 1.20268
3623.42896 0.25736
3624.50293 0.86902
3625.5769 1.25048
3626.65088 -0.14704
3627.72607 0.64522
3628.80005 1.25813
3629.87402 0.07772
3630.948 -0.25153
3632.02295 1.48566
3633.09692 2.21415
3634.1709 2.09465
3635.24512 -0.41004
3636.32007 0.36033
3637.39404 2.08509
3638.46802 1.90344
3639.54199 0.81855
3640.61694 -0.63078
3641.69092 -0.53203
3642.76489 1.35277
3643.83911 0.99809
3644.91406 1.37859
3645.98804 1.39771
3647.06201 0.83432
3648.13599 1.36998
3649.21094 -0.25641
3650.28491 0.95985
3651.35889 2.28585
3652.4331 1.46558
3653.50806 0.83987
3654.58203 1.75335
3655.65601 1.54971
3656.72998 1.38623
3657.80493 3.3327
3658.87891 1.42447
3659.95288 1.85373
3661.0271 1.60612
3662.10205 0.16147
3663.17602 3.5717
3664.25 1.04493
3665.32398 1.17495
3666.39795 1.85564
3667.4729 1.62428
3668.54712 0.88614
3669.62109 1.83556
3670.69507 2.07361
3671.77002 0.33164
3672.84399 0.70612
3673.91797 0.48939
3674.99194 0.65124
3676.0669 0.84579
3677.14111 0.50296
3678.21509 1.52199
3679.28906 2.47897
3680.36401 1.64436
3681.43799 1.1826
3682.51196 1.8327
3683.58594 0.54981
3684.66089 1.02199
3685.73511 1.61281
3686.80908 1.89771
3687.88306 1.89771
3688.95801 1.54685
3690.03198 3.01721
3691.10596 1.09656
3692.17993 1.43881
3693.25488 2.6587
3694.3291 2.15774
3695.40308 0.62964
3696.47705 0.6414
3697.552 1.30497
3698.62598 2.07553
3699.69995 0.30956
3700.77393 1.02103
3701.84912 1.09178
3702.9231 1.41013
3703.99707 0.01308
3705.07104 0.86099
3706.146 1.44646
3707.21997 1.22084
3708.29394 1.93403
3709.36792 1.45602
3710.44312 1.76291
3711.51709 1.57266
3712.59106 1.18929
3713.66504 0.76071
3714.73999 1.36138
3715.81396 0.81453
3716.88794 1.40727
3717.96191 0.9305
3719.03711 2.30115
3720.11108 0.8978
3721.18506 -0.44331
3722.25903 0.82151
3723.33398 2.45124
3724.40796 1.82792
3725.48193 0.42275
3726.55591 1.86424
3727.6311 1.8499
3728.70508 2.27055
3729.77905 1.58126
3730.85303 2.86902
3731.927 0.42103
3733.00195 1.52199
3734.07593 0.64178
3735.1499 0.00145
3736.22412 0.7283
3737.29907 1.68642
3738.37305 1.20841
3739.44702 1.38432
3740.521 0.72467
3741.59595 1.28011
3742.66992 2.01625
3743.7439 1.64818
3744.81812 0.57122
3745.89307 0.41176
3746.96704 0.73365
3748.04102 1.79159
3749.11499 1.4044
3750.18994 2.40153
3751.26392 2.08891
3752.33789 0.60612
3753.41211 1.14245
3754.48706 0.91998
3755.56104 0.23346
3756.63501 0.4501
3757.70898 1.52486
3758.78394 1.9522
3759.85791 0.90736
3760.93188 0.59025
3762.0061 0.76644
3763.08106 1.50765
3764.15503 1.90535
3765.229 1.33652
3766.30298 2.80306
3767.37793 1.25621
3768.4519 2.32505
3769.52588 1.57266
3770.6001 1.51434
3771.67505 2.53728
3772.74902 2.49713
3773.823 1.68356
3774.89697 -0.10096
3775.97192 1.28394
3777.0459 2.3327
3778.12012 2.69312
3779.19409 1.413
3780.26904 0.52027
3781.34302 0.65402
3782.41699 1.65966
3783.49097 0.92256
3784.56592 1.80688
3785.63989 1.71319
3786.71411 1.71511
3787.78809 0.50143
3788.86304 1.12715
3789.93701 1.18547
3791.01099 1.9522
3792.08496 2.3088
3793.15991 1.60421
3794.23389 2.0
3795.3081 1.87667
3796.38208 2.20076
3797.45606 0.78958
3798.53101 0.01745
3799.60498 0.78862
3800.67896 1.16061
3801.75293 1.79159
3802.82788 1.74857
3803.9021 0.7218
3804.97607 1.05354
3806.05005 0.90583
3807.125 1.29732
3808.19898 1.33174
3809.27295 1.70268
3810.34692 1.88337
3811.42212 1.57266
3812.49609 2.0086
3813.57007 1.37954
3814.64404 1.84417
3815.71899 1.5478
3816.79297 0.97419
3817.86694 1.65583
3818.94092 1.63002
3820.01611 1.40918
3821.09009 1.16922
3822.16406 1.45029
3823.23804 1.09465
3824.31299 0.74522
3825.38696 0.62027
3826.46094 0.31989
3827.53491 0.90631
3828.61011 1.93212
3829.68408 1.40057
3830.75806 1.21033
3831.83203 1.29924
3832.90698 1.64914
3833.98096 0.60727
3835.05493 1.40535
3836.12891 3.24952
3837.2041 1.66826
3838.27808 1.92161
3839.35205 2.30593
3840.42602 0.99522
3841.50098 0.80182
3842.57495 1.66061
3843.64893 1.90822
3844.7229 1.30402
3845.7981 2.19025
3846.87207 1.73709
3847.94604 1.93595
3849.02002 1.92447
3850.09497 0.75526
3851.16894 1.4522
3852.24292 2.53824
3853.3169 2.03537
3854.39209 1.58509
3855.46606 0.84216
3856.54004 0.80105
3857.61401 0.73107
3858.68896 1.48375
3859.76294 1.69503
3860.83691 1.72275
3861.91089 1.93595
3862.98511 0.90057
3864.06006 0.79675
3865.13403 0.73728
3866.20801 0.95698
3867.28198 1.57839
3868.35693 1.40631
3869.43091 0.61702
3870.50488 0.87782
3871.5791 1.3088
3872.65405 1.78489
3873.72803 1.39101
3874.802 0.84713
3875.87598 1.62333
3876.95093 1.73614
3878.0249 1.58317
3879.09912 1.57266
3880.1731 1.08891
3881.24805 1.08891
3882.32202 1.47992
3883.396 1.19503
3884.46997 2.1434
3885.54492 2.15201
3886.6189 0.99235
3887.69312 1.28298
3888.76709 1.56023
3889.84204 1.15966
3890.91602 1.06214
3891.98999 1.69598
3893.06396 1.28776
3894.13892 1.10038
3895.21289 0.96176
3896.28711 0.8827
3897.36108 1.62524
3898.43604 1.39197
3899.51001 1.31549
3900.58398 1.44933
3901.65796 1.3088
3902.73291 1.31071
3903.80688 1.56692
3904.8811 1.21033
3905.95508 0.33375
3907.03003 0.1522
3908.104 0.2913
3909.17798 0.80516
3910.25195 1.24474
3911.3269 0.90382
3912.40088 1.23805
3913.4751 2.35564
3914.54907 1.51052
3915.62402 1.08987
3916.698 0.91874
3917.77197 1.2782
3918.84595 1.29446
3919.9209 0.96845
3920.99512 1.65392
3922.06909 1.54207
3923.14307 0.89962
3924.21802 1.90249
3925.29199 2.28967
3926.36597 0.75621
3927.43994 0.95402
3928.51489 0.66788
3929.58911 0.53241
3930.66309 1.20841
3931.73706 1.71415
3932.81104 1.36424
3933.88599 0.8827
3934.95996 0.49455
3936.03394 2.12237
3937.10791 2.17304
3938.1831 1.43403
3939.25708 1.62237
3940.33106 0.69054
3941.40503 1.29159
3942.47998 1.01338
3943.55396 1.15201
3944.62793 1.13384
3945.7019 1.55641
3946.7771 0.56606
3947.85107 1.17495
3948.92505 1.22753
3949.99902 1.7782
3951.07398 1.89675
3952.14795 1.48948
3953.22192 1.04589
3954.2959 0.14398
3955.37109 0.78413
3956.44507 0.92208
3957.51904 1.75813
3958.59302 0.95889
3959.66797 1.5153
3960.74194 1.52964
3961.81592 0.61185
3962.88989 0.36912
3963.96509 1.69694
3965.03906 1.9761
3966.11304 1.83843
3967.18701 0.90191
3968.26196 1.40344
3969.33594 1.91013
3970.40991 0.89895
3971.48389 0.71883
3972.55908 0.40287
3973.63306 1.1587
3974.70703 0.99044
3975.78101 1.61855
3976.85596 1.4283
3977.92993 1.06214
3979.00391 0.91205
3980.07788 1.35755
3981.15308 0.45679
3982.22705 0.67543
3983.30102 0.89216
3984.375 0.74025
3985.44995 1.62715
3986.52393 0.35143
3987.5979 1.15392
3988.67212 1.73136
3989.74707 1.31931
3990.82104 1.54493
3991.89502 0.90172
3992.96899 0.92906
3994.04394 1.17017
3995.11792 0.47075
3996.1919 0.96176
3997.26611 1.34895
3998.34009 2.09369
3999.41504 1.76769
4000.48901 1.13098
4001.56299 0.97036
4002.63696 1.21989
4003.71191 1.78298
4004.78589 2.13862
4005.86011 1.54589
4006.93408 1.43499
4008.00903 1.54302
4009.08301 1.55641
4010.15698 1.96941
4011.23096 2.64245
4012.30591 2.75813
4013.37988 1.26769
4014.4541 1.15488
4015.52808 1.78203
4016.60303 0.96845
4017.677 1.59082
4018.75098 2.1501
4019.82495 1.31931
4020.8999 2.09465
4021.97412 1.86902
4023.0481 0.98853
4024.12207 1.02103
4025.19702 1.31836
4026.271 1.34321
4027.34497 0.96654
4028.41894 1.42352
4029.4939 1.56788
4030.56812 0.3847
4031.64209 0.40105
4032.71606 0.89245
4033.79102 1.39579
4034.86499 1.89962
4035.93896 1.21511
4037.01294 1.64723
4038.08789 2.21224
4039.16211 0.95497
4040.23608 1.67113
4041.31006 1.8499
4042.38501 1.80593
4043.45898 1.53059
4044.53296 2.91587
4045.60693 2.47228
4046.68188 1.64723
4047.7561 2.36711
4048.83008 0.82256
4049.90405 0.98088
4050.979 0.99235
4052.05298 0.67294
4053.12695 0.88203
4054.20093 0.58021
4055.27588 1.25717
4056.3501 0.9109
4057.42407 0.31587
4058.49805 0.77314
4059.573 1.29446
4060.64697 2.1195
4061.72095 1.9608
4062.79492 0.92945
4063.8689 1.47036
4064.94409 1.93021
4066.01807 1.45124
4067.09204 1.4044
4068.16602 1.67973
4069.24097 1.52294
4070.31494 0.50277
4071.38892 0.2043
4072.46289 0.89264
4073.53809 1.09082
4074.61206 0.56673
4075.68604 0.7609
4076.76001 1.30306
4077.83496 0.8499
4078.90894 0.62562
4079.98291 1.66061
4081.05688 1.55354
4082.13208 1.13958
4083.20606 0.23298
4084.28003 -0.02859
4085.354 1.20554
4086.42896 1.72562
4087.50293 1.62237
4088.5769 1.6348
4089.65088 1.16922
4090.72607 1.26004
4091.80005 1.07553
4092.87402 1.05449
4093.948 0.63604
4095.02295 1.44646
4096.09717 2.41683
4097.1709 2.78967
4098.24512 1.45793
4099.31982 1.9369
4100.39404 2.24474
4101.46777 2.02868
4102.54199 1.35182
4103.61719 1.28107
4104.69092 1.1912
4105.76514 1.47706
4106.83887 0.85612
4107.91406 0.78461
4108.98779 2.13958
4110.06201 1.15201
4111.13623 1.39962
4112.21094 0.95029
4113.28516 1.91683
4114.35889 1.49235
4115.4331 1.64149
4116.50684 1.40822
4117.58203 2.16539
4118.65576 1.12524
4119.72998 0.77199
4120.80518 1.44837
4121.87891 0.73576
4122.95312 1.71128
4124.02686 1.15583
4125.10107 0.95344
4126.17578 1.08509
4127.25 1.4283
4128.32422 1.12141
4129.39893 1.6501
4130.47314 1.78107
4131.54688 0.81616
4132.62109 0.8108
4133.69482 2.17113
4134.77002 2.04685
4135.84424 1.3088
4136.91797 -0.14876
4137.99219 0.04346
4139.0669 1.25335
4140.14111 1.89962
4141.21484 1.00287
4142.28906 1.27055
4143.36377 1.66826
4144.43799 1.51147
4145.51221 1.03728
4146.58594 1.19312
4147.66113 2.03346
4148.73486 2.20937
4149.80908 1.61472
4150.88281 1.06023
4151.95801 1.71033
4153.03223 0.78107
4154.10596 1.32696
4155.18018 1.98662
4156.25488 1.17591
4157.3291 1.00096
4158.40283 1.10421
4159.47705 0.8717
4160.55176 -0.04956
4161.62598 0.76568
4162.7002 0.47161
4163.77393 0.65679
4164.84912 0.62906
4165.92285 1.31549
4166.99707 1.83174
4168.0708 2.14436
4169.146 2.08891
4170.22022 1.03346
4171.29395 1.30975
4172.36816 1.67782
4173.44287 1.85564
4174.51709 2.20841
4175.59082 1.90153
4176.66504 1.31549
4177.73877 1.22562
4178.81396 1.68164
4179.88818 1.68164
4180.96191 1.12906
4182.03711 1.3021
4183.11084 1.19885
4184.18506 0.57562
4185.25879 1.67782
4186.33301 2.13767
4187.4082 1.18547
4188.48193 1.57744
4189.55615 1.08987
4190.63086 0.87562
4191.70508 0.60038
4192.77881 1.13193
4193.85303 1.37285
4194.92676 0.4827
4196.00195 0.92696
4197.07617 0.85143
4198.1499 1.24952
4199.2251 1.15201
4200.29883 1.05927
4201.37305 0.93509
4202.44678 0.93499
4203.521 0.81444
4204.59619 0.62036
4205.66992 1.28489
4206.74414 1.30784
4207.81787 0.95086
4208.89307 1.62906
4209.9668 0.77667
4211.04102 0.68346
4212.11523 0.81539
4213.18994 1.56214
4214.26416 1.09847
4215.33789 0.84331
4216.41211 0.44532
4217.48682 1.63289
4218.56104 1.71033
4219.63477 1.70076
4220.70898 1.21989
4221.78418 1.29446
4222.85791 1.51147
4223.93213 1.69216
4225.00586 1.22658
4226.08105 1.58222
4227.15478 2.31453
4228.229 1.76195
4229.30322 0.87543
4230.37793 0.44312
4231.45215 0.8369
4232.52588 1.36807
4233.6001 0.61099
4234.6748 1.37285
4235.74902 0.95057
4236.82324 0.92763
4237.89697 1.13289
4238.97217 2.00096
4240.0459 2.93595
4241.12012 1.07839
4242.19385 1.01052
4243.26904 1.39579
4244.34277 0.90946
4245.41699 1.31836
4246.49121 1.41778
4247.56494 0.74273
4248.64014 1.02964
4249.71387 1.16061
4250.78809 0.67371
4251.86279 0.87945
4252.93701 1.44742
4254.01123 1.57553
4255.08496 1.24379
4256.15918 1.01243
4257.23389 0.62113
4258.3081 0.63728
4259.38184 1.36042
4260.45703 1.13767
4261.53076 1.40153
4262.60498 1.66539
4263.6792 1.63193
4264.75293 1.78203
4265.82812 1.51912
4266.90186 0.95134
4267.97607 1.14436
4269.05078 0.82744
4270.125 1.32122
4271.19922 2.44359
4272.27295 1.91109
4273.34717 1.32409
4274.42188 1.12906
4275.49609 0.88461
4276.56982 1.24857
4277.64404 0.92686
4278.71924 0.53566
4279.79297 1.20841
4280.86719 1.58222
4281.94092 1.6195
4283.01611 0.75191
4284.08984 0.68642
4285.16406 1.47036
4286.23779 1.08987
4287.31299 0.99235
4288.38721 1.40249
4289.46094 1.41969
4290.53516 1.12715
4291.60986 0.67084
4292.68408 1.00478
4293.75781 1.26386
4294.83203 0.48891
4295.90723 0.526
4296.98096 0.35688
4298.05518 1.5086
4299.12891 1.31071
4300.2041 1.3088
4301.27783 1.72275
4302.35205 1.17017
4303.42578 0.81233
4304.50098 1.56597
4305.5752 1.22562
4306.64893 0.3566
4307.72314 0.75249
4308.79785 1.36902
4309.87207 1.66348
4310.9458 2.13671
4312.02002 1.58126
4313.09522 1.25717
4314.16895 1.1673
4315.24316 1.07553
4316.3169 0.6001
4317.39111 0.71453
4318.46582 -0.02932
4319.54004 0.29675
4320.61377 1.56788
4321.68896 1.34704
4322.76318 0.83948
4323.83691 0.92008
4324.91113 1.11281
4325.98486 1.02103
4327.06006 1.51721
4328.13379 1.1979
4329.20801 1.43881
4330.2832 1.21128
4331.35693 0.84914
4332.43115 1.71511
4333.50488 1.57266
4334.5791 2.67686
4335.65381 2.54685
4336.72803 2.70554
4337.80176 1.78967
4338.87695 1.82983
4339.95117 2.26864
4341.0249 2.33843
4342.09912 1.21511
4343.17285 1.27055
4344.24805 1.77247
4345.32178 1.36807
4346.396 0.48403
4347.47022 0.26836
4348.54492 0.81816
4349.61914 1.65583
4350.69287 1.30497
4351.76709 1.70268
4352.8418 1.73996
4353.91602 1.65392
4354.99023 2.44455
4356.06396 1.70172
4357.13916 1.28872
4358.21289 1.00096
4359.28711 -0.12763
4360.36084 0.53164
4361.43604 1.48184
4362.50977 0.88614
4363.58398 0.38948
4364.6582 0.71377
4365.73291 0.48002
4366.80713 0.34933
4367.88086 1.46463
4368.95508 1.16635
4370.02978 0.60354
4371.104 1.11759
4372.17822 0.42897
4373.25195 0.19101
4374.32715 1.01625
4375.40088 0.9173
4376.4751 0.18011
4377.54883 0.68987
4378.62402 1.2065
4379.69824 1.37572
4380.77197 1.50669
4381.84619 1.47036
4382.9209 1.91874
4383.99512 1.70268
4385.06885 0.74637
4386.14307 1.24379
4387.2168 0.82132
4388.29199 1.22084
4389.36621 1.15966
4390.43994 0.85076
4391.51514 0.59665
4392.58887 1.45507
4393.66309 1.43021
4394.73682 0.82801
4395.81104 0.79866
4396.88623 1.37285
4397.95996 1.67304
4399.03418 1.16252
4400.10889 1.28107
4401.1831 1.50191
4402.25684 0.76644
4403.33105 0.84015
4404.40478 0.78136
4405.47998 0.47103
4406.5542 0.25899
4407.62793 1.3652
4408.70215 1.00382
4409.77686 1.59943
4410.85107 1.60612
4411.9248 1.98853
4412.99902 2.24665
4414.07422 1.31549
4415.14795 0.4587
4416.22217 0.49704
4417.2959 1.18547
4418.37109 1.42161
4419.44482 0.65956
4420.51904 1.09465
4421.59277 1.04398
4422.66797 0.37495
4423.74219 0.91568
4424.81592 0.64876
4425.89014 0.82141
4426.96484 1.73231
4428.03906 1.88528
4429.11279 1.20268
4430.18701 1.08891
4431.26221 1.85946
4432.33594 0.92228
4433.41016 1.01912
4434.48389 1.29254
4435.55908 0.86052
4436.63281 0.70191
4437.70703 0.58298
4438.78076 0.59828
4439.85596 1.1826
4440.93018 1.86807
4442.00391 1.55927
4443.07812 1.41778
4444.15283 1.1912
4445.22705 0.81119
4446.30078 1.34034
4447.375 1.37285
4448.44922 1.27247
4449.52393 1.24665
4450.59814 1.03346
4451.67188 0.73337
4452.74707 0.96272
4453.8208 1.15296
4454.89502 1.2782
4455.96924 1.38337
4457.04297 0.21482
4458.11816 1.01338
4459.1919 1.80784
4460.26611 1.58987
4461.34082 1.59465
4462.41504 1.01912
4463.48877 1.68164
4464.56299 1.54111
4465.63721 1.57457
4466.71191 2.44359
4467.78613 1.71319
4468.85986 1.43977
4469.93506 1.77342
4471.00879 1.74379
4472.08301 1.41396
4473.15723 0.98184
4474.23096 1.31644
4475.30615 1.29732
4476.37988 1.58031
4477.4541 0.65526
4478.52783 0.52409
4479.60303 1.69694
4480.67676 1.49044
4481.75098 1.58604
4482.8252 1.32887
4483.8999 0.94092
4484.97412 1.79924
4486.04785 2.16348
4487.12207 1.35946
4488.19678 1.41874
4489.271 1.42639
4490.34522 0.8044
4491.41895 1.48662
4492.49414 1.06023
4493.56787 1.07839
4494.64209 0.83948
4495.71582 0.68977
4496.79102 1.09465
4497.86523 1.0153
4498.93896 0.82591
4500.01318 1.26004
4501.08789 0.43929
4502.16211 1.17017
4503.23584 1.67113
4504.31006 1.78967
4505.38477 1.60612
4506.45898 0.58671
4507.5332 1.28776
4508.60693 1.70937
4509.68213 1.53155
4510.75586 1.23805
4511.83008 0.93585
4512.90381 0.43681
4513.979 0.88241
4515.05322 2.35755
4516.12695 1.64818
4517.20117 0.83279
4518.2749 1.04971
4519.3501 1.5717
4520.42383 1.7543
4521.49805 1.09656
4522.57324 1.3021
4523.64697 1.81549
4524.72119 1.17878
4525.79492 0.77342
4526.86914 1.13384
4527.94385 0.60019
4529.01807 0.61893
4530.0918 1.53346
4531.16699 1.4608
4532.24121 0.9238
4533.31494 0.95239
4534.38916 1.32122
4535.46289 1.33461
4536.53809 1.21224
4537.61182 1.47514
4538.68604 1.1501
4539.76123 0.6825
4540.83496 1.14532
4541.90918 0.61654
4542.98291 0.29704
4544.05713 0.63098
4545.13184 0.23088
4546.20605 0.93738
4547.27978 1.56597
4548.354 1.18834
4549.4292 1.66539
4550.50293 1.71033
4551.57715 1.14436
4552.65088 0.68843
4553.72607 1.25621
4554.7998 1.37763
4555.87402 0.99713
4556.94824 1.41874
4558.02295 1.22945
4559.09717 1.16922
4560.1709 1.10612
4561.24512 0.26644
4562.31982 0.70927
4563.39404 2.17782
4564.46777 0.97992
4565.54199 1.1587
4566.61719 1.45602
4567.69092 1.28107
4568.76514 2.08222
4569.83887 1.96272
4570.91406 1.86998
4571.98779 1.30402
4573.06201 1.23423
4574.13623 1.5
4575.21094 1.36138
4576.28516 0.87667
4577.35889 1.93308
4578.4331 1.70746
4579.50781 0.68719
4580.58203 0.88174
4581.65576 0.43709
4582.72998 0.61883
4583.80518 1.3174
4584.87891 0.78164
4585.95312 1.15679
4587.02686 1.15392
4588.10107 1.37094
4589.17578 1.93881
4590.25 0.82543
4591.32422 1.09751
4592.39893 0.42916
4593.47314 0.88069
4594.54688 1.20268
4595.62109 0.86874
4596.69482 1.56214
4597.77002 0.92782
4598.84424 0.63184
4599.91797 1.05641
4600.99316 0.54685
4602.0669 0.81511
4603.14111 0.53681
4604.21484 0.98184
4605.28906 1.15201
4606.36377 0.26998
4607.43799 0.86281
4608.51221 1.75526
4609.58594 1.68451
4610.66113 1.78776
4611.73486 1.92447
4612.80908 1.19885
4613.88281 0.68709
4614.95801 0.95793
4616.03223 0.96176
4617.10596 1.25143
4618.18018 0.97897
4619.25488 0.48088
4620.3291 1.04493
4621.40283 0.97132
4622.47705 1.47419
4623.55176 1.9369
4624.62598 1.72275
4625.7002 1.26195
4626.77393 0.69818
4627.84912 1.1195
4628.92285 1.40631
4629.99707 1.31931
4631.0708 0.72667
4632.146 0.90076
4633.22022 0.95698
4634.29395 1.18738
4635.36816 1.56597
4636.44287 1.41396
4637.51709 1.33652
4638.59082 1.17113
4639.66504 0.66434
4640.74023 1.88145
4641.81396 0.7544
4642.88818 0.84455
4643.96191 1.15679
4645.03711 0.78317
4646.11084 1.3021
4647.18506 1.25908
4648.25879 1.55641
4649.33398 1.52772
4650.4082 0.92658
4651.48193 1.42256
4652.55615 1.91778
4653.63086 2.07839
4654.70508 1.06214
4655.77881 0.62046
4656.85303 1.16157
4657.92676 1.3891
4659.00195 1.56692
4660.07617 1.53633
4661.1499 1.91587
4662.2251 1.64914
4663.29883 1.13193
4664.37305 1.13671
4665.44678 0.69512
4666.521 0.94388
4667.59619 0.83595
4668.66992 1.21606
4669.74414 1.18164
4670.81885 0.85841
4671.89307 0.45449
4672.9668 0.86883
4674.04102 1.0631
4675.11523 0.2348
4676.18994 1.17495
4677.26416 1.01052
4678.33789 1.15105
4679.41211 1.13289
4680.48682 1.01912
4681.56104 0.48776
4682.63477 0.46262
4683.70898 1.01338
4684.78418 0.94092
4685.85791 1.03442
4686.93213 0.83623
4688.00586 0.70363
4689.08105 0.96941
4690.15478 1.02294
4691.229 1.40057
4692.30322 0.91807
4693.37793 0.84675
4694.45215 0.80296
4695.52588 -0.10985
4696.6001 0.7391
4697.6748 1.00574
4698.74902 0.87055
4699.82324 1.68356
4700.89697 1.74857
4701.97217 1.86616
4703.0459 1.48184
4704.12012 0.92925
4705.19385 0.81539
4706.26904 0.95985
4707.34277 1.08604
4708.41699 1.20746
4709.49121 1.53346
4710.56592 1.70076
4711.64014 1.14245
4712.71387 0.9544
4713.78809 1.46654
4714.86279 0.86396
4715.93701 1.72084
4717.01123 1.30784
4718.08496 0.75057
4719.15918 0.96654
4720.23389 1.64627
4721.3081 1.39675
4722.38184 1.22562
4723.45703 1.45411
4724.53076 1.46654
4725.60498 0.89187
4726.6792 0.9761
4727.75293 1.06023
4728.82812 0.5066
4729.90186 1.03633
4730.97607 1.56501
4732.05078 0.96845
4733.125 0.66491
4734.19922 0.52686
4735.27295 1.24474
4736.34717 1.55163
4737.42188 0.23614
4738.49609 0.95985
4739.56982 1.63384
4740.64502 1.05354
4741.71924 0.90985
4742.79297 1.09465
4743.86719 1.27438
4744.94092 1.19407
4746.01611 1.68356
4747.08984 1.09943
4748.16406 1.12811
4749.23779 1.56597
4750.31299 0.50287
4751.38721 0.65124
4752.46094 0.576
4753.53516 1.11377
4754.60986 0.80038
4755.68408 1.33939
4756.75781 1.00574
4757.83203 1.04015
4758.90723 0.97706
4759.98096 1.25526
4761.05518 1.24092
4762.12891 1.03728
4763.2041 1.1912
4764.27783 1.10229
4765.35205 1.07553
4766.42578 1.91587
4767.50098 1.40631
4768.5752 0.4631
4769.64893 1.2065
4770.72314 1.99044
4771.79785 1.45698
4772.87207 0.96941
4773.9458 1.22658
4775.02002 1.37094
4776.09522 0.93403
4777.16895 0.81864
4778.24316 1.44933
4779.3169 1.34704
4780.39209 0.90258
4781.46582 1.05927
4782.54004 1.70363
4783.61377 1.09751
4784.68896 0.06107
4785.76318 0.94044
4786.83691 1.54971
4787.91113 1.93403
4788.98486 1.00287
4790.06006 0.40889
4791.13379 0.65306
4792.20801 0.63155
4793.2832 1.75048
4794.35693 1.90822
4795.43115 0.52553
4796.50488 0.85746
4797.5791 1.46463
4798.65381 1.13289
4799.72803 0.73174
4800.80176 0.72218
4801.87695 1.11472
4802.95117 1.21606
4804.0249 0.73834
4805.09912 0.79235
4806.17285 1.38719
4807.24805 1.74474
4808.32178 0.75545
4809.396 1.39006
4810.47119 1.59369
4811.54492 0.89971
4812.61914 1.50574
4813.69287 0.7739
4814.76709 0.87562
4815.8418 0.91577
4816.91602 1.12237
4817.99023 0.82438
4819.06396 1.21224
4820.13916 1.18738
4821.21289 1.95985
4822.28711 1.36042
4823.36084 0.33203
4824.43604 0.63633
4825.50977 0.68604
4826.58398 0.43528
4827.6582 1.03346
4828.73291 1.47419
4829.80713 1.23231
4830.88086 1.41013
4831.95508 0.68184
4833.02978 0.70822
4834.104 0.87132
4835.17822 1.1348
4836.25195 1.5086
4837.32715 1.59751
4838.40088 1.413
4839.4751 0.98279
4840.54883 0.85669
4841.62402 1.84512
4842.69824 1.67591
4843.77197 1.28872
4844.84619 1.03728
4845.9209 1.63384
4846.99512 2.53537
4848.06885 2.1587
4849.14307 1.35277
4850.21777 1.04685
4851.29199 1.93786
4852.36621 3.48948
4853.43994 5.46176
4854.51514 8.53633
4855.58887 8.83652
4856.66309 7.92352
4857.73682 5.81931
4858.81104 3.27725
4859.88623 2.30306
4860.95996 1.02486
4862.03418 1.413
4863.10889 2.19981
4864.1831 1.86616
4865.25684 0.9847
4866.33105 0.62237
4867.40478 1.71702
4868.47998 1.82887
4869.5542 0.55554
4870.62793 0.37218
4871.70312 1.55449
4872.77686 1.43499
4873.85107 1.49904
4874.9248 1.53346
4875.99902 1.43786
4877.07422 1.41874
4878.14795 1.34226
4879.22217 1.54971
4880.2959 1.50669
4881.37109 0.85019
4882.44482 0.6174
4883.51904 0.77495
4884.59277 1.38432
4885.66797 1.58987
4886.74219 1.27629
4887.81592 0.22591
4888.89014 0.59551
4889.96484 1.58795
4891.03906 1.45507
4892.11279 0.9412
4893.18701 1.19598
4894.26221 1.22562
4895.33594 1.44742
4896.41016 1.44837
4897.48389 0.80038
4898.55908 1.35277
4899.63281 1.5478
4900.70703 1.48757
4901.78076 0.98375
4902.85596 2.06692
4903.93018 0.59092
4905.00391 0.71692
4906.07812 1.08987
4907.15283 1.11855
4908.22705 1.19981
4909.30078 0.82304
4910.375 0.11692
4911.4502 1.28967
4912.52393 0.54025
4913.59814 0.90602
4914.67188 2.21033
4915.74707 1.72371
4916.8208 1.16922
4917.89502 1.18929
4918.96924 1.71128
4920.04297 1.20076
4921.11816 1.09178
4922.1919 1.29254
4923.26611 1.39484
4924.34082 1.83078
4925.41504 1.18069
4926.48877 1.72945
4927.56299 1.9369
4928.63721 0.59589
4929.71191 1.28872
4930.78613 2.07457
4931.85986 1.64914
4932.93506 0.7044
4934.00879 0.20153
4935.08301 1.20459
4936.15723 1.45507
4937.23096 1.89388
4938.30615 1.93786
4939.37988 2.13958
4940.4541 1.77151
4941.52881 1.4522
4942.60303 0.8738
4943.67676 1.36424
4944.75098 1.16348
4945.8252 1.02868
4946.8999 0.97706
4947.97412 1.10134
4949.04785 0.99809
4950.12207 1.11377
4951.19678 1.53059
4952.271 0.82495
4953.34522 0.69054
4954.41895 1.37667
4955.49414 1.30306
4956.56787 0.80096
4957.64209 1.32218
4958.71582 1.32409
4959.79102 1.1673
4960.86523 1.05258
4961.93896 0.6652
4963.01318 0.50459
4964.08789 0.37945
4965.16211 0.25478
4966.23584 0.47811
4967.31006 1.25239
4968.38477 1.17113
4969.45898 1.14149
4970.5332 1.86233
4971.60693 1.88241
4972.68213 1.76195
4973.75586 1.25717
4974.83008 0.73901
4975.90381 1.60994
4976.979 1.21989
4978.05322 0.3979
4979.12695 0.33872
4980.20117 1.17686
4981.27588 1.90249
4982.3501 1.13958
4983.42383 0.59101
4984.49805 0.80507
4985.57324 1.40631
4986.64697 0.5631
4987.72119 0.34216
4988.79492 0.26797
4989.86914 1.24952
4990.94385 2.23423
4992.01807 0.89235
4993.0918 0.96272
4994.16699 1.10421
4995.24121 1.78203
4996.31494 0.68203
4997.38916 1.89675
4998.46289 1.73231
4999.53809 1.72275
5000.61182 2.1262
5001.68604 1.27629
5002.76123 1.21893
5003.83496 2.06883
5004.90918 0.79197
5005.98291 0.36864
5007.05713 1.36807
5008.13184 2.15488
5009.20605 2.02199
5010.27978 2.326
5011.35498 2.61855
5012.4292 2.05927
5013.50293 1.95411
5014.57715 1.80593
5015.65088 1.47036
5016.72607 0.92839
5017.7998 1.97992
5018.87402 1.62524
5019.94824 1.11568
5021.02295 1.36424
5022.09717 0.73059
5023.1709 1.17591
5024.24512 1.11472
5025.31982 1.05736
5026.39404 1.27055
5027.46777 1.826
5028.54199 1.00096
5029.61719 0.91291
5030.69092 0.97514
5031.76514 1.36902
5032.83887 1.05067
5033.91406 0.99044
5034.98779 1.17208
5036.06201 0.80296
5037.13623 0.65449
5038.21094 0.60201
5039.28516 0.41845
5040.35889 1.31262
5041.4331 1.10612
5042.50781 0.58834
5043.58203 0.94436
5044.65576 1.42161
5045.72998 1.6348
5046.80518 0.46902
5047.87891 0.90105
5048.95312 1.45889
5050.02686 1.51816
5051.10205 1.24952
5052.17578 1.10994
5053.25 1.58891
5054.32422 1.19598
5055.39893 1.1348
5056.47314 0.63786
5057.54688 1.05641
5058.62109 1.55258
5059.69482 0.75688
5060.77002 1.06214
5061.84424 2.04876
5062.91797 1.47419
5063.99316 0.61692
5065.0669 1.326
5066.14111 1.58317
5067.21484 0.84379
5068.28906 1.07457
5069.36377 1.33556
5070.43799 0.41319
5071.51221 1.26482
5072.58691 0.79532
5073.66113 0.99904
5074.73486 1.23996
5075.80908 0.97992
5076.88281 1.46654
5077.95801 1.48853
5079.03223 1.19407
5080.10596 1.80784
5081.18115 2.09082
5082.25488 1.44073
5083.3291 0.66893
5084.40283 0.43117
5085.47705 1.84608
5086.55176 0.45038
5087.62598 0.12935
5088.7002 1.1434
5089.77393 1.23136
5090.84912 0.95793
5091.92285 0.49159
5092.99707 0.6674
5094.0708 1.59178
5095.146 1.70172
5096.22022 0.45258
5097.29395 0.69828
5098.36816 0.89398
5099.44287 0.76721
5100.51709 0.20488
5101.59082 0.78107
5102.66504 1.57648
5103.74023 1.54685
5104.81396 1.51243
5105.88818 0.83489
5106.96191 1.57648
5108.03711 1.62811
5109.11084 1.32983
5110.18506 2.22562
5111.25879 2.23709
5112.33398 0.62533
5113.4082 1.13767
5114.48193 1.28298
5115.55615 1.28203
5116.63086 0.83556
5117.70508 1.11663
5118.77881 1.49809
5119.85303 0.85899
5120.92822 1.94168
5122.00195 1.62524
5123.07617 1.19025
5124.1499 1.57935
5125.2251 0.92199
5126.29883 0.24598
5127.37305 1.02772
5128.44678 1.26482
5129.521 1.0325
5130.59619 1.14818
5131.66992 1.03346
5132.74414 1.27438
5133.81885 1.10229
5134.89307 0.51004
5135.9668 0.46463
5137.04102 1.6262
5138.11523 1.35277
5139.18994 1.08891
5140.26416 1.1587
5141.33789 1.27916
5142.41309 0.81597
5143.48682 1.22658
5144.56104 1.15774
5145.63477 0.91845
5146.70898 1.59178
5147.78418 1.3021
5148.85791 0.71319
5149.93213 1.54876
5151.00586 1.89675
5152.08105 2.03442
5153.15478 1.25143
5154.229 0.96845
5155.30322 0.94971
5156.37793 0.72686
5157.45215 1.81358
5158.52588 1.32314
5159.6001 1.05067
5160.6748 1.21797
5161.74902 0.79579
5162.82324 0.83031
5163.89697 1.25143
5164.97217 1.79732
5166.0459 1.37189
5167.12012 0.99522
5168.19385 1.19216
5169.26904 0.47036
5170.34277 0.44924
5171.41699 1.5478
5172.49121 1.10325
5173.56592 0.87333
5174.64014 1.38432
5175.71387 1.00956
5176.78809 0.92591
5177.86279 1.01434
5178.93701 0.70497
5180.01123 0.33289
5181.08496 0.9196
5182.16016 1.01338
5183.23389 0.35277
5184.3081 0.8783
5185.38184 1.02486
5186.45703 0.88107
5187.53076 1.63767
5188.60498 2.00669
5189.6792 1.05449
5190.75293 0.99713
5191.82812 1.32505
5192.90186 1.62906
5193.97607 2.03537
5195.05078 1.1673
5196.125 0.6086
5197.19922 0.40373
5198.27295 0.74598
5199.34717 0.96845
5200.42188 1.1587
5201.49609 0.64627
5202.56982 0.91319
5203.64502 1.63193
5204.71924 1.58126
5205.79297 1.5
5206.86719 0.31702
5207.94092 1.4369
5209.01611 0.95793
5210.08984 1.60229
5211.16406 1.20076
5212.23877 0.6086
5213.31299 1.08126
5214.38721 0.65621
5215.46094 0.99426
5216.53516 2.20746
5217.60986 1.54398
5218.68408 0.3217
5219.75781 1.05832
5220.83203 1.63002
5221.90723 1.34512
5222.98096 0.60363
5224.05518 0.4392
5225.12891 0.74771
5226.2041 0.91291
5227.27783 1.59751
5228.35205 3.21319
5229.42578 2.32505
5230.50098 1.05067
5231.5752 1.56501
5232.64893 2.63576
5233.72314 1.6109
5234.79785 1.31071
5235.87207 1.00382
5236.9458 1.56597
5238.02002 1.41969
5239.09522 1.30593
5240.16895 1.11185
5241.24316 1.36329
5242.3169 1.79924
5243.39209 1.57648
5244.46582 1.65966
5245.54004 1.05354
5246.61377 1.45315
5247.68896 1.44359
5248.76318 1.29732
5249.83691 1.04398
5250.91113 0.84857
5251.98584 2.59751
5253.06006 1.97132
5254.13379 1.94837
5255.20801 1.96176
5256.2832 1.07361
5257.35693 0.71205
5258.43115 1.13576
5259.50488 1.3738
5260.5791 0.75889
5261.65381 1.23709
5262.72803 1.913
5263.80176 0.76721
5264.87695 0.69732
5265.95117 0.47151
5267.0249 1.64532
5268.09912 1.6109
5269.17285 1.50287
5270.24805 1.68451
5271.32178 1.71702
5272.396 1.39388
5273.47119 1.07266
5274.54492 1.40535
5275.61914 1.34895
5276.69287 1.63958
5277.76709 1.59847
5278.8418 1.44551
5279.91602 1.41683
5280.99023 0.40076
5282.06494 0.76166
5283.13916 0.44015
5284.21289 2.41874
5285.28711 2.07648
5286.36084 0.49522
5287.43604 0.03115
5288.50977 1.1348
5289.58398 0.93442
5290.6582 0.55382
5291.73291 1.47228
5292.80713 1.15488
5293.88086 1.23231
5294.95508 0.70554
5296.02978 1.15296
5297.104 0.87887
5298.17822 1.25239
5299.25195 0.85918
5300.32715 1.01721
5301.40088 1.38241
5302.4751 0.8912
5303.54883 1.47992
5304.62402 1.21606
5305.69824 1.23901
5306.77197 1.13671
5307.84619 1.07553
5308.9209 1.32983
5309.99512 2.07075
5311.06885 2.77151
5312.14307 1.97992
5313.21777 1.08509
5314.29199 1.13671
5315.36621 1.18834
5316.43994 0.78977
5317.51514 0.95535
5318.58887 1.17017
5319.66309 0.33136
5320.73682 0.25516
5321.81201 0.73824
5322.88623 0.74388
5323.95996 1.25717
5325.03418 0.74828
5326.10889 0.83365
5327.1831 1.05736
5328.25684 0.9761
5329.33105 1.65201
5330.40478 2.11185
5331.47998 2.37572
5332.5542 1.08509
5333.62793 0.43795
5334.70312 0.97323
5335.77686 1.18738
5336.85107 1.77725
5337.9248 2.05545
5338.99902 1.79924
5340.07422 1.91013
5341.14795 1.89197
5342.22217 2.2935
5343.29688 1.79254
5344.37109 0.64054
5345.44482 1.39675
5346.51904 1.93021
5347.59277 0.62027
5348.66797 0.66539
5349.74219 1.56979
5350.81592 0.42562
5351.89014 0.97419
5352.96484 1.33748
5354.03906 -0.32447
5355.11279 0.37113
5356.18701 1.79446
5357.26221 1.70459
5358.33594 1.20363
5359.41016 0.83317
5360.48389 1.14245
5361.55908 0.71472
5362.63281 0.53145
5363.70703 1.40918
5364.78076 0.36558
5365.85596 -0.0896
5366.93018 1.19503
5368.00391 0.77753
5369.07812 0.44407
5370.15283 1.14723
5371.22705 1.64914
5372.30078 1.0325
5373.375 0.12141
5374.4502 0.40478
5375.52393 1.08604
5376.59814 0.97228
5377.67188 0.77677
5378.74707 1.40153
5379.8208 1.70172
5380.89502 1.21319
5381.96924 0.68604
5383.04394 0.66816
5384.11816 1.23996
5385.1919 0.52342
5386.26611 0.43604
5387.34082 0.8914
5388.41504 1.24092
5389.48877 1.14054
5390.56299 0.97706
5391.63818 1.24952
5392.71191 0.43002
5393.78613 0.4282
5394.85986 1.85755
5395.93506 1.49904
5397.00879 0.65201
5398.08301 0.73614
5399.15723 1.98184
5400.23096 2.40249
5401.30615 1.16252
5402.37988 0.58881
5403.4541 1.18929
5404.52881 0.41941
5405.60303 1.20841
5406.67676 2.05449
5407.75098 1.27247
5408.8252 0.2217
5409.8999 0.44828
5410.97412 1.20268
5412.04785 1.1262
5413.12305 0.28011
5414.19678 0.02785
5415.271 0.95344
5416.34522 1.81262
5417.41894 1.52103
5418.49414 0.16577
5419.56787 0.80296
5420.64209 1.33748
5421.71582 1.36329
5422.79102 0.3935
5423.86523 -0.40067
5424.93896 1.04111
5426.01318 1.32983
5427.08789 1.59751
5428.16211 1.5717
5429.23584 0.82409
5430.31006 -0.17428
5431.38477 -0.10277
5432.45898 1.16061
5433.5332 0.26845
5434.60693 -0.12294
5435.68213 1.15583
5436.75586 1.54015
5437.83008 1.15966
5438.90381 0.40076
5439.979 -0.23824
5441.05322 0.63738
5442.12695 1.35182
5443.20117 1.32983
5444.27588 1.0
5445.3501 1.35086
5446.42383 0.96845
5447.49805 1.47514
5448.57324 0.33136
5449.64697 1.14627
5450.72119 1.81836
5451.79492 1.74952
5452.87012 0.99331
5453.94385 0.93709
5455.01807 0.99426
5456.0918 2.20363
5457.16699 0.47897
5458.24121 0.59675
5459.31494 1.63098
5460.38916 2.94837
5461.46289 1.92161
5462.53809 0.04757
5463.61182 -0.51444
5464.68604 -0.03842
5465.76123 1.24665
5466.83496 0.63298
5467.90918 -0.21128
5468.98291 0.41797
5470.05713 0.76711
5471.13184 0.3914
5472.20606 0.1218
5473.27978 0.83834
5474.35498 1.0478
5475.4292 1.53442
5476.50293 1.49809
5477.57715 0.82792
5478.65088 -0.71568
5479.72607 -0.46845
5480.7998 0.47562
5481.87402 0.04655
5482.94922 0.21052
5484.02295 1.20554
5485.09717 1.82887
5486.1709 1.20459
5487.24512 0.85038
5488.31982 0.44006
5489.39404 0.05371
5490.46777 -0.17916
5491.54199 0.96845
5492.61719 0.42228
5493.69092 0.13279
5494.76514 0.86577
5495.83887 1.83556
5496.91406 0.8325
5497.98779 0.14541
5499.06201 0.25229
5500.13623 1.85373
5501.21094 1.68738
5502.28516 2.21989
5503.35889 1.55832
5504.4331 1.88719
5505.50781 0.68824
5506.58203 0.62648
5507.65576 0.55841
5508.72998 0.5914
5509.80518 1.28872
5510.87891 1.50191
5511.95312 0.68021
5513.02686 0.88757
5514.10205 1.72945
5515.17578 0.99331
5516.25 1.13384
5517.32422 1.24761
5518.39893 0.85335
5519.47314 1.02868
5520.54688 0.47199
5521.62109 0.62992
5522.6958 0.44207
5523.77002 0.10994
5524.84424 0.37658
5525.91797 0.96367
5526.99316 0.58891
5528.0669 0.94379
5529.14111 1.49713
5530.21484 1.21511
5531.28906 0.9239
5532.36377 0.86807
5533.43799 0.76759
5534.51221 1.77916
5535.58691 2.28585
5536.66113 1.32792
5537.73486 1.3805
5538.80908 1.58509
5539.88281 1.56692
5540.95801 0.78327
5542.03223 0.82715
5543.10596 0.99809
5544.18115 1.74379
5545.25488 1.59178
5546.3291 0.33193
5547.40283 -0.15535
5548.47705 0.86568
5549.55176 1.03824
5550.62598 1.3088
5551.7002 0.97514
5552.7749 0.62457
5553.84912 0.73633
5554.92285 1.4675
5555.99707 1.25908
5557.0708 1.27151
5558.146 1.55258
5559.22022 1.34895
5560.29394 1.34417
5561.36816 0.89656
5562.44287 0.79312
5563.51709 1.31166
5564.59082 2.20746
5565.66504 1.59369
5566.74023 0.68078
5567.81396 0.76788
5568.88818 0.73298
5569.96191 0.8869
5571.03711 0.88403
5572.11084 0.24847
5573.18506 -0.56778
5574.25879 1.91205
5575.33398 1.47514
5576.4082 1.36711
5577.48193 2.30784
5578.55615 1.76386
5579.63086 2.18164
5580.70508 2.19025
5581.77881 0.99522
5582.85303 -0.2587
5583.92822 0.28107
5585.00195 2.14914
5586.07617 1.27725
5587.1499 -0.10421
5588.2251 0.50325
5589.29883 1.93786
5590.37305 1.38719
5591.44678 -0.28327
5592.52197 -0.28614
5593.59619 0.90392
5594.66992 1.89197
5595.74414 1.65392
5596.81885 0.12782
5597.89307 -0.97419
5598.9668 0.1283
5600.04102 0.84006
5601.11523 0.31272
5602.18994 0.05231
5603.26416 0.98662
5604.33789 1.45315
5605.41309 0.8499
5606.48682 -0.21711
5607.56104 -0.08559
5608.63477 0.59943
5609.70898 1.34895
5610.78418 0.63805
5611.85791 -0.16358
5612.93213 0.25029
5614.00684 1.25048
5615.08106 0.95019
5616.15478 0.51338
5617.229 0.12132
5618.30322 -0.30822
5619.37793 0.14579
5620.45215 1.02294
5621.52588 0.77524
5622.6001 0.77237
5623.6748 1.64054
5624.74902 1.38815
5625.82324 1.00287
5626.89697 0.55899
5627.97217 0.5565
5629.0459 1.38528
5630.12012 1.4761
5631.19385 0.75602
5632.26904 -0.08902
5633.34277 0.19962
5634.41699 1.17878
5635.49121 0.69178
5636.56592 0.4173
5637.64014 0.68088
5638.71387 0.98184
5639.78809 1.14245
5640.86279 1.08413
5641.93701 1.07648
5643.01123 1.03155
5644.08496 1.08891
5645.16016 1.12237
5646.23389 0.64665
5647.3081 0.00746
5648.38184 0.20134
5649.45703 0.96845
5651.27588 0.98375
5652.81104 1.14914
5654.34522 0.81281
5655.87988 0.09904
5657.41406 -0.14914
5658.94922 1.54015
5660.48389 1.42161
5662.01807 -0.05881
5663.55322 0.24656
5665.08691 1.03059
5666.62207 0.34924
5668.15723 0.90851
5669.69092 1.69598
5671.22607 0.30918
5672.75977 0.48155
5674.29492 1.06119
5675.8291 1.09847
5677.36377 1.11663
5678.89893 1.0392
5680.4331 -0.01787
5681.96777 0.01169
5683.50195 0.79465
5685.03711 0.90038
5686.57178 0.57094
5688.10596 0.81348
5689.64111 0.34216
5691.1748 -0.06146
5692.70996 1.28967
5694.24414 0.23872
5695.77881 0.53681
5697.31396 0.82084
5698.84814 1.33939
5700.38281 1.2543
5701.91699 0.45143
5703.45215 1.29637
5704.98682 0.92553
5706.521 0.54541
5708.05615 0.9543
5709.58984 1.07075
5711.125 0.76663
5712.65918 0.84312
5714.19385 1.18834
5715.729 0.11033
5717.26318 0.30392
5718.79785 1.47323
5720.33301 1.24665
5721.86719 1.17686
5723.40186 0.80402
5724.93604 0.01897
5726.47119 0.01253
5728.00488 1.5956
5729.54004 1.62811
5731.0752 0.43356
5732.60889 0.9325
5734.14404 0.98279
5735.67822 0.62686
5737.21289 0.7001
5738.74805 1.32505
5740.28223 -0.21195
5741.8169 1.07744
5743.35107 2.2218
5744.88623 1.26291
5746.41992 1.00956
5747.95508 2.31071
5749.49023 1.21224
5751.02393 -0.00351
5752.55908 0.99426
5754.09277 0.3935
5755.62793 0.26998
5757.16309 0.43365
5758.69678 1.30975
5760.23193 0.32677
5761.76611 0.85927
5763.30078 1.00765
5764.83594 0.56836
5766.37012 0.46147
5767.90478 0.71931
5769.43896 1.09178
5770.97412 0.65774
5772.50781 0.12486
5774.04297 1.15488
5775.57812 0.32075
5777.11182 0.84732
5778.64697 1.67973
5780.18115 0.63881
5781.71582 0.85315
5783.25098 1.26864
5784.78516 0.09236
5786.31982 0.53059
5787.854 0.68384
5789.38916 1.59369
5790.92285 1.05354
5792.45801 1.56501
5793.99316 1.37763
5795.52686 1.07361
5797.06201 1.06979
5798.59619 1.4522
5800.13086 0.79656
5801.66602 0.01654
5803.2002 1.03633
5804.73486 0.79168
5806.26904 0.47562
5807.8042 1.33843
5809.33789 0.91224
5810.87305 0.89235
5812.4082 0.75545
5813.9419 0.33098
5815.47705 0.59379
5817.01123 1.62715
5818.5459 0.48499
5820.08106 0.48671
5821.61523 1.71319
5823.1499 1.50382
5824.68408 0.76386
5826.21924 1.02008
5827.75293 1.3021
5829.28809 0.82562
5830.82324 1.52008
5832.35693 1.34417
5833.89209 0.44283
5835.42578 0.72132
5836.96094 1.34417
5838.49609 -0.01847
5840.02978 0.03738
5841.56494 0.45793
5843.09912 0.43126
5844.63379 1.18164
5846.16797 1.19981
5847.70312 1.20363
5849.23779 0.5066
5850.77197 0.08867
5852.30713 0.14904
5853.8418 0.47256
5855.37598 0.73145
5856.91113 0.68098
5858.44482 1.17591
5859.97998 1.0
5861.51416 0.58241
5863.04883 0.83451
5864.58398 0.86463
5866.11816 1.39579
5867.65283 1.37572
5869.18701 1.11663
5870.72217 0.78308
5872.25684 1.38815
5873.79102 0.3325
5875.32617 1.49809
5876.85986 2.10707
5878.39502 0.15277
5879.9292 -0.42849
5881.46387 0.93595
5882.99902 1.16444
5884.5332 1.16539
5886.06787 0.93614
5887.60205 0.23327
5889.13721 1.05545
5890.67188 1.15583
5892.20606 1.22275
5893.74121 1.18642
5895.2749 0.98566
5896.81006 1.46845
5898.34522 1.63862
5899.87891 -1.18069
5901.41406 0.31482
5902.94824 0.72055
5904.48291 0.02898
5906.01709 0.59943
5907.55176 0.77323
5909.08691 0.27897
5910.62109 0.08134
5912.15576 -0.13901
5913.68994 0.4501
5915.2251 1.41587
5916.75977 1.82122
5918.29394 1.40535
5919.8291 0.39914
5921.36279 0.69904
5922.89795 0.50612
5924.43213 0.25669
5925.9668 0.93891
5927.50195 1.60421
5929.03613 0.4283
5930.5708 0.82667
5932.10498 0.55373
5933.64014 1.50478
5935.1748 1.24761
5936.70898 1.04493
5938.24414 0.72256
5939.77783 1.07648
5941.31299 0.65784
5942.84717 0.78346
5944.38184 0.0773
5945.91699 0.69407
5947.45117 1.18356
5948.98584 0.31434
5950.52002 0.84885
5952.05518 1.3891
5953.58984 0.78767
5955.12402 0.52562
5956.65918 1.48757
5958.19287 0.49034
5959.72803 0.99235
5961.26221 1.40822
5962.79688 1.21989
5964.33203 0.12667
5965.86621 1.23709
5967.40088 1.14532
5968.93506 0.20889
5970.47022 0.61463
5972.00488 1.5239
5973.53906 0.8912
5975.07422 0.06402
5976.60791 0.3456
5978.14307 0.87935
5979.67822 0.29541
5981.21191 1.63576
5982.74707 0.60679
5984.28076 0.58279
5985.81592 1.85373
5987.3501 1.11759
5988.88477 -0.32849
5990.41992 0.09185
5991.9541 1.28585
5993.48877 1.00765
5995.02295 0.59732
5996.5581 0.46625
5998.09277 0.031
5999.62695 0.17753
6001.16211 0.90182
6002.6958 0.38901
6004.23096 0.81233
6005.76611 1.3738
6007.2998 1.0631
6008.83496 0.38423
6010.36914 1.36711
6011.90381 1.22084
6013.43896 0.36147
6014.97314 1.09178
6016.50781 0.93021
6018.04199 0.43432
6019.57715 0.56071
6021.11084 0.88671
6022.646 1.21606
6024.18115 0.74111
6025.71484 0.81941
6027.25 0.83442
6028.78418 0.31836
6030.31885 1.20746
6031.854 0.70717
6033.38818 -0.17667
6034.92285 0.85497
6036.45703 1.60038
6037.99219 0.93509
6039.52588 1.10994
6041.06104 1.36138
6042.59619 1.02868
6044.12988 0.34465
6045.66504 1.04111
6047.19922 0.94446
6048.73389 0.79685
6050.26904 1.16061
6051.80322 0.67333
6053.33789 -0.17792
6054.87207 0.83824
6056.40723 1.00287
6057.94092 0.03427
6059.47607 0.44761
6061.01123 0.60994
6062.54492 0.64637
6064.08008 -0.06871
6065.61377 1.19885
6067.14893 1.37189
6068.68408 0.2001
6070.21777 0.8957
6071.75293 1.21606
6073.28711 0.66415
6074.82178 0.34407
6076.35596 0.60076
6077.89111 0.37046
6079.42578 0.13795
6080.95996 0.75908
6082.49512 0.81788
6084.02881 0.66549
6085.56396 0.95507
6087.09912 0.91816
6088.63281 0.98757
6090.16797 0.48413
6091.70215 0.87992
6093.23682 1.09847
6094.771 0.44847
6096.30615 0.53298
6097.84082 0.65841
6099.375 1.26004
6100.91016 1.13289
6102.44385 1.00669
6103.979 1.52008
6105.51416 1.31549
6107.04785 0.73891
6108.58301 0.45067
6110.11719 0.88815
6111.65186 0.8934
6113.18701 0.76157
6114.72119 0.96176
6116.25586 0.8435
6117.79004 0.61979
6119.3252 0.83078
6120.85889 1.34226
6122.39404 0.5631
6123.9292 0.7499
6125.46289 0.9412
6126.99805 0.85717
6128.53223 1.34704
6130.0669 1.34417
6131.60205 1.20363
6133.13623 0.59665
6134.6709 0.31281
6136.20508 1.32887
6137.74023 1.05736
6139.2749 0.33327
6140.80908 0.91004
6142.34424 0.88614
6143.87793 1.21033
6145.41309 1.44455
6146.94824 0.73432
6148.48193 0.49015
6150.01709 0.52333
6151.55078 1.42161
6153.08594 1.0153
6154.62012 0.63671
6156.15478 0.47141
6157.68994 -0.2739
6159.22412 0.76205
6160.75879 0.98757
6162.29297 0.29369
6163.82812 0.96558
6165.36279 0.98375
6166.89697 1.10325
6168.43213 0.75239
6169.96582 0.44771
6171.50098 0.7109
6173.03516 0.48423
6174.56982 1.10134
6176.10498 0.9044
6177.63916 0.60296
6179.17383 1.40822
6180.70801 1.24474
6182.24316 0.60497
6183.77783 0.77964
6185.31201 0.80631
6186.84717 0.57103
6188.38086 0.54178
6189.91602 0.94264
6191.4502 0.18423
6192.98486 0.24398
6194.52002 0.71482
6196.0542 0.84388
6197.58887 0.56663
6199.12305 1.02868
6200.6582 1.18834
6202.19287 0.78098
6203.72705 0.49742
6205.26221 0.86243
6206.7959 0.77161
6208.33106 0.65803
6209.86523 0.79197
6211.3999 1.39675
6212.93506 0.64197
6214.46924 0.45143
6216.00391 0.48728
6217.53809 0.38834
6219.07324 0.37218
6220.60791 1.09465
6222.14209 0.45029
6223.67676 0.79312
6225.21094 0.47036
6226.74609 0.65813
6228.27978 0.30994
6229.81494 1.20554
6231.3501 0.83222
6232.88379 0.58528
6234.41894 0.47122
6235.95312 1.32792
6237.48779 0.95526
6239.02295 1.01052
6240.55713 0.47839
6242.0918 0.8108
6243.62598 0.91099
6245.16113 0.92973
6246.6958 0.15335
6248.22998 0.36052
6249.76514 1.11281
6251.29883 0.80535
6252.83398 0.71539
6254.36816 0.5239
6255.90283 0.14254
6257.43799 0.91587
6258.97217 1.99331
6260.50684 1.27725
6262.04102 0.19197
6263.57617 0.56377
6265.11084 0.74943
6266.64502 0.84092
6268.18018 0.71272
6269.71387 1.41013
6271.24902 0.9044
6272.7832 0.41922
6274.31787 0.77428
6275.85303 0.94885
6277.38721 0.1891
6278.92188 0.47017
6280.45703 0.89235
6281.99121 0.34426
6283.52588 0.14168
6285.06006 0.70478
6286.59522 0.92954
6288.12891 1.09465
6289.66406 0.86377
6291.19922 0.50822
6292.73291 0.69828
6294.26807 1.38623
6295.80176 0.50086
6297.33691 0.31405
6298.87207 0.97897
6300.40576 1.50478
6301.94092 0.24235
6303.4751 0.34933
6305.00977 0.9304
6306.54394 0.75363
6308.0791 0.49933
6309.61377 0.77839
6311.14795 0.92189
6312.6831 0.7739
6314.2168 0.82371
6315.75195 0.95985
6317.28711 0.46711
6318.8208 0.73709
6320.35596 0.91721
6321.89014 0.26119
6323.4248 0.35488
6324.95898 1.21989
6326.49414 0.86816
6328.02881 0.6674
6329.56299 0.50927
6331.09814 0.37228
6332.63184 0.51855
6334.16699 1.00382
6335.70215 0.85134
6337.23584 0.51558
6338.771 0.57973
6340.30518 0.56683
6341.83984 1.0956
6343.37402 0.92763
6344.90918 0.98662
6346.44385 0.66291
6347.97803 0.62333
6349.51318 0.92792
6351.04688 0.4434
6352.58203 0.81224
6354.11719 0.93566
6355.65088 1.30019
6357.18604 0.36797
6358.72022 0.67801
6360.25488 0.95889
6361.78906 0.69751
6363.32422 0.63681
6364.85889 0.48145
6366.39307 0.63098
6367.92822 0.83671
6369.46191 1.23327
6370.99707 0.74417
6372.53223 0.77906
6374.06592 1.22371
6375.60107 1.3499
6377.13477 0.99044
6378.66992 1.17017
6380.20508 0.60029
6381.73877 0.52725
6383.27393 1.15105
6384.8081 1.17686
6386.34277 0.64551
6387.87695 0.95057
6389.41211 0.57639
6390.94678 0.78403
6392.48096 0.53098
6394.01611 0.71969
6395.5498 0.6261
6397.08496 0.5479
6398.62012 0.71013
6400.15381 0.87925
6401.68896 0.45717
6403.22314 0.77132
6404.75781 0.45315
6406.29297 0.50363
6407.82715 0.53069
6409.36182 1.1109
6410.896 0.56119
6412.43115 0.86166
6413.96582 1.44073
6415.5 1.01721
6417.03516 0.77839
6418.56885 1.04971
6420.104 0.9675
6421.63818 0.09199
6423.17285 0.85
6424.70801 1.5086
6426.24219 1.45029
6427.77686 0.47849
6429.31104 0.92122
6430.84619 0.59627
6432.38086 0.39512
6433.91504 1.33843
6435.4502 1.08126
6436.98389 0.54818
6438.51904 0.49589
6440.05322 1.14245
6441.58789 1.13958
6443.12305 0.95115
6444.65723 1.02581
6446.1919 0.61501
6447.72607 1.18547
6449.26123 1.32409
6450.7959 0.31902
6452.33008 0.6957
6453.86523 1.39866
6455.39893 1.2457
6456.93408 0.86405
6458.46777 0.74111
6460.00293 1.40249
6461.53809 1.25526
6463.07178 0.71415
6464.60693 1.23901
6466.14111 0.91558
6467.67578 0.46702
6469.21094 1.2218
6470.74512 0.79149
6472.27978 0.76663
6473.81396 1.03059
6475.34912 1.0392
6476.88281 0.83289
6478.41797 0.86205
6479.95312 0.82495
6481.48682 0.85019
6483.02197 0.73719
6484.55615 0.75554
6486.09082 0.72055
6487.62598 0.26836
6489.16016 0.8696
6490.69482 0.65163
6492.229 0.64876
6493.76416 1.13193
6495.29883 0.90937
6496.83301 0.53356
6498.36816 0.54025
6499.90186 0.96845
6501.43701 0.94054
6502.97119 0.83241
6504.50586 1.08031
6506.04102 0.94503
6507.5752 1.06597
6509.10986 1.5717
6510.64404 1.46941
6512.1792 0.66836
6513.71387 0.84589
6515.24805 0.73795
6516.7832 0.80067
6518.3169 1.44551
6519.85205 1.55354
6521.38623 0.97228
6522.9209 1.07839
6524.45606 1.36424
6525.99023 0.76616
6527.5249 0.95985
6529.06006 1.69503
6530.59424 1.73996
6532.12891 1.66539
6533.66309 2.50478
6535.19824 2.6262
6536.73193 1.93786
6538.26709 1.93977
6539.80176 2.20937
6541.33594 3.02008
6542.87109 4.01338
6544.40478 5.39866
6545.93994 6.84704
6547.4751 10.37285
6549.00879 15.52581
6550.54394 23.53728
6552.07812 37.4283
6553.61279 53.59465
6555.14697 65.57361
6556.68213 58.91969
6558.2168 36.45315
6559.75098 18.65201
6561.28613 10.1434
6562.81982 6.63002
6564.35498 5.40535
6565.89014 4.48757
6567.42383 3.60229
6568.95898 2.75717
6570.49316 2.25335
6572.02783 2.15105
6573.56201 2.29732
6575.09717 2.17878
6576.63184 1.69981
6578.16602 1.59847
6579.70117 1.92065
6581.23486 1.46463
6582.77002 1.05832
6584.30518 1.17017
6585.83887 1.04971
6587.37402 1.28489
6588.9082 1.31358
6590.44287 0.74197
6591.97705 0.61979
6593.51221 1.02294
6595.04688 0.89512
6596.58106 0.57075
6598.11621 0.80478
6599.6499 1.10038
6601.18506 1.04493
6602.72022 0.9847
6604.25391 1.1348
6605.78906 0.96654
6607.32324 0.79359
6608.85791 1.13958
6610.39209 1.09273
6611.92676 0.66176
6613.46191 0.91625
6614.99609 1.24379
6616.53076 0.65182
6618.06494 0.6239
6619.6001 0.96272
6621.13477 0.61969
6622.66894 0.54627
6624.2041 1.08795
6625.73779 0.79914
6627.27295 0.54771
6628.8081 0.88098
6630.3418 0.82467
6631.87695 0.73442
6633.41113 0.90354
6634.9458 0.66845
6636.47998 0.82075
6638.01514 1.10134
6639.5498 1.18069
6641.08398 1.14436
6642.61914 0.89359
6644.15283 1.1109
6645.68799 1.10899
6647.22314 0.96845
6648.75684 0.83222
6650.29199 0.44952
6651.82617 0.5327
6653.36084 0.61262
6654.89502 1.02294
6656.43018 1.19025
6657.96484 1.03824
6659.49902 0.87916
6661.03418 0.57887
6662.56885 0.32916
6664.10303 0.73872
6665.63818 0.74101
6667.17188 0.73394
6668.70703 1.50096
6670.24121 1.68547
6671.77588 0.93566
6673.31104 0.38547
6674.84522 0.65832
6676.37988 0.67342
6677.91406 0.67581
6679.44922 0.73231
6680.98389 0.81864
6682.51807 0.95698
6684.05322 1.13958
6685.58691 0.73805
6687.12207 0.60249
6688.65576 0.80382
6690.19092 0.64436
6691.72607 0.40956
6693.25977 0.61424
6694.79492 1.28585
6696.3291 0.69044
6697.86377 0.31185
6699.39893 0.6262
6700.9331 0.70354
6702.46777 0.59245
6704.00195 0.61128
6705.53711 0.53556
6707.07178 0.6869
6708.60596 0.70029
6710.14111 0.81826
6711.6748 0.77696
6713.20996 0.62438
6714.74414 1.00382
6716.27881 1.09178
6717.81396 0.837
6719.34814 0.68174
6720.88281 0.79149
6722.41699 0.84398
6723.95215 0.94847
6725.48584 0.81606
6727.021 0.18222
6728.55615 0.62954
6730.08984 0.71252
6731.625 0.61912
6733.15918 0.96463
6734.69385 0.7131
6736.229 0.3762
6737.76318 0.46472
6739.29785 0.69952
6740.83203 0.51262
6742.36719 0.60029
6743.90088 1.07457
6745.43604 0.95793
6746.97119 0.55899
6748.50488 0.83757
6750.04004 0.95545
6751.57422 0.70229
6753.10889 0.663
6754.64404 0.45784
6756.17822 1.02294
6757.71289 0.88795
6759.24707 0.46348
6760.78223 0.51683
6762.3169 0.69484
6763.85107 1.02581
6765.38623 0.78518
6766.91992 0.76233
6768.45508 1.06979
6769.98877 0.65421
6771.52393 0.99331
6773.05908 1.03633
6774.59277 0.94025
6776.12793 0.76358
6777.66211 0.88815
6779.19678 1.2696
6780.73193 0.41845
6782.26611 0.4586
6783.80078 0.97706
6785.33496 1.04015
6786.87012 0.75373
6788.40381 0.35268
6789.93896 0.70268
6791.47412 0.86405
6793.00781 1.06979
6794.54297 0.9914
6796.07812 0.9261
6797.61182 1.00191
6799.14697 1.13671
6800.68115 0.80229
6802.21582 0.63948
6803.75 0.72084
6805.28516 0.52447
6806.81982 0.65191
6808.354 0.80593
6809.88916 0.70296
6811.42285 0.40268
6812.95801 0.44665
6814.49316 0.69771
6816.02686 0.76338
6817.56201 0.7282
6819.09619 0.98853
6820.63086 0.94369
6822.16504 0.4761
6823.7002 0.61405
6825.23486 0.79025
6826.76904 0.51405
6828.3042 1.15679
6829.83789 1.15296
6831.37305 0.63499
6832.9082 0.55994
6834.4419 0.60803
6835.97705 0.13719
6837.51123 0.14895
6839.0459 0.92945
6840.58106 0.73184
6842.11523 0.36415
6843.6499 0.86405
6845.18408 1.0631
6846.71924 0.41902
6848.25293 0.63891
6849.78809 1.09273
6851.32324 0.58996
6852.85693 0.68948
6854.39209 1.27916
6855.92578 0.57132
6857.46094 0.00145
6858.99512 0.56281
6860.52978 0.9217
6862.06494 0.82199
6863.59912 0.69465
6865.13379 0.5935
6866.66797 0.16673
6868.20312 0.21272
6869.73779 1.02294
6871.27197 0.97992
6872.80713 0.52562
6874.34082 0.82075
6875.87598 0.82696
6877.41113 0.28423
6878.94482 0.66606
6880.47998 1.06405
6882.01416 0.74627
6883.54883 0.57964
6885.08301 1.09751
6886.61816 1.41396
6888.15283 1.38815
6889.68701 0.92667
6891.22217 0.24474
6892.75586 0.66252
6894.29102 0.56109
6895.82617 0.37275
6897.35986 0.50583
6898.89502 0.32228
6900.4292 0.49474
6901.96387 0.49006
6903.49805 0.61491
6905.0332 0.94732
6906.56787 1.11568
6908.10205 0.79321
6909.63721 0.93423
6911.17188 0.78815
6912.70606 0.61577
6914.24121 1.00765
6915.7749 0.85908
6917.31006 0.53002
6918.84424 0.73212
6920.37891 0.76979
6921.91406 0.59742
6923.44824 1.11855
6924.98291 0.86071
6926.51709 0.72916
6928.05176 0.44207
6929.58691 0.2588
6931.12109 0.99044
6932.65576 1.39579
6934.18994 1.04302
6935.7251 0.71941
6937.25879 0.76941
6938.79394 0.9087
6940.3291 0.71577
6941.86279 0.47572
6943.39795 0.66931
6944.93213 0.69799
6946.4668 0.56396
6948.00195 1.06214
6949.53613 1.29541
6951.0708 0.45707
6952.60498 0.62285
6954.14014 1.64436
6955.6748 1.15296
6957.20898 0.71912
6958.74414 0.89465
6960.27783 0.52132
6961.81299 0.28337
6963.34717 0.80229
6964.88184 1.13862
6966.41699 0.33633
6967.95117 0.30774
6969.48584 0.93212
6971.02002 1.0086
6972.55518 0.77199
6974.08984 0.80707
6975.62402 0.91099
6977.15918 0.44025
6978.69287 1.00669
6980.22803 1.45698
6981.76221 0.81654
6983.29688 0.66033
6984.83203 0.9218
6986.36621 0.85478
6987.90088 0.63298
6989.43506 0.53948
6990.97022 1.01052
6992.50488 1.09751
6994.03906 1.10803
6995.57422 0.64962
6997.10791 0.54895
6998.64307 0.69742
7000.17676 0.80535
7001.71191 0.53289
7003.24707 0.88155
7004.78076 0.96367
7006.31592 0.75908
7007.8501 0.67887
7009.38477 0.62247
7010.91992 0.99809
7012.4541 0.59474
7013.98877 0.70134
7015.52295 0.97897
7017.0581 0.85497
7018.5918 0.81501
7020.12695 1.05927
7021.66211 0.95985
7023.1958 0.84034
7024.73096 0.65497
7026.26514 0.94101
7027.7998 1.00669
7029.33496 0.69512
7030.86914 0.85612
7032.40381 0.96367
7033.93799 1.04398
7035.47314 0.78145
7037.00684 0.82008
7038.54199 0.91989
7040.07715 1.04207
7041.61084 0.54369
7043.146 0.40975
7044.68115 1.11759
7046.21484 0.92983
7047.75 0.46042
7049.28418 0.32543
7050.81885 0.63222
7052.35303 0.60076
7053.88818 1.11472
7055.42285 1.89293
7056.95703 1.47036
7058.49219 1.39484
7060.02588 0.82075
7061.56104 0.45488
7063.09619 0.7131
7064.62988 0.71033
7066.16504 0.70344
7067.69922 0.61635
7069.23389 0.15679
7070.76807 0.68098
7072.30322 0.80249
7073.83789 0.93556
7075.37207 0.51922
7076.90723 0.80937
7078.44092 0.72323
7079.97607 0.79082
7081.51123 0.85966
7083.04492 0.80507
7084.58008 0.8935
7086.11377 0.18499
7087.64893 0.10201
7089.18408 0.89417
7090.71777 0.79847
7092.25293 0.66252
7093.78711 1.13958
7095.32178 0.66702
7096.85596 0.52572
7098.39111 0.67428
7099.92578 0.88537
7101.45996 0.70344
7102.99512 0.32065
7104.52881 0.98757
7106.06396 1.02486
7107.59912 0.29111
7109.13281 0.71568
7110.66797 0.91855
7112.20215 0.72285
7113.73682 0.85392
7115.271 0.71922
7116.80615 0.5414
7118.34082 0.63776
7119.875 0.7956
7121.41016 0.81501
7122.94385 0.58795
7124.479 0.35774
7126.01416 1.06501
7127.54785 0.3
7129.08301 0.45583
7130.61719 0.28958
7132.15186 0.54426
7133.68604 0.74828
7135.22119 0.61109
7136.75586 0.28088
7138.29004 0.22677
7139.8252 1.02772
7141.35889 0.92772
7142.89404 0.51883
7144.4292 0.37476
7145.96289 0.86377
7147.49805 0.80172
7149.03223 0.66434
7150.5669 0.80315
7152.10107 0.5783
7153.63623 0.12361
7155.1709 0.87706
7156.70508 0.63327
7158.24023 0.34876
7159.77393 0.2869
7161.30908 0.47476
7162.84424 0.3827
7164.37793 0.36826
7165.91309 0.45029
7167.44678 0.58987
7168.98193 0.46367
7170.51611 0.92141
7172.05078 0.81549
7173.58594 0.81004
7175.12012 1.16635
7176.65478 1.18642
7178.18994 0.71415
7179.72412 0.54943
7181.25879 1.02772
7182.79297 0.76195
7184.32812 0.06776
7185.86182 0.56874
7187.39697 0.44618
7188.93213 0.52342
7190.46582 0.72199
7192.00098 0.85574
7193.53516 0.91826
7195.06982 0.98279
7196.60498 1.05736
7198.13916 0.56597
7199.67383 0.68929
7201.20801 0.96272
7202.74316 0.46166
7204.27686 0.88604
7205.81201 1.12715
7207.34717 0.49359
7208.88086 0.54331
7210.41602 0.83872
7211.9502 0.60727
7213.48486 0.93002
7215.02002 1.087
7216.5542 0.77008
7218.08887 0.4738
7219.62305 1.18834
7221.1582 0.8044
7222.69287 0.44168
7224.22705 1.19885
7225.76221 0.84092
7227.2959 0.58126
7228.83106 1.17208
7230.36523 1.13862
7231.8999 0.66893
7233.43506 0.48843
7234.96924 0.48757
7236.50391 0.53031
7238.03809 0.75363
7239.57324 0.27046
7241.10791 0.99522
7242.64209 0.63881
7244.17676 1.04971
7245.71094 1.26004
7247.24609 0.83977
7248.77978 0.78107
7250.31494 0.78671
7251.8501 0.92046
7253.38379 0.94034
7254.91894 0.80143
7256.45312 1.22945
7257.98779 0.73078
7259.52295 0.70545
7261.05713 0.91319
7262.5918 0.36377
7264.12598 0.81061
7265.66113 1.00669
7267.19482 0.82256
7268.72998 1.10229
7270.26514 1.22275
7271.79883 0.73489
7273.33398 0.11453
7274.86816 0.94321
7276.40283 0.8543
7277.93799 0.44264
7279.47217 1.22562
7281.00684 0.97228
7282.54102 0.59685
7284.07617 0.83069
7285.60986 1.10612
7287.14502 0.65545
7288.68018 0.62285
7290.21387 0.75765
7291.74902 0.93719
7293.2832 0.94015
7294.81787 0.77237
7296.35303 1.39197
7297.88721 1.1587
7299.42188 0.57371
7300.95606 0.53662
7302.49121 0.94235
7304.02588 1.10229
7305.56006 1.34417
7307.09522 1.14245
7308.62891 0.54818
7310.16406 0.92686
7311.69922 1.3021
7313.23291 1.08604
7314.76807 0.47868
7316.30176 0.52094
7317.83691 1.67304
7319.37109 0.66453
7320.90576 0.59025
7322.44092 0.8261
7323.9751 0.8869
7325.50977 0.79216
7327.04394 1.38432
7328.5791 0.99904
7330.11377 1.25908
7331.64795 1.0
7333.1831 0.56157
7334.7168 0.46922
7336.25195 1.31453
7337.78711 1.25908
7339.3208 1.18642
7340.85596 1.41683
7342.39014 1.58891
7343.9248 1.05641
7345.45898 0.85956
7346.99414 1.17973
7348.52881 1.15679
7350.06299 0.85459
7351.59814 1.17878
7353.13184 0.89952
7354.66699 1.13862
7356.20215 0.824
7357.73584 1.2935
7359.271 1.74092
7360.80518 0.65086
7362.33984 0.66836
7363.87402 1.25621
7365.40918 0.90048
7366.94385 1.26195
7368.47803 1.0717
7370.01318 0.78442
7371.54688 1.26673
7373.08203 1.3652
7374.61719 1.27438
7376.15088 1.20268
7377.68604 0.94474
7379.22022 0.75411
7380.75488 1.1912
7382.28906 0.96367
7383.82422 0.87992
7385.35889 1.24379
7386.89307 1.32696
7388.42822 0.68996
7389.96191 0.55918
7391.49707 1.13671
7393.03223 1.05258
7394.56592 2.30688
7396.10107 2.13193
7397.63477 2.02486
7399.16992 1.71606
7400.7041 0.82304
7402.23877 0.40727
7403.77393 0.41233
7405.3081 0.78948
7406.84277 0.65727
7408.37695 0.45554
7409.91211 0.46367
7411.44678 0.8674
7412.98096 0.74952
7414.51611 0.54771
7416.0498 1.19694
7417.58496 1.29732
7419.11914 1.02199
7420.65381 0.96558
7422.18896 1.07648
7423.72314 0.71721
7425.25781 1.26004
7426.79199 1.57457
7428.32715 0.65899
7429.86182 1.20841
7431.396 1.84704
7432.93115 1.06405
7434.46484 1.17017
7436.0 1.46845
7437.53516 1.34417
7439.06885 1.15105
7440.604 1.36616
7442.13818 1.36042
7443.67285 0.98088
7445.20801 1.18069
7446.74219 1.3499
7448.27686 1.0
7449.81104 0.72371
7451.34619 1.02103
7452.87988 0.94665
7454.41504 0.95985
7455.9502 0.99426
7457.48389 1.16444
7459.01904 1.23996
7460.55322 0.96654
7462.08789 0.99809
7463.62305 0.94876
7465.15723 1.16348
7466.6919 1.43117
7468.22607 1.03633
7469.76123 0.87027
7471.2959 1.08604
7472.83008 1.32027
7474.36523 1.01721
7475.89893 1.11377
7477.43408 1.40631
7478.96777 0.9348
7480.50293 1.21415
7482.03809 1.49904
7483.57178 1.12141
7485.10693 0.95488
7486.64111 1.08891
7488.17578 1.00478
7489.71094 1.13862
7491.24512 1.02868
7492.77978 1.18834
7494.31396 0.98088
7495.84912 1.11185
7497.38281 1.18929
7498.91797 1.16922
7500.45312 1.16539
7501.98682 1.4608
7503.52197 1.20076
7505.05615 1.10707
7506.59082 1.56692
7508.12598 1.24857
7509.66016 1.06119
7511.19482 1.52677
7512.729 1.26099
7514.26416 1.23901
7515.79785 1.52677
7517.33301 1.18164
7518.86816 1.02294
7520.40186 1.34608
7521.93701 1.42543
7523.47119 0.61377
7525.00586 0.90975
7526.54102 1.17208
7528.0752 1.23614
7529.60986 0.92247
7531.14404 0.96941
7532.6792 1.15583
7534.21289 1.05449
7535.74805 1.1109
7537.2832 1.413
7538.8169 1.07266
7540.35205 1.35946
7541.88623 1.3738
7543.4209 1.35277
7544.95606 1.19216
7546.49023 0.97132
7548.0249 1.14818
7549.55908 0.73671
7551.09424 0.90048
7552.62793 1.19885
7554.16309 1.06405
7555.69824 0.97897
7557.23193 1.2696
7558.76709 0.99331
7560.30078 1.15201
7561.83594 0.94904
7563.37109 1.24761
7564.90478 0.94044
7566.43994 1.1912
7567.97412 1.40153
7569.50879 1.3652
7571.04394 1.35373
7572.57812 1.11185
7574.11279 1.19025
7575.64697 1.13576
7577.18213 1.59943
7578.7168 1.35468
7580.25098 0.16472
7581.78613 0.62916
7583.31982 1.20268
7584.85498 0.49054
7586.38916 0.77275
7587.92383 1.24187
7589.45898 0.41922
7590.99316 1.07648
7592.52783 1.09847
7594.06201 0.97419
7595.59717 1.39866
7597.13184 1.18547
7598.66602 3.1501
7600.20117 2.17878
7601.73486 4.1434
7603.27002 4.38815
7604.80518 -1.06023
7606.33887 0.17333
7607.87402 1.94551
7609.4082 0.4261
7610.94287 1.8174
7612.47705 1.99522
7614.01221 1.06979
7615.54688 0.62906
7617.08106 0.96463
7618.61621 2.02199
7620.1499 0.72591
7621.68506 0.91358
7623.22022 1.43308
7624.75391 2.78489
7626.28906 1.60421
7627.82324 0.85621
7629.35791 0.7347
7630.89209 1.32505
7632.42676 1.56214
7633.96191 1.23518
7635.49609 0.4392
7637.03076 1.44168
7638.56494 1.72849
7640.1001 0.53174
7641.63477 1.11281
7643.16894 1.69503
7644.7041 0.8043
7646.23779 1.10899
7647.77295 1.26195
7649.30713 0.58576
7650.8418 0.78728
7652.37695 1.39293
7653.91113 1.174
7655.4458 0.70937
7656.97998 0.94943
7658.51514 1.01625
7660.0498 1.15296
7661.58398 0.61788
7663.11914 0.89283
7664.65283 1.21797
7666.18799 0.73604
7667.72217 0.49618
7669.25684 0.80717
7670.79199 0.82772
7672.32617 1.1434
7673.86084 1.06023
7675.39502 1.1912
7676.93018 1.18451
7678.46484 1.23805
7679.99902 1.33939
7681.53418 1.15105
7683.06787 1.02964
7684.60303 0.5739
7686.13721 0.33776
7687.67188 0.93786
7689.20703 0.72486
7690.74121 0.2109
7692.27588 0.85076
7693.81006 0.93126
7695.34522 0.97706
7696.87988 1.11759
7698.41406 1.01912
7699.94922 0.82706
7701.48291 0.58145
7703.01807 0.67973
7704.55322 0.57533
7706.08691 0.24426
7707.62207 0.54924
7709.15576 0.87715
7710.69092 0.69608
7712.2251 0.3782
7713.75977 0.63289
7715.29492 1.63289
7716.8291 0.85268
7718.36377 0.65574
7719.89795 0.75038
7721.4331 1.15679
7722.96777 1.30975
7724.50195 0.66482
7726.03711 0.30554
7727.5708 0.53681
7729.10596 0.96463
7730.64111 0.95698
7732.1748 0.68145
7733.70996 1.13576
7735.24414 1.08413
7736.77881 0.71042
7738.31396 1.13862
7739.84814 0.87113
7741.38281 0.98566
7742.91699 1.45507
7744.45215 1.41205
7745.98584 0.77849
7747.521 0.95306
7749.05615 1.85851
7750.58984 0.98088
7752.125 0.62036
7753.65918 1.22084
7755.19385 0.95985
7756.729 0.79589
7758.26318 0.74828
7759.79785 0.83805
7761.33203 1.12811
7762.86719 0.84742
7764.40088 0.80535
7765.93604 1.08413
7767.47119 1.13193
7769.00488 0.87237
7770.54004 0.70793
7772.07422 1.14532
7773.60889 1.01434
7775.14404 0.4913
7776.67822 0.09493
7778.21289 0.41071
7779.74707 1.03155
7781.28223 0.93585
7782.81592 0.45029
7784.35107 0.47849
7785.88623 0.53107
7787.41992 0.88059
7788.95508 0.87725
7790.48877 0.42772
7792.02393 1.06597
7793.55908 1.18547
7795.09277 0.24379
7796.62793 0.56415
7798.16211 1.67113
7799.69678 0.95602
7801.23096 0.73834
7802.76611 1.10516
7804.30078 0.85966
7805.83496 0.62686
7807.37012 1.06214
7808.90381 0.93576
7810.43896 1.41396
7811.97412 0.81606
7813.50781 0.67725
7815.04297 1.0956
7816.57715 0.46979
7818.11182 0.79646
7819.64697 1.32314
7821.18115 1.27151
7822.71582 0.45143
7824.25 1.25143
7825.78516 1.18164
7827.31885 1.0
7828.854 0.86702
7830.38916 1.18547
7831.92285 0.66702
7833.45801 0.79044
7834.99219 0.69694
7836.52686 0.2826
7838.06201 0.54168
7839.59619 0.91348
7841.13086 0.8412
7842.66504 1.31166
7844.2002 1.09369
7845.73389 0.43193
7847.26904 -0.13413
7848.8042 0.49771
7850.33789 0.7501
7851.87305 1.09178
7853.4082 1.15488
7854.9419 1.55545
7856.47705 1.25908
7858.01123 1.65966
7859.5459 2.04111
7861.08008 0.53317
7862.61523 0.98853
7864.1499 1.06597
7865.68408 0.58595
7867.21924 0.93824
7868.75293 1.03537
7870.28809 1.19598
7871.82324 1.22084
7873.35693 1.50478
7874.89209 0.49828
7876.42578 0.17094
7877.96094 0.59426
7879.49512 1.087
7881.02978 0.94914
7882.56494 0.55306
7884.09912 0.91511
7885.63379 1.17782
7887.16797 1.56788
7888.70312 1.78585
7890.23779 1.72753
7891.77197 1.61759
7893.30713 0.73174
7894.84082 1.01338
7896.37598 1.08413
7897.91016 0.99522
7899.44482 1.09751
7900.97998 1.05163
7902.51416 1.26099
7904.04883 0.89264
7905.58301 0.98566
7907.11816 0.81864
7908.65283 0.71721
7910.18701 1.35564
7911.72217 0.78011
7913.25586 0.43107
7914.79102 0.5892
7916.3252 1.14723
7917.85986 0.93738
7919.39502 1.73231
7920.9292 1.09465
7922.46387 1.32409
7923.99805 1.43786
7925.5332 0.96463
7927.06787 0.89446
7928.60205 1.28585
7930.13721 1.42734
7931.6709 0.91807
7933.20606 0.50526
7934.74023 0.71013
7936.2749 0.43298
7937.81006 0.62945
7939.34424 0.81444
7940.87891 0.91922
7942.41309 0.85793
7943.94824 1.04111
7945.48291 0.97706
7947.01709 0.40096
7948.55176 0.70143
7950.08594 1.32792
7951.62109 1.2696
7953.15576 0.98853
7954.68994 1.11377
7956.2251 1.00382
7957.75879 1.5956
7959.29394 1.38528
7960.82812 0.21329
7962.36279 0.79933
7963.89795 0.82036
7965.43213 0.80239
7966.9668 0.85067
7968.50098 0.90163
7970.03613 1.11855
7971.5708 1.19598
7973.10498 0.62075
7974.64014 0.72361
7976.17383 1.24952
7977.70898 1.23231
7979.24316 1.4761
7980.77783 1.41587
7982.31299 0.62811
7983.84717 0.71176
7985.38184 0.75105
7986.91699 0.54924
7988.45117 0.6457
7989.98584 0.59665
7991.52002 0.51358
7993.05518 0.22505
7994.58887 0.3848
7996.12402 1.28107
7997.65918 1.43212
7999.19287 1.08413
8000.72803 0.95889
8002.26221 1.02199
8003.79688 1.00956
8005.33203 1.30019
8006.86621 1.2457
8008.40088 0.87438
8009.93506 1.01338
8011.47022 0.8673
8013.00391 1.01625
8014.53906 1.29063
8016.07422 1.09656
8017.60791 0.84637
8019.14307 1.08317
8020.67676 1.52199
8022.21191 1.70363
8023.74707 1.09943
8025.28076 0.66788
8026.81592 1.26673
8028.3501 0.9001
8029.88477 1.15105
8031.41894 1.63098
8032.9541 0.5673
8034.48877 0.93203
8036.02295 0.876
8037.5581 0.75526
8039.0918 0.63681
8040.62695 0.86377
8042.16211 1.15583
8043.6958 1.15392
8045.23096 1.36902
8046.76514 0.67983
8048.2998 0.89293
8049.83398 1.6587
8051.36914 1.19598
8052.90381 1.15296
8054.43799 0.83853
8055.97314 0.82103
8057.50684 0.98088
8059.04199 0.82715
8060.57715 0.79637
8062.11084 0.89904
8063.646 1.47419
8065.18018 1.32887
8066.71484 1.33843
8068.24902 1.36998
8069.78418 1.21511
8071.31885 0.87734
8072.85303 0.47849
8074.38818 0.75937
8075.92188 1.35468
8077.45703 1.33461
8078.99219 1.34799
8080.52588 1.03346
8082.06104 1.07361
8083.59522 0.79618
8085.12988 0.9086
8086.66504 0.33967
8088.19922 0.82371
8089.73389 1.22084
8091.26807 1.43308
8092.80322 0.8738
8094.33691 0.69933
8095.87207 0.98088
8097.40723 0.55593
8098.94092 1.38623
8100.47607 1.52294
8102.00977 1.10325
8103.54492 0.83145
8105.08008 1.413
8106.61377 1.62524
8108.14893 0.49293
8109.6831 1.28489
8111.21777 1.2935
8112.75195 0.2738
8114.28711 1.15105
8115.82178 0.94446
8117.35596 1.12237
8118.89111 1.15105
8120.42578 1.06788
8121.95996 1.06023
8123.49512 1.03537
8125.02881 1.16348
8126.56396 1.21606
8128.09814 1.37189
8129.63281 0.7304
8131.16797 0.82371
8132.70215 0.72706
8134.23682 1.20076
8135.771 1.1109
8137.30615 1.18738
8138.84082 1.12811
8140.375 1.05832
8141.91016 0.8978
8143.44385 1.42256
8144.979 0.84952
8146.51318 0.88117
8148.04785 0.79465
8149.58301 1.11281
8151.11719 1.1434
8152.65186 0.9043
8154.18604 0.84799
8155.72119 1.14054
8157.25586 1.52199
8158.79004 1.21033
8160.3252 1.06214
8161.85889 1.36711
8163.39404 1.66157
8164.92822 1.23614
8166.46289 0.97323
8167.99805 1.14627
8169.53223 1.05354
8171.0669 1.32983
8172.60107 1.10325
8174.13623 0.95268
8175.6709 1.03824
8177.20508 1.11472
8178.74023 1.13862
8180.27393 0.84512
8181.80908 0.66138
8183.34277 0.95382
8184.87793 2.04015
8186.41309 1.62141
8187.94678 1.05163
8189.48193 0.49646
8191.01611 1.174
8192.55078 1.08222
8194.08594 1.27151
8195.62012 0.80975
8197.15527 0.713
8198.68945 0.6827
8200.22363 0.99522
8201.75879 1.20363
8203.29297 1.15966
8204.82812 0.99331
8206.3623 1.02868
8207.89746 1.13384
8209.43164 1.07648
8210.96582 1.08795
8212.50098 1.17878
8214.03516 1.08509
8215.57031 0.91587
8217.10352 1.29637
8218.63867 1.42065
8220.17383 1.29159
8221.70801 1.18356
8223.24316 1.31071
8224.77734 1.54207
8226.31152 1.49331
8227.8457 1.72275
8229.38086 0.91931
8230.91602 0.47533
8232.4502 1.12715
8233.98535 0.96176
8235.51856 1.04302
8237.05371 1.44551
8238.58887 1.10994
8240.12305 1.04493
8241.6582 1.29159
8243.19238 1.1979
8244.72656 1.2543
8246.26172 0.81549
8247.7959 0.59235
8249.33106 0.92438
8250.86523 1.19598
8252.40039 1.53824
8253.93359 1.25621
8255.46875 0.84656
8257.00391 1.18356
8258.53809 0.67868
8260.07324 0.61845
8261.60742 1.3652
8263.1416 0.70163
8264.67676 0.37055
8266.21094 1.17017
8267.74609 1.45889
8269.28027 1.35182
8270.81543 0.79876
8272.34961 1.02581
8273.88379 1.19981
8275.41894 0.91099
8276.95312 0.48327
8278.48828 0.93862
8280.02246 0.74187
8281.55664 1.36807
8283.0918 0.34895
8284.62598 0.86195
8286.16113 1.07361
8287.69531 1.02677
8289.23047 1.42734
8290.76465 0.65554
8292.29883 0.82935
8293.83398 0.2957
8295.36816 0.22868
8296.90332 1.28394
8298.43848 0.29637
8299.97168 0.46195
8301.50684 0.43776
8303.04102 1.09273
8304.57617 0.95985
8306.11035 1.17973
8307.64453 1.12811
8309.17969 1.55449
8310.71387 1.14436
8312.24902 0.90564
8313.7832 0.86597
8315.31836 0.60402
8316.85254 1.46367
8318.38672 0.78776
8319.92188 0.69226
8321.45606 1.12141
8322.99121 1.41969
8324.52539 1.27916
8326.05957 0.84149
8327.59473 1.087
8329.12891 0.53145
8330.66406 0.79857
8332.19824 1.24379
8333.7334 1.04207
8335.26758 0.82189
8336.80176 0.80765
8338.33691 0.713
8339.87109 -0.39302
8341.40625 1.02964
8342.94141 1.85755
8344.47461 2.45985
8346.00977 0.49283
8347.54394 0.48786
8349.0791 1.10899
8350.61328 0.78556
8352.14844 1.69598
8353.68262 1.40344
8355.2168 0.4761
8356.75195 0.56836
8358.28613 0.93681
8359.82129 1.16922
8361.35547 1.3652
8362.88965 0.90124
8364.4248 1.41683
8365.95898 0.79034
8367.49414 0.93413
8369.0293 0.85679
8370.56348 1.32887
8372.09766 1.10707
8373.63184 0.92027
8375.16699 0.55621
8376.70117 0.74589
8378.23633 0.54111
8379.77148 1.44264
8381.30469 1.34704
8382.83984 0.86291
8384.37402 0.68155
8385.90918 0.32189
8387.44336 1.12237
8388.97754 0.63585
8390.5127 0.42304
8392.04688 1.03728
8393.58203 0.78948
8395.11621 0.58901
8396.65137 0.32094
8398.18555 1.23996
8399.71973 0.45315
8401.25488 0.22495
8402.78906 1.75621
8404.32422 1.46367
8405.85938 1.09847
8407.39258 1.51912
8408.92773 1.39579
8410.46191 1.32696
8411.99707 1.5153
8413.53125 1.17304
8415.06641 0.12935
8416.60059 0.4153
8418.13477 1.29924
8419.66992 1.09369
8421.2041 0.66558
8422.73926 0.99522
8424.27441 0.28423
8425.80762 -0.17161
8427.34277 1.10803
8428.87695 1.15583
8430.41211 1.73805
8431.94727 3.42447
8433.48144 4.14149
8435.01562 4.45889
8436.5498 3.9914
8438.08496 3.31166
8439.61914 2.20554
8441.1543 0.7412
8442.68945 0.80038
8444.22266 1.1673
8445.75781 0.89857
8447.29199 0.57113
8448.82715 0.83566
8450.3623 1.05927
8451.89648 0.98757
8453.43066 1.39388
8454.96484 1.22275
8456.5 1.19407
8458.03418 1.02868
8459.56934 0.55392
8461.10352 0.088
8462.6377 1.41013
8464.17285 1.77533
8465.70703 1.43403
8467.24219 1.14436
8468.77734 0.83078
8470.31055 0.74054
8471.8457 0.79675
8473.37988 0.74073
8474.91504 0.98184
8476.4502 0.90545
8477.98438 1.22084
8479.51856 1.81358
8481.05273 1.06119
8482.58789 0.59541
8484.12207 0.88231
8485.65723 0.77706
8487.19238 0.56606
8488.72559 0.31797
8490.26074 0.4088
8491.79492 0.99331
8493.33008 0.55602
8494.86426 -0.05055
8496.39941 0.61606
8497.93359 1.20937
8499.46777 0.85765
8501.00293 1.06119
8502.53809 1.41205
8504.07227 0.4195
8505.60742 0.87772
8507.14062 1.27629
8508.67578 0.8804
8510.20996 0.7695
8511.74512 0.57524
8513.28027 1.17208
8514.81445 1.38815
8516.34863 0.57132
8517.88281 0.63901
8519.41797 0.96845
8520.95215 0.63078
8522.4873 0.65985
8524.02246 0.66224
8525.55566 0.70057
8527.09082 0.4826
8528.625 0.80698
8530.16016 0.78145
8531.69531 0.57725
8533.22852 1.00574
8534.76367 1.22658
8536.29785 1.13767
8537.83301 0.82084
8539.36816 0.74073
8540.90234 1.33843
8542.43652 1.1109
8543.9707 0.85793
8545.50586 0.75306
8547.04004 -0.15086
8548.5752 0.95602
8550.11035 1.0631
8551.64356 0.71243
8553.17871 0.72543
8554.71289 1.0086
8556.24805 0.92065
8557.7832 0.75688
8559.31738 1.10803
8560.85156 1.02677
8562.38574 0.69293
8563.9209 1.42734
8565.45606 0.94359
8566.99023 0.85
8568.52539 0.68795
8570.05859 0.82744
8571.59375 0.83203
8573.12793 1.25621
8574.66309 1.0392
8576.19824 0.86463
8577.73242 0.91157
8579.2666 1.09273
8580.80078 1.02294
8582.33594 0.97323
8583.87109 1.1109
8585.40527 1.23996
8586.94043 1.32218
8588.47363 1.08031
8590.00879 0.96941
8591.54297 0.94101
8593.07812 1.00287
8594.61328 1.02581
8596.14746 0.48298
8597.68164 0.44226
8599.21582 1.09751
8600.75098 0.95602
8602.28613 0.81979
8603.82031 0.70956
8605.35547 0.50315
8606.88867 0.39331
8608.42383 1.03728
8609.95898 1.64818
8611.49316 0.47887
8613.02832 1.00478
8614.56152 0.87992
8616.09668 1.32218
8617.63086 2.15201
8619.16602 0.88537
8620.70117 0.67208
8622.23535 1.59082
8623.76953 1.35277
8625.30371 0.50554
8626.83887 0.8065
8628.37305 1.09943
8629.9082 1.01625
8631.44336 0.14025
8632.97656 0.72935
8634.51172 1.47323
8636.04688 0.64168
8637.58106 1.18356
8639.11621 1.47228
8640.65039 0.47954
8642.18457 0.68891
8643.71875 1.22753
8645.25391 1.09369
8646.78906 0.59465
8648.32324 0.52495
8649.8584 1.11377
8651.3916 0.376
8652.92676 0.60143
8654.46094 1.51147
8655.99609 1.9675
8657.53125 0.05738
8659.06543 0.63021
8660.59961 0.52314
8662.13379 -0.01604
8663.66894 0.67524
8665.2041 1.03633
8666.73828 0.97514
8668.27344 0.86769
8669.80664 0.43203
8671.3418 0.7566
8672.87695 0.52572
8674.41113 1.3327
8675.94629 0.89493
8677.48047 0.3827
8679.01465 0.80459
8680.54883 1.5325
8682.08398 1.30402
8683.61914 0.61883
8685.15332 0.8022
8686.68848 1.33461
8688.22168 0.94426
8689.75684 0.60918
8691.29199 0.9238
8692.82617 1.26577
8694.36133 1.14914
8695.89453 1.05832
8697.42969 0.79924
8698.96484 1.1109
8700.49902 1.174
8702.03418 0.62782
8703.56836 0.49388
8705.10254 1.57457
8706.6377 1.31549
8708.17188 1.0325
8709.70703 1.41874
8711.24121 1.14723
8712.77637 1.02677
8714.30957 0.91597
8715.84473 1.21989
8717.37988 1.17878
8718.91406 1.17591
8720.44922 1.16635
8721.9834 0.87868
8723.51758 0.99904
8725.05176 0.6717
8726.58691 1.12811
8728.12207 1.09082
8729.65625 1.21319
8731.19141 0.78748
8732.72461 0.62639
8734.25977 0.66205
8735.79492 1.12811
8737.3291 1.34704
8738.86426 1.2304
8740.39844 1.3174
8741.93262 1.09943
8743.46777 0.92314
8745.00195 1.11281
8746.53711 0.94216
8748.07129 0.70134
8749.60644 0.84857
8751.13965 0.87055
8752.6748 0.82055
8754.20996 0.50966
8755.74414 0.86635
8757.2793 1.05067
8758.81348 1.30306
8760.34766 0.37572
8761.88281 0.4891
8763.41699 0.24589
8764.95215 1.14723
8766.48633 0.06819
8768.02148 0.62113
8769.55566 1.51625
8771.08984 1.16061
8772.625 0.72342
8774.15918 0.82801
8775.69434 0.52189
8777.22754 0.76902
8778.7627 1.56214
8780.29785 1.03537
8781.83203 0.61769
8783.36719 0.98279
8784.90137 1.55545
8786.43555 1.10994
8787.96973 0.59398
8789.50488 0.68948
8791.04004 1.39866
8792.57422 1.53824
8794.10938 0.85392
8795.64356 0.83384
8797.17773 0.93872
8798.71289 0.82629
8800.24707 0.81587
8801.78223 1.08987
8803.31641 0.95793
8804.85059 0.61922
8806.38574 0.63987
8807.91992 0.86683
8809.45508 1.01338
8810.98926 0.97132
8812.52441 1.07648
8814.05762 0.99331
8815.59277 1.05354
8817.12793 1.02772
8818.66211 0.97132
8820.19727 1.09465
8821.73144 0.13891
8823.26562 -0.55038
8824.80078 0.73107
8826.33496 0.95258
8827.87012 1.04111
8829.4043 2.38528
8830.93945 1.20172
8832.47363 0.56138
8834.00781 1.43212
8835.54297 1.57075
8837.07715 1.72084
8838.6123 2.12715
8840.14746 0.65048
8841.68066 0.58929
8843.21582 0.91119
8844.75 0.80048
8846.28516 1.24092
8847.81934 1.03346
8849.35352 1.12906
8850.88867 0.87275
8852.42285 1.03537
8853.95801 1.13862
8855.49219 1.22849
8857.02734 1.36616
8858.56055 0.86902
8860.0957 1.16252
8861.63086 0.97132
8863.16504 0.48834
8864.7002 0.78423
8866.23438 1.1348
8867.76856 1.09369
8869.30371 0.82428
8870.83789 0.79876
8872.37305 0.89465
8873.90723 1.00382
8875.44238 1.10612
8876.97656 0.70583
8878.51074 0.74379
8880.0459 0.90851
8881.58008 0.24837
8883.11523 0.27753
8884.64941 1.84321
8886.18359 2.43117
8887.71875 1.48757
8889.25293 0.89847
8890.78809 0.98853
8892.32227 1.03442
8893.85742 0.91644
8895.3916 1.05927
8896.92578 0.6109
8898.46094 0.35784
8899.99512 0.31262
8901.53027 1.79732
8903.06543 2.22467
8904.59863 1.79063
8906.13379 1.5
8907.66797 0.7196
8909.20312 1.01434
8910.7373 1.23901
8912.27246 1.13576
8913.80664 1.07553
8915.34082 0.72189
8916.87598 1.47897
8918.41016 1.61663
8919.94531 1.5153
8921.47852 0.97419
8923.01367 1.1262
8924.54883 0.97419
8926.08301 0.91214
8927.61816 0.9675
8929.15332 0.48136
8930.68652 1.01147
8932.22168 1.10421
8933.75586 0.54111
8935.29102 0.54732
8936.8252 1.13671
8938.36035 1.05545
8939.89453 0.84015
8941.42871 1.02868
8942.96387 1.26769
8944.49805 0.81654
8946.0332 0.72218
8947.56738 0.97897
8949.10156 0.98279
8950.63672 0.87772
8952.1709 0.72409
8953.70606 0.62925
8955.24023 1.32218
8956.77539 1.21989
8958.30957 2.5631
8959.84375 1.62524
8961.37891 0.2739
8962.91309 0.45793
8964.44824 0.66702
8965.9834 1.02677
8967.5166 1.15392
8969.05176 1.19025
8970.58594 0.75966
8972.12109 1.00478
8973.65625 0.7608
8975.19043 0.31721
8976.72461 0.61396
8978.25879 1.00191
8979.79394 1.08987
8981.32812 0.63327
8982.86328 0.83834
8984.39844 1.06119
8985.93164 1.02581
8987.4668 1.15488
8989.00098 1.31262
8990.53613 1.23614
8992.07031 0.91606
8993.60547 0.7804
8995.13965 0.60048
8996.67383 0.524
8998.20898 1.4608
8999.74316 1.25813
9001.27832 1.20076
9002.81348 2.45124
9004.34668 1.25717
9005.88184 1.09465
9007.41602 1.14723
9008.95117 1.13576
9010.48633 0.93948
9012.01953 0.94302
9013.55469 1.00956
9015.08887 0.88853
9016.62402 1.01434
9018.1582 1.13193
9019.69336 0.91224
9021.22754 0.93002
9022.76172 1.53824
9024.29688 1.03442
9025.83106 0.67983
9027.36621 0.92266
9028.90137 0.77734
9030.43457 1.13002
9031.96973 1.36233
9033.50391 1.20937
9035.03906 0.93738
9036.57422 0.83776
9038.1084 0.60507
9039.64258 0.91291
9041.17676 0.96654
9042.71191 0.71367
9044.24609 0.9065
9045.78125 0.65554
9047.31641 0.52925
9048.84961 1.12237
9050.38477 1.51147
9051.91894 1.38719
9053.4541 1.16826
9054.98828 0.86587
9056.52344 0.84723
9058.05762 1.18164
9059.5918 1.13289
9061.12695 1.10038
9062.66211 1.02199
9064.19629 1.37954
9065.73144 0.85354
9067.26465 0.72055
9068.7998 0.95793
9070.33398 1.02294
9071.86914 1.00478
9073.4043 0.99235
9074.93848 1.26673
9076.47266 1.09465
9078.00684 1.1826
9079.54199 1.45889
9081.07617 1.00287
9082.61133 1.31358
9084.14648 1.21319
9085.67969 0.70765
9087.21484 0.72992
9088.74902 1.05832
9090.28418 1.16061
9091.81934 0.52333
9093.35254 0.8979
9094.8877 1.80497
9096.42188 1.28776
9097.95703 1.03824
9099.49219 1.25143
9101.02637 0.97897
9102.56055 1.28011
9104.09473 1.68451
9105.62988 1.2457
9107.16504 0.32629
9108.69922 1.21033
9110.23438 1.48757
9111.76758 1.07075
9113.30273 0.84302
9114.83691 1.1501
9116.37207 1.15201
9117.90723 0.95793
9119.44141 1.50191
9120.97559 1.16444
9122.50977 0.8586
9124.04492 1.33652
9125.5791 1.23423
9127.11426 1.02868
9128.64941 1.03442
9130.18262 1.21128
9131.71777 1.09465
9133.25195 0.78509
9134.78711 1.01434
9136.32227 0.9
9137.85644 0.92046
9139.39062 1.10229
9140.9248 1.05927
9142.45996 1.17878
9143.99512 1.30019
9145.5293 1.21511
9147.06445 1.00478
9148.59766 0.90765
9150.13281 1.41969
9151.66699 1.60325
9153.20215 1.14627
9154.7373 1.10134
9156.27148 0.93671
9157.80566 0.95985
9159.33984 1.38815
9160.875 1.23996
9162.41016 1.16922
9163.94434 1.87859
9165.47852 2.05641
9167.0127 1.32409
9168.54785 0.98853
9170.08301 1.33365
9171.61719 1.17878
9173.15234 1.03537
9174.68555 1.24092
9176.2207 0.98184
9177.75488 0.93088
9179.29004 1.18164
9180.8252 1.42639
9182.35938 1.21224
9183.89356 1.16061
9185.42773 1.26099
9186.96289 1.00287
9188.49805 1.36711
9190.03223 1.84321
9191.56738 1.42161
9193.10059 1.27438
9194.63574 1.70172
9196.1709 1.05927
9197.70508 0.85373
9199.24023 0.74006
9200.77441 0.94359
9202.30859 1.13862
9203.84277 1.31644
9205.37793 1.42639
9206.91309 1.03346
9208.44727 1.23614
9209.98242 1.45698
9211.51562 1.29254
9213.05078 1.16539
9214.58496 1.85468
9216.12012 2.11663
9217.65527 1.56501
9219.18945 1.28489
9220.72363 1.17304
9222.25781 1.13289
9223.79297 0.82514
9225.32812 0.89952
9226.8623 1.16157
9228.39746 0.80574
9229.93066 1.40249
9231.46582 1.35564
9233.00098 1.47036
9234.53516 1.19216
9236.07031 0.92342
9237.60352 0.93365
9239.13867 1.15392
9240.67383 1.29159
9242.20801 0.97036
9243.74316 0.74293
9245.27734 0.90392
9246.81152 0.84952
9248.3457 0.54799
9249.88086 0.79971
9251.41602 1.39962
9252.9502 0.95793
9254.48535 0.83088
9256.01856 1.00669
9257.55371 1.21893
9259.08789 0.92151
9260.62305 0.78098
9262.1582 0.8782
9263.69238 0.82285
9265.22656 0.98757
9266.76172 0.95421
9268.2959 1.09273
9269.83106 0.97323
9271.36523 1.28394
9272.90039 0.74742
9274.43359 1.32314
9275.96875 1.06597
9277.50391 1.04876
9279.03809 0.9608
9280.57324 0.95143
9282.10742 0.94245
9283.6416 1.28394
9285.17578 1.23805
9286.71094 0.64006
9288.24609 0.56377
9289.78027 0.50727
9291.31543 0.97323
9292.84863 0.48384
9294.38379 0.88805
9295.91894 0.95602
9297.45312 0.22983
9298.98828 0.50784
9300.52246 1.4283
9302.05664 0.77505
9303.5918 0.48317
9305.12598 0.2739
9306.66113 -0.03718
9308.19531 0.21558
9309.73047 1.19981
9311.26367 1.73423
9312.79883 1.87667
9314.33398 1.59465
9315.86816 0.64092
9317.40332 0.4217
9318.93652 -0.0191
9320.47168 -0.15564
9322.00684 1.19598
9323.54102 1.06501
9325.07617 -0.20249
9326.61035 -0.43241
9328.14453 0.40851
9329.67969 0.85249
9331.21387 0.30296
9332.74902 -0.05951
9334.2832 0.04025
9335.81836 1.326
9337.35156 1.66157
9338.88672 1.54876
9340.42188 1.93403
9341.95606 1.00478
9343.49121 0.69847
9345.02539 0.63231
9346.55957 0.49092
9348.09375 0.49092
9349.62891 0.36166
9351.16406 0.41797
9352.69824 0.63604
9354.2334 1.52199
9355.7666 1.8174
9357.30176 0.46702
9358.83691 -0.05517
9360.37109 0.44474
9361.90625 0.71463
9363.44043 0.47935
9364.97461 0.44207
9366.50977 0.55421
9368.04394 0.22973
9369.5791 -1.26673
9371.11328 -2.43786
9372.64844 -0.59532
9374.18262 1.35468
9375.7168 1.4761
9377.25195 2.87094
9378.78613 1.33748
9380.32129 -0.08359
9381.85547 0.42744
9383.38965 0.30153
9384.9248 0.9195
9386.45898 1.33652
9387.99414 -0.08324
9389.52832 0.23891
9391.06348 0.71367
9392.59668 0.89015
9394.13184 1.12141
9395.66699 0.88662
9397.20117 0.87753
9398.73633 0.57677
9400.27148 0.76272
9401.80469 0.84054
9403.33984 1.34034
9404.87402 0.42256
9406.40918 -0.03462
9407.94336 0.77065
9409.47754 0.54799
9411.0127 0.62447
9412.54688 0.95698
9414.08203 0.32457
9415.61621 -0.44493
9417.15137 0.12897
9418.68457 0.90899
9420.21973 0.54359
9421.75488 0.75736
9423.28906 -0.40172
9424.82422 0.5717
9426.3584 0.86692
9427.89258 1.1912
9429.42773 0.55832
9430.96191 0.2087
9432.49707 1.06501
9434.03125 0.15717
9435.56641 -1.56788
9437.10059 0.91912
9438.63477 2.67208
9440.16992 2.87476
9441.7041 0.97323
9443.23926 0.79455
9444.77344 0.53375
9446.30762 0.38738
9447.84277 0.87753
9449.37695 1.0325
9450.91211 0.48547
9452.44629 0.27228
9453.98144 0.15688
9455.51562 -0.14675
9457.0498 1.24092
9458.58496 1.26291
9460.11914 1.39771
9461.6543 1.12428
9463.18945 0.58403
9464.72266 0.10966
9466.25781 0.5175
9467.79199 0.74331
9469.32715 0.6479
9470.86133 -0.22677
9472.39648 -0.58518
9473.93066 -1.09082
9475.46484 -0.80889
9477.0 1.5956
9478.53418 -1.30402
9480.06934 0.3131
9481.60254 0.41291
9483.1377 0.2457
9484.67285 0.96272
9486.20703 1.06883
9487.74219 1.58031
9489.27637 1.94646
9490.81055 1.80019
9492.3457 2.24379
9493.87988 2.16061
9495.41504 0.50076
9496.94922 0.26482
9498.48438 0.45813
9500.01856 2.4044
9501.55273 0.95306
9503.08789 1.02294
9504.62207 1.33174
9506.15723 0.83155
9507.69238 1.21128
9509.22559 1.00956
9510.76074 0.84541
9512.29492 0.78652
9513.83008 0.01938
9515.36426 -1.45029
9516.89941 0.42763
9518.43359 2.10229
9519.96777 1.2304
9521.50293 1.8738
9523.03711 1.82122
9524.57227 0.72266
9526.10644 0.94551
9527.64062 1.55736
9529.17578 1.41396
9530.70996 1.65679
9532.24512 2.1195
9533.78027 2.26673
9535.31445 1.64245
9536.84863 1.17686
9538.38281 1.5631
9539.91797 1.40249
9541.45215 1.2782
9542.9873 1.2457
9544.52246 0.69207
9546.05566 0.46396
9547.59082 0.57945
9549.125 0.60038
9550.66016 0.95296
9552.19434 1.8088
9553.72852 0.75717
9555.26367 -0.00193
9556.79785 1.0
9558.33301 0.69713
9559.86719 0.89446
9561.40234 1.24665
9562.93652 -0.23442
9564.4707 -0.87409
9566.00586 0.93767
9567.54004 1.7457
9569.0752 1.92734
9570.61035 0.08395
9572.14356 -0.21166
9573.67871 0.52562
9575.21289 0.55239
9576.74805 0.86377
9578.28223 1.26004
9579.81738 1.31071
9581.35156 1.05641
9582.88574 0.96654
9584.4209 1.15966
9585.95508 1.04207
9587.49023 0.92314
9589.02539 0.86272
9590.55859 1.27629
9592.09375 1.5325
9593.62793 1.39101
9595.16309 1.15105
9596.69824 0.83556
9598.23242 0.82199
9599.7666 0.52141
9601.30078 0.92878
9602.83594 1.57553
9604.37109 0.67333
9605.90527 0.33614
9607.44043 0.43356
9608.97363 1.47323
9610.50879 0.72839
9612.04297 0.88298
9613.57812 1.25526
9615.11328 0.73279
9616.64746 0.83671
9618.18164 1.1501
9619.71582 0.96845
9621.25098 0.35746
9622.78516 1.7304
9624.32031 0.84044
9625.85547 0.32734
9627.38867 0.67897
9628.92383 1.53059
9630.45801 0.57935
9631.99316 0.79321
9633.52832 2.0717
9635.06152 0.95153
9636.59668 0.3153
9638.13086 0.34723
9639.66602 0.9283
9641.20117 0.8738
9642.73535 0.66673
9644.26953 0.8717
9645.80371 0.9675
9647.33887 0.5847
9648.87305 0.66138
9650.4082 0.84312
9651.94336 0.89054
9653.47656 1.37763
9655.01172 0.65201
9656.5459 0.71272
9658.08106 1.08031
9659.61621 1.60229
9661.15039 0.38805
9662.68457 0.27887
9664.21875 0.51147
9665.75391 1.01912
9667.28906 0.64369
9668.82324 1.52199
9670.3584 0.98853
9671.8916 1.25143
9673.42676 1.41013
9674.96094 0.93356
9676.49609 0.05402
9678.03125 0.63929
9679.56543 1.17878
9681.09961 0.32801
9682.63379 0.65249
9684.16894 1.35755
9685.70312 1.51338
9687.23828 1.08222
9688.77344 1.22467
9690.30664 1.35755
9691.8418 1.07075
9693.37695 0.92247
9694.91113 1.25048
9696.44629 1.18738
9697.98047 1.04207
9699.51465 0.88633
9701.04883 0.57323
9702.58398 0.65239
9704.11914 0.95985
9705.65332 0.36644
9707.18848 0.28518
9708.72168 0.9457
9710.25684 1.25908
9711.79102 1.69407
9713.32617 1.33843
9714.86133 0.49379
9716.39453 -0.42036
9717.92969 0.45641
9719.46387 0.39981
9720.99902 0.43728
9722.53418 0.8521
9724.06836 1.03442
9725.60254 1.08126
9727.13672 0.70966
9728.67188 1.54685
9730.20703 0.95985
9731.74121 0.28872
9733.27637 1.02772
9734.80957 0.1304
9736.34473 0.5325
9737.87891 2.23901
9739.41406 1.64723
9740.94922 0.48556
9742.4834 0.16185
9744.01758 0.51453
9745.55176 1.0956
9747.08691 0.73212
9748.62207 0.67256
9750.15625 0.49847
9751.69141 -0.26042
9753.22461 0.77467
9754.75977 1.60707
9756.29394 1.23996
9757.8291 1.10325
9759.36426 1.53537
9760.89844 1.22562
9762.43262 1.02868
9763.9668 1.37189
9765.50195 0.69799
9767.03711 -0.13384
9768.57129 0.72285
9770.10644 1.43977
9771.63965 0.90421
9773.1748 1.15774
9774.70996 1.52486
9776.24414 1.15488
9777.7793 0.85411
9779.31348 0.90564
9780.84766 1.14245
9782.38184 0.72247
9783.91699 1.05641
9785.45215 1.17686
9786.98633 0.97228
9788.52148 1.79924
9790.05469 2.41491
9791.58984 1.46941
9793.125 1.27342
9794.65918 0.98757
9796.19434 -0.06483
9797.72754 0.19073
9799.2627 1.14818
9800.79785 2.01721
9802.33203 1.1912
9803.86719 0.2914
9805.40137 0.10086
9806.93555 1.0631
9808.46973 1.12333
9810.00488 1.56788
9811.54004 1.58509
9813.07422 1.24761
9814.60938 1.45124
9816.14258 1.32409
9817.67773 0.62228
9819.21191 0.48384
9820.74707 1.20554
9822.28223 1.07553
9823.81641 0.47342
9825.35059 0.58967
9826.88574 0.7217
9828.41992 0.41874
9829.95508 1.2782
9831.48926 1.31549
9833.02441 0.61769
9834.55762 1.12428
9836.09277 1.66826
9837.62793 0.9761
9839.16211 1.30593
9840.69727 1.65296
9842.23144 0.73853
9843.76562 0.70057
9845.2998 1.10134
9846.83496 0.13824
9848.37012 0.34369
9849.9043 0.17218
9851.43945 0.86243
9852.97266 1.1587
9854.50781 1.56788
9856.04297 1.59656
9857.57715 1.37285
9859.1123 1.10612
9860.64648 1.04971
9862.18066 1.25239
9863.71582 1.31166
9865.25 1.12524
9866.78516 0.46224
9868.31934 -1.04971
9869.85352 0.61348
9871.3877 -0.64235
9872.92285 1.17304
9874.45801 2.35277
9875.99219 1.26195
9877.52734 0.19331
9879.06055 0.30526
9880.5957 0.59006
9882.13086 1.0153
9883.66504 1.73709
9885.2002 0.74713
9886.73438 0.34866
9888.26856 1.32983
9889.80273 0.75392
9891.33789 0.78088
9892.87305 0.53604
9894.40723 0.57266
9895.94238 1.71606
9897.47559 -0.16922
9899.01074 0.14512
9900.5459 1.21702
9902.08008 1.27247
9903.61523 0.98279
9905.14941 1.22945
9906.68359 1.30306
9908.21875 1.80688
9909.75293 -0.40707
9911.28809 1.81262
9912.82227 2.44073
9914.35742 -0.65937
9915.89062 1.0717
9917.42578 1.58891
9918.96094 0.88662
9920.49512 0.93595
9922.03027 1.2457
9923.56445 0.81855
9925.09863 1.11759
9926.63379 1.63002
9928.16797 0.80774
9929.70312 0.47208
9931.2373 1.00382
9932.77246 0.46979
9934.30664 0.06443
9935.84082 0.67361
9937.37598 0.13576
9938.91016 0.98948
9940.44531 0.81883
9941.97852 0.2717
9943.51367 1.19216
9945.04883 3.27055
9946.58301 2.15679
9948.11816 0.82228
9949.65234 1.19025
9951.18652 0.34637
9952.7207 -0.06554
9954.25586 -0.63107
9955.79102 0.88155
9957.3252 1.14054
9958.86035 -0.47514
9960.39453 0.31166
9961.92871 0.7022
9963.46387 -0.16348
9964.99805 0.22275
9966.5332 1.38528
9968.06738 1.21224
9969.60156 0.89551
9971.13672 1.35755
9972.6709 1.51721
9974.20606 1.60516
9975.74023 1.28203
9977.27539 0.37859
9978.80859 0.41692
9980.34375 1.79732
9981.87891 1.9847
9983.41309 1.3891
9984.94824 1.56119
9986.48242 1.59751
9988.0166 1.30784
9989.55176 0.72218
9991.08594 0.54015
9992.62109 0.31539
9994.15527 1.11568
9995.69043 1.06405
9997.22461 0.66998
9998.75879 0.28442
10000.29394 0.02489
10001.82812 1.0086
10003.36328 0.19962
10004.89746 0.413
10006.43164 0.82304
10007.9668 -0.89111
10009.50098 -1.12811
10011.03613 1.82505
10012.57031 1.57075
10014.10547 -0.3695
10015.63965 0.34283
10017.17383 1.60038
10018.70898 0.43853
10020.24316 0.55679
10021.77832 -0.05506
10023.31152 0.15841
10024.84668 0.9543
10026.38184 3.54685
10027.91602 1.47897
10029.45117 -0.76329
10030.98535 0.6717
10032.51953 1.08509
10034.05469 1.17686
10035.58887 2.94168
10037.12402 3.34512
10038.6582 2.54015
10040.19336 0.53633
10041.72754 0.61941
10043.26172 1.02964
10044.79688 0.45793
10046.33106 1.25908
10047.86621 0.64627
10049.40039 0.73059
10050.93457 1.1195
10052.46973 0.68442
10054.00391 0.14818
10055.53906 -0.15621
10057.07324 0.82457
10058.6084 0.44235
10060.14258 1.30784
10061.67676 2.97228
10063.21191 1.45793
10064.74609 -0.26042
10066.28125 2.60229
10067.81641 1.76195
10069.34961 0.59302
10070.88477 0.12629
10072.41894 1.04207
10073.9541 1.25717
10075.48828 0.29751
10077.02344 1.09847
10078.55762 1.92352
10080.0918 1.53824
10081.62695 0.22333
10083.16113 2.59178
10084.69629 3.13098
10086.23144 2.16348
10087.76465 0.3479
10089.2998 0.48384
10090.83398 1.1826
10092.36914 1.40631
10093.9043 0.65335
10095.43848 1.32027
10096.97266 0.98088
10098.50684 0.48681
10100.04199 0.62916
10101.57617 0.77314
10103.11133 0.21033
10104.64648 0.01537
10106.17969 2.29159
10107.71484 1.1587
10109.24902 -0.48518
10110.78418 1.34895
10112.31836 1.89197
10113.85254 1.40344
10115.3877 0.13203
10116.92188 0.67706
10118.45703 0.68155
10119.99219 -0.52122
10121.52637 -0.88901
10123.06055 1.80306
10124.59473 1.94837
10126.12988 5.17017
10127.66406 4.36616
10129.19922 2.22371
10130.73438 1.18356
10132.26758 0.95889
10133.80273 -0.13967
10135.33691 0.4239
10136.87207 1.50096
10138.40625 1.06119
10139.94141 -0.12839
10141.47559 1.43021
10143.00977 1.20746
10144.54492 0.46233
10146.0791 1.76195
10147.61426 2.86233
10149.14941 -0.33862
10150.68262 1.0239
10152.21777 4.23996
10153.75195 -1.97323
10155.28711 -1.78298
10156.82227 2.72371
10158.35644 2.13862
10159.89062 -0.08046
10161.4248 0.06174
10162.95996 1.68547
10164.49512 0.22811
10166.0293 2.53059
10167.56445 1.2543
10169.09766 -0.30574
10170.63281 1.913
10172.16699 3.11377
10173.70215 0.64541
10175.2373 1.84512
10176.77148 3.23709
10178.30566 1.72753
10179.83984 0.21281
10181.375 -2.19216
10182.90918 1.07075
10184.44434 0.25908
10185.97852 0.01546
10187.5127 4.30402
10189.04785 1.78011
10190.58203 -2.54015
10192.11719 1.72945
10193.65234 2.19981
10195.18555 -0.85392
10196.7207 -0.0008
10198.25488 1.56692
10199.79004 0.34407
