#wave flux
3060.562 0.48789
3062.51 0.80929
3064.4585 0.76246
3066.4075 0.74468
3068.3569 1.22188
3070.3071 0.65802
3072.2581 1.43322
3074.2095 0.65246
3076.1614 0.36504
3078.114 1.1074
3080.0669 0.993
3082.0208 0.66246
3083.9749 0.97078
3085.9297 0.69262
3087.8853 0.92881
3089.8413 0.89073
3091.7979 0.76112
3093.7549 0.91081
3095.7129 0.85796
3097.6711 0.81771
3099.6299 0.67535
3101.5896 0.80982
3103.5496 0.85604
3105.51 1.0849
3107.4712 0.68187
3109.4331 0.41468
3111.3955 0.77683
3113.3584 0.84943
3115.3218 0.74075
3117.2859 0.69247
3119.2505 0.79523
3121.2156 0.63162
3123.1814 0.98378
3125.1477 1.02427
3127.1145 1.07015
3129.082 0.82183
3131.05 1.19525
3133.0186 1.01047
3134.9878 0.80223
3136.9575 0.98477
3138.9277 0.3857
3140.8984 0.71658
3142.8699 0.91654
3144.8418 0.88905
3146.8142 1.09366
3148.7874 0.93068
3150.761 0.7481
3152.7351 0.75423
3154.71 0.70928
3156.6853 0.89973
3158.6609 0.71062
3160.6375 0.79094
3162.6145 0.97092
3164.5918 1.11953
3166.5698 1.25705
3168.5486 1.30474
3170.5276 1.18083
3172.5073 1.05205
3174.4875 0.74865
3176.4685 0.73624
3178.4497 0.71753
3180.4316 0.83689
3182.4143 0.76903
3184.3972 0.81914
3186.3806 0.8764
3188.3647 1.01773
3190.3494 0.90109
3192.3347 0.93327
3194.3203 1.05465
3196.3066 1.00476
3198.2935 1.04427
3200.2808 1.23632
3202.2686 1.01071
3204.2571 1.02741
3206.2461 0.86289
3208.2356 1.01115
3210.2256 1.02473
3212.2161 1.1384
3214.2073 1.06179
3216.1987 0.99837
3218.1909 1.07363
3220.1836 0.79083
3222.177 0.93805
3224.1707 0.74984
3226.165 0.63412
3228.1599 0.82984
3230.1553 0.69603
3232.1511 0.95475
3234.1477 1.03106
3236.1445 1.16904
3238.1421 1.29863
3240.1399 1.30698
3242.1384 1.15073
3244.1377 0.9841
3246.1372 0.95587
3248.1372 1.043
3250.1379 0.97012
3252.1392 1.15842
3254.1409 1.19661
3256.1431 1.14886
3258.1458 1.29555
3260.1489 1.39884
3262.1526 1.08474
3264.157 1.17275
3266.1619 0.93926
3268.167 0.94309
3270.1729 0.77579
3272.1792 0.87724
3274.186 1.0542
3276.1936 1.1967
3278.2014 1.15842
3280.2097 0.99202
3282.2188 1.20168
3284.2283 1.27057
3286.238 1.24733
3288.2485 1.5283
3290.2595 1.50912
3292.271 1.39726
3294.283 1.20725
3296.2954 1.06233
3298.3083 1.13997
3300.322 0.9288
3302.3359 1.14099
3304.3503 1.09898
3306.3655 0.99738
3308.3809 1.04188
3310.397 1.06814
3312.4136 0.91837
3314.4304 1.03807
3316.448 0.98647
3318.4661 0.98125
3320.4846 1.02357
3322.5034 1.00696
3324.5229 1.10511
3326.5432 1.13143
3328.5637 1.18784
3330.5847 0.94101
3332.606 0.91607
3334.6279 0.92921
3336.6504 0.87733
3338.6736 0.93995
3340.697 1.02539
3342.7209 0.92964
3344.7454 1.06243
3346.7703 1.21917
3348.7957 1.24379
3350.8215 1.23597
3352.8479 1.10117
3354.875 1.02664
3356.9023 1.11511
3358.9302 1.24128
3360.9585 1.1638
3362.9873 1.09372
3365.0166 1.01913
3367.0464 1.10793
3369.0767 1.30605
3371.1074 1.2953
3373.1387 1.29039
3375.1704 1.06471
3377.2024 1.12262
3379.2351 1.3462
3381.2683 1.25697
3383.302 1.37812
3385.3362 1.23394
3387.3706 1.28397
3389.4058 1.23086
3391.4412 1.48452
3393.4773 1.53916
3395.5137 1.45532
3397.5505 1.27521
3399.5879 1.23724
3401.626 1.24031
3403.6643 1.28429
3405.7031 1.4086
3407.7424 1.37322
3409.782 1.47361
3411.8223 1.32173
3413.863 1.28263
3415.9043 1.30328
3417.9458 1.35932
3419.9878 1.51017
3422.0305 1.58613
3424.0735 1.55438
3426.1169 1.34194
3428.1609 1.24553
3430.2051 1.2096
3432.25 1.31189
3434.2954 1.1697
3436.3411 1.14336
3438.3872 1.24871
3440.4341 1.45587
3442.4812 1.60873
3444.5288 1.56806
3446.5767 1.4035
3448.6252 1.27465
3450.6743 1.10085
3452.7236 1.0184
3454.7734 1.07819
3456.8237 1.14998
3458.8745 1.26963
3460.9258 1.45872
3462.9773 1.48266
3465.0293 1.31831
3467.082 1.22997
3469.135 1.10072
3471.1885 1.17261
3473.2422 1.15144
3475.2966 1.20737
3477.3513 1.16805
3479.4065 1.20964
3481.4622 1.16796
3483.5183 1.15456
3485.5747 1.04672
3487.6318 1.10288
3489.6892 1.10147
3491.7471 1.08317
3493.8054 1.25384
3495.864 1.25337
3497.9231 1.25517
3499.9829 1.19827
3502.0427 1.20723
3504.1033 1.24983
3506.1643 1.27274
3508.2256 1.35838
3510.2871 1.36538
3512.3494 1.4014
3514.4121 1.35354
3516.4751 1.36487
3518.5386 1.34067
3520.6025 1.50848
3522.6667 1.38686
3524.7317 1.37444
3526.7966 1.22835
3528.8623 1.19843
3530.9285 1.3067
3532.9949 1.43046
3535.0618 1.50653
3537.1289 1.56915
3539.1968 1.40289
3541.2649 1.44284
3543.3335 1.4429
3545.4023 1.41485
3547.4717 1.41769
3549.5415 1.2356
3551.6118 1.23571
3553.6826 1.21285
3555.7537 1.27097
3557.825 1.20182
3559.897 1.1625
3561.9692 1.12193
3564.042 1.11307
3566.115 1.16537
3568.1887 1.05142
3570.2627 1.08869
3572.3369 1.2012
3574.4116 1.25386
3576.4868 1.28485
3578.5625 1.29942
3580.6384 1.17476
3582.7148 1.06836
3584.7917 1.10237
3586.8689 1.16773
3588.9465 1.25332
3591.0244 1.33849
3593.1028 1.41458
3595.1816 1.33156
3597.261 1.34631
3599.3406 1.29928
3601.4207 1.28823
3603.501 1.21272
3605.5818 1.15769
3607.6631 1.22691
3609.7446 1.29441
3611.8267 1.31209
3613.9089 1.3101
3615.9917 1.33506
3618.075 1.27825
3620.1587 1.23699
3622.2424 1.27127
3624.3269 1.24658
3626.4116 1.27778
3628.4968 1.40968
3630.5823 1.41618
3632.6682 1.34541
3634.7544 1.15904
3636.8413 1.10639
3638.9282 1.15189
3641.0159 1.32239
3643.1035 1.30077
3645.1919 1.40412
3647.2805 1.39135
3649.3694 1.4697
3651.4587 1.43157
3653.5486 1.29708
3655.6387 1.28023
3657.7292 1.46351
3659.8201 1.55027
3661.9114 1.58621
3664.0032 1.49379
3666.0952 1.46066
3668.1875 1.39776
3670.2803 1.31107
3672.3733 1.31525
3674.467 1.3284
3676.5608 1.38463
3678.655 1.58676
3680.7498 1.76459
3682.8447 2.04301
3684.9402 2.10972
3687.0359 2.09841
3689.1321 1.89938
3691.2285 1.75287
3693.3254 1.62524
3695.4226 1.46959
3697.5203 1.41655
3699.6182 1.4336
3701.7166 1.37816
3703.8152 1.42744
3705.9143 1.46267
3708.0137 1.53066
3710.1133 1.59113
3712.2134 1.5574
3714.314 1.54594
3716.4148 1.51555
3718.5161 1.59456
3720.6177 1.77117
3722.7195 1.69888
3724.8218 1.57031
3726.9243 1.44134
3729.0273 1.36036
3731.1306 1.4196
3733.2344 1.53762
3735.3384 1.65156
3737.4429 1.63186
3739.5476 1.5201
3741.6526 1.34271
3743.7581 1.3703
3745.864 1.46947
3747.97 1.62892
3750.0764 1.48519
3752.1833 1.40515
3754.2905 1.43299
3756.3979 1.67791
3758.5059 1.95417
3760.614 1.96038
3762.7227 1.99344
3764.8315 1.89038
3766.9409 1.93104
3769.0503 1.94166
3771.1604 2.00904
3773.2705 2.00702
3775.3811 1.99935
3777.4919 1.82083
3779.6033 1.60291
3781.7148 1.57575
3783.8269 1.5109
3785.9392 1.5835
3788.0518 1.63814
3790.1648 1.61784
3792.2778 1.74766
3794.3916 2.02278
3796.5056 2.26156
3798.6196 2.31615
3800.7344 2.14966
3802.8494 1.94772
3804.9646 1.7797
3807.0801 1.50714
3809.196 1.49945
3811.3123 1.53624
3813.4287 1.55473
3815.5457 1.55271
3817.6628 1.44601
3819.7805 1.42446
3821.8982 1.37985
3824.0166 1.40806
3826.135 1.4381
3828.2539 1.4181
3830.3728 1.609
3832.4924 1.88652
3834.6121 2.05796
3836.7322 2.13826
3838.8525 2.09222
3840.9734 1.93541
3843.0945 1.91157
3845.2158 1.8338
3847.3374 1.68316
3849.4595 1.68102
3851.5818 1.65065
3853.7043 1.7511
3855.8271 1.83456
3857.9504 1.89412
3860.074 1.90625
3862.1978 1.86002
3864.322 1.91702
3866.4463 1.77218
3868.5713 1.57097
3870.6963 1.55393
3872.8215 1.54317
3874.9473 1.57367
3877.0732 1.52375
3879.1997 1.56616
3881.3262 1.66093
3883.4531 1.95619
3885.5801 2.1572
3887.7078 2.2803
3889.8354 2.08135
3891.9636 1.83696
3894.092 1.75524
3896.2207 1.79808
3898.3496 1.94212
3900.479 1.9241
3902.6084 1.83145
3904.7383 1.67881
3906.8687 1.62046
3908.999 1.72194
3911.1299 1.73895
3913.2607 1.7025
3915.3921 1.60029
3917.5237 1.45875
3919.6555 1.32233
3921.7878 1.18366
3923.9204 0.96517
3926.053 0.81195
3928.1863 0.96474
3930.3196 1.20508
3932.4531 1.57279
3934.5872 1.74418
3936.7212 1.79684
3938.8557 1.73935
3940.9905 1.71957
3943.1255 1.59192
3945.261 1.52666
3947.3965 1.48069
3949.5325 1.45136
3951.6685 1.32717
3953.8049 1.26174
3955.9417 1.1621
3958.0786 1.03214
3960.2161 0.91725
3962.3535 1.00991
3964.4912 1.49482
3966.6294 1.99152
3968.7678 2.30605
3970.9065 2.32661
3973.0454 2.20426
3975.1846 1.99955
3977.324 1.94977
3979.4636 1.79513
3981.6038 1.69548
3983.7439 1.68575
3985.8845 1.56751
3988.0254 1.6246
3990.1665 1.57452
3992.3076 1.49645
3994.4492 1.56781
3996.5913 1.45771
3998.7334 1.53639
4000.8757 1.58511
4003.0183 1.63012
4005.1611 1.63467
4007.3044 1.70176
4009.4478 1.73517
4011.5916 1.76385
4013.7356 1.71581
4015.8796 1.63653
4018.0242 1.53578
4020.1689 1.56877
4022.3137 1.63031
4024.459 1.71452
4026.6045 1.72938
4028.7502 1.66408
4030.8962 1.71928
4033.0425 1.68767
4035.189 1.65636
4037.3357 1.61334
4039.4829 1.57023
4041.6299 1.58347
4043.7776 1.56506
4045.9253 1.58665
4048.0732 1.67304
4050.2214 1.73085
4052.3701 1.80447
4054.5188 1.69045
4056.6677 1.63108
4058.8169 1.64095
4060.9663 1.7081
4063.1162 1.72239
4065.2661 1.71557
4067.4163 1.60659
4069.5667 1.56968
4071.7173 1.61649
4073.8682 1.66278
4076.0193 1.669
4078.1707 1.67376
4080.3225 1.62245
4082.4741 1.61292
4084.6262 1.59798
4086.7788 1.69012
4088.9312 1.70119
4091.084 1.71128
4093.2371 2.00135
4095.3904 2.33332
4097.5439 2.81168
4099.6978 3.01982
4101.8516 2.82507
4104.0059 2.55398
4106.1602 2.34884
4108.3149 2.18387
4110.4697 1.99135
4112.625 1.87182
4114.7803 1.77605
4116.9355 1.75515
4119.0913 1.69313
4121.2476 1.70491
4123.4038 1.74655
4125.5601 1.76093
4127.7168 1.82487
4129.8735 1.79236
4132.0308 1.77903
4134.188 1.70465
4136.3457 1.62542
4138.5034 1.58632
4140.6616 1.60201
4142.8198 1.63301
4144.978 1.63585
4147.1367 1.54177
4149.2959 1.5849
4151.4546 1.55713
4153.6143 1.49726
4155.7734 1.50006
4157.9331 1.56347
4160.0933 1.6712
4162.2534 1.73256
4164.4136 1.61988
4166.5742 1.58453
4168.7349 1.63942
4170.896 1.77937
4173.0571 1.77176
4175.2188 1.79069
4177.3804 1.81782
4179.542 1.83509
4181.7041 1.73646
4183.8662 1.71627
4186.0288 1.68041
4188.1914 1.71329
4190.3545 1.61674
4192.5176 1.56077
4194.6807 1.58935
4196.8442 1.58089
4199.0078 1.53314
4201.1714 1.59183
4203.3359 1.56603
4205.5 1.50965
4207.6646 1.43893
4209.8291 1.50179
4211.9941 1.56634
4214.1587 1.635
4216.3242 1.60397
4218.4897 1.53289
4220.6553 1.53659
4222.8213 1.6176
4224.9873 1.71516
4227.1533 1.90281
4229.3198 1.98182
4231.4863 2.05636
4233.6533 1.91716
4235.8203 1.75078
4237.9873 1.72037
4240.1548 1.74349
4242.3223 1.84161
4244.4897 1.7911
4246.6577 1.77512
4248.8257 1.76393
4250.9941 1.68337
4253.1626 1.64735
4255.3315 1.64469
4257.5 1.62463
4259.6694 1.71219
4261.8384 1.60726
4264.0078 1.57661
4266.1772 1.58679
4268.3472 1.61142
4270.5171 1.67947
4272.687 1.74452
4274.8574 1.70143
4277.0278 1.61172
4279.1987 1.589
4281.3696 1.51163
4283.5405 1.56695
4285.7114 1.52609
4287.8828 1.60185
4290.0547 1.63209
4292.2261 1.62553
4294.3979 1.64194
4296.5703 1.70749
4298.7422 1.76374
4300.9146 1.73439
4303.0874 1.66541
4305.2598 1.57326
4307.4331 1.57594
4309.606 1.61309
4311.7793 1.74008
4313.9526 1.66614
4316.126 1.61888
4318.2998 1.58504
4320.4741 1.59196
4322.6479 1.66743
4324.8223 1.66513
4326.9966 1.70938
4329.1714 1.71011
4331.3457 1.81787
4333.521 2.0981
4335.6958 2.65667
4337.8711 2.80839
4340.0464 2.7683
4342.2222 2.52122
4344.3975 2.39922
4346.5737 2.41266
4348.7495 2.38684
4350.9258 2.19919
4353.1021 2.13451
4355.2788 1.98703
4357.4551 1.85664
4359.6318 1.72104
4361.8091 1.65897
4363.9863 1.61068
4366.1631 1.54097
4368.3408 1.60542
4370.5181 1.66088
4372.6958 1.60463
4374.874 1.56366
4377.0518 1.49666
4379.23 1.50683
4381.4082 1.59475
4383.5869 1.64943
4385.7656 1.5427
4387.9443 1.49
4390.123 1.55634
4392.3022 1.62874
4394.4814 1.76613
4396.6606 1.80797
4398.8403 1.81279
4401.02 1.70505
4403.1997 1.58679
4405.3799 1.52638
4407.5596 1.49955
4409.7402 1.48734
4411.9204 1.62983
4414.1006 1.74526
4416.2817 1.80418
4418.4624 1.69539
4420.6431 1.70186
4422.8242 1.61814
4425.0054 1.64621
4427.1865 1.5457
4429.3682 1.55978
4431.5498 1.47091
4433.7314 1.36095
4435.9136 1.38041
4438.0952 1.53874
4440.2778 1.68668
4442.46 1.74681
4444.6421 1.69041
4446.8247 1.67277
4449.0073 1.65625
4451.1904 1.65756
4453.3735 1.59578
4455.5562 1.49028
4457.7393 1.42718
4459.9229 1.38956
4462.1064 1.4897
4464.29 1.62119
4466.4736 1.72631
4468.6577 1.7323
4470.8413 1.63391
4473.0254 1.62906
4475.2095 1.65003
4477.394 1.74636
4479.5786 1.70806
4481.7632 1.72625
4483.9478 1.71232
4486.1328 1.71999
4488.3179 1.73852
4490.5029 1.66589
4492.688 1.64559
4494.8735 1.78529
4497.0586 1.88535
4499.2441 1.95512
4501.4302 1.95204
4503.6157 1.92861
4505.8018 1.9488
4507.9878 1.88426
4510.1738 1.82431
4512.3604 1.83371
4514.5464 1.78754
4516.7329 1.84307
4518.9199 1.83288
4521.1064 1.77585
4523.2935 1.66804
4525.48 1.60569
4527.6675 1.80133
4529.8545 1.92934
4532.042 1.93353
4534.229 1.79855
4536.4165 1.7612
4538.6045 1.71264
4540.792 1.7359
4542.98 1.824
4545.168 1.95362
4547.356 1.91109
4549.5439 1.89473
4551.7324 1.79402
4553.9209 1.79711
4556.1094 1.7468
4558.2979 1.75566
4560.4868 1.73705
4562.6753 1.8345
4564.8643 1.79959
4567.0532 1.94301
4569.2422 1.9204
4571.4316 1.9375
4573.6211 1.84042
4575.8105 1.91975
4578.0 1.87716
4580.1895 1.92289
4582.3794 1.82552
4584.5693 1.90468
4586.7593 1.86968
4588.9492 1.90027
4591.1392 1.80736
4593.3296 1.74925
4595.52 1.6466
4597.71 1.58238
4599.9009 1.60595
4602.0913 1.54194
4604.2822 1.54662
4606.4727 1.5728
4608.6636 1.50488
4610.8545 1.54629
4613.0459 1.54331
4615.2368 1.64447
4617.4282 1.68764
4619.6196 1.70252
4621.811 1.68255
4624.0024 1.75676
4626.1943 1.74761
4628.3862 1.7414
4630.5776 1.71612
4632.7695 1.66424
4634.9619 1.655
4637.1538 1.58058
4639.3457 1.54569
4641.5381 1.61018
4643.7305 1.53246
4645.9229 1.5501
4648.1157 1.5041
4650.3081 1.49922
4652.501 1.54537
4654.6934 1.5908
4656.8862 1.50584
4659.0791 1.51657
4661.2725 1.49111
4663.4653 1.51288
4665.6587 1.53754
4667.8521 1.5425
4670.0454 1.55886
4672.2388 1.51249
4674.4321 1.51756
4676.626 1.45241
4678.8193 1.45841
4681.0132 1.50152
4683.207 1.47501
4685.4009 1.5379
4687.5952 1.51409
4689.7891 1.46835
4691.9834 1.47772
4694.1772 1.50814
4696.3716 1.49045
4698.5659 1.45571
4700.7607 1.46607
4702.9551 1.48903
4705.1499 1.50507
4707.3442 1.48016
4709.5391 1.51687
4711.7339 1.5583
4713.9287 1.48443
4716.124 1.54436
4718.3188 1.57001
4720.5137 1.49722
4722.709 1.54479
4724.9043 1.52295
4727.0996 1.56727
4729.2949 1.528
4731.4907 1.50491
4733.686 1.54081
4735.8818 1.53073
4738.0776 1.5328
4740.2729 1.5436
4742.4688 1.50481
4744.665 1.53169
4746.8608 1.51785
4749.0566 1.48112
4751.2529 1.48738
4753.4487 1.49069
4755.645 1.45912
4757.8413 1.39308
4760.0376 1.46624
4762.2339 1.47641
4764.4307 1.48579
4766.627 1.53223
4768.8237 1.46352
4771.0205 1.46336
4773.2173 1.4837
4775.4136 1.51028
4777.6108 1.53864
4779.8076 1.5226
4782.0044 1.46151
4784.2017 1.50427
4786.3984 1.51933
4788.5957 1.49892
4790.793 1.48318
4792.9902 1.44624
4795.1875 1.42352
4797.3848 1.44469
4799.5825 1.5206
4801.7798 1.55205
4803.9775 1.64813
4806.1748 1.54291
4808.3726 1.48031
4810.5703 1.51924
4812.7681 1.54465
4814.9658 1.46284
4817.1636 1.53986
4819.3618 1.57559
4821.5596 1.58936
4823.7578 1.5695
4825.9556 1.59471
4828.1538 1.59084
4830.3521 1.60428
4832.5503 1.64994
4834.7485 1.65743
4836.9468 1.6719
4839.1455 1.7743
4841.3438 1.8591
4843.5425 1.99749
4845.7407 2.19137
4847.9395 2.37809
4850.1382 2.73251
4852.3369 3.23438
4854.5356 3.85902
4856.7344 4.34454
4858.9331 4.3813
4861.1323 3.95353
4863.3311 3.47575
4865.5303 2.92991
4867.729 2.60629
4869.9282 2.40255
4872.1274 2.20319
4874.3267 1.93626
4876.5259 1.76823
4878.7251 1.72117
4880.9243 1.71163
4883.1235 1.67397
4885.3232 1.60796
4887.5225 1.62047
4889.7217 1.59065
4891.9214 1.4951
4894.1211 1.49348
4896.3208 1.4887
4898.5205 1.46567
4900.7202 1.42131
4902.9199 1.44537
4905.1196 1.45473
4907.3193 1.59409
4909.519 1.60302
4911.7192 1.63818
4913.9189 1.65365
4916.1191 1.90996
4918.3193 2.08665
4920.519 2.23758
4922.7192 2.05454
4924.9194 1.95552
4927.1196 1.80233
4929.3198 1.67849
4931.52 1.69334
4933.7202 1.62234
4935.9204 1.57291
4938.1211 1.56548
4940.3213 1.54702
4942.522 1.49976
4944.7222 1.48086
4946.9229 1.46682
4949.1235 1.47417
4951.3242 1.49122
4953.5244 1.48381
4955.7251 1.46924
4957.9258 1.43764
4960.1265 1.44349
4962.3276 1.47479
4964.5283 1.5018
4966.729 1.50501
4968.9297 1.44332
4971.1309 1.41184
4973.3315 1.38626
4975.5327 1.41855
4977.7334 1.46345
4979.9346 1.44525
4982.1357 1.47905
4984.3369 1.49397
4986.5376 1.51914
4988.7388 1.54861
4990.9404 1.50799
4993.1416 1.52499
4995.3428 1.48823
4997.5439 1.49511
4999.7451 1.57246
5001.9463 1.61711
5004.1479 1.65934
5006.3491 1.75959
5008.5508 1.89944
5010.752 2.13022
5012.9536 2.2526
5015.1548 2.39538
5017.3564 2.12894
5019.5581 1.94176
5021.7598 1.80047
5023.9614 1.70851
5026.1631 1.69619
5028.3647 1.60802
5030.5664 1.5555
5032.7681 1.50739
5034.9697 1.46543
5037.1714 1.50279
5039.373 1.46586
5041.5752 1.47818
5043.7769 1.45275
5045.9785 1.45686
5048.1807 1.45417
5050.3828 1.47603
5052.5845 1.49304
5054.7866 1.49147
5056.9883 1.43709
5059.1904 1.38908
5061.3926 1.40996
5063.5947 1.37244
5065.7964 1.33985
5067.9985 1.45097
5070.2007 1.40808
5072.4028 1.38691
5074.605 1.40538
5076.8076 1.40879
5079.0098 1.3914
5081.2119 1.34693
5083.4141 1.41697
5085.6162 1.44845
5087.8184 1.40239
5090.021 1.43753
5092.2231 1.42691
5094.4258 1.47164
5096.6279 1.45437
5098.8306 1.39497
5101.0327 1.42603
5103.2354 1.42752
5105.438 1.39966
5107.6401 1.41504
5109.8428 1.40404
5112.0454 1.38217
5114.248 1.38203
5116.4502 1.36026
5118.6528 1.36699
5120.8555 1.35972
5123.0581 1.49061
5125.2607 1.50484
5127.4634 1.42784
5129.666 1.47366
5131.8691 1.42653
5134.0718 1.40896
5136.2744 1.43542
5138.4771 1.42631
5140.6797 1.41031
5142.8828 1.46946
5145.0854 1.45219
5147.2881 1.5092
5149.4912 1.59131
5151.6938 1.60323
5153.897 1.66284
5156.0996 1.70567
5158.3027 1.72079
5160.5054 1.74993
5162.7085 2.06282
5164.9116 2.20878
5167.1143 2.31751
5169.3174 2.08466
5171.5205 1.9003
5173.7236 1.74786
5175.9263 1.62722
5178.1294 1.61754
5180.3325 1.66807
5182.5356 1.65198
5184.7388 1.74567
5186.9419 1.72776
5189.145 1.7167
5191.3481 1.73271
5193.5513 1.68828
5195.7544 1.64716
5197.9575 1.51854
5200.1606 1.4258
5202.3638 1.43312
5204.5674 1.4971
5206.7705 1.48704
5208.9736 1.50454
5211.1768 1.45809
5213.3804 1.43457
5215.5835 1.44566
5217.7866 1.44669
5219.9902 1.52841
5222.1934 1.56112
5224.397 1.63084
5226.6001 1.58772
5228.8037 1.67714
5231.0068 1.68243
5233.2104 1.64516
5235.4136 1.59285
5237.6172 1.55159
5239.8208 1.58722
5242.0239 1.52221
5244.2275 1.47591
5246.4312 1.55965
5248.6348 1.49268
5250.8379 1.53956
5253.0415 1.54698
5255.2451 1.51659
5257.4487 1.52316
5259.6523 1.50272
5261.856 1.52314
5264.0596 1.55356
5266.2632 1.63368
5268.4668 1.7313
5270.6704 1.74752
5272.874 1.76033
5275.0776 1.73399
5277.2812 1.67304
5279.4849 1.64351
5281.6885 1.55028
5283.8921 1.55782
5286.0962 1.48424
5288.2998 1.46293
5290.5034 1.46652
5292.707 1.46781
5294.9111 1.49147
5297.1147 1.50599
5299.3184 1.53062
5301.5225 1.54084
5303.7261 1.61283
5305.9302 1.61956
5308.1338 1.76135
5310.3379 1.81137
5312.5415 1.89211
5314.7456 1.76537
5316.9492 1.65727
5319.1533 1.56978
5321.3569 1.5653
5323.561 1.49608
5325.7651 1.44944
5327.9688 1.45599
5330.1729 1.43088
5332.377 1.4919
5334.5806 1.53736
5336.7847 1.48878
5338.9888 1.40801
5341.1929 1.38355
5343.397 1.40182
5345.6011 1.40814
5347.8052 1.415
5350.0093 1.42525
5352.2134 1.45034
5354.4175 1.40565
5356.6216 1.50626
5358.8257 1.50634
5361.0298 1.45911
5363.2339 1.48781
5365.438 1.43274
5367.6421 1.35914
5369.8462 1.34692
5372.0508 1.40526
5374.2549 1.34872
5376.459 1.36255
5378.6631 1.38759
5380.8677 1.38381
5383.0718 1.39777
5385.2759 1.35572
5387.4805 1.32218
5389.6846 1.34275
5391.8892 1.35564
5394.0933 1.34972
5396.2979 1.3604
5398.502 1.33979
5400.7065 1.35785
5402.9111 1.39921
5405.1152 1.42403
5407.3198 1.41109
5409.5239 1.35859
5411.7285 1.35982
5413.9331 1.39388
5416.1377 1.38067
5418.3418 1.46825
5420.5464 1.40683
5422.751 1.43769
5424.9556 1.40203
5427.1602 1.42609
5429.3647 1.37695
5431.5693 1.34895
5433.7739 1.40019
5435.9785 1.38605
5438.1831 1.36324
5440.3877 1.32117
5442.5923 1.35338
5444.7974 1.30818
5447.002 1.3393
5449.2065 1.36842
5451.4116 1.30572
5453.6162 1.33528
5455.8208 1.3003
5458.0259 1.24807
5460.2305 1.3419
5462.4351 1.35601
5464.6401 1.35345
5466.8452 1.3264
5469.0498 1.29673
5471.2549 1.28764
5473.4595 1.34678
5475.6646 1.36862
5477.8696 1.2924
5480.0747 1.29216
5482.2793 1.3146
5484.4844 1.34927
5486.6895 1.34055
5488.8945 1.32213
5491.0996 1.35532
5493.3047 1.33111
5495.5098 1.37825
5497.7148 1.32432
5499.9199 1.36616
5502.125 1.36868
5504.3301 1.32807
5506.5356 1.34055
5508.7407 1.35344
5510.9458 1.37368
5513.1509 1.25605
5515.3564 1.2845
5517.5615 1.28673
5519.7671 1.35393
5521.9722 1.36871
5524.1777 1.40538
5526.3833 1.40543
5528.5884 1.40806
5530.7939 1.42092
5532.9995 1.46396
5535.2051 1.38827
5537.4102 1.30997
5539.6157 1.34812
5541.8213 1.37775
5544.0269 1.33318
5546.2324 1.30686
5548.438 1.32258
5550.644 1.38102
5552.8496 1.27782
5555.0552 1.34272
5557.2607 1.30712
5559.4668 1.37526
5561.6724 1.32278
5563.8784 1.36649
5566.084 1.34771
5568.29 1.32109
5570.4956 1.27006
5572.7017 1.36055
5574.9077 1.30766
5577.1133 1.23495
5579.3193 1.30375
5581.5254 1.30227
5583.7314 1.2744
5585.9375 1.24192
5588.1436 1.2904
5590.3496 1.28816
5592.5557 1.30542
5594.7622 1.2962
5596.9683 1.26785
5599.1743 1.28337
5601.3809 1.20324
5603.5869 1.3138
5605.7935 1.32651
5607.9995 1.28006
5610.2061 1.2601
5612.4126 1.33267
5614.6191 1.29901
5616.8257 1.3193
5619.0322 1.33007
5621.2383 1.28553
5623.4453 1.33753
5625.6519 1.3482
5627.8584 1.30439
5630.0649 1.33547
5632.272 1.2985
5634.4785 1.31351
5636.6851 1.32002
5638.8921 1.2619
5641.0991 1.29446
5643.3057 1.3444
5645.5127 1.26764
5647.7197 1.24015
5649.9268 1.23454
5652.1338 1.2609
5654.3408 1.21177
5655.1855 1.19486
5656.3311 1.13955
5657.4766 1.11738
5658.6221 1.17913
5659.7676 1.19571
5660.9136 1.26757
5662.0591 1.31406
5663.2051 1.3211
5664.3506 1.28025
5665.4966 1.23315
5666.6426 1.43174
5667.7886 1.25109
5668.9346 1.30914
5670.0806 1.28573
5671.2266 1.23155
5672.3726 1.3291
5673.5186 1.26422
5674.665 1.23338
5675.811 1.26057
5676.9575 1.32842
5678.1035 1.25332
5679.25 1.27603
5680.3965 1.25856
5681.543 1.32427
5682.6895 1.25153
5683.8359 1.43236
5684.9824 1.38921
5686.1289 1.29152
5687.2754 1.24724
5688.4224 1.33514
5689.5688 1.31669
5690.7158 1.294
5691.8623 1.2654
5693.0093 1.36244
5694.1562 1.3639
5695.3032 1.29242
5696.4502 1.30687
5697.5972 1.28672
5698.7441 1.26937
5699.8911 1.22522
5701.0386 1.28806
5702.1855 1.23533
5703.333 1.29565
5704.48 1.22639
5705.6274 1.24245
5706.7744 1.3019
5707.9219 1.3139
5709.0693 1.30136
5710.2168 1.25115
5711.3643 1.30702
5712.5117 1.29528
5713.6592 1.23884
5714.8071 1.20403
5715.9546 1.34776
5717.1025 1.25489
5718.25 1.27631
5719.3979 1.30531
5720.5459 1.33009
5721.6934 1.23735
5722.8413 1.23349
5723.9893 1.24003
5725.1372 1.28953
5726.2852 1.21062
5727.4336 1.22574
5728.5815 1.26951
5729.7295 1.30385
5730.8779 1.29072
5732.0259 1.31709
5733.1743 1.24685
5734.3228 1.32108
5735.4712 1.20503
5736.6196 1.31982
5737.7681 1.27124
5738.9165 1.29296
5740.0649 1.33863
5741.2134 1.233
5742.3618 1.30925
5743.5107 1.32623
5744.6592 1.31338
5745.8081 1.21651
5746.957 1.27484
5748.1055 1.25119
5749.2544 1.28539
5750.4033 1.25048
5751.5522 1.27979
5752.7012 1.25204
5753.8501 1.28936
5754.999 1.25256
5756.1484 1.26403
5757.2974 1.19904
5758.4468 1.19737
5759.5957 1.27419
5760.7451 1.16479
5761.8945 1.1784
5763.0435 1.28632
5764.1929 1.18349
5765.3423 1.25641
5766.4917 1.21195
5767.6411 1.32115
5768.791 1.27242
5769.9404 1.23687
5771.0898 1.18212
5772.2397 1.22543
5773.3892 1.14365
5774.5391 1.14874
5775.689 1.207
5776.8389 1.18417
5777.9883 1.24363
5779.1382 1.25578
5780.2881 1.20698
5781.4385 1.22304
5782.5884 1.17408
5783.7383 1.22048
5784.8887 1.19956
5786.0386 1.271
5787.189 1.19436
5788.3389 1.25741
5789.4893 1.15527
5790.6396 1.18311
5791.79 1.12828
5792.9404 1.19139
5794.0908 1.24779
5795.2412 1.23932
5796.3916 1.21835
5797.542 1.23784
5798.6929 1.25797
5799.8433 1.13027
5800.9941 1.26836
5802.1445 1.2985
5803.2954 1.18116
5804.4463 1.19037
5805.5972 1.23753
5806.748 1.19775
5807.8989 1.24724
5809.0498 1.23139
5810.2007 1.20261
5811.3516 1.21697
5812.5029 1.31149
5813.6538 1.2932
5814.8052 1.22725
5815.9565 1.28034
5817.1074 1.23905
5818.2588 1.19594
5819.4102 1.20331
5820.5615 1.28664
5821.7129 1.27552
5822.8643 1.24815
5824.0156 1.21805
5825.167 1.22348
5826.3188 1.20629
5827.4702 1.21923
5828.6221 1.18785
5829.7734 1.22784
5830.9253 1.26799
5832.0771 1.18574
5833.229 1.2268
5834.3809 1.21488
5835.5327 1.30626
5836.6846 1.29199
5837.8364 1.21929
5838.9883 1.28533
5840.1406 1.24272
5841.2925 1.23793
5842.4448 1.20526
5843.5967 1.17871
5844.749 1.15356
5845.9014 1.23401
5847.0532 1.10614
5848.2056 1.20554
5849.3579 1.13424
5850.5107 1.22421
5851.6631 1.24944
5852.8154 1.16845
5853.9678 1.19698
5855.1206 1.21149
5856.2729 1.2668
5857.4258 1.23231
5858.5786 1.24284
5859.731 1.24855
5860.8838 1.26318
5862.0366 1.2719
5863.1895 1.25557
5864.3423 1.27516
5865.4951 1.31569
5866.6484 1.27941
5867.8013 1.31044
5868.9541 1.2939
5870.1074 1.3407
5871.2603 1.30777
5872.4136 1.23779
5873.5669 1.2229
5874.7197 1.19911
5875.873 1.1611
5877.0264 1.11032
5878.1797 0.97534
5879.3335 0.98869
5880.4868 0.99328
5881.6401 1.01993
5882.7935 1.10536
5883.9473 1.15598
5885.1006 1.11411
5886.2544 1.32414
5887.4082 1.24375
5888.562 1.384
5889.7158 1.50425
5890.8696 1.57105
5892.0234 1.5592
5893.1772 1.56114
5894.3311 1.63209
5895.4849 1.49242
5896.6387 1.42447
5897.793 1.38979
5898.9468 1.37443
5900.1011 1.35261
5901.2554 1.3304
5902.4092 1.41005
5903.5635 1.32005
5904.7178 1.3703
5905.8721 1.26881
5907.0264 1.30191
5908.1812 1.2496
5909.3354 1.35099
5910.4897 1.28437
5911.6445 1.20119
5912.7988 1.30051
5913.9536 1.15595
5915.1079 1.25409
5916.2627 1.16744
5917.4175 1.21573
5918.5723 1.20698
5919.7271 1.17431
5920.8818 1.23959
5922.0366 1.24276
5923.1914 1.26907
5924.3467 1.30067
5925.5015 1.26729
5926.6567 1.19428
5927.8115 1.24854
5928.9668 1.20487
5930.1216 1.27277
5931.2769 1.20208
5932.4321 1.1807
5933.5874 1.19519
5934.7427 1.19076
5935.8979 1.23336
5937.0537 1.12893
5938.209 1.26199
5939.3643 1.20129
5940.52 1.2429
5941.6753 1.2598
5942.8311 1.24892
5943.9863 1.16366
5945.1421 1.20766
5946.2979 1.20528
5947.4536 1.2378
5948.6094 1.16631
5949.7651 1.21752
5950.9209 1.20392
5952.0767 1.17672
5953.2329 1.19916
5954.3887 1.27718
5955.5449 1.26381
5956.7007 1.25929
5957.8569 1.21825
5959.0132 1.2167
5960.1694 1.25806
5961.3252 1.24247
5962.4819 1.27112
5963.6382 1.20415
5964.7944 1.1735
5965.9507 1.19362
5967.1069 1.16547
5968.2637 1.23544
5969.4199 1.22274
5970.5767 1.16357
5971.7329 1.18733
5972.8896 1.18751
5974.0464 1.21818
5975.2031 1.23386
5976.3594 1.23701
5977.5166 1.28457
5978.6733 1.2382
5979.8301 1.2445
5980.9868 1.26989
5982.144 1.28212
5983.3008 1.26097
5984.4575 1.32428
5985.6147 1.21346
5986.772 1.24147
5987.9287 1.22566
5989.0859 1.21898
5990.2432 1.23056
5991.4004 1.21518
5992.5576 1.18018
5993.7148 1.15544
5994.8721 1.17588
5996.0298 1.20955
5997.187 1.2846
5998.3447 1.18662
5999.502 1.20575
6000.6597 1.23533
6001.8174 1.21186
6002.9746 1.16809
6004.1323 1.16119
6005.29 1.22334
6006.4478 1.20561
6007.6055 1.16136
6008.7632 1.20609
6009.9214 1.19602
6011.0791 1.17784
6012.2368 1.21142
6013.395 1.1447
6014.5532 1.15491
6015.7109 1.18118
6016.8691 1.27486
6018.0273 1.17615
6019.1855 1.17044
6020.3438 1.18838
6021.502 1.15652
6022.6602 1.20621
6023.8184 1.18975
6024.9766 1.18052
6026.1353 1.23912
6027.2935 1.17182
6028.4521 1.20152
6029.6104 1.18342
6030.769 1.19445
6031.9277 1.17563
6033.0864 1.16022
6034.2451 1.17975
6035.4038 1.23696
6036.5625 1.20916
6037.7212 1.24096
6038.8799 1.19941
6040.0386 1.2041
6041.1978 1.17332
6042.3564 1.21166
6043.5156 1.25247
6044.6743 1.20488
6045.8335 1.14234
6046.9927 1.116
6048.1519 1.16329
6049.311 1.23821
6050.4702 1.18502
6051.6294 1.14239
6052.7886 1.1935
6053.9478 1.19716
6055.1074 1.11112
6056.2666 1.16996
6057.4263 1.21
6058.5854 1.20287
6059.7451 1.2086
6060.9048 1.15157
6062.064 1.14926
6063.2236 1.16296
6064.3833 1.23764
6065.543 1.16056
6066.7031 1.25021
6067.8628 1.21682
6069.0225 1.13492
6070.1821 1.16744
6071.3423 1.14267
6072.502 1.186
6073.6621 1.2195
6074.8223 1.14667
6075.9824 1.24878
6077.1421 1.19225
6078.3022 1.21368
6079.4624 1.2018
6080.6226 1.12844
6081.7827 1.20887
6082.9434 1.19175
6084.1035 1.19856
6085.2637 1.24888
6086.4243 1.15232
6087.5845 1.23205
6088.7451 1.22431
6089.9058 1.20683
6091.0664 1.17863
6092.2266 1.16711
6093.3872 1.15915
6094.5479 1.16992
6095.7085 1.21471
6096.8696 1.12866
6098.0303 1.14696
6099.1909 1.20974
6100.3516 1.21324
6101.5127 1.15374
6102.6738 1.21804
6103.8345 1.13935
6104.9956 1.17121
6106.1567 1.17478
6107.3179 1.20791
6108.479 1.18546
6109.6401 1.1896
6110.8013 1.13858
6111.9624 1.1784
6113.1235 1.20306
6114.2847 1.14059
6115.4463 1.11848
6116.6074 1.17042
6117.769 1.13438
6118.9302 1.1556
6120.0918 1.12139
6121.2534 1.1578
6122.415 1.22846
6123.5767 1.21948
6124.7383 1.14676
6125.8999 1.13756
6127.0615 1.22159
6128.2236 1.1611
6129.3853 1.20655
6130.5469 1.11517
6131.709 1.18022
6132.8706 1.12149
6134.0327 1.18825
6135.1948 1.23637
6136.3569 1.22644
6137.5186 1.25
6138.6807 1.24876
6139.8428 1.22279
6141.0049 1.32119
6142.1675 1.27709
6143.3296 1.24209
6144.4917 1.21819
6145.6543 1.20811
6146.8164 1.12749
6147.979 1.19578
6149.1411 1.17498
6150.3037 1.11535
6151.4663 1.15835
6152.6289 1.16075
6153.7915 1.1411
6154.9541 1.16538
6156.1167 1.16359
6157.2793 1.19986
6158.4419 1.1875
6159.605 1.18746
6160.7676 1.1645
6161.9307 1.15358
6163.0933 1.16631
6164.2563 1.15155
6165.4194 1.1919
6166.5825 1.19019
6167.7451 1.18863
6168.9082 1.16145
6170.0713 1.10779
6171.2344 1.17866
6172.3979 1.13723
6173.561 1.18207
6174.7241 1.19155
6175.8877 1.17057
6177.0508 1.11755
6178.2144 1.18103
6179.3774 1.12108
6180.541 1.20027
6181.7046 1.18618
6182.8682 1.15774
6184.0317 1.20376
6185.1953 1.16497
6186.3589 1.12677
6187.5225 1.12392
6188.686 1.13878
6189.8501 1.14407
6191.0137 1.1176
6192.1772 1.12621
6193.3413 1.15468
6194.5054 1.13756
6195.6689 1.1298
6196.833 1.11975
6197.9971 1.12254
6199.1611 1.12204
6200.3252 1.10895
6201.4893 1.14812
6202.6533 1.16156
6203.8174 1.13043
6204.9819 1.13331
6206.146 1.06449
6207.3101 1.19032
6208.4746 1.11764
6209.6392 1.17418
6210.8032 1.15277
6211.9678 1.20935
6213.1323 1.19158
6214.2969 1.08438
6215.4614 1.10798
6216.626 1.16527
6217.7905 1.22112
6218.9551 1.18856
6220.1201 1.223
6221.2847 1.20987
6222.4492 1.25842
6223.6143 1.17805
6224.7793 1.20372
6225.9438 1.18514
6227.1089 1.23508
6228.2739 1.23354
6229.439 1.24367
6230.604 1.29135
6231.769 1.26978
6232.9341 1.25352
6234.0991 1.25252
6235.2642 1.19989
6236.4297 1.24357
6237.5947 1.22794
6238.7598 1.28716
6239.9253 1.30309
6241.0908 1.271
6242.2559 1.22619
6243.4214 1.31603
6244.5869 1.24344
6245.7524 1.21526
6246.918 1.25661
6248.0835 1.18023
6249.249 1.17598
6250.415 1.22447
6251.5806 1.16565
6252.7461 1.17229
6253.9121 1.18279
6255.0776 1.20194
6256.2437 1.1744
6257.4097 1.14123
6258.5752 1.17895
6259.7412 1.16454
6260.9072 1.15066
6262.0732 1.14744
6263.2393 1.18165
6264.4053 1.11188
6265.5713 1.07808
6266.7378 1.11485
6267.9038 1.14164
6269.0703 1.16331
6270.2363 1.11024
6271.4028 1.13923
6272.5688 1.11866
6273.7354 1.10835
6274.9019 1.14297
6276.0684 1.10841
6277.2349 1.18809
6278.4014 1.22934
6279.5679 1.23129
6280.7344 1.20878
6281.9009 1.19038
6283.0679 1.24212
6284.2344 1.24019
6285.4009 1.18781
6286.5679 1.32338
6287.7349 1.28138
6288.9014 1.26361
6290.0684 1.36904
6291.2354 1.26515
6292.4023 1.31021
6293.5693 1.29742
6294.7363 1.34855
6295.9033 1.29069
6297.0703 1.25867
6298.2373 1.38401
6299.4048 1.30574
6300.5718 1.29757
6301.7393 1.23558
6302.9062 1.26473
6304.0737 1.25717
6305.2412 1.29567
6306.4082 1.23666
6307.5757 1.15888
6308.7432 1.12379
6309.9106 1.15383
6311.0781 1.15758
6312.2461 1.0996
6313.4136 1.03832
6314.5811 1.1434
6315.7485 1.11933
6316.9165 1.10252
6318.084 1.13404
6319.252 1.10511
6320.4199 1.08069
6321.5874 1.12119
6322.7554 1.15416
6323.9233 1.023
6325.0913 1.085
6326.2593 1.14058
6327.4272 1.06921
6328.5952 1.16213
6329.7637 1.07093
6330.9316 1.08117
6332.0996 1.14086
6333.2681 1.08661
6334.436 1.0453
6335.6045 1.09961
6336.7729 1.0975
6337.9409 1.01821
6339.1094 1.15235
6340.2778 1.15048
6341.4463 1.15598
6342.6147 1.16028
6343.7832 1.18069
6344.9517 1.22429
6346.1206 1.14873
6347.2891 1.21135
6348.458 1.24304
6349.6265 1.18714
6350.7954 1.19449
6351.9639 1.23377
6353.1328 1.21587
6354.3018 1.21568
6355.4707 1.26621
6356.6392 1.2451
6357.8081 1.22364
6358.9775 1.17383
6360.1465 1.20862
6361.3154 1.23009
6362.4844 1.22933
6363.6538 1.24368
6364.8228 1.24854
6365.9917 1.24429
6367.1611 1.21951
6368.3306 1.30501
6369.4995 1.2016
6370.6689 1.21027
6371.8384 1.23119
6373.0078 1.21913
6374.1772 1.17749
6375.3467 1.15784
6376.5161 1.17444
6377.6855 1.17324
6378.8555 1.18463
6380.0249 1.16807
6381.1943 1.13839
6382.3643 1.19849
6383.5337 1.16336
6384.7036 1.19609
6385.8735 1.18585
6387.0435 1.14252
6388.2129 1.174
6389.3828 1.24541
6390.5527 1.0711
6391.7227 1.16243
6392.8931 1.19633
6394.063 1.11766
6395.2329 1.15897
6396.4028 1.16311
6397.5732 1.17278
6398.7432 1.18296
6399.9136 1.14949
6401.084 1.10801
6402.2539 1.1677
6403.4243 1.13365
6404.5947 1.18886
6405.7651 1.16747
6406.9355 1.13427
6408.106 1.17819
6409.2764 1.2294
6410.4468 1.15991
6411.6172 1.18116
6412.7881 1.20557
6413.9585 1.1343
6415.1294 1.16161
6416.2998 1.14856
6417.4707 1.20002
6418.6416 1.11198
6419.812 1.1862
6420.9829 1.20382
6422.1538 1.20612
6423.3247 1.24319
6424.4956 1.25873
6425.6665 1.20091
6426.8374 1.16063
6428.0088 1.19878
6429.1797 1.22166
6430.3506 1.19172
6431.522 1.08562
6432.6929 1.18946
6433.8643 1.18651
6435.0356 1.21604
6436.207 1.13997
6437.3779 1.16302
6438.5493 1.20704
6439.7207 1.19365
6440.8921 1.17097
6442.0635 1.1821
6443.2349 1.22317
6444.4067 1.23949
6445.5781 1.21104
6446.7495 1.25409
6447.9214 1.3183
6449.0928 1.21004
6450.2646 1.23019
6451.4365 1.25005
6452.6079 1.23074
6453.7798 1.192
6454.9517 1.15939
6456.1235 1.21237
6457.2954 1.19208
6458.4673 1.15998
6459.6392 1.18876
6460.811 1.17568
6461.9834 1.16784
6463.1553 1.14804
6464.3276 1.1634
6465.4995 1.15467
6466.6714 1.10555
6467.8438 1.10454
6469.0161 1.12893
6470.1885 1.13787
6471.3608 1.18293
6472.5327 1.12923
6473.7051 1.16193
6474.8774 1.17098
6476.0503 1.13522
6477.2227 1.09494
6478.395 1.08041
6479.5674 1.08231
6480.7402 1.08417
6481.9126 1.14006
6483.0854 1.09441
6484.2578 1.08318
6485.4307 1.12294
6486.6035 1.10366
6487.7759 1.09449
6488.9487 1.12614
6490.1216 1.12234
6491.2944 1.11917
6492.4673 1.12632
6493.6406 1.12595
6494.8135 1.15996
6495.9863 1.1523
6497.1592 1.14784
6498.3325 1.17171
6499.5054 1.1216
6500.6787 1.14348
6501.8516 1.13529
6503.0249 1.14168
6504.1982 1.21811
6505.3716 1.20233
6506.5449 1.1806
6507.7183 1.20293
6508.8916 1.16779
6510.0649 1.18757
6511.2383 1.17335
6512.4116 1.17718
6513.585 1.20877
6514.7588 1.1412
6515.9321 1.15028
6517.106 1.20507
6518.2793 1.18303
6519.4531 1.23049
6520.627 1.2
6521.8008 1.2162
6522.9746 1.29434
6524.1484 1.33319
6525.3218 1.38895
6526.4956 1.56417
6527.6699 1.70421
6528.8438 1.85177
6530.0176 2.03401
6531.1914 2.21992
6532.3657 2.36084
6533.5396 2.48679
6534.7139 2.73696
6535.8877 2.84988
6537.062 3.08657
6538.2363 3.26463
6539.4102 3.59113
6540.5845 3.86118
6541.7588 4.0743
6542.9331 4.51764
6544.1074 5.02237
6545.2822 5.15836
6546.4565 5.47788
6547.6309 5.63895
6548.8052 5.88535
6549.98 6.0788
6551.1543 6.62497
6552.3291 7.36072
6553.5034 8.1341
6554.6782 8.7731
6555.853 8.95326
6557.0278 8.81662
6558.2026 8.4686
6559.3774 8.09283
6560.5518 7.55187
6561.7266 6.98852
6562.9019 6.54181
6564.0767 5.9567
6565.2515 5.63452
6566.4263 5.11946
6567.6016 4.78199
6568.7764 4.37279
6569.9517 4.07215
6571.1265 3.75766
6572.3018 3.49399
6573.4771 3.33913
6574.6523 2.9467
6575.8276 2.72213
6577.0029 2.52646
6578.1782 2.29941
6579.3535 2.09892
6580.5288 1.96674
6581.7041 1.75928
6582.8794 1.6578
6584.0552 1.55289
6585.2305 1.57965
6586.4058 1.49389
6587.5815 1.49905
6588.7573 1.46474
6589.9326 1.35893
6591.1084 1.38869
6592.2842 1.28134
6593.46 1.22393
6594.6357 1.1854
6595.8115 1.21254
6596.9873 1.2194
6598.1631 1.21935
6599.3389 1.16958
6600.5146 1.20193
6601.6909 1.17101
6602.8667 1.1719
6604.0425 1.17561
6605.2188 1.08466
6606.395 1.15051
6607.5708 1.10196
6608.7471 1.13285
6609.9233 1.15432
6611.0996 1.11579
6612.2754 1.12174
6613.4517 1.12173
6614.6279 1.14013
6615.8047 1.0927
6616.981 1.10482
6618.1572 1.06916
6619.3335 1.06985
6620.5103 1.06865
6621.6865 1.11482
6622.8633 1.09254
6624.0396 1.11658
6625.2163 1.06845
6626.3926 1.10191
6627.5693 1.02535
6628.7461 1.05437
6629.9229 1.03904
6631.0996 1.06063
6632.2764 1.03845
6633.4531 1.08054
6634.6299 1.08632
6635.8066 1.12212
6636.9839 1.12263
6638.1606 1.08839
6639.3374 1.10756
6640.5146 1.09766
6641.6914 1.03288
6642.8687 1.03208
6644.0459 1.05044
6645.2227 1.01142
6646.3999 1.04268
6647.5771 1.02126
6648.7544 1.0042
6649.9316 1.07693
6651.1089 1.06412
6652.2861 1.03411
6653.4634 1.03334
6654.6411 1.0273
6655.8184 1.08449
6656.9956 1.04995
6658.1733 1.07316
6659.3506 1.0219
6660.5283 1.03527
6661.7056 0.9876
6662.8833 1.03178
6664.061 1.04056
6665.2388 1.08808
6666.4165 1.10378
6667.5942 1.07056
6668.772 1.05433
6669.9497 1.05984
6671.1274 1.07543
6672.3052 1.13434
6673.4829 1.10289
6674.6611 1.0485
6675.8389 1.07602
6677.0166 1.05371
6678.1948 0.98696
6679.3726 1.08871
6680.5508 1.01004
6681.729 1.07153
6682.9072 1.01802
6684.085 1.10787
6685.2632 1.03099
6686.4414 1.06628
6687.6201 1.05354
6688.7983 1.02549
6689.9766 1.03071
6691.1548 1.05148
6692.333 1.08435
6693.5117 1.08923
6694.6899 1.04872
6695.8682 1.07411
6697.0469 1.03158
6698.2256 1.04237
6699.4038 1.09312
6700.5825 1.02617
6701.7612 1.11648
6702.9399 1.09749
6704.1182 1.02369
6705.2969 1.06924
6706.4756 1.04725
6707.6548 1.04238
6708.8335 1.05121
6710.0122 1.05454
6711.1909 1.05225
6712.3701 1.05944
6713.5488 1.06164
6714.728 1.05878
6715.9067 1.10106
6717.0859 1.04582
6718.2646 1.03708
6719.4438 1.08561
6720.623 1.04885
6721.8022 1.03896
6722.9814 1.02429
6724.1606 1.11209
6725.3398 1.00376
6726.519 1.08737
6727.6982 1.0711
6728.8774 1.03587
6730.0571 1.02677
6731.2363 1.06727
6732.4155 1.03989
6733.5952 1.06031
6734.7744 1.02376
6735.9541 1.05423
6737.1333 1.02747
6738.313 1.03731
6739.4927 1.04836
6740.6724 1.03271
6741.8521 0.99868
6743.0317 1.04907
6744.2114 1.06734
6745.3911 1.04068
6746.5708 1.0212
6747.7505 1.03145
6748.9302 1.0297
6750.1104 1.03495
6751.29 1.0268
6752.4702 1.10243
6753.6499 1.04406
6754.8301 1.05356
6756.0098 1.02114
6757.1899 1.05279
6758.3701 1.03769
6759.5503 1.01022
6760.7305 1.07043
6761.9102 1.06793
6763.0908 1.04355
6764.271 1.08387
6765.4512 1.05643
6766.6313 0.99432
6767.8115 1.01744
6768.9917 1.0457
6770.1724 1.00118
6771.3525 1.04083
6772.5332 1.04811
6773.7134 1.04982
6774.894 1.07159
6776.0747 1.03231
6777.2549 0.98334
6778.4355 1.05685
6779.6162 1.05122
6780.7969 1.09817
6781.9775 1.02181
6783.1582 1.04866
6784.3389 1.05297
6785.5195 1.01735
6786.7007 1.019
6787.8813 1.0277
6789.062 1.08569
6790.2432 1.07262
6791.4238 1.04819
6792.605 1.03437
6793.7856 1.09178
6794.9668 1.05056
6796.1475 1.04305
6797.3286 1.05666
6798.5098 1.05312
6799.6909 0.99518
6800.8721 1.05534
6802.0532 1.03146
6803.2344 1.02309
6804.4155 1.02958
6805.5967 1.04359
6806.7783 1.03528
6807.9595 1.02778
6809.1406 1.00424
6810.3223 1.06357
6811.5034 1.04188
6812.6851 1.00279
6813.8662 1.00864
6815.0479 1.00668
6816.2295 1.04753
6817.4111 1.05464
6818.5923 1.0535
6819.7739 1.07216
6820.9556 1.07241
6822.1372 1.03952
6823.3188 1.08508
6824.5005 1.02434
6825.6826 1.04654
6826.8643 1.01608
6828.0459 1.02657
6829.228 1.04128
6830.4097 0.99975
6831.5918 1.03255
6832.7734 1.0338
6833.9556 1.05982
6835.1372 1.01465
6836.3193 1.05656
6837.5015 0.99624
6838.6836 0.96416
6839.8657 0.99654
6841.0479 1.0378
6842.23 1.01584
6843.4121 1.00913
6844.5942 1.03306
6845.7764 0.99915
6846.9585 1.03443
6848.1411 1.03474
6849.3232 1.04694
6850.5054 1.03674
6851.688 0.98392
6852.8706 1.03117
6854.0527 1.01028
6855.2354 1.03156
6856.418 1.00013
6857.6001 1.04251
6858.7827 0.99795
6859.9653 1.01404
6861.1479 0.99145
6862.3306 1.00349
6863.5132 1.03214
6864.6958 1.0116
6865.8789 1.01604
6867.0615 1.09751
6868.2441 1.03045
6869.4268 1.08389
6870.6099 1.04523
6871.7925 1.02926
6872.9756 1.00367
6874.1582 1.01919
6875.3413 1.06179
6876.5244 1.06083
6877.7075 0.99861
6878.8906 1.01182
6880.0732 1.02203
6881.2563 0.98749
6882.4395 0.99898
6883.6226 1.04115
6884.8057 1.0616
6885.9893 1.07792
6887.1724 1.04141
6888.3555 1.02959
6889.5386 1.05049
6890.7222 1.05536
6891.9053 1.03664
6893.0889 0.98902
6894.272 1.0425
6895.4556 1.0371
6896.6392 1.0374
6897.8228 1.0311
6899.0059 1.04937
6900.1895 1.05529
6901.373 0.9793
6902.5566 1.03041
6903.7402 1.05152
6904.9238 1.05584
6906.1074 1.00544
6907.2915 0.99959
6908.4751 1.07829
6909.6587 1.05336
6910.8428 1.05525
6912.0264 1.0081
6913.21 1.03592
6914.394 1.02505
6915.5781 1.04303
6916.7617 0.99111
6917.9458 1.01732
6919.1299 1.00526
6920.314 1.01425
6921.4976 1.00698
6922.6821 0.99041
6923.8662 1.02905
6925.0503 1.0275
6926.2344 1.00994
6927.4185 1.01682
6928.6025 1.03626
6929.7866 0.99299
6930.9712 0.99414
6932.1553 1.02393
6933.3398 1.06173
6934.5239 1.04953
6935.7085 1.02097
6936.8926 1.00019
6938.0771 1.03784
6939.2617 1.03455
6940.4458 1.02201
6941.6304 0.94836
6942.8149 0.99456
6943.9995 1.04326
6945.1841 0.96882
6946.3687 1.106
6947.5532 0.98846
6948.7378 1.00066
6949.9229 1.02863
6951.1074 1.01547
6952.292 1.06616
6953.4771 1.0065
6954.6616 1.00991
6955.8467 1.04562
6957.0312 1.00622
6958.2163 1.06019
6959.4009 1.02662
6960.5859 1.00571
6961.771 1.05978
6962.9561 0.9509
6964.1411 1.016
6965.3262 1.00617
6966.5112 0.97213
6967.6963 1.0517
6968.8813 1.05977
6970.0664 1.03699
6971.2515 1.04647
6972.437 1.04022
6973.6221 1.08058
6974.8071 1.01286
6975.9927 0.99868
6977.1777 1.04823
6978.3633 0.96323
6979.5483 1.00844
6980.7339 0.95082
6981.9194 0.99645
6983.1045 1.01374
6984.29 0.99302
6985.4756 0.97546
6986.6611 1.03909
6987.8467 0.96917
6989.0322 0.96886
6990.2178 0.98634
6991.4033 0.98881
6992.5889 1.00343
6993.7749 0.99031
6994.9604 1.04357
6996.146 1.0349
6997.332 1.00715
6998.5176 1.03099
6999.7036 1.05556
7000.8892 1.0444
7002.0752 1.0645
7003.2612 1.00162
7004.4473 1.03565
7005.6328 1.01163
7006.8188 1.04429
7008.0049 1.03903
7009.1909 1.03299
7010.377 1.00935
7011.563 1.04981
7012.749 1.01394
7013.9351 1.00299
7015.1216 1.00992
7016.3076 1.03645
7017.4937 1.00144
7018.6802 1.02916
7019.8662 1.03532
7021.0527 1.0192
7022.2388 1.03196
7023.4253 1.0375
7024.6113 1.0568
7025.7979 1.01486
7026.9844 1.00772
7028.1709 1.02006
7029.3574 1.05393
7030.5435 1.01902
7031.73 1.04979
7032.917 1.03426
7034.1035 1.05757
7035.29 1.03002
7036.4766 1.06093
7037.6631 1.00692
7038.8496 1.04921
7040.0366 0.98835
7041.2231 1.01008
7042.4102 1.02622
7043.5967 1.05058
7044.7837 0.99242
7045.9702 1.02391
7047.1572 1.00109
7048.3442 1.00133
7049.5308 0.97587
7050.7178 1.00061
7051.9048 0.98164
7053.0918 1.0114
7054.2788 0.97717
7055.4658 0.995
7056.6528 1.02014
7057.8398 1.04655
7059.0273 1.04135
7060.2144 0.99707
7061.4014 1.01532
7062.5884 1.01103
7063.7759 0.99558
7064.9629 1.0113
7066.1504 0.97922
7067.3374 0.97372
7068.5249 0.94831
7069.7124 1.01208
7070.8994 0.99448
7072.0869 1.00446
7073.2744 0.97677
7074.4619 0.97857
7075.6494 1.01269
7076.8369 1.00916
7078.0244 0.95006
7079.2119 0.98014
7080.3994 0.96355
7081.5869 0.95753
7082.7744 1.02405
7083.9619 0.96491
7085.1499 0.99069
7086.3374 0.99031
7087.5249 0.98109
7088.7129 0.95609
7089.9004 0.9828
7091.0884 0.96764
7092.2764 1.00373
7093.4639 0.96127
7094.6519 0.95765
7095.8398 0.98119
7097.0278 0.96413
7098.2158 0.95026
7099.4038 0.96302
7100.5918 0.95791
7101.7798 0.94525
7102.9678 0.95961
7104.1558 0.93941
7105.3438 0.94575
7106.5317 0.96707
7107.7202 0.95211
7108.9082 0.97502
7110.0962 0.94339
7111.2847 0.97533
7112.4727 0.96298
7113.6611 0.9532
7114.8491 0.97899
7116.0376 0.97237
7117.2261 0.95005
7118.4141 0.95746
7119.6025 0.97651
7120.791 0.95528
7121.9795 0.97866
7123.168 1.00493
7124.3564 0.92564
7125.5449 0.94916
7126.7334 1.00329
7127.9219 0.98629
7129.1108 1.04657
7130.2993 0.9965
7131.4878 0.92822
7132.6763 1.00925
7133.8652 1.00153
7135.0537 0.9618
7136.2427 1.00057
7137.4312 1.00839
7138.6201 1.00191
7139.8086 0.97913
7140.9976 0.992
7142.1865 1.02746
7143.3755 1.01759
7144.564 1.05061
7145.7529 0.98591
7146.9419 0.97908
7148.1309 1.02116
7149.3198 1.01011
7150.5088 0.99729
7151.6982 1.02201
7152.8872 1.01557
7154.0762 0.98569
7155.2651 1.02782
7156.4546 1.02785
7157.6436 1.04215
7158.833 1.04767
7160.022 1.01879
7161.2114 1.04021
7162.4004 1.00802
7163.5898 0.97689
7164.7788 0.98539
7165.9683 0.99272
7167.1577 0.96361
7168.3472 0.97395
7169.5366 0.97158
7170.7261 1.00419
7171.9155 0.97662
7173.105 1.00469
7174.2944 0.99493
7175.4839 0.95064
7176.6733 0.99683
7177.8628 0.97394
7179.0522 0.9896
7180.2422 1.00244
7181.4316 0.97256
7182.6211 1.02788
7183.811 0.9883
7185.0005 0.96828
7186.1904 0.9919
7187.3804 0.9892
7188.5698 0.96599
7189.7598 0.95482
7190.9497 0.97083
7192.1392 0.93763
7193.3291 0.94795
7194.519 0.99431
7195.709 0.94634
7196.8989 0.99158
7198.0889 0.96923
7199.2788 0.96935
7200.4688 0.96505
7201.6592 0.9418
7202.8491 1.00675
7204.0391 0.95774
7205.229 0.93473
7206.4194 1.04686
7207.6094 1.03752
7208.7998 1.04419
7209.9897 0.99358
7211.1802 1.01996
7212.3701 1.02639
7213.5605 0.95418
7214.751 1.02574
7215.9409 1.00812
7217.1313 0.99263
7218.3218 0.97384
7219.5122 0.97405
7220.7026 1.00325
7221.8931 1.00934
7223.0835 0.93303
7224.2739 0.95205
7225.4644 1.00227
7226.6548 0.96742
7227.8452 0.96214
7229.0361 0.95058
7230.2266 1.00291
7231.417 0.97284
7232.6079 1.03454
7233.7983 0.97717
7234.9893 0.99058
7236.1797 1.0077
7237.3706 0.98794
7238.5615 0.96494
7239.752 0.96188
7240.9429 0.95611
7242.1338 0.94322
7243.3247 0.9766
7244.5151 0.93903
7245.7061 0.99052
7246.897 0.93678
7248.0879 0.93786
7249.2788 0.93667
7250.4697 0.95609
7251.6611 0.98433
7252.8521 0.96785
7254.043 0.98926
7255.2339 0.94057
7256.4253 0.97863
7257.6162 0.98573
7258.8071 0.96087
7259.9985 0.98575
7261.1895 0.98066
7262.3809 0.9253
7263.5718 0.94327
7264.7632 0.95883
7265.9546 0.98759
7267.146 0.98251
7268.3369 1.0047
7269.5283 0.99238
7270.7197 0.98915
7271.9111 0.96712
7273.1025 0.96729
7274.2939 1.01433
7275.4854 0.96204
7276.6768 1.00185
7277.8682 0.99565
7279.0596 1.09099
7280.2515 1.09764
7281.4429 1.05517
7282.6343 1.06109
7283.8262 1.04532
7285.0176 1.04138
7286.2095 1.06292
7287.4009 1.01541
7288.5928 1.01494
7289.7842 1.04687
7290.9761 1.02123
7292.168 1.02706
7293.3594 1.0268
7294.5513 1.01936
7295.7432 1.04997
7296.9351 1.04082
7298.127 1.10622
7299.3188 1.05851
7300.5107 1.04789
7301.7026 1.08929
7302.8945 1.01655
7304.0864 1.03599
7305.2783 1.10257
7306.4702 1.01658
7307.6626 1.04948
7308.8545 1.07294
7310.0464 1.08585
7311.2388 1.10892
7312.4307 1.11469
7313.6226 1.08429
7314.8149 1.05737
7316.0073 1.07899
7317.1992 1.07797
7318.3916 1.02938
7319.584 1.0326
7320.7759 1.12521
7321.9683 1.09841
7323.1606 1.04942
7324.353 1.03533
7325.5454 1.05223
7326.7378 1.01961
7327.9302 1.05974
7329.1226 1.02095
7330.3149 0.99659
7331.5073 1.00571
7332.6997 1.0386
7333.8921 0.99415
7335.085 1.0712
7336.2773 0.97984
7337.4702 1.02732
7338.6626 1.00456
7339.855 1.02532
7341.0479 0.98412
7342.2402 0.99249
7343.4331 1.00115
7344.6255 1.01838
7345.8184 0.97664
7347.0112 0.96992
7348.2041 0.99729
7349.3965 0.95118
7350.5894 1.02049
7351.7822 0.96799
7352.9751 1.00834
7354.168 1.00818
7355.3608 1.02916
7356.5537 0.9768
7357.7466 1.0032
7358.9395 0.98406
7360.1323 1.0124
7361.3257 1.00055
7362.5186 1.03736
7363.7114 0.97677
7364.9048 1.05814
7366.0977 1.00406
7367.2905 1.03071
7368.4839 0.99484
7369.6768 1.00556
7370.8701 0.98721
7372.063 1.03774
7373.2563 1.03517
7374.4497 0.99531
7375.6426 1.08197
7376.8359 1.0304
7378.0293 1.01678
7379.2227 1.01638
7380.416 1.01908
7381.6094 1.00247
7382.8027 0.98945
7383.9961 1.01279
7385.1895 0.99665
7386.3828 0.99593
7387.5762 0.9761
7388.7695 0.96994
7389.9629 0.99294
7391.1567 0.99808
7392.3501 0.98012
7393.5435 1.01691
7394.7373 1.022
7395.9307 0.99584
7397.1245 0.97738
7398.3179 0.96125
7399.5117 0.98144
7400.7051 0.98566
7401.8989 1.028
7403.0928 0.96175
7404.2861 0.97919
7405.48 0.99665
7406.6738 1.02808
7407.8677 0.97037
7409.0615 0.96617
7410.2554 1.02303
7411.4492 0.96377
7412.6426 0.99567
7413.8369 1.0135
7415.0308 0.99381
7416.2246 1.00446
7417.4185 1.01923
7418.6123 0.98937
7419.8062 0.95137
7421.0005 0.99351
7422.1943 1.00723
7423.3882 0.99086
7424.5825 0.99752
7425.7764 1.02178
7426.9707 0.99128
7428.1646 0.96084
7429.3589 0.98625
7430.5532 0.97771
7431.7471 1.02902
7432.9414 1.06385
7434.1357 1.01783
7435.3296 1.00792
7436.5239 1.01094
7437.7183 1.05506
7438.9126 1.01105
7440.1069 0.99092
7441.3013 1.03925
7442.4956 1.0207
7443.6899 1.02737
7444.8843 1.04096
7446.0786 0.97573
7447.2729 1.02403
7448.4673 0.99674
7449.6621 1.03198
7450.8564 1.02957
7452.0508 1.0364
7453.2456 1.0643
7454.4399 1.02432
7455.6343 1.04273
7456.8291 1.00733
7458.0239 1.0438
7459.2183 0.99929
7460.4131 0.93787
7461.6074 0.98653
7462.8022 0.97608
7463.9971 0.99732
7465.1914 1.06294
7466.3862 1.01313
7467.5811 1.01251
7468.7759 1.01533
7469.9707 1.00583
7471.1655 1.00316
7472.3604 0.98113
7473.5552 0.96687
7474.75 0.99395
7475.9448 1.0205
7477.1396 0.98345
7478.3345 0.98195
7479.5298 0.96353
7480.7246 1.02053
7481.9194 0.99812
7483.1143 1.00376
7484.3096 1.00404
7485.5044 1.02038
7486.6997 0.99089
7487.8945 0.99002
7489.0898 0.99621
7490.2847 0.99909
7491.48 1.00434
7492.6748 1.01514
7493.8701 0.99355
7495.0654 1.00698
7496.2607 0.98558
7497.4556 0.9813
7498.6509 0.96701
7499.8462 1.05254
7501.0415 1.00396
7502.2368 0.98035
7503.4321 1.01116
7504.6274 1.01729
7505.8228 1.04691
7507.0181 1.01712
7508.2134 1.0256
7509.4087 1.01517
7510.6045 1.05063
7511.7998 1.02083
7512.9951 1.01425
7514.1909 1.02131
7515.3862 1.02644
7516.5815 0.96535
7517.7773 0.98456
7518.9727 0.97618
7520.1685 0.95124
7521.3638 0.99541
7522.5596 0.98825
7523.7549 1.02891
7524.9507 1.02599
7526.1465 0.96807
7527.3418 0.9895
7528.5376 0.98955
7529.7334 0.99055
7530.9292 1.02945
7532.125 1.00319
7533.3208 0.96292
7534.5166 1.00749
7535.7124 1.00725
7536.9082 0.97611
7538.104 0.92498
7539.2998 0.99846
7540.4956 0.96822
7541.6914 0.93922
7542.8872 1.00166
7544.083 0.96864
7545.2793 0.95688
7546.4751 0.98108
7547.6709 1.01115
7548.8672 1.00388
7550.063 0.97332
7551.2593 0.96454
7552.4551 0.99115
7553.6514 0.99062
7554.8472 0.90001
7556.0435 0.98836
7557.2393 0.96536
7558.4355 0.94998
7559.6318 0.94423
7560.8281 0.98058
7562.0239 0.96555
7563.2202 0.97841
7564.4165 0.99416
7565.6128 1.00452
7566.8091 0.97172
7568.0054 0.99381
7569.2017 1.01071
7570.3979 1.0
7571.5942 0.97912
7572.7905 0.97084
7573.9868 0.91985
7575.1831 0.92759
7576.3794 0.96147
7577.5762 0.9434
7578.7725 0.95023
7579.9688 0.97018
7581.1655 0.97567
7582.3618 0.9049
7583.5581 0.96203
7584.7549 0.98015
7585.9512 0.91685
7587.1479 0.96418
7588.3447 0.9589
7589.541 0.94188
7590.7378 0.93338
7591.9341 0.92664
7593.1309 0.93657
7594.3276 0.98856
7595.5244 0.98702
7596.7207 0.87316
7597.9175 1.02019
7599.1143 0.96847
7600.311 1.04114
7601.5078 0.96713
7602.7046 0.92712
7603.9014 0.94856
7605.0981 0.90629
7606.2949 0.93361
7607.4917 0.90853
7608.6885 0.94799
7609.8853 0.95123
7611.0825 0.96239
7612.2793 0.9417
7613.4761 0.93095
7614.6729 0.90538
7615.8701 0.9085
7617.0669 0.94563
7618.2637 0.91545
7619.4609 0.88117
7620.6577 0.92107
7621.855 0.88648
7623.0518 0.95012
7624.249 0.90637
7625.4463 0.93427
7626.6431 0.92799
7627.8403 0.96232
7629.0376 0.97762
7630.2344 0.92215
7631.4316 0.95132
7632.6289 1.02533
7633.8262 0.93452
7635.0234 0.91231
7636.2207 0.90703
7637.4175 0.90255
7638.6152 0.93178
7639.812 0.93799
7641.0093 0.92962
7642.207 0.90432
7643.4043 0.96013
7644.6016 0.9503
7645.7988 0.98124
7646.9961 0.96139
7648.1934 0.92417
7649.3911 0.95331
7650.5884 0.93749
7651.7856 0.92415
7652.9834 0.92231
7654.1807 0.93297
7655.3784 0.96928
7656.5757 0.92585
7657.7734 0.95825
7658.9707 0.91341
7660.168 0.95664
7661.3657 0.96528
7662.5635 0.97553
7663.7612 0.9075
7664.9585 0.9521
7666.1562 0.90482
7667.354 0.91569
7668.5513 0.93206
7669.749 0.9208
7670.9468 0.88878
7672.1445 0.93669
7673.3423 0.91542
7674.54 0.90346
7675.7378 0.9442
7676.9355 0.91554
7678.1333 0.93803
7679.3311 0.92643
7680.5288 0.86706
7681.7266 0.91591
7682.9243 0.8892
7684.1221 0.91474
7685.3203 0.88088
7686.5181 0.88812
7687.7158 0.90655
7688.9136 0.88899
7690.1118 0.92196
7691.3096 0.92743
7692.5078 0.89079
7693.7056 0.92411
7694.9038 0.93006
7696.1016 0.89528
7697.2998 0.93011
7698.4976 0.9475
7699.6958 0.88915
7700.894 0.88636
7702.0918 0.93814
7703.29 0.96622
7704.4883 0.93977
7705.686 1.00122
7706.8843 0.91182
7708.0825 0.90531
7709.2808 0.90092
7710.479 0.88801
7711.6768 0.90867
7712.875 0.86931
7714.0732 0.90591
7715.2715 0.92383
7716.4697 0.93937
7717.668 0.96231
7718.8667 0.88071
7720.0649 0.91736
7721.2632 0.91842
7722.4614 0.90958
7723.6597 0.87754
7724.8579 0.90685
7726.0566 0.88222
7727.2549 0.87246
7728.4531 0.8979
7729.6519 0.83475
7730.8501 0.81577
7732.0488 0.77759
7733.2471 0.80563
7734.4453 0.79357
7735.644 0.80214
7736.8423 0.76282
7738.041 0.77974
7739.2397 0.77859
7740.438 0.70806
7741.6367 0.74618
7742.8354 0.73973
7744.0337 0.75376
7745.2324 0.70597
7746.4312 0.74011
7747.6299 0.75272
7748.8281 0.74531
7750.0269 0.71107
7751.2256 0.72994
7752.4243 0.72012
7753.623 0.8123
7754.8218 0.6823
7756.0205 0.77095
7757.2192 0.64915
7758.418 0.63731
7759.6167 0.64701
7760.8154 0.65494
7762.0142 0.714
7763.2134 0.76415
7764.4121 0.85864
7765.6108 0.93062
7766.8096 0.96189
7768.0088 1.00639
7769.2075 1.01999
7770.4062 1.0505
7771.6055 1.03418
7772.8042 1.00891
7774.0034 0.98725
7775.2021 0.98556
7776.4009 0.96359
7777.6001 0.92044
7778.7988 0.91687
7779.998 1.01996
7781.1973 0.93579
7782.396 0.94728
7783.5952 0.92763
7784.7944 0.90567
7785.9932 0.94216
7787.1924 0.92557
7788.3916 0.93107
7789.5908 0.91415
7790.7896 0.95434
7791.9888 0.86514
7793.188 0.92336
7794.3872 0.92562
7795.5864 0.92378
7796.7856 0.87668
7797.9849 0.84404
7799.1841 0.88396
7800.3833 0.86227
7801.5825 0.92079
7802.7817 0.89549
7803.981 0.88501
7805.1802 0.92408
7806.3794 0.87423
7807.5791 0.89066
7808.7783 0.87681
7809.9775 0.83972
7811.1768 0.86763
7812.3765 0.87182
7813.5757 0.86806
7814.7749 0.8922
7815.9746 0.82272
7817.1738 0.91005
7818.3735 0.90923
7819.5728 0.85675
7820.7725 0.85954
7821.9717 0.92083
7823.1714 0.91622
7824.3706 0.87109
7825.5703 0.86163
7826.77 0.88103
7827.9692 0.87567
7829.1689 0.90173
7830.3682 0.86478
7831.5679 0.88662
7832.7676 0.84099
7833.9673 0.89075
7835.167 0.89803
7836.3662 0.89505
7837.5659 0.88423
7838.7656 0.84924
7839.9653 0.87972
7841.165 0.86252
7842.3647 0.91806
7843.5645 0.91335
7844.7642 0.82473
7845.9639 0.88423
7847.1636 0.8673
7848.3633 0.86884
7849.563 0.88364
7850.7627 0.91594
7851.9629 0.94341
7853.1626 0.93519
7854.3623 0.82058
7855.562 0.95367
7856.7622 0.89255
7857.9619 0.92077
7859.1616 0.87462
7860.3618 0.94422
7861.5615 0.93549
7862.7612 0.87678
7863.9614 0.90264
7865.1611 0.87798
7866.3613 0.90728
7867.561 0.85127
7868.7612 0.88845
7869.9609 0.90552
7871.1611 0.90014
7872.3608 0.89866
7873.561 0.9364
7874.7612 0.96261
7875.9609 0.9092
7877.1611 0.93528
7878.3613 0.93528
7879.561 0.93249
7880.7612 0.99322
7881.9614 0.90831
7883.1616 0.92148
7884.3618 0.93704
7885.5615 0.91704
7886.7617 0.96285
7887.9619 0.93496
7889.1621 0.87863
7890.3623 0.96052
7891.5625 0.96927
7892.7627 0.95886
7893.9629 0.9453
7895.1631 0.88069
7896.3633 0.94711
7897.5635 0.90823
7898.7637 0.9456
7899.9639 0.90554
7901.1646 0.9171
7902.3647 0.87577
7903.5649 0.91928
7904.7651 0.8864
7905.9658 0.90223
7907.166 0.8789
7908.3662 0.91463
7909.5669 0.85086
7910.7671 0.9092
7911.9673 0.94173
7913.168 0.90815
7914.3682 0.88708
7915.5684 0.85682
7916.769 0.89085
7917.9697 0.87303
7919.1699 0.90329
7920.3706 0.89073
7921.5708 0.90089
7922.7715 0.87533
7923.9717 0.93864
7925.1724 0.90535
7926.373 0.90302
7927.5732 0.85487
7928.7739 0.87276
7929.9746 0.85967
7931.1748 0.87711
7932.3755 0.93045
7933.5762 0.83695
7934.7769 0.85586
7935.9775 0.87537
7937.1782 0.90904
7938.3784 0.9145
7939.5791 0.88549
7940.7798 0.89638
7941.9805 0.93881
7943.1812 0.86062
7944.3818 0.90161
7945.5825 0.84149
7946.7832 0.84849
7947.9839 0.88475
7949.1846 0.92837
7950.3853 0.8646
7951.5864 0.84441
7952.7871 0.90735
7953.9878 0.89373
7955.1885 0.89932
7956.3892 0.87143
7957.5898 0.90636
7958.791 0.82824
7959.9917 0.88972
7961.1924 0.88025
7962.3931 0.86605
7963.5942 0.81716
7964.7949 0.88769
7965.9961 0.94396
7967.1968 0.86988
7968.3975 0.85467
7969.5986 0.89694
7970.7993 0.88396
7972.0005 0.89453
7973.2012 0.84836
7974.4023 0.87162
7975.603 0.89709
7976.8042 0.88649
7978.0049 0.89621
7979.2061 0.89737
7980.4072 0.88727
7981.6079 0.89814
7982.8091 0.84721
7984.0103 0.86264
7985.2109 0.86384
7986.4121 0.86682
7987.6133 0.83683
7988.814 0.83324
7990.0151 0.89065
7991.2163 0.8639
7992.4175 0.86617
7993.6187 0.85864
7994.8198 0.86587
7996.021 0.86933
7997.2217 0.86393
7998.4233 0.9134
7999.624 0.8895
8000.8252 0.88658
8002.0264 0.86596
8003.2275 0.86382
8004.4287 0.88052
8005.6299 0.8844
8006.8315 0.8736
8008.0327 0.88291
8009.2339 0.88607
8010.4351 0.85677
8011.6362 0.85809
8012.8374 0.91384
8014.0386 0.85567
8015.2402 0.87639
8016.4414 0.9056
8017.6426 0.89719
8018.8438 0.88927
8020.0454 0.94333
8021.2466 0.87389
8022.4478 0.8823
8023.6489 0.93357
8024.8506 0.8813
8026.0518 0.86047
8027.2534 0.90415
8028.4546 0.87856
8029.6558 0.85205
8030.8574 0.87769
8032.0586 0.90459
8033.2603 0.87516
8034.4614 0.90115
8035.6631 0.84952
8036.8643 0.83878
8038.0659 0.88114
8039.2671 0.82833
8040.4688 0.89633
8041.6704 0.87406
8042.8716 0.86778
8044.0732 0.86578
8045.2749 0.89931
8046.4761 0.90548
8047.6777 0.91001
8048.8794 0.87346
8050.0806 0.87571
8051.2822 0.85658
8052.4839 0.86856
8053.6855 0.858
8054.8872 0.89786
8056.0884 0.90703
8057.29 0.87504
8058.4917 0.9245
8059.6934 0.87179
8060.895 0.88221
8062.0967 0.93402
8063.2983 0.87738
8064.5 0.85768
8065.7017 0.84878
8066.9033 0.86772
8068.105 0.87165
8069.3066 0.87096
8070.5083 0.89938
8071.71 0.89384
8072.9116 0.93394
8074.1133 0.89975
8075.3149 0.86052
8076.5166 0.91122
8077.7183 0.90314
8078.9204 0.88029
8080.1221 0.85362
8081.3237 0.87708
8082.5254 0.87183
8083.7275 0.87338
8084.9292 0.92555
8086.1309 0.8451
8087.3325 0.89878
8088.5342 0.93394
8089.7363 0.90465
8090.938 0.89163
8092.1401 0.93118
8093.3418 0.94215
8094.5435 0.94631
8095.7456 0.8686
8096.9473 0.86232
8098.1494 0.87023
8099.3511 0.88948
8100.5527 0.8368
8101.7549 0.90562
8102.9565 0.88797
8104.1587 0.88984
8105.3604 0.90324
8106.5625 0.86575
8107.7642 0.88863
8108.9663 0.91455
8110.1685 0.8836
8111.3701 0.96399
8112.5723 0.89678
8113.7744 0.87025
8114.9761 0.85789
8116.1782 0.94223
8117.3799 0.90222
8118.582 0.91034
8119.7842 0.90913
8120.9863 0.88394
8122.188 0.89889
8123.3901 0.90931
8124.5923 0.88536
8125.7944 0.88538
8126.9961 0.89741
8128.1982 0.94956
8129.4004 0.916
8130.6025 0.8965
8131.8047 0.90777
8133.0068 0.92063
8134.209 0.91342
8135.4111 0.95841
8136.6128 0.90602
8137.8149 0.88899
8139.0171 0.94694
8140.2192 0.90953
8141.4214 0.88889
8142.6235 0.92845
8143.8257 0.90833
8145.0278 0.86881
8146.23 0.88839
8147.4321 0.87229
8148.6343 0.88179
8149.8364 0.87392
8151.0386 0.88594
8152.2412 0.87068
8153.4434 0.94044
8154.6455 0.88064
8155.8477 0.89956
8157.0498 0.92589
8158.252 0.91527
8159.4546 0.89821
8160.6567 0.92651
8161.8589 0.90525
8163.061 0.89324
8164.2632 0.91045
8165.4658 0.91262
8166.668 0.89012
8167.8701 0.91244
8169.0728 0.90639
8170.2749 0.92677
8171.4771 0.85891
8172.6797 0.86504
8173.8818 0.86968
8175.084 0.86845
8176.2866 0.91762
8177.4888 0.92311
8178.6914 0.89811
8179.8936 0.88053
8181.0957 0.8822
8182.2983 0.94062
8183.5005 0.89168
8184.7031 0.89465
8185.9053 0.92751
8187.1079 0.85677
8188.3101 0.86447
8189.5127 0.89888
8190.7148 0.88657
8191.9175 0.91192
8193.1201 0.93473
8194.3223 0.90332
8195.5244 0.8942
8196.7275 0.89572
8197.9297 0.91139
8199.1318 0.91193
8200.335 0.91979
8201.5371 0.90234
8202.7393 0.87431
8203.9424 0.8899
8205.1445 0.87966
8206.3467 0.88754
8207.5498 0.91852
8208.752 0.90531
8209.9541 0.93754
8211.1572 0.89544
8212.3594 0.95051
8213.5615 0.98084
8214.7646 0.94535
8215.9668 1.0176
8217.1699 0.92107
8218.3721 0.96667
8219.5742 0.92778
8220.7773 0.95235
8221.9795 0.94717
8223.1826 0.95076
8224.3848 0.91335
8225.5879 0.92944
8226.79 0.88537
8227.9922 0.87924
8229.1953 0.90547
8230.3975 0.90453
8231.6006 0.91734
8232.8027 0.90368
8234.0059 0.90148
8235.208 0.91088
8236.4111 0.89328
8237.6133 0.90222
8238.8164 0.89246
8240.0186 0.89902
8241.2217 0.88452
8242.4238 0.94379
8243.627 0.91474
8244.8291 0.90001
8246.0322 0.91838
8247.2344 0.92355
8248.4375 0.87364
8249.6406 0.94297
8250.8428 0.92402
8252.0459 0.90622
8253.248 0.92933
8254.4512 0.91412
8255.6533 0.88086
8256.8564 0.88089
8258.0596 0.91815
8259.2617 0.92352
8260.4648 0.90234
8261.667 0.86409
8262.8701 0.87166
8264.0732 0.91814
8265.2754 0.91326
8266.4785 0.87126
8267.6807 0.91749
8268.8838 0.90627
8270.0869 0.87443
8271.2891 0.86486
8272.4922 0.83293
8273.6953 0.86977
8274.8975 0.86588
8276.1006 0.87524
8277.3037 0.8598
8278.5059 0.88243
8279.709 0.88163
8280.9121 0.87926
8282.1143 0.97072
8283.3174 0.85897
8284.5205 0.88983
8285.7227 0.86507
8286.9258 0.80919
8288.1289 0.8493
8289.3311 0.88084
8290.5342 0.8007
8291.7373 0.8877
8292.9404 0.81727
8294.1426 0.82808
8295.3457 0.83116
8296.5488 0.83479
8297.752 0.89941
8298.9541 0.88709
8300.1572 0.87088
8301.3604 0.86435
8302.5635 0.86698
8303.7656 0.87531
8304.9688 0.88537
8306.1719 0.90629
8307.375 0.85308
8308.5771 0.88081
8309.7803 0.86001
8310.9834 0.89149
8312.1865 0.86605
8313.3896 0.86825
8314.5918 0.89419
8315.7949 0.86154
8316.998 0.90561
8318.2012 0.8461
8319.4043 0.83774
8320.6064 0.80373
8321.8096 0.81929
8323.0127 0.84489
8324.2158 0.86437
8325.4189 0.83673
8326.6221 0.87855
8327.8242 0.83719
8329.0273 0.85487
8330.2305 0.86784
8331.4336 0.84441
8332.6367 0.83405
8333.8398 0.8577
8335.042 0.84439
8336.2451 0.86909
8337.4482 0.8869
8338.6514 0.9053
8339.8545 0.92581
8341.0576 0.99415
8342.2607 0.82983
8343.4639 0.87602
8344.666 0.83883
8345.8691 0.83026
8347.0723 0.89064
8348.2754 0.85025
8349.4785 0.87533
8350.6816 0.88807
8351.8848 0.86234
8353.0879 0.87959
8354.291 0.92507
8355.4941 0.87918
8356.6973 0.89154
8357.8994 0.8409
8359.1025 0.86044
8360.3057 0.84936
8361.5088 0.87903
8362.7119 0.84393
8363.915 0.84169
8365.1182 0.87942
8366.3213 0.83407
8367.5244 0.82748
8368.7275 0.89658
8369.9307 0.89301
8371.1338 0.8557
8372.3369 0.90398
8373.54 0.9129
8374.7432 0.8978
8375.9463 0.8592
8377.1494 0.84635
8378.3525 0.88617
8379.5557 0.87814
8380.7588 0.86276
8381.9619 0.86896
8383.165 0.87911
8384.3682 0.91207
8385.5703 0.85206
8386.7734 0.8845
8387.9766 0.93098
8389.1807 0.91351
8390.3828 0.87828
8391.5859 0.89305
8392.7891 0.8119
8393.9932 0.89931
8395.1953 0.85891
8396.3984 0.85889
8397.6025 0.7748
8398.8057 0.8358
8400.0088 0.75257
8401.2119 0.87537
8402.415 0.79448
8403.6182 0.88693
8404.8213 0.89302
8406.0244 0.92753
8407.2275 0.89574
8408.4307 0.83611
8409.6338 0.86998
8410.8369 0.82268
8412.04 0.86697
8413.2432 0.79975
8414.4463 0.80855
8415.6494 0.81075
8416.8525 0.78064
8418.0557 0.78142
8419.2588 0.81236
8420.4619 0.7912
8421.665 0.7417
8422.8682 0.72286
8424.0713 0.74509
8425.2744 0.77482
8426.4775 0.76102
8427.6816 0.80155
8428.8848 0.72134
8430.0879 0.8169
8431.291 0.69274
8432.4941 0.74826
8433.6973 0.80427
8434.9004 0.84565
8436.1035 0.96045
8437.3066 0.99907
8438.5098 1.02309
8439.7129 1.05318
8440.916 1.08197
8442.1191 1.05402
8443.3232 1.07009
8444.5264 1.00356
8445.7295 1.01996
8446.9326 1.00633
8448.1357 0.92076
8449.3389 0.88884
8450.542 0.95683
8451.7451 0.88125
8452.9482 0.91409
8454.1514 0.89041
8455.3555 0.89242
8456.5586 0.89794
8457.7617 0.93596
8458.9648 0.93367
8460.168 0.91438
8461.3711 0.96414
8462.5742 0.94045
8463.7773 0.93543
8464.9805 0.8884
8466.1836 0.88276
8467.3877 0.90213
8468.5908 0.86712
8469.7939 0.88113
8470.9971 0.89328
8472.2002 0.92944
8473.4033 0.90792
8474.6064 0.91056
8475.8096 0.95626
8477.0137 0.95436
8478.2168 0.97647
8479.4199 0.99617
8480.623 1.01088
8481.8262 1.00985
8483.0293 1.07358
8484.2324 1.08025
8485.4355 1.14475
8486.6387 1.22909
8487.8428 1.24767
8489.0459 1.29979
8490.249 1.33165
8491.4521 1.29167
8492.6553 1.23814
8493.8584 1.18854
8495.0615 1.14574
8496.2646 1.08878
8497.4688 1.05268
8498.6719 0.99197
8499.875 1.00656
8501.0781 0.961
8502.2812 0.90232
8503.4844 0.94112
8504.6875 0.93112
8505.8906 0.91223
8507.0947 0.88711
8508.2979 0.90328
8509.501 0.84166
8510.7041 0.88519
8511.9072 0.85847
8513.1104 0.86553
8514.3135 0.92376
8515.5176 0.92137
8516.7207 0.92203
8517.9238 0.92249
8519.127 0.94583
8520.3301 0.96351
8521.5332 0.97085
8522.7363 0.98498
8523.9395 1.00334
8525.1436 0.99306
8526.3467 0.99762
8527.5498 1.0057
8528.7529 1.02697
8529.9561 1.09455
8531.1592 1.24448
8532.3623 1.34406
8533.5654 1.40918
8534.7695 1.37445
8535.9727 1.38974
8537.1758 1.35965
8538.3789 1.32416
8539.582 1.26963
8540.7852 1.26108
8541.9883 1.16042
8543.1924 1.17628
8544.3955 1.07123
8545.5986 1.0606
8546.8018 1.06498
8548.0049 0.99015
8549.208 0.97607
8550.4111 0.9428
8551.6143 0.96123
8552.8184 0.95108
8554.0215 0.93519
8555.2246 0.89835
8556.4277 0.87741
8557.6309 0.86663
8558.834 0.88909
8560.0371 0.86815
8561.2402 0.8781
8562.4434 0.87348
8563.6475 0.8377
8564.8506 0.84811
8566.0537 0.84887
8567.2568 0.83221
8568.46 0.83453
8569.6631 0.83494
8570.8662 0.78833
8572.0693 0.82816
8573.2734 0.83359
8574.4766 0.84745
8575.6797 0.8213
8576.8828 0.77432
8578.0859 0.81142
8579.2891 0.80413
8580.4922 0.83232
8581.6953 0.80571
8582.8984 0.78128
8584.1016 0.80389
8585.3057 0.76139
8586.5088 0.87671
8587.7119 0.89018
8588.915 0.90622
8590.1182 0.95327
8591.3213 0.97808
8592.5244 0.94229
8593.7275 0.96682
8594.9307 0.9286
8596.1338 0.88856
8597.3369 0.89572
8598.54 0.87861
8599.7441 0.87249
8600.9473 0.87112
8602.1504 0.88973
8603.3535 0.8653
8604.5566 0.9207
8605.7598 0.89638
8606.9629 0.85085
8608.166 0.86567
8609.3691 0.83413
8610.5723 0.85838
8611.7754 0.89769
8612.9785 0.83429
8614.1816 0.83858
8615.3848 0.79858
8616.5889 0.83319
8617.792 0.77381
8618.9951 0.7978
8620.1982 0.8163
8621.4014 0.78264
8622.6045 0.79411
8623.8076 0.77134
8625.0107 0.82234
8626.2139 0.81408
8627.417 0.77203
8628.6201 0.79774
8629.8232 0.79678
8631.0264 0.75092
8632.2295 0.81554
8633.4326 0.75902
8634.6357 0.81048
8635.8389 0.77196
8637.042 0.85459
8638.2451 0.84309
8639.4482 0.83098
8640.6514 0.85651
8641.8545 0.90404
8643.0576 0.92947
8644.2607 0.91498
8645.4639 0.91763
8646.667 0.96279
8647.8701 0.9575
8649.0732 0.99492
8650.2764 1.08549
8651.4795 1.22727
8652.6826 1.23052
8653.8857 1.28308
8655.0889 1.27194
8656.292 1.23202
8657.4951 1.17562
8658.6982 1.18764
8659.9014 1.10911
8661.1045 1.10676
8662.3076 1.11215
8663.5107 0.99946
8664.7139 1.03403
8665.917 0.97951
8667.1201 0.9406
8668.3232 0.95924
8669.5264 0.94429
8670.7295 0.8883
8671.9326 0.88807
8673.1357 0.91449
8674.3389 0.90418
8675.541 0.93406
8676.7441 0.9189
8677.9473 0.90005
8679.1504 0.8753
8680.3535 0.92714
8681.5566 0.87269
8682.7598 0.88986
8683.9629 0.88266
8685.166 0.82646
8686.3691 0.85113
8687.5723 0.87131
8688.7754 0.85503
8689.9775 0.84266
8691.1807 0.89088
8692.3838 0.83928
8693.5869 0.83698
8694.79 0.8053
8695.9932 0.83795
8697.1963 0.82606
8698.3994 0.80958
8699.6025 0.8334
8700.8047 0.83095
8702.0078 0.83243
8703.2109 0.79374
8704.4141 0.82018
8705.6172 0.81147
8706.8203 0.83394
8708.0234 0.8165
8709.2256 0.81478
8710.4287 0.83806
8711.6318 0.79612
8712.835 0.81827
8714.0381 0.81344
8715.2412 0.82298
8716.4434 0.79184
8717.6465 0.81131
8718.8496 0.78735
8720.0527 0.83517
8721.2559 0.82876
8722.459 0.83818
8723.6611 0.80603
8724.8643 0.80275
8726.0674 0.8014
8727.2705 0.7777
8728.4727 0.78222
8729.6758 0.84809
8730.8789 0.81437
8732.082 0.83911
8733.2852 0.82498
8734.4873 0.84235
8735.6904 0.84419
8736.8936 0.83021
8738.0967 0.84245
8739.2988 0.82389
8740.502 0.93453
8741.7051 0.93947
8742.9072 0.94119
8744.1104 0.96835
8745.3135 0.93944
8746.5166 0.9631
8747.7188 0.94276
8748.9219 0.94116
8750.125 0.89846
8751.3271 0.92369
8752.5303 0.85757
8753.7334 0.88644
8754.9365 0.85961
8756.1387 0.88591
8757.3418 0.90422
8758.5449 0.88992
8759.7471 0.82817
8760.9502 0.8194
8762.1533 0.85867
8763.3555 0.86271
8764.5586 0.79715
8765.7617 0.77557
8766.9639 0.79143
8768.167 0.82972
8769.3691 0.82796
8770.5723 0.79687
8771.7754 0.84361
8772.9775 0.87351
8774.1807 0.82355
8775.3838 0.76572
8776.5859 0.83824
8777.7891 0.83068
8778.9912 0.74035
8780.1943 0.72565
8781.3975 0.79032
8782.5996 0.80352
8783.8027 0.80213
8785.0049 0.80646
8786.208 0.78505
8787.4102 0.80085
8788.6133 0.77389
8789.8164 0.78118
8791.0186 0.78809
8792.2217 0.78439
8793.4238 0.79801
8794.627 0.80761
8795.8291 0.79137
8797.0322 0.81013
8798.2344 0.85431
8799.4375 0.84338
8800.6396 0.82048
8801.8428 0.79659
8803.0449 0.83931
8804.248 0.81155
8805.4502 0.79823
8806.6533 0.80304
8807.8555 0.81552
8809.0586 0.79605
8810.2607 0.8046
8811.4639 0.81156
8812.666 0.78226
8813.8682 0.79243
8815.0713 0.78536
8816.2734 0.80014
8817.4766 0.75686
8818.6787 0.82023
8819.8818 0.79402
8821.084 0.75193
8822.2861 0.70533
8823.4893 0.81717
8824.6914 0.81045
8825.8945 0.75337
8827.0967 0.7799
8828.2988 0.83914
8829.502 0.77853
8830.7041 0.83568
8831.9062 0.86465
8833.1094 0.6989
8834.3115 0.85962
8835.5137 0.83597
8836.7168 0.84114
8837.9189 0.9085
8839.1211 0.85569
8840.3242 0.86404
8841.5264 0.80947
8842.7285 0.88189
8843.9316 0.83545
8845.1338 0.86528
8846.3359 0.8082
8847.5391 0.76503
8848.7412 0.84049
8849.9434 0.85405
8851.1455 0.81789
8852.3486 0.8798
8853.5508 0.91369
8854.7529 0.93438
8855.9551 0.951
8857.1572 0.97803
8858.3604 0.95601
8859.5625 0.93439
8860.7646 0.90781
8861.9668 0.93444
8863.1699 0.8782
8864.3721 0.93228
8865.5742 0.85512
8866.7764 0.87541
8867.9785 0.8637
8869.1807 0.7996
8870.3838 0.88546
8871.5859 0.83115
8872.7881 0.80522
8873.9902 0.80737
8875.1924 0.87289
8876.3945 0.82909
8877.5967 0.81298
8878.7988 0.77963
8880.002 0.83487
8881.2041 0.79406
8882.4062 0.85429
8883.6084 0.76616
8884.8105 0.7877
8886.0127 0.84818
8887.2148 0.76266
8888.417 0.77446
8889.6191 0.79343
8890.8213 0.81912
8892.0234 0.81781
8893.2256 0.79584
8894.4277 0.77993
8895.6299 0.73172
8896.832 0.76997
8898.0342 0.72148
8899.2363 0.74167
8900.4385 0.79887
8901.6406 0.75764
8902.8428 0.77007
8904.0449 0.83111
8905.2471 0.82054
8906.4492 0.71057
8907.6514 0.80963
8908.8535 0.7973
8910.0557 0.80463
8911.2578 0.72923
8912.46 0.7375
8913.6621 0.73937
8914.8643 0.8179
8916.0654 0.78135
8917.2676 0.75819
8918.4697 0.79573
8919.6719 0.83096
8920.874 0.81417
8922.0762 0.84469
8923.2783 0.86584
8924.4805 0.81154
8925.6816 0.80972
8926.8838 0.80822
8928.0859 0.80608
8929.2881 0.73719
8930.4902 0.77907
8931.6914 0.75447
8932.8936 0.73062
8934.0957 0.79763
8935.2979 0.77221
8936.499 0.81854
8937.7012 0.76853
8938.9033 0.76367
8940.1055 0.74196
8941.3066 0.74365
8942.5088 0.7676
8943.7109 0.774
8944.9131 0.75967
8946.1143 0.76483
8947.3164 0.74298
8948.5186 0.7815
8949.7197 0.75208
8950.9219 0.75545
8952.124 0.79152
8953.3252 0.78277
8954.5273 0.75627
8955.7295 0.73886
8956.9307 0.74171
8958.1328 0.73778
8959.334 0.75114
8960.5361 0.73916
8961.7383 0.83088
8962.9395 0.74289
8964.1416 0.75228
8965.3428 0.75914
8966.5449 0.70444
8967.7471 0.73721
8968.9482 0.74633
8970.1504 0.75199
8971.3516 0.74751
8972.5537 0.72591
8973.7549 0.73106
8974.957 0.75828
8976.1582 0.76353
8977.3604 0.78933
8978.5615 0.78225
8979.7637 0.8039
8980.9648 0.79246
8982.166 0.80403
8983.3682 0.7625
8984.5693 0.7784
8985.7715 0.802
8986.9727 0.81056
8988.1748 0.7957
8989.376 0.83523
8990.5771 0.79199
8991.7793 0.84019
8992.9805 0.89801
8994.1826 0.8302
8995.3838 0.84147
8996.585 0.82982
8997.7871 0.87911
8998.9883 0.91832
9000.1895 0.84799
9001.3906 0.82348
9002.5928 0.85626
9003.7939 0.8769
9004.9951 0.97502
9006.1973 0.95003
9007.3984 0.99499
9008.5996 0.95928
9009.8008 0.99882
9011.0029 0.97401
9012.2041 0.98982
9013.4053 0.92846
9014.6064 0.97486
9015.8086 0.94138
9017.0098 0.94961
9018.2109 0.89951
9019.4121 0.95611
9020.6133 0.90502
9021.8145 0.90211
9023.0166 0.87338
9024.2178 0.91481
9025.4189 0.86026
9026.6201 0.82149
9027.8213 0.81756
9029.0225 0.84358
9030.2236 0.83551
9031.4248 0.82375
9032.626 0.86365
9033.8281 0.86266
9035.0293 0.84637
9036.2305 0.81299
9037.4316 0.81874
9038.6328 0.81735
9039.834 0.8055
9041.0352 0.79531
9042.2363 0.81038
9043.4375 0.72939
9044.6387 0.73472
9045.8398 0.70322
9047.041 0.67355
9048.2422 0.6819
9049.4434 0.69438
9050.6436 0.74127
9051.8447 0.74732
9053.0459 0.76108
9054.2471 0.79057
9055.4482 0.77238
9056.6494 0.81211
9057.8506 0.81254
9059.0518 0.82779
9060.2529 0.79166
9061.4531 0.80575
9062.6543 0.76687
9063.8555 0.72766
9065.0566 0.75512
9066.2578 0.72313
9067.459 0.74929
9068.6592 0.7641
9069.8604 0.71583
9071.0615 0.74318
9072.2627 0.69615
9073.4629 0.6664
9074.6641 0.67581
9075.8652 0.66274
9077.0654 0.68302
9078.2666 0.71401
9079.4678 0.71413
9080.6689 0.68399
9081.8691 0.72552
9083.0703 0.74045
9084.2715 0.77944
9085.4717 0.79611
9086.6729 0.82004
9087.873 0.79612
9089.0742 0.83491
9090.2754 0.80059
9091.4756 0.78223
9092.6768 0.76973
9093.877 0.75083
9095.0781 0.68358
9096.2783 0.74708
9097.4795 0.70684
9098.6807 0.69245
9099.8809 0.69152
9101.082 0.74475
9102.2822 0.79238
9103.4834 0.83058
9104.6836 0.81768
9105.8848 0.84086
9107.085 0.81116
9108.2852 0.7894
9109.4863 0.8645
9110.6865 0.84118
9111.8877 0.81068
9113.0879 0.83289
9114.2891 0.81906
9115.4893 0.80961
9116.6895 0.8032
9117.8906 0.85204
9119.0908 0.79318
9120.291 0.73838
9121.4922 0.78363
9122.6924 0.79555
9123.8926 0.80316
9125.0938 0.82227
9126.2939 0.79369
9127.4941 0.80366
9128.6943 0.78118
9129.8955 0.80105
9131.0957 0.78455
9132.2959 0.79306
9133.4961 0.77699
9134.6973 0.79635
9135.8975 0.78924
9137.0977 0.82546
9138.2979 0.7761
9139.498 0.77544
9140.6982 0.78861
9141.8984 0.7888
9143.0996 0.79825
9144.2998 0.81764
9145.5 0.82867
9146.7002 0.78749
9147.9004 0.79974
9149.1006 0.8279
9150.3008 0.77644
9151.501 0.76092
9152.7012 0.82112
9153.9014 0.85124
9155.1016 0.81177
9156.3018 0.83313
9157.502 0.79045
9158.7021 0.78426
9159.9023 0.80558
9161.1025 0.80028
9162.3027 0.80879
9163.5029 0.82982
9164.7031 0.82488
9165.9033 0.83176
9167.1035 0.87914
9168.3037 0.84271
9169.5039 0.79727
9170.7031 0.8019
9171.9033 0.84584
9173.1035 0.81557
9174.3037 0.79637
9175.5039 0.80997
9176.7041 0.78795
9177.9033 0.79675
9179.1035 0.81844
9180.3037 0.81003
9181.5039 0.78553
9182.7031 0.80434
9183.9033 0.80096
9185.1035 0.79276
9186.3037 0.78256
9187.5029 0.80253
9188.7031 0.77427
9189.9033 0.78566
9191.1025 0.78002
9192.3027 0.82098
9193.5029 0.79686
9194.7021 0.75266
9195.9023 0.80783
9197.1025 0.74189
9198.3018 0.75149
9199.502 0.75976
9200.7012 0.78627
9201.9014 0.77248
9203.1006 0.79288
9204.3008 0.77966
9205.501 0.8143
9206.7002 0.87513
9207.8994 0.8222
9209.0996 0.8704
9210.2988 0.85832
9211.499 0.85511
9212.6982 0.823
9213.8984 0.83437
9215.0977 0.82604
9216.2979 0.89317
9217.4971 0.92804
9218.6973 0.90036
9219.8965 0.98724
9221.0957 0.95525
9222.2959 0.93449
9223.4951 0.89036
9224.6943 0.90979
9225.8945 0.90447
9227.0938 0.89849
9228.293 0.90662
9229.4922 0.88796
9230.6924 0.84274
9231.8916 0.8347
9233.0908 0.8518
9234.29 0.86604
9235.4902 0.86589
9236.6895 0.84801
9237.8887 0.85546
9239.0879 0.83852
9240.2871 0.80069
9241.4873 0.77174
9242.6865 0.7909
9243.8857 0.75927
9245.085 0.72944
9246.2842 0.75416
9247.4834 0.74214
9248.6826 0.78361
9249.8818 0.77289
9251.0811 0.76211
9252.2803 0.78786
9253.4795 0.78999
9254.6797 0.82196
9255.8779 0.8367
9257.0771 0.86903
9258.2764 0.90681
9259.4756 0.86299
9260.6748 0.82113
9261.874 0.77813
9263.0732 0.78509
9264.2725 0.82265
9265.4717 0.81997
9266.6709 0.78904
9267.8701 0.80785
9269.0693 0.78985
9270.2686 0.75023
9271.4668 0.77759
9272.666 0.71717
9273.8652 0.73513
9275.0645 0.76549
9276.2637 0.80186
9277.4619 0.78423
9278.6611 0.75992
9279.8604 0.73926
9281.0596 0.75334
9282.2578 0.7652
9283.457 0.77839
9284.6562 0.71394
9285.8545 0.76064
9287.0537 0.73166
9288.2529 0.72282
9289.4512 0.75048
9290.6504 0.73294
9291.8496 0.75524
9293.0479 0.70701
9294.2471 0.75005
9295.4453 0.77537
9296.6445 0.76343
9297.8428 0.70202
9299.042 0.74044
9300.2402 0.7651
9301.4395 0.70651
9302.6387 0.65187
9303.8369 0.75338
9305.0352 0.69873
9306.2344 0.67724
9307.4326 0.6555
9308.6318 0.66872
9309.8301 0.75092
9311.0293 0.77686
9312.2275 0.68891
9313.4258 0.60131
9314.625 0.71155
9315.8232 0.66788
9317.0215 0.71097
9318.2207 0.73369
9319.4189 0.72698
9320.6172 0.75844
9321.8164 0.7618
9323.0146 0.63153
9324.2129 0.70182
9325.4111 0.73984
9326.6104 0.72754
9327.8086 0.67311
9329.0068 0.68414
9330.2051 0.70196
9331.4033 0.71447
9332.6016 0.75487
9333.8008 0.7167
9334.999 0.69497
9336.1973 0.74861
9337.3955 0.77483
9338.5938 0.71958
9339.792 0.76561
9340.9902 0.70497
9342.1885 0.72637
9343.3867 0.7349
9344.585 0.70725
9345.7832 0.72912
9346.9814 0.66826
9348.1797 0.71397
9349.3779 0.75103
9350.5762 0.76223
9351.7744 0.77215
9352.9727 0.74474
9354.1709 0.78042
9355.3691 0.7108
9356.5674 0.75415
9357.7646 0.71079
9358.9629 0.72785
9360.1611 0.71159
9361.3594 0.72443
9362.5576 0.71521
9363.7559 0.76337
9364.9531 0.7082
9366.1514 0.76815
9367.3496 0.76189
9368.5479 0.72429
9369.7451 0.66402
9370.9434 0.78788
9372.1416 0.81812
9373.3389 0.70997
9374.5371 0.78232
9375.7354 0.6765
9376.9326 0.69534
9378.1309 0.75265
9379.3291 0.77624
9380.5264 0.78956
9381.7246 0.71804
9382.9219 0.72743
9384.1201 0.76876
9385.3174 0.71706
9386.5156 0.7591
9387.7139 0.67629
9388.9111 0.71726
9390.1094 0.62578
9391.3066 0.66903
9392.5039 0.68572
9393.7021 0.71152
9394.8994 0.76936
9396.0977 0.73126
9397.2949 0.7488
9398.4922 0.67706
9399.6904 0.75248
9400.8877 0.73604
9402.085 0.74592
9403.2832 0.76525
9404.4805 0.73731
9405.6777 0.73045
9406.876 0.76253
9408.0732 0.73331
9409.2705 0.73202
9410.4678 0.7089
9411.666 0.72312
9412.8633 0.71291
9414.0605 0.69372
9415.2578 0.70448
9416.4551 0.70957
9417.6533 0.69646
9418.8506 0.7678
9420.0479 0.72379
9421.2451 0.70666
9422.4424 0.71137
9423.6396 0.71947
9424.8369 0.77929
9426.0342 0.73521
9427.2314 0.70075
9428.4287 0.67744
9429.626 0.70696
9430.8232 0.69191
9432.0205 0.73952
9433.2178 0.65424
9434.415 0.7813
9435.6123 0.69255
9436.8096 0.65496
9438.0068 0.66555
9439.2041 0.71921
9440.4014 0.71019
9441.5977 0.7205
9442.7949 0.88538
9443.9922 0.66964
9445.1895 0.73157
9446.3867 0.67491
9447.583 0.70502
9448.7803 0.67677
9449.9775 0.67638
9451.1748 0.74134
9452.3711 0.64842
9453.5684 0.74406
9454.7656 0.69966
9455.9619 0.69446
9457.1592 0.68822
9458.3564 0.69499
9459.5527 0.70814
9460.75 0.74842
9461.9473 0.74543
9463.1436 0.7265
9464.3408 0.72939
9465.5371 0.74667
9466.7344 0.7306
9467.9307 0.71407
9469.1279 0.76787
9470.3242 0.7495
9471.5215 0.70151
9472.7178 0.76463
9473.915 0.79505
9475.1113 0.82226
9476.3076 0.69765
9477.5049 0.69342
9478.7012 0.80917
9479.8984 0.76556
9481.0947 0.66394
9482.291 0.57419
9483.4883 0.65224
9484.6846 0.73923
9485.8809 0.67277
9487.0771 0.7062
9488.2744 0.7434
9489.4707 0.6913
9490.667 0.70495
9491.8633 0.74791
9493.0605 0.71963
9494.2568 0.6942
9495.4531 0.6801
9496.6494 0.74973
9497.8457 0.6775
9499.042 0.68963
9500.2393 0.65243
9501.4355 0.76915
9502.6318 0.7306
9503.8281 0.7041
9505.0244 0.82241
9506.2207 0.72077
9507.417 0.74886
9508.6133 0.69778
9509.8096 0.73831
9511.0059 0.75438
9512.2021 0.77979
9513.3984 0.77225
9514.5947 0.74677
9515.79 0.77806
9516.9863 0.79684
9518.1826 0.74956
9519.3789 0.69688
9520.5752 0.73142
9521.7715 0.77688
9522.9678 0.77375
9524.1631 0.7919
9525.3594 0.88468
9526.5557 0.85449
9527.752 0.86175
9528.9473 0.83067
9530.1436 0.83943
9531.3398 0.88129
9532.5361 0.96227
9533.7314 0.90478
9534.9277 0.96688
9536.123 1.03901
9537.3193 1.09385
9538.5156 1.08548
9539.7109 1.02154
9540.9072 1.02831
9542.1025 0.99746
9543.2988 0.95228
9544.4951 0.97701
9545.6904 0.9597
9546.8867 0.90936
9548.082 0.91439
9549.2783 0.90961
9550.4736 0.88272
9551.6689 0.79638
9552.8652 0.90218
9554.0605 0.84281
9555.2568 0.82422
9556.4521 0.86842
9557.6475 0.82443
9558.8438 0.78585
9560.0391 0.8194
9561.2344 0.81632
9562.4307 0.85101
9563.626 0.77193
9564.8213 0.7376
9566.0166 0.7491
9567.2129 0.69392
9568.4082 0.73256
9569.6035 0.74149
9570.7988 0.76645
9571.9941 0.7953
9573.1904 0.73628
9574.3857 0.71692
9575.5811 0.75446
9576.7764 0.71776
9577.9717 0.73969
9579.167 0.69499
9580.3623 0.67667
9581.5576 0.68882
9582.7529 0.69709
9583.9482 0.73801
9585.1436 0.68094
9586.3389 0.71586
9587.5342 0.69899
9588.7295 0.66887
9589.9248 0.68735
9591.1201 0.75393
9592.3154 0.74423
9593.5107 0.74072
9594.7061 0.72816
9595.9004 0.71227
9597.0957 0.71549
9598.291 0.73137
9599.4863 0.73953
9600.6816 0.66391
9601.876 0.66576
9603.0713 0.71424
9604.2666 0.7348
9605.4619 0.63738
9606.6562 0.66309
9607.8516 0.65023
9609.0469 0.7258
9610.2412 0.78742
9611.4365 0.74648
9612.6318 0.76621
9613.8262 0.78234
9615.0215 0.76569
9616.2158 0.75637
9617.4111 0.72645
9618.6055 0.69923
9619.8008 0.70097
9620.9951 0.71155
9622.1904 0.8096
9623.3848 0.74751
9624.5801 0.7292
9625.7744 0.78082
9626.9697 0.73699
9628.1641 0.72934
9629.3594 0.69776
9630.5537 0.70843
9631.748 0.66658
9632.9434 0.66202
9634.1377 0.73988
9635.332 0.70325
9636.5273 0.71086
9637.7217 0.67262
9638.916 0.67332
9640.1104 0.7167
9641.3057 0.66461
9642.5 0.63991
9643.6943 0.64517
9644.8887 0.64505
9646.083 0.65224
9647.2773 0.71015
9648.4727 0.71242
9649.667 0.71629
9650.8613 0.7625
9652.0557 0.78976
9653.25 0.74386
9654.4443 0.72008
9655.6387 0.73547
9656.833 0.70196
9658.0273 0.68564
9659.2217 0.73229
9660.416 0.67515
9661.6104 0.77349
9662.8047 0.7446
9663.999 0.67726
9665.1934 0.73491
9666.3877 0.75014
9667.582 0.72008
9668.7754 0.69428
9669.9697 0.76038
9671.1641 0.71912
9672.3584 0.75546
9673.5527 0.70105
9674.7471 0.69321
9675.9404 0.69411
9677.1348 0.67596
9678.3291 0.68104
9679.5225 0.69567
9680.7168 0.69469
9681.9111 0.74281
9683.1045 0.67818
9684.2988 0.68753
9685.4932 0.74415
9686.6865 0.74672
9687.8809 0.68674
9689.0742 0.77094
9690.2686 0.69434
9691.4629 0.70738
9692.6562 0.72506
9693.8506 0.70985
9695.0439 0.7113
9696.2383 0.62523
9697.4316 0.73393
9698.626 0.73766
9699.8193 0.73596
9701.0127 0.68238
9702.207 0.7668
9703.4004 0.71768
9704.5947 0.71024
9705.7881 0.65687
9706.9814 0.70405
9708.1758 0.69809
9709.3691 0.67064
9710.5625 0.66187
9711.7559 0.72494
9712.9502 0.63352
9714.1436 0.74263
9715.3369 0.73743
9716.5303 0.66767
9717.7236 0.71901
9718.918 0.65088
9720.1113 0.65587
9721.3047 0.68266
9722.498 0.65203
9723.6914 0.70957
9724.8848 0.72516
9726.0781 0.6518
9727.2715 0.6681
9728.4648 0.72225
9729.6582 0.70874
9730.8516 0.62939
9732.0449 0.66299
9733.2383 0.69028
9734.4316 0.68969
9735.625 0.67582
9736.8184 0.7044
9738.0117 0.73987
9739.2051 0.73085
9740.3984 0.64304
9741.5918 0.73294
9742.7852 0.67905
9743.9775 0.67731
9745.1709 0.66859
9746.3643 0.75293
9747.5576 0.70595
9748.751 0.68758
9749.9434 0.69961
9751.1367 0.67682
9752.3301 0.6587
9753.5225 0.66835
9754.7158 0.67298
9755.9092 0.68547
9757.1016 0.702
9758.2949 0.65374
9759.4883 0.66844
9760.6807 0.67441
9761.874 0.65933
9763.0664 0.70858
9764.2598 0.68015
9765.4521 0.69222
9766.6455 0.68453
9767.8379 0.67006
9769.0312 0.69317
9770.2236 0.72799
9771.417 0.70555
9772.6094 0.73424
9773.8027 0.65545
9774.9951 0.73109
9776.1885 0.67366
9777.3809 0.69946
9778.5732 0.70347
9779.7656 0.72108
9780.959 0.72461
9782.1514 0.71748
9783.3438 0.68199
9784.5371 0.67191
9785.7295 0.7673
9786.9219 0.60639
9788.1143 0.60768
9789.3076 0.84611
9790.5 0.68248
9791.6924 0.68084
9792.8848 0.81067
9794.0771 0.67016
9795.2695 0.70242
9796.4619 0.70734
9797.6553 0.69732
9798.8477 0.68227
9800.04 0.64347
9801.2324 0.66569
9802.4248 0.61
9803.6172 0.65925
9804.8096 0.64136
9806.002 0.70385
9807.1943 0.68851
9808.3867 0.66028
9809.5781 0.73796
9810.7705 0.65019
9811.9629 0.73247
9813.1553 0.65276
9814.3477 0.66365
9815.54 0.69893
9816.7324 0.72015
9817.9238 0.70916
9819.1162 0.65397
9820.3086 0.67194
9821.501 0.74127
9822.6934 0.70419
9823.8848 0.70019
9825.0771 0.69523
9826.2695 0.66766
9827.4609 0.6751
9828.6533 0.74508
9829.8457 0.72479
9831.0371 0.69611
9832.2295 0.70129
9833.4219 0.70681
9834.6133 0.70215
9835.8057 0.75792
9836.9971 0.71205
9838.1895 0.66163
9839.3809 0.69988
9840.5732 0.65719
9841.7646 0.70225
9842.957 0.67676
9844.1484 0.6546
9845.3408 0.71455
9846.5322 0.63818
9847.7236 0.7004
9848.916 0.68932
9850.1074 0.72094
9851.2988 0.71363
9852.4912 0.63058
9853.6826 0.77405
9854.874 0.71672
9856.0664 0.66412
9857.2578 0.68944
9858.4492 0.69504
9859.6406 0.67848
9860.833 0.74348
9862.0244 0.71581
9863.2158 0.69169
9864.4072 0.74054
9865.5986 0.72556
9866.791 0.71581
9867.9824 0.74191
9869.1738 0.66565
9870.3652 0.75371
9871.5566 0.65576
9872.748 0.73549
9873.9395 0.68584
9875.1309 0.70627
9876.3223 0.66412
9877.5137 0.66226
9878.7051 0.66228
9879.8965 0.74048
9881.0879 0.69251
9882.2793 0.72654
9883.4707 0.70617
9884.6621 0.74183
9885.8535 0.68545
9887.0449 0.69991
9888.2354 0.6928
9889.4268 0.69181
9890.6182 0.72025
9891.8096 0.61722
9893.001 0.65272
9894.1914 0.65769
9895.3828 0.68917
9896.5742 0.77156
9897.7656 0.64923
9898.9561 0.69113
9900.1475 0.7316
9901.3389 0.69267
9902.5293 0.68652
9903.7207 0.6492
9904.9121 0.72478
9906.1025 0.65283
9907.2939 0.72792
9908.4844 0.68845
9909.6758 0.67388
9910.8672 0.6623
9912.0576 0.61154
9913.249 0.63963
9914.4395 0.72577
9915.6309 0.69138
9916.8213 0.72992
9918.0117 0.63801
9919.2031 0.63715
9920.3936 0.68092
9921.585 0.66096
9922.7754 0.64775
9923.9668 0.67337
9925.1572 0.67433
9926.3477 0.64343
9927.5391 0.63696
9928.7295 0.66651
9929.9199 0.63926
9931.1104 0.66827
9932.3018 0.69836
9933.4922 0.7191
9934.6826 0.66838
9935.873 0.62287
9937.0645 0.75773
9938.2549 0.64198
9939.4453 0.67202
9940.6357 0.75177
9941.8262 0.70095
9943.0176 0.77238
9944.208 0.75703
9945.3984 0.61466
9946.5889 0.63608
9947.7793 0.68868
9948.9697 0.61059
9950.1602 0.6407
9951.3506 0.66855
9952.541 0.59809
9953.7314 0.63823
9954.9219 0.67971
9956.1123 0.67911
9957.3027 0.72953
9958.4932 0.64781
9959.6836 0.67296
9960.873 0.65793
9962.0635 0.62933
9963.2539 0.59241
9964.4443 0.65939
9965.6348 0.66877
9966.8252 0.71049
9968.0156 0.66538
9969.2051 0.65031
9970.3955 0.68179
9971.5859 0.67375
9972.7764 0.75154
9973.9658 0.64477
9975.1562 0.69708
9976.3467 0.73059
9977.5361 0.73202
9978.7266 0.669
9979.917 0.71484
9981.1064 0.79616
9982.2969 0.73624
9983.4873 0.70677
9984.6768 0.77215
9985.8672 0.71301
9987.0566 0.71467
9988.2471 0.71876
9989.4365 0.70115
9990.627 0.74445
9991.8164 0.69854
9993.0068 0.67298
9994.1963 0.71866
9995.3867 0.68185
9996.5762 0.61156
9997.7666 0.69587
9998.9561 0.68509
10000.146 0.64399
10001.336 0.68068
10002.526 0.72223
10003.715 0.79101
10004.905 0.67918
10006.095 0.67543
10007.285 0.67028
10008.474 0.67652
10009.664 0.67924
10010.854 0.66287
10012.044 0.7052
10013.233 0.70385
10014.423 0.57703
10015.613 0.58291
10016.802 0.75828
10017.992 0.75744
10019.181 0.76158
10020.371 0.7874
10021.561 0.77027
10022.75 0.67548
10023.94 0.7331
10025.129 0.82414
10026.319 0.84506
10027.508 0.80492
10028.698 0.8374
10029.887 0.83349
10031.077 0.87421
10032.266 0.81361
10033.456 0.8927
10034.645 0.9805
10035.834 0.9547
10037.024 1.03885
10038.213 1.05939
10039.402 0.95831
10040.592 1.00558
10041.781 1.02737
10042.97 1.00387
10044.16 0.96987
10045.349 0.93702
10046.538 0.8913
10047.728 0.91769
10048.917 0.92827
10050.106 0.89316
10051.295 0.8974
10052.485 0.91142
10053.674 0.81781
10054.863 0.80955
10056.052 0.8988
10057.241 0.87356
10058.43 0.8079
10059.62 0.84652
10060.809 0.79157
10061.998 0.74448
10063.187 0.73892
10064.376 0.7194
10065.565 0.76352
10066.754 0.79248
10067.943 0.7558
10069.132 0.74055
10070.321 0.73525
10071.51 0.85569
10072.699 0.79707
10073.888 0.75099
10075.077 0.78437
10076.266 0.67999
10077.455 0.73418
10078.644 0.69597
10079.833 0.77624
10081.021 0.68185
10082.21 0.65559
10083.399 0.74104
10084.588 0.6696
10085.777 0.84637
10086.966 0.7863
10088.154 0.72468
10089.343 0.74693
10090.532 0.71978
10091.721 0.72767
10092.91 0.67609
10094.098 0.78532
10095.287 0.76107
10096.476 0.73942
10097.664 0.73758
10098.853 0.6954
10100.042 0.662
10101.23 0.70157
10102.419 0.61084
10103.608 0.72725
10104.796 0.73857
10105.985 0.67175
10107.173 0.74102
10108.362 0.77789
10109.551 0.76187
10110.739 0.72977
10111.928 0.70079
10113.116 0.79277
10114.305 0.73958
10115.493 0.73757
10116.682 0.79709
10117.87 0.69527
10119.059 0.75042
10120.247 0.82137
10121.436 0.72557
10122.624 0.70516
10123.812 0.76968
10125.001 0.70911
10126.189 0.58228
10127.377 0.54723
10128.566 0.70446
10129.754 0.65228
10130.943 0.7246
10132.131 0.7396
10133.319 0.65203
10134.507 0.65505
10135.696 0.72425
10136.884 0.68499
10138.072 0.72935
10139.261 0.67105
10140.449 0.7397
10141.637 0.7204
10142.825 0.72174
10144.013 0.67174
10145.202 0.71436
10146.39 0.68131
10147.578 0.64365
10148.766 0.74227
10149.954 0.69584
10151.142 0.68355
10152.33 0.66121
10153.518 0.6329
10154.707 0.74076
10155.895 0.62775
10157.083 0.66874
10158.271 0.64781
10159.459 0.61608
10160.647 0.59826
10161.835 0.70011
10163.023 0.69769
10164.211 0.77407
10165.399 0.64101
10166.587 0.72534
10167.775 0.59596
10168.963 0.75476
10170.151 0.80163
10171.339 0.68737
10172.526 0.6948
10173.714 0.72019
10174.902 0.75878
10176.09 0.55558
10177.278 0.76621
10178.466 0.57974
10179.654 0.59072
10180.841 0.70651
10182.029 0.69099
10183.217 0.64498
10184.405 0.64379
10185.593 0.69832
10186.78 0.8344
10187.968 0.78198
10189.156 0.62463
10190.344 0.72722
10191.531 0.78365
10192.719 0.55897
10193.907 0.62282
10195.095 0.78278
10196.282 0.65118
10197.47 0.56801
10198.658 0.71244
10199.845 0.61657
10201.033 0.72201
10202.22 0.72656
10203.408 0.69309
10204.596 0.70261
10205.783 0.54568
10206.971 0.63745
10208.158 0.73191
10209.346 0.56287
10210.533 0.86403
10211.721 0.79079
10212.909 0.72138
10214.096 0.62017
10215.284 0.70452
10216.471 0.79893
10217.659 0.61601
10218.846 0.70579
10220.033 0.72063
10221.221 0.68357
10222.408 0.84217
10223.596 0.58299
10224.783 0.4991
10225.971 0.74234
10227.158 0.68752
10228.345 0.79899
10229.533 0.53782
10230.72 0.82209
10231.908 0.70131
10233.095 0.6763
10234.282 0.70656
10235.47 0.63288
10236.657 0.70915
10237.844 0.70857
10239.031 0.58305
10240.219 0.73053
10241.406 0.65722
10242.593 0.60474
10243.781 0.62248
10244.968 0.69549
10246.155 0.57117
10247.342 0.5631
10248.529 0.53326
10249.717 0.49981
10250.904 0.51076
10252.091 0.52103
10253.278 0.53036
10254.465 0.52226
10255.653 0.52247
10256.84 0.50976
10258.027 0.48305
10259.214 0.47305
10260.401 0.61207
10261.588 0.43761
10262.775 0.41865
10263.962 0.50607
10265.15 0.64915
10266.337 0.51903
10267.524 0.63746
10268.711 0.66825
