#wave flux
3200.16602 0.0
3201.23999 -0.0
3202.31396 0.0
3203.38892 0.0
3204.46289 -0.0
3205.53711 -0.0
3206.61108 -0.0
3207.68604 0.0
3208.76001 -0.0
3209.83398 0.0
3210.90796 0.0
3211.98291 0.0
3213.05688 0.0
3214.1311 0.0
3215.20508 0.0
3216.28003 0.0
3217.354 0.0
3218.42798 0.0
3219.50195 0.0
3220.5769 0.0
3221.65088 0.0
3222.7251 0.0
3223.79907 0.0
3224.87402 0.0
3225.948 0.0
3227.02197 0.0
3228.09595 0.0
3229.1709 0.0
3230.24512 0.0
3231.31909 0.0
3232.39307 0.0
3233.46802 0.0
3234.54199 0.0
3235.61597 0.0
3236.68994 0.0
3237.76392 0.0
3238.83911 0.0
3239.91309 0.0
3240.98706 0.0
3242.06104 0.0
3243.13599 -0.0
3244.20996 0.0
3245.28394 -0.0
3246.35791 0.0
3247.4331 0.0
3248.50708 -0.0
3249.58106 0.0
3250.65503 0.0
3251.72998 0.0
3252.80396 0.0
3253.87793 0.0
3254.9519 -0.0
3256.0271 0.0
3257.10107 0.0
3258.17505 -0.0
3259.24902 0.0
3260.32398 0.0
3261.39795 -0.0
3262.47192 -0.0
3263.5459 0.0
3264.62109 0.0
3265.69507 -0.0
3266.76904 -0.0
3267.84302 0.0
3268.91797 0.0
3269.99194 0.0
3271.06592 0.0
3272.13989 0.0
3273.21509 -0.0
3274.28906 0.0
3275.36304 0.0
3276.43701 0.0
3277.51196 0.0
3278.58594 0.0
3279.65991 0.0
3280.73389 0.0
3281.80908 0.0
3282.88306 0.0
3283.95703 0.0
3285.03101 0.0
3286.10596 0.0
3287.17993 0.0
3288.25391 0.0
3289.32788 0.0
3290.40308 0.0
3291.47705 0.0
3292.55102 -0.0
3293.625 -0.0
3294.69995 -0.0
3295.77393 0.0
3296.8479 0.0
3297.92212 0.0
3298.99707 0.0
3300.07104 0.0
3301.14502 0.0
3302.21899 0.0
3303.29394 0.0
3304.36792 0.0
3305.4419 0.0
3306.51611 0.0
3307.59106 0.0
3308.66504 0.0
3309.73901 0.0
3310.81299 0.0
3311.88794 0.0
3312.96191 0.0
3314.03589 0.0
3315.11011 0.0
3316.18506 0.0
3317.25903 0.0
3318.33301 0.0
3319.40698 0.0
3320.48193 0.0
3321.55591 0.0
3322.62988 0.0
3323.7041 0.0
3324.77905 0.0
3325.85303 0.0
3326.927 0.0
3328.00098 0.0
3329.07593 -0.0
3330.1499 0.0
3331.22412 0.0
3332.2981 0.0
3333.37207 0.0
3334.44702 0.0
3335.521 0.0
3336.59497 0.0
3337.66894 0.0
3338.7439 0.0
3339.81812 -0.0
3340.89209 0.0
3341.96606 0.0
3343.04102 0.0
3344.11499 0.0
3345.18896 0.0
3346.26392 0.0
3347.33789 0.0
3348.41211 0.0
3349.48608 0.0
3350.56104 0.0
3351.63501 0.0
3352.70898 0.0
3353.78296 0.0
3354.85791 0.0
3355.93188 -0.0
3357.0061 0.0
3358.08008 0.0
3359.15503 0.0
3360.229 0.0
3361.30298 0.0
3362.37695 0.0
3363.4519 0.0
3364.52588 0.0
3365.6001 0.0
3366.67407 0.0
3367.74902 0.0
3368.823 0.0
3369.89697 0.0
3370.97095 0.0
3372.0459 0.0
3373.12012 0.0
3374.19409 0.0
3375.26807 0.0
3376.34302 0.0
3377.41699 0.0
3378.49097 0.0
3379.56494 0.0
3380.63989 0.0
3381.71411 0.0
3382.78809 0.0
3383.86206 0.0
3384.93604 -0.0
3386.01099 -0.0
3387.08496 0.0
3388.15894 0.0
3389.23291 0.0
3390.3081 0.0
3391.38208 0.0
3392.45606 0.0
3393.53003 0.0
3394.60498 0.0
3395.67896 -0.0
3396.75293 0.0
3397.8269 0.0
3398.9021 0.0
3399.97607 0.0
3401.05005 0.0
3402.12402 0.0
3403.19898 0.0
3404.27295 0.0
3405.34692 0.0
3406.4209 0.0
3407.49609 0.0
3408.57007 0.0
3409.64404 0.0
3410.71802 0.0
3411.79297 0.0
3412.86694 0.0
3413.94092 0.0
3415.01489 0.0
3416.09009 0.0
3417.16406 0.0
3418.23804 0.0
3419.31201 0.0
3420.38696 0.0
3421.46094 0.0
3422.53491 0.0
3423.60889 0.0
3424.68408 0.0
3425.75806 0.0
3426.83203 0.0
3427.90601 0.0
3428.98096 0.0
3430.05493 0.0
3431.12891 0.0
3432.20288 0.0
3433.27808 0.0
3434.35205 0.0
3435.42602 0.0
3436.5 0.0
3437.57495 0.0
3438.64893 0.0
3439.7229 0.0
3440.79712 0.0
3441.87207 0.0
3442.94604 0.0
3444.02002 0.0
3445.09399 0.0
3446.16894 0.0
3447.24292 0.0
3448.3169 0.0
3449.39111 0.0
3450.46606 0.0
3451.54004 0.0
3452.61401 0.0
3453.68799 0.0
3454.76294 0.0
3455.83691 0.0
3456.91089 0.0
3457.98511 0.0
3459.06006 0.0
3460.13403 0.0
3461.20801 0.0
3462.28198 0.0
3463.35693 0.0
3464.43091 0.0
3465.50488 0.0
3466.5791 0.0
3467.65405 0.0
3468.72803 0.0
3469.802 0.0
3470.87598 0.0
3471.95093 0.0
3473.0249 0.0
3474.09912 0.0
3475.1731 0.0
3476.24805 0.0
3477.32202 0.0
3478.396 0.0
3479.46997 0.0
3480.54492 0.0
3481.6189 0.0
3482.69312 0.0
3483.76709 0.0
3484.84204 0.0
3485.91602 0.0
3486.98999 0.0
3488.06396 0.0
3489.13892 0.0
3490.21289 0.0
3491.28711 0.0
3492.36108 0.0
3493.43604 0.0
3494.51001 0.0
3495.58398 0.0
3496.65796 0.0
3497.73291 0.0
3498.80688 0.0
3499.8811 0.0
3500.95508 0.0
3502.03003 0.0
3503.104 0.0
3504.17798 0.0
3505.25195 0.0
3506.3269 0.0
3507.40088 0.0
3508.4751 0.0
3509.54907 0.0
3510.62402 0.0
3511.698 0.0
3512.77197 0.0
3513.84595 0.0
3514.9209 0.0
3515.99512 0.0
3517.06909 0.0
3518.14307 0.0
3519.21802 0.0
3520.29199 0.0
3521.36597 0.0
3522.43994 0.0
3523.51489 0.0
3524.58911 0.0
3525.66309 0.0
3526.73706 0.0
3527.81104 0.0
3528.88599 0.0
3529.95996 0.0
3531.03394 0.0
3532.10791 0.0
3533.1831 0.0
3534.25708 0.0
3535.33106 0.0
3536.40503 0.0
3537.47998 0.0
3538.55396 0.0
3539.62793 0.0
3540.7019 0.0
3541.7771 0.0
3542.85107 0.0
3543.92505 0.0
3544.99902 0.0
3546.07398 0.0
3547.14795 0.0
3548.22192 0.0
3549.2959 0.0
3550.37109 0.0
3551.44507 0.0
3552.51904 0.0
3553.59302 0.0
3554.66797 0.0
3555.74194 0.0
3556.81592 0.0
3557.88989 0.0
3558.96509 0.0
3560.03906 0.0
3561.11304 0.0
3562.18701 0.0
3563.26196 0.0
3564.33594 0.0
3565.40991 0.0
3566.48389 0.0
3567.55908 0.0
3568.63306 0.0
3569.70703 0.0
3570.78101 0.0
3571.85596 0.0
3572.92993 0.0
3574.00391 0.0
3575.07788 0.0
3576.15308 0.0
3577.22705 0.0
3578.30102 0.0
3579.375 0.0
3580.44995 0.0
3581.52393 0.0
3582.5979 0.0
3583.67212 0.0
3584.74707 0.0
3585.82104 0.0
3586.89502 0.0
3587.96899 0.0
3589.04394 0.0
3590.11792 0.0
3591.1919 0.0
3592.26611 0.0
3593.34106 0.0
3594.41504 0.0
3595.48901 0.0
3596.56299 0.0
3597.63794 0.0
3598.71191 0.0
3599.78589 0.0
3600.86011 0.0
3601.93506 0.0
3603.00903 0.0
3604.08301 0.0
3605.15698 0.0
3606.23193 0.0
3607.30591 0.0
3608.37988 0.0
3609.4541 0.0
3610.52905 0.0
3611.60303 0.0
3612.677 0.0
3613.75098 0.0
3614.82593 0.0
3615.8999 0.0
3616.97412 0.0
3618.0481 0.0
3619.12305 0.0
3620.19702 0.0
3621.271 0.0
3622.34497 0.0
3623.41992 0.0
3624.4939 0.0
3625.56812 0.0
3626.64209 0.0
3627.71704 0.0
3628.79102 0.0
3629.86499 0.0
3630.93896 0.0
3632.01392 0.0
3633.08789 0.0
3634.16211 0.0
3635.23608 0.0
3636.31104 0.0
3637.38501 0.0
3638.45898 0.0
3639.53296 0.0
3640.60791 0.0
3641.68188 0.0
3642.7561 0.0
3643.83008 0.0
3644.90503 0.0
3645.979 0.0
3647.05298 0.0
3648.12695 0.0
3649.2019 0.0
3650.27588 0.0
3651.3501 0.0
3652.42407 0.0
3653.49902 0.0
3654.573 0.0
3655.64697 0.0
3656.72095 0.0
3657.7959 0.0
3658.87012 0.0
3659.94409 0.0
3661.01807 0.0
3662.09302 0.0
3663.16699 0.0
3664.24097 0.0
3665.31494 0.0
3666.38989 0.0
3667.46411 0.0
3668.53809 0.0
3669.61206 0.0
3670.68604 0.0
3671.76099 0.0
3672.83496 0.0
3673.90894 0.0
3674.98291 0.0
3676.0581 0.0
3677.13208 0.0
3678.20606 0.0
3679.28003 0.0
3680.35498 0.0
3681.42896 0.0
3682.50293 0.0
3683.5769 0.0
3684.6521 0.0
3685.72607 0.0
3686.80005 0.0
3687.87402 0.0
3688.94898 0.0
3690.02295 0.0
3691.09692 0.0
3692.1709 0.0
3693.24609 0.0
3694.32007 0.0
3695.39404 0.0
3696.46802 0.0
3697.54297 0.0
3698.61694 0.0
3699.69092 0.0
3700.76489 0.0
3701.84009 0.0
3702.91406 0.0
3703.98804 0.0
3705.06201 0.0
3706.13696 0.0
3707.21094 0.0
3708.28491 0.0
3709.36011 0.0
3710.43408 0.0
3711.50806 0.0
3712.58203 0.0
3713.65601 0.0
3714.73096 0.0
3715.80493 0.0
3716.87891 0.0
3717.95288 0.0
3719.02808 0.0
3720.10205 0.0
3721.17602 0.0
3722.25 0.0
3723.32495 0.0
3724.39893 0.0
3725.4729 0.0
3726.54712 0.0
3727.62207 0.0
3728.69604 0.0
3729.77002 0.0
3730.84399 0.0
3731.91894 0.0
3732.99292 0.0
3734.0669 0.0
3735.14111 0.0
3736.21606 0.0
3737.29004 0.0
3738.36401 0.0
3739.43799 0.0
3740.51294 0.0
3741.58691 0.0
3742.66089 0.0
3743.73511 0.0
3744.81006 0.0
3745.88403 0.0
3746.95801 0.0
3748.03198 0.0
3749.10693 0.0
3750.18091 0.0
3751.25488 0.0
3752.3291 0.0
3753.40405 0.0
3754.47803 0.0
3755.552 0.0
3756.62598 0.0
3757.70093 0.0
3758.7749 0.0
3759.84912 0.0
3760.9231 0.0
3761.99805 0.0
3763.07202 0.0
3764.146 0.0
3765.21997 0.0
3766.29492 0.0
3767.3689 0.0
3768.44312 0.0
3769.51709 0.0
3770.59204 0.0
3771.66602 0.0
3772.73999 0.0
3773.81396 0.0
3774.88892 0.0
3775.96289 0.0
3777.03711 0.0
3778.11108 0.0
3779.18604 0.0
3780.26001 0.0
3781.33398 0.0
3782.40796 0.0
3783.48291 0.0
3784.55688 0.0
3785.6311 0.0
3786.70508 0.0
3787.78003 0.0
3788.854 0.0
3789.92798 0.0
3791.00195 0.0
3792.0769 0.0
3793.15088 0.0
3794.2251 0.0
3795.29907 0.0
3796.37402 0.0
3797.448 0.0
3798.52197 0.0
3799.59595 0.0
3800.6709 0.0
3801.74512 0.0
3802.81909 0.0
3803.89307 0.0
3804.96802 0.0
3806.04199 0.0
3807.11597 0.0
3808.18994 0.0
3809.26489 0.0
3810.33911 0.0
3811.41309 0.0
3812.48706 0.0
3813.56104 0.0
3814.63599 0.0
3815.70996 0.0
3816.78394 0.0
3817.85791 0.0
3818.9331 0.0
3820.00708 0.0
3821.08106 0.0
3822.15503 0.0
3823.22998 0.0
3824.30396 0.0
3825.37793 0.0
3826.4519 0.0
3827.5271 0.0
3828.60107 0.0
3829.67505 0.0
3830.74902 0.0
3831.82398 0.0
3832.89795 0.0
3833.97192 0.0
3835.0459 0.0
3836.12109 0.0
3837.19507 0.0
3838.26904 0.0
3839.34302 0.0
3840.41797 0.0
3841.49194 0.0
3842.56592 0.0
3843.63989 0.0
3844.71509 0.0
3845.78906 0.0
3846.86304 0.0
3847.93799 0.0
3849.01196 0.0
3850.08594 0.0
3851.15991 0.0
3852.23511 0.0
3853.30908 0.0
3854.38306 0.0
3855.45703 0.0
3856.53198 0.0
3857.60596 0.0
3858.67993 0.0
3859.75391 0.0
3860.8291 0.0
3861.90308 0.0
3862.97705 0.0
3864.05102 0.0
3865.12598 0.0
3866.19995 0.0
3867.27393 0.0
3868.3479 0.0
3869.4231 0.0
3870.49707 0.0
3871.57104 0.0
3872.64502 0.0
3873.71899 0.0
3874.79394 0.0
3875.86792 0.0
3876.9419 0.0
3878.01611 0.0
3879.09106 0.0
3880.16504 0.0
3881.23901 0.0
3882.31299 0.0
3883.38794 0.0
3884.46191 0.0
3885.53589 0.0
3886.61011 0.0
3887.68506 0.0
3888.75903 0.0
3889.83301 0.0
3890.90698 0.0
3891.98193 0.0
3893.05591 0.0
3894.12988 0.0
3895.2041 0.0
3896.27905 0.0
3897.35303 0.0
3898.427 0.0
3899.50098 0.0
3900.57593 0.0
3901.6499 0.0
3902.72412 0.0
3903.7981 0.0
3904.87305 0.0
3905.94702 0.0
3907.021 0.0
3908.09497 0.0
3909.16992 0.0
3910.2439 0.0
3911.31812 0.0
3912.39209 0.0
3913.46704 0.0
3914.54102 0.0
3915.61499 0.0
3916.68896 0.0
3917.76392 0.0
3918.83789 0.0
3919.91211 0.0
3920.98608 0.0
3922.06104 0.0
3923.13501 0.0
3924.20898 0.0
3925.28296 0.0
3926.35791 0.0
3927.43188 0.0
3928.5061 0.0
3929.58008 0.0
3930.65503 0.0
3931.729 0.0
3932.80298 0.0
3933.87695 0.0
3934.9519 0.0
3936.02588 0.0
3937.1001 0.0
3938.17407 0.0
3939.24902 0.0
3940.323 0.0
3941.39697 0.0
3942.47095 0.0
3943.5459 0.0
3944.62012 0.0
3945.69409 0.0
3946.76807 0.0
3947.84302 0.0
3948.91699 0.0
3949.99097 0.0
3951.06494 0.0
3952.13989 0.0
3953.21411 0.0
3954.28809 0.0
3955.36206 0.0
3956.43701 0.0
3957.51099 0.0
3958.58496 0.0
3959.65894 0.0
3960.73389 0.0
3961.8081 0.0
3962.88208 0.0
3963.95606 0.0
3965.03101 0.0
3966.10498 0.0
3967.17896 0.0
3968.25293 0.0
3969.3269 0.0
3970.4021 0.0
3971.47607 0.0
3972.55005 0.0
3973.62402 0.0
3974.69898 0.0
3975.77295 0.0
3976.84692 0.0
3977.9209 0.0
3978.99609 0.0
3980.07007 0.0
3981.14404 0.0
3982.21802 0.0
3983.29297 0.0
3984.36694 0.0
3985.44092 0.0
3986.51489 0.0
3987.59009 0.0
3988.66406 0.0
3989.73804 0.0
3990.81201 0.0
3991.88696 0.0
3992.96094 0.0
3994.03491 0.0
3995.11011 0.0
3996.18408 0.0
3997.25806 0.0
3998.33203 0.0
3999.40698 0.0
4000.48096 0.0
4001.55493 0.0
4002.62891 0.0
4003.7041 0.0
4004.77808 0.0
4005.85205 0.0
4006.92602 0.0
4008.00098 0.0
4009.07495 0.0
4010.14893 0.0
4011.2229 0.0
4012.2981 0.0
4013.37207 0.0
4014.44604 0.0
4015.52002 0.0
4016.59497 0.0
4017.66894 0.0
4018.74292 0.0
4019.8169 0.0
4020.89209 0.0
4021.96606 0.0
4023.04004 0.0
4024.11401 0.0
4025.18896 0.0
4026.26294 0.0
4027.33691 0.0
4028.41089 0.0
4029.48511 0.0
4030.56006 0.0
4031.63403 0.0
4032.70801 0.0
4033.78198 0.0
4034.85693 0.0
4035.93091 0.0
4037.00488 0.0
4038.0791 0.0
4039.15405 0.0
4040.22803 0.0
4041.302 0.0
4042.37598 0.0
4043.45093 0.0
4044.5249 0.0
4045.59912 0.0
4046.6731 0.0
4047.74805 0.0
4048.82202 0.0
4049.896 0.0
4050.96997 0.0
4052.04492 0.0
4053.1189 0.0
4054.19312 0.0
4055.26709 0.0
4056.34204 0.0
4057.41602 0.0
4058.48999 0.0
4059.56396 0.0
4060.63892 0.0
4061.71289 0.0
4062.78711 0.0
4063.86108 0.0
4064.93604 0.0
4066.01001 0.0
4067.08398 0.0
4068.15796 0.0
4069.23291 0.0
4070.30688 0.0
4071.3811 0.0
4072.45508 0.0
4073.53003 0.0
4074.604 0.0
4075.67798 0.0
4076.75195 0.0
4077.8269 0.0
4078.90088 0.0
4079.9751 0.0
4081.04907 0.0
4082.12402 0.0
4083.198 0.0
4084.27197 0.0
4085.34595 0.0
4086.4209 0.0
4087.49512 0.0
4088.56909 0.0
4089.64307 0.0
4090.71802 0.0
4091.79199 0.0
4092.86597 0.0
4093.93994 0.0
4095.01489 0.0
4096.08887 0.0
4097.16309 0.0
4098.23682 0.0
4099.31201 0.0
4100.38623 0.0
4101.45996 0.0
4102.53418 0.0
4103.60889 0.0
4104.6831 0.0
4105.75684 0.0
4106.83105 0.0
4107.90576 0.0
4108.97998 0.0
4110.0542 0.0
4111.12793 0.0
4112.20312 0.0
4113.27686 0.0
4114.35107 0.0
4115.4248 0.0
4116.5 0.0
4117.57422 0.0
4118.64795 0.0
4119.72217 0.0
4120.79688 0.0
4121.87109 0.0
4122.94482 0.0
4124.01904 0.0
4125.09424 0.0
4126.16797 0.0
4127.24219 0.0
4128.31592 0.0
4129.39111 0.0
4130.46484 0.0
4131.53906 0.0
4132.61279 0.0
4133.68799 0.0
4134.76221 0.0
4135.83594 0.0
4136.91016 0.0
4137.98389 0.0
4139.05908 0.0
4140.13281 0.0
4141.20703 0.0
4142.28223 0.0
4143.35596 0.0
4144.43018 0.0
4145.50391 0.0
4146.57812 0.0
4147.65283 0.0
4148.72705 0.0
4149.80078 0.0
4150.87598 0.0
4151.9502 0.0
4153.02393 0.0
4154.09814 0.0
4155.17188 0.0
4156.24707 0.0
4157.3208 0.0
4158.39502 0.0
4159.47022 0.0
4160.54395 0.0
4161.61816 0.0
4162.6919 0.0
4163.76611 0.0
4164.84082 0.0
4165.91504 0.0
4166.98877 0.0
4168.06396 0.0
4169.13818 0.0
4170.21191 0.0
4171.28613 0.0
4172.35986 0.0
4173.43506 0.0
4174.50879 0.0
4175.58301 0.0
4176.6582 0.0
4177.73193 0.0
4178.80615 0.0
4179.87988 0.0
4180.9541 0.0
4182.02881 0.0
4183.10303 0.0
4184.17676 0.0
4185.25195 0.0
4186.32617 0.0
4187.3999 0.0
4188.47412 0.0
4189.54785 0.0
4190.62305 0.0
4191.69678 0.0
4192.771 0.0
4193.84522 0.0
4194.91992 0.0
4195.99414 0.0
4197.06787 0.0
4198.14209 0.0
4199.2168 0.0
4200.29102 0.0
4201.36523 0.0
4202.43896 0.0
4203.51416 0.0
4204.58789 0.0
4205.66211 0.0
4206.73584 0.0
4207.81104 0.0
4208.88477 0.0
4209.95898 0.0
4211.0332 0.0
4212.10791 0.0
4213.18213 0.0
4214.25586 0.0
4215.33008 0.0
4216.40478 0.0
4217.479 0.0
4218.55322 0.0
4219.62695 0.0
4220.70215 0.0
4221.77588 0.0
4222.8501 0.0
4223.92383 0.0
4224.99902 0.0
4226.07324 0.0
4227.14697 0.0
4228.22119 0.0
4229.2959 0.0
4230.37012 0.0
4231.44385 0.0
4232.51807 0.0
4233.59277 0.0
4234.66699 0.0
4235.74121 0.0
4236.81494 0.0
4237.89014 0.0
4238.96387 0.0
4240.03809 0.0
4241.11182 0.0
4242.18701 0.0
4243.26123 0.0
4244.33496 0.0
4245.40918 0.0
4246.48389 0.0
4247.5581 0.0
4248.63184 0.0
4249.70605 0.0
4250.78076 0.0
4251.85498 0.0
4252.9292 0.0
4254.00293 0.0
4255.07812 0.0
4256.15186 0.0
4257.22607 0.0
4258.2998 0.0
4259.375 0.0
4260.44922 0.0
4261.52295 0.0
4262.59717 0.0
4263.67188 0.0
4264.74609 0.0
4265.81982 0.0
4266.89404 0.0
4267.96924 0.0
4269.04297 0.0
4270.11719 0.0
4271.19092 0.0
4272.26611 0.0
4273.33984 0.0
4274.41406 0.0
4275.48779 0.0
4276.56299 0.0
4277.63721 0.0
4278.71094 0.0
4279.78516 0.0
4280.85986 0.0
4281.93408 0.0
4283.00781 0.0
4284.08203 0.0
4285.15723 0.0
4286.23096 0.0
4287.30518 0.0
4288.37891 0.0
4289.45312 0.0
4290.52783 0.0
4291.60205 0.0
4292.67578 0.0
4293.75098 0.0
4294.8252 0.0
4295.89893 0.0
4296.97314 0.0
4298.04688 0.0
4299.12207 0.0
4300.1958 0.0
4301.27002 0.0
4302.34522 0.0
4303.41895 0.0
4304.49316 0.0
4305.5669 0.0
4306.64111 0.0
4307.71582 0.0
4308.79004 0.0
4309.86377 0.0
4310.93896 0.0
4312.01318 0.0
4313.08691 0.0
4314.16113 0.0
4315.23486 0.0
4316.31006 0.0
4317.38379 0.0
4318.45801 0.0
4319.5332 0.0
4320.60693 0.0
4321.68115 0.0
4322.75488 0.0
4323.8291 0.0
4324.90381 0.0
4325.97803 0.0
4327.05176 0.0
4328.12695 0.0
4329.20117 0.0
4330.2749 0.0
4331.34912 0.0
4332.42285 0.0
4333.49805 0.0
4334.57178 0.0
4335.646 0.0
4336.72119 0.0
4337.79492 0.0
4338.86914 0.0
4339.94287 0.0
4341.01709 0.0
4342.0918 0.0
4343.16602 0.0
4344.24023 0.0
4345.31494 0.0
4346.38916 0.0
4347.46289 0.0
4348.53711 0.0
4349.61084 0.0
4350.68604 0.0
4351.75977 0.0
4352.83398 0.0
4353.9082 0.0
4354.98291 0.0
4356.05713 0.0
4357.13086 0.0
4358.20508 0.0
4359.27978 0.0
4360.354 0.0
4361.42822 0.0
4362.50195 0.0
4363.57715 0.0
4364.65088 0.0
4365.7251 0.0
4366.79883 0.0
4367.87402 0.0
4368.94824 0.0
4370.02197 0.0
4371.09619 0.0
4372.1709 0.0
4373.24512 0.0
4374.31885 0.0
4375.39307 0.0
4376.46777 0.0
4377.54199 0.0
4378.61621 0.0
4379.68994 0.0
4380.76514 0.0
4381.83887 0.0
4382.91309 0.0
4383.98682 0.0
4385.06201 0.0
4386.13623 0.0
4387.20996 0.0
4388.28418 0.0
4389.35889 0.0
4390.4331 0.0
4391.50684 0.0
4392.58105 0.0
4393.65576 0.0
4394.72998 0.0
4395.8042 0.0
4396.87793 0.0
4397.95312 0.0
4399.02686 0.0
4400.10107 0.0
4401.1748 0.0
4402.25 0.0
4403.32422 0.0
4404.39795 0.0
4405.47217 0.0
4406.54688 0.0
4407.62109 0.0
4408.69482 0.0
4409.76904 0.0
4410.84424 0.0
4411.91797 0.0
4412.99219 0.0
4414.06592 0.0
4415.14111 0.0
4416.21484 0.0
4417.28906 0.0
4418.36279 0.0
4419.43799 0.0
4420.51221 0.0
4421.58594 0.0
4422.66016 0.0
4423.73486 0.0
4424.80908 0.0
4425.88281 0.0
4426.95703 0.0
4428.03223 0.0
4429.10596 0.0
4430.18018 0.0
4431.25391 0.0
4432.3291 0.0
4433.40283 0.0
4434.47705 0.0
4435.55078 0.0
4436.62598 0.0
4437.7002 0.0
4438.77393 0.0
4439.84814 0.0
4440.92285 0.0
4441.99707 0.0
4443.0708 0.0
4444.14502 0.0
4445.22022 0.0
4446.29395 0.0
4447.36816 0.0
4448.4419 0.0
4449.51611 0.0
4450.59082 0.0
4451.66504 0.0
4452.73877 0.0
4453.81396 0.0
4454.88818 0.0
4455.96191 0.0
4457.03613 0.0
4458.10986 0.0
4459.18506 0.0
4460.25879 0.0
4461.33301 0.0
4462.4082 0.0
4463.48193 0.0
4464.55615 0.0
4465.62988 0.0
4466.7041 0.0
4467.77881 0.0
4468.85303 0.0
4469.92676 0.0
4471.00195 0.0
4472.07617 0.0
4473.1499 0.0
4474.22412 0.0
4475.29785 0.0
4476.37305 0.0
4477.44678 0.0
4478.521 0.0
4479.59619 0.0
4480.66992 0.0
4481.74414 0.0
4482.81787 0.0
4483.89209 0.0
4484.9668 0.0
4486.04102 0.0
4487.11523 0.0
4488.18994 0.0
4489.26416 0.0
4490.33789 0.0
4491.41211 0.0
4492.48584 0.0
4493.56104 0.0
4494.63477 0.0
4495.70898 0.0
4496.7832 0.0
4497.85791 0.0
4498.93213 0.0
4500.00586 0.0
4501.08105 0.0
4502.15478 0.0
4503.229 0.0
4504.30322 0.0
4505.37695 0.0
4506.45215 0.0
4507.52588 0.0
4508.6001 0.0
4509.67383 0.0
4510.74902 0.0
4511.82324 0.0
4512.89697 0.0
4513.97119 0.0
4515.0459 0.0
4516.12012 0.0
4517.19385 0.0
4518.26807 0.0
4519.34277 0.0
4520.41699 0.0
4521.49121 0.0
4522.56494 0.0
4523.64014 0.0
4524.71387 0.0
4525.78809 0.0
4526.86182 0.0
4527.93701 0.0
4529.01123 0.0
4530.08496 0.0
4531.15918 0.0
4532.23389 0.0
4533.3081 0.0
4534.38184 0.0
4535.45605 0.0
4536.53076 0.0
4537.60498 0.0
4538.6792 0.0
4539.75293 0.0
4540.82812 0.0
4541.90186 0.0
4542.97607 0.0
4544.0498 0.0
4545.125 0.0
4546.19922 0.0
4547.27295 0.0
4548.34717 0.0
4549.42188 0.0
4550.49609 0.0
4551.56982 0.0
4552.64404 0.0
4553.71924 0.0
4554.79297 0.0
4555.86719 0.0
4556.94092 0.0
4558.01611 0.0
4559.08984 0.0
4560.16406 0.0
4561.23779 0.0
4562.31299 0.0
4563.38721 0.0
4564.46094 0.0
4565.53516 0.0
4566.60986 0.0
4567.68408 0.0
4568.75781 0.0
4569.83203 0.0
4570.90723 0.0
4571.98096 0.0
4573.05518 0.0
4574.12891 0.0
4575.2041 0.0
4576.27783 0.0
4577.35205 0.0
4578.42578 0.0
4579.50098 0.0
4580.5752 0.0
4581.64893 0.0
4582.72314 0.0
4583.79785 0.0
4584.87207 0.0
4585.9458 0.0
4587.02002 0.0
4588.09522 0.0
4589.16895 0.0
4590.24316 0.0
4591.3169 0.0
4592.39209 0.0
4593.46582 0.0
4594.54004 0.0
4595.61377 0.0
4596.68896 0.0
4597.76318 0.0
4598.83691 0.0
4599.91113 0.0
4600.98584 0.0
4602.06006 0.0
4603.13379 0.0
4604.20801 0.0
4605.2832 0.0
4606.35693 0.0
4607.43115 0.0
4608.50488 0.0
4609.5791 0.0
4610.65381 0.0
4611.72803 0.0
4612.80176 0.0
4613.87695 0.0
4614.95117 0.0
4616.0249 0.0
4617.09912 0.0
4618.17285 0.0
4619.24805 0.0
4620.32178 0.0
4621.396 0.0
4622.47119 0.0
4623.54492 0.0
4624.61914 0.0
4625.69287 0.0
4626.76709 0.0
4627.8418 0.0
4628.91602 0.0
4629.99023 0.0
4631.06494 0.0
4632.13916 0.0
4633.21289 0.0
4634.28711 0.0
4635.36084 0.0
4636.43604 0.0
4637.50977 0.0
4638.58398 0.0
4639.6582 0.0
4640.73291 0.0
4641.80713 0.0
4642.88086 0.0
4643.95605 0.0
4645.02978 0.0
4646.104 0.0
4647.17822 0.0
4648.25195 0.0
4649.32715 0.0
4650.40088 0.0
4651.4751 0.0
4652.5498 0.0
4653.62402 0.0
4654.69824 0.0
4655.77197 0.0
4656.84619 0.0
4657.9209 0.0
4658.99512 0.0
4660.06885 0.0
4661.14404 0.0
4662.21777 0.0
4663.29199 0.0
4664.36621 0.0
4665.43994 0.0
4666.51514 0.0
4667.58887 0.0
4668.66309 0.0
4669.73682 0.0
4670.81201 0.0
4671.88623 0.0
4672.95996 0.0
4674.03418 0.0
4675.10889 0.0
4676.1831 0.0
4677.25684 0.0
4678.33105 0.0
4679.40576 0.0
4680.47998 0.0
4681.5542 0.0
4682.62793 0.0
4683.70312 0.0
4684.77686 0.0
4685.85107 0.0
4686.9248 0.0
4688.0 0.0
4689.07422 0.0
4690.14795 0.0
4691.22217 0.0
4692.29688 0.0
4693.37109 0.0
4694.44482 0.0
4695.51904 0.0
4696.59424 0.0
4697.66797 0.0
4698.74219 0.0
4699.81592 0.0
4700.89111 0.0
4701.96484 0.0
4703.03906 0.0
4704.11279 0.0
4705.18799 0.0
4706.26221 0.0
4707.33594 0.0
4708.41016 0.0
4709.48486 0.0
4710.55908 0.0
4711.63281 0.0
4712.70703 0.0
4713.78223 0.0
4714.85596 0.0
4715.93018 0.0
4717.00391 0.0
4718.0791 0.0
4719.15283 0.0
4720.22705 0.0
4721.30078 0.0
4722.37598 0.0
4723.4502 0.0
4724.52393 0.0
4725.59814 0.0
4726.67285 0.0
4727.74707 0.0
4728.8208 0.0
4729.89502 0.0
4730.97022 0.0
4732.04395 0.0
4733.11816 0.0
4734.1919 0.0
4735.26709 0.0
4736.34082 0.0
4737.41504 0.0
4738.48877 0.0
4739.56396 0.0
4740.63818 0.0
4741.71191 0.0
4742.78613 0.0
4743.86084 0.0
4744.93506 0.0
4746.00879 0.0
4747.08301 0.0
4748.1582 0.0
4749.23193 0.0
4750.30615 0.0
4751.37988 0.0
4752.45508 0.0
4753.52881 0.0
4754.60303 0.0
4755.67676 0.0
4756.75195 0.0
4757.82617 0.0
4758.8999 0.0
4759.97412 0.0
4761.04883 0.0
4762.12305 0.0
4763.19678 0.0
4764.271 0.0
4765.34619 0.0
4766.41992 0.0
4767.49414 0.0
4768.56787 0.0
4769.64209 0.0
4770.7168 0.0
4771.79102 0.0
4772.86523 0.0
4773.93994 0.0
4775.01416 0.0
4776.08789 0.0
4777.16211 0.0
4778.23584 0.0
4779.31104 0.0
4780.38477 0.0
4781.45898 0.0
4782.5332 0.0
4783.60791 0.0
4784.68213 0.0
4785.75586 0.0
4786.83105 0.0
4787.90478 0.0
4788.979 0.0
4790.05322 0.0
4791.12695 0.0
4792.20215 0.0
4793.27588 0.0
4794.3501 0.0
4795.4248 0.0
4796.49902 0.0
4797.57324 0.0
4798.64697 0.0
4799.72119 0.0
4800.7959 0.0
4801.87012 0.0
4802.94385 0.0
4804.01904 0.0
4805.09277 0.0
4806.16699 0.0
4807.24121 0.0
4808.31494 0.0
4809.39014 0.0
4810.46387 0.0
4811.53809 0.0
4812.61279 0.0
4813.68701 0.0
4814.76123 0.0
4815.83496 0.0
4816.90918 0.0
4817.98389 0.0
4819.0581 0.0
4820.13184 0.0
4821.20703 0.0
4822.28076 0.0
4823.35498 0.0
4824.4292 0.0
4825.50293 0.0
4826.57812 0.0
4827.65186 0.0
4828.72607 0.0
4829.7998 0.0
4830.875 0.0
4831.94922 0.0
4833.02295 0.0
4834.09717 0.0
4835.17188 0.0
4836.24609 0.0
4837.31982 0.0
4838.39404 0.0
4839.46924 0.0
4840.54297 0.0
4841.61719 0.0
4842.69092 0.0
4843.76611 0.0
4844.83984 0.0
4845.91406 0.0
4846.98779 0.0
4848.06299 0.0
4849.13721 0.0
4850.21094 0.0
4851.28516 0.0
4852.35986 0.0
4853.43408 0.0
4854.50781 0.0
4855.58203 0.0
4856.65723 0.0
4857.73096 0.0
4858.80518 0.0
4859.87891 0.0
4860.9541 0.0
4862.02783 0.0
4863.10205 0.0
4864.17578 0.0
4865.25098 0.0
4866.3252 0.0
4867.39893 0.0
4868.47314 0.0
4869.54785 0.0
4870.62207 0.0
4871.6958 0.0
4872.77002 0.0
4873.84522 0.0
4874.91895 0.0
4875.99316 0.0
4877.0669 0.0
4878.14209 0.0
4879.21582 0.0
4880.29004 0.0
4881.36377 0.0
4882.43896 0.0
4883.51318 0.0
4884.58691 0.0
4885.66113 0.0
4886.73584 0.0
4887.81006 0.0
4888.88379 0.0
4889.95801 0.0
4891.0332 0.0
4892.10693 0.0
4893.18115 0.0
4894.25488 0.0
4895.33008 0.0
4896.40381 0.0
4897.47803 0.0
4898.55176 0.0
4899.62695 0.0
4900.70117 0.0
4901.7749 0.0
4902.84912 0.0
4903.92383 0.0
4904.99805 0.0
4906.07178 0.0
4907.146 0.0
4908.22119 0.0
4909.29492 0.0
4910.36914 0.0
4911.44287 0.0
4912.51807 0.0
4913.5918 0.0
4914.66602 0.0
4915.74023 0.0
4916.81494 0.0
4917.88916 0.0
4918.96289 0.0
4920.03711 0.0
4921.11182 0.0
4922.18604 0.0
4923.25977 0.0
4924.33398 0.0
4925.4082 0.0
4926.48291 0.0
4927.55713 0.0
4928.63086 0.0
4929.70605 0.0
4930.77978 0.0
4931.854 0.0
4932.92822 0.0
4934.00195 0.0
4935.07715 0.0
4936.15088 0.0
4937.2251 0.0
4938.2998 0.0
4939.37402 0.0
4940.44824 0.0
4941.52197 0.0
4942.59619 0.0
4943.6709 0.0
4944.74512 0.0
4945.81885 0.0
4946.89404 0.0
4947.96777 0.0
4949.04199 0.0
4950.11621 0.0
4951.18994 0.0
4952.26514 0.0
4953.33887 0.0
4954.41309 0.0
4955.48779 0.0
4956.56201 0.0
4957.63623 0.0
4958.70996 0.0
4959.78418 0.0
4960.85889 0.0
4961.9331 0.0
4963.00684 0.0
4964.08203 0.0
4965.15576 0.0
4966.22998 0.0
4967.3042 0.0
4968.37793 0.0
4969.45312 0.0
4970.52686 0.0
4971.60107 0.0
4972.67578 0.0
4973.75 0.0
4974.82422 0.0
4975.89795 0.0
4976.97217 0.0
4978.04688 0.0
4979.12109 0.0
4980.19482 0.0
4981.27002 0.0
4982.34424 0.0
4983.41797 0.0
4984.49219 0.0
4985.56592 0.0
4986.64111 0.0
4987.71484 0.0
4988.78906 0.0
4989.86279 0.0
4990.93799 0.0
4992.01221 0.0
4993.08594 0.0
4994.16016 0.0
4995.23486 0.0
4996.30908 0.0
4997.38281 0.0
4998.45703 0.0
4999.53223 0.0
5000.60596 0.0
5001.68018 0.0
5002.75391 0.0
5003.8291 0.0
5004.90283 0.0
5005.97705 0.0
5007.05078 0.0
5008.12598 0.0
5009.2002 0.0
5010.27393 0.0
5011.34814 0.0
5012.42285 0.0
5013.49707 0.0
5014.5708 0.0
5015.64502 0.0
5016.72022 0.0
5017.79395 0.0
5018.86816 0.0
5019.9419 0.0
5021.01709 0.0
5022.09082 0.0
5023.16504 0.0
5024.23877 0.0
5025.31396 0.0
5026.38818 0.0
5027.46191 0.0
5028.53613 0.0
5029.61084 0.0
5030.68506 0.0
5031.75879 0.0
5032.83301 0.0
5033.9082 0.0
5034.98193 0.0
5036.05615 0.0
5037.12988 0.0
5038.20508 0.0
5039.27881 0.0
5040.35303 0.0
5041.42676 0.0
5042.50195 0.0
5043.57617 0.0
5044.6499 0.0
5045.72412 0.0
5046.79883 0.0
5047.87305 0.0
5048.94678 0.0
5050.021 0.0
5051.09619 0.0
5052.16992 0.0
5053.24414 0.0
5054.31787 0.0
5055.39307 0.0
5056.4668 0.0
5057.54102 0.0
5058.61523 0.0
5059.68994 0.0
5060.76416 0.0
5061.83789 0.0
5062.91211 0.0
5063.98682 0.0
5065.06104 0.0
5066.13477 0.0
5067.20898 0.0
5068.28418 0.0
5069.35791 0.0
5070.43213 0.0
5071.50586 0.0
5072.58105 0.0
5073.65478 0.0
5074.729 0.0
5075.80322 0.0
5076.87793 0.0
5077.95215 0.0
5079.02588 0.0
5080.1001 0.0
5081.1748 0.0
5082.24902 0.0
5083.32324 0.0
5084.39697 0.0
5085.47119 0.0
5086.5459 0.0
5087.62012 0.0
5088.69385 0.0
5089.76904 0.0
5090.84277 0.0
5091.91699 0.0
5092.99121 0.0
5094.06494 0.0
5095.14014 0.0
5096.21387 0.0
5097.28809 0.0
5098.36279 0.0
5099.43701 0.0
5100.51123 0.0
5101.58496 0.0
5102.65918 0.0
5103.73389 0.0
5104.8081 0.0
5105.88184 0.0
5106.95703 0.0
5108.03076 0.0
5109.10498 0.0
5110.1792 0.0
5111.25293 0.0
5112.32812 0.0
5113.40186 0.0
5114.47607 0.0
5115.55078 0.0
5116.625 0.0
5117.69922 0.0
5118.77295 0.0
5119.84717 0.0
5120.92188 0.0
5121.99609 0.0
5123.06982 0.0
5124.14502 0.0
5125.21924 0.0
5126.29297 0.0
5127.36719 0.0
5128.44092 0.0
5129.51611 0.0
5130.58984 0.0
5131.66406 0.0
5132.73877 0.0
5133.81299 0.0
5134.88721 0.0
5135.96094 0.0
5137.03516 0.0
5138.10986 0.0
5139.18408 0.0
5140.25781 0.0
5141.33301 0.0
5142.40723 0.0
5143.48096 0.0
5144.55518 0.0
5145.62891 0.0
5146.7041 0.0
5147.77783 0.0
5148.85205 0.0
5149.92578 0.0
5151.00098 0.0
5152.0752 0.0
5153.14893 0.0
5154.22314 0.0
5155.29785 0.0
5156.37207 0.0
5157.4458 0.0
5158.52002 0.0
5159.59522 0.0
5160.66895 0.0
5161.74316 0.0
5162.8169 0.0
5163.89209 0.0
5164.96582 0.0
5166.04004 0.0
5167.11377 0.0
5168.18896 0.0
5169.26318 0.0
5170.33691 0.0
5171.41113 0.0
5172.48584 0.0
5173.56006 0.0
5174.63379 0.0
5175.70801 0.0
5176.7832 0.0
5177.85693 0.0
5178.93115 0.0
5180.00488 0.0
5181.08008 0.0
5182.15381 0.0
5183.22803 0.0
5184.30176 0.0
5185.37695 0.0
5186.45117 0.0
5187.5249 0.0
5188.59912 0.0
5189.67383 0.0
5190.74805 0.0
5191.82178 0.0
5192.896 0.0
5193.97119 0.0
5195.04492 0.0
5196.11914 0.0
5197.19287 0.0
5198.26807 0.0
5199.3418 0.0
5200.41602 0.0
5201.49023 0.0
5202.56494 0.0
5203.63916 0.0
5204.71289 0.0
5205.78711 0.0
5206.86182 0.0
5207.93604 0.0
5209.00977 0.0
5210.08398 0.0
5211.15918 0.0
5212.23291 0.0
5213.30713 0.0
5214.38086 0.0
5215.45605 0.0
5216.52978 0.0
5217.604 0.0
5218.67822 0.0
5219.75293 0.0
5220.82715 0.0
5221.90088 0.0
5222.9751 0.0
5224.0498 0.0
5225.12402 0.0
5226.19824 0.0
5227.27197 0.0
5228.34717 0.0
5229.4209 0.0
5230.49512 0.0
5231.56885 0.0
5232.64404 0.0
5233.71777 0.0
5234.79199 0.0
5235.86621 0.0
5236.94092 0.0
5238.01514 0.0
5239.08887 0.0
5240.16309 0.0
5241.23779 0.0
5242.31201 0.0
5243.38623 0.0
5244.45996 0.0
5245.53418 0.0
5246.60889 0.0
5247.6831 0.0
5248.75684 0.0
5249.83203 0.0
5250.90576 0.0
5251.97998 0.0
5253.0542 0.0
5254.12793 0.0
5255.20312 0.0
5256.27686 0.0
5257.35107 0.0
5258.42578 0.0
5259.5 0.0
5260.57422 0.0
5261.64795 0.0
5262.72217 0.0
5263.79688 0.0
5264.87109 0.0
5265.94482 0.0
5267.02002 0.0
5268.09424 0.0
5269.16797 0.0
5270.24219 0.0
5271.31592 0.0
5272.39111 0.0
5273.46484 0.0
5274.53906 0.0
5275.61377 0.0
5276.68799 0.0
5277.76221 0.0
5278.83594 0.0
5279.91016 0.0
5280.98486 0.0
5282.05908 0.0
5283.13281 0.0
5284.20801 0.0
5285.28223 0.0
5286.35596 0.0
5287.43018 0.0
5288.50488 0.0
5289.5791 0.0
5290.65283 0.0
5291.72705 0.0
5292.80078 0.0
5293.87598 0.0
5294.9502 0.0
5296.02393 0.0
5297.09912 0.0
5298.17285 0.0
5299.24707 0.0
5300.3208 0.0
5301.39502 0.0
5302.47022 0.0
5303.54395 0.0
5304.61816 0.0
5305.6919 0.0
5306.76709 0.0
5307.84082 0.0
5308.91504 0.0
5309.98877 0.0
5311.06396 0.0
5312.13818 0.0
5313.21191 0.0
5314.28613 0.0
5315.36084 0.0
5316.43506 0.0
5317.50879 0.0
5318.58301 0.0
5319.6582 0.0
5320.73193 0.0
5321.80615 0.0
5322.87988 0.0
5323.95508 0.0
5325.02881 0.0
5326.10303 0.0
5327.17676 0.0
5328.25195 0.0
5329.32617 0.0
5330.3999 0.0
5331.47412 0.0
5332.54883 0.0
5333.62305 0.0
5334.69678 0.0
5335.771 0.0
5336.84619 0.0
5337.91992 0.0
5338.99414 0.0
5340.06787 0.0
5341.14307 0.0
5342.2168 0.0
5343.29102 0.0
5344.36523 0.0
5345.43994 0.0
5346.51416 0.0
5347.58789 0.0
5348.66211 0.0
5349.73682 0.0
5350.81104 0.0
5351.88477 0.0
5352.95898 0.0
5354.03418 0.0
5355.10791 0.0
5356.18213 0.0
5357.25586 0.0
5358.33105 0.0
5359.40478 0.0
5360.479 0.0
5361.55322 0.0
5362.62793 0.0
5363.70215 0.0
5364.77588 0.0
5365.8501 0.0
5366.9248 0.0
5367.99902 0.0
5369.07324 0.0
5370.14697 0.0
5371.22217 0.0
5372.2959 0.0
5373.37012 0.0
5374.44385 0.0
5375.51904 0.0
5376.59277 0.0
5377.66699 0.0
5378.74121 0.0
5379.81592 0.0
5380.89014 0.0
5381.96387 0.0
5383.03809 0.0
5384.11279 0.0
5385.18701 0.0
5386.26123 0.0
5387.33496 0.0
5388.41016 0.0
5389.48389 0.0
5390.5581 0.0
5391.63184 0.0
5392.70703 0.0
5393.78076 0.0
5394.85498 0.0
5395.9292 0.0
5397.00391 0.0
5398.07812 0.0
5399.15186 0.0
5400.22607 0.0
5401.30078 0.0
5402.375 0.0
5403.44922 0.0
5404.52295 0.0
5405.59717 0.0
5406.67188 0.0
5407.74609 0.0
5408.81982 0.0
5409.89502 0.0
5410.96924 0.0
5412.04297 0.0
5413.11719 0.0
5414.19092 0.0
5415.26611 0.0
5416.33984 0.0
5417.41406 0.0
5418.48877 0.0
5419.56299 0.0
5420.63721 0.0
5421.71094 0.0
5422.78516 0.0
5423.85986 0.0
5424.93408 0.0
5426.00781 0.0
5427.08301 0.0
5428.15723 0.0
5429.23096 0.0
5430.30518 0.0
5431.37988 0.0
5432.4541 0.0
5433.52783 0.0
5434.60205 0.0
5435.67578 0.0
5436.75098 0.0
5437.8252 0.0
5438.89893 0.0
5439.97412 0.0
5441.04785 0.0
5442.12207 0.0
5443.1958 0.0
5444.27002 0.0
5445.34522 0.0
5446.41894 0.0
5447.49316 0.0
5448.56787 0.0
5449.64209 0.0
5450.71582 0.0
5451.79004 0.0
5452.86377 0.0
5453.93896 0.0
5455.01318 0.0
5456.08691 0.0
5457.16211 0.0
5458.23584 0.0
5459.31006 0.0
5460.38379 0.0
5461.45801 0.0
5462.5332 0.0
5463.60693 0.0
5464.68115 0.0
5465.75488 0.0
5466.83008 0.0
5467.90381 0.0
5468.97803 0.0
5470.05176 0.0
5471.12695 0.0
5472.20117 0.0
5473.2749 0.0
5474.34912 0.0
5475.42383 0.0
5476.49805 0.0
5477.57178 0.0
5478.646 0.0
5479.72119 0.0
5480.79492 0.0
5481.86914 0.0
5482.94287 0.0
5484.01807 0.0
5485.0918 0.0
5486.16602 0.0
5487.24023 0.0
5488.31494 0.0
5489.38916 0.0
5490.46289 0.0
5491.53711 0.0
5492.61182 0.0
5493.68604 0.0
5494.75977 0.0
5495.83398 0.0
5496.90918 0.0
5497.98291 0.0
5499.05713 0.0
5500.13086 0.0
5501.20606 0.0
5502.27978 0.0
5503.354 0.0
5504.42822 0.0
5505.50293 0.0
5506.57715 0.0
5507.65088 0.0
5508.7251 0.0
5509.7998 0.0
5510.87402 0.0
5511.94824 0.0
5513.02197 0.0
5514.09717 0.0
5515.1709 0.0
5516.24512 0.0
5517.31885 0.0
5518.39404 0.0
5519.46777 0.0
5520.54199 0.0
5521.61621 0.0
5522.69092 0.0
5523.76514 0.0
5524.83887 0.0
5525.91309 0.0
5526.98779 0.0
5528.06201 0.0
5529.13623 0.0
5530.20996 0.0
5531.28516 0.0
5532.35889 0.0
5533.4331 0.0
5534.50684 0.0
5535.58203 0.0
5536.65576 0.0
5537.72998 0.0
5538.8042 0.0
5539.87891 0.0
5540.95312 0.0
5542.02686 0.0
5543.10107 0.0
5544.17578 0.0
5545.25 0.0
5546.32422 0.0
5547.39795 0.0
5548.47314 0.0
5549.54688 0.0
5550.62109 0.0
5551.69482 0.0
5552.77002 0.0
5553.84424 0.0
5554.91797 0.0
5555.99219 0.0
5557.0669 0.0
5558.14111 0.0
5559.21484 0.0
5560.28906 0.0
5561.36377 0.0
5562.43799 0.0
5563.51221 0.0
5564.58594 0.0
5565.66016 0.0
5566.73486 0.0
5567.80908 0.0
5568.88281 0.0
5569.95801 0.0
5571.03223 0.0
5572.10596 0.0
5573.18018 0.0
5574.25488 0.0
5575.3291 0.0
5576.40283 0.0
5577.47705 0.0
5578.55078 0.0
5579.62598 0.0
5580.7002 0.0
5581.77393 0.0
5582.84912 0.0
5583.92285 0.0
5584.99707 0.0
5586.0708 0.0
5587.14502 0.0
5588.22022 0.0
5589.29394 0.0
5590.36816 0.0
5591.44287 0.0
5592.51709 0.0
5593.59082 0.0
5594.66504 0.0
5595.73877 0.0
5596.81396 0.0
5597.88818 0.0
5598.96191 0.0
5600.03711 0.0
5601.11084 0.0
5602.18506 0.0
5603.25879 0.0
5604.33301 0.0
5605.4082 0.0
5606.48193 0.0
5607.55615 0.0
5608.63086 0.0
5609.70508 0.0
5610.77881 0.0
5611.85303 0.0
5612.92676 0.0
5614.00195 0.0
5615.07617 0.0
5616.1499 0.0
5617.2251 0.0
5618.29883 0.0
5619.37305 0.0
5620.44678 0.0
5621.521 0.0
5622.59619 0.0
5623.66992 0.0
5624.74414 0.0
5625.81787 0.0
5626.89307 0.0
5627.9668 0.0
5629.04102 0.0
5630.11523 0.0
5631.18994 0.0
5632.26416 0.0
5633.33789 0.0
5634.41211 0.0
5635.48682 0.0
5636.56104 0.0
5637.63477 0.0
5638.70898 0.0
5639.78418 0.0
5640.85791 0.0
5641.93213 0.0
5643.00586 0.0
5644.08106 0.0
5645.15478 0.0
5646.229 0.0
5647.30322 0.0
5648.37793 0.0
5649.45215 0.0
5651.229 0.0
5652.76416 0.0
5654.29883 0.0
5655.83301 0.0
5657.36816 0.0
5658.90186 0.0
5660.43701 0.0
5661.97217 0.0
5663.50586 0.0
5665.04102 0.0
5666.5752 0.0
5668.10986 0.0
5669.64502 0.0
5671.1792 0.0
5672.71387 0.0
5674.24805 0.0
5675.7832 0.0
5677.31787 0.0
5678.85205 0.0
5680.38721 0.0
5681.92188 0.0
5683.45606 0.0
5684.99121 0.0
5686.5249 0.0
5688.06006 0.0
5689.59522 0.0
5691.12891 0.0
5692.66406 0.0
5694.19922 0.0
5695.73291 0.0
5697.26807 0.0
5698.80176 0.0
5700.33691 0.0
5701.87207 0.0
5703.40576 0.0
5704.94092 0.0
5706.4751 0.0
5708.00977 0.0
5709.54492 0.0
5711.0791 0.0
5712.61377 0.0
5714.14893 0.0
5715.6831 0.0
5717.21777 0.0
5718.75195 0.0
5720.28711 0.0
5721.82178 0.0
5723.35596 0.0
5724.89111 0.0
5726.4248 0.0
5727.95996 0.0
5729.49512 0.0
5731.02881 0.0
5732.56396 0.0
5734.09814 0.0
5735.63281 0.0
5737.16797 0.0
5738.70215 0.0
5740.23682 0.0
5741.771 0.0
5743.30615 0.0
5744.84082 0.0
5746.375 0.0
5747.91016 0.0
5749.44482 0.0
5750.979 0.0
5752.51416 0.0
5754.04785 0.0
5755.58301 0.0
5757.11816 0.0
5758.65186 0.0
5760.18701 0.0
5761.72119 0.0
5763.25586 0.0
5764.79102 0.0
5766.3252 0.0
5767.85986 0.0
5769.39502 0.0
5770.9292 0.0
5772.46387 0.0
5773.99805 0.0
5775.5332 0.0
5777.06787 0.0
5778.60205 0.0
5780.13721 0.0
5781.6709 0.0
5783.20606 0.0
5784.74121 0.0
5786.2749 0.0
5787.81006 0.0
5789.34522 0.0
5790.87891 0.0
5792.41406 0.0
5793.94824 0.0
5795.48291 0.0
5797.01709 0.0
5798.55176 0.0
5800.08691 0.0
5801.62109 0.0
5803.15576 0.0
5804.69092 0.0
5806.2251 0.0
5807.75977 0.0
5809.29394 0.0
5810.8291 0.0
5812.36377 0.0
5813.89795 0.0
5815.4331 0.0
5816.9668 0.0
5818.50195 0.0
5820.03711 0.0
5821.5708 0.0
5823.10596 0.0
5824.64111 0.0
5826.1748 0.0
5827.70996 0.0
5829.24414 0.0
5830.77881 0.0
5832.31396 0.0
5833.84814 0.0
5835.38281 0.0
5836.91699 0.0
5838.45215 0.0
5839.98682 0.0
5841.521 0.0
5843.05615 0.0
5844.59082 0.0
5846.125 0.0
5847.66016 0.0
5849.19385 0.0
5850.729 0.0
5852.26416 0.0
5853.79785 0.0
5855.33301 0.0
5856.86719 0.0
5858.40186 0.0
5859.93701 0.0
5861.47119 0.0
5863.00586 0.0
5864.54102 0.0
5866.0752 0.0
5867.60986 0.0
5869.14404 0.0
5870.6792 0.0
5872.21387 0.0
5873.74805 0.0
5875.2832 0.0
5876.8169 0.0
5878.35205 0.0
5879.88721 0.0
5881.4209 0.0
5882.95606 0.0
5884.49023 0.0
5886.0249 0.0
5887.56006 0.0
5889.09424 0.0
5890.62891 0.0
5892.16309 0.0
5893.69824 -0.0
5895.23291 -0.0
5896.76709 0.0
5898.30176 0.0
5899.83691 0.0
5901.37109 0.0
5902.90576 0.0
5904.43994 0.0
5905.9751 0.0
5907.50977 0.0
5909.04394 0.0
5910.5791 0.0
5912.11377 0.0
5913.64795 0.0
5915.1831 0.0
5916.7168 0.0
5918.25195 0.0
5919.78711 0.0
5921.3208 0.0
5922.85596 0.0
5924.39014 0.0
5925.9248 0.0
5927.45996 0.0
5928.99414 0.0
5930.52881 0.0
5932.06299 0.0
5933.59814 0.0
5935.13281 0.0
5936.66699 0.0
5938.20215 0.0
5939.73584 0.0
5941.271 0.0
5942.80615 0.0
5944.33984 0.0
5945.875 0.0
5947.41016 0.0
5948.94385 0.0
5950.479 0.0
5952.01318 0.0
5953.54785 0.0
5955.08301 0.0
5956.61719 0.0
5958.15186 0.0
5959.68604 0.0
5961.22119 0.0
5962.75586 0.0
5964.29004 0.0
5965.8252 0.0
5967.35889 0.0
5968.89404 0.0
5970.4292 0.0
5971.96289 0.0
5973.49805 0.0
5975.0332 0.0
5976.5669 0.0
5978.10205 0.0
5979.63623 0.0
5981.1709 0.0
5982.70606 0.0
5984.24023 0.0
5985.7749 0.0
5987.31006 0.0
5988.84424 0.0
5990.37891 0.0
5991.91309 0.0
5993.44824 0.0
5994.98291 0.0
5996.51709 0.0
5998.05176 0.0
5999.58594 0.0
6001.12109 0.0
6002.65576 0.0
6004.18994 0.0
6005.7251 0.0
6007.25977 0.0
6008.79394 0.0
6010.3291 0.0
6011.86279 0.0
6013.39795 0.0
6014.93213 0.0
6016.4668 0.0
6018.00195 0.0
6019.53613 0.0
6021.0708 0.0
6022.60596 0.0
6024.14014 0.0
6025.6748 0.0
6027.20898 0.0
6028.74414 0.0
6030.27881 0.0
6031.81299 0.0
6033.34814 0.0
6034.88184 0.0
6036.41699 0.0
6037.95215 0.0
6039.48584 0.0
6041.021 0.0
6042.55615 0.0
6044.08984 0.0
6045.625 0.0
6047.15918 0.0
6048.69385 0.0
6050.229 0.0
6051.76318 0.0
6053.29785 0.0
6054.83203 0.0
6056.36719 0.0
6057.90186 0.0
6059.43604 0.0
6060.97119 0.0
6062.50586 0.0
6064.04004 0.0
6065.5752 0.0
6067.10889 0.0
6068.64404 0.0
6070.1792 0.0
6071.71289 0.0
6073.24805 0.0
6074.78223 0.0
6076.3169 0.0
6077.85205 0.0
6079.38623 0.0
6080.9209 0.0
6082.45606 0.0
6083.99023 0.0
6085.5249 0.0
6087.05908 0.0
6088.59424 0.0
6090.12793 0.0
6091.66309 0.0
6093.19824 0.0
6094.73193 0.0
6096.26709 0.0
6097.80176 0.0
6099.33594 0.0
6100.87109 0.0
6102.40478 0.0
6103.93994 0.0
6105.4751 0.0
6107.00879 0.0
6108.54394 0.0
6110.07812 0.0
6111.61279 0.0
6113.14795 0.0
6114.68213 0.0
6116.2168 0.0
6117.75195 0.0
6119.28613 0.0
6120.8208 0.0
6122.35498 0.0
6123.89014 0.0
6125.4248 0.0
6126.95898 0.0
6128.49414 0.0
6130.02881 0.0
6131.56299 0.0
6133.09814 0.0
6134.63184 0.0
6136.16699 0.0
6137.70215 0.0
6139.23584 0.0
6140.771 0.0
6142.30518 0.0
6143.83984 0.0
6145.375 0.0
6146.90918 0.0
6148.44385 0.0
6149.97803 0.0
6151.51318 0.0
6153.04785 0.0
6154.58203 0.0
6156.11719 0.0
6157.65088 0.0
6159.18604 0.0
6160.72119 0.0
6162.25488 0.0
6163.79004 0.0
6165.32422 0.0
6166.85889 0.0
6168.39404 0.0
6169.92822 0.0
6171.46289 0.0
6172.99805 0.0
6174.53223 0.0
6176.0669 0.0
6177.60107 0.0
6179.13623 0.0
6180.6709 0.0
6182.20508 0.0
6183.74023 0.0
6185.2749 0.0
6186.80908 0.0
6188.34424 0.0
6189.87793 0.0
6191.41309 0.0
6192.94824 0.0
6194.48193 0.0
6196.01709 0.0
6197.55078 0.0
6199.08594 0.0
6200.62109 0.0
6202.15478 0.0
6203.68994 0.0
6205.2251 0.0
6206.75879 0.0
6208.29394 0.0
6209.82812 0.0
6211.36279 0.0
6212.89795 0.0
6214.43213 0.0
6215.9668 0.0
6217.50098 0.0
6219.03613 0.0
6220.5708 0.0
6222.10498 0.0
6223.64014 0.0
6225.17383 0.0
6226.70898 0.0
6228.24414 0.0
6229.77783 0.0
6231.31299 0.0
6232.84717 0.0
6234.38184 0.0
6235.91699 0.0
6237.45117 0.0
6238.98584 0.0
6240.521 0.0
6242.05518 0.0
6243.58984 0.0
6245.12402 0.0
6246.65918 0.0
6248.19385 0.0
6249.72803 0.0
6251.26318 0.0
6252.79688 0.0
6254.33203 0.0
6255.86719 0.0
6257.40088 0.0
6258.93604 0.0
6260.47119 0.0
6262.00488 0.0
6263.54004 0.0
6265.07422 0.0
6266.60889 0.0
6268.14404 0.0
6269.67822 0.0
6271.21289 0.0
6272.74707 0.0
6274.28223 0.0
6275.8169 0.0
6277.35107 0.0
6278.88623 0.0
6280.4209 0.0
6281.95508 0.0
6283.49023 0.0
6285.02393 0.0
6286.55908 0.0
6288.09277 0.0
6289.62793 0.0
6291.16309 0.0
6292.69678 0.0
6294.23193 0.0
6295.76709 0.0
6297.30078 0.0
6298.83594 0.0
6300.37012 0.0
6301.90478 0.0
6303.43994 0.0
6304.97412 0.0
6306.50879 0.0
6308.04297 0.0
6309.57812 0.0
6311.11279 0.0
6312.64697 0.0
6314.18213 0.0
6315.7168 0.0
6317.25098 0.0
6318.78613 0.0
6320.31982 0.0
6321.85498 0.0
6323.39014 0.0
6324.92383 0.0
6326.45898 0.0
6327.99316 0.0
6329.52783 0.0
6331.06299 0.0
6332.59717 0.0
6334.13184 0.0
6335.66699 0.0
6337.20117 0.0
6338.73584 0.0
6340.27002 0.0
6341.80518 0.0
6343.33984 0.0
6344.87402 0.0
6346.40918 0.0
6347.94287 0.0
6349.47803 0.0
6351.01318 0.0
6352.54688 0.0
6354.08203 0.0
6355.61719 0.0
6357.15088 0.0
6358.68604 0.0
6360.22022 0.0
6361.75488 0.0
6363.29004 0.0
6364.82422 0.0
6366.35889 0.0
6367.89307 0.0
6369.42822 0.0
6370.96289 0.0
6372.49707 0.0
6374.03223 0.0
6375.56592 0.0
6377.10107 0.0
6378.63623 0.0
6380.16992 0.0
6381.70508 0.0
6383.23877 0.0
6384.77393 0.0
6386.30908 0.0
6387.84277 0.0
6389.37793 0.0
6390.91309 0.0
6392.44678 0.0
6393.98193 0.0
6395.51611 0.0
6397.05078 0.0
6398.58594 0.0
6400.12012 0.0
6401.65478 0.0
6403.18994 0.0
6404.72412 0.0
6406.25879 0.0
6407.79297 0.0
6409.32812 0.0
6410.86279 0.0
6412.39697 0.0
6413.93213 0.0
6415.46582 0.0
6417.00098 0.0
6418.53613 0.0
6420.06982 0.0
6421.60498 0.0
6423.14014 0.0
6424.67383 0.0
6426.20898 0.0
6427.74316 0.0
6429.27783 0.0
6430.81201 0.0
6432.34717 0.0
6433.88184 0.0
6435.41602 0.0
6436.95117 0.0
6438.48584 0.0
6440.02002 0.0
6441.55518 0.0
6443.08887 0.0
6444.62402 0.0
6446.15918 0.0
6447.69287 0.0
6449.22803 0.0
6450.76221 0.0
6452.29688 0.0
6453.83203 0.0
6455.36621 0.0
6456.90088 0.0
6458.43506 0.0
6459.97022 0.0
6461.50488 0.0
6463.03906 0.0
6464.57422 0.0
6466.10889 0.0
6467.64307 0.0
6469.17822 0.0
6470.71191 0.0
6472.24707 0.0
6473.78223 0.0
6475.31592 0.0
6476.85107 0.0
6478.38623 0.0
6479.91992 0.0
6481.45508 0.0
6482.98877 0.0
6484.52393 0.0
6486.05908 0.0
6487.59277 0.0
6489.12793 0.0
6490.66211 0.0
6492.19678 0.0
6493.73193 0.0
6495.26611 0.0
6496.80078 0.0
6498.33594 0.0
6499.87012 0.0
6501.40478 0.0
6502.93896 0.0
6504.47412 0.0
6506.00781 0.0
6507.54297 0.0
6509.07812 0.0
6510.61182 0.0
6512.14697 0.0
6513.68213 0.0
6515.21582 0.0
6516.75098 0.0
6518.28516 0.0
6519.81982 0.0
6521.35498 0.0
6522.88916 0.0
6524.42383 0.0
6525.95801 0.0
6527.49316 0.0
6529.02783 0.0
6530.56201 0.0
6532.09717 0.0
6533.63184 0.0
6535.16602 0.0
6536.70117 0.0
6538.23486 0.0
6539.77002 0.0
6541.30518 0.0
6542.83887 0.0
6544.37402 0.0
6545.9082 0.0
6547.44287 0.0
6548.97803 0.0
6550.51221 0.0
6552.04688 0.0
6553.58203 0.0
6555.11621 0.0
6556.65088 0.0
6558.18506 0.0
6559.72022 0.0
6561.25488 0.0
6562.78906 0.0
6564.32422 0.0
6565.85791 0.0
6567.39307 0.0
6568.92822 0.0
6570.46191 0.0
6571.99707 0.0
6573.53223 0.0
6575.06592 0.0
6576.60107 0.0
6578.13477 0.0
6579.66992 0.0
6581.2041 0.0
6582.73877 0.0
6584.27393 0.0
6585.8081 0.0
6587.34277 0.0
6588.87793 0.0
6590.41211 0.0
6591.94678 0.0
6593.48096 0.0
6595.01611 0.0
6596.55078 0.0
6598.08496 0.0
6599.62012 0.0
6601.15381 0.0
6602.68896 0.0
6604.22412 0.0
6605.75781 0.0
6607.29297 0.0
6608.82812 0.0
6610.36182 0.0
6611.89697 0.0
6613.43115 0.0
6614.96582 0.0
6616.50098 0.0
6618.03516 0.0
6619.56982 0.0
6621.10498 0.0
6622.63916 0.0
6624.17383 0.0
6625.70801 0.0
6627.24316 0.0
6628.77783 0.0
6630.31201 0.0
6631.84717 0.0
6633.38086 0.0
6634.91602 0.0
6636.45117 0.0
6637.98486 0.0
6639.52002 0.0
6641.0542 0.0
6642.58887 0.0
6644.12402 0.0
6645.6582 0.0
6647.19287 0.0
6648.72705 0.0
6650.26221 0.0
6651.79688 0.0
6653.33106 0.0
6654.86621 0.0
6656.40088 0.0
6657.93506 0.0
6659.47022 0.0
6661.00391 0.0
6662.53906 0.0
6664.07422 0.0
6665.60791 0.0
6667.14307 0.0
6668.67676 0.0
6670.21191 0.0
6671.74707 0.0
6673.28076 0.0
6674.81592 0.0
6676.3501 0.0
6677.88477 0.0
6679.41992 0.0
6680.9541 0.0
6682.48877 0.0
6684.02393 0.0
6685.5581 0.0
6687.09277 0.0
6688.62695 0.0
6690.16211 0.0
6691.69678 0.0
6693.23096 0.0
6694.76611 0.0
6696.30078 0.0
6697.83496 0.0
6699.37012 0.0
6700.90381 0.0
6702.43896 0.0
6703.97412 0.0
6705.50781 0.0
6707.04297 0.0
6708.57715 0.0
6710.11182 0.0
6711.64697 0.0
6713.18115 0.0
6714.71582 0.0
6716.25 0.0
6717.78516 0.0
6719.31982 0.0
6720.854 0.0
6722.38916 0.0
6723.92285 0.0
6725.45801 0.0
6726.99316 0.0
6728.52686 0.0
6730.06201 0.0
6731.59717 0.0
6733.13086 0.0
6734.66602 0.0
6736.2002 0.0
6737.73486 0.0
6739.27002 0.0
6740.8042 0.0
6742.33887 0.0
6743.87305 0.0
6745.4082 0.0
6746.94287 0.0
6748.47705 0.0
6750.01221 0.0
6751.54688 0.0
6753.08106 0.0
6754.61621 0.0
6756.1499 0.0
6757.68506 0.0
6759.22022 0.0
6760.75391 0.0
6762.28906 0.0
6763.82324 0.0
6765.35791 0.0
6766.89307 0.0
6768.42676 0.0
6769.96191 0.0
6771.49707 0.0
6773.03076 0.0
6774.56592 0.0
6776.1001 0.0
6777.63477 0.0
6779.16992 0.0
6780.7041 0.0
6782.23877 0.0
6783.77295 0.0
6785.3081 0.0
6786.84277 0.0
6788.37695 0.0
6789.91211 0.0
6791.44678 0.0
6792.98096 0.0
6794.51611 0.0
6796.0498 0.0
6797.58496 0.0
6799.11914 0.0
6800.65381 0.0
6802.18896 0.0
6803.72314 0.0
6805.25781 0.0
6806.79297 0.0
6808.32715 0.0
6809.86182 0.0
6811.396 0.0
6812.93115 0.0
6814.46582 0.0
6816.0 0.0
6817.53516 0.0
6819.06885 0.0
6820.604 0.0
6822.13916 0.0
6823.67285 0.0
6825.20801 0.0
6826.74316 0.0
6828.27686 0.0
6829.81201 0.0
6831.34619 0.0
6832.88086 0.0
6834.41602 0.0
6835.9502 0.0
6837.48486 0.0
6839.01904 0.0
6840.5542 0.0
6842.08887 0.0
6843.62305 0.0
6845.1582 0.0
6846.69287 0.0
6848.22705 0.0
6849.76221 0.0
6851.2959 0.0
6852.83106 0.0
6854.36621 0.0
6855.8999 0.0
6857.43506 0.0
6858.96924 0.0
6860.50391 0.0
6862.03906 0.0
6863.57324 0.0
6865.10791 0.0
6866.64209 0.0
6868.17676 0.0
6869.71191 0.0
6871.24609 0.0
6872.78076 0.0
6874.31494 0.0
6875.8501 0.0
6877.38477 0.0
6878.91894 0.0
6880.4541 0.0
6881.98877 0.0
6883.52295 0.0
6885.0581 0.0
6886.5918 0.0
6888.12695 0.0
6889.66211 0.0
6891.1958 0.0
6892.73096 0.0
6894.26611 0.0
6895.7998 0.0
6897.33496 0.0
6898.86914 0.0
6900.40381 0.0
6901.93896 0.0
6903.47314 0.0
6905.00781 0.0
6906.54199 0.0
6908.07715 0.0
6909.61182 0.0
6911.146 0.0
6912.68115 0.0
6914.21582 0.0
6915.75 0.0
6917.28516 0.0
6918.81885 0.0
6920.354 0.0
6921.88916 0.0
6923.42285 0.0
6924.95801 0.0
6926.49219 0.0
6928.02686 0.0
6929.56201 0.0
6931.09619 0.0
6932.63086 0.0
6934.16504 0.0
6935.7002 0.0
6937.23486 0.0
6938.76904 0.0
6940.3042 0.0
6941.83789 0.0
6943.37305 0.0
6944.9082 0.0
6946.4419 0.0
6947.97705 0.0
6949.51221 0.0
6951.0459 0.0
6952.58106 0.0
6954.11523 0.0
6955.6499 0.0
6957.18506 0.0
6958.71924 0.0
6960.25391 0.0
6961.78809 0.0
6963.32324 0.0
6964.85791 0.0
6966.39209 0.0
6967.92676 0.0
6969.46191 0.0
6970.99609 0.0
6972.53076 0.0
6974.06494 0.0
6975.6001 0.0
6977.13477 0.0
6978.66894 0.0
6980.2041 0.0
6981.73779 0.0
6983.27295 0.0
6984.8081 0.0
6986.3418 0.0
6987.87695 0.0
6989.41211 0.0
6990.9458 0.0
6992.48096 0.0
6994.01514 0.0
6995.5498 0.0
6997.08398 0.0
6998.61914 0.0
7000.15381 0.0
7001.68799 0.0
7003.22314 0.0
7004.75781 0.0
7006.29199 0.0
7007.82715 0.0
7009.36084 0.0
7010.896 0.0
7012.43115 0.0
7013.96484 0.0
7015.5 0.0
7017.03418 0.0
7018.56885 0.0
7020.104 0.0
7021.63818 0.0
7023.17285 0.0
7024.70801 0.0
7026.24219 0.0
7027.77686 0.0
7029.31104 0.0
7030.84619 0.0
7032.38086 0.0
7033.91504 0.0
7035.4502 0.0
7036.98389 0.0
7038.51904 0.0
7040.0542 0.0
7041.58789 0.0
7043.12305 0.0
7044.6582 0.0
7046.1919 0.0
7047.72705 0.0
7049.26123 0.0
7050.7959 0.0
7052.33106 0.0
7053.86523 0.0
7055.3999 0.0
7056.93408 0.0
7058.46924 0.0
7060.00391 0.0
7061.53809 0.0
7063.07324 0.0
7064.60791 0.0
7066.14209 0.0
7067.67676 0.0
7069.21094 0.0
7070.74609 0.0
7072.28076 0.0
7073.81494 0.0
7075.3501 0.0
7076.88379 0.0
7078.41894 0.0
7079.9541 0.0
7081.48779 0.0
7083.02295 0.0
7084.55713 0.0
7086.0918 0.0
7087.62695 0.0
7089.16113 0.0
7090.6958 0.0
7092.22998 0.0
7093.76514 0.0
7095.2998 0.0
7096.83398 0.0
7098.36914 0.0
7099.90381 0.0
7101.43799 0.0
7102.97314 0.0
7104.50684 0.0
7106.04199 0.0
7107.57715 0.0
7109.11084 0.0
7110.646 0.0
7112.18115 0.0
7113.71484 0.0
7115.25 0.0
7116.78418 0.0
7118.31885 0.0
7119.854 0.0
7121.38818 0.0
7122.92285 0.0
7124.45703 0.0
7125.99219 0.0
7127.52686 0.0
7129.06104 0.0
7130.59619 0.0
7132.12988 0.0
7133.66504 0.0
7135.2002 0.0
7136.73389 0.0
7138.26904 0.0
7139.80322 0.0
7141.33789 0.0
7142.87305 0.0
7144.40723 0.0
7145.9419 0.0
7147.47705 0.0
7149.01123 0.0
7150.5459 0.0
7152.08008 0.0
7153.61523 0.0
7155.1499 0.0
7156.68408 0.0
7158.21924 0.0
7159.75293 0.0
7161.28809 0.0
7162.82324 0.0
7164.35693 0.0
7165.89209 0.0
7167.42578 0.0
7168.96094 0.0
7170.49609 0.0
7172.02978 0.0
7173.56494 0.0
7175.1001 0.0
7176.63379 0.0
7178.16894 0.0
7179.70312 0.0
7181.23779 0.0
7182.77295 0.0
7184.30713 0.0
7185.8418 0.0
7187.37695 0.0
7188.91113 0.0
7190.4458 0.0
7191.97998 0.0
7193.51514 0.0
7195.0498 0.0
7196.58398 0.0
7198.11914 0.0
7199.65283 0.0
7201.18799 0.0
7202.72314 0.0
7204.25684 0.0
7205.79199 0.0
7207.32715 0.0
7208.86084 0.0
7210.396 0.0
7211.93018 0.0
7213.46484 0.0
7214.99902 0.0
7216.53418 0.0
7218.06885 0.0
7219.60303 0.0
7221.13818 0.0
7222.67285 0.0
7224.20703 0.0
7225.74219 0.0
7227.27588 0.0
7228.81104 0.0
7230.34619 0.0
7231.87988 0.0
7233.41504 0.0
7234.94922 0.0
7236.48389 0.0
7238.01904 0.0
7239.55322 0.0
7241.08789 0.0
7242.62305 0.0
7244.15723 0.0
7245.6919 0.0
7247.22607 0.0
7248.76123 0.0
7250.2959 0.0
7251.83008 0.0
7253.36523 0.0
7254.89893 0.0
7256.43408 0.0
7257.96924 0.0
7259.50293 0.0
7261.03809 0.0
7262.57324 0.0
7264.10693 0.0
7265.64209 0.0
7267.17578 0.0
7268.71094 0.0
7270.24609 0.0
7271.77978 0.0
7273.31494 0.0
7274.84912 0.0
7276.38379 0.0
7277.91894 0.0
7279.45312 0.0
7280.98779 0.0
7282.52295 0.0
7284.05713 0.0
7285.5918 0.0
7287.12598 0.0
7288.66113 0.0
7290.19482 0.0
7291.72998 0.0
7293.26514 0.0
7294.79883 0.0
7296.33398 0.0
7297.86914 0.0
7299.40283 0.0
7300.93799 0.0
7302.47217 0.0
7304.00684 0.0
7305.54199 0.0
7307.07617 0.0
7308.61084 0.0
7310.14502 0.0
7311.68018 0.0
7313.21484 0.0
7314.74902 0.0
7316.28418 0.0
7317.81885 0.0
7319.35303 0.0
7320.88818 0.0
7322.42188 0.0
7323.95703 0.0
7325.49219 0.0
7327.02588 0.0
7328.56104 0.0
7330.09619 0.0
7331.62988 0.0
7333.16504 0.0
7334.69922 0.0
7336.23389 0.0
7337.76904 0.0
7339.30322 0.0
7340.83789 0.0
7342.37207 0.0
7343.90723 0.0
7345.4419 0.0
7346.97607 0.0
7348.51123 0.0
7350.04492 0.0
7351.58008 0.0
7353.11523 0.0
7354.64893 0.0
7356.18408 0.0
7357.71777 0.0
7359.25293 0.0
7360.78809 0.0
7362.32178 0.0
7363.85693 0.0
7365.39111 0.0
7366.92578 0.0
7368.46094 0.0
7369.99512 0.0
7371.52978 0.0
7373.06494 0.0
7374.59912 0.0
7376.13379 0.0
7377.66797 0.0
7379.20312 0.0
7380.73779 0.0
7382.27197 0.0
7383.80713 0.0
7385.3418 0.0
7386.87598 0.0
7388.41113 0.0
7389.94482 0.0
7391.47998 0.0
7393.01514 0.0
7394.54883 0.0
7396.08398 0.0
7397.61816 0.0
7399.15283 0.0
7400.68799 0.0
7402.22217 0.0
7403.75684 0.0
7405.29199 0.0
7406.82617 0.0
7408.36084 0.0
7409.89502 0.0
7411.43018 0.0
7412.96484 0.0
7414.49902 0.0
7416.03418 0.0
7417.56787 0.0
7419.10303 0.0
7420.63818 0.0
7422.17188 0.0
7423.70703 0.0
7425.24121 0.0
7426.77588 0.0
7428.31104 0.0
7429.84522 0.0
7431.37988 0.0
7432.91406 0.0
7434.44922 0.0
7435.98389 0.0
7437.51807 0.0
7439.05322 0.0
7440.58789 0.0
7442.12207 0.0
7443.65723 0.0
7445.19092 0.0
7446.72607 0.0
7448.26123 0.0
7449.79492 0.0
7451.33008 0.0
7452.86377 0.0
7454.39893 0.0
7455.93408 0.0
7457.46777 0.0
7459.00293 0.0
7460.53809 0.0
7462.07178 0.0
7463.60693 0.0
7465.14111 0.0
7466.67578 0.0
7468.21094 0.0
7469.74512 0.0
7471.27978 0.0
7472.81396 0.0
7474.34912 0.0
7475.88379 0.0
7477.41797 0.0
7478.95312 0.0
7480.48779 0.0
7482.02197 0.0
7483.55713 0.0
7485.09082 0.0
7486.62598 0.0
7488.16016 0.0
7489.69482 0.0
7491.22998 0.0
7492.76416 0.0
7494.29883 0.0
7495.83398 0.0
7497.36816 0.0
7498.90283 0.0
7500.43701 0.0
7501.97217 0.0
7503.50684 0.0
7505.04102 0.0
7506.57617 0.0
7508.10986 0.0
7509.64502 0.0
7511.18018 0.0
7512.71387 0.0
7514.24902 0.0
7515.78418 0.0
7517.31787 0.0
7518.85303 0.0
7520.38721 0.0
7521.92188 0.0
7523.45703 0.0
7524.99121 0.0
7526.52588 0.0
7528.06006 0.0
7529.59522 0.0
7531.12988 0.0
7532.66406 0.0
7534.19922 0.0
7535.73389 0.0
7537.26807 0.0
7538.80322 0.0
7540.33691 0.0
7541.87207 0.0
7543.40723 0.0
7544.94092 0.0
7546.47607 0.0
7548.00977 0.0
7549.54492 0.0
7551.08008 0.0
7552.61377 0.0
7554.14893 0.0
7555.68408 0.0
7557.21777 0.0
7558.75293 0.0
7560.28711 0.0
7561.82178 0.0
7563.35693 0.0
7564.89111 0.0
7566.42578 0.0
7567.95996 0.0
7569.49512 0.0
7571.02978 0.0
7572.56396 0.0
7574.09912 0.0
7575.63281 0.0
7577.16797 0.0
7578.70312 0.0
7580.23682 0.0
7581.77197 0.0
7583.30615 0.0
7584.84082 0.0
7586.37598 0.0
7587.91016 0.0
7589.44482 0.0
7590.97998 0.0
7592.51416 0.0
7594.04883 0.0
7595.58301 0.0
7597.11816 0.0
7598.65283 0.0
7600.18701 0.0
7601.72217 0.0
7603.25684 0.0
7604.79102 0.0
7606.32617 0.0
7607.85986 0.0
7609.39502 0.0
7610.93018 0.0
7612.46387 0.0
7613.99902 0.0
7615.5332 0.0
7617.06787 0.0
7618.60303 0.0
7620.13721 0.0
7621.67188 0.0
7623.20703 0.0
7624.74121 0.0
7626.27588 0.0
7627.81006 0.0
7629.34522 0.0
7630.87988 0.0
7632.41406 0.0
7633.94922 0.0
7635.48291 0.0
7637.01807 0.0
7638.55322 0.0
7640.08691 0.0
7641.62207 0.0
7643.15576 0.0
7644.69092 0.0
7646.22607 0.0
7647.75977 0.0
7649.29492 0.0
7650.8291 0.0
7652.36377 0.0
7653.89893 0.0
7655.4331 0.0
7656.96777 0.0
7658.50195 0.0
7660.03711 0.0
7661.57178 0.0
7663.10596 0.0
7664.64111 0.0
7666.17578 0.0
7667.70996 0.0
7669.24512 0.0
7670.77881 0.0
7672.31396 0.0
7673.84912 0.0
7675.38281 0.0
7676.91797 0.0
7678.45312 0.0
7679.98682 0.0
7681.52197 0.0
7683.05615 0.0
7684.59082 0.0
7686.12598 0.0
7687.66016 0.0
7689.19482 0.0
7690.729 0.0
7692.26416 0.0
7693.79883 0.0
7695.33301 0.0
7696.86816 0.0
7698.40283 0.0
7699.93701 0.0
7701.47217 0.0
7703.00586 0.0
7704.54102 0.0
7706.0752 0.0
7707.60986 0.0
7709.14502 0.0
7710.6792 0.0
7712.21387 0.0
7713.74902 0.0
7715.2832 0.0
7716.81787 0.0
7718.35205 0.0
7719.88721 0.0
7721.42188 0.0
7722.95606 0.0
7724.49121 0.0
7726.0249 0.0
7727.56006 0.0
7729.09522 0.0
7730.62891 0.0
7732.16406 0.0
7733.69922 0.0
7735.23291 0.0
7736.76807 0.0
7738.30176 0.0
7739.83691 0.0
7741.37207 0.0
7742.90576 0.0
7744.44092 0.0
7745.9751 0.0
7747.50977 0.0
7749.04492 0.0
7750.5791 0.0
7752.11377 0.0
7753.64893 0.0
7755.1831 0.0
7756.71777 0.0
7758.25195 0.0
7759.78711 0.0
7761.32178 0.0
7762.85596 0.0
7764.39111 0.0
7765.9248 0.0
7767.45996 0.0
7768.99512 0.0
7770.52881 0.0
7772.06396 0.0
7773.59912 0.0
7775.13281 0.0
7776.66797 0.0
7778.20215 0.0
7779.73682 0.0
7781.271 0.0
7782.80615 0.0
7784.34082 0.0
7785.875 0.0
7787.41016 0.0
7788.94482 0.0
7790.479 0.0
7792.01416 0.0
7793.54785 0.0
7795.08301 0.0
7796.61816 0.0
7798.15186 0.0
7799.68701 0.0
7801.22119 0.0
7802.75586 0.0
7804.29102 0.0
7805.8252 0.0
7807.35986 0.0
7808.89502 0.0
7810.4292 0.0
7811.96387 0.0
7813.49805 0.0
7815.0332 0.0
7816.56787 0.0
7818.10205 0.0
7819.63721 0.0
7821.17188 0.0
7822.70606 0.0
7824.24121 0.0
7825.7749 0.0
7827.31006 0.0
7828.84522 0.0
7830.37891 0.0
7831.91406 0.0
7833.44824 0.0
7834.98291 0.0
7836.51807 0.0
7838.05176 0.0
7839.58691 0.0
7841.12109 0.0
7842.65576 0.0
7844.19092 0.0
7845.7251 0.0
7847.25977 0.0
7848.79394 0.0
7850.3291 0.0
7851.86377 0.0
7853.39795 0.0
7854.9331 0.0
7856.46777 0.0
7858.00195 0.0
7859.53711 0.0
7861.0708 0.0
7862.60596 0.0
7864.14111 0.0
7865.6748 0.0
7867.20996 0.0
7868.74414 0.0
7870.27881 0.0
7871.81396 0.0
7873.34814 0.0
7874.88281 0.0
7876.41699 0.0
7877.95215 0.0
7879.48682 0.0
7881.021 0.0
7882.55615 0.0
7884.09082 0.0
7885.625 0.0
7887.16016 0.0
7888.69385 0.0
7890.229 0.0
7891.76416 0.0
7893.29785 0.0
7894.83301 0.0
7896.36816 0.0
7897.90186 0.0
7899.43701 0.0
7900.97119 0.0
7902.50586 0.0
7904.04102 0.0
7905.5752 0.0
7907.10986 0.0
7908.64404 0.0
7910.1792 0.0
7911.71387 0.0
7913.24805 0.0
7914.7832 0.0
7916.3169 0.0
7917.85205 0.0
7919.38721 0.0
7920.9209 0.0
7922.45606 0.0
7923.99023 0.0
7925.5249 0.0
7927.06006 0.0
7928.59424 0.0
7930.12891 0.0
7931.66406 0.0
7933.19824 0.0
7934.73291 0.0
7936.26709 0.0
7937.80176 0.0
7939.33691 0.0
7940.87109 0.0
7942.40576 0.0
7943.93994 0.0
7945.4751 0.0
7947.00977 0.0
7948.54394 0.0
7950.0791 0.0
7951.61377 0.0
7953.14795 0.0
7954.6831 0.0
7956.2168 0.0
7957.75195 0.0
7959.28711 0.0
7960.8208 0.0
7962.35596 0.0
7963.89014 0.0
7965.4248 0.0
7966.95996 0.0
7968.49414 0.0
7970.02881 0.0
7971.56396 0.0
7973.09814 0.0
7974.63281 0.0
7976.16699 0.0
7977.70215 0.0
7979.23682 0.0
7980.771 0.0
7982.30615 0.0
7983.83984 0.0
7985.375 0.0
7986.91016 0.0
7988.44385 0.0
7989.979 0.0
7991.51416 0.0
7993.04785 0.0
7994.58301 0.0
7996.11719 0.0
7997.65186 0.0
7999.18604 0.0
8000.72119 0.0
8002.25586 0.0
8003.79004 0.0
8005.3252 0.0
8006.85986 0.0
8008.39404 0.0
8009.9292 0.0
8011.46289 0.0
8012.99805 0.0
8014.5332 0.0
8016.0669 0.0
8017.60205 0.0
8019.13623 0.0
8020.6709 0.0
8022.20606 0.0
8023.74023 0.0
8025.2749 0.0
8026.81006 0.0
8028.34424 0.0
8029.87891 0.0
8031.41309 0.0
8032.94824 0.0
8034.48291 0.0
8036.01709 0.0
8037.55176 0.0
8039.08594 0.0
8040.62109 0.0
8042.15576 0.0
8043.68994 0.0
8045.2251 0.0
8046.75977 0.0
8048.29394 0.0
8049.8291 0.0
8051.36279 0.0
8052.89795 0.0
8054.4331 0.0
8055.9668 0.0
8057.50195 0.0
8059.03613 0.0
8060.5708 0.0
8062.10596 0.0
8063.64014 0.0
8065.1748 0.0
8066.70898 0.0
8068.24414 0.0
8069.77881 0.0
8071.31299 0.0
8072.84814 0.0
8074.38184 0.0
8075.91699 0.0
8077.45215 0.0
8078.98584 0.0
8080.521 0.0
8082.05615 0.0
8083.58984 0.0
8085.125 0.0
8086.65918 0.0
8088.19385 0.0
8089.729 0.0
8091.26318 0.0
8092.79785 0.0
8094.33301 0.0
8095.86719 0.0
8097.40186 0.0
8098.93604 0.0
8100.47119 0.0
8102.00586 0.0
8103.54004 0.0
8105.0752 0.0
8106.60889 0.0
8108.14404 0.0
8109.6792 0.0
8111.21289 0.0
8112.74805 0.0
8114.2832 0.0
8115.8169 0.0
8117.35205 0.0
8118.88623 0.0
8120.4209 0.0
8121.95606 0.0
8123.49023 0.0
8125.0249 0.0
8126.55908 0.0
8128.09424 0.0
8129.62891 0.0
8131.16309 0.0
8132.69824 0.0
8134.23193 0.0
8135.76709 0.0
8137.30176 0.0
8138.83594 0.0
8140.37109 0.0
8141.90478 0.0
8143.43994 0.0
8144.9751 0.0
8146.50879 0.0
8148.04394 0.0
8149.57812 0.0
8151.11279 0.0
8152.64795 0.0
8154.18213 0.0
8155.7168 0.0
8157.25195 0.0
8158.78613 0.0
8160.3208 0.0
8161.85498 0.0
8163.39014 0.0
8164.9248 0.0
8166.45898 0.0
8167.99414 0.0
8169.52881 0.0
8171.06299 0.0
8172.59814 0.0
8174.13184 0.0
8175.66699 0.0
8177.20215 0.0
8178.73584 0.0
8180.271 0.0
8181.80518 0.0
8183.33984 0.0
8184.875 0.0
8186.40918 0.0
8187.94385 0.0
8189.479 0.0
8191.01318 0.0
8192.54785 0.0
8194.08203 0.0
8195.61719 0.0
8197.15137 0.0
8198.68555 0.0
8200.2207 0.0
8201.75488 0.0
8203.29004 0.0
8204.8252 0.0
8206.35938 0.0
8207.89356 0.0
8209.42773 0.0
8210.96289 0.0
8212.49805 0.0
8214.03223 0.0
8215.56738 0.0
8217.10156 0.0
8218.63574 0.0
8220.1709 0.0
8221.70508 0.0
8223.24023 0.0
8224.77539 0.0
8226.30859 0.0
8227.84375 0.0
8229.37793 0.0
8230.91309 0.0
8232.44824 0.0
8233.98242 0.0
8235.5166 0.0
8237.05078 0.0
8238.58594 0.0
8240.12109 0.0
8241.65527 0.0
8243.19043 0.0
8244.72461 0.0
8246.25879 0.0
8247.79394 0.0
8249.32812 0.0
8250.86328 0.0
8252.39844 0.0
8253.93164 0.0
8255.4668 0.0
8257.00098 0.0
8258.53613 0.0
8260.07129 0.0
8261.60547 0.0
8263.13965 0.0
8264.67383 0.0
8266.20898 0.0
8267.74414 0.0
8269.27832 0.0
8270.81348 0.0
8272.34766 0.0
8273.88184 0.0
8275.41699 0.0
8276.95117 0.0
8278.48633 0.0
8280.02148 0.0
8281.55469 0.0
8283.08984 0.0
8284.62402 0.0
8286.15918 0.0
8287.69434 0.0
8289.22754 0.0
8290.7627 0.0
8292.29785 0.0
8293.83203 0.0
8295.36719 0.0
8296.90137 0.0
8298.43555 0.0
8299.9707 0.0
8301.50488 0.0
8303.04004 0.0
8304.57422 0.0
8306.10938 0.0
8307.64356 0.0
8309.17773 0.0
8310.71289 0.0
8312.24707 0.0
8313.78223 0.0
8315.31738 0.0
8316.85059 0.0
8318.38574 0.0
8319.9209 0.0
8321.45508 0.0
8322.99023 0.0
8324.52441 0.0
8326.05859 0.0
8327.59375 0.0
8329.12793 0.0
8330.66309 0.0
8332.19727 0.0
8333.73242 0.0
8335.2666 0.0
8336.80078 0.0
8338.33594 0.0
8339.87109 0.0
8341.40527 0.0
8342.94043 0.0
8344.47363 0.0
8346.00879 0.0
8347.54394 0.0
8349.07812 0.0
8350.61328 0.0
8352.14746 0.0
8353.68164 0.0
8355.2168 0.0
8356.75098 0.0
8358.28613 0.0
8359.82031 0.0
8361.35547 0.0
8362.88965 0.0
8364.42383 0.0
8365.95898 0.0
8367.49414 0.0
8369.02832 0.0
8370.56348 0.0
8372.09668 0.0
8373.63184 0.0
8375.16699 0.0
8376.70117 0.0
8378.23633 0.0
8379.76953 0.0
8381.30469 0.0
8382.83984 0.0
8384.37402 0.0
8385.90918 0.0
8387.44336 0.0
8388.97754 0.0
8390.5127 0.0
8392.04688 0.0
8393.58203 0.0
8395.11719 0.0
8396.65137 0.0
8398.18555 0.0
8399.71973 0.0
8401.25488 0.0
8402.79004 0.0
8404.32422 0.0
8405.85938 0.0
8407.39356 0.0
8408.92773 0.0
8410.46289 0.0
8411.99707 0.0
8413.53223 0.0
8415.06738 0.0
8416.60059 0.0
8418.13574 0.0
8419.66992 0.0
8421.20508 0.0
8422.74023 0.0
8424.27441 0.0
8425.80859 0.0
8427.34277 0.0
8428.87793 0.0
8430.41309 0.0
8431.94727 0.0
8433.48242 0.0
8435.01562 0.0
8436.55078 0.0
8438.08594 0.0
8439.62012 0.0
8441.15527 0.0
8442.69043 0.0
8444.22363 0.0
8445.75879 0.0
8447.29297 0.0
8448.82812 0.0
8450.36328 0.0
8451.89746 0.0
8453.43164 0.0
8454.96582 0.0
8456.50098 0.0
8458.03613 0.0
8459.57031 0.0
8461.10547 0.0
8462.63867 0.0
8464.17383 0.0
8465.70898 0.0
8467.24316 0.0
8468.77832 0.0
8470.31348 0.0
8471.84668 0.0
8473.38184 0.0
8474.91602 0.0
8476.45117 0.0
8477.98633 0.0
8479.51953 0.0
8481.05469 0.0
8482.58984 0.0
8484.12402 0.0
8485.65918 0.0
8487.19336 0.0
8488.72754 0.0
8490.2627 0.0
8491.79688 0.0
8493.33203 0.0
8494.86621 0.0
8496.40137 0.0
8497.93555 0.0
8499.46973 0.0
8501.00488 0.0
8502.53906 0.0
8504.07422 0.0
8505.60938 0.0
8507.14258 0.0
8508.67773 0.0
8510.21191 0.0
8511.74707 0.0
8513.28223 0.0
8514.81641 0.0
8516.35059 0.0
8517.88574 0.0
8519.41992 0.0
8520.95508 0.0
8522.48926 0.0
8524.02441 0.0
8525.55859 0.0
8527.09277 0.0
8528.62793 0.0
8530.16309 0.0
8531.69727 0.0
8533.23242 0.0
8534.76562 0.0
8536.30078 0.0
8537.83496 0.0
8539.37012 0.0
8540.90527 0.0
8542.43945 0.0
8543.97363 0.0
8545.50879 0.0
8547.04297 -0.0
8548.57812 0.0
8550.1123 0.0
8551.64746 0.0
8553.18164 0.0
8554.71582 0.0
8556.25098 0.0
8557.78516 0.0
8559.32031 0.0
8560.85547 0.0
8562.38867 0.0
8563.92383 0.0
8565.45898 0.0
8566.99316 0.0
8568.52832 0.0
8570.06152 0.0
8571.59668 0.0
8573.13184 0.0
8574.66602 0.0
8576.20117 0.0
8577.73535 0.0
8579.26953 0.0
8580.80469 0.0
8582.33887 0.0
8583.87402 0.0
8585.4082 0.0
8586.94336 0.0
8588.47754 0.0
8590.01172 0.0
8591.54688 0.0
8593.08203 0.0
8594.61621 0.0
8596.15137 0.0
8597.68457 0.0
8599.21973 0.0
8600.75488 0.0
8602.28906 0.0
8603.82422 0.0
8605.35938 0.0
8606.89258 0.0
8608.42773 0.0
8609.96191 0.0
8611.49707 0.0
8613.03125 0.0
8614.56641 0.0
8616.10059 0.0
8617.63477 0.0
8619.16992 0.0
8620.70508 0.0
8622.23926 0.0
8623.77441 0.0
8625.30762 0.0
8626.84277 -0.0
8628.37793 0.0
8629.91211 0.0
8631.44727 0.0
8632.98144 0.0
8634.51562 0.0
8636.05078 0.0
8637.58496 0.0
8639.12012 0.0
8640.65527 0.0
8642.18945 0.0
8643.72363 0.0
8645.25781 0.0
8646.79297 0.0
8648.32812 0.0
8649.8623 0.0
8651.39746 0.0
8652.93164 0.0
8654.46582 0.0
8656.00098 0.0
8657.53516 0.0
8659.07031 -0.0
8660.60352 0.0
8662.13867 0.0
8663.67383 0.0
8665.20801 0.0
8666.74316 0.0
8668.27832 0.0
8669.81152 0.0
8671.34668 0.0
8672.88086 0.0
8674.41602 0.0
8675.95117 0.0
8677.48535 0.0
8679.01953 0.0
8680.55469 0.0
8682.08887 0.0
8683.62402 0.0
8685.1582 0.0
8686.69336 0.0
8688.22754 0.0
8689.76172 0.0
8691.29688 0.0
8692.83106 0.0
8694.36621 0.0
8695.90137 0.0
8697.43457 0.0
8698.96973 0.0
8700.50391 0.0
8702.03906 0.0
8703.57422 0.0
8705.1084 0.0
8706.64258 0.0
8708.17676 0.0
8709.71191 0.0
8711.24707 0.0
8712.78125 0.0
8714.31641 0.0
8715.85059 0.0
8717.38477 0.0
8718.91992 0.0
8720.4541 0.0
8721.98926 0.0
8723.52441 0.0
8725.05762 0.0
8726.59277 0.0
8728.12793 0.0
8729.66211 0.0
8731.19727 0.0
8732.73144 0.0
8734.26562 0.0
8735.7998 0.0
8737.33496 0.0
8738.87012 0.0
8740.4043 0.0
8741.93945 0.0
8743.47363 0.0
8745.00781 0.0
8746.54297 0.0
8748.07715 0.0
8749.6123 0.0
8751.14746 0.0
8752.68066 0.0
8754.21582 0.0
8755.75098 0.0
8757.28516 0.0
8758.82031 0.0
8760.35352 0.0
8761.88867 -0.0
8763.42383 -0.0
8764.95801 0.0
8766.49316 0.0
8768.02734 0.0
8769.56152 0.0
8771.09668 0.0
8772.63086 0.0
8774.16602 0.0
8775.70117 0.0
8777.23535 0.0
8778.76953 0.0
8780.30371 0.0
8781.83887 0.0
8783.37305 0.0
8784.9082 0.0
8786.44336 0.0
8787.97656 0.0
8789.51172 0.0
8791.04688 0.0
8792.58106 0.0
8794.11621 0.0
8795.65039 0.0
8797.18457 0.0
8798.71973 0.0
8800.25391 0.0
8801.78906 0.0
8803.32422 0.0
8804.8584 0.0
8806.39258 0.0
8807.92676 0.0
8809.46191 0.0
8810.99609 0.0
8812.53125 0.0
8814.06641 0.0
8815.59961 0.0
8817.13477 0.0
8818.66992 0.0
8820.2041 0.0
8821.73926 -0.0
8823.27344 -0.0
8824.80762 0.0
8826.34277 0.0
8827.87695 0.0
8829.41211 0.0
8830.94727 0.0
8832.48144 0.0
8834.01562 0.0
8835.5498 0.0
8837.08496 0.0
8838.62012 0.0
8840.1543 0.0
8841.68945 0.0
8843.22266 0.0
8844.75781 0.0
8846.29297 0.0
8847.82715 0.0
8849.3623 0.0
8850.89746 0.0
8852.43066 0.0
8853.96582 0.0
8855.5 0.0
8857.03516 0.0
8858.56934 0.0
8860.10352 0.0
8861.63867 0.0
8863.17285 0.0
8864.70801 0.0
8866.24316 0.0
8867.77734 0.0
8869.31152 0.0
8870.8457 0.0
8872.38086 0.0
8873.91602 0.0
8875.4502 0.0
8876.98535 0.0
8878.51953 0.0
8880.05371 0.0
8881.58887 -0.0
8883.12305 0.0
8884.6582 0.0
8886.19336 0.0
8887.72656 0.0
8889.26172 0.0
8890.7959 0.0
8892.33106 0.0
8893.86621 0.0
8895.40039 0.0
8896.93457 0.0
8898.46875 0.0
8900.00391 0.0
8901.53906 0.0
8903.07324 0.0
8904.6084 0.0
8906.1416 0.0
8907.67676 0.0
8909.21191 0.0
8910.74609 0.0
8912.28125 0.0
8913.81641 0.0
8915.34961 0.0
8916.88477 0.0
8918.41894 0.0
8919.9541 0.0
8921.48926 0.0
8923.02344 0.0
8924.55762 0.0
8926.09277 0.0
8927.62695 0.0
8929.16211 0.0
8930.69629 0.0
8932.23144 0.0
8933.76562 0.0
8935.2998 0.0
8936.83496 0.0
8938.36914 0.0
8939.9043 0.0
8941.43945 0.0
8942.97266 0.0
8944.50781 0.0
8946.04199 0.0
8947.57715 0.0
8949.1123 0.0
8950.64648 0.0
8952.18066 0.0
8953.71582 0.0
8955.25 0.0
8956.78516 0.0
8958.31934 0.0
8959.85352 0.0
8961.38867 0.0
8962.92285 0.0
8964.45801 0.0
8965.99219 0.0
8967.52734 0.0
8969.06152 0.0
8970.5957 0.0
8972.13086 0.0
8973.66504 0.0
8975.2002 0.0
8976.73535 0.0
8978.26856 0.0
8979.80371 0.0
8981.33789 0.0
8982.87305 0.0
8984.4082 0.0
8985.94238 0.0
8987.47656 0.0
8989.01172 0.0
8990.5459 0.0
8992.08106 0.0
8993.61523 0.0
8995.15039 0.0
8996.68457 0.0
8998.21875 0.0
8999.75391 0.0
9001.28906 0.0
9002.82324 0.0
9004.3584 0.0
9005.8916 0.0
9007.42676 0.0
9008.96191 0.0
9010.49609 0.0
9012.03125 0.0
9013.56543 0.0
9015.09961 0.0
9016.63477 0.0
9018.16894 0.0
9019.7041 0.0
9021.23828 0.0
9022.77344 0.0
9024.30762 0.0
9025.8418 0.0
9027.37695 0.0
9028.91211 0.0
9030.44629 0.0
9031.98144 0.0
9033.51465 0.0
9035.0498 0.0
9036.58496 0.0
9038.11914 0.0
9039.6543 0.0
9041.18848 0.0
9042.72266 0.0
9044.25781 0.0
9045.79199 0.0
9047.32715 0.0
9048.8623 0.0
9050.39648 0.0
9051.93066 0.0
9053.46484 0.0
9055.0 0.0
9056.53516 0.0
9058.06934 0.0
9059.60352 0.0
9061.1377 0.0
9062.67285 0.0
9064.20801 0.0
9065.74219 0.0
9067.27734 0.0
9068.81055 0.0
9070.3457 0.0
9071.88086 0.0
9073.41504 0.0
9074.9502 0.0
9076.48535 0.0
9078.01856 0.0
9079.55371 0.0
9081.08789 0.0
9082.62305 0.0
9084.1582 0.0
9085.69238 0.0
9087.22656 0.0
9088.76074 0.0
9090.2959 0.0
9091.83106 0.0
9093.36523 0.0
9094.90039 0.0
9096.43359 0.0
9097.96875 0.0
9099.50391 0.0
9101.03809 0.0
9102.57324 0.0
9104.1084 0.0
9105.6416 0.0
9107.17676 0.0
9108.71094 0.0
9110.24609 0.0
9111.78125 0.0
9113.31543 0.0
9114.84961 0.0
9116.38379 0.0
9117.91894 0.0
9119.4541 0.0
9120.98828 0.0
9122.52344 0.0
9124.05762 0.0
9125.5918 0.0
9127.12695 0.0
9128.66113 0.0
9130.19629 0.0
9131.73144 0.0
9133.26465 0.0
9134.7998 0.0
9136.33398 0.0
9137.86914 0.0
9139.4043 0.0
9140.93848 0.0
9142.47266 0.0
9144.00684 0.0
9145.54199 0.0
9147.07715 0.0
9148.61133 0.0
9150.14648 0.0
9151.68066 0.0
9153.21484 0.0
9154.75 0.0
9156.28418 0.0
9157.81934 0.0
9159.35352 0.0
9160.8877 0.0
9162.42285 0.0
9163.95703 0.0
9165.49219 0.0
9167.02734 0.0
9168.56055 0.0
9170.0957 0.0
9171.62988 0.0
9173.16504 0.0
9174.7002 0.0
9176.23438 0.0
9177.76856 0.0
9179.30371 0.0
9180.83789 0.0
9182.37305 0.0
9183.90723 0.0
9185.44238 0.0
9186.97656 0.0
9188.51074 0.0
9190.0459 0.0
9191.58106 0.0
9193.11523 0.0
9194.65039 0.0
9196.18359 0.0
9197.71875 0.0
9199.25391 0.0
9200.78809 0.0
9202.32324 0.0
9203.85742 0.0
9205.3916 0.0
9206.92676 0.0
9208.46094 0.0
9209.99609 0.0
9211.53027 0.0
9213.06543 0.0
9214.59961 0.0
9216.13379 0.0
9217.66894 0.0
9219.20312 0.0
9220.73828 0.0
9222.27344 0.0
9223.80664 0.0
9225.3418 0.0
9226.87695 0.0
9228.41113 0.0
9229.94629 0.0
9231.48047 0.0
9233.01465 0.0
9234.5498 0.0
9236.08398 0.0
9237.61914 0.0
9239.15332 0.0
9240.68848 0.0
9242.22266 0.0
9243.75684 0.0
9245.29199 0.0
9246.82617 0.0
9248.36133 0.0
9249.89648 0.0
9251.42969 0.0
9252.96484 0.0
9254.5 0.0
9256.03418 0.0
9257.56934 0.0
9259.10254 0.0
9260.6377 0.0
9262.17285 0.0
9263.70703 0.0
9265.24219 0.0
9266.77637 0.0
9268.31055 0.0
9269.8457 0.0
9271.37988 0.0
9272.91504 0.0
9274.4502 0.0
9275.98438 0.0
9277.51856 0.0
9279.05273 0.0
9280.58789 0.0
9282.12305 0.0
9283.65723 0.0
9285.19238 0.0
9286.72559 0.0
9288.26074 0.0
9289.7959 0.0
9291.33008 0.0
9292.86523 0.0
9294.39941 0.0
9295.93359 0.0
9297.46875 0.0
9299.00293 0.0
9300.53809 0.0
9302.07324 0.0
9303.60742 0.0
9305.1416 0.0
9306.67578 0.0
9308.21094 -0.0
9309.74609 0.0
9311.28027 0.0
9312.81543 0.0
9314.34961 0.0
9315.88379 0.0
9317.41894 -0.0
9318.95312 -0.0
9320.48828 0.0
9322.02246 0.0
9323.55664 0.0
9325.0918 0.0
9326.62598 0.0
9328.16113 0.0
9329.69629 0.0
9331.23047 0.0
9332.76465 0.0
9334.29883 0.0
9335.83398 0.0
9337.36914 0.0
9338.90332 0.0
9340.43848 0.0
9341.97168 0.0
9343.50684 0.0
9345.04199 0.0
9346.57617 0.0
9348.11133 0.0
9349.64648 0.0
9351.17969 0.0
9352.71484 0.0
9354.24902 0.0
9355.78418 0.0
9357.31934 0.0
9358.85254 0.0
9360.3877 0.0
9361.92188 0.0
9363.45703 0.0
9364.99219 0.0
9366.52637 0.0
9368.06055 0.0
9369.59473 0.0
9371.12988 0.0
9372.66504 0.0
9374.19922 0.0
9375.73438 0.0
9377.26856 0.0
9378.80273 0.0
9380.33789 -0.0
9381.87207 0.0
9383.40723 0.0
9384.94238 0.0
9386.47559 0.0
9388.01074 0.0
9389.5459 0.0
9391.08008 0.0
9392.61523 0.0
9394.14941 0.0
9395.68359 0.0
9397.21875 0.0
9398.75293 -0.0
9400.28809 0.0
9401.82227 0.0
9403.35742 0.0
9404.8916 0.0
9406.42578 0.0
9407.96094 0.0
9409.49512 0.0
9411.03027 0.0
9412.56543 0.0
9414.09863 0.0
9415.63379 -0.0
9417.16797 -0.0
9418.70312 0.0
9420.23828 0.0
9421.77246 0.0
9423.30664 0.0
9424.8418 0.0
9426.37598 0.0
9427.91113 0.0
9429.44531 0.0
9430.98047 0.0
9432.51465 0.0
9434.04883 0.0
9435.58398 -0.0
9437.11914 0.0
9438.65332 0.0
9440.18848 0.0
9441.72168 0.0
9443.25684 0.0
9444.79102 0.0
9446.32617 0.0
9447.86133 0.0
9449.39453 0.0
9450.92969 0.0
9452.46484 0.0
9453.99902 0.0
9455.53418 0.0
9457.06836 0.0
9458.60254 0.0
9460.1377 0.0
9461.67188 0.0
9463.20703 0.0
9464.74219 0.0
9466.27637 0.0
9467.81055 0.0
9469.34473 0.0
9470.87988 0.0
9472.41504 -0.0
9473.94922 -0.0
9475.48438 -0.0
9477.01758 0.0
9478.55273 0.0
9480.08789 0.0
9481.62207 0.0
9483.15723 0.0
9484.69141 0.0
9486.22559 -0.0
9487.76074 0.0
9489.29492 0.0
9490.83008 0.0
9492.36426 0.0
9493.89941 0.0
9495.43359 0.0
9496.96777 0.0
9498.50293 -0.0
9500.03809 -0.0
9501.57227 0.0
9503.10742 0.0
9504.64062 0.0
9506.17578 0.0
9507.71094 0.0
9509.24512 0.0
9510.78027 0.0
9512.31543 0.0
9513.84863 0.0
9515.38379 -0.0
9516.91797 0.0
9518.45312 0.0
9519.9873 0.0
9521.52246 0.0
9523.05664 0.0
9524.59082 0.0
9526.12598 0.0
9527.66113 0.0
9529.19531 0.0
9530.73047 0.0
9532.26367 0.0
9533.79883 0.0
9535.33398 0.0
9536.86816 0.0
9538.40332 0.0
9539.93848 0.0
9541.47168 0.0
9543.00684 0.0
9544.54102 0.0
9546.07617 0.0
9547.61133 0.0
9549.14453 0.0
9550.67969 0.0
9552.21387 0.0
9553.74902 0.0
9555.28418 0.0
9556.81836 0.0
9558.35254 0.0
9559.8877 0.0
9561.42188 0.0
9562.95703 0.0
9564.49121 0.0
9566.02637 0.0
9567.55957 0.0
9569.09473 0.0
9570.62988 0.0
9572.16406 0.0
9573.69922 0.0
9575.23438 0.0
9576.76758 0.0
9578.30273 0.0
9579.83691 0.0
9581.37207 0.0
9582.90723 0.0
9584.44141 0.0
9585.97559 0.0
9587.51074 0.0
9589.04492 0.0
9590.58008 0.0
9592.11426 0.0
9593.64941 0.0
9595.18359 0.0
9596.71777 0.0
9598.25293 0.0
9599.78711 0.0
9601.32227 0.0
9602.85742 0.0
9604.39062 0.0
9605.92578 0.0
9607.45996 0.0
9608.99512 0.0
9610.53027 0.0
9612.06445 0.0
9613.59863 0.0
9615.13281 0.0
9616.66797 0.0
9618.20312 0.0
9619.7373 0.0
9621.27246 0.0
9622.80664 0.0
9624.34082 0.0
9625.87598 0.0
9627.41016 0.0
9628.94531 0.0
9630.48047 0.0
9632.01367 0.0
9633.54883 0.0
9635.08398 0.0
9636.61816 0.0
9638.15332 0.0
9639.68652 0.0
9641.22168 0.0
9642.75586 0.0
9644.29102 0.0
9645.82617 0.0
9647.36035 0.0
9648.89453 0.0
9650.42969 -0.0
9651.96387 0.0
9653.49902 0.0
9655.0332 0.0
9656.56836 0.0
9658.10254 0.0
9659.63672 0.0
9661.17188 0.0
9662.70703 0.0
9664.24121 0.0
9665.77637 -0.0
9667.30957 0.0
9668.84473 0.0
9670.37988 -0.0
9671.91406 0.0
9673.44922 0.0
9674.9834 0.0
9676.51758 0.0
9678.05273 0.0
9679.58691 0.0
9681.12207 -0.0
9682.65625 0.0
9684.19141 0.0
9685.72559 0.0
9687.25977 0.0
9688.79492 0.0
9690.3291 0.0
9691.86426 0.0
9693.39941 0.0
9694.93262 0.0
9696.46777 0.0
9698.00293 0.0
9699.53711 0.0
9701.07227 0.0
9702.60644 0.0
9704.14062 0.0
9705.67578 0.0
9707.20996 0.0
9708.74512 0.0
9710.28027 0.0
9711.81445 0.0
9713.34863 0.0
9714.88281 0.0
9716.41797 -0.0
9717.95312 0.0
9719.4873 0.0
9721.02246 0.0
9722.55566 0.0
9724.09082 0.0
9725.62598 0.0
9727.16016 0.0
9728.69531 0.0
9730.22852 0.0
9731.76367 0.0
9733.29883 0.0
9734.83301 0.0
9736.36816 0.0
9737.90332 0.0
9739.43652 0.0
9740.97168 0.0
9742.50586 0.0
9744.04102 0.0
9745.57617 0.0
9747.11035 0.0
9748.64453 0.0
9750.17871 0.0
9751.71387 0.0
9753.24902 0.0
9754.7832 0.0
9756.31836 0.0
9757.85254 0.0
9759.38672 0.0
9760.92188 0.0
9762.45606 0.0
9763.99121 0.0
9765.52539 0.0
9767.05957 0.0
9768.59473 0.0
9770.12891 0.0
9771.66406 0.0
9773.19922 0.0
9774.7334 0.0
9776.26758 0.0
9777.80176 0.0
9779.33691 0.0
9780.87207 0.0
9782.40625 0.0
9783.94141 0.0
9785.47559 0.0
9787.00977 -0.0
9788.54492 0.0
9790.0791 0.0
9791.61426 0.0
9793.14941 0.0
9794.68262 0.0
9796.21777 0.0
9797.75195 0.0
9799.28711 0.0
9800.82227 0.0
9802.35644 0.0
9803.89062 0.0
9805.4248 0.0
9806.95996 0.0
9808.49512 -0.0
9810.0293 -0.0
9811.56445 0.0
9813.09863 0.0
9814.63281 0.0
9816.16797 0.0
9817.70215 0.0
9819.2373 0.0
9820.77246 0.0
9822.30566 0.0
9823.84082 0.0
9825.375 0.0
9826.91016 0.0
9828.44531 0.0
9829.97852 0.0
9831.51367 0.0
9833.04883 0.0
9834.58301 0.0
9836.11816 0.0
9837.65234 0.0
9839.18652 0.0
9840.72168 0.0
9842.25586 0.0
9843.79102 0.0
9845.3252 0.0
9846.86035 0.0
9848.39453 0.0
9849.92871 0.0
9851.46387 0.0
9852.99805 0.0
9854.5332 0.0
9856.06836 0.0
9857.60156 0.0
9859.13672 0.0
9860.67188 0.0
9862.20606 0.0
9863.74121 0.0
9865.27539 0.0
9866.80957 0.0
9868.34473 -0.0
9869.87891 0.0
9871.41406 0.0
9872.94824 0.0
9874.4834 0.0
9876.01758 0.0
9877.55176 0.0
9879.08691 0.0
9880.62109 0.0
9882.15625 0.0
9883.69141 0.0
9885.22461 0.0
9886.75977 0.0
9888.29394 0.0
9889.8291 0.0
9891.36426 0.0
9892.89844 -0.0
9894.43262 -0.0
9895.96777 0.0
9897.50195 0.0
9899.03711 0.0
9900.57129 0.0
9902.10644 0.0
9903.64062 0.0
9905.1748 0.0
9906.70996 0.0
9908.24512 0.0
9909.7793 -0.0
9911.31445 -0.0
9912.84766 -0.0
9914.38281 0.0
9915.91797 0.0
9917.45215 0.0
9918.9873 0.0
9920.52148 0.0
9922.05566 0.0
9923.59082 0.0
9925.125 0.0
9926.66016 0.0
9928.19434 0.0
9929.72852 0.0
9931.26367 0.0
9932.79785 0.0
9934.33301 0.0
9935.86816 0.0
9937.40234 0.0
9938.93652 0.0
9940.4707 0.0
9942.00586 0.0
9943.54102 -0.0
9945.0752 -0.0
9946.61035 -0.0
9948.14356 0.0
9949.67871 0.0
9951.21387 -0.0
9952.74805 -0.0
9954.2832 -0.0
9955.81738 0.0
9957.35156 0.0
9958.88672 0.0
9960.4209 0.0
9961.95606 0.0
9963.49121 0.0
9965.02539 0.0
9966.55957 0.0
9968.09375 -0.0
9969.62891 -0.0
9971.16406 0.0
9972.69824 0.0
9974.2334 0.0
9975.7666 0.0
9977.30176 0.0
9978.83691 0.0
9980.37109 -0.0
9981.90625 0.0
9983.44141 0.0
9984.97461 0.0
9986.50977 0.0
9988.04394 0.0
9989.5791 0.0
9991.11426 0.0
9992.64844 0.0
9994.18262 0.0
9995.7168 0.0
9997.25195 0.0
9998.78711 0.0
10000.32129 0.0
10001.85644 0.0
10003.38965 0.0
10004.9248 0.0
10006.45996 0.0
10007.99414 0.0
10009.5293 -0.0
10011.06445 0.0
10012.59766 0.0
10014.13281 -0.0
10015.66699 0.0
10017.20215 -0.0
10018.7373 -0.0
10020.27148 -0.0
10021.80566 -0.0
10023.33984 0.0
10024.875 0.0
10026.41016 -0.0
10027.94434 -0.0
10029.47852 -0.0
10031.0127 -0.0
10032.54785 -0.0
10034.08301 0.0
10035.61719 0.0
10037.15234 0.0
10038.68652 0.0
10040.2207 0.0
10041.75586 0.0
10043.29004 0.0
10044.8252 0.0
10046.36035 0.0
10047.89356 0.0
10049.42871 0.0
10050.96289 0.0
10052.49805 0.0
10054.0332 0.0
10055.56738 0.0
10057.10156 0.0
10058.63672 -0.0
10060.1709 -0.0
10061.70606 0.0
10063.24023 0.0
10064.77539 0.0
10066.30957 0.0
10067.84375 0.0
10069.37891 -0.0
10070.91309 0.0
10072.44824 0.0
10073.9834 0.0
10075.5166 0.0
10077.05176 0.0
10078.58594 -0.0
10080.12109 0.0
10081.65625 -0.0
10083.19043 -0.0
10084.72461 0.0
10086.25977 0.0
10087.79394 0.0
10089.3291 0.0
10090.86328 0.0
10092.39844 0.0
10093.93262 0.0
10095.4668 0.0
10097.00195 -0.0
10098.53711 0.0
10100.07129 0.0
10101.60644 0.0
10103.13965 0.0
10104.6748 0.0
10106.20996 0.0
10107.74414 -0.0
10109.2793 0.0
10110.81348 0.0
10112.34766 0.0
10113.88281 0.0
10115.41699 0.0
10116.95215 0.0
10118.48633 0.0
10120.02148 -0.0
10121.55566 -0.0
10123.08984 0.0
10124.625 0.0
10126.15918 0.0
10127.69434 0.0
10129.22852 0.0
10130.7627 0.0
10132.29785 -0.0
10133.83301 0.0
10135.36719 0.0
10136.90234 0.0
10138.43555 0.0
10139.9707 0.0
10141.50586 -0.0
10143.04004 0.0
10144.5752 0.0
10146.10938 0.0
10147.64356 0.0
10149.17871 0.0
10150.71289 0.0
10152.24805 0.0
10153.78223 -0.0
10155.31738 0.0
10156.85156 0.0
10158.38574 0.0
10159.9209 0.0
10161.45606 0.0
10162.99023 0.0
10164.52539 0.0
10166.05859 0.0
10167.59375 -0.0
10169.12891 -0.0
10170.66309 0.0
10172.19824 0.0
10173.7334 0.0
10175.2666 0.0
10176.80176 0.0
10178.33594 0.0
10179.87109 0.0
10181.40625 -0.0
10182.94043 -0.0
10184.47461 0.0
10186.00879 0.0
10187.54394 0.0
10189.0791 0.0
10190.61328 0.0
10192.14844 0.0
10193.68164 0.0
10195.2168 0.0
10196.75195 0.0
10198.28613 0.0
10199.82129 -0.0
