#wave flux
3400.0 0.46632
3401.53 0.71284
3403.06 0.77813
3404.59 0.7054
3406.12 0.76019
3407.65 0.81155
3409.18 0.75862
3410.71 1.4643
3412.24 0.81001
3413.77 1.01487
3415.3 1.09928
3416.83 1.34361
3418.36 2.20239
3419.89 2.38656
3421.42 2.43933
3422.95 1.2489
3424.48 2.46778
3426.01 2.57077
3427.54 1.91854
3429.07 2.92472
3430.6 1.59853
3432.13 1.9168
3433.66 2.29375
3435.19 3.09067
3436.72 1.96537
3438.25 1.9558
3439.78 2.92137
3441.31 2.23419
3442.84 2.394
3444.37 2.35553
3445.9 3.2152
3447.43 2.65898
3448.96 3.03818
3450.49 2.45602
3452.02 1.36361
3453.55 1.58301
3455.08 1.23278
3456.61 1.40135
3458.14 2.70472
3459.67 2.13055
3461.2 1.79999
3462.73 2.72225
3464.26 2.11701
3465.79 2.48616
3467.32 2.20304
3468.85 2.49174
3470.38 2.68766
3471.91 2.73979
3473.44 1.71118
3474.97 2.09451
3476.5 2.2514
3478.03 2.6993
3479.56 2.21318
3481.09 2.65312
3482.62 4.49594
3484.15 2.95297
3485.68 2.70443
3487.21 3.223
3488.74 2.93858
3490.27 3.4742
3491.8 2.76007
3493.33 2.7614
3494.86 4.11047
3496.39 2.94396
3497.92 3.14582
3499.45 3.24906
3500.98 2.56309
3502.51 2.18894
3504.04 2.63162
3505.57 3.65591
3507.1 2.50927
3508.63 2.32009
3510.16 1.62148
3511.69 1.93422
3513.22 2.91757
3514.75 1.65166
3516.28 2.14853
3517.81 2.48628
3519.34 2.34139
3520.87 1.58079
3522.4 2.0981
3523.93 1.93616
3525.46 1.84024
3526.99 2.05414
3528.52 2.26789
3530.05 2.23039
3531.58 2.72492
3533.11 2.80169
3534.64 2.40293
3536.17 3.26397
3537.7 2.34333
3539.23 1.50875
3540.76 1.36337
3542.29 1.51137
3543.82 1.7945
3545.35 1.87604
3546.88 1.62156
3548.41 1.98743
3549.94 2.40317
3551.47 2.71825
3553.0 2.3464
3554.53 1.90493
3556.06 1.91588
3557.59 2.06174
3559.12 2.45925
3560.65 1.83232
3562.18 1.95317
3563.71 1.64027
3565.24 1.11742
3566.77 1.60128
3568.3 2.00226
3569.83 2.11629
3571.36 1.84545
3572.89 1.97483
3574.42 1.59077
3575.95 2.31335
3577.48 2.21403
3579.01 1.60358
3580.54 1.56818
3582.07 1.80524
3583.6 1.94675
3585.13 1.53275
3586.66 1.87858
3588.19 1.69587
3589.72 1.30377
3591.25 1.83284
3592.78 1.79397
3594.31 1.66112
3595.84 1.69534
3597.37 1.5519
3598.9 1.42535
3600.43 1.51525
3601.96 1.17653
3603.49 1.51319
3605.02 1.18332
3606.55 1.2645
3608.08 1.32377
3609.61 1.14413
3611.14 1.58515
3612.67 1.60657
3614.2 2.07738
3615.73 1.50139
3617.26 1.49372
3618.79 1.19787
3620.32 1.28296
3621.85 1.51586
3623.38 1.57897
3624.91 1.24041
3626.44 0.92606
3627.97 0.948
3629.5 1.11524
3631.03 1.66483
3632.56 1.47501
3634.09 1.71453
3635.62 1.59227
3637.15 1.45812
3638.68 1.23225
3640.21 1.10986
3641.74 1.67841
3643.27 1.55877
3644.8 1.5342
3646.33 1.62867
3647.86 1.26947
3649.39 0.8867
3650.92 0.70463
3652.45 1.07447
3653.98 1.31448
3655.51 1.17661
3657.04 1.26066
3658.57 1.53142
3660.1 1.35177
3661.63 1.45004
3663.16 1.2449
3664.69 0.96582
3666.22 1.31108
3667.75 1.32725
3669.28 1.27254
3670.81 1.51218
3672.34 1.32951
3673.87 1.06303
3675.4 1.05717
3676.93 1.35787
3678.46 1.34607
3679.99 1.29379
3681.52 1.37925
3683.05 0.96739
3684.58 1.1196
3686.11 1.19609
3687.64 1.3203
3689.17 1.14437
3690.7 1.49388
3692.23 1.5873
3693.76 1.4003
3695.29 1.62362
3696.82 1.37525
3698.35 1.86193
3699.88 1.49153
3701.41 1.08509
3702.94 1.15096
3704.47 1.38446
3706.0 1.56261
3707.53 1.16025
3709.06 1.09128
3710.59 1.54721
3712.12 1.36232
3713.65 1.14025
3715.18 1.52475
3716.71 1.16538
3718.24 1.30761
3719.77 1.24821
3721.3 1.18348
3722.83 1.54127
3724.36 1.09467
3725.89 1.48503
3727.42 0.884
3728.95 1.05689
3730.48 1.36187
3732.01 1.50358
3733.54 1.35464
3735.07 1.57287
3736.6 1.32656
3738.13 1.17471
3739.66 1.07948
3741.19 1.35181
3742.72 1.55925
3744.25 1.45121
3745.78 1.64948
3747.31 1.35399
3748.84 1.11605
3750.37 1.19819
3751.9 1.4797
3753.43 1.60722
3754.96 1.6736
3756.49 1.6439
3758.02 1.38802
3759.55 1.39193
3761.08 1.54398
3762.61 1.64556
3764.14 1.85038
3765.67 1.45788
3767.2 1.48988
3768.73 1.65388
3770.26 1.73841
3771.79 1.72956
3773.32 1.61017
3774.85 1.83446
3776.38 1.95543
3777.91 1.76193
3779.44 1.76852
3780.97 1.53606
3782.5 1.68015
3784.03 1.70059
3785.56 1.58297
3787.09 1.78783
3788.62 1.91996
3790.15 2.03156
3791.68 1.97382
3793.21 2.27771
3794.74 1.88109
3796.27 1.9463
3797.8 1.94416
3799.33 1.74169
3800.86 1.9583
3802.39 2.00311
3803.92 1.76589
3805.45 1.72358
3806.98 1.9086
3808.51 1.9486
3810.04 1.76052
3811.57 1.7469
3813.1 1.86395
3814.63 1.86779
3816.16 1.76496
3817.69 1.63445
3819.22 1.97693
3820.75 1.58382
3822.28 1.40907
3823.81 1.05196
3825.34 1.35189
3826.87 1.39307
3828.4 1.85216
3829.93 1.7806
3831.46 1.82512
3832.99 1.72011
3834.52 1.80949
3836.05 1.99487
3837.58 2.03022
3839.11 1.5755
3840.64 1.4003
3842.17 1.68342
3843.7 1.9267
3845.23 1.78177
3846.76 1.78193
3848.29 1.4839
3849.82 1.79522
3851.35 1.74524
3852.88 1.72447
3854.41 1.51348
3855.94 1.61784
3857.47 1.82157
3859.0 1.78379
3860.53 1.5357
3862.06 1.53174
3863.59 1.92646
3865.12 1.9903
3866.65 1.82662
3868.18 1.62007
3869.71 1.81013
3871.24 1.72605
3872.77 1.44406
3874.3 1.74872
3875.83 1.91709
3877.36 1.93022
3878.89 1.8343
3880.42 1.72997
3881.95 1.65203
3883.48 1.78363
3885.01 1.80888
3886.54 1.51703
3888.07 1.3007
3889.6 1.09071
3891.13 1.0613
3892.66 1.46875
3894.19 1.78015
3895.72 1.7092
3897.25 1.59922
3898.78 1.69478
3900.31 1.76953
3901.84 1.71599
3903.37 1.84719
3904.9 2.01127
3906.43 1.83143
3907.96 1.69954
3909.49 2.02905
3911.02 1.76864
3912.55 1.75211
3914.08 1.44866
3915.61 1.42883
3917.14 1.80541
3918.67 1.91196
3920.2 1.5243
3921.73 1.41432
3923.26 1.53497
3924.79 1.47663
3926.32 1.58831
3927.85 1.69231
3929.38 1.67724
3930.91 1.52216
3932.44 1.45812
3933.97 1.66884
3935.5 1.5719
3937.03 1.85822
3938.56 1.83409
3940.09 2.00986
3941.62 1.4603
3943.15 1.37246
3944.68 1.70334
3946.21 1.59909
3947.74 1.578
3949.27 1.23694
3950.8 1.34498
3952.33 1.64496
3953.86 1.50871
3955.39 1.43921
3956.92 1.88339
3958.45 1.8383
3959.98 1.34906
3961.51 1.31068
3963.04 1.24336
3964.57 1.46329
3966.1 1.85878
3967.63 1.71397
3969.16 1.39145
3970.69 1.33723
3972.22 1.49828
3973.75 1.67692
3975.28 1.75773
3976.81 1.67647
3978.34 1.40511
3979.87 1.34228
3981.4 1.4127
3982.93 1.37876
3984.46 1.20235
3985.99 1.40486
3987.52 1.43626
3989.05 1.42676
3990.58 1.16041
3992.11 1.10962
3993.64 1.24999
3995.17 1.24231
3996.7 1.47444
3998.23 1.4403
3999.76 1.36373
4001.29 1.41359
4002.82 1.37856
4004.35 1.3721
4005.88 1.29403
4007.41 1.53647
4008.94 1.37258
4010.47 1.53772
4012.0 1.61263
4013.53 1.37254
4015.06 1.55449
4016.59 1.28058
4018.12 1.34781
4019.65 1.65356
4021.18 1.56431
4022.71 1.37242
4024.24 1.88796
4025.77 1.53489
4027.3 1.68326
4028.83 1.25835
4030.36 1.45901
4031.89 1.42341
4033.42 1.41848
4034.95 1.39246
4036.48 1.36874
4038.01 1.52208
4039.54 1.43929
4041.07 1.40705
4042.6 1.10235
4044.13 1.56924
4045.66 2.09447
4047.19 1.80322
4048.72 1.37795
4050.25 1.29108
4051.78 1.51473
4053.31 1.43501
4054.84 1.54075
4056.37 1.29484
4057.9 1.14449
4059.43 1.49954
4060.96 1.70326
4062.49 1.5534
4064.02 1.89442
4065.55 1.62083
4067.08 1.53659
4068.61 1.35585
4070.14 1.39682
4071.67 1.35561
4073.2 1.52447
4074.73 1.40454
4076.26 1.44515
4077.79 1.54168
4079.32 1.15508
4080.85 1.33112
4082.38 1.31177
4083.91 1.38147
4085.44 1.48155
4086.97 1.36668
4088.5 1.50297
4090.03 1.39088
4091.56 1.52289
4093.09 1.40996
4094.62 1.29347
4096.15 1.28151
4097.68 1.54172
4099.21 1.57162
4100.74 1.66043
4102.27 1.54932
4103.8 1.5778
4105.33 1.51085
4106.86 1.54564
4108.39 1.35222
4109.92 1.42095
4111.45 1.89478
4112.98 1.84137
4114.51 1.53986
4116.04 1.80662
4117.57 1.83413
4119.1 1.56204
4120.63 1.61069
4122.16 1.67344
4123.69 1.73514
4125.22 1.91345
4126.75 1.66673
4128.28 1.80298
4129.81 1.76035
4131.34 1.75542
4132.87 1.83721
4134.4 1.8084
4135.93 1.77611
4137.46 1.93838
4138.99 2.09459
4140.52 2.1032
4142.05 2.13265
4143.58 2.07443
4145.11 1.66827
4146.64 2.16991
4148.17 2.42596
4149.7 2.2687
4151.23 2.3009
4152.76 2.17989
4154.29 2.40046
4155.82 2.15576
4157.35 2.14865
4158.88 2.45662
4160.41 2.59316
4161.94 2.47125
4163.47 2.1674
4165.0 2.65207
4166.53 2.85935
4168.06 2.81918
4169.59 2.60823
4171.12 2.94679
4172.65 2.95931
4174.18 3.16712
4175.71 2.88214
4177.24 2.74544
4178.77 3.09548
4180.3 3.49909
4181.83 3.04283
4183.36 2.40086
4184.89 2.49331
4186.42 3.06093
4187.95 3.20958
4189.48 2.99968
4191.01 2.83854
4192.54 2.4479
4194.07 2.51748
4195.6 2.42798
4197.13 2.64201
4198.66 3.02873
4200.19 2.95745
4201.72 3.17694
4203.25 3.18461
4204.78 3.30304
4206.31 3.27035
4207.84 3.33403
4209.37 3.37125
4210.9 3.31161
4212.43 3.18441
4213.96 3.28203
4215.49 3.31803
4217.02 3.1796
4218.55 3.07794
4220.08 2.82084
4221.61 2.67938
4223.14 2.74298
4224.67 2.80173
4226.2 3.03531
4227.73 3.06784
4229.26 2.84666
4230.79 3.01378
4232.32 2.85919
4233.85 2.76411
4235.38 2.63667
4236.91 2.66738
4238.44 2.51982
4239.97 2.53275
4241.5 2.44535
4243.03 2.14324
4244.56 2.20676
4246.09 2.33807
4247.62 2.73522
4249.15 2.39286
4250.68 2.29339
4252.21 2.18441
4253.74 2.02937
4255.27 2.43137
4256.8 2.37747
4258.33 2.04202
4259.86 2.01135
4261.39 2.22142
4262.92 2.17669
4264.45 2.06772
4265.98 2.00747
4267.51 2.35618
4269.04 2.2649
4270.57 2.21815
4272.1 2.19532
4273.63 2.03774
4275.16 2.04598
4276.69 2.00865
4278.22 1.89018
4279.75 1.62653
4281.28 1.7374
4282.81 2.07992
4284.34 1.98703
4285.87 2.03786
4287.4 1.97507
4288.93 1.93272
4290.46 1.9903
4291.99 1.84977
4293.52 1.75045
4295.05 1.645
4296.58 1.77603
4298.11 2.01705
4299.64 1.78969
4301.17 1.66718
4302.7 1.7612
4304.23 1.92004
4305.76 1.64104
4307.29 1.77361
4308.82 2.11459
4310.35 1.83769
4311.88 1.84379
4313.41 1.88509
4314.94 1.70104
4316.47 1.59017
4318.0 1.62964
4319.53 1.62003
4321.06 1.86581
4322.59 1.82787
4324.12 1.93697
4325.65 1.80137
4327.18 1.92973
4328.71 1.88513
4330.24 1.90056
4331.77 1.85713
4333.3 1.69575
4334.83 1.7991
4336.36 1.78403
4337.89 1.55505
4339.42 1.68742
4340.95 1.83595
4342.48 1.94129
4344.01 1.7985
4345.54 1.78912
4347.07 2.16429
4348.6 1.86068
4350.13 1.78193
4351.66 1.87074
4353.19 1.83013
4354.72 2.03883
4356.25 2.44955
4357.78 2.1676
4359.31 1.88901
4360.84 1.32422
4362.37 1.20631
4363.9 1.84056
4365.43 1.73482
4366.96 2.24837
4368.49 1.88076
4370.02 1.59554
4371.55 1.68209
4373.08 1.69461
4374.61 1.78181
4376.14 1.8109
4377.67 1.96553
4379.2 1.75724
4380.73 1.74043
4382.26 1.57166
4383.79 1.92808
4385.32 2.01822
4386.85 1.59526
4388.38 1.68924
4389.91 1.83963
4391.44 1.62972
4392.97 1.64265
4394.5 1.85337
4396.03 1.87567
4397.56 1.45949
4399.09 1.71575
4400.62 1.81276
4402.15 1.81341
4403.68 1.78706
4405.21 1.72035
4406.74 1.28825
4408.27 1.78876
4409.8 1.87886
4411.33 1.53792
4412.86 1.54673
4414.39 1.90598
4415.92 1.96574
4417.45 1.94226
4418.98 1.77248
4420.51 1.65029
4422.04 1.53659
4423.57 1.72104
4425.1 1.92129
4426.63 2.02937
4428.16 1.76969
4429.69 1.86173
4431.22 1.97624
4432.75 1.88206
4434.28 1.64592
4435.81 1.9545
4437.34 1.96
4438.87 1.71587
4440.4 1.944
4441.93 1.77611
4443.46 1.52325
4444.99 1.74415
4446.52 2.02036
4448.05 1.92683
4449.58 1.85426
4451.11 1.38276
4452.64 1.60867
4454.17 1.89115
4455.7 1.76759
4457.23 1.90266
4458.76 1.69813
4460.29 1.63784
4461.82 1.67118
4463.35 1.89628
4464.88 1.8709
4466.41 1.70577
4467.94 1.76928
4469.47 1.73777
4471.0 1.59344
4472.53 1.82048
4474.06 1.72932
4475.59 1.77025
4477.12 1.67037
4478.65 1.65279
4480.18 1.56588
4481.71 1.65845
4483.24 1.78031
4484.77 1.82015
4486.3 1.6772
4487.83 1.56188
4489.36 1.59986
4490.89 1.53251
4492.42 1.45832
4493.95 1.41113
4495.48 1.37121
4497.01 1.81656
4498.54 1.73672
4500.07 1.68977
4501.6 1.78052
4503.13 1.65481
4504.66 1.49634
4506.19 1.78274
4507.72 1.51788
4509.25 1.48434
4510.78 1.70209
4512.31 1.67364
4513.84 1.7271
4515.37 1.38086
4516.9 1.5144
4518.43 1.59683
4519.96 1.64281
4521.49 1.61647
4523.02 1.55433
4524.55 1.24696
4526.08 1.2626
4527.61 1.34551
4529.14 1.48721
4530.67 1.56394
4532.2 1.56241
4533.73 1.58184
4535.26 1.70488
4536.79 1.46523
4538.32 1.51881
4539.85 1.70221
4541.38 1.44337
4542.91 1.48564
4544.44 1.51279
4545.97 1.45755
4547.5 1.55885
4549.03 1.63215
4550.56 1.60463
4552.09 1.39206
4553.62 1.56018
4555.15 1.15249
4556.68 1.33007
4558.21 1.28235
4559.74 1.51901
4561.27 1.29262
4562.8 1.37569
4564.33 1.4706
4565.86 1.1019
4567.39 1.52471
4568.92 1.60891
4570.45 1.32842
4571.98 1.31888
4573.51 1.65934
4575.04 1.45574
4576.57 1.22385
4578.1 1.21096
4579.63 1.27916
4581.16 1.50745
4582.69 1.40462
4584.22 1.38147
4585.75 1.47646
4587.28 1.23775
4588.81 1.46499
4590.34 1.39456
4591.87 1.24276
4593.4 1.09087
4594.93 1.02772
4596.46 1.19294
4597.99 1.35391
4599.52 1.17273
4601.05 1.18894
4602.58 1.2634
4604.11 1.11847
4605.64 0.9465
4607.17 1.13366
4608.7 1.46947
4610.23 1.51679
4611.76 1.22619
4613.29 1.18364
4614.82 1.09572
4616.35 1.3746
4617.88 1.3622
4619.41 1.28143
4620.94 1.48475
4622.47 1.33775
4624.0 1.40798
4625.53 1.18748
4627.06 1.34725
4628.59 1.13188
4630.12 1.12473
4631.65 1.10651
4633.18 1.41573
4634.71 0.90404
4636.24 1.18861
4637.77 1.25112
4639.3 1.18126
4640.83 1.41202
4642.36 1.32676
4643.89 1.45772
4645.42 1.27625
4646.95 1.48204
4648.48 1.3085
4650.01 1.32094
4651.54 1.19403
4653.07 1.24716
4654.6 1.54455
4656.13 1.53946
4657.66 1.43016
4659.19 1.17269
4660.72 1.46208
4662.25 1.09976
4663.78 1.21463
4665.31 1.25201
4666.84 1.1059
4668.37 1.0775
4669.9 0.98432
4671.43 1.09944
4672.96 1.16599
4674.49 1.06998
4676.02 1.06033
4677.55 1.35084
4679.08 1.0303
4680.61 1.22575
4682.14 1.27084
4683.67 1.08287
4685.2 1.16926
4686.73 1.14316
4688.26 1.06315
4689.79 1.01103
4691.32 1.02323
4692.85 1.2668
4694.38 1.15144
4695.91 1.24191
4697.44 1.24502
4698.97 1.10421
4700.5 0.96303
4702.03 0.98327
4703.56 1.02311
4705.09 1.26231
4706.62 1.3422
4708.15 1.08077
4709.68 1.3085
4711.21 1.23379
4712.74 1.25294
4714.27 1.40454
4715.8 1.3226
4717.33 1.28656
4718.86 1.08328
4720.39 1.07536
4721.92 0.98093
4723.45 1.20874
4724.98 1.30078
4726.51 0.98016
4728.04 1.12029
4729.57 1.14595
4731.1 1.26454
4732.63 1.21536
4734.16 1.31739
4735.69 1.07269
4737.22 1.01006
4738.75 1.06081
4740.28 1.35674
4741.81 1.18049
4743.34 1.27561
4744.87 1.37432
4746.4 1.18029
4747.93 1.1935
4749.46 1.06865
4750.99 1.01143
4752.52 1.01944
4754.05 0.90254
4755.58 0.88921
4757.11 0.99107
4758.64 0.97418
4760.17 1.39622
4761.7 1.14643
4763.23 1.22886
4764.76 1.42794
4766.29 1.15597
4767.82 1.03717
4769.35 1.12085
4770.88 1.15811
4772.41 1.1
4773.94 1.21152
4775.47 1.28361
4777.0 1.25852
4778.53 1.02647
4780.06 0.9284
4781.59 1.19152
4783.12 1.12922
4784.65 1.14291
4786.18 1.04214
4787.71 1.02105
4789.24 1.25157
4790.77 1.45978
4792.3 1.29577
4793.83 1.05754
4795.36 1.07124
4796.89 1.0335
4798.42 1.19411
4799.95 1.25124
4801.48 1.15035
4803.01 1.29132
4804.54 1.1453
4806.07 0.94343
4807.6 1.0004
4809.13 1.12203
4810.66 1.18651
4812.19 1.18688
4813.72 1.02109
4815.25 1.31327
4816.78 1.39198
4818.31 1.17277
4819.84 1.15859
4821.37 1.46547
4822.9 1.31124
4824.43 1.21488
4825.96 1.36276
4827.49 1.23395
4829.02 0.99277
4830.55 1.48059
4832.08 1.26421
4833.61 1.1756
4835.14 1.23682
4836.67 1.25258
4838.2 1.15714
4839.73 1.14437
4841.26 1.07067
4842.79 1.25492
4844.32 1.22853
4845.85 1.11714
4847.38 1.28797
4848.91 1.20356
4850.44 1.07301
4851.97 1.22437
4853.5 1.18312
4855.03 1.26983
4856.56 1.19722
4858.09 1.13152
4859.62 0.92998
4861.15 1.2455
4862.68 1.30664
4864.21 1.28211
4865.74 0.82775
4867.27 0.91414
4868.8 1.19379
4870.33 1.21237
4871.86 1.25072
4873.39 0.9737
4874.92 1.09297
4876.45 0.98501
4877.98 0.82205
4879.51 1.13564
4881.04 1.31044
4882.57 0.87947
4884.1 0.93196
4885.63 1.10542
4887.16 1.24886
4888.69 0.95293
4890.22 1.1733
4891.75 1.17387
4893.28 1.17205
4894.81 1.13815
4896.34 1.02032
4897.87 0.91664
4899.4 1.19249
4900.93 1.0539
4902.46 1.24288
4903.99 1.29565
4905.52 1.2952
4907.05 1.21322
4908.58 1.30563
4910.11 1.16481
4911.64 1.24292
4913.17 1.53618
4914.7 1.34745
4916.23 1.35517
4917.76 1.35626
4919.29 1.151
4920.82 1.08792
4922.35 1.07814
4923.88 1.25936
4925.41 1.09257
4926.94 1.18102
4928.47 1.07423
4930.0 1.07883
4931.53 1.09257
4933.06 1.11734
4934.59 1.2352
4936.12 1.03362
4937.65 0.89947
4939.18 1.25423
4940.71 1.04477
4942.24 0.95511
4943.77 1.14393
4945.3 1.05006
4946.83 1.06283
4948.36 1.09887
4949.89 1.127
4951.42 1.04287
4952.95 0.99515
4954.48 1.12902
4956.01 1.4841
4957.54 1.38187
4959.07 1.46931
4960.6 1.10243
4962.13 1.16514
4963.66 1.30813
4965.19 1.11908
4966.72 1.32123
4968.25 1.01539
4969.78 1.1678
4971.31 1.23565
4972.84 1.34345
4974.37 1.2215
4975.9 1.33189
4977.43 1.16429
4978.96 1.22926
4980.49 1.21726
4982.02 1.35969
4983.55 1.47788
4985.08 1.3068
4986.61 1.09859
4988.14 1.30324
4989.67 1.2514
4991.2 1.10514
4992.73 1.27052
4994.26 1.08659
4995.79 1.05507
4997.32 1.07443
4998.85 0.89446
5000.38 1.21888
5001.91 1.34595
5003.44 1.28219
5004.97 1.19387
5006.5 1.17718
5008.03 0.85014
5009.56 1.23423
5011.09 1.04796
5012.62 0.95951
5014.15 1.47311
5015.68 1.35763
5017.21 1.33048
5018.74 1.31581
5020.27 1.25965
5021.8 1.23888
5023.33 1.0975
5024.86 1.01115
5026.39 1.1293
5027.92 1.26308
5029.45 1.0301
5030.98 0.88998
5032.51 0.96505
5034.04 1.1375
5035.57 1.09253
5037.1 1.11063
5038.63 0.99814
5040.16 0.98069
5041.69 1.04408
5043.22 1.35003
5044.75 1.06449
5046.28 0.9318
5047.81 1.00715
5049.34 1.05629
5050.87 0.98687
5052.4 1.15362
5053.93 1.59703
5055.46 1.3205
5056.99 1.15673
5058.52 1.18643
5060.05 1.07911
5061.58 1.28005
5063.11 1.44224
5064.64 1.14247
5066.17 1.29961
5067.7 1.35876
5069.23 0.85583
5070.76 1.13342
5072.29 1.23706
5073.82 1.29415
5075.35 1.10328
5076.88 1.10299
5078.41 1.12017
5079.94 1.08263
5081.47 1.22264
5083.0 1.3887
5084.53 1.42975
5086.06 1.41792
5087.59 1.49667
5089.12 1.35343
5090.65 0.88197
5092.18 1.08348
5093.71 1.27771
5095.24 1.06194
5096.77 0.95349
5098.3 0.82452
5099.83 1.07346
5101.36 1.11564
5102.89 1.09124
5104.42 1.19172
5105.95 1.43262
5107.48 1.19185
5109.01 1.14982
5110.54 1.14397
5112.07 0.96012
5113.6 1.26227
5115.13 1.11427
5116.66 1.26846
5118.19 1.56915
5119.72 1.50527
5121.25 1.21698
5122.78 1.40604
5124.31 1.40838
5125.84 1.45226
5127.37 1.34607
5128.9 1.26841
5130.43 1.24938
5131.96 1.26809
5133.49 1.27209
5135.02 1.17084
5136.55 1.0754
5138.08 1.12263
5139.61 1.40115
5141.14 1.53133
5142.67 1.31359
5144.2 1.36915
5145.73 1.48741
5147.26 1.37157
5148.79 1.20053
5150.32 1.17605
5151.85 1.44042
5153.38 1.35165
5154.91 1.15657
5156.44 1.13504
5157.97 1.06699
5159.5 1.11932
5161.03 1.47828
5162.56 1.34567
5164.09 1.05515
5165.62 1.18263
5167.15 1.32603
5168.68 1.34462
5170.21 1.34539
5171.74 1.36086
5173.27 1.54071
5174.8 1.81959
5176.33 1.54366
5177.86 1.18494
5179.39 1.2411
5180.92 1.30215
5182.45 1.36898
5183.98 1.34765
5185.51 1.33048
5187.04 1.40931
5188.57 1.20259
5190.1 1.07152
5191.63 1.21544
5193.16 1.39129
5194.69 1.28793
5196.22 1.13217
5197.75 1.12518
5199.28 1.08295
5200.81 1.05406
5202.34 0.8703
5203.87 1.11568
5205.4 1.04331
5206.93 0.972
5208.46 1.13956
5209.99 1.32292
5211.52 0.91911
5213.05 0.8111
5214.58 0.91737
5216.11 0.97551
5217.64 0.99394
5219.17 0.9505
5220.7 1.18684
5222.23 1.21342
5223.76 1.19338
5225.29 1.17621
5226.82 1.13148
5228.35 1.18534
5229.88 1.24744
5231.41 1.12344
5232.94 1.06404
5234.47 1.13794
5236.0 1.14081
5237.53 1.02085
5239.06 1.51489
5240.59 1.23807
5242.12 0.948
5243.65 0.97115
5245.18 1.01467
5246.71 0.90307
5248.24 0.94969
5249.77 0.91135
5251.3 0.84852
5252.83 1.12283
5254.36 1.03443
5255.89 1.19754
5257.42 0.99927
5258.95 0.95854
5260.48 0.733
5262.01 0.7351
5263.54 0.93879
5265.07 0.99321
5266.6 1.16275
5268.13 1.01188
5269.66 1.0859
5271.19 1.04885
5272.72 1.17201
5274.25 1.12821
5275.78 1.02966
5277.31 1.20667
5278.84 1.25047
5280.37 0.86016
5281.9 0.8031
5283.43 1.18001
5284.96 1.135
5286.49 0.9465
5288.02 0.92137
5289.55 0.97252
5291.08 1.17007
5292.61 1.21815
5294.14 1.14603
5295.67 0.82209
5297.2 0.74496
5298.73 0.94226
5300.26 1.14029
5301.79 0.95264
5303.32 0.91099
5304.85 1.07887
5306.38 1.15197
5307.91 0.90585
5309.44 0.90747
5310.97 1.05911
5312.5 1.04582
5314.03 0.91284
5315.56 0.98998
5317.09 1.1173
5318.62 1.05156
5320.15 0.89523
5321.68 0.71655
5323.21 0.88161
5324.74 0.87123
5326.27 0.73482
5327.8 0.8743
5329.33 0.94089
5330.86 0.92771
5332.39 1.03798
5333.92 1.44418
5335.45 1.40996
5336.98 1.33856
5338.51 1.39278
5340.04 1.14768
5341.57 0.98885
5343.1 0.89026
5344.63 0.96865
5346.16 1.22603
5347.69 1.24183
5349.22 1.30749
5350.75 1.16627
5352.28 1.0819
5353.81 1.2571
5355.34 0.92638
5356.87 0.92101
5358.4 0.77041
5359.93 0.8646
5361.46 0.78068
5362.99 0.97127
5364.52 1.31872
5366.05 1.29682
5367.58 1.03709
5369.11 1.01253
5370.64 1.06433
5372.17 0.74439
5373.7 0.70362
5375.23 1.26712
5376.76 0.97608
5378.29 0.62346
5379.82 0.9962
5381.35 1.13419
5382.88 1.3308
5384.41 1.12409
5385.94 1.30139
5387.47 1.09249
5389.0 0.60855
5390.53 0.75086
5392.06 1.02917
5393.59 1.09491
5395.12 0.97281
5396.65 0.88347
5398.18 1.2306
5399.71 1.15883
5401.24 1.00642
5402.77 0.96824
5404.3 1.35706
5405.83 1.11798
5407.36 1.16821
5408.89 1.4816
5410.42 1.32219
5411.95 1.10073
5413.48 1.33848
5415.01 1.22534
5416.54 1.23072
5418.07 1.10768
5419.6 1.17916
5421.13 0.98275
5422.66 1.16465
5424.19 1.05843
5425.72 1.52996
5427.25 1.09617
5428.78 1.01406
5430.31 1.18692
5431.84 1.99317
5433.37 1.60645
5434.9 1.06477
5436.43 1.29815
5437.96 1.24866
5439.49 1.33125
5441.02 0.51279
5442.55 1.09217
5444.08 1.89693
5445.61 1.64403
5447.14 1.39109
5448.67 1.14324
5450.2 0.85947
5451.73 1.06837
5453.26 1.09156
5454.79 1.32256
5456.32 0.94541
5457.85 2.04235
5459.38 2.10291
5460.91 1.02857
5462.44 1.76035
5463.97 1.08578
5465.5 0.41367
5467.03 0.865
5468.56 1.0554
5470.09 1.83927
5471.62 2.01697
5473.15 0.78157
5474.68 0.87341
5476.21 1.18882
5477.74 1.88715
5479.27 1.22781
5480.8 1.16881
5482.33 1.39945
5483.86 1.01192
5485.39 1.01014
5486.92 0.91082
5488.45 1.51578
5489.98 0.87793
5491.51 1.03523
5493.04 0.8547
5494.57 1.17932
5496.1 1.46184
5497.63 1.77413
5499.16 0.7972
5500.69 1.0596
5502.22 0.90755
5503.75 0.80634
5505.28 0.88985
5506.81 1.00558
5508.34 1.00174
5509.87 0.8787
5511.4 1.06332
5512.93 1.00117
5514.46 0.82872
5515.99 1.16752
5517.52 1.2952
5519.05 0.86715
5520.58 0.87195
5522.11 0.99151
5523.64 1.03006
5525.17 1.32236
5526.7 1.01713
5528.23 0.90775
5529.76 1.20377
5531.29 0.75825
5532.82 0.62839
5534.35 0.96008
5535.88 1.17787
5537.41 1.01548
5538.94 1.12364
5540.47 1.2611
5542.0 0.64936
5543.53 0.61598
5545.06 0.85111
5546.59 0.95026
5548.12 0.83159
5549.65 0.95733
5551.18 0.82133
5552.71 0.9145
5554.24 1.26033
5555.77 1.43929
5557.3 1.14514
5558.83 0.76504
5560.36 0.87672
5561.89 0.54729
5563.42 1.05083
5564.95 1.2626
5566.48 0.9179
5568.01 0.7627
5569.54 0.81753
5571.07 0.66067
5572.6 1.31197
5574.13 1.73918
5575.66 1.54127
5577.19 1.39484
5578.72 1.54487
5580.25 0.01987
5581.78 0.35252
5583.31 1.47489
5584.84 0.76108
5586.37 0.71849
5587.9 1.10526
5589.43 0.80347
5590.96 0.65934
5592.49 0.66686
5594.02 0.29339
5595.55 0.51158
5597.08 0.5833
5598.61 0.7212
5600.14 0.74536
5601.67 0.90703
5603.2 1.06024
5604.73 1.20094
5606.26 1.16013
5607.79 0.74443
5609.32 0.73154
5610.85 0.99305
5612.38 1.34684
5613.91 0.78452
5615.44 0.81615
5616.97 1.16962
5618.5 0.52228
5620.03 0.5921
5621.56 0.9505
5623.09 1.07378
5624.62 0.87886
5626.15 0.77829
5627.68 0.54665
5629.21 0.61489
5630.74 0.87567
5632.27 1.10522
5633.8 0.93531
5635.33 1.04837
5636.86 1.09701
5638.39 1.08372
5639.92 1.13015
5641.45 1.28425
5642.98 0.66342
5644.51 0.47663
5646.04 0.77955
5647.57 0.8442
5649.1 0.69861
5650.63 0.89539
5652.16 1.04016
5653.69 0.73421
5655.22 0.69583
5656.75 0.81939
5658.28 1.05297
5659.81 1.05863
5661.34 0.75571
5662.87 0.72156
5664.4 1.04198
5665.93 1.00077
5667.46 0.81971
5668.99 0.64318
5670.52 0.55445
5672.05 0.6917
5673.58 1.00711
5675.11 0.92436
5676.64 0.6075
5678.17 0.78767
5679.7 0.95143
5681.23 0.79664
5682.76 1.02647
5684.29 0.87284
5685.82 0.52257
5687.35 0.23536
5688.88 0.26401
5690.41 0.18422
5691.94 -0.03105
5693.47 1.4367
5695.0 1.41788
5696.53 1.01277
5698.06 0.79308
5699.59 0.66124
5701.12 0.66071
5702.65 0.73134
5704.18 0.54313
5705.71 0.54386
5707.24 0.72577
5708.77 0.74237
5710.3 0.67974
5711.83 0.75555
5713.36 0.99394
5714.89 1.16433
5716.42 0.97612
5717.95 0.61986
5719.48 0.55804
5721.01 0.66673
5722.54 0.74852
5724.07 0.74447
5725.6 0.92529
5727.13 1.12918
5728.66 0.96267
5730.19 0.88355
5731.72 1.08958
5733.25 0.89571
5734.78 0.57804
5736.31 0.88909
5737.84 1.05871
5739.37 0.68799
5740.9 0.57025
5742.43 0.61332
5743.96 0.58257
5745.49 0.77559
5747.02 0.67554
5748.55 0.4582
5750.08 0.65793
5751.61 0.82549
5753.14 0.83704
5754.67 0.90379
5756.2 0.88044
5757.73 0.81712
5759.26 0.94157
5760.79 1.18514
5762.32 1.06138
5763.85 0.62491
5765.38 0.79555
5766.91 1.13556
5768.44 0.90206
5769.97 0.74201
5771.5 0.5694
5773.03 0.55869
5774.56 1.06667
5776.09 1.15128
5777.62 0.70775
5779.15 0.64932
5780.68 0.88052
5782.21 0.89587
5783.74 0.9758
5785.27 0.96432
5786.8 0.61877
5788.33 0.48289
5789.86 0.73716
5791.39 0.76464
5792.92 0.53206
5794.45 0.7254
5795.98 0.95139
5797.51 0.89947
5799.04 0.73154
5800.57 0.55287
5802.1 0.72653
5803.63 0.97701
5805.16 0.78969
5806.69 0.70839
5808.22 1.15306
5809.75 1.12154
5811.28 0.75353
5812.81 0.79013
5814.34 0.84989
5815.87 0.78997
5817.4 1.01087
5818.93 1.33076
5820.46 1.22255
5821.99 1.10093
5823.52 1.1514
5825.05 1.11196
5826.58 1.14077
5828.11 0.98428
5829.64 0.83797
5831.17 1.13988
5832.7 1.55336
5834.23 1.34066
5835.76 0.83688
5837.29 0.77122
5838.82 0.66774
5840.35 0.65021
5841.88 1.00743
5843.41 1.34422
5844.94 1.26534
5846.47 1.00808
5848.0 0.49174
5849.53 0.13582
5851.06 0.43545
5852.59 0.68989
5854.12 0.7572
5855.65 1.07515
5857.18 1.17269
5858.71 0.88476
5860.24 0.90925
5861.77 1.2552
5863.3 1.22049
5864.83 0.95826
5866.36 0.7614
5867.89 0.69449
5869.42 1.01378
5870.95 1.54313
5872.48 1.34288
5874.01 0.79587
5875.54 0.93466
5877.07 1.09637
5878.6 1.03471
5880.13 1.14255
5881.66 1.07071
5883.19 0.79328
5884.72 0.79999
5886.25 1.01701
5887.78 0.72132
5889.31 0.96206
5890.84 2.08497
5892.37 1.77934
5893.9 1.29787
5895.43 1.88686
5896.96 1.67368
5898.49 0.9798
5900.02 0.98113
5901.55 1.00194
5903.08 0.8208
5904.61 1.2628
5906.14 1.32361
5907.67 0.84508
5909.2 0.91988
5910.73 0.98925
5912.26 0.71364
5913.79 0.8265
5915.32 1.06061
5916.85 0.9105
5918.38 0.98723
5919.91 1.33064
5921.44 1.12999
5922.97 0.96711
5924.5 1.01988
5926.03 0.9105
5927.56 0.9379
5929.09 1.12174
5930.62 1.096
5932.15 0.75332
5933.68 0.62403
5935.21 0.86048
5936.74 0.81223
5938.27 0.65324
5939.8 0.82512
5941.33 1.17443
5942.86 1.43929
5944.39 1.38705
5945.92 1.44818
5947.45 1.41028
5948.98 1.21666
5950.51 1.33622
5952.04 1.41868
5953.57 1.08344
5955.1 0.81745
5956.63 1.03107
5958.16 1.1017
5959.69 0.9486
5961.22 1.04598
5962.75 1.28676
5964.28 1.18065
5965.81 0.98618
5967.34 1.01677
5968.87 1.04287
5970.4 1.13766
5971.93 1.19884
5973.46 1.12162
5974.99 1.05212
5976.52 1.16271
5978.05 1.18389
5979.58 1.26078
5981.11 1.44652
5982.64 1.06194
5984.17 0.61978
5985.7 0.81131
5987.23 1.08287
5988.76 1.03774
5990.29 1.00299
5991.82 1.14126
5993.35 1.17096
5994.88 1.14413
5996.41 1.17948
5997.94 0.91685
5999.47 0.79797
6001.0 0.90177
6002.53 1.00796
6004.06 1.0238
6005.59 0.95693
6007.12 1.07653
6008.65 1.11641
6010.18 0.99584
6011.71 0.81983
6013.24 0.6717
6014.77 0.67979
6016.3 0.74593
6017.83 0.92921
6019.36 1.13007
6020.89 1.24199
6022.42 1.2211
6023.95 1.08388
6025.48 0.98986
6027.01 0.94311
6028.54 0.90759
6030.07 0.96553
6031.6 0.92129
6033.13 0.81191
6034.66 0.76431
6036.19 0.7351
6037.72 0.83498
6039.25 0.85393
6040.78 0.79631
6042.31 0.90436
6043.84 1.21682
6045.37 1.39759
6046.9 0.96529
6048.43 0.82383
6049.96 1.16987
6051.49 0.8947
6053.02 0.7751
6054.55 1.03818
6056.08 1.00061
6057.61 0.88355
6059.14 0.8168
6060.67 0.64843
6062.2 0.5294
6063.73 0.70104
6065.26 0.89846
6066.79 0.82048
6068.32 1.0198
6069.85 1.12829
6071.38 0.7709
6072.91 0.98481
6074.44 1.26801
6075.97 1.04065
6077.5 1.04218
6079.03 1.17019
6080.56 1.13269
6082.09 1.09867
6083.62 0.97123
6085.15 0.77134
6086.68 0.86917
6088.21 1.14166
6089.74 0.9124
6091.27 0.68564
6092.8 0.86739
6094.33 1.1057
6095.86 1.13891
6097.39 0.92323
6098.92 0.7326
6100.45 0.74763
6101.98 0.89434
6103.51 0.92266
6105.04 0.7029
6106.57 0.6374
6108.1 0.82763
6109.63 0.79789
6111.16 0.94982
6112.69 1.07229
6114.22 0.65679
6115.75 0.71449
6117.28 1.16566
6118.81 1.03717
6120.34 0.91943
6121.87 0.97955
6123.4 0.80217
6124.93 0.76157
6126.46 0.85543
6127.99 0.94238
6129.52 0.924
6131.05 0.97499
6132.58 0.96921
6134.11 0.74451
6135.64 0.72322
6137.17 0.89103
6138.7 0.90157
6140.23 0.75538
6141.76 0.66237
6143.29 0.77122
6144.82 0.95139
6146.35 1.06748
6147.88 1.02679
6149.41 1.01968
6150.94 0.94913
6152.47 0.82072
6154.0 0.94194
6155.53 1.28017
6157.06 1.19997
6158.59 0.9065
6160.12 1.14829
6161.65 1.16898
6163.18 1.12764
6164.71 1.39161
6166.24 1.24005
6167.77 0.99786
6169.3 1.10514
6170.83 1.07742
6172.36 0.89099
6173.89 0.90214
6175.42 1.09782
6176.95 0.87963
6178.48 0.77054
6180.01 1.04618
6181.54 0.99394
6183.07 1.01576
6184.6 1.13047
6186.13 0.96368
6187.66 0.87644
6189.19 0.90036
6190.72 0.92965
6192.25 0.94125
6193.78 0.85022
6195.31 0.78763
6196.84 0.84824
6198.37 0.88779
6199.9 0.8844
6201.43 0.79421
6202.96 0.82529
6204.49 1.01487
6206.02 0.98545
6207.55 1.13556
6209.08 1.27359
6210.61 1.15916
6212.14 1.21956
6213.67 1.12562
6215.2 1.01358
6216.73 0.98735
6218.26 0.90303
6219.79 0.96198
6221.32 1.10271
6222.85 1.31916
6224.38 1.17665
6225.91 0.71861
6227.44 0.74973
6228.97 0.83862
6230.5 0.65801
6232.03 0.76629
6233.56 0.8507
6235.09 0.75894
6236.62 1.0381
6238.15 1.11269
6239.68 0.76476
6241.21 0.89135
6242.74 1.19471
6244.27 1.17043
6245.8 1.07621
6247.33 1.16227
6248.86 1.16877
6250.39 0.9143
6251.92 0.86707
6253.45 0.78916
6254.98 0.69712
6256.51 1.11843
6258.04 1.13007
6259.57 0.83385
6261.1 1.05354
6262.63 1.08873
6264.16 0.78593
6265.69 0.85801
6267.22 0.98069
6268.75 0.7886
6270.28 0.87507
6271.81 1.08901
6273.34 0.93794
6274.87 0.9202
6276.4 1.11863
6277.93 0.91175
6279.46 0.68524
6280.99 0.91939
6282.52 1.01455
6284.05 0.87507
6285.58 0.95931
6287.11 0.99709
6288.64 0.86072
6290.17 0.94549
6291.7 0.9602
6293.23 0.63885
6294.76 0.65433
6296.29 0.90994
6297.82 1.00287
6299.35 1.28021
6300.88 1.303
6302.41 0.95204
6303.94 0.95984
6305.47 1.21035
6307.0 1.03826
6308.53 0.83292
6310.06 1.08109
6311.59 1.16094
6313.12 0.94873
6314.65 0.99208
6316.18 1.26179
6317.71 1.26357
6319.24 1.09827
6320.77 0.8762
6322.3 0.69958
6323.83 0.96267
6325.36 1.16433
6326.89 0.85187
6328.42 0.88339
6329.95 1.1436
6331.48 0.88921
6333.01 0.84868
6334.54 1.13677
6336.07 1.09354
6337.6 1.01091
6339.13 1.09815
6340.66 1.04396
6342.19 0.88468
6343.72 1.06473
6345.25 1.30135
6346.78 1.20712
6348.31 0.96489
6349.84 0.73813
6351.37 0.78145
6352.9 1.08909
6354.43 0.99972
6355.96 0.69425
6357.49 0.95107
6359.02 1.20211
6360.55 1.04299
6362.08 1.04885
6363.61 1.19528
6365.14 1.06558
6366.67 0.95862
6368.2 0.96521
6369.73 0.93757
6371.26 1.08453
6372.79 1.21904
6374.32 1.27039
6375.85 1.27213
6377.38 1.27953
6378.91 1.08958
6380.44 0.93971
6381.97 1.17213
6383.5 1.29545
6385.03 0.89333
6386.56 0.81256
6388.09 1.29836
6389.62 1.36042
6391.15 1.30159
6392.68 1.49174
6394.21 1.21859
6395.74 0.79175
6397.27 0.93745
6398.8 1.25779
6400.33 1.287
6401.86 1.20619
6403.39 0.91325
6404.92 0.68245
6406.45 0.98663
6407.98 1.17855
6409.51 1.02133
6411.04 1.03386
6412.57 0.95317
6414.1 0.86294
6415.63 1.09378
6417.16 1.23904
6418.69 0.94145
6420.22 0.74395
6421.75 0.82436
6423.28 0.82302
6424.81 1.11407
6426.34 1.4677
6427.87 1.17944
6429.4 0.95717
6430.93 1.17702
6432.46 1.11754
6433.99 0.90751
6435.52 1.13241
6437.05 1.31161
6438.58 1.00343
6440.11 0.9259
6441.64 1.05633
6443.17 1.03325
6444.7 1.012
6446.23 1.02295
6447.76 0.97648
6449.29 1.11609
6450.82 1.49941
6452.35 1.41113
6453.88 1.03495
6455.41 0.97749
6456.94 1.01721
6458.47 1.04574
6460.0 1.00077
6461.53 0.90371
6463.06 1.03798
6464.59 1.35407
6466.12 1.28155
6467.65 0.91971
6469.18 1.03592
6470.71 1.16453
6472.24 1.02469
6473.77 1.18748
6475.3 1.09386
6476.83 0.7368
6478.36 0.81591
6479.89 1.08974
6481.42 1.10469
6482.95 1.06683
6484.48 1.14223
6486.01 1.06182
6487.54 0.96485
6489.07 1.15395
6490.6 1.00707
6492.13 0.7633
6493.66 0.96331
6495.19 0.98671
6496.72 0.93167
6498.25 0.94335
6499.78 0.95648
6501.31 0.99709
6502.84 1.07071
6504.37 1.20344
6505.9 1.13386
6507.43 1.01321
6508.96 0.96343
6510.49 0.75094
6512.02 0.87664
6513.55 1.19213
6515.08 1.04117
6516.61 0.85511
6518.14 1.09709
6519.67 1.12401
6521.2 0.89579
6522.73 1.10651
6524.26 1.04142
6525.79 0.74169
6527.32 0.91672
6528.85 1.18671
6530.38 1.18813
6531.91 1.14582
6533.44 0.98481
6534.97 0.76153
6536.5 1.00242
6538.03 1.15205
6539.56 0.92363
6541.09 0.9781
6542.62 1.219
6544.15 1.11851
6545.68 1.12182
6547.21 1.19997
6548.74 0.99305
6550.27 0.95652
6551.8 1.22247
6553.33 1.23229
6554.86 1.04501
6556.39 1.10804
6557.92 1.09334
6559.45 0.77365
6560.98 0.74346
6562.51 0.99871
6564.04 0.86117
6565.57 0.74973
6567.1 0.94937
6568.63 0.9945
6570.16 0.87038
6571.69 0.8703
6573.22 0.90125
6574.75 0.97531
6576.28 1.07237
6577.81 0.96141
6579.34 0.79539
6580.87 0.94137
6582.4 1.01778
6583.93 0.87038
6585.46 0.93959
6586.99 1.04453
6588.52 0.8629
6590.05 0.74985
6591.58 0.92367
6593.11 0.89313
6594.64 0.82937
6596.17 1.03426
6597.7 0.93014
6599.23 0.83349
6600.76 0.94626
6602.29 0.83761
6603.82 0.83393
6605.35 1.03976
6606.88 0.95765
6608.41 0.84557
6609.94 1.08695
6611.47 1.01067
6613.0 0.58718
6614.53 0.70055
6616.06 1.0004
6617.59 0.89971
6619.12 0.8766
6620.65 1.08566
6622.18 1.11196
6623.71 1.06804
6625.24 1.13144
6626.77 1.05568
6628.3 0.90783
6629.83 1.01471
6631.36 0.96675
6632.89 0.85123
6634.42 1.13633
6635.95 1.32995
6637.48 1.0716
6639.01 0.92921
6640.54 0.90828
6642.07 0.83785
6643.6 0.98347
6645.13 0.99596
6646.66 0.71385
6648.19 0.72924
6649.72 0.87983
6651.25 0.74027
6652.78 0.87418
6654.31 1.22538
6655.84 1.0103
6657.37 0.81179
6658.9 1.04194
6660.43 1.06578
6661.96 0.89503
6663.49 0.88408
6665.02 0.93693
6666.55 0.94557
6668.08 1.02113
6669.61 0.93256
6671.14 0.64023
6672.67 0.76553
6674.2 0.88945
6675.73 0.63999
6677.26 0.78318
6678.79 1.12663
6680.32 1.02772
6681.85 0.86379
6683.38 0.90606
6684.91 0.85143
6686.44 0.94347
6687.97 1.09903
6689.5 0.98663
6691.03 0.91115
6692.56 1.03285
6694.09 1.03972
6695.62 0.84363
6697.15 0.90929
6698.68 1.09152
6700.21 1.0
6701.74 1.02982
6703.27 1.00331
6704.8 0.81955
6706.33 0.87866
6707.86 0.95862
6709.39 0.85454
6710.92 0.89705
6712.45 0.99976
6713.98 0.88375
6715.51 0.9566
6717.04 1.14102
6718.57 1.00634
6720.1 0.93103
6721.63 1.04978
6723.16 1.10101
6724.69 1.06606
6726.22 1.00396
6727.75 0.91208
6729.28 0.88476
6730.81 0.96287
6732.34 0.98149
6733.87 0.8385
6735.4 0.70997
6736.93 0.70718
6738.46 0.81155
6739.99 0.82674
6741.52 0.8263
6743.05 0.86258
6744.58 0.924
6746.11 1.03927
6747.64 1.00255
6749.17 0.98032
6750.7 1.13164
6752.23 1.14393
6753.76 1.03927
6755.29 1.04707
6756.82 0.99899
6758.35 0.91854
6759.88 1.0442
6761.41 1.22259
6762.94 1.15314
6764.47 1.13374
6766.0 1.11241
6767.53 0.82234
6769.06 0.79676
6770.59 1.01499
6772.12 0.87373
6773.65 0.79587
6775.18 0.97592
6776.71 0.89442
6778.24 0.81623
6779.77 0.95353
6781.3 0.84545
6782.83 0.74056
6784.36 1.00044
6785.89 0.9739
6787.42 0.77413
6788.95 0.82189
6790.48 0.83583
6792.01 0.81514
6793.54 0.84945
6795.07 0.87931
6796.6 0.86302
6798.13 0.78427
6799.66 0.67195
6801.19 0.57453
6802.72 0.65837
6804.25 0.87191
6805.78 0.84856
6807.31 0.71466
6808.84 0.86759
6810.37 1.03766
6811.9 1.06336
6813.43 1.07047
6814.96 0.9522
6816.49 0.69958
6818.02 0.78512
6819.55 1.01131
6821.08 0.86181
6822.61 0.76201
6824.14 0.77288
6825.67 0.72779
6827.2 0.76468
6828.73 0.88763
6830.26 0.97357
6831.79 0.81175
6833.32 0.72156
6834.85 0.78128
6836.38 0.85543
6837.91 1.03883
6839.44 0.98812
6840.97 0.82056
6842.5 0.90747
6844.03 0.96764
6845.56 0.84323
6847.09 0.90234
6848.62 1.05043
6850.15 0.89737
6851.68 0.89446
6853.21 0.97576
6854.74 0.79118
6856.27 0.77938
6857.8 0.86763
6859.33 0.68443
6860.86 0.62039
6862.39 0.8429
6863.92 0.77692
6865.45 0.4761
6866.98 0.49448
6868.51 0.56721
6870.04 0.65449
6871.57 0.7766
6873.1 0.57109
6874.63 0.22968
6876.16 0.49525
6877.69 0.97467
6879.22 1.03786
6880.75 0.97192
6882.28 0.99871
6883.81 0.88577
6885.34 0.60629
6886.87 0.63328
6888.4 0.78969
6889.93 0.73009
6891.46 0.70362
6892.99 0.74884
6894.52 0.6753
6896.05 0.87688
6897.58 1.08021
6899.11 0.80577
6900.64 0.76569
6902.17 1.0
6903.7 0.85034
6905.23 0.78512
6906.76 0.96234
6908.29 0.86391
6909.82 0.76435
6911.35 0.93745
6912.88 0.81591
6914.41 0.76678
6915.94 1.05422
6917.47 0.91773
6919.0 0.78512
6920.53 1.00974
6922.06 1.09346
6923.59 0.79583
6925.12 0.55481
6926.65 0.7846
6928.18 1.01188
6929.71 1.06033
6931.24 1.01531
6932.77 0.84133
6934.3 0.86997
6935.83 1.12073
6937.36 1.06707
6938.89 0.83531
6940.42 0.90093
6941.95 0.93834
6943.48 1.11665
6945.01 1.19358
6946.54 0.9857
6948.07 0.86727
6949.6 1.02166
6951.13 1.03548
6952.66 0.62605
6954.19 0.56083
6955.72 0.70585
6957.25 0.62847
6958.78 0.87894
6960.31 1.13043
6961.84 0.78537
6963.37 0.63865
6964.9 0.88836
6966.43 1.05022
6967.96 1.06962
6969.49 1.00044
6971.02 0.86403
6972.55 0.88331
6974.08 1.00966
6975.61 0.88177
6977.14 0.93822
6978.67 1.19904
6980.2 1.03697
6981.73 0.80767
6983.26 0.88311
6984.79 0.99915
6986.32 0.8863
6987.85 0.84977
6989.38 0.964
6990.91 0.94157
6992.44 0.96343
6993.97 1.08295
6995.5 0.95386
6997.03 0.87943
6998.56 1.09289
7000.09 1.02707
7001.62 0.90852
7003.15 1.23193
7004.68 1.24854
7006.21 0.84218
7007.74 0.95083
7009.27 1.10716
7010.8 0.9741
7012.33 1.09435
7013.86 1.22558
7015.39 0.95281
7016.92 0.87507
7018.45 1.15782
7019.98 1.13782
7021.51 0.97345
7023.04 1.14437
7024.57 1.18401
7026.1 0.97353
7027.63 1.0834
7029.16 1.12384
7030.69 0.86068
7032.22 0.89313
7033.75 1.10881
7035.28 1.1177
7036.81 1.04408
7038.34 1.12962
7039.87 1.03976
7041.4 1.05152
7042.93 1.17475
7044.46 1.14506
7045.99 1.12522
7047.52 1.06469
7049.05 1.17932
7050.58 1.29088
7052.11 1.32377
7053.64 1.13132
7055.17 0.86993
7056.7 0.98125
7058.23 1.04635
7059.76 1.08542
7061.29 1.27961
7062.82 1.29023
7064.35 1.07794
7065.88 1.13342
7067.41 1.19237
7068.94 1.03592
7070.47 1.06526
7072.0 1.19306
7073.53 1.13435
7075.06 1.10336
7076.59 1.24276
7078.12 1.18199
7079.65 1.00578
7081.18 1.18873
7082.71 1.22761
7084.24 0.89446
7085.77 0.92998
7087.3 1.03503
7088.83 0.9048
7090.36 0.97927
7091.89 1.22183
7093.42 0.98602
7094.95 0.89123
7096.48 1.17536
7098.01 1.06841
7099.54 0.90056
7101.07 1.04457
7102.6 1.12776
7104.13 1.17556
7105.66 1.44442
7107.19 1.38478
7108.72 1.14166
7110.25 1.3051
7111.78 1.30292
7113.31 1.04889
7114.84 1.1455
7116.37 1.2489
7117.9 0.98428
7119.43 0.95729
7120.96 1.28575
7122.49 1.26235
7124.02 1.17968
7125.55 1.36175
7127.08 1.30716
7128.61 1.23395
7130.14 1.37856
7131.67 1.35238
7133.2 1.28728
7134.73 1.4961
7136.26 1.44422
7137.79 1.1689
7139.32 1.35904
7140.85 1.53057
7142.38 1.36288
7143.91 1.27848
7145.44 1.32264
7146.97 1.32834
7148.5 1.38717
7150.03 1.72686
7151.56 1.71902
7153.09 1.46058
7154.62 1.62168
7156.15 1.74241
7157.68 1.66892
7159.21 1.87979
7160.74 1.88173
7162.27 1.55437
7163.8 1.57053
7165.33 1.73542
7166.86 1.70055
7168.39 1.70326
7169.92 1.857
7171.45 1.86565
7172.98 1.66904
7174.51 1.61796
7176.04 1.76904
7177.57 1.86403
7179.1 1.81999
7180.63 1.73534
7182.16 1.71437
7183.69 1.80282
7185.22 1.73389
7186.75 1.6397
7188.28 1.98857
7189.81 2.19411
7191.34 1.92186
7192.87 1.84799
7194.4 1.88872
7195.93 1.64265
7197.46 1.59873
7198.99 1.74443
7200.52 1.66593
7202.05 1.63893
7203.58 1.80464
7205.11 1.8861
7206.64 1.9101
7208.17 1.96885
7209.7 1.92998
7211.23 1.9147
7212.76 1.9507
7214.29 1.81551
7215.82 1.80242
7217.35 2.07996
7218.88 2.02436
7220.41 1.68051
7221.94 1.66459
7223.47 1.69033
7225.0 1.5656
7226.53 1.66665
7228.06 1.71506
7229.59 1.4239
7231.12 1.34135
7232.65 1.59336
7234.18 1.61635
7235.71 1.49558
7237.24 1.53065
7238.77 1.56354
7240.3 1.39682
7241.83 1.27524
7243.36 1.30066
7244.89 1.00679
7246.42 0.91608
7247.95 1.27347
7249.48 1.37541
7251.01 1.3624
7252.54 1.55582
7254.07 1.4658
7255.6 1.21544
7257.13 1.30834
7258.66 1.18882
7260.19 1.00194
7261.72 1.15504
7263.25 1.21322
7264.78 1.22668
7266.31 1.33363
7267.84 1.3563
7269.37 1.20667
7270.9 1.14918
7272.43 1.27674
7273.96 1.36878
7275.49 1.37412
7277.02 1.10926
7278.55 0.87777
7280.08 1.12679
7281.61 1.45675
7283.14 1.5517
7284.67 1.52006
7286.2 1.51352
7287.73 1.26959
7289.26 0.96986
7290.79 1.08122
7292.32 1.16942
7293.85 1.07996
7295.38 1.15172
7296.91 1.11641
7298.44 0.93555
7299.97 1.00574
7301.5 1.25524
7303.03 1.22227
7304.56 1.05734
7306.09 1.14045
7307.62 1.11548
7309.15 1.16154
7310.68 1.28732
7312.21 0.92153
7313.74 0.80476
7315.27 1.12207
7316.8 1.11984
7318.33 0.95862
7319.86 1.05915
7321.39 1.24296
7322.92 1.18372
7324.45 1.09265
7325.98 1.3167
7327.51 1.25108
7329.04 1.33141
7330.57 1.63708
7332.1 1.20207
7333.63 0.8568
7335.16 1.18647
7336.69 1.49857
7338.22 1.3089
7339.75 1.2592
7341.28 1.40377
7342.81 1.18526
7344.34 1.07653
7345.87 1.1613
7347.4 1.20752
7348.93 1.25633
7350.46 1.28151
7351.99 1.08485
7353.52 1.05576
7355.05 1.21666
7356.58 1.0598
7358.11 0.89046
7359.64 1.05342
7361.17 1.0781
7362.7 0.91729
7364.23 1.02707
7365.76 0.91862
7367.29 0.86012
7368.82 1.13079
7370.35 1.07782
7371.88 0.91583
7373.41 0.95071
7374.94 1.03851
7376.47 0.99826
7378.0 1.14021
7379.53 1.14481
7381.06 1.03721
7382.59 1.17936
7384.12 1.24462
7385.65 1.09669
7387.18 1.0177
7388.71 1.14001
7390.24 1.11495
7391.77 1.00929
7393.3 1.05455
7394.83 0.96287
7396.36 0.81801
7397.89 1.0859
7399.42 1.11819
7400.95 0.93858
7402.48 1.00509
7404.01 1.05253
7405.54 0.98574
7407.07 0.85599
7408.6 0.8425
7410.13 0.88755
7411.66 1.00897
7413.19 1.24041
7414.72 1.14316
7416.25 0.88533
7417.78 0.93131
7419.31 0.92852
7420.84 0.75789
7422.37 0.88072
7423.9 1.07208
7425.43 1.03459
7426.96 0.97681
7428.49 0.94852
7430.02 0.82104
7431.55 0.87086
7433.08 1.06994
7434.61 0.87321
7436.14 0.83805
7437.67 1.01923
7439.2 0.95862
7440.73 0.85822
7442.26 0.9387
7443.79 0.94291
7445.32 0.86137
7446.85 1.02166
7448.38 1.04889
7449.91 0.79963
7451.44 0.77837
7452.97 0.8648
7454.5 0.75494
7456.03 0.82306
7457.56 1.08675
7459.09 1.09689
7460.62 1.01713
7462.15 0.98513
7463.68 0.85078
7465.21 0.81409
7466.74 0.89482
7468.27 0.78803
7469.8 0.62419
7471.33 0.89749
7472.86 1.11629
7474.39 0.81264
7475.92 0.82585
7477.45 0.98162
7478.98 0.85502
7480.51 0.89204
7482.04 0.94606
7483.57 0.85955
7485.1 0.84791
7486.63 0.97846
7488.16 0.84618
7489.69 0.72156
7491.22 0.91325
7492.75 0.73312
7494.28 0.72569
7495.81 1.104
7497.34 1.02663
7498.87 0.87866
7500.4 1.02473
7501.93 0.94614
7503.46 0.66673
7504.99 0.85915
7506.52 1.11742
7508.05 0.98792
7509.58 0.87975
7511.11 0.95988
7512.64 0.80666
7514.17 0.7254
7515.7 0.95325
7517.23 1.02974
7518.76 0.86561
7520.29 0.84189
7521.82 0.81413
7523.35 0.78836
7524.88 0.81801
7526.41 0.725
7527.94 0.78472
7529.47 0.98723
7531.0 1.01713
7532.53 0.85834
7534.06 0.85777
7535.59 0.98117
7537.12 0.80496
7538.65 0.74258
7540.18 0.94606
7541.71 0.87276
7543.24 0.82145
7544.77 1.0383
7546.3 1.03236
7547.83 0.8088
7549.36 0.83042
7550.89 0.92925
7552.42 1.05431
7553.95 1.11754
7555.48 1.08776
7557.01 0.97515
7558.54 0.94101
7560.07 0.93147
7561.6 0.75664
7563.13 0.95006
7564.66 1.18849
7566.19 1.06724
7567.72 1.01693
7569.25 1.02982
7570.78 0.89749
7572.31 0.81527
7573.84 0.96501
7575.37 0.9537
7576.9 0.9762
7578.43 1.18203
7579.96 1.01467
7581.49 0.81175
7583.02 0.92889
7584.55 0.90234
7586.08 0.82278
7587.61 0.87907
7589.14 0.9006
7590.67 0.64407
7592.2 0.45238
7593.73 0.49521
7595.26 0.47703
7596.79 0.4167
7598.32 0.37473
7599.85 0.32852
7601.38 0.34165
7602.91 0.4856
7604.44 0.37066
7605.97 0.29306
7607.5 0.45889
7609.03 0.45949
7610.56 0.38943
7612.09 0.5681
7613.62 0.73805
7615.15 0.65744
7616.68 0.76981
7618.21 0.90101
7619.74 0.57105
7621.27 0.50737
7622.8 0.68831
7624.33 0.62144
7625.86 0.39057
7627.39 0.41622
7628.92 0.70605
7630.45 0.63772
7631.98 0.57231
7633.51 0.56018
7635.04 0.47109
7636.57 0.60015
7638.1 0.6751
7639.63 0.59497
7641.16 0.58322
7642.69 0.76132
7644.22 0.71029
7645.75 0.47994
7647.28 0.62621
7648.81 0.73348
7650.34 0.59473
7651.87 0.74896
7653.4 0.8244
7654.93 0.55574
7656.46 0.64156
7657.99 0.77332
7659.52 0.59829
7661.05 0.74403
7662.58 0.95826
7664.11 0.83838
7665.64 0.94202
7667.17 1.00109
7668.7 0.75247
7670.23 0.71619
7671.76 0.76039
7673.29 0.70447
7674.82 0.68342
7676.35 0.75619
7677.88 0.77781
7679.41 0.72892
7680.94 0.88509
7682.47 1.00642
7684.0 0.89066
7685.53 0.90161
7687.06 0.8566
7688.59 0.58726
7690.12 0.74553
7691.65 1.04041
7693.18 0.93822
7694.71 0.85288
7696.24 0.96764
7697.77 0.88222
7699.3 0.70597
7700.83 0.83882
7702.36 0.79454
7703.89 0.70581
7705.42 0.74682
7706.95 0.70104
7708.48 0.69966
7710.01 0.85688
7711.54 1.00832
7713.07 1.10328
7714.6 1.20061
7716.13 1.3207
7717.66 0.99927
7719.19 0.55449
7720.72 0.81454
7722.25 0.71308
7723.78 0.71898
7725.31 1.13435
7726.84 1.14748
7728.37 1.01402
7729.9 1.08986
7731.43 1.07818
7732.96 0.79284
7734.49 0.80399
7736.02 1.09366
7737.55 0.87236
7739.08 0.57061
7740.61 0.62451
7742.14 0.55368
7743.67 0.56342
7745.2 0.86606
7746.73 1.04764
7748.26 1.01148
7749.79 0.95588
7751.32 0.9526
7752.85 0.90339
7754.38 0.92501
7755.91 0.80133
7757.44 0.75272
7758.97 0.86682
7760.5 0.88294
7762.03 0.63275
7763.56 0.56976
7765.09 0.73882
7766.62 0.63861
7768.15 0.59396
7769.68 0.95907
7771.21 1.1015
7772.74 1.05911
7774.27 0.99127
7775.8 0.83599
7777.33 0.86573
7778.86 0.9162
7780.39 0.83232
7781.92 0.72132
7783.45 0.86395
7784.98 0.86496
7786.51 0.50737
7788.04 0.52414
7789.57 0.91426
7791.1 0.78205
7792.63 0.73171
7794.16 1.08142
7795.69 0.96351
7797.22 0.82884
7798.75 0.82169
7800.28 0.69805
7801.81 0.75227
7803.34 0.98335
7804.87 1.10227
7806.4 0.93915
7807.93 0.89826
7809.46 1.0044
7810.99 0.76953
7812.52 0.7035
7814.05 0.84529
7815.58 0.61457
7817.11 0.72496
7818.64 1.07641
7820.17 0.94303
7821.7 1.12639
7823.23 1.42571
7824.76 1.04574
7826.29 0.73878
7827.82 0.75922
7829.35 0.68564
7830.88 0.65267
7832.41 0.83474
7833.94 0.97256
7835.47 0.7732
7837.0 0.65134
7838.53 0.80407
7840.06 0.65813
7841.59 0.59025
7843.12 0.83749
7844.65 0.80084
7846.18 0.58269
7847.71 0.67393
7849.24 0.75054
7850.77 0.63081
7852.3 1.0061
7853.83 1.29621
7855.36 0.97353
7856.89 0.82294
7858.42 0.79943
7859.95 0.74961
7861.48 0.87785
7863.01 0.79631
7864.54 0.57671
7866.07 0.65158
7867.6 0.92945
7869.13 0.93794
7870.66 0.74936
7872.19 0.71785
7873.72 0.60867
7875.25 0.59986
7876.78 0.82937
7878.31 1.0861
7879.84 1.00687
7881.37 0.68286
7882.9 0.57974
7884.43 0.52277
7885.96 0.50943
7887.49 0.59287
7889.02 0.66617
7890.55 0.75486
7892.08 0.7888
7893.61 0.76658
7895.14 0.68819
7896.67 0.88177
7898.2 0.87797
7899.73 0.69389
7901.26 0.81967
7902.79 0.86193
7904.32 0.82997
7905.85 0.92541
7907.38 0.78359
7908.91 0.99394
7910.44 1.51036
7911.97 1.09225
7913.5 0.27313
7915.03 0.53881
7916.56 1.3451
7918.09 1.1095
7919.62 0.64968
7921.15 0.65191
7922.68 0.59025
7924.21 0.67041
7925.74 0.81098
7927.27 0.67566
7928.8 0.57412
7930.33 0.81498
7931.86 0.86969
7933.39 0.6637
7934.92 0.78864
7936.45 0.98416
7937.98 0.90383
7939.51 0.95988
7941.04 1.06627
7942.57 0.77389
7944.1 0.76342
7945.63 1.06707
7947.16 0.9318
7948.69 0.67954
7950.22 0.82072
7951.75 0.61813
7953.28 0.45541
7954.81 0.96509
7956.34 0.99297
7957.87 0.65146
7959.4 0.84541
7960.93 1.16316
7962.46 0.96363
7963.99 0.79995
7965.52 0.94986
7967.05 0.83215
7968.58 0.69413
7970.11 0.75652
7971.64 0.59219
7973.17 0.45679
7974.7 0.64455
7976.23 0.74847
7977.76 0.72039
7979.29 0.92691
7980.82 1.07976
7982.35 0.8648
7983.88 0.78658
7985.41 0.80278
7986.94 0.68387
7988.47 0.9781
7990.0 0.95875
7991.53 0.34625
7993.06 0.4327
7994.59 0.821
7996.12 0.63873
7997.65 0.63566
7999.18 0.91571
8000.71 0.76658
8002.24 0.47889
8003.77 0.53683
8005.3 0.80601
8006.83 0.81312
8008.36 0.68609
8009.89 0.66407
8011.42 0.52055
8012.95 0.56374
8014.48 0.66314
8016.01 0.62172
8017.54 0.92388
8019.07 1.25476
8020.6 1.13766
8022.13 0.91462
8023.66 0.82189
8025.19 0.73187
8026.72 0.81611
8028.25 1.05047
8029.78 0.98638
8031.31 0.83575
8032.84 1.06606
8034.37 1.21552
8035.9 0.95006
8037.43 0.7368
8038.96 0.73126
8040.49 0.66451
8042.02 0.79975
8043.55 0.9718
8045.08 0.66782
8046.61 0.59146
8048.14 1.05936
8049.67 1.12841
8051.2 0.92222
8052.73 1.04283
8054.26 1.0941
8055.79 0.94646
8057.32 1.07471
8058.85 1.16033
8060.38 0.8901
8061.91 0.7429
8063.44 0.66568
8064.97 0.6431
8066.5 0.80953
8068.03 1.14805
8069.56 1.02457
8071.09 0.47279
8072.62 0.54309
8074.15 0.83587
8075.68 0.73599
8077.21 0.77288
8078.74 0.82371
8080.27 0.58948
8081.8 0.79498
8083.33 0.99576
8084.86 0.81219
8086.39 0.79571
8087.92 0.87191
8089.45 0.69635
8090.98 0.64625
8092.51 0.96465
8094.04 1.09443
8095.57 0.82302
8097.1 0.7953
8098.63 0.76508
8100.16 0.69082
8101.69 1.15431
8103.22 1.17443
8104.75 0.75009
8106.28 0.91284
8107.81 1.0659
8109.34 0.76565
8110.87 0.73134
8112.4 0.90177
8113.93 0.85648
8115.46 0.75894
8116.99 0.93971
8118.52 1.00364
8120.05 0.67154
8121.58 0.60972
8123.11 0.79151
8124.64 0.68714
8126.17 0.68298
8127.7 0.78549
8129.23 0.73449
8130.76 0.86294
8132.29 0.8568
8133.82 0.77769
8135.35 0.95963
8136.88 1.05334
8138.41 0.90662
8139.94 0.88234
8141.47 1.10562
8143.0 1.06861
8144.53 0.87761
8146.06 1.01467
8147.59 0.89705
8149.12 0.44066
8150.65 0.56693
8152.18 0.93543
8153.71 0.99665
8155.24 1.03976
8156.77 0.96707
8158.3 0.62334
8159.83 0.55255
8161.36 0.76524
8162.89 0.79005
8164.42 0.89054
8165.95 1.16801
8167.48 1.08756
8169.01 0.92707
8170.54 0.96735
8172.07 0.89765
8173.6 0.83919
8175.13 0.82335
8176.66 0.57473
8178.19 0.49097
8179.72 0.92117
8181.25 0.98444
8182.78 0.75797
8184.31 1.2453
8185.84 1.62847
8187.37 1.19362
8188.9 0.74262
8190.43 0.9903
8191.96 1.27827
8193.49 1.15782
8195.02 0.91293
8196.55 0.4801
8198.08 0.3432
8199.61 0.53263
8201.14 0.86173
8202.67 0.99337
8204.2 0.85159
8205.73 1.00396
8207.26 0.9796
8208.79 0.91264
8210.32 0.8044
8211.85 0.63114
8213.38 0.75951
8214.91 0.78238
8216.44 0.66128
8217.97 0.83519
8219.5 0.92497
8221.03 0.80876
8222.56 0.87062
8224.09 0.86145
8225.62 0.69983
8227.15 0.72944
8228.68 1.01911
8230.21 1.1312
8231.74 0.94339
8233.27 0.87709
8234.8 1.04586
8236.33 1.16821
8237.86 1.17576
8239.39 1.16898
8240.92 0.92909
8242.45 0.75684
8243.98 0.9699
8245.51 0.87058
8247.04 0.65946
8248.57 0.87191
8250.1 0.9425
8251.63 0.81959
8253.16 0.93014
8254.69 1.09111
8256.22 0.95394
8257.75 0.73053
8259.28 0.87171
8260.81 1.01067
8262.34 0.91652
8263.87 0.94303
8265.4 0.98545
8266.93 0.88998
8268.46 0.80246
8269.99 0.75607
8271.52 0.76262
8273.05 0.98069
8274.58 1.00554
8276.11 0.9419
8277.64 1.08416
8279.17 0.89369
8280.7 0.64665
8282.23 0.94044
8283.76 1.48911
8285.29 1.27686
8286.82 0.8861
8288.35 1.45513
8289.88 1.62633
8291.41 1.03305
8292.94 0.93677
8294.47 1.04166
8296.0 1.16922
8297.53 1.42757
8299.06 1.33197
8300.59 1.14817
8302.12 1.01257
8303.65 0.81656
8305.18 0.59905
8306.71 0.6713
8308.24 0.80157
8309.77 0.82234
8311.3 1.14607
8312.83 1.25625
8314.36 0.83644
8315.89 0.62879
8317.42 0.84832
8318.95 0.85426
8320.48 0.85078
8322.01 0.9918
8323.54 0.83894
8325.07 0.79551
8326.6 0.90606
8328.13 0.82718
8329.66 0.7248
8331.19 0.87107
8332.72 1.08509
8334.25 1.0775
8335.78 1.01055
8337.31 0.83462
8338.84 0.85959
8340.37 1.17669
8341.9 0.9838
8343.43 0.5759
8344.96 0.5639
8346.49 0.79684
8348.02 0.72936
8349.55 0.73098
8351.08 1.24183
8352.61 1.25334
8354.14 0.79644
8355.67 0.69583
8357.2 0.97325
8358.73 0.93826
8360.26 0.90872
8361.79 1.11116
8363.32 0.96323
8364.85 0.81648
8366.38 0.99919
8367.91 1.02869
8369.44 0.90327
8370.97 1.03729
8372.5 1.03863
8374.03 0.83486
8375.56 0.92788
8377.09 1.06505
8378.62 0.96331
8380.15 0.97883
8381.68 1.25641
8383.21 1.11281
8384.74 0.91353
8386.27 1.08085
8387.8 1.0754
8389.33 0.90973
8390.86 0.80496
8392.39 0.6692
8393.92 0.56875
8395.45 0.56709
8396.98 0.41953
8398.51 0.4458
8400.04 0.81777
8401.57 1.03843
8403.1 0.91777
8404.63 0.87963
8406.16 1.02234
8407.69 0.89854
8409.22 0.77789
8410.75 1.02089
8412.28 1.00954
8413.81 0.65481
8415.34 0.96376
8416.87 1.30648
8418.4 0.98659
8419.93 0.80965
8421.46 0.86783
8422.99 0.70318
8424.52 0.49323
8426.05 0.62504
8427.58 0.75555
8429.11 0.82403
8430.64 1.2434
8432.17 1.02327
8433.7 0.53469
8435.23 0.75963
8436.76 0.96307
8438.29 0.90436
8439.82 0.86961
8441.35 0.80084
8442.88 0.78949
8444.41 0.76298
8445.94 0.69704
8447.47 0.80735
8449.0 0.87248
8450.53 0.54047
8452.06 0.3586
8453.59 0.74597
8455.12 1.05002
8456.65 0.80274
8458.18 0.52552
8459.71 0.63712
8461.24 0.9225
8462.77 1.00642
8464.3 0.95955
8465.83 0.74193
8467.36 0.45432
8468.89 0.77401
8470.42 1.08251
8471.95 0.82258
8473.48 0.79676
8475.01 0.82189
8476.54 0.65033
8478.07 0.77433
8479.6 1.08372
8481.13 1.06247
8482.66 0.97075
8484.19 0.95677
8485.72 0.75429
8487.25 0.65421
8488.78 0.97491
8490.31 1.20122
8491.84 0.92032
8493.37 0.79821
8494.9 0.73437
8496.43 0.41089
8497.96 0.80423
8499.49 1.16789
8501.02 0.55214
8502.55 0.47052
8504.08 1.24987
8505.61 1.2748
8507.14 0.72956
8508.67 0.67364
8510.2 0.78112
8511.73 0.76431
8513.26 0.84088
8514.79 0.79829
8516.32 0.65465
8517.85 0.72007
8519.38 0.68011
8520.91 0.60233
8522.44 0.82351
8523.97 0.92868
8525.5 0.6633
8527.03 0.75627
8528.56 0.90747
8530.09 0.64936
8531.62 0.58588
8533.15 0.84852
8534.68 0.92173
8536.21 0.67005
8537.74 0.7713
8539.27 0.95943
8540.8 0.81591
8542.33 0.7671
8543.86 0.78807
8545.39 0.5837
8546.92 0.60516
8548.45 0.80686
8549.98 0.90416
8551.51 0.84921
8553.04 0.79918
8554.57 0.70314
8556.1 0.57299
8557.63 0.76185
8559.16 0.86763
8560.69 0.7035
8562.22 0.71308
8563.75 0.78472
8565.28 0.80088
8566.81 0.8669
8568.34 0.89688
8569.87 0.83664
8571.4 0.83506
8572.93 0.79442
8574.46 0.70803
8575.99 0.82238
8577.52 1.00509
8579.05 0.87442
8580.58 0.8204
8582.11 1.03241
8583.64 0.90796
8585.17 0.66524
8586.7 0.67259
8588.23 0.80165
8589.76 0.92832
8591.29 1.02626
8592.82 0.97705
8594.35 0.84925
8595.88 0.88836
8597.41 0.98905
8598.94 0.88084
8600.47 0.67817
8602.0 0.77312
8603.53 0.89458
8605.06 0.89713
8606.59 0.9128
8608.12 0.61356
8609.65 0.42624
8611.18 0.67417
8612.71 0.63954
8614.24 0.45897
8615.77 0.7486
8617.3 0.80444
8618.83 0.62411
8620.36 0.71304
8621.89 0.58584
8623.42 0.414
8624.95 0.59639
8626.48 0.92097
8628.01 0.65849
8629.54 0.52867
8631.07 1.14647
8632.6 1.42014
8634.13 1.27682
8635.66 0.92986
8637.19 0.74201
8638.72 0.65001
8640.25 0.50414
8641.78 0.52843
8643.31 0.47727
8644.84 0.70718
8646.37 1.02105
8647.9 0.84375
8649.43 0.94893
8650.96 0.84395
8652.49 0.61813
8654.02 1.0678
8655.55 1.5856
8657.08 1.32466
8658.61 0.49513
8660.14 0.79619
8661.67 0.94852
8663.2 0.44891
8664.73 0.90985
8666.26 0.99196
8667.79 0.40333
8669.32 0.90594
8670.85 1.40866
8672.38 0.95963
8673.91 0.65554
8675.44 0.84868
8676.97 0.9467
8678.5 0.64641
8680.03 0.76177
8681.56 0.84464
8683.09 0.75049
8684.62 0.80298
8686.15 0.52592
8687.68 0.38129
8689.21 0.64411
8690.74 0.80234
8692.27 0.56346
8693.8 0.37443
8695.33 0.56831
8696.86 0.73991
8698.39 0.6854
8699.92 0.95075
8701.45 0.98824
8702.98 0.75676
8704.51 0.79409
8706.04 0.80246
8707.57 0.813
8709.1 1.0
8710.63 0.8566
8712.16 0.65611
8713.69 0.94161
8715.22 1.07475
8716.75 0.75716
8718.28 0.7271
8719.81 0.88355
8721.34 0.65623
8722.87 0.58475
8724.4 0.82864
8725.93 0.77615
8727.46 0.69259
8728.99 0.69413
8730.52 0.72031
8732.05 0.84812
8733.58 0.92173
8735.11 0.77276
8736.64 0.65566
8738.17 0.86905
8739.7 0.96408
8741.23 0.64843
8742.76 0.69126
8744.29 0.95458
8745.82 0.82367
8747.35 0.81587
8748.88 1.01055
8750.41 0.88145
8751.94 0.77583
8753.47 0.9623
8755.0 1.0693
8756.53 0.92889
8758.06 1.03426
8759.59 1.49812
8761.12 1.14166
8762.65 0.79918
8764.18 1.24215
8765.71 1.05754
8767.24 0.93188
8768.77 0.8863
8770.3 0.5041
8771.83 0.75797
8773.36 0.93256
8774.89 0.63053
8776.42 0.81769
8777.95 1.2811
8779.48 1.27225
8781.01 0.86949
8782.54 0.70346
8784.07 0.73053
8785.6 0.80698
8787.13 0.9758
8788.66 0.98513
8790.19 1.04178
8791.72 1.11706
8793.25 0.94266
8794.78 0.67053
8796.31 0.71567
8797.84 1.00339
8799.37 0.96275
8800.9 0.88452
8802.43 1.04049
8803.96 0.98105
8805.49 0.91672
8807.02 0.98481
8808.55 0.92913
8810.08 0.92565
8811.61 1.06752
8813.14 1.0872
8814.67 0.85781
8816.2 0.77389
8817.73 0.71526
8819.26 0.6793
8820.79 0.74027
8822.32 0.99297
8823.85 1.56883
8825.38 1.39695
8826.91 1.03709
8828.44 1.24498
8829.97 0.83228
8831.5 0.61485
8833.03 0.86981
8834.56 0.95963
8836.09 1.12999
8837.62 1.12776
8839.15 0.77749
8840.68 0.77571
8842.21 0.97713
8843.74 0.7473
8845.27 0.64423
8846.8 0.99341
8848.33 0.82585
8849.86 0.66492
8851.39 0.88787
8852.92 0.77421
8854.45 0.68811
8855.98 0.79276
8857.51 0.84864
8859.04 0.89042
8860.57 0.90662
8862.1 1.1318
8863.63 1.45687
8865.16 1.38692
8866.69 1.11596
8868.22 0.87664
8869.75 0.70714
8871.28 0.72322
8872.81 0.74674
8874.34 0.68876
8875.87 0.74496
8877.4 0.81514
8878.93 0.83866
8880.46 0.8589
8881.99 0.77692
8883.52 0.73312
8885.05 0.78613
8886.58 0.95329
8888.11 0.82961
8889.64 0.56552
8891.17 0.77211
8892.7 0.8187
8894.23 0.61861
8895.76 0.8269
8897.29 0.99438
8898.82 0.70948
8900.35 0.56653
8901.88 0.6353
8903.41 0.93778
8904.94 1.26668
8906.47 0.94202
8908.0 0.38286
8909.53 0.60305
8911.06 0.98444
8912.59 0.72245
8914.12 0.85676
8915.65 1.46337
8917.18 1.04428
8918.71 0.64156
8920.24 1.1173
8921.77 1.16728
8923.3 0.83329
8924.83 0.83365
8926.36 0.81955
8927.89 0.54899
8929.42 0.59275
8930.95 0.7328
8932.48 0.57198
8934.01 0.71773
8935.54 0.89042
8937.07 0.6774
8938.6 0.69098
8940.13 0.92965
8941.66 0.89402
8943.19 0.80027
8944.72 0.85026
8946.25 0.5557
8947.78 0.48261
8949.31 0.74961
8950.84 0.55239
8952.37 0.45715
8953.9 1.08194
8955.43 1.22138
8956.96 0.70536
8958.49 0.94873
8960.02 0.84274
8961.55 0.24955
8963.08 0.3625
8964.61 0.81357
8966.14 0.78468
8967.67 0.61926
8969.2 0.77191
8970.73 0.73833
8972.26 0.64011
8973.79 0.81369
8975.32 0.86791
8976.85 0.57449
8978.38 0.62504
8979.91 0.87866
8981.44 0.68039
8982.97 0.73789
8984.5 1.0834
8986.03 0.98206
8987.56 0.59223
8989.09 0.51606
8990.62 0.4306
8992.15 0.43771
8993.68 0.74423
8995.21 0.79353
8996.74 0.82351
8998.27 1.09956
8999.8 0.91341
9001.33 0.59316
9002.86 0.75595
9004.39 0.63934
9005.92 0.32736
9007.45 0.49634
9008.98 0.78339
9010.51 0.68568
9012.04 0.51291
9013.57 0.60099
9015.1 0.57517
9016.63 0.56305
9018.16 0.69433
9019.69 0.57542
9021.22 0.46329
9022.75 0.60305
9024.28 0.72023
9025.81 0.60099
9027.34 0.4622
9028.87 0.56637
9030.4 0.75288
9031.93 0.90392
9033.46 1.06473
9034.99 1.10873
9036.52 0.99394
9038.05 1.04707
9039.58 1.20421
9041.11 0.88012
9042.64 0.75955
9044.17 1.05055
9045.7 0.98828
9047.23 0.69558
9048.76 0.51744
9050.29 0.55178
9051.82 0.79337
9053.35 0.92254
9054.88 0.68156
9056.41 0.49283
9057.94 0.49242
9059.47 0.52034
9061.0 0.51707
9062.53 0.71797
9064.06 0.86056
9065.59 0.82359
9067.12 0.69946
9068.65 0.60358
9070.18 0.54483
9071.71 0.7092
9073.24 0.74157
9074.77 0.63772
9076.3 0.74819
9077.83 0.79543
9079.36 0.57053
9080.89 0.61388
9082.42 0.8823
9083.95 0.73336
9085.48 0.68067
9087.01 0.85244
9088.54 0.6989
9090.07 0.52135
9091.6 0.62378
9093.13 0.50733
9094.66 0.36696
9096.19 0.71126
9097.72 0.80981
9099.25 0.52915
9100.78 0.73393
9102.31 0.99907
9103.84 0.79708
9105.37 0.6949
9106.9 0.71716
9108.43 0.60609
9109.96 0.71696
9111.49 0.8909
9113.02 0.6694
9114.55 0.47263
9116.08 0.68843
9117.61 0.72936
9119.14 0.66257
9120.67 0.78092
9122.2 0.76177
9123.73 0.73712
9125.26 0.78504
9126.79 0.69748
9128.32 0.54406
9129.85 0.53315
9131.38 0.62415
9132.91 0.49129
9134.44 0.4506
9135.97 0.65922
9137.5 0.7027
9139.03 0.66229
9140.56 0.69922
9142.09 0.57534
9143.62 0.58245
9145.15 0.98214
9146.68 1.05152
9148.21 0.66875
9149.74 0.65962
9151.27 0.97378
9152.8 0.86937
9154.33 0.55917
9155.86 0.56746
9157.39 0.58099
9158.92 0.47303
9160.45 0.55089
9161.98 0.55942
9163.51 0.5734
9165.04 0.83818
9166.57 0.70859
9168.1 0.42054
9169.63 0.63784
9171.16 0.94238
9172.69 0.82226
9174.22 0.82048
9175.75 0.93119
9177.28 0.75365
9178.81 0.82807
9180.34 1.0396
9181.87 0.99196
9183.4 0.95749
9184.93 0.92485
9186.46 0.69247
9187.99 0.57489
9189.52 0.78306
9191.05 0.71227
9192.58 0.64734
9194.11 0.84719
9195.64 0.86981
9197.17 0.69744
9198.7 0.70185
9200.23 0.88056
9201.76 0.7288
9203.29 0.59073
9204.82 0.7092
9206.35 0.69288
9207.88 0.69534
9209.41 1.0078
9210.94 0.98279
9212.47 0.73126
9214.0 0.74371
9215.53 0.6658
9217.06 0.53129
9218.59 0.66492
9220.12 0.83183
9221.65 0.57073
9223.18 0.56168
9224.71 0.74015
9226.24 0.49659
9227.77 0.53081
9229.3 0.85498
9230.83 0.84945
9232.36 0.95899
9233.89 1.16821
9235.42 1.03988
9236.95 0.77122
9238.48 0.79672
9240.01 0.83587
9241.54 0.66673
9243.07 0.83102
9244.6 1.06291
9246.13 0.96662
9247.66 0.86961
9249.19 0.92307
9250.72 0.9084
9252.25 0.81571
9253.78 0.84355
9255.31 0.8288
9256.84 0.66875
9258.37 0.57558
9259.9 0.55291
9261.43 0.67441
9262.96 0.90529
9264.49 0.79834
9266.02 0.61493
9267.55 0.7669
9269.08 0.80306
9270.61 0.75595
9272.14 1.00008
9273.67 0.97426
9275.2 0.59465
9276.73 0.61788
9278.26 0.8425
9279.79 0.67215
9281.32 0.66637
9282.85 0.88161
9284.38 0.68342
9285.91 0.5157
9287.44 0.60067
9288.97 0.69336
9290.5 0.82694
9292.03 0.8265
9293.56 0.68342
9295.09 0.52127
9296.62 0.60132
9298.15 0.73078
9299.68 0.56463
9301.21 0.72468
9302.74 1.11532
9304.27 0.90929
9305.8 0.51376
9307.33 0.08603
9308.86 -0.30917
9310.39 0.36066
9311.92 1.00517
9313.45 0.70548
9314.98 0.30886
9316.51 0.1714
9318.04 0.59877
9319.57 0.68993
9321.1 0.29978
9322.63 0.34622
9324.16 0.66346
9325.69 0.79118
9327.22 0.66758
9328.75 0.31543
9330.28 0.07096
9331.81 0.28963
9333.34 0.33708
9334.87 0.25955
9336.4 0.54087
9337.93 0.63271
9339.46 0.33758
9340.99 0.19196
9342.52 0.27843
9344.05 0.27091
9345.58 0.54879
9347.11 0.83252
9348.64 0.49473
9350.17 0.34002
9351.7 0.52342
9353.23 0.311
9354.76 0.29598
9356.29 0.50766
9357.82 0.54903
9359.35 0.51307
9360.88 0.76799
9362.41 0.79005
9363.94 0.49279
9365.47 0.5319
9367.0 0.54313
9368.53 0.29756
9370.06 -0.06456
9371.59 -0.02065
9373.12 0.79397
9374.65 0.99281
9376.18 0.72221
9377.71 0.67304
9379.24 0.2288
9380.77 0.28432
9382.3 0.69599
9383.83 0.61582
9385.36 0.54709
9386.89 0.55752
9388.42 0.60665
9389.95 0.75886
9391.48 0.73134
9393.01 0.57934
9394.54 0.73732
9396.07 1.14178
9397.6 1.15536
9399.13 0.85333
9400.66 0.69013
9402.19 0.55748
9403.72 0.57962
9405.25 0.81801
9406.78 0.59635
9408.31 0.19861
9409.84 0.41493
9411.37 0.69482
9412.9 0.76419
9414.43 1.02158
9415.96 1.01079
9417.49 0.75744
9419.02 0.99059
9420.55 1.06303
9422.08 0.40693
9423.61 0.20284
9425.14 0.51376
9426.67 0.48091
9428.2 0.49093
9429.73 0.8187
9431.26 0.90493
9432.79 0.84121
9434.32 1.30959
9435.85 1.80561
9437.38 1.20506
9438.91 0.50802
9440.44 0.75353
9441.97 1.08263
9443.5 1.03887
9445.03 1.03915
9446.56 0.861
9448.09 0.60455
9449.62 0.89224
9451.15 0.77959
9452.68 0.5936
9454.21 1.19294
9455.74 1.27359
9457.27 0.87418
9458.8 0.81219
9460.33 0.3307
9461.86 0.05967
9463.39 0.68407
9464.92 0.93022
9466.45 0.54329
9467.98 0.49178
9469.51 0.54075
9471.04 0.33231
9472.57 0.38466
9474.1 1.07806
9475.63 0.98663
9477.16 0.31586
9478.69 0.3912
9480.22 0.24408
9481.75 0.27784
9483.28 0.60952
9484.81 0.6869
9486.34 0.74056
9487.87 0.92076
9489.4 0.7351
9490.93 0.34327
9492.46 0.34708
9493.99 0.68245
9495.52 0.37356
9497.05 0.07684
9498.58 0.52887
9500.11 0.77498
9501.64 0.7692
9503.17 1.2386
9504.7 1.38167
9506.23 0.88602
9507.76 0.94315
9509.29 0.84541
9510.82 0.45165
9512.35 0.68803
9513.88 0.69154
9515.41 0.18323
9516.94 0.44091
9518.47 0.56996
9520.0 0.32271
9521.53 0.78124
9523.06 1.16696
9524.59 0.94662
9526.12 0.73235
9527.65 0.82213
9529.18 0.66847
9530.71 0.36029
9532.24 0.46535
9533.77 0.73716
9535.3 0.8168
9536.83 0.84541
9538.36 0.83955
9539.89 0.61356
9541.42 0.55707
9542.95 0.76609
9544.48 0.55792
9546.01 0.59639
9547.54 1.09701
9549.07 1.07253
9550.6 0.50786
9552.13 0.21473
9553.66 0.63607
9555.19 0.96865
9556.72 0.95782
9558.25 0.70617
9559.78 0.38659
9561.31 0.85333
9562.84 1.37711
9564.37 0.57829
9565.9 -0.23542
9567.43 0.70762
9568.96 1.50277
9570.49 0.97357
9572.02 0.69522
9573.55 0.95414
9575.08 1.23003
9576.61 1.34482
9578.14 1.02113
9579.67 0.72387
9581.2 1.23787
9582.73 1.33678
9584.26 0.76476
9585.79 0.77846
9587.32 1.0137
9588.85 0.78225
9590.38 0.77413
9591.91 0.83882
9593.44 0.62916
9594.97 0.75615
9596.5 1.11552
9598.03 0.7865
9599.56 0.38063
9601.09 0.79429
9602.62 0.78937
9604.15 0.7709
9605.68 1.41
9607.21 1.06505
9608.74 0.49202
9610.27 0.86779
9611.8 0.83575
9613.33 0.24505
9614.86 0.45505
9616.39 1.01192
9617.92 0.97321
9619.45 0.63368
9620.98 0.61906
9622.51 0.58313
9624.04 0.48725
9625.57 0.61283
9627.1 0.78993
9628.63 0.57336
9630.16 0.63291
9631.69 0.60273
9633.22 0.14243
9634.75 0.35858
9636.28 0.9244
9637.81 1.01838
9639.34 0.91264
9640.87 1.09665
9642.4 0.93434
9643.93 0.42818
9645.46 0.41569
9646.99 0.41428
9648.52 0.45032
9650.05 0.62714
9651.58 0.52253
9653.11 0.50624
9654.64 0.72702
9656.17 0.63372
9657.7 0.33832
9659.23 0.67385
9660.76 1.01992
9662.29 0.53283
9663.82 0.4106
9665.35 0.64253
9666.88 0.61906
9668.41 1.17136
9669.94 1.40777
9671.47 0.57639
9673.0 0.15871
9674.53 0.94751
9676.06 1.28712
9677.59 1.12679
9679.12 1.19015
9680.65 0.44895
9682.18 -0.17328
9683.71 0.23733
9685.24 0.88767
9686.77 1.02836
9688.3 1.05002
9689.83 1.09459
9691.36 0.82783
9692.89 0.79187
9694.42 1.16813
9695.95 1.40377
9697.48 1.28631
9699.01 0.99414
9700.54 0.78492
9702.07 0.62718
9703.6 0.77098
9705.13 0.80836
9706.66 0.5281
9708.19 0.81426
9709.72 1.16574
9711.25 0.8627
9712.78 0.7094
9714.31 0.99317
9715.84 0.75575
9717.37 0.71651
9718.9 1.67324
9720.43 1.39448
9721.96 0.31934
9723.49 0.41173
9725.02 0.59716
9726.55 0.78504
9728.08 1.23262
9729.61 0.95976
9731.14 0.31378
9732.67 0.47962
9734.2 0.6734
9735.73 0.4283
9737.26 0.52798
9738.79 0.99192
9740.32 0.8724
9741.85 0.48576
9743.38 0.57142
9744.91 0.59255
9746.44 0.60851
9747.97 0.63421
9749.5 0.4186
9751.03 0.30314
9752.56 0.63695
9754.09 0.64079
9755.62 0.34522
9757.15 0.88145
9758.68 1.10267
9760.21 0.61764
9761.74 0.57045
9763.27 0.74536
9764.8 0.67417
9766.33 0.91539
9767.86 1.08554
9769.39 0.68678
9770.92 0.36891
9772.45 0.79438
9773.98 0.98723
9775.51 1.04331
9777.04 1.34692
9778.57 1.11039
9780.1 0.51206
9781.63 0.49162
9783.16 0.68007
9784.69 0.91018
9786.22 1.58398
9787.75 1.37989
9789.28 0.60221
9790.81 0.64988
9792.34 0.92
9793.87 0.37109
9795.4 -0.0484
9796.93 0.80678
9798.46 1.16142
9799.99 0.78682
9801.52 0.95285
9803.05 0.76775
9804.58 0.40721
9806.11 0.60116
9807.64 0.88222
9809.17 0.89915
9810.7 0.90747
9812.23 1.00929
9813.76 0.93677
9815.29 1.08788
9816.82 1.31953
9818.35 0.92969
9819.88 0.37329
9821.41 0.60762
9822.94 0.60451
9824.47 -0.04201
9826.0 0.25315
9827.53 0.95075
9829.06 1.00885
9830.59 1.00154
9832.12 1.09087
9833.65 1.05826
9835.18 1.16344
9836.71 1.27549
9838.24 0.76702
9839.77 0.4102
9841.3 0.5241
9842.83 0.83381
9844.36 1.12853
9845.89 1.14223
9847.42 0.78686
9848.95 0.42184
9850.48 0.83373
9852.01 1.21245
9853.54 0.90561
9855.07 0.8229
9856.6 0.87494
9858.13 0.49315
9859.66 0.38637
9861.19 0.88529
9862.72 0.92497
9864.25 0.45323
9865.78 0.39102
9867.31 0.90674
9868.84 1.14728
9870.37 0.88109
9871.9 0.90941
9873.43 0.60863
9874.96 0.11944
9876.49 -0.01178
9878.02 0.19333
9879.55 0.69179
9881.08 0.73914
9882.61 0.44402
9884.14 0.46426
9885.67 0.65801
9887.2 0.57962
9888.73 0.56843
9890.26 0.9065
9891.79 1.17354
9893.32 0.81947
9894.85 0.75615
9896.38 0.79898
9897.91 0.39329
9899.44 0.83777
9900.97 1.23706
9902.5 0.72666
9904.03 0.60063
9905.56 0.5816
9907.09 0.46883
9908.62 0.76488
9910.15 0.8322
9911.68 0.31551
9913.21 0.99341
9914.74 1.87171
9916.27 0.95119
9917.8 0.36789
9919.33 0.76553
9920.86 0.55639
9922.39 0.47315
9923.92 1.20865
9925.45 1.25064
9926.98 0.64302
9928.51 0.7366
9930.04 1.17916
9931.57 0.85761
9933.1 0.68399
9934.63 1.09055
9936.16 0.82306
9937.69 0.6351
9939.22 0.932
9940.75 1.46434
9942.28 1.89272
9943.81 1.62904
9945.34 1.08061
9946.87 1.2074
9948.4 2.19512
9949.93 1.60019
9951.46 0.2797
9952.99 0.39587
9954.52 0.91196
9956.05 0.3298
9957.58 0.74092
9959.11 1.06917
9960.64 0.30591
9962.17 0.66257
9963.7 1.50491
9965.23 0.76464
9966.76 0.55065
9968.29 1.08784
9969.82 0.48382
9971.35 0.10714
9972.88 0.59372
9974.41 0.61566
9975.94 0.21474
9977.47 0.40225
9979.0 1.04453
9980.53 1.03115
9982.06 0.64633
9983.59 0.54624
9985.12 0.47267
9986.65 0.35429
9988.18 0.7231
9989.71 1.30684
9991.24 1.13698
9992.77 0.56014
9994.3 0.48386
9995.83 0.88339
9997.36 1.0579
9998.89 0.74973
10000.42 0.54338
