#wave flux
3800.0 0.57118
3801.53 0.64186
3803.06 0.59632
3804.59 0.56516
3806.12 0.55779
3807.65 0.69257
3809.18 0.68339
3810.71 0.65082
3812.24 0.76061
3813.77 0.68925
3815.3 0.5465
3816.83 0.61306
3818.36 0.57336
3819.89 0.74488
3821.42 0.54503
3822.95 0.52365
3824.48 0.51274
3826.01 0.60952
3827.54 0.72873
3829.07 0.70341
3830.6 0.6135
3832.13 0.72154
3833.66 0.66418
3835.19 0.68874
3836.72 0.68823
3838.25 0.69017
3839.78 0.69049
3841.31 0.70003
3842.84 0.67194
3844.37 0.76836
3845.9 0.84399
3847.43 0.73479
3848.96 0.77046
3850.49 0.65965
3852.02 0.68917
3853.55 0.76897
3855.08 0.67774
3856.61 0.70829
3858.14 0.74842
3859.67 0.72178
3861.2 0.78018
3862.73 0.78342
3864.26 0.7608
3865.79 0.71968
3867.32 0.69057
3868.85 0.73829
3870.38 0.77343
3871.91 0.80478
3873.44 0.73185
3874.97 0.7411
3876.5 0.79044
3878.03 0.75036
3879.56 0.7334
3881.09 0.81902
3882.62 0.76243
3884.15 0.75635
3885.68 0.73383
3887.21 0.75885
3888.74 0.73567
3890.27 0.75671
3891.8 0.80636
3893.33 0.77282
3894.86 0.74157
3896.39 0.74806
3897.92 0.77883
3899.45 0.74109
3900.98 0.69602
3902.51 0.7132
3904.04 0.75461
3905.57 0.74589
3907.1 0.77307
3908.63 0.80544
3910.16 0.67636
3911.69 0.71507
3913.22 0.77331
3914.75 0.81024
3916.28 0.73927
3917.81 0.74293
3919.34 0.73627
3920.87 0.74708
3922.4 0.80329
3923.93 0.71926
3925.46 0.64905
3926.99 0.6674
3928.52 0.67295
3930.05 0.63305
3931.58 0.63727
3933.11 0.61012
3934.64 0.61339
3936.17 0.68315
3937.7 0.69788
3939.23 0.56145
3940.76 0.59351
3942.29 0.71336
3943.82 0.62756
3945.35 0.56167
3946.88 0.57735
3948.41 0.68244
3949.94 0.6045
3951.47 0.59039
3953.0 0.64094
3954.53 0.66259
3956.06 0.61162
3957.59 0.66288
3959.12 0.62266
3960.65 0.59149
3962.18 0.52819
3963.71 0.51606
3965.24 0.59399
3966.77 0.63761
3968.3 0.58445
3969.83 0.52239
3971.36 0.58919
3972.89 0.56415
3974.42 0.56462
3975.95 0.56911
3977.48 0.60571
3979.01 0.60131
3980.54 0.61719
3982.07 0.65635
3983.6 0.57955
3985.13 0.53742
3986.66 0.63364
3988.19 0.54906
3989.72 0.53221
3991.25 0.55875
3992.78 0.54135
3994.31 0.53925
3995.84 0.5279
3997.37 0.57546
3998.9 0.56933
4000.43 0.52729
4001.96 0.47505
4003.49 0.42505
4005.02 0.48667
4006.55 0.50361
4008.08 0.52861
4009.61 0.53073
4011.14 0.56374
4012.67 0.56168
4014.2 0.50263
4015.73 0.54468
4017.26 0.53666
4018.79 0.56185
4020.32 0.57546
4021.85 0.55685
4023.38 0.51214
4024.91 0.47386
4026.44 0.53985
4027.97 0.53748
4029.5 0.47733
4031.03 0.52834
4032.56 0.48959
4034.09 0.54324
4035.62 0.56747
4037.15 0.53456
4038.68 0.51425
4040.21 0.51474
4041.74 0.52001
4043.27 0.5133
4044.8 0.56239
4046.33 0.52816
4047.86 0.48957
4049.39 0.45006
4050.92 0.46519
4052.45 0.50612
4053.98 0.48969
4055.51 0.47756
4057.04 0.52034
4058.57 0.44683
4060.1 0.50005
4061.63 0.53322
4063.16 0.40274
4064.69 0.48244
4066.22 0.4503
4067.75 0.40262
4069.28 0.4392
4070.81 0.42263
4072.34 0.45844
4073.87 0.45406
4075.4 0.49984
4076.93 0.45053
4078.46 0.40633
4079.99 0.4274
4081.52 0.51324
4083.05 0.49415
4084.58 0.48561
4086.11 0.45816
4087.64 0.47821
4089.17 0.46081
4090.7 0.47191
4092.23 0.47055
4093.76 0.46993
4095.29 0.49134
4096.82 0.54962
4098.35 0.50809
4099.88 0.5549
4101.41 0.51162
4102.94 0.48366
4104.47 0.5164
4106.0 0.50638
4107.53 0.53257
4109.06 0.54118
4110.59 0.46542
4112.12 0.4909
4113.65 0.46233
4115.18 0.54059
4116.71 0.52765
4118.24 0.5426
4119.77 0.60485
4121.3 0.57352
4122.83 0.55753
4124.36 0.5288
4125.89 0.53757
4127.42 0.56816
4128.95 0.50546
4130.48 0.57341
4132.01 0.57485
4133.54 0.49666
4135.07 0.55749
4136.6 0.52263
4138.13 0.53527
4139.66 0.54602
4141.19 0.52918
4142.72 0.55579
4144.25 0.51634
4145.78 0.60926
4147.31 0.62281
4148.84 0.5435
4150.37 0.54531
4151.9 0.56792
4153.43 0.55081
4154.96 0.55283
4156.49 0.59083
4158.02 0.53467
4159.55 0.57178
4161.08 0.53989
4162.61 0.58879
4164.14 0.57638
4165.67 0.60359
4167.2 0.64534
4168.73 0.62181
4170.26 0.57972
4171.79 0.609
4173.32 0.63177
4174.85 0.60994
4176.38 0.59894
4177.91 0.62126
4179.44 0.67082
4180.97 0.59323
4182.5 0.54847
4184.03 0.61147
4185.56 0.59389
4187.09 0.61088
4188.62 0.64032
4190.15 0.69204
4191.68 0.65682
4193.21 0.59184
4194.74 0.62364
4196.27 0.67541
4197.8 0.69241
4199.33 0.67882
4200.86 0.63651
4202.39 0.7755
4203.92 0.77008
4205.45 0.79828
4206.98 0.74081
4208.51 0.70493
4210.04 0.72065
4211.57 0.80965
4213.1 0.75584
4214.63 0.7145
4216.16 0.75388
4217.69 0.74773
4219.22 0.72291
4220.75 0.77035
4222.28 0.79837
4223.81 0.77418
4225.34 0.69531
4226.87 0.75565
4228.4 0.78519
4229.93 0.81548
4231.46 0.88875
4232.99 0.83949
4234.52 0.89263
4236.05 0.95399
4237.58 1.001
4239.11 0.93921
4240.64 0.91617
4242.17 0.956
4243.7 0.90998
4245.23 0.91906
4246.76 0.92065
4248.29 0.89115
4249.82 0.85721
4251.35 0.76699
4252.88 0.84294
4254.41 0.86996
4255.94 0.79446
4257.47 0.73852
4259.0 0.77408
4260.53 0.76834
4262.06 0.81281
4263.59 0.82488
4265.12 0.77138
4266.65 0.76185
4268.18 0.80143
4269.71 0.82493
4271.24 0.77405
4272.77 0.82803
4274.3 0.827
4275.83 0.81961
4277.36 0.82253
4278.89 0.72833
4280.42 0.7627
4281.95 0.77664
4283.48 0.76101
4285.01 0.69608
4286.54 0.68243
4288.07 0.73709
4289.6 0.67071
4291.13 0.73357
4292.66 0.77269
4294.19 0.75687
4295.72 0.62739
4297.25 0.64513
4298.78 0.72087
4300.31 0.71756
4301.84 0.67
4303.37 0.70636
4304.9 0.71857
4306.43 0.7093
4307.96 0.65133
4309.49 0.68477
4311.02 0.75112
4312.55 0.6784
4314.08 0.64381
4315.61 0.67043
4317.14 0.62068
4318.67 0.54035
4320.2 0.62278
4321.73 0.67023
4323.26 0.65994
4324.79 0.67669
4326.32 0.61787
4327.85 0.63923
4329.38 0.72052
4330.91 0.67852
4332.44 0.64523
4333.97 0.6728
4335.5 0.63411
4337.03 0.60758
4338.56 0.62946
4340.09 0.59733
4341.62 0.65973
4343.15 0.6499
4344.68 0.5344
4346.21 0.57787
4347.74 0.68132
4349.27 0.59304
4350.8 0.61381
4352.33 0.66465
4353.86 0.62851
4355.39 0.64247
4356.92 0.54599
4358.45 0.59321
4359.98 0.63484
4361.51 0.58486
4363.04 0.59942
4364.57 0.54712
4366.1 0.60531
4367.63 0.58471
4369.16 0.55857
4370.69 0.55722
4372.22 0.54235
4373.75 0.56217
4375.28 0.5248
4376.81 0.5634
4378.34 0.66478
4379.87 0.59714
4381.4 0.57754
4382.93 0.61779
4384.46 0.59303
4385.99 0.50615
4387.52 0.55837
4389.05 0.56341
4390.58 0.65409
4392.11 0.60862
4393.64 0.62984
4395.17 0.6395
4396.7 0.57505
4398.23 0.52812
4399.76 0.55702
4401.29 0.56589
4402.82 0.52255
4404.35 0.54202
4405.88 0.60737
4407.41 0.56687
4408.94 0.60085
4410.47 0.58862
4412.0 0.58636
4413.53 0.57988
4415.06 0.59714
4416.59 0.62052
4418.12 0.69564
4419.65 0.61361
4421.18 0.55032
4422.71 0.57418
4424.24 0.56215
4425.77 0.59588
4427.3 0.64846
4428.83 0.635
4430.36 0.59741
4431.89 0.57215
4433.42 0.5182
4434.95 0.56712
4436.48 0.62237
4438.01 0.6606
4439.54 0.58402
4441.07 0.59377
4442.6 0.60578
4444.13 0.5807
4445.66 0.49807
4447.19 0.56135
4448.72 0.56108
4450.25 0.60268
4451.78 0.6439
4453.31 0.65829
4454.84 0.62995
4456.37 0.62999
4457.9 0.64984
4459.43 0.60262
4460.96 0.61456
4462.49 0.60615
4464.02 0.56881
4465.55 0.56158
4467.08 0.55847
4468.61 0.52592
4470.14 0.55762
4471.67 0.6272
4473.2 0.59622
4474.73 0.61494
4476.26 0.61714
4477.79 0.6014
4479.32 0.57102
4480.85 0.56007
4482.38 0.58844
4483.91 0.58558
4485.44 0.51416
4486.97 0.57364
4488.5 0.6046
4490.03 0.63688
4491.56 0.66344
4493.09 0.65049
4494.62 0.59957
4496.15 0.50791
4497.68 0.53566
4499.21 0.5467
4500.74 0.52973
4502.27 0.58285
4503.8 0.58477
4505.33 0.54931
4506.86 0.52646
4508.39 0.53219
4509.92 0.54963
4511.45 0.58264
4512.98 0.59998
4514.51 0.53119
4516.04 0.57127
4517.57 0.51808
4519.1 0.53607
4520.63 0.58728
4522.16 0.5747
4523.69 0.52043
4525.22 0.56648
4526.75 0.55532
4528.28 0.52252
4529.81 0.5179
4531.34 0.60666
4532.87 0.63345
4534.4 0.58133
4535.93 0.56791
4537.46 0.4768
4538.99 0.56205
4540.52 0.59049
4542.05 0.55124
4543.58 0.56039
4545.11 0.50587
4546.64 0.48452
4548.17 0.53515
4549.7 0.57431
4551.23 0.5987
4552.76 0.54263
4554.29 0.50987
4555.82 0.51959
4557.35 0.52566
4558.88 0.55811
4560.41 0.51441
4561.94 0.55836
4563.47 0.58986
4565.0 0.60352
4566.53 0.54385
4568.06 0.53897
4569.59 0.61063
4571.12 0.52835
4572.65 0.57486
4574.18 0.60756
4575.71 0.54629
4577.24 0.48701
4578.77 0.50312
4580.3 0.52974
4581.83 0.59243
4583.36 0.61055
4584.89 0.57033
4586.42 0.52951
4587.95 0.54984
4589.48 0.53022
4591.01 0.58761
4592.54 0.53092
4594.07 0.51505
4595.6 0.56588
4597.13 0.57093
4598.66 0.6071
4600.19 0.5141
4601.72 0.56864
4603.25 0.56851
4604.78 0.4917
4606.31 0.50633
4607.84 0.52789
4609.37 0.53055
4610.9 0.54268
4612.43 0.56343
4613.96 0.5594
4615.49 0.53029
4617.02 0.49598
4618.55 0.46145
4620.08 0.53255
4621.61 0.5149
4623.14 0.44809
4624.67 0.5125
4626.2 0.62315
4627.73 0.6002
4629.26 0.59706
4630.79 0.53834
4632.32 0.55566
4633.85 0.57813
4635.38 0.49922
4636.91 0.49966
4638.44 0.53333
4639.97 0.49407
4641.5 0.52437
4643.03 0.5311
4644.56 0.51458
4646.09 0.52157
4647.62 0.52635
4649.15 0.5492
4650.68 0.55248
4652.21 0.55194
4653.74 0.5464
4655.27 0.53957
4656.8 0.56643
4658.33 0.61191
4659.86 0.5733
4661.39 0.5106
4662.92 0.54124
4664.45 0.54087
4665.98 0.53317
4667.51 0.56458
4669.04 0.52722
4670.57 0.50282
4672.1 0.56698
4673.63 0.57452
4675.16 0.56499
4676.69 0.58078
4678.22 0.53204
4679.75 0.49999
4681.28 0.43874
4682.81 0.48588
4684.34 0.48228
4685.87 0.51746
4687.4 0.54554
4688.93 0.53816
4690.46 0.53451
4691.99 0.50665
4693.52 0.5246
4695.05 0.59489
4696.58 0.51551
4698.11 0.50314
4699.64 0.5851
4701.17 0.56158
4702.7 0.50228
4704.23 0.50578
4705.76 0.51102
4707.29 0.51841
4708.82 0.5001
4710.35 0.43349
4711.88 0.47524
4713.41 0.49622
4714.94 0.52313
4716.47 0.46565
4718.0 0.46571
4719.53 0.55411
4721.06 0.48937
4722.59 0.44528
4724.12 0.48143
4725.65 0.51627
4727.18 0.51171
4728.71 0.4739
4730.24 0.45521
4731.77 0.42689
4733.3 0.45969
4734.83 0.52887
4736.36 0.51904
4737.89 0.44421
4739.42 0.43496
4740.95 0.41698
4742.48 0.49353
4744.01 0.45359
4745.54 0.49276
4747.07 0.46716
4748.6 0.48666
4750.13 0.47152
4751.66 0.51862
4753.19 0.47478
4754.72 0.49171
4756.25 0.49689
4757.78 0.45405
4759.31 0.39337
4760.84 0.50327
4762.37 0.47187
4763.9 0.46138
4765.43 0.47601
4766.96 0.50775
4768.49 0.49034
4770.02 0.39663
4771.55 0.46677
4773.08 0.50501
4774.61 0.47654
4776.14 0.42256
4777.67 0.45657
4779.2 0.44504
4780.73 0.41858
4782.26 0.46058
4783.79 0.44777
4785.32 0.44037
4786.85 0.38233
4788.38 0.39091
4789.91 0.44057
4791.44 0.41511
4792.97 0.47343
4794.5 0.52092
4796.03 0.50583
4797.56 0.45793
4799.09 0.43882
4800.62 0.47748
4802.15 0.46683
4803.68 0.45721
4805.21 0.4737
4806.74 0.46295
4808.27 0.45772
4809.8 0.45406
4811.33 0.45224
4812.86 0.4714
4814.39 0.55504
4815.92 0.54245
4817.45 0.47332
4818.98 0.45749
4820.51 0.52204
4822.04 0.418
4823.57 0.41435
4825.1 0.45567
4826.63 0.4517
4828.16 0.47545
4829.69 0.47185
4831.22 0.47488
4832.75 0.47709
4834.28 0.47556
4835.81 0.45003
4837.34 0.41101
4838.87 0.45983
4840.4 0.41219
4841.93 0.46798
4843.46 0.48427
4844.99 0.41316
4846.52 0.45704
4848.05 0.47589
4849.58 0.50818
4851.11 0.51656
4852.64 0.4885
4854.17 0.48413
4855.7 0.41268
4857.23 0.40291
4858.76 0.4539
4860.29 0.48795
4861.82 0.50323
4863.35 0.47575
4864.88 0.52203
4866.41 0.48583
4867.94 0.453
4869.47 0.45203
4871.0 0.44741
4872.53 0.45058
4874.06 0.45
4875.59 0.42676
4877.12 0.38461
4878.65 0.40275
4880.18 0.42371
4881.71 0.46096
4883.24 0.43979
4884.77 0.45893
4886.3 0.46245
4887.83 0.43222
4889.36 0.39716
4890.89 0.40366
4892.42 0.42554
4893.95 0.51881
4895.48 0.53228
4897.01 0.53238
4898.54 0.45174
4900.07 0.44041
4901.6 0.47864
4903.13 0.48024
4904.66 0.45126
4906.19 0.48206
4907.72 0.49682
4909.25 0.46266
4910.78 0.53131
4912.31 0.51523
4913.84 0.43577
4915.37 0.4486
4916.9 0.44944
4918.43 0.48854
4919.96 0.50228
4921.49 0.42668
4923.02 0.44616
4924.55 0.53513
4926.08 0.48744
4927.61 0.47908
4929.14 0.48541
4930.67 0.44647
4932.2 0.44132
4933.73 0.47919
4935.26 0.46813
4936.79 0.4948
4938.32 0.37429
4939.85 0.41458
4941.38 0.47423
4942.91 0.45336
4944.44 0.40215
4945.97 0.41737
4947.5 0.40053
4949.03 0.39184
4950.56 0.37904
4952.09 0.39752
4953.62 0.49108
4955.15 0.44256
4956.68 0.40866
4958.21 0.46967
4959.74 0.48372
4961.27 0.47863
4962.8 0.47585
4964.33 0.49706
4965.86 0.44234
4967.39 0.46577
4968.92 0.51147
4970.45 0.45548
4971.98 0.45256
4973.51 0.42473
4975.04 0.46801
4976.57 0.43453
4978.1 0.38705
4979.63 0.45022
4981.16 0.39796
4982.69 0.43172
4984.22 0.42155
4985.75 0.49412
4987.28 0.49303
4988.81 0.47097
4990.34 0.50367
4991.87 0.54174
4993.4 0.48437
4994.93 0.44848
4996.46 0.43133
4997.99 0.4235
4999.52 0.39854
5001.05 0.43742
5002.58 0.45814
5004.11 0.47399
5005.64 0.47561
5007.17 0.47731
5008.7 0.41881
5010.23 0.42232
5011.76 0.43274
5013.29 0.38923
5014.82 0.48603
5016.35 0.48898
5017.88 0.49719
5019.41 0.44785
5020.94 0.4534
5022.47 0.47313
5024.0 0.48339
5025.53 0.43925
5027.06 0.41405
5028.59 0.48196
5030.12 0.49744
5031.65 0.48444
5033.18 0.46366
5034.71 0.45153
5036.24 0.50809
5037.77 0.48666
5039.3 0.44282
5040.83 0.50189
5042.36 0.50436
5043.89 0.51677
5045.42 0.4919
5046.95 0.46988
5048.48 0.44068
5050.01 0.45999
5051.54 0.49274
5053.07 0.46598
5054.6 0.48991
5056.13 0.47458
5057.66 0.50071
5059.19 0.45541
5060.72 0.48825
5062.25 0.5493
5063.78 0.48728
5065.31 0.47817
5066.84 0.51285
5068.37 0.47626
5069.9 0.42187
5071.43 0.49583
5072.96 0.512
5074.49 0.46371
5076.02 0.47736
5077.55 0.52146
5079.08 0.54136
5080.61 0.49711
5082.14 0.48328
5083.67 0.50105
5085.2 0.45325
5086.73 0.48335
5088.26 0.48651
5089.79 0.47588
5091.32 0.47439
5092.85 0.51893
5094.38 0.52998
5095.91 0.48354
5097.44 0.46328
5098.97 0.46147
5100.5 0.51453
5102.03 0.51239
5103.56 0.53569
5105.09 0.54833
5106.62 0.52686
5108.15 0.54504
5109.68 0.49838
5111.21 0.48731
5112.74 0.55115
5114.27 0.51116
5115.8 0.48049
5117.33 0.48299
5118.86 0.48798
5120.39 0.5355
5121.92 0.47663
5123.45 0.5134
5124.98 0.51341
5126.51 0.54995
5128.04 0.50287
5129.57 0.45085
5131.1 0.50358
5132.63 0.55103
5134.16 0.54446
5135.69 0.48471
5137.22 0.45576
5138.75 0.47578
5140.28 0.40347
5141.81 0.43674
5143.34 0.53161
5144.87 0.51472
5146.4 0.52971
5147.93 0.54908
5149.46 0.59317
5150.99 0.57188
5152.52 0.53479
5154.05 0.51547
5155.58 0.52371
5157.11 0.50446
5158.64 0.4916
5160.17 0.49679
5161.7 0.48271
5163.23 0.43759
5164.76 0.46631
5166.29 0.47985
5167.82 0.52048
5169.35 0.49582
5170.88 0.52398
5172.41 0.56552
5173.94 0.51117
5175.47 0.49242
5177.0 0.50677
5178.53 0.48719
5180.06 0.49966
5181.59 0.45193
5183.12 0.45244
5184.65 0.49625
5186.18 0.50931
5187.71 0.5356
5189.24 0.49636
5190.77 0.48293
5192.3 0.53466
5193.83 0.57635
5195.36 0.52448
5196.89 0.46942
5198.42 0.51542
5199.95 0.50446
5201.48 0.51453
5203.01 0.50064
5204.54 0.42362
5206.07 0.46003
5207.6 0.52105
5209.13 0.49685
5210.66 0.49436
5212.19 0.5419
5213.72 0.53331
5215.25 0.50953
5216.78 0.48061
5218.31 0.49738
5219.84 0.55007
5221.37 0.46874
5222.9 0.47856
5224.43 0.53284
5225.96 0.47919
5227.49 0.51711
5229.02 0.5174
5230.55 0.51203
5232.08 0.48149
5233.61 0.52348
5235.14 0.49012
5236.67 0.49091
5238.2 0.52273
5239.73 0.5156
5241.26 0.51749
5242.79 0.51573
5244.32 0.48138
5245.85 0.50113
5247.38 0.50958
5248.91 0.42912
5250.44 0.43891
5251.97 0.52515
5253.5 0.60542
5255.03 0.5315
5256.56 0.4211
5258.09 0.51424
5259.62 0.44796
5261.15 0.45692
5262.68 0.54162
5264.21 0.49469
5265.74 0.46551
5267.27 0.46799
5268.8 0.54011
5270.33 0.49518
5271.86 0.51048
5273.39 0.52689
5274.92 0.53291
5276.45 0.46823
5277.98 0.48691
5279.51 0.44793
5281.04 0.47134
5282.57 0.48602
5284.1 0.52046
5285.63 0.5727
5287.16 0.51839
5288.69 0.5352
5290.22 0.53067
5291.75 0.54162
5293.28 0.52517
5294.81 0.56766
5296.34 0.54436
5297.87 0.55593
5299.4 0.51647
5300.93 0.47054
5302.46 0.43919
5303.99 0.50525
5305.52 0.53607
5307.05 0.46938
5308.58 0.46183
5310.11 0.47605
5311.64 0.48112
5313.17 0.48755
5314.7 0.45197
5316.23 0.47525
5317.76 0.49792
5319.29 0.44688
5320.82 0.5032
5322.35 0.47562
5323.88 0.43242
5325.41 0.46187
5326.94 0.46909
5328.47 0.59017
5330.0 0.57059
5331.53 0.48609
5333.06 0.5022
5334.59 0.551
5336.12 0.50442
5337.65 0.55129
5339.18 0.51999
5340.71 0.45817
5342.24 0.51256
5343.77 0.49404
5345.3 0.39673
5346.83 0.47161
5348.36 0.54896
5349.89 0.56072
5351.42 0.53691
5352.95 0.48175
5354.48 0.50345
5356.01 0.4826
5357.54 0.4893
5359.07 0.60036
5360.6 0.58157
5362.13 0.52356
5363.66 0.56464
5365.19 0.55893
5366.72 0.53519
5368.25 0.53689
5369.78 0.54514
5371.31 0.52922
5372.84 0.5644
5374.37 0.50249
5375.9 0.47736
5377.43 0.51006
5378.96 0.61362
5380.49 0.60354
5382.02 0.54255
5383.55 0.58658
5385.08 0.54465
5386.61 0.572
5388.14 0.64359
5389.67 0.59883
5391.2 0.50535
5392.73 0.48299
5394.26 0.57198
5395.79 0.56887
5397.32 0.52427
5398.85 0.47173
5400.38 0.47494
5401.91 0.47281
5403.44 0.49143
5404.97 0.50571
5406.5 0.49884
5408.03 0.4775
5409.56 0.4917
5411.09 0.47687
5412.62 0.5007
5414.15 0.51858
5415.68 0.49706
5417.21 0.56194
5418.74 0.62736
5420.27 0.50622
5421.8 0.48664
5423.33 0.45365
5424.86 0.46079
5426.39 0.54422
5427.92 0.56311
5429.45 0.52618
5430.98 0.49753
5432.51 0.54095
5434.04 0.53917
5435.57 0.55534
5437.1 0.55396
5438.63 0.56761
5440.16 0.52609
5441.69 0.51055
5443.22 0.52818
5444.75 0.52242
5446.28 0.5258
5447.81 0.56848
5449.34 0.55101
5450.87 0.56375
5452.4 0.5075
5453.93 0.472
5455.46 0.48446
5456.99 0.57164
5458.52 0.66023
5460.05 0.58318
5461.58 0.50491
5463.11 0.66911
5464.64 0.63121
5466.17 0.48744
5467.7 0.53027
5469.23 0.56879
5470.76 0.53819
5472.29 0.53425
5473.82 0.49837
5475.35 0.43781
5476.88 0.50516
5478.41 0.50048
5479.94 0.507
5481.47 0.55593
5483.0 0.54289
5484.53 0.50633
5486.06 0.51469
5487.59 0.50177
5489.12 0.54826
5490.65 0.54217
5492.18 0.52135
5493.71 0.58216
5495.24 0.51096
5496.77 0.51359
5498.3 0.51113
5499.83 0.51022
5501.36 0.47648
5502.89 0.5153
5504.42 0.54551
5505.95 0.55796
5507.48 0.57629
5509.01 0.50281
5510.54 0.50275
5512.07 0.55689
5513.6 0.52758
5515.13 0.51609
5516.66 0.52828
5518.19 0.52014
5519.72 0.55408
5521.25 0.59535
5522.78 0.55607
5524.31 0.58131
5525.84 0.56945
5527.37 0.55722
5528.9 0.54307
5530.43 0.50989
5531.96 0.53439
5533.49 0.50528
5535.02 0.52809
5536.55 0.5664
5538.08 0.55626
5539.61 0.52833
5541.14 0.4912
5542.67 0.53239
5544.2 0.53106
5545.73 0.4952
5547.26 0.56721
5548.79 0.57686
5550.32 0.56474
5551.85 0.57711
5553.38 0.58742
5554.91 0.54756
5556.44 0.48776
5557.97 0.47371
5559.5 0.50618
5561.03 0.53674
5562.56 0.53137
5564.09 0.5433
5565.62 0.53877
5567.15 0.50523
5568.68 0.50196
5570.21 0.48018
5571.74 0.47957
5573.27 0.51251
5574.8 0.54504
5576.33 0.64215
5577.86 0.71798
5579.39 0.6022
5580.92 0.46699
5582.45 0.54454
5583.98 0.58835
5585.51 0.54248
5587.04 0.51723
5588.57 0.51203
5590.1 0.55152
5591.63 0.53518
5593.16 0.47858
5594.69 0.49079
5596.22 0.52449
5597.75 0.55998
5599.28 0.54103
5600.81 0.52143
5602.34 0.52577
5603.87 0.51175
5605.4 0.51739
5606.93 0.52053
5608.46 0.52906
5609.99 0.53883
5611.52 0.52545
5613.05 0.55923
5614.58 0.58166
5616.11 0.57935
5617.64 0.58608
5619.17 0.55629
5620.7 0.52484
5622.23 0.51246
5623.76 0.51894
5625.29 0.50815
5626.82 0.47104
5628.35 0.4708
5629.88 0.49709
5631.41 0.50435
5632.94 0.51013
5634.47 0.55183
5636.0 0.51425
5637.53 0.47694
5639.06 0.50218
5640.59 0.54919
5642.12 0.55896
5643.65 0.50351
5645.18 0.45664
5646.71 0.45085
5648.24 0.49011
5649.77 0.53943
5651.3 0.49207
5652.83 0.45064
5654.36 0.49956
5655.89 0.51018
5657.42 0.45946
5658.95 0.47705
5660.48 0.48905
5662.01 0.48875
5663.54 0.48289
5665.07 0.45068
5666.6 0.4482
5668.13 0.52795
5669.66 0.5
5671.19 0.47725
5672.72 0.47297
5674.25 0.45808
5675.78 0.47778
5677.31 0.47556
5678.84 0.49037
5680.37 0.56466
5681.9 0.54982
5683.43 0.45638
5684.96 0.47892
5686.49 0.53151
5688.02 0.53516
5689.55 0.50587
5691.08 0.53471
5692.61 0.48288
5694.14 0.5028
5695.67 0.52582
5697.2 0.4862
5698.73 0.4977
5700.26 0.52949
5701.79 0.47662
5703.32 0.43519
5704.85 0.45451
5706.38 0.43785
5707.91 0.4479
5709.44 0.45535
5710.97 0.44145
5712.5 0.47656
5714.03 0.49336
5715.56 0.45343
5717.09 0.46743
5718.62 0.50887
5720.15 0.50588
5721.68 0.49226
5723.21 0.48519
5724.74 0.44065
5726.27 0.43912
5727.8 0.4449
5729.33 0.49533
5730.86 0.50544
5732.39 0.41823
5733.92 0.45875
5735.45 0.49201
5736.98 0.43948
5738.51 0.45392
5740.04 0.44362
5741.57 0.43264
5743.1 0.45772
5744.63 0.47827
5746.16 0.47714
5747.69 0.47916
5749.22 0.46402
5750.75 0.46163
5752.28 0.50247
5753.81 0.47407
5755.34 0.44646
5756.87 0.46769
5758.4 0.48615
5759.93 0.44431
5761.46 0.41323
5762.99 0.41324
5764.52 0.43609
5766.05 0.45198
5767.58 0.46418
5769.11 0.51592
5770.64 0.49531
5772.17 0.43602
5773.7 0.41992
5775.23 0.43007
5776.76 0.42298
5778.29 0.39558
5779.82 0.43085
5781.35 0.44116
5782.88 0.47262
5784.41 0.49027
5785.94 0.42815
5787.47 0.42552
5789.0 0.47804
5790.53 0.46313
5792.06 0.46591
5793.59 0.47005
5795.12 0.46172
5796.65 0.47941
5798.18 0.45135
5799.71 0.43749
5801.24 0.45635
5802.77 0.45858
5804.3 0.44056
5805.83 0.47165
5807.36 0.49589
5808.89 0.48326
5810.42 0.47056
5811.95 0.45312
5813.48 0.43107
5815.01 0.4215
5816.54 0.45227
5818.07 0.45997
5819.6 0.46909
5821.13 0.48187
5822.66 0.47322
5824.19 0.41915
5825.72 0.43348
5827.25 0.43785
5828.78 0.41209
5830.31 0.40536
5831.84 0.47455
5833.37 0.5209
5834.9 0.49237
5836.43 0.47069
5837.96 0.4777
5839.49 0.46441
5841.02 0.45393
5842.55 0.42368
5844.08 0.4247
5845.61 0.4442
5847.14 0.4616
5848.67 0.39362
5850.2 0.40392
5851.73 0.46804
5853.26 0.44678
5854.79 0.4487
5856.32 0.45974
5857.85 0.42289
5859.38 0.42167
5860.91 0.46901
5862.44 0.46909
5863.97 0.4463
5865.5 0.40545
5867.03 0.44021
5868.56 0.49714
5870.09 0.46503
5871.62 0.41368
5873.15 0.43089
5874.68 0.44926
5876.21 0.48137
5877.74 0.50818
5879.27 0.46815
5880.8 0.45344
5882.33 0.4974
5883.86 0.46716
5885.39 0.46196
5886.92 0.45813
5888.45 0.39972
5889.98 0.40222
5891.51 0.43273
5893.04 0.42322
5894.57 0.4296
5896.1 0.40275
5897.63 0.37591
5899.16 0.4055
5900.69 0.44166
5902.22 0.48128
5903.75 0.51921
5905.28 0.47839
5906.81 0.44675
5908.34 0.4348
5909.87 0.45803
5911.4 0.40436
5912.93 0.39636
5914.46 0.4242
5915.99 0.36913
5917.52 0.44171
5919.05 0.46539
5920.58 0.44864
5922.11 0.4506
5923.64 0.45505
5925.17 0.47038
5926.7 0.45305
5928.23 0.4489
5929.76 0.44971
5931.29 0.40778
5932.82 0.37657
5934.35 0.40773
5935.88 0.46835
5937.41 0.45433
5938.94 0.43531
5940.47 0.45283
5942.0 0.41034
5943.53 0.39224
5945.06 0.39561
5946.59 0.413
5948.12 0.41924
5949.65 0.41679
5951.18 0.41243
5952.71 0.4345
5954.24 0.41998
5955.77 0.40451
5957.3 0.42431
5958.83 0.50055
5960.36 0.48449
5961.89 0.43065
5963.42 0.39844
5964.95 0.39806
5966.48 0.43255
5968.01 0.45421
5969.54 0.50436
5971.07 0.46468
5972.6 0.43247
5974.13 0.45699
5975.66 0.50555
5977.19 0.49283
5978.72 0.45824
5980.25 0.46785
5981.78 0.46065
5983.31 0.46406
5984.84 0.45951
5986.37 0.41171
5987.9 0.40796
5989.43 0.45099
5990.96 0.48705
5992.49 0.45093
5994.02 0.44454
5995.55 0.4503
5997.08 0.46449
5998.61 0.49283
6000.14 0.49246
6001.67 0.47629
6003.2 0.46487
6004.73 0.44587
6006.26 0.44902
6007.79 0.43964
6009.32 0.44075
6010.85 0.44477
6012.38 0.42447
6013.91 0.41738
6015.44 0.44425
6016.97 0.46064
6018.5 0.4371
6020.03 0.45237
6021.56 0.47121
6023.09 0.44277
6024.62 0.40836
6026.15 0.42524
6027.68 0.44641
6029.21 0.45645
6030.74 0.46647
6032.27 0.4611
6033.8 0.45785
6035.33 0.44453
6036.86 0.42674
6038.39 0.45569
6039.92 0.49146
6041.45 0.47179
6042.98 0.45513
6044.51 0.43308
6046.04 0.41084
6047.57 0.45251
6049.1 0.49336
6050.63 0.5115
6052.16 0.47078
6053.69 0.41193
6055.22 0.42106
6056.75 0.4591
6058.28 0.42963
6059.81 0.4297
6061.34 0.48219
6062.87 0.47875
6064.4 0.46949
6065.93 0.46165
6067.46 0.42396
6068.99 0.4547
6070.52 0.50011
6072.05 0.47125
6073.58 0.46685
6075.11 0.48543
6076.64 0.46912
6078.17 0.45138
6079.7 0.47918
6081.23 0.49077
6082.76 0.48589
6084.29 0.48403
6085.82 0.49245
6087.35 0.53304
6088.88 0.50555
6090.41 0.43983
6091.94 0.45388
6093.47 0.46005
6095.0 0.44194
6096.53 0.48082
6098.06 0.49647
6099.59 0.47403
6101.12 0.48854
6102.65 0.47613
6104.18 0.45981
6105.71 0.47395
6107.24 0.49535
6108.77 0.49094
6110.3 0.46681
6111.83 0.47647
6113.36 0.47203
6114.89 0.45072
6116.42 0.48078
6117.95 0.48179
6119.48 0.45835
6121.01 0.46591
6122.54 0.49003
6124.07 0.52015
6125.6 0.4889
6127.13 0.46624
6128.66 0.47145
6130.19 0.44798
6131.72 0.46434
6133.25 0.49143
6134.78 0.50693
6136.31 0.50886
6137.84 0.46963
6139.37 0.44271
6140.9 0.44929
6142.43 0.44961
6143.96 0.45758
6145.49 0.47173
6147.02 0.44791
6148.55 0.435
6150.08 0.48979
6151.61 0.50783
6153.14 0.52426
6154.67 0.54133
6156.2 0.53526
6157.73 0.56187
6159.26 0.57157
6160.79 0.52571
6162.32 0.50231
6163.85 0.55687
6165.38 0.57374
6166.91 0.52425
6168.44 0.51566
6169.97 0.52644
6171.5 0.55594
6173.03 0.568
6174.56 0.5508
6176.09 0.54145
6177.62 0.54142
6179.15 0.52929
6180.68 0.56336
6182.21 0.58699
6183.74 0.55665
6185.27 0.56946
6186.8 0.58571
6188.33 0.57692
6189.86 0.57263
6191.39 0.59054
6192.92 0.5941
6194.45 0.63066
6195.98 0.62904
6197.51 0.61949
6199.04 0.63472
6200.57 0.61714
6202.1 0.58911
6203.63 0.61305
6205.16 0.65317
6206.69 0.68023
6208.22 0.68566
6209.75 0.67372
6211.28 0.64287
6212.81 0.68502
6214.34 0.6814
6215.87 0.64937
6217.4 0.69156
6218.93 0.67758
6220.46 0.6444
6221.99 0.67464
6223.52 0.66035
6225.05 0.64897
6226.58 0.63901
6228.11 0.57788
6229.64 0.55984
6231.17 0.63468
6232.7 0.66431
6234.23 0.62698
6235.76 0.61932
6237.29 0.62132
6238.82 0.6074
6240.35 0.61834
6241.88 0.64481
6243.41 0.5898
6244.94 0.57017
6246.47 0.59544
6248.0 0.61188
6249.53 0.60042
6251.06 0.51045
6252.59 0.50526
6254.12 0.55156
6255.65 0.54227
6257.18 0.5516
6258.71 0.56413
6260.24 0.52199
6261.77 0.55155
6263.3 0.60434
6264.83 0.60007
6266.36 0.57091
6267.89 0.54877
6269.42 0.55286
6270.95 0.52901
6272.48 0.53327
6274.01 0.54501
6275.54 0.54503
6277.07 0.53292
6278.6 0.51559
6280.13 0.50999
6281.66 0.49014
6283.19 0.52182
6284.72 0.55985
6286.25 0.55454
6287.78 0.52369
6289.31 0.54052
6290.84 0.55253
6292.37 0.52368
6293.9 0.50031
6295.43 0.50542
6296.96 0.55499
6298.49 0.57205
6300.02 0.51646
6301.55 0.51598
6303.08 0.54331
6304.61 0.56681
6306.14 0.50626
6307.67 0.51526
6309.2 0.51856
6310.73 0.50523
6312.26 0.52243
6313.79 0.52126
6315.32 0.49681
6316.85 0.49005
6318.38 0.47442
6319.91 0.47966
6321.44 0.53946
6322.97 0.52724
6324.5 0.50362
6326.03 0.48336
6327.56 0.45979
6329.09 0.51907
6330.62 0.53648
6332.15 0.51171
6333.68 0.44934
6335.21 0.44972
6336.74 0.48426
6338.27 0.47601
6339.8 0.4724
6341.33 0.486
6342.86 0.47145
6344.39 0.45861
6345.92 0.48143
6347.45 0.50131
6348.98 0.49333
6350.51 0.47946
6352.04 0.46639
6353.57 0.45958
6355.1 0.47464
6356.63 0.48868
6358.16 0.49162
6359.69 0.50773
6361.22 0.47667
6362.75 0.43818
6364.28 0.44888
6365.81 0.4739
6367.34 0.46554
6368.87 0.44281
6370.4 0.42747
6371.93 0.4505
6373.46 0.48892
6374.99 0.49088
6376.52 0.48045
6378.05 0.45116
6379.58 0.44268
6381.11 0.45496
6382.64 0.46251
6384.17 0.48632
6385.7 0.47623
6387.23 0.49746
6388.76 0.48803
6390.29 0.4605
6391.82 0.44825
6393.35 0.47977
6394.88 0.45645
6396.41 0.4686
6397.94 0.49359
6399.47 0.45905
6401.0 0.45409
6402.53 0.47209
6404.06 0.44921
6405.59 0.42106
6407.12 0.44193
6408.65 0.4278
6410.18 0.44288
6411.71 0.45024
6413.24 0.44979
6414.77 0.44787
6416.3 0.44579
6417.83 0.44819
6419.36 0.49473
6420.89 0.47217
6422.42 0.38859
6423.95 0.39409
6425.48 0.43841
6427.01 0.4327
6428.54 0.45805
6430.07 0.45113
6431.6 0.42127
6433.13 0.41924
6434.66 0.43923
6436.19 0.445
6437.72 0.45561
6439.25 0.42267
6440.78 0.43274
6442.31 0.45425
6443.84 0.42036
6445.37 0.43353
6446.9 0.47585
6448.43 0.44119
6449.96 0.4343
6451.49 0.4389
6453.02 0.41242
6454.55 0.44233
6456.08 0.45146
6457.61 0.42116
6459.14 0.44036
6460.67 0.4532
6462.2 0.40697
6463.73 0.41237
6465.26 0.43325
6466.79 0.42732
6468.32 0.44211
6469.85 0.44458
6471.38 0.43247
6472.91 0.46163
6474.44 0.44437
6475.97 0.42135
6477.5 0.44247
6479.03 0.45899
6480.56 0.42706
6482.09 0.43106
6483.62 0.46697
6485.15 0.468
6486.68 0.45288
6488.21 0.44394
6489.74 0.43352
6491.27 0.45081
6492.8 0.43777
6494.33 0.40127
6495.86 0.45556
6497.39 0.47849
6498.92 0.47656
6500.45 0.48355
6501.98 0.48112
6503.51 0.46723
6505.04 0.51394
6506.57 0.52027
6508.1 0.4791
6509.63 0.45447
6511.16 0.42651
6512.69 0.41399
6514.22 0.41779
6515.75 0.45606
6517.28 0.47211
6518.81 0.44794
6520.34 0.44432
6521.87 0.44554
6523.4 0.44843
6524.93 0.44061
6526.46 0.43448
6527.99 0.45101
6529.52 0.45018
6531.05 0.42151
6532.58 0.4332
6534.11 0.44485
6535.64 0.45164
6537.17 0.42484
6538.7 0.43262
6540.23 0.459
6541.76 0.45955
6543.29 0.45341
6544.82 0.43216
6546.35 0.41267
6547.88 0.43565
6549.41 0.44727
6550.94 0.47851
6552.47 0.45758
6554.0 0.43642
6555.53 0.45314
6557.06 0.425
6558.59 0.45684
6560.12 0.44264
6561.65 0.42643
6563.18 0.43609
6564.71 0.45198
6566.24 0.43007
6567.77 0.38886
6569.3 0.38655
6570.83 0.42709
6572.36 0.43919
6573.89 0.42596
6575.42 0.41546
6576.95 0.46081
6578.48 0.49266
6580.01 0.41687
6581.54 0.40768
6583.07 0.4366
6584.6 0.43444
6586.13 0.44129
6587.66 0.43728
6589.19 0.43067
6590.72 0.43926
6592.25 0.43568
6593.78 0.42256
6595.31 0.42456
6596.84 0.44242
6598.37 0.45657
6599.9 0.43678
6601.43 0.43036
6602.96 0.43823
6604.49 0.44556
6606.02 0.42903
6607.55 0.44073
6609.08 0.45899
6610.61 0.4238
6612.14 0.41198
6613.67 0.4013
6615.2 0.42219
6616.73 0.43676
6618.26 0.41576
6619.79 0.41312
6621.32 0.42047
6622.85 0.43907
6624.38 0.40455
6625.91 0.39138
6627.44 0.43141
6628.97 0.46545
6630.5 0.46823
6632.03 0.41715
6633.56 0.3913
6635.09 0.40846
6636.62 0.42259
6638.15 0.40469
6639.68 0.41002
6641.21 0.42976
6642.74 0.42794
6644.27 0.4353
6645.8 0.43885
6647.33 0.40663
6648.86 0.42504
6650.39 0.43285
6651.92 0.42385
6653.45 0.4004
6654.98 0.37572
6656.51 0.38126
6658.04 0.4215
6659.57 0.43207
6661.1 0.41408
6662.63 0.40833
6664.16 0.39377
6665.69 0.37234
6667.22 0.40831
6668.75 0.41487
6670.28 0.41507
6671.81 0.42142
6673.34 0.41327
6674.87 0.43081
6676.4 0.42819
6677.93 0.40688
6679.46 0.40347
6680.99 0.3954
6682.52 0.3668
6684.05 0.39443
6685.58 0.42632
6687.11 0.37778
6688.64 0.39158
6690.17 0.39271
6691.7 0.36061
6693.23 0.3579
6694.76 0.37886
6696.29 0.36951
6697.82 0.4088
6699.35 0.41756
6700.88 0.36593
6702.41 0.38183
6703.94 0.39335
6705.47 0.37832
6707.0 0.38456
6708.53 0.36047
6710.06 0.37722
6711.59 0.43193
6713.12 0.40679
6714.65 0.40908
6716.18 0.44918
6717.71 0.42484
6719.24 0.39873
6720.77 0.41009
6722.3 0.40031
6723.83 0.37906
6725.36 0.38211
6726.89 0.38291
6728.42 0.38971
6729.95 0.41061
6731.48 0.43978
6733.01 0.42775
6734.54 0.3745
6736.07 0.34189
6737.6 0.36297
6739.13 0.38281
6740.66 0.39058
6742.19 0.41221
6743.72 0.40622
6745.25 0.37648
6746.78 0.38141
6748.31 0.39283
6749.84 0.3799
6751.37 0.37578
6752.9 0.39811
6754.43 0.39249
6755.96 0.39956
6757.49 0.41466
6759.02 0.386
6760.55 0.39626
6762.08 0.39733
6763.61 0.38784
6765.14 0.42674
6766.67 0.42972
6768.2 0.37801
6769.73 0.39029
6771.26 0.40068
6772.79 0.38352
6774.32 0.37605
6775.85 0.39299
6777.38 0.39425
6778.91 0.40657
6780.44 0.39789
6781.97 0.38908
6783.5 0.41293
6785.03 0.40493
6786.56 0.36184
6788.09 0.36791
6789.62 0.37425
6791.15 0.38666
6792.68 0.41337
6794.21 0.38301
6795.74 0.36469
6797.27 0.37016
6798.8 0.37715
6800.33 0.38083
6801.86 0.39228
6803.39 0.40427
6804.92 0.35953
6806.45 0.38771
6807.98 0.42902
6809.51 0.38524
6811.04 0.39117
6812.57 0.41513
6814.1 0.39087
6815.63 0.38167
6817.16 0.38404
6818.69 0.38363
6820.22 0.37761
6821.75 0.35998
6823.28 0.36453
6824.81 0.41044
6826.34 0.39084
6827.87 0.33858
6829.4 0.37489
6830.93 0.40118
6832.46 0.39471
6833.99 0.40099
6835.52 0.39174
6837.05 0.37961
6838.58 0.39822
6840.11 0.39308
6841.64 0.37385
6843.17 0.38796
6844.7 0.37645
6846.23 0.39841
6847.76 0.4279
6849.29 0.38021
6850.82 0.38273
6852.35 0.4037
6853.88 0.38342
6855.41 0.39892
6856.94 0.38821
6858.47 0.35839
6860.0 0.38257
6861.53 0.38768
6863.06 0.35476
6864.59 0.33886
6866.12 0.3011
6867.65 0.25995
6869.18 0.27118
6870.71 0.29512
6872.24 0.29959
6873.77 0.30892
6875.3 0.32892
6876.83 0.3234
6878.36 0.32704
6879.89 0.32769
6881.42 0.3132
6882.95 0.33375
6884.48 0.33774
6886.01 0.31346
6887.54 0.31965
6889.07 0.32884
6890.6 0.32558
6892.13 0.34243
6893.66 0.35345
6895.19 0.33653
6896.72 0.33028
6898.25 0.32652
6899.78 0.30143
6901.31 0.32811
6902.84 0.36978
6904.37 0.35547
6905.9 0.3277
6907.43 0.34678
6908.96 0.40946
6910.49 0.40967
6912.02 0.36583
6913.55 0.37773
6915.08 0.36696
6916.61 0.3272
6918.14 0.37002
6919.67 0.3933
6921.2 0.3724
6922.73 0.41186
6924.26 0.45257
6925.79 0.39011
6927.32 0.34346
6928.85 0.36512
6930.38 0.38851
6931.91 0.40363
6933.44 0.39315
6934.97 0.37155
6936.5 0.38079
6938.03 0.42443
6939.56 0.40236
6941.09 0.36003
6942.62 0.35777
6944.15 0.39513
6945.68 0.39189
6947.21 0.37505
6948.74 0.38772
6950.27 0.39565
6951.8 0.40123
6953.33 0.39188
6954.86 0.40335
6956.39 0.39818
6957.92 0.36707
6959.45 0.36102
6960.98 0.36741
6962.51 0.3907
6964.04 0.40711
6965.57 0.3994
6967.1 0.4028
6968.63 0.41441
6970.16 0.37801
6971.69 0.36547
6973.22 0.39423
6974.75 0.39079
6976.28 0.38372
6977.81 0.36264
6979.34 0.34349
6980.87 0.37778
6982.4 0.40246
6983.93 0.37684
6985.46 0.36973
6986.99 0.40118
6988.52 0.39058
6990.05 0.38419
6991.58 0.4083
6993.11 0.4481
6994.64 0.44639
6996.17 0.41819
6997.7 0.37403
6999.23 0.3403
7000.76 0.3818
7002.29 0.40747
7003.82 0.37972
7005.35 0.3682
7006.88 0.37957
7008.41 0.39433
7009.94 0.38959
7011.47 0.39232
7013.0 0.40372
7014.53 0.38332
7016.06 0.3742
7017.59 0.41916
7019.12 0.41925
7020.65 0.40151
7022.18 0.40488
7023.71 0.38085
7025.24 0.37482
7026.77 0.39358
7028.3 0.41808
7029.83 0.41322
7031.36 0.40325
7032.89 0.40587
7034.42 0.40176
7035.95 0.3785
7037.48 0.3698
7039.01 0.38613
7040.54 0.41929
7042.07 0.42362
7043.6 0.42468
7045.13 0.40087
7046.66 0.40003
7048.19 0.41679
7049.72 0.43198
7051.25 0.43156
7052.78 0.39377
7054.31 0.41095
7055.84 0.3712
7057.37 0.37382
7058.9 0.40088
7060.43 0.3796
7061.96 0.39353
7063.49 0.39458
7065.02 0.37935
7066.55 0.41044
7068.08 0.40941
7069.61 0.38252
7071.14 0.43737
7072.67 0.47026
7074.2 0.41548
7075.73 0.3801
7077.26 0.40916
7078.79 0.40641
7080.32 0.3836
7081.85 0.38471
7083.38 0.38053
7084.91 0.40403
7086.44 0.42664
7087.97 0.44756
7089.5 0.42399
7091.03 0.38179
7092.56 0.39046
7094.09 0.41074
7095.62 0.42232
7097.15 0.43432
7098.68 0.40974
7100.21 0.38501
7101.74 0.34904
7103.27 0.38142
7104.8 0.42102
7106.33 0.42344
7107.86 0.43496
7109.39 0.40216
7110.92 0.37249
7112.45 0.39541
7113.98 0.42371
7115.51 0.40894
7117.04 0.41821
7118.57 0.42754
7120.1 0.38538
7121.63 0.40565
7123.16 0.40457
7124.69 0.37429
7126.22 0.38443
7127.75 0.38455
7129.28 0.38762
7130.81 0.42032
7132.34 0.42879
7133.87 0.40262
7135.4 0.41501
7136.93 0.40041
7138.46 0.38475
7139.99 0.40947
7141.52 0.42181
7143.05 0.38848
7144.58 0.38098
7146.11 0.395
7147.64 0.40227
7149.17 0.4112
7150.7 0.41002
7152.23 0.39722
7153.76 0.40211
7155.29 0.41586
7156.82 0.42393
7158.35 0.41632
7159.88 0.39944
7161.41 0.39791
7162.94 0.38967
7164.47 0.36037
7166.0 0.34252
7167.53 0.38091
7169.06 0.37621
7170.59 0.34783
7172.12 0.38459
7173.65 0.39841
7175.18 0.36855
7176.71 0.35735
7178.24 0.36358
7179.77 0.37485
7181.3 0.37334
7182.83 0.3489
7184.36 0.35243
7185.89 0.37069
7187.42 0.35865
7188.95 0.34769
7190.48 0.34712
7192.01 0.3608
7193.54 0.37928
7195.07 0.369
7196.6 0.33624
7198.13 0.35818
7199.66 0.39635
7201.19 0.3853
7202.72 0.38248
7204.25 0.37312
7205.78 0.34826
7207.31 0.38212
7208.84 0.40881
7210.37 0.37632
7211.9 0.35867
7213.43 0.36218
7214.96 0.37003
7216.49 0.40017
7218.02 0.39784
7219.55 0.34657
7221.08 0.35929
7222.61 0.40629
7224.14 0.38284
7225.67 0.36636
7227.2 0.39671
7228.73 0.37062
7230.26 0.33581
7231.79 0.34422
7233.32 0.34178
7234.85 0.39363
7236.38 0.41326
7237.91 0.40199
7239.44 0.42031
7240.97 0.40417
7242.5 0.37863
7244.03 0.33081
7245.56 0.34369
7247.09 0.38297
7248.62 0.37797
7250.15 0.35963
7251.68 0.35633
7253.21 0.37919
7254.74 0.39588
7256.27 0.40734
7257.8 0.41405
7259.33 0.38651
7260.86 0.36505
7262.39 0.34057
7263.92 0.3378
7265.45 0.36198
7266.98 0.38001
7268.51 0.37572
7270.04 0.37774
7271.57 0.38929
7273.1 0.38846
7274.63 0.37785
7276.16 0.38308
7277.69 0.37991
7279.22 0.35519
7280.75 0.35454
7282.28 0.33271
7283.81 0.34391
7285.34 0.36062
7286.87 0.36327
7288.4 0.3635
7289.93 0.35757
7291.46 0.35437
7292.99 0.37325
7294.52 0.37668
7296.05 0.37241
7297.58 0.39023
7299.11 0.35933
7300.64 0.34533
7302.17 0.37193
7303.7 0.32643
7305.23 0.30159
7306.76 0.3523
7308.29 0.38283
7309.82 0.38534
7311.35 0.40541
7312.88 0.41533
7314.41 0.36952
7315.94 0.42197
7317.47 0.45697
7319.0 0.34675
7320.53 0.35989
7322.06 0.37867
7323.59 0.38055
7325.12 0.40529
7326.65 0.4072
7328.18 0.37825
7329.71 0.40725
7331.24 0.38498
7332.77 0.3647
7334.3 0.40576
7335.83 0.39358
7337.36 0.40637
7338.89 0.42514
7340.42 0.38573
7341.95 0.34529
7343.48 0.36708
7345.01 0.36103
7346.54 0.36596
7348.07 0.36458
7349.6 0.35369
7351.13 0.34318
7352.66 0.38965
7354.19 0.37244
7355.72 0.35169
7357.25 0.33465
7358.78 0.32295
7360.31 0.35693
7361.84 0.36071
7363.37 0.36825
7364.9 0.37519
7366.43 0.36822
7367.96 0.35925
7369.49 0.38275
7371.02 0.36984
7372.55 0.37451
7374.08 0.38957
7375.61 0.38224
7377.14 0.35511
7378.67 0.35874
7380.2 0.40333
7381.73 0.37964
7383.26 0.35787
7384.79 0.36298
7386.32 0.35922
7387.85 0.37451
7389.38 0.39205
7390.91 0.37473
7392.44 0.36819
7393.97 0.35285
7395.5 0.34326
7397.03 0.36832
7398.56 0.37563
7400.09 0.3539
7401.62 0.40297
7403.15 0.39632
7404.68 0.34918
7406.21 0.3475
7407.74 0.35756
7409.27 0.35729
7410.8 0.38369
7412.33 0.37502
7413.86 0.35466
7415.39 0.35637
7416.92 0.37405
7418.45 0.37444
7419.98 0.34708
7421.51 0.35317
7423.04 0.3778
7424.57 0.3949
7426.1 0.38658
7427.63 0.36938
7429.16 0.39208
7430.69 0.39699
7432.22 0.37243
7433.75 0.3611
7435.28 0.36394
7436.81 0.39223
7438.34 0.40185
7439.87 0.38136
7441.4 0.35645
7442.93 0.37522
7444.46 0.37921
7445.99 0.37261
7447.52 0.37056
7449.05 0.34744
7450.58 0.34781
7452.11 0.35412
7453.64 0.34649
7455.17 0.3816
7456.7 0.40616
7458.23 0.3865
7459.76 0.39518
7461.29 0.40166
7462.82 0.36106
7464.35 0.3373
7465.88 0.34904
7467.41 0.35904
7468.94 0.37454
7470.47 0.39502
7472.0 0.38976
7473.53 0.38521
7475.06 0.37553
7476.59 0.36165
7478.12 0.37132
7479.65 0.35964
7481.18 0.34351
7482.71 0.342
7484.24 0.34501
7485.77 0.35939
7487.3 0.36551
7488.83 0.37426
7490.36 0.37178
7491.89 0.36305
7493.42 0.35201
7494.95 0.3245
7496.48 0.35014
7498.01 0.36572
7499.54 0.36237
7501.07 0.37097
7502.6 0.37183
7504.13 0.36732
7505.66 0.39008
7507.19 0.36654
7508.72 0.35209
7510.25 0.37424
7511.78 0.37703
7513.31 0.39463
7514.84 0.38333
7516.37 0.34706
7517.9 0.35978
7519.43 0.39853
7520.96 0.37933
7522.49 0.34638
7524.02 0.33313
7525.55 0.34577
7527.08 0.31634
7528.61 0.34995
7530.14 0.37451
7531.67 0.35733
7533.2 0.38639
7534.73 0.38456
7536.26 0.32175
7537.79 0.34021
7539.32 0.37298
7540.85 0.38455
7542.38 0.37562
7543.91 0.36624
7545.44 0.35141
7546.97 0.3738
7548.5 0.36532
7550.03 0.35697
7551.56 0.37329
7553.09 0.34939
7554.62 0.32912
7556.15 0.34291
7557.68 0.3573
7559.21 0.35539
7560.74 0.36921
7562.27 0.38604
7563.8 0.39536
7565.33 0.37198
7566.86 0.35288
7568.39 0.38384
7569.92 0.37276
7571.45 0.31459
7572.98 0.32524
7574.51 0.36704
7576.04 0.36623
7577.57 0.33666
7579.1 0.36379
7580.63 0.34429
7582.16 0.33796
7583.69 0.33802
7585.22 0.36337
7586.75 0.36377
7588.28 0.35644
7589.81 0.29955
7591.34 0.28235
7592.87 0.22655
7594.4 0.17125
7595.93 0.16189
7597.46 0.17635
7598.99 0.1403
7600.52 0.09999
7602.05 0.10692
7603.58 0.08573
7605.11 0.11991
7606.64 0.1456
7608.17 0.13262
7609.7 0.15838
7611.23 0.20288
7612.76 0.20207
7614.29 0.27539
7615.82 0.30727
7617.35 0.26429
7618.88 0.25334
7620.41 0.23105
7621.94 0.23337
7623.47 0.24842
7625.0 0.23624
7626.53 0.2229
7628.06 0.22118
7629.59 0.19228
7631.12 0.15943
7632.65 0.19496
7634.18 0.22333
7635.71 0.19756
7637.24 0.21731
7638.77 0.23768
7640.3 0.22187
7641.83 0.23836
7643.36 0.26939
7644.89 0.2389
7646.42 0.2531
7647.95 0.27343
7649.48 0.27595
7651.01 0.29469
7652.54 0.26328
7654.07 0.24632
7655.6 0.30415
7657.13 0.30271
7658.66 0.30185
7660.19 0.32842
7661.72 0.32327
7663.25 0.34737
7664.78 0.38406
7666.31 0.34823
7667.84 0.3207
7669.37 0.31986
7670.9 0.29506
7672.43 0.30791
7673.96 0.33762
7675.49 0.34279
7677.02 0.33514
7678.55 0.35525
7680.08 0.35098
7681.61 0.32109
7683.14 0.34736
7684.67 0.34385
7686.2 0.33519
7687.73 0.3531
7689.26 0.34436
7690.79 0.33381
7692.32 0.33724
7693.85 0.35973
7695.38 0.39583
7696.91 0.37881
7698.44 0.30173
7699.97 0.28647
7701.5 0.33617
7703.03 0.35269
7704.56 0.33031
7706.09 0.32756
7707.62 0.35731
7709.15 0.40343
7710.68 0.40953
7712.21 0.42156
7713.74 0.40608
7715.27 0.35207
7716.8 0.3566
7718.33 0.38305
7719.86 0.38513
7721.39 0.37276
7722.92 0.3673
7724.45 0.40554
7725.98 0.3566
7727.51 0.33514
7729.04 0.37624
7730.57 0.33616
7732.1 0.32377
7733.63 0.3375
7735.16 0.32035
7736.69 0.33994
7738.22 0.35472
7739.75 0.35933
7741.28 0.34342
7742.81 0.34386
7744.34 0.35202
7745.87 0.39934
7747.4 0.41315
7748.93 0.38036
7750.46 0.36981
7751.99 0.36595
7753.52 0.33919
7755.05 0.33392
7756.58 0.35627
7758.11 0.34445
7759.64 0.35204
7761.17 0.33933
7762.7 0.31654
7764.23 0.35761
7765.76 0.37158
7767.29 0.36414
7768.82 0.33732
7770.35 0.31651
7771.88 0.32607
7773.41 0.32291
7774.94 0.35368
7776.47 0.35245
7778.0 0.37574
7779.53 0.33418
7781.06 0.31494
7782.59 0.36641
7784.12 0.34887
7785.65 0.32109
7787.18 0.36179
7788.71 0.36416
7790.24 0.38628
7791.77 0.37748
7793.3 0.35788
7794.83 0.34478
7796.36 0.33699
7797.89 0.35031
7799.42 0.33723
7800.95 0.35646
7802.48 0.37981
7804.01 0.3543
7805.54 0.32612
7807.07 0.35338
7808.6 0.38229
7810.13 0.38982
7811.66 0.32157
7813.19 0.32202
7814.72 0.33415
7816.25 0.33056
7817.78 0.35892
7819.31 0.35752
7820.84 0.34076
7822.37 0.36776
7823.9 0.35682
7825.43 0.35892
7826.96 0.35718
7828.49 0.37151
7830.02 0.36828
7831.55 0.33992
7833.08 0.29962
7834.61 0.30379
7836.14 0.32443
7837.67 0.32585
7839.2 0.29915
7840.73 0.32584
7842.26 0.32783
7843.79 0.33525
7845.32 0.36679
7846.85 0.33489
7848.38 0.3048
7849.91 0.35441
7851.44 0.36613
7852.97 0.30133
7854.5 0.33956
7856.03 0.34991
7857.56 0.32
7859.09 0.36168
7860.62 0.36156
7862.15 0.31729
7863.68 0.30632
7865.21 0.32639
7866.74 0.3405
7868.27 0.35637
7869.8 0.35498
7871.33 0.3055
7872.86 0.3233
7874.39 0.35651
7875.92 0.32665
7877.45 0.30926
7878.98 0.29735
7880.51 0.30613
7882.04 0.3218
7883.57 0.33783
7885.1 0.3393
7886.63 0.34479
7888.16 0.37977
7889.69 0.41582
7891.22 0.38714
7892.75 0.32309
7894.28 0.33813
7895.81 0.35782
7897.34 0.34633
7898.87 0.30818
7900.4 0.3076
7901.93 0.31183
7903.46 0.31819
7904.99 0.35109
7906.52 0.3509
7908.05 0.3604
7909.58 0.38035
7911.11 0.3633
7912.64 0.32248
7914.17 0.34975
7915.7 0.38871
7917.23 0.36746
7918.76 0.36482
7920.29 0.33653
7921.82 0.31011
7923.35 0.30635
7924.88 0.32508
7926.41 0.34479
7927.94 0.39859
7929.47 0.37863
7931.0 0.35214
7932.53 0.37687
7934.06 0.35273
7935.59 0.32082
7937.12 0.34851
7938.65 0.30394
7940.18 0.32817
7941.71 0.36092
7943.24 0.3648
7944.77 0.39296
7946.3 0.37143
7947.83 0.34504
7949.36 0.36445
7950.89 0.36964
7952.42 0.33113
7953.95 0.3353
7955.48 0.33992
7957.01 0.32067
7958.54 0.35249
7960.07 0.39789
7961.6 0.36924
7963.13 0.3397
7964.66 0.35566
7966.19 0.34853
7967.72 0.33395
7969.25 0.32771
7970.78 0.31828
7972.31 0.30147
7973.84 0.32816
7975.37 0.31503
7976.9 0.33438
7978.43 0.35446
7979.96 0.34035
7981.49 0.35951
7983.02 0.32342
7984.55 0.29895
7986.08 0.34899
7987.61 0.34268
7989.14 0.35288
7990.67 0.37546
7992.2 0.37189
7993.73 0.33825
7995.26 0.30416
7996.79 0.30424
7998.32 0.30831
7999.85 0.31638
8001.38 0.30539
8002.91 0.30195
8004.44 0.3279
8005.97 0.33826
8007.5 0.29718
8009.03 0.32317
8010.56 0.35329
8012.09 0.33848
8013.62 0.36598
8015.15 0.35184
8016.68 0.31244
8018.21 0.31125
8019.74 0.3107
8021.27 0.31681
8022.8 0.34803
8024.33 0.33393
8025.86 0.3349
8027.39 0.32546
8028.92 0.31532
8030.45 0.33728
8031.98 0.33531
8033.51 0.32023
8035.04 0.34219
8036.57 0.3559
8038.1 0.33418
8039.63 0.31532
8041.16 0.3218
8042.69 0.30965
8044.22 0.30305
8045.75 0.34458
8047.28 0.36338
8048.81 0.36211
8050.34 0.37001
8051.87 0.34687
8053.4 0.33179
8054.93 0.34927
8056.46 0.35165
8057.99 0.37151
8059.52 0.37637
8061.05 0.32991
8062.58 0.3013
8064.11 0.29847
8065.64 0.30891
8067.17 0.3416
8068.7 0.34159
8070.23 0.32489
8071.76 0.31996
8073.29 0.32403
8074.82 0.33034
8076.35 0.30376
8077.88 0.31279
8079.41 0.32331
8080.94 0.31791
8082.47 0.32124
8084.0 0.34474
8085.53 0.31468
8087.06 0.31068
8088.59 0.30774
8090.12 0.30966
8091.65 0.36148
8093.18 0.32229
8094.71 0.29725
8096.24 0.32234
8097.77 0.29784
8099.3 0.32813
8100.83 0.36162
8102.36 0.34154
8103.89 0.36809
8105.42 0.36295
8106.95 0.34376
8108.48 0.35654
8110.01 0.35594
8111.54 0.31594
8113.07 0.31225
8114.6 0.29773
8116.13 0.31508
8117.66 0.3349
8119.19 0.33502
8120.72 0.31953
8122.25 0.33001
8123.78 0.34438
8125.31 0.35416
8126.84 0.34401
8128.37 0.30446
8129.9 0.26697
8131.43 0.27749
8132.96 0.31119
8134.49 0.32623
8136.02 0.35615
8137.55 0.32725
8139.08 0.27737
8140.61 0.32764
8142.14 0.32367
8143.67 0.27257
8145.2 0.28722
8146.73 0.2879
8148.26 0.29618
8149.79 0.31872
8151.32 0.29712
8152.85 0.28775
8154.38 0.29716
8155.91 0.31006
8157.44 0.31093
8158.97 0.31442
8160.5 0.28683
8162.03 0.25665
8163.56 0.27622
8165.09 0.29859
8166.62 0.28904
8168.15 0.28109
8169.68 0.30691
8171.21 0.32669
8172.74 0.31702
8174.27 0.26771
8175.8 0.27754
8177.33 0.31297
8178.86 0.32149
8180.39 0.30925
8181.92 0.31901
8183.45 0.30115
8184.98 0.29819
8186.51 0.33533
8188.04 0.34775
8189.57 0.31943
8191.1 0.30624
8192.63 0.30936
8194.16 0.33878
8195.69 0.36909
8197.22 0.30872
8198.75 0.27251
8200.28 0.2891
8201.81 0.29967
8203.34 0.34263
8204.87 0.33676
8206.4 0.27832
8207.93 0.2868
8209.46 0.31883
8210.99 0.29856
8212.52 0.30392
8214.05 0.32653
8215.58 0.31692
8217.11 0.31249
8218.64 0.31999
8220.17 0.32995
8221.7 0.33331
8223.23 0.3046
8224.76 0.25285
8226.29 0.26131
8227.82 0.2748
8229.35 0.25522
8230.88 0.27236
8232.41 0.29318
8233.94 0.29215
8235.47 0.31765
8237.0 0.32387
8238.53 0.30673
8240.06 0.30572
8241.59 0.33262
8243.12 0.34634
8244.65 0.32089
8246.18 0.28603
8247.71 0.29047
8249.24 0.31927
8250.77 0.32842
8252.3 0.31001
8253.83 0.30368
8255.36 0.30879
8256.89 0.30353
8258.42 0.30259
8259.95 0.3103
8261.48 0.29484
8263.01 0.32495
8264.54 0.31537
8266.07 0.29177
8267.6 0.32554
8269.13 0.27341
8270.66 0.25111
8272.19 0.29872
8273.72 0.2887
8275.25 0.27134
8276.78 0.31437
8278.31 0.31422
8279.84 0.28474
8281.37 0.3167
8282.9 0.33833
8284.43 0.33956
8285.96 0.39423
8287.49 0.43966
8289.02 0.46281
8290.55 0.44696
8292.08 0.37572
8293.61 0.37405
8295.14 0.39422
8296.67 0.40086
8298.2 0.3423
8299.73 0.26768
8301.26 0.25877
8302.79 0.32734
8304.32 0.31705
8305.85 0.27933
8307.38 0.31742
8308.91 0.32861
8310.44 0.28142
8311.97 0.28995
8313.5 0.27551
8315.03 0.26357
8316.56 0.28275
8318.09 0.32152
8319.62 0.30472
8321.15 0.29082
8322.68 0.30762
8324.21 0.31817
8325.74 0.31255
8327.27 0.32988
8328.8 0.31394
8330.33 0.29646
8331.86 0.32523
8333.39 0.29951
8334.92 0.26595
8336.45 0.28793
8337.98 0.32504
8339.51 0.34428
8341.04 0.34381
8342.57 0.21283
8344.1 0.16502
8345.63 0.26695
8347.16 0.29254
8348.69 0.30429
8350.22 0.29811
8351.75 0.26877
8353.28 0.31121
8354.81 0.34518
8356.34 0.3144
8357.87 0.33084
8359.4 0.35402
8360.93 0.32111
8362.46 0.33634
8363.99 0.33698
8365.52 0.26139
8367.05 0.27618
8368.58 0.32512
8370.11 0.30699
8371.64 0.31138
8373.17 0.32948
8374.7 0.29371
8376.23 0.29362
8377.76 0.32336
8379.29 0.29947
8380.82 0.30503
8382.35 0.28862
8383.88 0.26854
8385.41 0.33725
8386.94 0.3617
8388.47 0.30712
8390.0 0.29199
8391.53 0.27974
8393.06 0.27506
8394.59 0.31896
8396.12 0.35042
8397.65 0.34664
8399.18 0.3424
8400.71 0.30069
8402.24 0.28591
8403.77 0.35116
8405.3 0.30542
8406.83 0.30448
8408.36 0.34248
8409.89 0.28896
8411.42 0.31692
8412.95 0.38825
8414.48 0.3637
8416.01 0.33639
8417.54 0.32019
8419.07 0.31303
8420.6 0.32585
8422.13 0.34821
8423.66 0.34601
8425.19 0.34194
8426.72 0.34499
8428.25 0.35829
8429.78 0.36622
8431.31 0.32694
8432.84 0.27553
8434.37 0.27869
8435.9 0.34606
8437.43 0.29681
8438.96 0.27788
8440.49 0.32872
8442.02 0.32184
8443.55 0.31476
8445.08 0.3205
8446.61 0.28687
8448.14 0.29205
8449.67 0.29914
8451.2 0.21953
8452.73 0.27121
8454.26 0.32758
8455.79 0.27932
8457.32 0.29494
8458.85 0.31196
8460.38 0.31676
8461.91 0.34753
8463.44 0.36386
8464.97 0.27936
8466.5 0.29527
8468.03 0.31161
8469.56 0.26754
8471.09 0.28023
8472.62 0.31974
8474.15 0.3015
8475.68 0.29632
8477.21 0.31245
8478.74 0.32427
8480.27 0.31452
8481.8 0.29812
8483.33 0.32582
8484.86 0.32066
8486.39 0.31057
8487.92 0.33499
8489.45 0.33776
8490.98 0.33272
8492.51 0.28547
8494.04 0.27403
8495.57 0.29867
8497.1 0.27099
8498.63 0.27587
8500.16 0.31693
8501.69 0.30935
8503.22 0.29506
8504.75 0.28318
8506.28 0.24587
8507.81 0.28145
8509.34 0.30487
8510.87 0.29414
8512.4 0.31133
8513.93 0.30557
8515.46 0.30215
8516.99 0.30016
8518.52 0.29373
8520.05 0.29508
8521.58 0.30646
8523.11 0.30914
8524.64 0.28853
8526.17 0.29608
8527.7 0.28708
8529.23 0.28298
8530.76 0.31638
8532.29 0.29455
8533.82 0.27625
8535.35 0.29124
8536.88 0.27766
8538.41 0.27407
8539.94 0.28543
8541.47 0.26115
8543.0 0.26244
8544.53 0.30497
8546.06 0.30728
8547.59 0.30906
8549.12 0.29805
8550.65 0.28281
8552.18 0.25812
8553.71 0.27155
8555.24 0.31801
8556.77 0.30978
8558.3 0.28914
8559.83 0.26654
8561.36 0.29093
8562.89 0.27677
8564.42 0.25601
8565.95 0.25868
8567.48 0.29548
8569.01 0.29482
8570.54 0.29534
8572.07 0.31828
8573.6 0.32144
8575.13 0.32182
8576.66 0.34076
8578.19 0.32335
8579.72 0.30456
8581.25 0.28095
8582.78 0.2657
8584.31 0.33449
8585.84 0.3525
8587.37 0.29427
8588.9 0.27902
8590.43 0.2897
8591.96 0.30274
8593.49 0.31886
8595.02 0.3325
8596.55 0.35689
8598.08 0.36197
8599.61 0.34849
8601.14 0.31997
8602.67 0.33967
8604.2 0.35262
8605.73 0.32412
8607.26 0.32447
8608.79 0.33693
8610.32 0.31866
8611.85 0.31103
8613.38 0.32562
8614.91 0.31773
8616.44 0.29915
8617.97 0.26143
8619.5 0.24276
8621.03 0.27171
8622.56 0.37074
8624.09 0.37873
8625.62 0.35843
8627.15 0.27126
8628.68 0.22654
8630.21 0.2589
8631.74 0.26692
8633.27 0.27977
8634.8 0.30207
8636.33 0.25971
8637.86 0.25776
8639.39 0.33695
8640.92 0.33412
8642.45 0.27101
8643.98 0.2913
8645.51 0.31514
8647.04 0.29397
8648.57 0.30324
8650.1 0.33863
8651.63 0.36601
8653.16 0.30841
8654.69 0.25354
8656.22 0.27555
8657.75 0.3206
8659.28 0.31623
8660.81 0.27366
8662.34 0.30447
8663.87 0.30778
8665.4 0.28087
8666.93 0.34992
8668.46 0.34846
8669.99 0.24999
8671.52 0.26697
8673.05 0.31132
8674.58 0.30115
8676.11 0.31812
8677.64 0.32481
8679.17 0.30237
8680.7 0.29508
8682.23 0.29015
8683.76 0.27506
8685.29 0.28929
8686.82 0.2642
8688.35 0.26766
8689.88 0.30391
8691.41 0.28451
8692.94 0.27239
8694.47 0.28687
8696.0 0.28558
8697.53 0.28617
8699.06 0.29528
8700.59 0.27296
8702.12 0.29162
8703.65 0.33523
8705.18 0.29343
8706.71 0.26672
8708.24 0.29105
8709.77 0.28427
8711.3 0.27274
8712.83 0.2919
8714.36 0.28459
8715.89 0.30387
8717.42 0.33273
8718.95 0.29996
8720.48 0.28302
8722.01 0.27233
8723.54 0.2731
8725.07 0.28555
8726.6 0.30047
8728.13 0.27777
8729.66 0.26759
8731.19 0.29219
8732.72 0.27434
8734.25 0.29788
8735.78 0.30343
8737.31 0.24985
8738.84 0.26457
8740.37 0.2867
8741.9 0.25005
8743.43 0.26801
8744.96 0.31
8746.49 0.26407
8748.02 0.26027
8749.55 0.27759
8751.08 0.26182
8752.61 0.28775
8754.14 0.27394
8755.67 0.24723
8757.2 0.32019
8758.73 0.3142
8760.26 0.24378
8761.79 0.30763
8763.32 0.3511
8764.85 0.29853
8766.38 0.28133
8767.91 0.30038
8769.44 0.26413
8770.97 0.27405
8772.5 0.30442
8774.03 0.3324
8775.56 0.29277
8777.09 0.16495
8778.62 0.20205
8780.15 0.3283
8781.68 0.28304
8783.21 0.22313
8784.74 0.25888
8786.27 0.29222
8787.8 0.2429
8789.33 0.23461
8790.86 0.26359
8792.39 0.25533
8793.92 0.22378
8795.45 0.21898
8796.98 0.25347
8798.51 0.29631
8800.04 0.29825
8801.57 0.26396
8803.1 0.29755
8804.63 0.30211
8806.16 0.28423
8807.69 0.31152
8809.22 0.28279
8810.75 0.27355
8812.28 0.29296
8813.81 0.28146
8815.34 0.30448
8816.87 0.32007
8818.4 0.28644
8819.93 0.3088
8821.46 0.36438
8822.99 0.3625
8824.52 0.33176
8826.05 0.28581
8827.58 0.3209
8829.11 0.36458
8830.64 0.30766
8832.17 0.29801
8833.7 0.33755
8835.23 0.32049
8836.76 0.24856
8838.29 0.25195
8839.82 0.27191
8841.35 0.26163
8842.88 0.25146
8844.41 0.26853
8845.94 0.27887
8847.47 0.25925
8849.0 0.24105
8850.53 0.26622
8852.06 0.27511
8853.59 0.2729
8855.12 0.25935
8856.65 0.26195
8858.18 0.26274
8859.71 0.23663
8861.24 0.25403
8862.77 0.2847
8864.3 0.31288
8865.83 0.24651
8867.36 0.19611
8868.89 0.25754
8870.42 0.27243
8871.95 0.25795
8873.48 0.26716
8875.01 0.2856
8876.54 0.27211
8878.07 0.21274
8879.6 0.21471
8881.13 0.24418
8882.66 0.28277
8884.19 0.31424
8885.72 0.30425
8887.25 0.29414
8888.78 0.21665
8890.31 0.25138
8891.84 0.2577
8893.37 0.25986
8894.9 0.26774
8896.43 0.24837
8897.96 0.30615
8899.49 0.33172
8901.02 0.25601
8902.55 0.28665
8904.08 0.29908
8905.61 0.30272
8907.14 0.2733
8908.67 0.25705
8910.2 0.24979
8911.73 0.27309
8913.26 0.27932
8914.79 0.28666
8916.32 0.28864
8917.85 0.15639
8919.38 0.16994
8920.91 0.214
8922.44 0.2992
8923.97 0.25482
8925.5 0.22543
8927.03 0.22565
8928.56 0.26224
8930.09 0.27544
8931.62 0.26357
8933.15 0.25436
8934.68 0.24959
8936.21 0.24627
8937.74 0.28506
8939.27 0.28986
8940.8 0.25239
8942.33 0.24452
8943.86 0.24749
8945.39 0.21105
8946.92 0.20003
8948.45 0.23359
8949.98 0.23611
8951.51 0.23179
8953.04 0.2402
8954.57 0.27733
8956.1 0.33066
8957.63 0.27895
8959.16 0.1694
8960.69 0.19647
8962.22 0.24853
8963.75 0.235
8965.28 0.25429
8966.81 0.24849
8968.34 0.22255
8969.87 0.23501
8971.4 0.22589
8972.93 0.20344
8974.46 0.23878
8975.99 0.24633
8977.52 0.20842
8979.05 0.23184
8980.58 0.28182
8982.11 0.2586
8983.64 0.20801
8985.17 0.19991
8986.7 0.17914
8988.23 0.15205
8989.76 0.15662
8991.29 0.21236
8992.82 0.25708
8994.35 0.24595
8995.88 0.23095
8997.41 0.24826
8998.94 0.23433
9000.47 0.21049
9002.0 0.23517
9003.53 0.25864
9005.06 0.19966
9006.59 0.255
9008.12 0.25158
9009.65 0.20249
9011.18 0.22768
9012.71 0.2171
9014.24 0.19155
9015.77 0.2163
9017.3 0.21836
9018.83 0.20331
9020.36 0.2165
9021.89 0.23257
9023.42 0.22239
9024.95 0.21855
9026.48 0.20439
9028.01 0.18879
9029.54 0.2239
9031.07 0.2476
9032.6 0.26002
9034.13 0.31507
9035.66 0.31149
9037.19 0.25338
9038.72 0.23574
9040.25 0.25115
9041.78 0.2469
9043.31 0.25457
9044.84 0.26213
9046.37 0.27748
9047.9 0.28312
9049.43 0.28104
9050.96 0.21733
9052.49 0.21093
9054.02 0.23465
9055.55 0.22939
9057.08 0.24987
9058.61 0.25036
9060.14 0.25427
9061.67 0.24639
9063.2 0.23375
9064.73 0.24865
9066.26 0.23855
9067.79 0.21419
9069.32 0.20073
9070.85 0.22164
9072.38 0.19408
9073.91 0.20992
9075.44 0.25943
9076.97 0.23102
9078.5 0.21904
9080.03 0.23096
9081.56 0.22522
9083.09 0.24192
9084.62 0.25193
9086.15 0.23556
9087.68 0.21801
9089.21 0.18958
9090.74 0.2045
9092.27 0.25724
9093.8 0.28057
9095.33 0.24863
9096.86 0.23171
9098.39 0.25104
9099.92 0.24503
9101.45 0.24133
9102.98 0.23643
9104.51 0.23131
9106.04 0.24963
9107.57 0.27073
9109.1 0.25803
9110.63 0.24936
9112.16 0.27701
9113.69 0.2565
9115.22 0.23181
9116.75 0.2472
9118.28 0.23521
9119.81 0.2384
9121.34 0.25742
9122.87 0.23863
9124.4 0.23364
9125.93 0.22255
9127.46 0.18511
9128.99 0.21166
9130.52 0.22383
9132.05 0.20162
9133.58 0.23019
9135.11 0.24192
9136.64 0.22043
9138.17 0.23175
9139.7 0.26108
9141.23 0.25458
9142.76 0.24012
9144.29 0.2346
9145.82 0.23927
9147.35 0.23773
9148.88 0.22856
9150.41 0.23455
9151.94 0.25448
9153.47 0.26267
9155.0 0.23189
9156.53 0.25502
9158.06 0.2525
9159.59 0.24002
9161.12 0.23473
9162.65 0.2394
9164.18 0.24407
9165.71 0.25946
9167.24 0.23979
9168.77 0.21288
9170.3 0.23511
9171.83 0.23222
9173.36 0.21528
9174.89 0.22717
9176.42 0.23033
9177.95 0.237
9179.48 0.24748
9181.01 0.24098
9182.54 0.25616
9184.07 0.25782
9185.6 0.25842
9187.13 0.24535
9188.66 0.28341
9190.19 0.24921
9191.72 0.23615
9193.25 0.25211
9194.78 0.2321
9196.31 0.24235
9197.84 0.29493
9199.37 0.27508
9200.9 0.26476
9202.43 0.26997
9203.96 0.22939
9205.49 0.25014
9207.02 0.28296
9208.55 0.2639
9210.08 0.23886
9211.61 0.22472
9213.14 0.24212
9214.67 0.23955
9216.2 0.24626
9217.73 0.24692
9219.26 0.26892
9220.79 0.27765
9222.32 0.23763
9223.85 0.21598
9225.38 0.25306
9226.91 0.25474
9228.44 0.25409
9229.97 0.26235
9231.5 0.23297
9233.03 0.22079
9234.56 0.24047
9236.09 0.23226
9237.62 0.23817
9239.15 0.26242
9240.68 0.25795
9242.21 0.24073
9243.74 0.22414
9245.27 0.19079
9246.8 0.21247
9248.33 0.24198
9249.86 0.23626
9251.39 0.26441
9252.92 0.29716
9254.45 0.27018
9255.98 0.23072
9257.51 0.22752
9259.04 0.23706
9260.57 0.25324
9262.1 0.25488
9263.63 0.23678
9265.16 0.25804
9266.69 0.27554
9268.22 0.24372
9269.75 0.26386
9271.28 0.26594
9272.81 0.25278
9274.34 0.24604
9275.87 0.21542
9277.4 0.20612
9278.93 0.20615
9280.46 0.20101
9281.99 0.20859
9283.52 0.23092
9285.05 0.23492
9286.58 0.24881
9288.11 0.23049
9289.64 0.20115
9291.17 0.19381
9292.7 0.19285
9294.23 0.21054
9295.76 0.20441
9297.29 0.21546
9298.82 0.20853
9300.35 0.20983
9301.88 0.23905
9303.41 0.2462
9304.94 0.15904
9306.47 0.16348
9308.0 0.15834
9309.53 0.11383
9311.06 0.17433
9312.59 0.25227
9314.12 0.35573
9315.65 0.46839
9317.18 0.40367
9318.71 0.25899
9320.24 0.24002
9321.77 0.17911
9323.3 0.1387
9324.83 0.1129
9326.36 0.13416
9327.89 0.16693
9329.42 0.15236
9330.95 0.13304
9332.48 0.1051
9334.01 0.14317
9335.54 0.15302
9337.07 0.16279
9338.6 0.10758
9340.13 0.05965
9341.66 0.10909
9343.19 0.14685
9344.72 0.17361
9346.25 0.20722
9347.78 0.20872
9349.31 0.16145
9350.84 0.11901
9352.37 0.13731
9353.9 0.13504
9355.43 0.09733
9356.96 0.1157
9358.49 0.15049
9360.02 0.16979
9361.55 0.17137
9363.08 0.10937
9364.61 0.10715
9366.14 0.12032
9367.67 0.08145
9369.2 0.13992
9370.73 0.30776
9372.26 0.27338
9373.79 0.139
9375.32 0.05983
9376.85 0.01307
9378.38 0.08292
9379.91 0.16424
9381.44 0.16298
9382.97 0.1783
9384.5 0.21887
9386.03 0.21397
9387.56 0.22476
9389.09 0.21631
9390.62 0.19596
9392.15 0.22299
9393.68 0.23752
9395.21 0.22239
9396.74 0.23302
9398.27 0.26093
9399.8 0.23534
9401.33 0.18008
9402.86 0.19019
9404.39 0.17596
9405.92 0.15779
9407.45 0.16208
9408.98 0.16353
9410.51 0.21661
9412.04 0.21918
9413.57 0.20559
9415.1 0.24091
9416.63 0.22465
9418.16 0.13089
9419.69 0.12988
9421.22 0.19465
9422.75 0.17545
9424.28 0.12869
9425.81 0.12873
9427.34 0.15768
9428.87 0.2199
9430.4 0.22191
9431.93 0.22026
9433.46 0.22253
9434.99 0.14879
9436.52 0.19529
9438.05 0.33421
9439.58 0.301
9441.11 0.25183
9442.64 0.18681
9444.17 0.1517
9445.7 0.24178
9447.23 0.2406
9448.76 0.18939
9450.29 0.18547
9451.82 0.20027
9453.35 0.16439
9454.88 0.15259
9456.41 0.16203
9457.94 0.20476
9459.47 0.14918
9461.0 0.16081
9462.53 0.2096
9464.06 0.18571
9465.59 0.16389
9467.12 0.15666
9468.65 0.16765
9470.18 0.21783
9471.71 0.2232
9473.24 0.16504
9474.77 0.20672
9476.3 0.21741
9477.83 0.06641
9479.36 0.17755
9480.89 0.17423
9482.42 0.18141
9483.95 0.22706
9485.48 0.23769
9487.01 0.22826
9488.54 0.24841
9490.07 0.22254
9491.6 0.13823
9493.13 0.17871
9494.66 0.1775
9496.19 0.1249
9497.72 0.14976
9499.25 0.19209
9500.78 0.27387
9502.31 0.28266
9503.84 0.24687
9505.37 0.25179
9506.9 0.25641
9508.43 0.2552
9509.96 0.23208
9511.49 0.24959
9513.02 0.19169
9514.55 0.15272
9516.08 0.14204
9517.61 0.11872
9519.14 0.11412
9520.67 0.0918
9522.2 0.11968
9523.73 0.20085
9525.26 0.22061
9526.79 0.18728
9528.32 0.19105
9529.85 0.20547
9531.38 0.21578
9532.91 0.23541
9534.44 0.29525
9535.97 0.2566
9537.5 0.23024
9539.03 0.24589
9540.56 0.16911
9542.09 0.17161
9543.62 0.2364
9545.15 0.21447
9546.68 0.19551
9548.21 0.22366
9549.74 0.25272
9551.27 0.21586
9552.8 0.22684
9554.33 0.24344
9555.86 0.19074
9557.39 0.21394
9558.92 0.23001
9560.45 0.24385
9561.98 0.22331
9563.51 0.19056
9565.04 0.21513
9566.57 0.24437
9568.1 0.2887
9569.63 0.25223
9571.16 0.24968
9572.69 0.28473
9574.22 0.28778
9575.75 0.27149
9577.28 0.18457
9578.81 0.18369
9580.34 0.22206
9581.87 0.20942
9583.4 0.25441
9584.93 0.23833
9586.46 0.17997
9587.99 0.18105
9589.52 0.20937
9591.05 0.2149
9592.58 0.23356
9594.11 0.25856
9595.64 0.2459
9597.17 0.29202
9598.7 0.27143
9600.23 0.25042
9601.76 0.26173
9603.29 0.24606
9604.82 0.22193
9606.35 0.24268
9607.88 0.2854
9609.41 0.28667
9610.94 0.30045
9612.47 0.24547
9614.0 0.21896
9615.53 0.23876
9617.06 0.23887
9618.59 0.29303
9620.12 0.30962
9621.65 0.31715
9623.18 0.29337
9624.71 0.30159
9626.24 0.29117
9627.77 0.30365
9629.3 0.30913
9630.83 0.30456
9632.36 0.30118
9633.89 0.30307
9635.42 0.281
9636.95 0.22579
9638.48 0.23857
9640.01 0.26086
9641.54 0.29142
9643.07 0.26059
9644.6 0.22055
9646.13 0.24888
9647.66 0.29171
9649.19 0.32043
9650.72 0.3547
9652.25 0.32372
9653.78 0.32662
9655.31 0.34746
9656.84 0.32842
9658.37 0.30129
9659.9 0.27048
9661.43 0.3043
9662.96 0.26688
9664.49 0.29746
9666.02 0.29393
9667.55 0.21843
9669.08 0.264
9670.61 0.32001
9672.14 0.29275
9673.67 0.30568
9675.2 0.32503
9676.73 0.31227
9678.26 0.28381
9679.79 0.29727
9681.32 0.32865
9682.85 0.31524
9684.38 0.31651
9685.91 0.2564
9687.44 0.24109
9688.97 0.28908
9690.5 0.27592
9692.03 0.30814
9693.56 0.38863
9695.09 0.41891
9696.62 0.42183
9698.15 0.34899
9699.68 0.31626
9701.21 0.35593
9702.74 0.31204
9704.27 0.27646
9705.8 0.31135
9707.33 0.31401
9708.86 0.23499
9710.39 0.26731
9711.92 0.28984
9713.45 0.20708
9714.98 0.30243
9716.51 0.36936
9718.04 0.29898
9719.57 0.30983
9721.1 0.30093
9722.63 0.25349
9724.16 0.2603
9725.69 0.28398
9727.22 0.34704
9728.75 0.30181
9730.28 0.25348
9731.81 0.27304
9733.34 0.26135
9734.87 0.27884
9736.4 0.32035
9737.93 0.28299
9739.46 0.27165
9740.99 0.29396
9742.52 0.31305
9744.05 0.26237
9745.58 0.2069
9747.11 0.23662
9748.64 0.30303
9750.17 0.32638
9751.7 0.26396
9753.23 0.21983
9754.76 0.19114
9756.29 0.25296
9757.82 0.28076
9759.35 0.25092
9760.88 0.27236
9762.41 0.25145
9763.94 0.27853
9765.47 0.32255
9767.0 0.27579
9768.53 0.28058
9770.06 0.30154
9771.59 0.28422
9773.12 0.26724
9774.65 0.28349
9776.18 0.23834
9777.71 0.24522
9779.24 0.29239
9780.77 0.29109
9782.3 0.26239
9783.83 0.24185
9785.36 0.29772
9786.89 0.43219
9788.42 0.48431
9789.95 0.37693
9791.48 0.29818
9793.01 0.225
9794.54 0.23382
9796.07 0.26193
9797.6 0.28129
9799.13 0.29579
9800.66 0.29253
9802.19 0.25988
9803.72 0.2513
9805.25 0.28835
9806.78 0.2716
9808.31 0.22462
9809.84 0.27679
9811.37 0.33159
9812.9 0.27631
9814.43 0.26002
9815.96 0.29986
9817.49 0.29787
9819.02 0.29949
9820.55 0.28684
9822.08 0.24077
9823.61 0.24777
9825.14 0.28207
9826.67 0.24156
9828.2 0.2169
9829.73 0.23748
9831.26 0.27777
9832.79 0.26285
9834.32 0.18636
9835.85 0.18999
9837.38 0.2854
9838.91 0.31638
9840.44 0.2231
9841.97 0.2262
9843.5 0.26423
9845.03 0.25812
9846.56 0.29596
9848.09 0.30696
9849.62 0.28233
9851.15 0.24887
9852.68 0.28417
9854.21 0.32466
9855.74 0.31166
9857.27 0.26118
9858.8 0.22515
9860.33 0.25567
9861.86 0.27141
9863.39 0.25108
9864.92 0.24796
9866.45 0.29202
9867.98 0.37527
9869.51 0.36715
9871.04 0.15601
9872.57 0.08176
9874.1 0.19053
9875.63 0.21326
9877.16 0.25645
9878.69 0.29633
9880.22 0.27715
9881.75 0.26458
9883.28 0.29133
9884.81 0.24549
9886.34 0.26786
9887.87 0.36959
9889.4 0.28516
9890.93 0.25897
9892.46 0.29878
9893.99 0.16095
9895.52 0.18974
9897.05 0.26484
9898.58 0.27091
9900.11 0.25817
9901.64 0.2875
9903.17 0.29062
9904.7 0.24323
9906.23 0.25625
9907.76 0.252
9909.29 0.25606
9910.82 0.29563
9912.35 0.33606
9913.88 0.3429
9915.41 0.28197
9916.94 0.14952
9918.47 0.21225
9920.0 0.25164
9921.53 0.27597
9923.06 0.30404
9924.59 0.29934
9926.12 0.26143
9927.65 0.27524
9929.18 0.25519
9930.71 0.22932
9932.24 0.26984
9933.77 0.26551
9935.3 0.23926
9936.83 0.30531
9938.36 0.34849
9939.89 0.30123
9941.42 0.34898
9942.95 0.27614
9944.48 0.20446
9946.01 0.25929
9947.54 0.20139
9949.07 0.11789
9950.6 0.15797
9952.13 0.26621
9953.66 0.25627
9955.19 0.28253
9956.72 0.34249
9958.25 0.28983
9959.78 0.24086
9961.31 0.24903
9962.84 0.25232
9964.37 0.22519
9965.9 0.2537
9967.43 0.30193
9968.96 0.27743
9970.49 0.17227
9972.02 0.18983
9973.55 0.2138
9975.08 0.23907
9976.61 0.32118
9978.14 0.35733
9979.67 0.27565
9981.2 0.2301
9982.73 0.29564
9984.26 0.274
9985.79 0.24487
9987.32 0.26871
9988.85 0.32705
9990.38 0.30705
9991.91 0.26473
9993.44 0.23124
9994.97 0.23231
9996.5 0.30309
9998.03 0.31616
9999.56 0.30037
10001.09 0.32818
