#wave flux
3400.0 4.29682
3401.5 4.41169
3403.0 4.18804
3404.5 3.05737
3406.0 2.43819
3407.5 1.36544
3409.0 1.79006
3410.5 3.74735
3412.0 4.50255
3413.5 5.06248
3415.0 4.2349
3416.5 4.63691
3418.0 3.91424
3419.5 3.56645
3421.0 2.3264
3422.5 2.1862
3424.0 1.2947
3425.5 2.12802
3427.0 1.64849
3428.5 1.62754
3430.0 0.50522
3431.5 0.52106
3433.0 0.22836
3434.5 0.04464
3436.0 0.43118
3437.5 0.73913
3439.0 1.66701
3440.5 2.27724
3442.0 3.2989
3443.5 4.00942
3445.0 4.24891
3446.5 3.994
3448.0 4.50419
3449.5 4.29974
3451.0 4.35788
3452.5 5.44667
3454.0 6.51041
3455.5 6.29682
3457.0 5.40756
3458.5 5.44658
3460.0 6.15281
3461.5 5.83625
3463.0 5.92841
3464.5 5.75062
3466.0 5.01632
3467.5 4.485
3469.0 6.07807
3470.5 5.02284
3472.0 4.63427
3473.5 4.26844
3475.0 4.87177
3476.5 4.66246
3478.0 4.61102
3479.5 3.96083
3481.0 4.57636
3482.5 4.2007
3484.0 4.63315
3485.5 4.12582
3487.0 4.45277
3488.5 4.5512
3490.0 4.24438
3491.5 4.19121
3493.0 4.80007
3494.5 4.52091
3496.0 4.48848
3497.5 3.92284
3499.0 4.25901
3500.5 3.56569
3502.0 2.84722
3503.5 3.61823
3505.0 3.97536
3506.5 4.49946
3508.0 4.30845
3509.5 4.06095
3511.0 4.1442
3512.5 4.6906
3514.0 4.35683
3515.5 4.37444
3517.0 4.67411
3518.5 3.93865
3520.0 3.97581
3521.5 4.51305
3523.0 4.52223
3524.5 3.8775
3526.0 3.61612
3527.5 4.58128
3529.0 3.99746
3530.5 3.53673
3532.0 3.25215
3533.5 3.15672
3535.0 2.96722
3536.5 2.59735
3538.0 3.10459
3539.5 2.95547
3541.0 2.89954
3542.5 2.89466
3544.0 2.66995
3545.5 3.2153
3547.0 2.86363
3548.5 2.5331
3550.0 2.87198
3551.5 2.87189
3553.0 2.8433
3554.5 2.92171
3556.0 2.49422
3557.5 2.00799
3559.0 1.82768
3560.5 1.26972
3562.0 1.32321
3563.5 2.13334
3565.0 2.55687
3566.5 2.82626
3568.0 2.87492
3569.5 2.23172
3571.0 2.59275
3572.5 2.59878
3574.0 2.21551
3575.5 1.92794
3577.0 2.37508
3578.5 2.82384
3580.0 2.93137
3581.5 2.45798
3583.0 2.81988
3584.5 3.1996
3586.0 2.54859
3587.5 2.79804
3589.0 3.20646
3590.5 3.13271
3592.0 3.24061
3593.5 3.0692
3595.0 2.72519
3596.5 2.54334
3598.0 2.24099
3599.5 2.14031
3601.0 2.29135
3602.5 2.64574
3604.0 2.47307
3605.5 2.61268
3607.0 2.55444
3608.5 2.49738
3610.0 2.48196
3611.5 2.61469
3613.0 2.76513
3614.5 2.41733
3616.0 2.28828
3617.5 2.27654
3619.0 2.63497
3620.5 2.38503
3622.0 2.26963
3623.5 2.09181
3625.0 1.84486
3626.5 2.07094
3628.0 1.62193
3629.5 2.29367
3631.0 2.62268
3632.5 2.64729
3634.0 2.20807
3635.5 2.22296
3637.0 2.32919
3638.5 2.0594
3640.0 1.9644
3641.5 1.93155
3643.0 2.68974
3644.5 2.37152
3646.0 2.47765
3647.5 2.16931
3649.0 1.66473
3650.5 2.05329
3652.0 2.51702
3653.5 2.43911
3655.0 1.89969
3656.5 1.84354
3658.0 2.07552
3659.5 2.42265
3661.0 2.26614
3662.5 2.08013
3664.0 2.23151
3665.5 2.19371
3667.0 2.13896
3668.5 1.58495
3670.0 2.14248
3671.5 2.03042
3673.0 2.05533
3674.5 2.28833
3676.0 1.67974
3677.5 1.67016
3679.0 1.63347
3680.5 1.46484
3682.0 1.43979
3683.5 1.28772
3685.0 1.37462
3686.5 1.83106
3688.0 1.77731
3689.5 1.83785
3691.0 1.80524
3692.5 1.42046
3694.0 1.7278
3695.5 2.10156
3697.0 2.09144
3698.5 1.77226
3700.0 1.80765
3701.5 1.88665
3703.0 1.89864
3704.5 1.73518
3706.0 1.69172
3707.5 1.94949
3709.0 1.65656
3710.5 1.71941
3712.0 1.98907
3713.5 2.03969
3715.0 1.87135
3716.5 2.10513
3718.0 2.13612
3719.5 1.65616
3721.0 1.70403
3722.5 1.94144
3724.0 1.79651
3725.5 2.42164
3727.0 2.10914
3728.5 2.17189
3730.0 2.43706
3731.5 2.09766
3733.0 2.04245
3734.5 2.18152
3736.0 1.84383
3737.5 2.08429
3739.0 2.41355
3740.5 2.29181
3742.0 2.2884
3743.5 2.04981
3745.0 1.97472
3746.5 2.51317
3748.0 2.46571
3749.5 2.37942
3751.0 1.90393
3752.5 2.00388
3754.0 2.36764
3755.5 2.12237
3757.0 1.91538
3758.5 1.43667
3760.0 0.80077
3761.5 1.22076
3763.0 1.50409
3764.5 1.3132
3766.0 1.0663
3767.5 0.78988
3769.0 0.81528
3770.5 1.02695
3772.0 1.75545
3773.5 2.10926
3775.0 2.26237
3776.5 2.11591
3778.0 2.35687
3779.5 2.46854
3781.0 2.52604
3782.5 2.36661
3784.0 2.15439
3785.5 2.06747
3787.0 2.10529
3788.5 2.40394
3790.0 1.86593
3791.5 2.18263
3793.0 2.42787
3794.5 2.11204
3796.0 2.33259
3797.5 2.12577
3799.0 2.33242
3800.5 2.46619
3802.0 2.27998
3803.5 2.02651
3805.0 1.91994
3806.5 1.87304
3808.0 1.96601
3809.5 2.09915
3811.0 2.24426
3812.5 2.52365
3814.0 1.92976
3815.5 2.08206
3817.0 2.26118
3818.5 2.09097
3820.0 2.05017
3821.5 2.32858
3823.0 2.2694
3824.5 2.00443
3826.0 2.04846
3827.5 2.31263
3829.0 2.34539
3830.5 2.31354
3832.0 2.1286
3833.5 2.32184
3835.0 1.97873
3836.5 2.04324
3838.0 2.15719
3839.5 2.06107
3841.0 2.00253
3842.5 2.24873
3844.0 2.29513
3845.5 2.06904
3847.0 2.07786
3848.5 1.89357
3850.0 2.13185
3851.5 2.52636
3853.0 2.42502
3854.5 2.36957
3856.0 2.5657
3857.5 2.222
3859.0 1.94238
3860.5 2.04753
3862.0 2.16571
3863.5 2.32669
3865.0 1.95187
3866.5 2.05969
3868.0 2.44532
3869.5 2.48627
3871.0 1.93247
3872.5 2.09511
3874.0 2.60059
3875.5 2.3415
3877.0 2.32585
3878.5 2.31926
3880.0 2.72727
3881.5 2.5087
3883.0 2.55337
3884.5 2.67213
3886.0 2.45296
3887.5 2.32222
3889.0 2.69288
3890.5 2.81129
3892.0 2.77531
3893.5 2.78006
3895.0 3.04271
3896.5 2.52795
3898.0 2.21258
3899.5 2.35715
3901.0 2.67248
3902.5 2.46237
3904.0 2.67979
3905.5 2.59949
3907.0 2.48464
3908.5 2.84918
3910.0 2.60092
3911.5 2.66984
3913.0 2.70512
3914.5 2.28289
3916.0 2.24651
3917.5 2.16667
3919.0 2.34531
3920.5 2.59652
3922.0 2.52499
3923.5 2.72819
3925.0 2.4658
3926.5 2.20788
3928.0 2.57284
3929.5 2.47315
3931.0 2.57368
3932.5 2.41511
3934.0 2.17711
3935.5 1.93167
3937.0 1.44097
3938.5 1.73556
3940.0 2.2614
3941.5 2.45369
3943.0 2.5835
3944.5 2.61977
3946.0 2.54809
3947.5 2.56369
3949.0 2.58622
3950.5 2.55349
3952.0 2.71328
3953.5 2.81368
3955.0 2.71434
3956.5 2.54817
3958.0 2.31351
3959.5 2.06822
3961.0 2.09154
3962.5 2.01946
3964.0 1.92659
3965.5 2.12528
3967.0 2.35625
3968.5 2.31964
3970.0 2.29828
3971.5 2.02103
3973.0 1.74777
3974.5 1.75703
3976.0 2.21685
3977.5 2.09991
3979.0 1.79454
3980.5 1.7414
3982.0 2.04937
3983.5 2.34336
3985.0 2.29411
3986.5 2.52527
3988.0 2.4476
3989.5 2.30914
3991.0 2.10675
3992.5 2.34973
3994.0 2.2133
3995.5 2.33033
3997.0 2.48698
3998.5 2.22637
4000.0 2.18608
4001.5 2.21273
4003.0 2.24177
4004.5 2.12311
4006.0 2.14382
4007.5 1.97648
4009.0 2.12688
4010.5 2.18382
4012.0 2.00962
4013.5 2.43327
4015.0 2.05433
4016.5 1.83566
4018.0 2.13253
4019.5 2.23754
4021.0 2.05118
4022.5 1.98784
4024.0 2.01891
4025.5 2.10025
4027.0 2.0868
4028.5 1.90141
4030.0 1.58759
4031.5 1.74087
4033.0 2.01089
4034.5 1.97672
4036.0 2.04279
4037.5 1.9879
4039.0 1.92683
4040.5 1.82132
4042.0 1.86702
4043.5 1.82228
4045.0 1.59277
4046.5 1.7114
4048.0 2.07543
4049.5 1.4961
4051.0 1.53087
4052.5 1.38984
4054.0 1.52588
4055.5 1.69181
4057.0 1.48428
4058.5 1.5921
4060.0 1.47756
4061.5 1.29373
4063.0 1.56378
4064.5 1.59855
4066.0 1.35506
4067.5 1.4247
4069.0 1.39726
4070.5 1.27304
4072.0 1.35398
4073.5 1.47116
4075.0 1.50791
4076.5 0.96848
4078.0 1.33758
4079.5 1.33394
4081.0 1.67989
4082.5 1.38723
4084.0 1.20812
4085.5 1.24674
4087.0 1.4524
4088.5 1.55257
4090.0 1.25903
4091.5 1.40469
4093.0 1.57334
4094.5 1.84089
4096.0 1.46815
4097.5 1.33448
4099.0 1.54041
4100.5 1.36655
4102.0 1.54412
4103.5 1.50937
4105.0 1.42081
4106.5 1.51476
4108.0 1.3848
4109.5 1.47458
4111.0 1.53071
4112.5 1.54693
4114.0 1.68807
4115.5 1.56126
4117.0 1.57402
4118.5 1.62746
4120.0 1.72343
4121.5 1.76745
4123.0 1.76922
4124.5 1.59678
4126.0 1.59801
4127.5 1.39957
4129.0 1.62295
4130.5 1.72075
4132.0 1.93944
4133.5 1.73283
4135.0 1.81627
4136.5 1.63705
4138.0 1.68475
4139.5 1.86734
4141.0 1.7478
4142.5 1.74559
4144.0 1.88192
4145.5 1.9261
4147.0 1.78581
4148.5 1.67047
4150.0 1.78211
4151.5 1.79404
4153.0 1.92051
4154.5 1.97894
4156.0 2.03919
4157.5 1.99147
4159.0 1.804
4160.5 1.68558
4162.0 1.63732
4163.5 1.9513
4165.0 1.92782
4166.5 1.88263
4168.0 1.99803
4169.5 1.75944
4171.0 1.79842
4172.5 1.77835
4174.0 1.73939
4175.5 1.78237
4177.0 1.96475
4178.5 2.15472
4180.0 1.68339
4181.5 1.96713
4183.0 1.81009
4184.5 1.77187
4186.0 1.82621
4187.5 1.89195
4189.0 1.72476
4190.5 1.78664
4192.0 1.74912
4193.5 1.7828
4195.0 1.69209
4196.5 1.74861
4198.0 1.99855
4199.5 1.78293
4201.0 2.13907
4202.5 2.06848
4204.0 1.99144
4205.5 1.85999
4207.0 1.86571
4208.5 1.73254
4210.0 1.97216
4211.5 1.9767
4213.0 1.95255
4214.5 1.94178
4216.0 1.87063
4217.5 1.93459
4219.0 1.851
4220.5 1.82734
4222.0 2.01052
4223.5 1.79524
4225.0 1.86955
4226.5 1.75338
4228.0 1.81474
4229.5 1.93456
4231.0 2.1899
4232.5 2.03352
4234.0 2.00455
4235.5 2.19483
4237.0 2.08913
4238.5 1.98763
4240.0 1.83178
4241.5 1.90878
4243.0 2.1035
4244.5 1.90579
4246.0 1.92
4247.5 1.99655
4249.0 2.00796
4250.5 1.80014
4252.0 2.0332
4253.5 1.9964
4255.0 1.81517
4256.5 1.8761
4258.0 2.02282
4259.5 2.30246
4261.0 2.30351
4262.5 2.2649
4264.0 2.07303
4265.5 2.04579
4267.0 2.01828
4268.5 2.08918
4270.0 2.08359
4271.5 2.20156
4273.0 2.13193
4274.5 2.26936
4276.0 2.3366
4277.5 2.19771
4279.0 2.01091
4280.5 1.95146
4282.0 2.15767
4283.5 1.98586
4285.0 1.96902
4286.5 1.73924
4288.0 1.7439
4289.5 2.09205
4291.0 2.16393
4292.5 2.37603
4294.0 2.24826
4295.5 2.28941
4297.0 2.39303
4298.5 2.50235
4300.0 2.41452
4301.5 2.17585
4303.0 2.29269
4304.5 2.30548
4306.0 2.31248
4307.5 2.00758
4309.0 1.8972
4310.5 1.91499
4312.0 1.76646
4313.5 1.67464
4315.0 1.69066
4316.5 2.4855
4318.0 2.49713
4319.5 2.45019
4321.0 2.6209
4322.5 2.37374
4324.0 2.58466
4325.5 2.60588
4327.0 2.43649
4328.5 2.61515
4330.0 2.44861
4331.5 2.62736
4333.0 2.69323
4334.5 2.9563
4336.0 2.74492
4337.5 2.65631
4339.0 2.50396
4340.5 2.78007
4342.0 2.89088
4343.5 2.85037
4345.0 2.72873
4346.5 2.71829
4348.0 2.74582
4349.5 2.56708
4351.0 2.58491
4352.5 2.72559
4354.0 2.62971
4355.5 2.25846
4357.0 2.9842
4358.5 3.23738
4360.0 2.60022
4361.5 2.45409
4363.0 2.8478
4364.5 2.58555
4366.0 2.6015
4367.5 2.71838
4369.0 2.65864
4370.5 1.7956
4372.0 1.00508
4373.5 0.90371
4375.0 1.3043
4376.5 1.58049
4378.0 1.45386
4379.5 1.35563
4381.0 1.27324
4382.5 1.49666
4384.0 2.00978
4385.5 2.1116
4387.0 2.35756
4388.5 2.38948
4390.0 2.32377
4391.5 2.30308
4393.0 2.65965
4394.5 2.20864
4396.0 2.1444
4397.5 2.36694
4399.0 2.36674
4400.5 2.35218
4402.0 2.41241
4403.5 2.29699
4405.0 2.32937
4406.5 2.22847
4408.0 2.39495
4409.5 2.25074
4411.0 2.12863
4412.5 2.36817
4414.0 2.33352
4415.5 1.98239
4417.0 2.06909
4418.5 2.06865
4420.0 2.10616
4421.5 2.01062
4423.0 2.20077
4424.5 2.20029
4426.0 2.26977
4427.5 2.27454
4429.0 2.25395
4430.5 2.14017
4432.0 2.19923
4433.5 2.06384
4435.0 2.05465
4436.5 2.25008
4438.0 2.15814
4439.5 2.06417
4441.0 2.1409
4442.5 2.0744
4444.0 1.88532
4445.5 2.37169
4447.0 2.31475
4448.5 1.92135
4450.0 1.9351
4451.5 1.98417
4453.0 2.07854
4454.5 2.09125
4456.0 2.15638
4457.5 2.07525
4459.0 1.96293
4460.5 1.99902
4462.0 2.24932
4463.5 2.19183
4465.0 1.96369
4466.5 1.90402
4468.0 1.87891
4469.5 1.76048
4471.0 1.88426
4472.5 1.97799
4474.0 1.99291
4475.5 2.07453
4477.0 1.97819
4478.5 2.09953
4480.0 1.98653
4481.5 2.10179
4483.0 2.09403
4484.5 1.99628
4486.0 1.95032
4487.5 1.83118
4489.0 2.01949
4490.5 2.06712
4492.0 2.04173
4493.5 1.68347
4495.0 1.7779
4496.5 1.92881
4498.0 1.8623
4499.5 2.09544
4501.0 1.93569
4502.5 1.78551
4504.0 1.50935
4505.5 1.78051
4507.0 1.84597
4508.5 2.0807
4510.0 1.87048
4511.5 1.79693
4513.0 1.89629
4514.5 1.91912
4516.0 1.70433
4517.5 1.7617
4519.0 1.75105
4520.5 1.70355
4522.0 1.88708
4523.5 1.70245
4525.0 1.79724
4526.5 1.60865
4528.0 1.81995
4529.5 1.74441
4531.0 1.62507
4532.5 1.80866
4534.0 1.7404
4535.5 1.93514
4537.0 1.74334
4538.5 1.90742
4540.0 1.67205
4541.5 1.51521
4543.0 1.4889
4544.5 1.73411
4546.0 1.65957
4547.5 1.82567
4549.0 1.95932
4550.5 1.9863
4552.0 1.85399
4553.5 1.93498
4555.0 1.9558
4556.5 2.0451
4558.0 1.70286
4559.5 1.54936
4561.0 1.75047
4562.5 1.73937
4564.0 1.59359
4565.5 1.8609
4567.0 1.94212
4568.5 1.81423
4570.0 1.96506
4571.5 1.79665
4573.0 1.61486
4574.5 1.70693
4576.0 1.74136
4577.5 1.93145
4579.0 1.68942
4580.5 1.8444
4582.0 1.83536
4583.5 1.94195
4585.0 1.96948
4586.5 1.81062
4588.0 1.79564
4589.5 1.831
4591.0 1.89428
4592.5 1.76776
4594.0 1.85778
4595.5 2.08285
4597.0 1.88594
4598.5 1.75796
4600.0 1.91869
4601.5 1.87513
4603.0 1.87571
4604.5 1.85349
4606.0 1.95146
4607.5 1.9248
4609.0 1.90408
4610.5 1.85717
4612.0 1.8559
4613.5 1.83903
4615.0 1.75666
4616.5 1.84272
4618.0 1.99504
4619.5 1.8874
4621.0 1.99393
4622.5 2.01231
4624.0 1.92841
4625.5 2.0417
4627.0 1.97164
4628.5 1.82882
4630.0 1.87407
4631.5 1.79304
4633.0 1.82969
4634.5 1.86191
4636.0 2.00624
4637.5 1.80867
4639.0 1.85009
4640.5 1.85382
4642.0 1.86824
4643.5 1.84537
4645.0 1.82002
4646.5 1.87548
4648.0 1.83649
4649.5 1.69444
4651.0 1.71372
4652.5 1.69853
4654.0 1.73201
4655.5 1.70904
4657.0 1.57472
4658.5 1.72637
4660.0 1.79735
4661.5 1.67279
4663.0 1.67047
4664.5 1.61028
4666.0 1.90533
4667.5 1.64179
4669.0 1.83739
4670.5 1.98175
4672.0 1.87584
4673.5 1.78725
4675.0 1.58671
4676.5 1.50439
4678.0 1.85022
4679.5 1.58181
4681.0 1.63701
4682.5 1.65223
4684.0 1.92741
4685.5 1.86919
4687.0 1.74667
4688.5 1.66927
4690.0 1.43908
4691.5 1.46447
4693.0 1.72391
4694.5 1.73381
4696.0 1.80884
4697.5 1.70133
4699.0 1.79837
4700.5 1.80845
4702.0 1.84325
4703.5 1.70994
4705.0 1.62466
4706.5 1.65938
4708.0 1.88817
4709.5 1.8613
4711.0 1.60854
4712.5 1.74498
4714.0 1.79612
4715.5 1.52643
4717.0 1.14763
4718.5 1.13784
4720.0 1.24301
4721.5 1.20614
4723.0 1.56436
4724.5 1.86687
4726.0 1.71011
4727.5 1.78655
4729.0 1.80475
4730.5 1.52651
4732.0 2.03145
4733.5 1.94848
4735.0 1.59476
4736.5 1.76685
4738.0 1.71968
4739.5 1.75008
4741.0 1.66274
4742.5 1.68939
4744.0 1.66692
4745.5 1.7072
4747.0 1.77618
4748.5 1.78124
4750.0 1.69889
4751.5 1.74683
4753.0 1.76067
4754.5 1.7626
4756.0 1.59973
4757.5 1.61668
4759.0 1.54882
4760.5 1.63991
4762.0 1.59806
4763.5 1.74664
4765.0 1.72552
4766.5 2.05814
4768.0 1.80003
4769.5 1.66925
4771.0 1.74827
4772.5 1.70423
4774.0 1.80439
4775.5 1.65924
4777.0 1.64261
4778.5 1.69897
4780.0 1.6627
4781.5 1.68896
4783.0 1.85931
4784.5 1.637
4786.0 1.71666
4787.5 1.83469
4789.0 1.78673
4790.5 1.80007
4792.0 1.64812
4793.5 1.5435
4795.0 1.64945
4796.5 1.62676
4798.0 1.6953
4799.5 1.63557
4801.0 1.93324
4802.5 2.06797
4804.0 1.83
4805.5 1.52904
4807.0 1.83551
4808.5 1.7995
4810.0 1.89415
4811.5 1.81348
4813.0 1.5957
4814.5 1.7082
4816.0 1.63197
4817.5 1.59786
4819.0 1.61226
4820.5 1.82011
4822.0 1.94214
4823.5 1.65835
4825.0 1.66813
4826.5 1.77177
4828.0 1.67463
4829.5 1.61535
4831.0 1.81732
4832.5 1.79074
4834.0 1.72163
4835.5 1.86145
4837.0 1.74113
4838.5 1.57758
4840.0 1.59172
4841.5 1.66634
4843.0 1.65308
4844.5 1.71281
4846.0 1.86164
4847.5 1.68713
4849.0 1.63499
4850.5 1.60364
4852.0 1.74016
4853.5 1.7142
4855.0 1.72831
4856.5 1.86072
4858.0 1.72345
4859.5 1.74906
4861.0 1.56562
4862.5 1.68806
4864.0 1.68477
4865.5 1.68423
4867.0 1.815
4868.5 1.63061
4870.0 1.73558
4871.5 1.75732
4873.0 1.87614
4874.5 1.65583
4876.0 1.60923
4877.5 1.68243
4879.0 1.66394
4880.5 1.65563
4882.0 1.56356
4883.5 1.71157
4885.0 1.68562
4886.5 1.70341
4888.0 1.86924
4889.5 1.73618
4891.0 1.50092
4892.5 1.5199
4894.0 1.51051
4895.5 1.42879
4897.0 1.80013
4898.5 1.70513
4900.0 1.44966
4901.5 1.38648
4903.0 1.55945
4904.5 1.58962
4906.0 1.5413
4907.5 1.42323
4909.0 1.6394
4910.5 1.53042
4912.0 1.67518
4913.5 1.67987
4915.0 1.43706
4916.5 1.54329
4918.0 1.86961
4919.5 1.62075
4921.0 1.6122
4922.5 1.64933
4924.0 1.37614
4925.5 1.6972
4927.0 1.57152
4928.5 1.4827
4930.0 1.55295
4931.5 1.54289
4933.0 1.78188
4934.5 1.62483
4936.0 1.58049
4937.5 1.75874
4939.0 1.6293
4940.5 1.87777
4942.0 1.69956
4943.5 1.6977
4945.0 1.4511
4946.5 1.51578
4948.0 1.57505
4949.5 1.58409
4951.0 1.5518
4952.5 1.49648
4954.0 1.67017
4955.5 1.57157
4957.0 1.59325
4958.5 1.70337
4960.0 1.87892
4961.5 1.67089
4963.0 1.62985
4964.5 1.85567
4966.0 1.75287
4967.5 1.59521
4969.0 1.52202
4970.5 1.50968
4972.0 1.76208
4973.5 1.75951
4975.0 1.60946
4976.5 1.75692
4978.0 1.62012
4979.5 1.7978
4981.0 1.79727
4982.5 1.51169
4984.0 1.55431
4985.5 1.57249
4987.0 1.57036
4988.5 1.5977
4990.0 1.39731
4991.5 1.58077
4993.0 1.81901
4994.5 1.65774
4996.0 1.57195
4997.5 1.44737
4999.0 1.61916
5000.5 1.65622
5002.0 1.36034
5003.5 1.44516
5005.0 1.3544
5006.5 1.43444
5008.0 1.42539
5009.5 1.39039
5011.0 1.67711
5012.5 1.80267
5014.0 1.54264
5015.5 1.65703
5017.0 1.38859
5018.5 1.52758
5020.0 1.73689
5021.5 1.63864
5023.0 1.29022
5024.5 1.40388
5026.0 1.45407
5027.5 1.43661
5029.0 1.49967
5030.5 1.74305
5032.0 1.4331
5033.5 1.47158
5035.0 1.686
5036.5 1.587
5038.0 1.48015
5039.5 1.50188
5041.0 1.36073
5042.5 1.51532
5044.0 1.73013
5045.5 1.89574
5047.0 1.63944
5048.5 1.57953
5050.0 1.55349
5051.5 1.52258
5053.0 1.48497
5054.5 1.47777
5056.0 1.67404
5057.5 1.61271
5059.0 1.50456
5060.5 1.58739
5062.0 1.6405
5063.5 1.5719
5065.0 1.56687
5066.5 1.73504
5068.0 1.68073
5069.5 1.33617
5071.0 1.33353
5072.5 1.61928
5074.0 1.67187
5075.5 1.2915
5077.0 1.60815
5078.5 1.71672
5080.0 1.52533
5081.5 1.53452
5083.0 1.4062
5084.5 1.88919
5086.0 1.91311
5087.5 1.48699
5089.0 1.49194
5090.5 1.82041
5092.0 1.66194
5093.5 1.39382
5095.0 1.50441
5096.5 1.6935
5098.0 1.58107
5099.5 1.64358
5101.0 1.75971
5102.5 1.52564
5104.0 1.57362
5105.5 1.751
5107.0 1.56739
5108.5 1.40455
5110.0 1.39868
5111.5 1.57531
5113.0 1.68928
5114.5 1.75994
5116.0 1.60864
5117.5 1.67994
5119.0 1.40554
5120.5 1.53769
5122.0 1.55188
5123.5 1.62774
5125.0 1.84384
5126.5 1.69874
5128.0 1.55816
5129.5 1.62005
5131.0 1.60655
5132.5 1.62386
5134.0 1.48186
5135.5 1.52032
5137.0 1.6076
5138.5 1.56476
5140.0 1.62122
5141.5 1.45823
5143.0 1.62323
5144.5 1.65755
5146.0 1.66454
5147.5 1.61663
5149.0 1.57422
5150.5 1.61509
5152.0 1.73339
5153.5 1.54136
5155.0 1.66535
5156.5 1.64162
5158.0 1.7203
5159.5 1.67557
5161.0 1.66034
5162.5 1.64164
5164.0 1.61159
5165.5 1.77079
5167.0 1.59435
5168.5 1.50558
5170.0 1.60549
5171.5 1.59009
5173.0 1.844
5174.5 1.55336
5176.0 1.50511
5177.5 1.55701
5179.0 1.56419
5180.5 1.67808
5182.0 1.60795
5183.5 1.61866
5185.0 1.57575
5186.5 1.64838
5188.0 1.58653
5189.5 1.60941
5191.0 1.80722
5192.5 1.89723
5194.0 1.61021
5195.5 1.81247
5197.0 1.59634
5198.5 1.73798
5200.0 1.55609
5201.5 1.57177
5203.0 1.90897
5204.5 1.9097
5206.0 1.64601
5207.5 1.95773
5209.0 1.72273
5210.5 1.67268
5212.0 1.87563
5213.5 1.83086
5215.0 1.63959
5216.5 1.69231
5218.0 1.67444
5219.5 1.49902
5221.0 1.51027
5222.5 1.53191
5224.0 1.62587
5225.5 1.55156
5227.0 1.75077
5228.5 1.90735
5230.0 1.60251
5231.5 1.65443
5233.0 1.44611
5234.5 1.67155
5236.0 1.64713
5237.5 1.59675
5239.0 1.56677
5240.5 1.41612
5242.0 1.60837
5243.5 1.69683
5245.0 1.59781
5246.5 1.60178
5248.0 1.80419
5249.5 1.80058
5251.0 1.85254
5252.5 1.84103
5254.0 1.85791
5255.5 1.96768
5257.0 1.59236
5258.5 1.64257
5260.0 1.67301
5261.5 1.60411
5263.0 1.83584
5264.5 1.78573
5266.0 1.84999
5267.5 1.98511
5269.0 1.77669
5270.5 1.83094
5272.0 1.66641
5273.5 1.75479
5275.0 1.7815
5276.5 1.6135
5278.0 1.66084
5279.5 1.62732
5281.0 1.66095
5282.5 1.77552
5284.0 1.65788
5285.5 1.58261
5287.0 1.85482
5288.5 1.87612
5290.0 1.69455
5291.5 1.85535
5293.0 1.75605
5294.5 1.61749
5296.0 1.79904
5297.5 1.68017
5299.0 1.73614
5300.5 1.66907
5302.0 1.81986
5303.5 1.91069
5305.0 1.58363
5306.5 1.84263
5308.0 1.89521
5309.5 1.99502
5311.0 1.90956
5312.5 1.93249
5314.0 1.89344
5315.5 1.99234
5317.0 1.83693
5318.5 1.92107
5320.0 1.99659
5321.5 1.82174
5323.0 1.87724
5324.5 1.61598
5326.0 1.61787
5327.5 2.10818
5329.0 1.90088
5330.5 1.69845
5332.0 1.79102
5333.5 1.51876
5335.0 1.61381
5336.5 1.77688
5338.0 1.81842
5339.5 1.66157
5341.0 1.72973
5342.5 1.73787
5344.0 1.56319
5345.5 1.73884
5347.0 1.73637
5348.5 1.52746
5350.0 1.7845
5351.5 1.75513
5353.0 1.66132
5354.5 1.66772
5356.0 1.76637
5357.5 1.94734
5359.0 1.94784
5360.5 2.01375
5362.0 1.95372
5363.5 1.97265
5365.0 1.6218
5366.5 1.49514
5368.0 1.60065
5369.5 1.76468
5371.0 2.06755
5372.5 1.89218
5374.0 1.91958
5375.5 1.77231
5377.0 2.01708
5378.5 1.60203
5380.0 1.80055
5381.5 1.67729
5383.0 1.56513
5384.5 1.68139
5386.0 1.74371
5387.5 1.60217
5389.0 1.83023
5390.5 1.50451
5392.0 1.64897
5393.5 1.81019
5395.0 1.60589
5396.5 1.64655
5398.0 1.769
5399.5 1.85968
5401.0 1.75241
5402.5 2.0108
5404.0 1.5711
5405.5 1.59285
5407.0 1.61882
5408.5 1.77786
5410.0 1.44775
5411.5 1.72444
5413.0 1.74996
5414.5 1.51389
5416.0 1.7188
5417.5 1.60932
5419.0 1.35133
5420.5 1.51888
5422.0 1.31653
5423.5 1.46467
5425.0 1.67147
5426.5 1.73468
5428.0 1.8513
5429.5 1.44128
5431.0 1.44307
5432.5 1.75221
5434.0 1.89856
5435.5 1.71862
5437.0 1.57131
5438.5 1.49827
5440.0 1.49298
5441.5 1.60033
5443.0 1.7753
5444.5 1.60975
5446.0 1.30239
5447.5 1.72716
5449.0 1.63384
5450.5 1.4027
5452.0 1.75588
5453.5 1.72145
5455.0 1.73592
5456.5 1.26582
5458.0 1.66419
5459.5 1.30386
5461.0 1.05666
5462.5 0.90366
5464.0 1.56099
5465.5 1.41145
5467.0 1.43824
5468.5 1.60012
5470.0 1.5827
5471.5 1.6283
5473.0 1.55363
5474.5 1.19624
5476.0 1.38462
5477.5 1.57193
5479.0 1.68747
5480.5 1.54779
5482.0 1.37042
5483.5 1.32515
5485.0 1.33718
5486.5 1.24112
5488.0 1.4601
5489.5 1.37657
5491.0 1.32622
5492.5 1.30862
5494.0 1.34604
5495.5 1.39259
5497.0 1.42558
5498.5 1.55891
5500.0 1.51124
5501.5 1.52512
5503.0 1.3995
5504.5 1.37979
5506.0 1.49841
5507.5 1.45919
5509.0 1.46151
5510.5 1.37096
5512.0 1.15723
5513.5 1.11619
5515.0 1.30665
5516.5 1.34216
5518.0 1.27164
5519.5 1.33948
5521.0 1.34519
5522.5 1.23612
5524.0 1.2626
5525.5 1.35582
5527.0 1.28914
5528.5 1.34313
5530.0 1.18291
5531.5 1.1976
5533.0 1.32176
5534.5 1.47259
5536.0 1.32891
5537.5 1.29407
5539.0 1.19033
5540.5 1.28347
5542.0 1.31832
5543.5 1.34604
5545.0 1.24457
5546.5 1.33438
5548.0 1.40227
5549.5 1.20971
5551.0 1.23914
5552.5 1.23495
5554.0 1.38076
5555.5 1.34778
5557.0 1.32627
5558.5 1.18904
5560.0 1.27438
5561.5 1.40448
5563.0 1.32921
5564.5 1.23839
5566.0 1.45497
5567.5 1.42887
5569.0 1.19689
5570.5 1.29243
5572.0 1.37866
5573.5 1.33768
5575.0 1.37455
5576.5 1.37509
5578.0 1.47748
5579.5 1.50401
5581.0 1.27927
5582.5 1.27266
5584.0 1.29029
5585.5 1.25108
5587.0 1.32507
5588.5 1.39655
5590.0 1.47277
5591.5 1.35158
5593.0 1.33598
5594.5 1.43428
5596.0 1.34178
5597.5 1.32996
5599.0 1.24052
5600.5 1.1812
5602.0 1.30609
5603.5 1.28519
5605.0 1.15699
5606.5 1.2888
5608.0 1.18279
5609.5 1.12734
5611.0 1.15395
5612.5 1.14238
5614.0 1.18319
5615.5 1.22477
5617.0 1.35135
5618.5 1.31178
5620.0 1.27492
5621.5 1.27223
5623.0 1.23477
5624.5 1.1838
5626.0 1.18534
5627.5 1.23338
5629.0 1.30303
5630.5 1.2937
5632.0 1.25121
5633.5 1.18203
5635.0 1.15701
5636.5 1.27051
5638.0 1.28634
5639.5 1.18626
5641.0 1.17138
5642.5 1.1754
5644.0 1.17106
5645.5 1.22363
5647.0 1.19787
5648.5 1.14049
5650.0 1.28975
5651.5 1.17131
5653.0 1.19397
5654.5 1.26238
5656.0 1.31313
5657.5 1.33335
5659.0 1.1868
5660.5 1.16426
5662.0 1.26415
5663.5 1.28203
5665.0 1.1327
5666.5 1.28961
5668.0 1.39948
5669.5 1.39229
5671.0 1.37788
5672.5 1.25097
5674.0 1.217
5675.5 1.19594
5677.0 1.2085
5678.5 1.25359
5680.0 1.19499
5681.5 1.15629
5683.0 1.28919
5684.5 1.29676
5686.0 1.26596
5687.5 1.22927
5689.0 1.22695
5690.5 1.25786
5692.0 1.29834
5693.5 1.20997
5695.0 1.23138
5696.5 1.37844
5698.0 1.30427
5699.5 1.21018
5701.0 1.20137
5702.5 1.22499
5704.0 1.28574
5705.5 1.2872
5707.0 1.14245
5708.5 1.15792
5710.0 1.22718
5711.5 1.07429
5713.0 1.03462
5714.5 1.12502
5716.0 1.14167
5717.5 1.08649
5719.0 1.13907
5720.5 1.30096
5722.0 1.29425
5723.5 1.23117
5725.0 1.1379
5726.5 1.14919
5728.0 1.29155
5729.5 1.21903
5731.0 1.18646
5732.5 1.24881
5734.0 1.17461
5735.5 1.25209
5737.0 1.27132
5738.5 1.17993
5740.0 1.25929
5741.5 1.27241
5743.0 1.19834
5744.5 1.08806
5746.0 1.06992
5747.5 1.08926
5749.0 1.07618
5750.5 1.1258
5752.0 1.21593
5753.5 1.2852
5755.0 1.3734
5756.5 1.38461
5758.0 1.27389
5759.5 1.19429
5761.0 1.20067
5762.5 1.27715
5764.0 1.25515
5765.5 1.11971
5767.0 1.20848
5768.5 1.30756
5770.0 1.28635
5771.5 1.1566
5773.0 1.21626
5774.5 1.17984
5776.0 1.26699
5777.5 1.22648
5779.0 1.17324
5780.5 1.28399
5782.0 1.12346
5783.5 1.17023
5785.0 1.15668
5786.5 1.21346
5788.0 1.23178
5789.5 1.20278
5791.0 1.21906
5792.5 1.22125
5794.0 1.20065
5795.5 1.14632
5797.0 1.21775
5798.5 1.21517
5800.0 1.09989
5801.5 1.17796
5803.0 1.17279
5804.5 1.09053
5806.0 1.08381
5807.5 1.1547
5809.0 1.27598
5810.5 1.26567
5812.0 1.23255
5813.5 1.23292
5815.0 1.21832
5816.5 1.18683
5818.0 1.15346
5819.5 1.21067
5821.0 1.22772
5822.5 1.19025
5824.0 1.24621
5825.5 1.2772
5827.0 1.28501
5828.5 1.27933
5830.0 1.17006
5831.5 1.11258
5833.0 1.18771
5834.5 1.2935
5836.0 1.25941
5837.5 1.14739
5839.0 1.14846
5840.5 1.16405
5842.0 1.20641
5843.5 1.2137
5845.0 1.11597
5846.5 1.24968
5848.0 1.31731
5849.5 1.26452
5851.0 1.24838
5852.5 1.19058
5854.0 1.14353
5855.5 1.31021
5857.0 1.32669
5858.5 1.26075
5860.0 1.18063
5861.5 1.30473
5863.0 1.31005
5864.5 1.20091
5866.0 1.20622
5867.5 1.30687
5869.0 1.19412
5870.5 1.10654
5872.0 1.17364
5873.5 1.19759
5875.0 1.22198
5876.5 1.25736
5878.0 1.32015
5879.5 1.25939
5881.0 1.16726
5882.5 1.29265
5884.0 1.30213
5885.5 1.16096
5887.0 0.97103
5888.5 1.08924
5890.0 1.07316
5891.5 0.87171
5893.0 0.99438
5894.5 1.36624
5896.0 1.20124
5897.5 1.19861
5899.0 1.22966
5900.5 1.0604
5902.0 1.16487
5903.5 1.124
5905.0 1.18292
5906.5 1.25747
5908.0 1.22744
5909.5 1.19434
5911.0 1.22838
5912.5 1.26425
5914.0 1.26538
5915.5 1.23347
5917.0 1.20924
5918.5 1.19255
5920.0 1.26826
5921.5 1.27167
5923.0 1.32575
5924.5 1.2925
5926.0 1.14133
5927.5 1.25875
5929.0 1.2513
5930.5 1.14321
5932.0 1.17075
5933.5 1.12547
5935.0 1.11499
5936.5 1.18286
5938.0 1.16459
5939.5 1.20233
5941.0 1.22764
5942.5 1.15081
5944.0 1.10244
5945.5 1.08007
5947.0 1.23263
5948.5 1.22883
5950.0 1.14919
5951.5 1.25704
5953.0 1.20473
5954.5 1.17756
5956.0 1.19407
5957.5 1.23661
5959.0 1.14449
5960.5 1.16707
5962.0 1.11806
5963.5 1.19592
5965.0 1.21714
5966.5 1.22232
5968.0 1.21864
5969.5 1.2054
5971.0 1.2294
5972.5 1.15172
5974.0 1.16439
5975.5 1.13751
5977.0 1.1463
5978.5 1.22755
5980.0 1.18815
5981.5 1.16014
5983.0 1.2133
5984.5 1.21228
5986.0 1.16051
5987.5 1.09857
5989.0 1.1115
5990.5 1.22943
5992.0 1.23458
5993.5 1.1205
5995.0 1.12523
5996.5 1.18789
5998.0 1.16785
5999.5 1.14695
6001.0 1.16986
6002.5 1.22864
6004.0 1.22898
6005.5 1.10456
6007.0 1.06539
6008.5 1.09077
6010.0 1.05471
6011.5 0.97762
6013.0 0.91696
6014.5 0.91287
6016.0 0.98354
6017.5 1.02391
6019.0 0.99411
6020.5 1.03059
6022.0 1.01899
6023.5 1.02632
6025.0 1.08078
6026.5 1.09548
6028.0 1.26075
6029.5 1.20932
6031.0 1.15895
6032.5 1.07577
6034.0 1.04875
6035.5 1.17746
6037.0 1.15667
6038.5 1.10492
6040.0 1.07569
6041.5 1.14991
6043.0 1.0319
6044.5 1.01571
6046.0 1.07307
6047.5 1.00343
6049.0 1.07257
6050.5 1.1669
6052.0 1.06269
6053.5 1.01541
6055.0 1.16448
6056.5 1.17598
6058.0 1.06011
6059.5 1.03398
6061.0 1.09156
6062.5 1.16969
6064.0 1.13952
6065.5 1.11668
6067.0 1.07828
6068.5 0.99811
6070.0 1.08735
6071.5 1.11763
6073.0 1.11781
6074.5 1.07111
6076.0 0.96328
6077.5 0.99092
6079.0 1.07574
6080.5 1.03171
6082.0 1.05043
6083.5 1.07078
6085.0 0.91377
6086.5 1.02442
6088.0 1.00321
6089.5 1.08945
6091.0 0.92386
6092.5 0.90559
6094.0 1.06497
6095.5 1.09522
6097.0 1.03988
6098.5 1.03766
6100.0 1.10483
6101.5 1.12974
6103.0 1.1244
6104.5 1.02658
6106.0 0.97489
6107.5 1.05833
6109.0 1.04934
6110.5 1.0103
6112.0 0.96773
6113.5 0.91551
6115.0 0.9518
6116.5 1.02043
6118.0 1.05807
6119.5 1.10021
6121.0 1.1255
6122.5 1.13011
6124.0 1.14361
6125.5 1.1311
6127.0 1.0887
6128.5 1.0681
6130.0 1.10802
6131.5 1.08051
6133.0 0.97003
6134.5 1.05133
6136.0 1.07159
6137.5 0.9763
6139.0 1.07567
6140.5 1.1004
6142.0 0.98235
6143.5 1.07225
6145.0 1.0717
6146.5 1.05932
6148.0 1.15216
6149.5 1.00461
6151.0 1.01633
6152.5 1.06273
6154.0 1.06627
6155.5 1.10354
6157.0 1.05338
6158.5 1.0588
6160.0 1.06732
6161.5 0.99493
6163.0 0.86528
6164.5 0.96923
6166.0 1.08813
6167.5 1.04708
6169.0 1.01639
6170.5 1.02672
6172.0 0.94073
6173.5 0.90689
6175.0 0.97623
6176.5 0.98725
6178.0 1.01856
6179.5 1.07886
6181.0 1.07273
6182.5 1.00741
6184.0 0.97524
6185.5 1.01901
6187.0 0.96399
6188.5 0.98864
6190.0 1.07647
6191.5 1.01331
6193.0 1.08511
6194.5 1.09898
6196.0 1.03359
6197.5 0.90053
6199.0 1.00504
6200.5 1.06448
6202.0 1.10792
6203.5 1.01556
6205.0 1.1613
6206.5 1.10067
6208.0 1.01618
6209.5 1.02319
6211.0 1.06327
6212.5 1.07436
6214.0 1.04193
6215.5 1.14584
6217.0 1.08613
6218.5 1.08867
6220.0 1.03432
6221.5 0.9914
6223.0 1.05005
6224.5 1.04422
6226.0 1.00683
6227.5 1.03128
6229.0 1.04391
6230.5 1.13788
6232.0 1.14552
6233.5 1.07514
6235.0 1.01111
6236.5 0.99455
6238.0 1.103
6239.5 1.12676
6241.0 1.04302
6242.5 0.98622
6244.0 0.92996
6245.5 0.96803
6247.0 1.00943
6248.5 0.9902
6250.0 1.01367
6251.5 1.07096
6253.0 1.05874
6254.5 0.94255
6256.0 0.98391
6257.5 1.02396
6259.0 1.11905
6260.5 1.06619
6262.0 0.9529
6263.5 1.05395
6265.0 1.08726
6266.5 0.95354
6268.0 1.06027
6269.5 1.02225
6271.0 0.98537
6272.5 1.0721
6274.0 0.93987
6275.5 0.89491
6277.0 1.03344
6278.5 0.93744
6280.0 0.87329
6281.5 0.9923
6283.0 1.03625
6284.5 1.02207
6286.0 1.02434
6287.5 1.01395
6289.0 0.99513
6290.5 1.0111
6292.0 1.11284
6293.5 1.09579
6295.0 1.01572
6296.5 0.94732
6298.0 0.87824
6299.5 0.96658
6301.0 1.18771
6302.5 1.23486
6304.0 1.04863
6305.5 0.86797
6307.0 0.86909
6308.5 0.98763
6310.0 0.95252
6311.5 0.97849
6313.0 0.99025
6314.5 0.96889
6316.0 0.87939
6317.5 0.91794
6319.0 1.03405
6320.5 1.09056
6322.0 1.017
6323.5 1.06063
6325.0 1.04576
6326.5 0.95362
6328.0 0.95472
6329.5 0.98933
6331.0 1.10731
6332.5 1.10335
6334.0 1.016
6335.5 0.94573
6337.0 1.00762
6338.5 1.04422
6340.0 0.99694
6341.5 0.99761
6343.0 0.95517
6344.5 0.95695
6346.0 1.01942
6347.5 0.98851
6349.0 0.97856
6350.5 0.99717
6352.0 0.9917
6353.5 1.01083
6355.0 1.00869
6356.5 0.98548
6358.0 0.93253
6359.5 0.89515
6361.0 1.01073
6362.5 1.12655
6364.0 1.04494
6365.5 0.93625
6367.0 0.95314
6368.5 0.95422
6370.0 0.90391
6371.5 0.99335
6373.0 1.07678
6374.5 1.0166
6376.0 1.06312
6377.5 1.07453
6379.0 1.01466
6380.5 0.97557
6382.0 0.89817
6383.5 0.93047
6385.0 1.01613
6386.5 0.93597
6388.0 0.9826
6389.5 1.08055
6391.0 0.96379
6392.5 1.01505
6394.0 0.95259
6395.5 0.96157
6397.0 0.96305
6398.5 0.95256
6400.0 0.92842
6401.5 0.97236
6403.0 0.96721
6404.5 0.9778
6406.0 1.00794
6407.5 0.99961
6409.0 1.0231
6410.5 1.03504
6412.0 0.99873
6413.5 1.07923
6415.0 1.07498
6416.5 0.96502
6418.0 0.9819
6419.5 1.01904
6421.0 0.95315
6422.5 0.95785
6424.0 1.02881
6425.5 0.99723
6427.0 0.9424
6428.5 0.93074
6430.0 0.95493
6431.5 0.97981
6433.0 1.03357
6434.5 1.04974
6436.0 0.979
6437.5 0.93381
6439.0 0.96148
6440.5 1.07905
6442.0 1.04438
6443.5 1.03405
6445.0 1.08668
6446.5 1.02476
6448.0 1.04246
6449.5 1.06472
6451.0 0.96778
6452.5 0.97018
6454.0 0.93886
6455.5 1.04374
6457.0 1.05278
6458.5 1.09854
6460.0 1.04696
6461.5 1.00675
6463.0 1.0671
6464.5 1.0918
6466.0 1.02286
6467.5 0.86867
6469.0 0.89686
6470.5 1.04921
6472.0 1.04358
6473.5 0.97889
6475.0 1.01227
6476.5 1.04592
6478.0 0.99306
6479.5 0.95972
6481.0 0.98247
6482.5 0.93948
6484.0 0.92532
6485.5 1.0516
6487.0 1.05304
6488.5 0.96275
6490.0 1.0084
6491.5 0.99862
6493.0 1.0721
6494.5 1.10105
6496.0 1.07555
6497.5 1.09811
6499.0 1.02533
6500.5 0.9454
6502.0 1.03171
6503.5 1.08019
6505.0 1.01566
6506.5 1.03241
6508.0 1.03754
6509.5 1.03218
6511.0 0.92106
6512.5 1.01398
6514.0 1.03366
6515.5 1.0078
6517.0 1.0737
6518.5 1.09066
6520.0 1.03611
6521.5 0.95665
6523.0 0.98604
6524.5 1.08743
6526.0 1.00276
6527.5 1.0035
6529.0 1.04883
6530.5 1.06599
6532.0 1.13568
6533.5 1.16523
6535.0 1.14184
6536.5 1.0538
6538.0 1.01977
6539.5 0.97815
6541.0 1.03042
6542.5 1.20695
6544.0 1.16948
6545.5 1.06487
6547.0 1.11904
6548.5 1.13131
6550.0 1.0088
6551.5 0.92055
6553.0 0.92838
6554.5 1.01792
6556.0 0.99178
6557.5 1.01055
6559.0 1.05109
6560.5 1.03434
6562.0 1.05297
6563.5 1.07345
6565.0 0.97992
6566.5 1.02271
6568.0 1.03505
6569.5 0.99078
6571.0 0.98996
6572.5 1.07724
6574.0 1.08706
6575.5 1.07963
6577.0 1.0236
6578.5 1.06854
6580.0 1.08884
6581.5 1.10998
6583.0 1.07962
6584.5 1.02604
6586.0 1.0058
6587.5 0.96777
6589.0 1.01535
6590.5 1.02033
6592.0 0.99116
6593.5 1.05036
6595.0 1.03745
6596.5 0.9978
6598.0 1.02204
6599.5 1.01332
6601.0 0.97843
6602.5 0.94463
6604.0 0.983
6605.5 1.08908
6607.0 1.08157
6608.5 1.02836
6610.0 1.06118
6611.5 1.0769
6613.0 1.03142
6614.5 0.99374
6616.0 0.91822
6617.5 0.84323
6619.0 0.81256
6620.5 0.83637
6622.0 0.93917
6623.5 0.9488
6625.0 0.91937
6626.5 0.95287
6628.0 0.93334
6629.5 0.93526
6631.0 0.96622
6632.5 0.96189
6634.0 0.88723
6635.5 0.87179
6637.0 0.93668
6638.5 0.90428
6640.0 0.89274
6641.5 1.03577
6643.0 1.0691
6644.5 1.02333
6646.0 1.03232
6647.5 1.05299
6649.0 1.08108
6650.5 1.00252
6652.0 0.92329
6653.5 0.98697
6655.0 1.02136
6656.5 1.07342
6658.0 1.09028
6659.5 0.96908
6661.0 0.92034
6662.5 0.98262
6664.0 1.02446
6665.5 1.0581
6667.0 1.07252
6668.5 1.00127
6670.0 0.87538
6671.5 0.82179
6673.0 0.87915
6674.5 0.97341
6676.0 1.01455
6677.5 0.96885
6679.0 0.94696
6680.5 0.98836
6682.0 1.03241
6683.5 1.04491
6685.0 0.99024
6686.5 0.96241
6688.0 1.0754
6689.5 1.00184
6691.0 0.99512
6692.5 1.01325
6694.0 0.99671
6695.5 1.04941
6697.0 1.00567
6698.5 0.94087
6700.0 0.99059
6701.5 0.95552
6703.0 0.89812
6704.5 0.99191
6706.0 0.9051
6707.5 0.89647
6709.0 0.90372
6710.5 0.94937
6712.0 0.96743
6713.5 0.94449
6715.0 0.95401
6716.5 0.98142
6718.0 0.98266
6719.5 0.96713
6721.0 1.00157
6722.5 0.99687
6724.0 0.93057
6725.5 0.92763
6727.0 0.86504
6728.5 0.72782
6730.0 0.70205
6731.5 0.72412
6733.0 0.78819
6734.5 0.90283
6736.0 0.95852
6737.5 1.02009
6739.0 1.00404
6740.5 1.00939
6742.0 1.00296
6743.5 1.00569
6745.0 0.98565
6746.5 1.08347
6748.0 1.07221
6749.5 0.92068
6751.0 1.00714
6752.5 0.98382
6754.0 0.99447
6755.5 1.04857
6757.0 0.96149
6758.5 0.9502
6760.0 1.00803
6761.5 0.99281
6763.0 1.04679
6764.5 1.06826
6766.0 1.06732
6767.5 1.10179
6769.0 1.05099
6770.5 1.02128
6772.0 0.98196
6773.5 0.95611
6775.0 1.02093
6776.5 1.03837
6778.0 0.97121
6779.5 0.95855
6781.0 0.99745
6782.5 1.03411
6784.0 1.02814
6785.5 0.95944
6787.0 0.89528
6788.5 0.85489
6790.0 0.75552
6791.5 0.69384
6793.0 0.84928
6794.5 0.95274
6796.0 0.96757
6797.5 0.97139
6799.0 0.96253
6800.5 1.02839
6802.0 0.96266
6803.5 0.90759
6805.0 0.92441
6806.5 0.85935
6808.0 0.8147
6809.5 0.90397
6811.0 0.94851
6812.5 1.05379
6814.0 1.06016
6815.5 1.02799
6817.0 1.05856
6818.5 1.00454
6820.0 1.09729
6821.5 1.01593
6823.0 1.01068
6824.5 1.07209
6826.0 1.02996
6827.5 0.98588
6829.0 1.01648
6830.5 1.15529
6832.0 1.0343
6833.5 0.95032
6835.0 1.02803
6836.5 1.00363
6838.0 0.97676
6839.5 0.99997
6841.0 1.00787
6842.5 1.00331
6844.0 0.97895
6845.5 0.97543
6847.0 0.99627
6848.5 0.99429
6850.0 1.01076
6851.5 1.02612
6853.0 0.99485
6854.5 1.03812
6856.0 1.06704
6857.5 1.05804
6859.0 1.01053
6860.5 0.98457
6862.0 1.05708
6863.5 1.05952
6865.0 1.04354
6866.5 0.91481
6868.0 0.83713
6869.5 1.04341
6871.0 1.06959
6872.5 1.08355
6874.0 1.04004
6875.5 1.11703
6877.0 1.07322
6878.5 0.98472
6880.0 0.96129
6881.5 1.03977
6883.0 0.97873
6884.5 1.01337
6886.0 0.93926
6887.5 0.956
6889.0 0.95622
6890.5 0.90793
6892.0 1.00614
6893.5 1.0402
6895.0 1.09444
6896.5 1.04553
6898.0 1.00378
6899.5 1.05469
6901.0 0.99312
6902.5 0.98662
6904.0 1.02897
6905.5 0.9404
6907.0 0.92033
6908.5 1.01941
6910.0 1.07205
6911.5 1.05996
6913.0 1.02994
6914.5 0.98489
6916.0 0.96229
6917.5 0.99554
6919.0 1.11044
6920.5 1.17842
6922.0 1.02278
6923.5 1.00788
6925.0 0.86627
6926.5 0.92867
6928.0 0.96476
6929.5 0.91518
6931.0 1.02084
6932.5 1.02222
6934.0 1.01959
6935.5 1.00649
6937.0 0.97051
6938.5 0.95757
6940.0 1.05619
6941.5 0.95449
6943.0 0.97675
6944.5 1.01652
6946.0 0.99222
6947.5 0.96597
6949.0 1.03619
6950.5 1.08718
6952.0 1.08183
6953.5 0.97921
6955.0 0.90869
6956.5 0.98046
6958.0 0.98535
6959.5 0.98354
6961.0 1.00517
6962.5 0.96104
6964.0 0.95553
6965.5 1.01013
6967.0 1.0036
6968.5 0.95725
6970.0 1.00944
6971.5 1.03742
6973.0 0.9298
6974.5 0.92094
6976.0 1.00267
6977.5 0.99078
6979.0 0.89313
6980.5 0.94736
6982.0 1.02879
6983.5 1.10537
6985.0 0.99317
6986.5 0.98806
6988.0 1.05222
6989.5 1.04398
6991.0 1.02755
6992.5 1.00091
6994.0 0.84418
6995.5 0.9487
6997.0 1.03065
6998.5 0.97092
7000.0 0.98106
7001.5 1.05864
7003.0 0.954
7004.5 0.91376
7006.0 0.93707
7007.5 1.03719
7009.0 1.0416
7010.5 1.01249
7012.0 1.01369
7013.5 1.04769
7015.0 1.08151
7016.5 1.05848
7018.0 0.98194
7019.5 0.94263
7021.0 0.9853
7022.5 1.00277
7024.0 0.9661
7025.5 0.98335
7027.0 1.06873
7028.5 1.06727
7030.0 1.02432
7031.5 1.04887
7033.0 1.00574
7034.5 0.98492
7036.0 0.99451
7037.5 0.9901
7039.0 0.91855
7040.5 0.98871
7042.0 1.00152
7043.5 0.97556
7045.0 0.92952
7046.5 1.02649
7048.0 0.96145
7049.5 1.00893
7051.0 0.9661
7052.5 0.97841
7054.0 0.94818
7055.5 0.95199
7057.0 0.90831
7058.5 0.82927
7060.0 0.97739
7061.5 0.88603
7063.0 0.92046
7064.5 0.96338
7066.0 0.96642
7067.5 0.92363
7069.0 1.0023
7070.5 0.99246
7072.0 1.02075
7073.5 1.04907
7075.0 0.98606
7076.5 0.93818
7078.0 0.97388
7079.5 0.98576
7081.0 1.01543
7082.5 0.98946
7084.0 0.93096
7085.5 0.95615
7087.0 1.00653
7088.5 1.03114
7090.0 1.00953
7091.5 0.9999
7093.0 0.98312
7094.5 0.96408
7096.0 1.01667
7097.5 1.01371
7099.0 1.03123
7100.5 1.04152
7102.0 0.98234
7103.5 1.02204
7105.0 1.02893
7106.5 1.02609
7108.0 1.00003
7109.5 0.92845
7111.0 0.95558
7112.5 1.04831
7114.0 0.95682
7115.5 0.8832
7117.0 0.99018
7118.5 0.92844
7120.0 0.94439
7121.5 0.93293
7123.0 0.84978
7124.5 0.9619
7126.0 0.97745
7127.5 0.96698
7129.0 0.98243
7130.5 0.91959
7132.0 0.94527
7133.5 0.98583
7135.0 0.98295
7136.5 0.92146
7138.0 0.9304
7139.5 0.9638
7141.0 0.96584
7142.5 0.96093
7144.0 0.95999
7145.5 1.01991
7147.0 1.01585
7148.5 0.91236
7150.0 0.89172
7151.5 0.93379
7153.0 0.96168
7154.5 0.96089
7156.0 0.91631
7157.5 0.85099
7159.0 0.88796
7160.5 0.9455
7162.0 1.02465
7163.5 1.03312
7165.0 0.99901
7166.5 0.95409
7168.0 0.90501
7169.5 0.94527
7171.0 0.84862
7172.5 0.75569
7174.0 0.64715
7175.5 0.65474
7177.0 0.70027
7178.5 0.75925
7180.0 0.86577
7181.5 0.97225
7183.0 0.96192
7184.5 0.96592
7186.0 0.98161
7187.5 0.89982
7189.0 0.8187
7190.5 0.74095
7192.0 0.68472
7193.5 0.67819
7195.0 0.72542
7196.5 0.85514
7198.0 0.93081
7199.5 0.956
7201.0 0.96868
7202.5 0.92865
7204.0 0.95317
7205.5 0.99884
7207.0 0.96174
7208.5 0.91836
7210.0 0.91679
7211.5 0.93956
7213.0 0.91134
7214.5 0.90547
7216.0 0.9619
7217.5 0.96717
7219.0 0.96984
7220.5 0.85302
7222.0 0.85328
7223.5 0.93764
7225.0 0.98272
7226.5 1.05573
7228.0 1.02909
7229.5 0.88856
7231.0 0.8707
7232.5 0.90735
7234.0 1.00171
7235.5 1.02905
7237.0 1.04746
7238.5 0.91961
7240.0 0.95724
7241.5 1.01435
7243.0 0.95379
7244.5 0.97011
7246.0 1.061
7247.5 1.01371
7249.0 0.9339
7250.5 0.85919
7252.0 0.83757
7253.5 0.8652
7255.0 0.86973
7256.5 0.93592
7258.0 0.99075
7259.5 0.97808
7261.0 0.94903
7262.5 0.9501
7264.0 0.96907
7265.5 0.99398
7267.0 1.03222
7268.5 0.98431
7270.0 0.90518
7271.5 0.98609
7273.0 1.08827
7274.5 0.93887
7276.0 0.74711
7277.5 0.83252
7279.0 0.83602
7280.5 0.90308
7282.0 0.95749
7283.5 0.93938
7285.0 0.96597
7286.5 0.90931
7288.0 0.78531
7289.5 0.94731
7291.0 0.89685
7292.5 0.89453
7294.0 0.8975
7295.5 0.85618
7297.0 0.8554
7298.5 1.00922
7300.0 0.86948
7301.5 0.88243
7303.0 0.76416
7304.5 0.67008
7306.0 0.68368
7307.5 0.74362
7309.0 0.84476
7310.5 0.90035
7312.0 0.92959
7313.5 0.9504
7315.0 0.89907
7316.5 0.91682
7318.0 0.86995
7319.5 0.76031
7321.0 0.78033
7322.5 0.84782
7324.0 0.92073
7325.5 0.96958
7327.0 0.9538
7328.5 0.87474
7330.0 0.83591
7331.5 0.87577
7333.0 0.88935
7334.5 0.92541
7336.0 0.93455
7337.5 0.99543
7339.0 0.94159
7340.5 0.71828
7342.0 0.66897
7343.5 0.55163
7345.0 0.61455
7346.5 0.77442
7348.0 0.82299
7349.5 0.85628
7351.0 0.80261
7352.5 0.87808
7354.0 0.80246
7355.5 0.83676
7357.0 0.93499
7358.5 0.88329
7360.0 0.86641
7361.5 0.86129
7363.0 0.7944
7364.5 0.87671
7366.0 0.90749
7367.5 0.88428
7369.0 0.81911
7370.5 0.8134
7372.0 0.82904
7373.5 0.85473
7375.0 0.88841
7376.5 0.92566
7378.0 0.93121
7379.5 0.89209
7381.0 0.87376
7382.5 0.86449
7384.0 0.82071
7385.5 0.81935
7387.0 0.95222
7388.5 0.9512
7390.0 0.82911
7391.5 0.85808
7393.0 0.95413
7394.5 1.01893
7396.0 0.94102
7397.5 0.89129
7399.0 0.86732
7400.5 0.90386
7402.0 0.94472
7403.5 0.97926
7405.0 0.92804
7406.5 0.87653
7408.0 0.89524
7409.5 0.93184
7411.0 0.88054
7412.5 0.90831
7414.0 0.88346
7415.5 0.85695
7417.0 0.82563
7418.5 0.8328
7420.0 0.94492
7421.5 0.86018
7423.0 0.81845
7424.5 0.913
7426.0 0.91734
7427.5 0.86855
7429.0 0.90345
7430.5 0.84733
7432.0 0.87758
7433.5 0.88575
7435.0 0.87417
7436.5 0.89946
7438.0 0.89614
7439.5 0.91844
7441.0 0.89232
7442.5 0.9228
7444.0 0.88884
7445.5 0.81397
7447.0 0.8268
7448.5 0.8577
7450.0 0.92218
7451.5 0.9911
7453.0 0.96755
7454.5 0.83716
7456.0 0.80552
7457.5 0.87572
7459.0 0.85967
7460.5 0.90373
7462.0 0.90315
7463.5 0.87881
7465.0 0.88433
7466.5 0.86696
7468.0 0.84652
7469.5 0.87871
7471.0 0.85435
7472.5 0.89422
7474.0 0.99088
7475.5 0.88414
7477.0 0.77383
7478.5 0.91057
7480.0 0.83417
7481.5 0.76337
7483.0 0.76805
7484.5 0.83589
7486.0 0.81395
7487.5 0.87701
7489.0 0.80793
7490.5 0.81662
7492.0 0.78934
7493.5 0.88659
7495.0 0.87168
7496.5 0.87435
7498.0 0.90041
7499.5 0.84578
7501.0 0.83924
7502.5 0.92796
7504.0 0.878
7505.5 0.84289
7507.0 0.89286
7508.5 0.89733
7510.0 0.8826
7511.5 0.857
7513.0 0.84171
7514.5 0.84656
7516.0 0.90673
7517.5 0.93814
7519.0 0.90342
7520.5 0.88051
7522.0 0.91773
7523.5 0.9083
7525.0 0.87199
7526.5 0.87535
7528.0 0.78053
7529.5 0.80582
7531.0 0.9225
7532.5 0.88654
7534.0 0.86756
7535.5 0.87589
7537.0 0.85903
7538.5 0.88543
7540.0 0.87005
7541.5 0.88565
7543.0 0.85254
7544.5 0.83256
7546.0 0.90985
7547.5 0.87632
7549.0 0.85055
7550.5 0.87611
7552.0 0.91692
7553.5 0.96109
7555.0 0.92117
7556.5 0.93139
7558.0 0.93755
7559.5 0.83563
7561.0 0.85108
7562.5 0.89502
7564.0 0.83261
7565.5 0.87228
7567.0 0.94089
7568.5 0.94346
7570.0 0.96133
7571.5 0.97547
7573.0 0.95361
7574.5 0.88346
7576.0 0.84548
7577.5 0.83139
7579.0 0.8286
7580.5 0.85645
7582.0 0.84898
7583.5 0.94955
7585.0 0.98984
7586.5 0.95603
7588.0 0.94242
7589.5 0.93673
7591.0 0.91592
7592.5 0.87662
7594.0 0.98199
7595.5 1.1583
7597.0 1.17963
7598.5 0.83138
7600.0 0.54943
7601.5 1.03174
7603.0 1.22127
7604.5 0.89947
7606.0 0.80779
7607.5 0.94328
7609.0 0.93339
7610.5 0.84008
7612.0 0.87796
7613.5 0.80991
7615.0 0.83401
7616.5 0.89594
7618.0 0.95119
7619.5 0.91511
7621.0 0.87355
7622.5 0.99744
7624.0 1.0507
7625.5 0.95988
7627.0 0.80254
7628.5 0.73414
7630.0 0.75636
7631.5 0.83262
7633.0 0.8683
7634.5 0.78327
7636.0 0.81428
7637.5 0.83593
7639.0 0.94076
7640.5 1.00134
7642.0 0.88018
7643.5 0.93049
7645.0 1.00787
7646.5 0.91767
7648.0 0.87022
7649.5 0.89638
7651.0 0.87431
7652.5 0.8933
7654.0 0.96032
7655.5 0.89088
7657.0 0.77258
7658.5 0.82509
7660.0 1.02414
7661.5 1.00548
7663.0 0.878
7664.5 0.9293
7666.0 1.0272
7667.5 0.95054
7669.0 0.88229
7670.5 0.80491
7672.0 0.78398
7673.5 0.83516
7675.0 0.80391
7676.5 0.84971
7678.0 0.92267
7679.5 0.87562
7681.0 0.87796
7682.5 0.94658
7684.0 0.99007
7685.5 0.97965
7687.0 0.93008
7688.5 0.934
7690.0 0.97534
7691.5 0.92807
7693.0 0.86481
7694.5 0.89613
7696.0 0.90586
7697.5 0.86956
7699.0 0.87192
7700.5 0.88292
7702.0 0.91782
7703.5 0.93153
7705.0 0.93855
7706.5 0.9629
7708.0 0.92433
7709.5 0.94739
7711.0 0.95954
7712.5 0.99272
7714.0 0.88347
7715.5 0.84545
7717.0 1.06974
7718.5 0.96867
7720.0 0.99713
7721.5 1.0615
7723.0 0.89441
7724.5 0.88933
7726.0 1.01693
7727.5 0.95487
7729.0 0.96781
7730.5 0.99539
7732.0 0.98285
7733.5 0.98982
7735.0 0.95002
7736.5 0.93454
7738.0 0.89002
7739.5 0.88142
7741.0 0.94686
7742.5 0.93762
7744.0 0.90901
7745.5 0.96066
7747.0 1.05765
7748.5 1.08661
7750.0 1.08911
7751.5 1.12273
7753.0 1.06388
7754.5 0.91724
7756.0 0.85958
7757.5 0.96287
7759.0 1.05942
7760.5 1.03757
7762.0 1.002
7763.5 0.98618
7765.0 0.93234
7766.5 0.94571
7768.0 0.95176
7769.5 0.95827
7771.0 0.95693
7772.5 1.01548
7774.0 1.04865
7775.5 0.92185
7777.0 0.92447
7778.5 0.96282
7780.0 0.99033
7781.5 0.95679
7783.0 0.96838
7784.5 0.97328
7786.0 0.95393
7787.5 0.99083
7789.0 0.98803
7790.5 1.06617
7792.0 0.98635
7793.5 0.95451
7795.0 0.96803
7796.5 0.97222
7798.0 0.95348
7799.5 0.93275
7801.0 0.93701
7802.5 0.99008
7804.0 1.04503
7805.5 1.06503
7807.0 1.06638
7808.5 1.04382
7810.0 1.05699
7811.5 1.11167
7813.0 1.11456
7814.5 1.05117
7816.0 0.94863
7817.5 0.96126
7819.0 1.07919
7820.5 1.08551
7822.0 1.12636
7823.5 1.12476
7825.0 1.10647
7826.5 0.98606
7828.0 1.03465
7829.5 0.98917
7831.0 1.02623
7832.5 1.07195
7834.0 1.08628
7835.5 1.10794
7837.0 1.07718
7838.5 1.11391
7840.0 1.0502
7841.5 0.9357
7843.0 1.05621
7844.5 1.11038
7846.0 1.10558
7847.5 1.09492
7849.0 1.08824
7850.5 1.19486
7852.0 1.19248
7853.5 1.14387
7855.0 1.00117
7856.5 1.10753
7858.0 1.16421
7859.5 1.09222
7861.0 1.06258
7862.5 1.08763
7864.0 1.05299
7865.5 1.12307
7867.0 1.25468
7868.5 1.18992
7870.0 1.1451
7871.5 1.14861
7873.0 1.0929
7874.5 1.12286
7876.0 1.15651
7877.5 1.1646
7879.0 1.15545
7880.5 1.13839
7882.0 1.12307
7883.5 1.01502
7885.0 1.04542
7886.5 1.11855
7888.0 1.16031
7889.5 1.11455
7891.0 1.12936
7892.5 1.06949
7894.0 0.75455
7895.5 0.64008
7897.0 0.37586
7898.5 0.33852
7900.0 0.45208
7901.5 0.74411
7903.0 0.88478
7904.5 1.06384
7906.0 1.10484
7907.5 1.08485
7909.0 1.18928
7910.5 1.21347
7912.0 1.06547
7913.5 0.85363
7915.0 0.68169
7916.5 0.56695
7918.0 0.52057
7919.5 0.63968
7921.0 0.77407
7922.5 0.91601
7924.0 1.01861
7925.5 1.06148
7927.0 1.04814
7928.5 1.11919
7930.0 1.1101
7931.5 1.06859
7933.0 1.12079
7934.5 1.0949
7936.0 1.12375
7937.5 1.16329
7939.0 1.09905
7940.5 1.05651
7942.0 1.09634
7943.5 1.12075
7945.0 1.12273
7946.5 1.19377
7948.0 1.10657
7949.5 1.07833
7951.0 1.2133
7952.5 1.11988
7954.0 1.11114
7955.5 1.11189
7957.0 1.0243
7958.5 1.17274
7960.0 1.22514
7961.5 1.21281
7963.0 1.16351
7964.5 1.0193
7966.0 1.03743
7967.5 0.99555
7969.0 1.05441
7970.5 1.13268
7972.0 1.1177
7973.5 1.08582
7975.0 1.08456
7976.5 1.1889
7978.0 1.17952
7979.5 1.15547
7981.0 1.13399
7982.5 1.13614
7984.0 1.09702
7985.5 1.1015
7987.0 1.10406
7988.5 1.07458
7990.0 1.07569
7991.5 0.98445
7993.0 0.86185
7994.5 0.94175
7996.0 1.06171
7997.5 1.01653
7999.0 0.98858
8000.5 1.02142
8002.0 1.04191
8003.5 1.05707
8005.0 0.98773
8006.5 0.99814
8008.0 1.04722
8009.5 1.08111
8011.0 1.02165
8012.5 0.91547
8014.0 0.98142
8015.5 1.08398
8017.0 1.04244
8018.5 0.98665
8020.0 0.92255
8021.5 1.00955
8023.0 1.1465
8024.5 0.9779
8026.0 0.91768
8027.5 0.99813
8029.0 0.95139
8030.5 0.94012
8032.0 0.99446
8033.5 1.04192
8035.0 1.02624
8036.5 0.92021
8038.0 0.91617
8039.5 1.04365
8041.0 1.04026
8042.5 0.96005
8044.0 0.95822
8045.5 0.97182
8047.0 0.92902
8048.5 0.88379
8050.0 0.89859
8051.5 0.92892
8053.0 0.9106
8054.5 0.85538
8056.0 0.80206
8057.5 0.8075
8059.0 0.87166
8060.5 0.91493
8062.0 0.92203
8063.5 0.89616
8065.0 0.87756
8066.5 0.87788
8068.0 0.90177
8069.5 0.96968
8071.0 0.9288
8072.5 0.90202
8074.0 0.94082
8075.5 0.94272
8077.0 0.87433
8078.5 0.82293
8080.0 0.9223
8081.5 1.03078
8083.0 0.96146
8084.5 0.90919
8086.0 0.92641
8087.5 0.85318
8089.0 0.84625
8090.5 0.93502
8092.0 0.98164
8093.5 0.9465
8095.0 0.91462
8096.5 0.91887
8098.0 0.91044
8099.5 0.85213
8101.0 0.83864
8102.5 0.85675
8104.0 0.8646
8105.5 0.85174
8107.0 0.88148
8108.5 0.92587
8110.0 0.90306
8111.5 0.88977
8113.0 0.90697
8114.5 0.96565
8116.0 0.98297
8117.5 0.8916
8119.0 0.90709
8120.5 0.92803
8122.0 0.82235
8123.5 0.77037
8125.0 0.78953
8126.5 0.83887
8128.0 0.84405
8129.5 0.84251
8131.0 0.86978
8132.5 0.91176
8134.0 0.90118
8135.5 0.87248
8137.0 0.96928
8138.5 0.97007
8140.0 0.88754
8141.5 0.8094
8143.0 0.78661
8144.5 0.84991
8146.0 0.86601
8147.5 0.92994
8149.0 0.92537
8150.5 0.90793
8152.0 0.88397
8153.5 0.91139
8155.0 0.85047
8156.5 0.83584
8158.0 0.90997
8159.5 0.90599
8161.0 0.87321
8162.5 0.85973
8164.0 0.88964
8165.5 0.88767
8167.0 0.82779
8168.5 0.82742
8170.0 0.86724
8171.5 0.86382
8173.0 0.84384
8174.5 0.87317
8176.0 0.91164
8177.5 0.86966
8179.0 0.82955
8180.5 0.89609
8182.0 0.97563
8183.5 0.89497
8185.0 0.7162
8186.5 0.7704
8188.0 0.94223
8189.5 0.83863
8191.0 0.92265
8192.5 0.90982
8194.0 0.74691
8195.5 0.77917
8197.0 0.81299
8198.5 0.85926
8200.0 0.84241
8201.5 0.92936
8203.0 0.91516
8204.5 0.95801
8206.0 0.95402
8207.5 0.93524
8209.0 0.90708
8210.5 0.82575
8212.0 0.77713
8213.5 0.85758
8215.0 0.85978
8216.5 0.88105
8218.0 0.88657
8219.5 0.88439
8221.0 0.86614
8222.5 0.77554
8224.0 0.79309
8225.5 0.88829
8227.0 0.91971
8228.5 0.89204
8230.0 0.88252
8231.5 0.87662
8233.0 0.85366
8234.5 0.85851
8236.0 0.82743
8237.5 0.78919
8239.0 0.80698
8240.5 0.79898
8242.0 0.82671
8243.5 0.8672
8245.0 0.90742
8246.5 0.94365
8248.0 0.87989
8249.5 0.89631
8251.0 0.86441
8252.5 0.84936
8254.0 0.92235
8255.5 0.85312
8257.0 0.82538
8258.5 0.78462
8260.0 0.90146
8261.5 0.83541
8263.0 0.74273
8264.5 0.79705
8266.0 0.86394
8267.5 0.8787
8269.0 0.79766
8270.5 0.87869
8272.0 0.87316
8273.5 0.89231
8275.0 0.94721
8276.5 0.86998
8278.0 0.88771
8279.5 0.96477
8281.0 0.99422
8282.5 0.85581
8284.0 0.78424
8285.5 1.0146
8287.0 1.07387
8288.5 0.88146
8290.0 0.81774
8291.5 0.88882
8293.0 0.87797
8294.5 0.83486
8296.0 0.9061
8297.5 0.96321
8299.0 0.95442
8300.5 0.9375
8302.0 0.89125
8303.5 0.89963
8305.0 0.84734
8306.5 0.87214
8308.0 1.03112
8309.5 0.93089
8311.0 0.92813
8312.5 0.8574
8314.0 0.83144
8315.5 0.89091
8317.0 0.86695
8318.5 0.80489
8320.0 0.76139
8321.5 0.84789
8323.0 0.80275
8324.5 0.89435
8326.0 0.94864
8327.5 0.89701
8329.0 0.81543
8330.5 0.85715
8332.0 0.83976
8333.5 0.86056
8335.0 0.874
8336.5 0.88223
8338.0 0.87717
8339.5 0.8698
8341.0 0.9065
8342.5 0.87864
8344.0 0.79175
8345.5 0.90477
8347.0 0.86402
8348.5 0.77527
8350.0 0.90927
8351.5 0.96488
8353.0 0.871
8354.5 0.80688
8356.0 0.80678
8357.5 0.8479
8359.0 0.86533
8360.5 0.83483
8362.0 0.84614
8363.5 0.91375
8365.0 0.93629
8366.5 0.9201
8368.0 0.86159
8369.5 0.89087
8371.0 0.88872
8372.5 0.81831
8374.0 0.79591
8375.5 0.84828
8377.0 0.92621
8378.5 0.8821
8380.0 0.75047
8381.5 0.70077
8383.0 0.85331
8384.5 0.92756
8386.0 0.86099
8387.5 0.79343
8389.0 0.89614
8390.5 0.91334
8392.0 0.8475
8393.5 0.76847
8395.0 0.81776
8396.5 1.03653
8398.0 0.93132
8399.5 0.83451
8401.0 0.9798
8402.5 0.85415
8404.0 0.79974
8405.5 0.85495
8407.0 0.84653
8408.5 0.84712
8410.0 0.92655
8411.5 0.92207
8413.0 0.87271
8414.5 0.87952
8416.0 0.83972
8417.5 0.83373
8419.0 0.85655
8420.5 0.80663
8422.0 0.77606
8423.5 0.75449
8425.0 0.77661
8426.5 0.83789
8428.0 0.88277
8429.5 0.9025
8431.0 0.82969
8432.5 0.86657
8434.0 0.89787
8435.5 0.85666
8437.0 0.90429
8438.5 0.92511
8440.0 0.79972
8441.5 0.78408
8443.0 0.82953
8444.5 0.87908
8446.0 0.80729
8447.5 0.79767
8449.0 0.78713
8450.5 0.69728
8452.0 0.75546
8453.5 0.81256
8455.0 0.79633
8456.5 0.74059
8458.0 0.71261
8459.5 0.73621
8461.0 0.86247
8462.5 0.97429
8464.0 0.92548
8465.5 1.02464
8467.0 0.81962
8468.5 0.75634
8470.0 0.84687
8471.5 0.8254
8473.0 0.80629
8474.5 0.84523
8476.0 0.86699
8477.5 0.82891
8479.0 0.80018
8480.5 0.79253
8482.0 0.82904
8483.5 0.78647
8485.0 0.74976
8486.5 0.78233
8488.0 0.80018
8489.5 0.85677
8491.0 0.87834
8492.5 0.72814
8494.0 0.80009
8495.5 0.76472
8497.0 0.70896
8498.5 0.79217
8500.0 0.89696
8501.5 0.94246
8503.0 0.85821
8504.5 0.83954
8506.0 0.81165
8507.5 0.74012
8509.0 0.73689
8510.5 0.77077
8512.0 0.71818
8513.5 0.76133
8515.0 0.82906
8516.5 0.80984
8518.0 0.77738
8519.5 0.72969
8521.0 0.69078
8522.5 0.79878
8524.0 0.82042
8525.5 0.84357
8527.0 0.83557
8528.5 0.76617
8530.0 0.78363
8531.5 0.77158
8533.0 0.77162
8534.5 0.78188
8536.0 0.72596
8537.5 0.75211
8539.0 0.76915
8540.5 0.7295
8542.0 0.71476
8543.5 0.70261
8545.0 0.81038
8546.5 0.83192
8548.0 0.78611
8549.5 0.81932
8551.0 0.76002
8552.5 0.73194
8554.0 0.75866
8555.5 0.77886
8557.0 0.72148
8558.5 0.70822
8560.0 0.73619
8561.5 0.76237
8563.0 0.80097
8564.5 0.72353
8566.0 0.78576
8567.5 0.81497
8569.0 0.7249
8570.5 0.72064
8572.0 0.78448
8573.5 0.74317
8575.0 0.73058
8576.5 0.8014
8578.0 0.74549
8579.5 0.73401
8581.0 0.72427
8582.5 0.74132
8584.0 0.75919
8585.5 0.76051
8587.0 0.7967
8588.5 0.7722
8590.0 0.65945
8591.5 0.66821
8593.0 0.71508
8594.5 0.67163
8596.0 0.68201
8597.5 0.76951
8599.0 0.80441
8600.5 0.74725
8602.0 0.74271
8603.5 0.80979
8605.0 0.7375
8606.5 0.67057
8608.0 0.76259
8609.5 0.79404
8611.0 0.78608
8612.5 0.74876
8614.0 0.69751
8615.5 0.72266
8617.0 0.73184
8618.5 0.76707
8620.0 0.73455
8621.5 0.69079
8623.0 0.72009
8624.5 0.75643
8626.0 0.69586
8627.5 0.64028
8629.0 0.79511
8630.5 0.71313
8632.0 0.59567
8633.5 0.75316
8635.0 0.74993
8636.5 0.70108
8638.0 0.73776
8639.5 0.71862
8641.0 0.69839
8642.5 0.72008
8644.0 0.72911
8645.5 0.74268
8647.0 0.7313
8648.5 0.69115
8650.0 0.70519
8651.5 0.73295
8653.0 0.73742
8654.5 0.6874
8656.0 0.73201
8657.5 0.77526
8659.0 0.67137
8660.5 0.70194
8662.0 0.76854
8663.5 0.73472
8665.0 0.79725
8666.5 0.7972
8668.0 0.65938
8669.5 0.63499
8671.0 0.84619
8672.5 0.90806
8674.0 0.69218
8675.5 0.7242
8677.0 0.78155
8678.5 0.70442
8680.0 0.71228
8681.5 0.8141
8683.0 0.70973
8684.5 0.66135
8686.0 0.68567
8687.5 0.76378
8689.0 0.71071
8690.5 0.61414
8692.0 0.66971
8693.5 0.78465
8695.0 0.74446
8696.5 0.67895
8698.0 0.64671
8699.5 0.72451
8701.0 0.73869
8702.5 0.72791
8704.0 0.71811
8705.5 0.70501
8707.0 0.72258
8708.5 0.72524
8710.0 0.69658
8711.5 0.68821
8713.0 0.74736
8714.5 0.76871
8716.0 0.72574
8717.5 0.73562
8719.0 0.74871
8720.5 0.7353
8722.0 0.74222
8723.5 0.73077
8725.0 0.73812
8726.5 0.78865
8728.0 0.80576
8729.5 0.75118
8731.0 0.793
8732.5 0.82924
8734.0 0.87375
8735.5 0.80837
8737.0 0.75397
8738.5 0.64289
8740.0 0.84221
8741.5 0.80927
8743.0 0.8128
8744.5 0.66464
8746.0 0.86232
8747.5 0.73034
8749.0 0.67514
8750.5 0.68032
8752.0 0.69986
8753.5 0.78095
8755.0 0.72112
8756.5 0.73487
8758.0 0.78711
8759.5 0.63392
8761.0 0.71527
8762.5 0.63471
8764.0 0.74932
8765.5 0.8962
8767.0 0.79643
8768.5 0.79464
8770.0 0.84578
8771.5 0.85594
8773.0 0.82573
8774.5 0.85406
8776.0 0.95713
8777.5 0.96353
8779.0 0.86839
8780.5 0.81483
8782.0 0.79063
8783.5 0.71476
8785.0 0.74299
8786.5 0.87582
8788.0 0.8594
8789.5 0.69382
8791.0 0.61497
8792.5 0.77289
8794.0 0.7485
8795.5 0.78863
8797.0 0.81826
8798.5 0.76031
8800.0 0.61122
8801.5 0.71892
8803.0 0.74249
8804.5 0.77022
8806.0 0.80867
8807.5 0.79272
8809.0 0.83402
8810.5 0.73756
8812.0 0.70775
8813.5 0.78382
8815.0 0.81533
8816.5 0.78381
8818.0 0.82548
8819.5 0.79246
8821.0 0.83991
8822.5 0.96461
8824.0 0.95215
8825.5 0.75905
8827.0 0.55166
8828.5 0.86185
8830.0 1.00609
8831.5 0.75856
8833.0 0.77249
8834.5 0.77149
8836.0 0.65784
8837.5 0.73057
8839.0 0.75251
8840.5 0.72877
8842.0 0.81248
8843.5 0.83088
8845.0 0.77931
8846.5 0.83947
8848.0 0.91925
8849.5 0.83452
8851.0 0.90722
8852.5 0.83602
8854.0 0.64242
8855.5 0.7568
8857.0 0.75303
8858.5 0.65795
8860.0 0.80054
8861.5 0.78474
8863.0 0.76908
8864.5 0.88777
8866.0 0.80932
8867.5 0.7893
8869.0 0.79516
8870.5 0.82609
8872.0 0.83482
8873.5 0.79841
8875.0 0.76957
8876.5 0.70698
8878.0 0.65319
8879.5 0.70552
8881.0 0.81106
8882.5 0.72109
8884.0 0.80869
8885.5 0.89698
8887.0 0.70479
8888.5 0.65467
8890.0 0.70917
8891.5 0.77106
8893.0 0.8002
8894.5 0.75021
8896.0 0.71386
8897.5 0.72528
8899.0 0.75919
8900.5 0.8325
8902.0 0.85092
8903.5 0.8266
8905.0 0.83774
8906.5 0.74721
8908.0 0.67261
8909.5 0.68201
8911.0 0.74772
8912.5 0.81501
8914.0 0.83103
8915.5 0.80935
8917.0 0.85133
8918.5 0.79946
8920.0 0.64504
8921.5 0.68338
8923.0 0.74061
8924.5 0.72911
8926.0 0.74598
8927.5 0.83579
8929.0 0.76881
8930.5 0.8066
8932.0 0.80593
8933.5 0.75161
8935.0 0.71009
8936.5 0.70464
8938.0 0.76031
8939.5 0.75357
8941.0 0.75933
8942.5 0.89264
8944.0 0.99612
8945.5 0.92178
8947.0 0.85165
8948.5 0.76966
8950.0 0.76804
8951.5 0.75567
8953.0 0.6783
8954.5 0.84747
8956.0 0.96228
8957.5 0.78797
8959.0 0.60508
8960.5 0.6984
8962.0 0.81422
8963.5 0.71751
8965.0 0.71865
8966.5 0.71522
8968.0 0.73185
8969.5 0.73284
8971.0 0.75641
8972.5 0.78994
8974.0 0.78915
8975.5 0.77786
8977.0 0.72221
8978.5 0.71119
8980.0 0.79818
8981.5 0.75588
8983.0 0.76845
8984.5 0.77187
8986.0 0.77387
8987.5 0.76695
8989.0 0.81233
8990.5 0.7548
8992.0 0.75032
8993.5 0.83273
8995.0 0.78313
8996.5 0.79382
8998.0 0.95667
8999.5 0.77958
9001.0 0.76782
9002.5 0.83457
9004.0 0.83617
9005.5 0.74849
9007.0 0.7334
9008.5 0.78371
9010.0 0.78045
9011.5 0.76483
9013.0 0.79574
9014.5 0.76116
9016.0 0.706
9017.5 0.79272
9019.0 0.82691
9020.5 0.75368
9022.0 0.79352
9023.5 0.8721
9025.0 0.81837
9026.5 0.74994
9028.0 0.77356
9029.5 0.70022
9031.0 0.73104
9032.5 0.87299
9034.0 0.78958
9035.5 0.71734
9037.0 0.79791
9038.5 0.78423
9040.0 0.79223
9041.5 0.77462
9043.0 0.72192
9044.5 0.8391
9046.0 0.82548
9047.5 0.90031
9049.0 0.82064
9050.5 0.79065
9052.0 0.8587
9053.5 0.84682
9055.0 0.72335
9056.5 0.66858
9058.0 0.73587
9059.5 0.7521
9061.0 0.74405
9062.5 0.74262
9064.0 0.7678
9065.5 0.76807
9067.0 0.71744
9068.5 0.72757
9070.0 0.79972
9071.5 0.80333
9073.0 0.79842
9074.5 0.83919
9076.0 0.82153
9077.5 0.73666
9079.0 0.75103
9080.5 0.8544
9082.0 0.88265
9083.5 0.822
9085.0 0.76959
9086.5 0.76354
9088.0 0.73999
9089.5 0.75456
9091.0 0.84435
9092.5 0.87449
9094.0 0.83021
9095.5 0.83755
9097.0 0.87821
9098.5 0.84762
9100.0 0.74531
9101.5 0.65227
9103.0 0.7107
9104.5 0.80522
9106.0 0.81615
9107.5 0.82581
9109.0 0.80885
9110.5 0.75649
9112.0 0.72393
9113.5 0.75516
9115.0 0.75816
9116.5 0.71375
9118.0 0.77802
9119.5 0.87124
9121.0 0.8403
9122.5 0.80047
9124.0 0.84099
9125.5 0.78546
9127.0 0.71372
9128.5 0.72849
9130.0 0.73649
9131.5 0.76763
9133.0 0.81494
9134.5 0.77796
9136.0 0.75402
9137.5 0.79595
9139.0 0.77732
9140.5 0.74015
9142.0 0.70917
9143.5 0.67185
9145.0 0.6997
9146.5 0.75003
9148.0 0.82319
9149.5 0.8523
9151.0 0.7955
9152.5 0.7948
9154.0 0.82633
9155.5 0.77801
9157.0 0.75297
9158.5 0.76706
9160.0 0.88538
9161.5 0.80455
9163.0 0.74269
9164.5 0.72778
9166.0 0.76659
9167.5 0.76112
9169.0 0.72464
9170.5 0.81144
9172.0 0.74899
9173.5 0.76359
9175.0 0.85188
9176.5 0.8811
9178.0 0.8352
9179.5 0.75895
9181.0 0.72335
9182.5 0.76247
9184.0 0.79107
9185.5 0.8428
9187.0 0.80625
9188.5 0.7539
9190.0 0.74652
9191.5 0.73308
9193.0 0.79199
9194.5 0.86293
9196.0 0.87533
9197.5 0.83771
9199.0 0.78764
9200.5 0.74805
9202.0 0.7518
9203.5 0.81004
9205.0 0.81344
9206.5 0.75331
9208.0 0.77998
9209.5 0.8472
9211.0 0.82097
9212.5 0.81885
9214.0 0.76486
9215.5 0.78001
9217.0 0.84036
9218.5 0.79071
9220.0 0.73154
9221.5 0.69055
9223.0 0.76334
9224.5 0.78424
9226.0 0.69822
9227.5 0.80087
9229.0 0.79291
9230.5 0.72901
9232.0 0.70259
9233.5 0.76565
9235.0 0.74286
9236.5 0.79444
9238.0 0.72122
9239.5 0.67553
9241.0 0.72311
9242.5 0.72833
9244.0 0.82676
9245.5 0.8312
9247.0 0.7259
9248.5 0.71199
9250.0 0.7991
9251.5 0.77614
9253.0 0.72396
9254.5 0.78807
9256.0 0.82248
9257.5 0.77816
9259.0 0.66833
9260.5 0.682
9262.0 0.76357
9263.5 0.73116
9265.0 0.70957
9266.5 0.73644
9268.0 0.78369
9269.5 0.7647
9271.0 0.75772
9272.5 0.78399
9274.0 0.86194
9275.5 0.83447
9277.0 0.73685
9278.5 0.72259
9280.0 0.83033
9281.5 0.8368
9283.0 0.69899
9284.5 0.72952
9286.0 0.88198
9287.5 0.8174
9289.0 0.7919
9290.5 0.66058
9292.0 0.67527
9293.5 0.80556
9295.0 0.78373
9296.5 0.71114
9298.0 0.68549
9299.5 0.72532
9301.0 0.77329
9302.5 0.87339
9304.0 0.92154
9305.5 0.99326
9307.0 0.77199
9308.5 0.68011
9310.0 0.74565
9311.5 0.71404
9313.0 0.76333
9314.5 0.76916
9316.0 0.68514
9317.5 0.5493
9319.0 0.69736
9320.5 1.15412
9322.0 1.14614
9323.5 0.81841
9325.0 0.6887
9326.5 0.5853
9328.0 0.6833
9329.5 0.84467
9331.0 0.7542
9332.5 0.66113
9334.0 0.65329
9335.5 0.72739
9337.0 0.71499
9338.5 0.73975
9340.0 0.89853
9341.5 0.98927
9343.0 0.88972
9344.5 0.7528
9346.0 0.94595
9347.5 0.88346
9349.0 0.79712
9350.5 0.78092
9352.0 0.6692
9353.5 0.59429
9355.0 0.69268
9356.5 0.72696
9358.0 0.70664
9359.5 0.77849
9361.0 0.74735
9362.5 0.75872
9364.0 0.86963
9365.5 0.95588
9367.0 0.85316
9368.5 0.67945
9370.0 0.63499
9371.5 0.83321
9373.0 0.91944
9374.5 0.73295
9376.0 0.80608
9377.5 1.07059
9379.0 0.79451
9380.5 0.63998
9382.0 0.83917
9383.5 0.81167
9385.0 0.7154
9386.5 0.66401
9388.0 0.66096
9389.5 0.66351
9391.0 0.73676
9392.5 0.72775
9394.0 0.70723
9395.5 0.71104
9397.0 0.75322
9398.5 0.7542
9400.0 0.81518
9401.5 0.54457
9403.0 0.6612
9404.5 0.68338
9406.0 0.77361
9407.5 0.647
9409.0 0.67598
9410.5 0.63296
9412.0 0.67664
9413.5 0.79557
9415.0 0.772
9416.5 0.63371
9418.0 0.80726
9419.5 1.06597
9421.0 0.7824
9422.5 0.65475
9424.0 0.44231
9425.5 0.53606
9427.0 0.71942
9428.5 0.70152
9430.0 0.68369
9431.5 0.79077
9433.0 0.74364
9434.5 0.61645
9436.0 0.74694
9437.5 0.49139
9439.0 0.36104
9440.5 1.0523
9442.0 1.33111
9443.5 0.86046
9445.0 0.64904
9446.5 0.6976
9448.0 0.70121
9449.5 0.75117
9451.0 0.73284
9452.5 0.69431
9454.0 0.77192
9455.5 0.85231
9457.0 0.74242
9458.5 0.63753
9460.0 0.53815
9461.5 0.64084
9463.0 0.66523
9464.5 0.66618
9466.0 0.69917
9467.5 0.68255
9469.0 0.67503
9470.5 0.52565
9472.0 0.43116
9473.5 0.52096
9475.0 0.40643
9476.5 0.79223
9478.0 0.83356
9479.5 0.54977
9481.0 0.66217
9482.5 0.7995
9484.0 0.79035
9485.5 0.73288
9487.0 0.71361
9488.5 0.68367
9490.0 0.71989
9491.5 0.7069
9493.0 0.75366
9494.5 0.85551
9496.0 0.83158
9497.5 0.87973
9499.0 0.66751
9500.5 0.51986
9502.0 0.66289
9503.5 0.60888
9505.0 0.53212
9506.5 0.61481
9508.0 0.6151
9509.5 0.55824
9511.0 0.70712
9512.5 0.81323
9514.0 0.75974
9515.5 0.74389
9517.0 0.68833
9518.5 0.93429
9520.0 1.02213
9521.5 0.75392
9523.0 0.74233
9524.5 0.66309
9526.0 0.703
9527.5 0.79095
9529.0 0.84532
9530.5 0.69694
9532.0 0.72716
9533.5 0.82952
9535.0 0.75409
9536.5 0.7408
9538.0 0.81037
9539.5 0.87516
9541.0 0.68507
9542.5 0.56615
9544.0 0.74427
9545.5 0.76401
9547.0 0.7202
9548.5 0.73706
9550.0 0.61948
9551.5 0.6464
9553.0 0.83537
9554.5 0.80979
9556.0 0.7891
9557.5 0.83569
9559.0 0.77005
9560.5 0.73886
9562.0 0.60009
9563.5 0.46941
9565.0 0.75543
9566.5 1.03231
9568.0 0.89495
9569.5 0.73751
9571.0 0.75597
9572.5 0.68646
9574.0 0.62001
9575.5 0.70798
9577.0 0.62444
9578.5 0.52169
9580.0 0.59622
9581.5 0.79145
9583.0 0.79741
9584.5 0.71798
9586.0 0.69074
9587.5 0.72081
9589.0 0.70067
9590.5 0.64903
9592.0 0.688
9593.5 0.72309
9595.0 0.70462
9596.5 0.61344
9598.0 0.63732
9599.5 0.77468
9601.0 0.73466
9602.5 0.68055
9604.0 0.64701
9605.5 0.64066
9607.0 0.61095
9608.5 0.55345
9610.0 0.53037
9611.5 0.62778
9613.0 0.79882
9614.5 0.83691
9616.0 0.72146
9617.5 0.77414
9619.0 0.93069
9620.5 0.8788
9622.0 0.76906
9623.5 0.70332
9625.0 0.67757
9626.5 0.71461
9628.0 0.73103
9629.5 0.73039
9631.0 0.65157
9632.5 0.63726
9634.0 0.74888
9635.5 0.75211
9637.0 0.73767
9638.5 0.68072
9640.0 0.69565
9641.5 0.65116
9643.0 0.65264
9644.5 0.67425
9646.0 0.63372
9647.5 0.69604
9649.0 0.79579
9650.5 0.64678
9652.0 0.60238
9653.5 0.73148
9655.0 0.7915
9656.5 0.63514
9658.0 0.59262
9659.5 0.60553
9661.0 0.6182
9662.5 0.67767
9664.0 0.75471
9665.5 0.62361
9667.0 0.50843
9668.5 0.57723
9670.0 0.60002
9671.5 0.59993
9673.0 0.65499
9674.5 0.7202
9676.0 0.70528
9677.5 0.67833
9679.0 0.59277
9680.5 0.73443
9682.0 0.85542
9683.5 0.63888
9685.0 0.57383
9686.5 0.69388
9688.0 0.62752
9689.5 0.49883
9691.0 0.63625
9692.5 0.89507
9694.0 0.84622
9695.5 0.6767
9697.0 0.539
9698.5 0.51196
9700.0 0.8791
9701.5 0.90656
9703.0 0.76149
9704.5 0.74547
9706.0 0.7152
9707.5 0.6632
9709.0 0.98555
9710.5 0.89948
9712.0 0.72612
9713.5 0.7307
9715.0 0.65495
9716.5 0.49238
9718.0 0.67855
9719.5 0.66847
9721.0 0.75402
9722.5 0.88044
9724.0 0.76638
9725.5 0.62611
9727.0 0.59569
9728.5 0.78989
9730.0 0.76564
9731.5 0.61151
9733.0 0.74347
9734.5 0.61666
9736.0 0.55547
9737.5 0.80002
9739.0 0.7937
9740.5 0.76282
9742.0 0.78726
9743.5 0.71006
9745.0 0.77244
9746.5 0.82949
9748.0 0.75877
9749.5 0.73173
9751.0 0.68852
9752.5 0.73558
9754.0 0.91042
9755.5 0.87409
9757.0 0.73049
9758.5 0.65735
9760.0 0.72462
9761.5 0.67586
9763.0 0.5892
9764.5 0.62745
9766.0 0.72539
9767.5 0.70125
9769.0 0.60283
9770.5 0.65777
9772.0 0.74208
9773.5 0.63604
9775.0 0.69536
9776.5 0.6373
9778.0 0.72481
9779.5 0.77246
9781.0 0.72996
9782.5 0.66205
9784.0 0.65473
9785.5 0.82224
9787.0 0.87182
9788.5 0.74617
9790.0 0.7187
9791.5 0.83448
9793.0 0.74247
9794.5 0.43848
9796.0 0.47377
9797.5 0.68136
9799.0 0.79855
9800.5 0.84576
9802.0 0.72136
9803.5 0.59806
9805.0 0.64622
9806.5 0.65955
9808.0 0.67671
9809.5 0.76333
9811.0 0.65016
9812.5 0.59424
9814.0 0.76759
9815.5 0.68815
9817.0 0.65421
9818.5 0.74858
9820.0 0.71918
9821.5 0.66563
9823.0 0.72379
9824.5 0.83109
9826.0 0.67688
9827.5 0.67722
9829.0 0.6054
9830.5 0.62488
9832.0 0.88846
9833.5 0.70183
9835.0 0.5503
9836.5 0.66012
9838.0 0.83962
9839.5 0.76574
9841.0 0.79012
9842.5 0.89857
9844.0 0.98023
9845.5 0.81687
9847.0 0.58622
9848.5 0.61005
9850.0 0.62789
9851.5 0.70272
9853.0 0.65143
9854.5 0.63866
9856.0 0.67804
9857.5 0.7291
9859.0 0.71451
9860.5 0.77771
9862.0 0.82457
9863.5 0.83295
9865.0 0.89038
9866.5 0.95026
9868.0 0.97072
9869.5 0.95655
9871.0 0.94654
9872.5 0.84174
9874.0 0.89744
9875.5 1.14942
9877.0 1.01482
9878.5 0.70022
9880.0 0.67022
9881.5 0.74065
9883.0 0.79598
9884.5 0.74576
9886.0 0.89577
9887.5 0.92946
9889.0 0.92843
9890.5 0.79711
9892.0 0.6279
9893.5 0.75842
9895.0 0.75375
9896.5 0.95075
9898.0 0.77614
9899.5 0.57732
9901.0 0.67932
9902.5 0.72484
9904.0 0.76092
9905.5 0.76334
9907.0 0.73083
9908.5 0.79634
9910.0 0.58569
9911.5 0.99105
9913.0 1.17646
9914.5 1.00321
9916.0 0.84459
9917.5 0.94467
9919.0 0.62003
9920.5 0.60885
9922.0 0.77023
9923.5 0.58101
9925.0 0.44945
9926.5 0.56442
9928.0 0.77304
9929.5 0.65703
9931.0 0.52454
9932.5 0.66704
9934.0 0.63956
9935.5 0.50968
9937.0 0.54416
9938.5 0.78371
9940.0 0.71608
9941.5 0.35019
9943.0 0.36792
9944.5 1.09764
9946.0 1.0638
9947.5 0.8264
9949.0 0.83828
9950.5 0.39813
9952.0 0.28974
9953.5 0.80256
9955.0 0.8381
9956.5 0.54983
9958.0 0.30609
9959.5 0.15148
9961.0 0.42897
9962.5 0.60657
9964.0 0.80117
9965.5 0.70223
9967.0 0.52644
9968.5 0.78716
9970.0 0.73671
9971.5 0.77304
9973.0 0.87448
9974.5 0.86634
9976.0 0.8881
9977.5 0.73952
9979.0 0.67367
9980.5 0.62894
9982.0 0.58932
9983.5 0.68974
9985.0 0.6817
9986.5 0.61036
9988.0 0.72587
9989.5 0.82064
9991.0 0.80114
9992.5 0.82681
9994.0 0.81169
9995.5 0.78061
9997.0 0.77671
9998.5 0.69556
10000.0 0.56137
10001.5 0.69213
10003.0 0.61115
10004.5 0.66716
10006.0 0.6656
10007.5 0.72537
10009.0 0.7048
10010.5 0.93486
10012.0 0.2578
10013.5 0.03821
10015.0 0.55027
10016.5 0.58004
10018.0 0.61577
10019.5 0.64033
10021.0 0.56103
10022.5 0.7896
10024.0 0.76786
10025.5 0.60456
10027.0 0.28119
10028.5 0.58164
10030.0 0.68104
10031.5 0.72447
10033.0 0.7762
10034.5 0.72751
10036.0 0.67117
10037.5 0.70243
10039.0 0.69205
10040.5 0.64344
10042.0 0.78448
10043.5 0.85046
10045.0 0.73276
10046.5 0.73452
10048.0 0.74315
10049.5 0.66398
10051.0 0.65073
10052.5 0.74214
10054.0 0.73073
10055.5 0.53775
10057.0 0.70429
10058.5 0.88013
10060.0 0.63505
10061.5 0.59341
10063.0 0.80811
10064.5 0.87667
10066.0 0.76976
10067.5 0.68544
10069.0 0.77982
10070.5 0.72773
10072.0 0.69935
10073.5 0.82746
10075.0 0.92307
10076.5 1.10472
10078.0 0.75841
10079.5 0.64603
10081.0 0.81469
10082.5 0.58578
10084.0 0.57542
10085.5 0.65025
10087.0 0.57158
10088.5 0.38883
10090.0 0.39335
10091.5 0.65578
10093.0 0.63776
10094.5 0.42316
10096.0 0.50822
10097.5 0.62673
10099.0 0.51471
10100.5 0.66849
10102.0 0.83119
10103.5 0.58936
10105.0 0.38289
10106.5 0.41425
10108.0 0.60905
10109.5 0.71271
10111.0 0.73993
10112.5 0.86101
10114.0 0.78934
10115.5 0.74644
10117.0 0.74593
10118.5 0.74743
10120.0 0.65925
10121.5 0.72058
10123.0 1.07839
10124.5 0.39377
10126.0 -0.02816
10127.5 0.57442
10129.0 0.49072
10130.5 0.66247
10132.0 0.8247
10133.5 0.77363
10135.0 0.71996
10136.5 0.51048
10138.0 0.64855
10139.5 0.73094
10141.0 0.72357
10142.5 0.68088
10144.0 0.73485
10145.5 0.82064
10147.0 0.74686
10148.5 0.38302
10150.0 0.64647
10151.5 0.6846
10153.0 0.22446
10154.5 0.00014
10156.0 0.44547
10157.5 0.50598
10159.0 0.83283
10160.5 1.19825
10162.0 0.90882
10163.5 0.93562
10165.0 1.12889
10166.5 0.95978
10168.0 1.05025
10169.5 1.15224
10171.0 0.47927
10172.5 0.10024
10174.0 0.68945
10175.5 0.63762
10177.0 0.40338
10178.5 1.06846
10180.0 1.20907
10181.5 0.78583
10183.0 0.8961
10184.5 1.12055
10186.0 0.8953
10187.5 1.24719
10189.0 1.33237
10190.5 0.69585
10192.0 0.16798
10193.5 1.22784
10195.0 0.80724
10196.5 1.14176
10198.0 0.65941
10199.5 0.6446
10201.0 0.63133
10202.5 0.46369
10204.0 0.43609
10205.5 1.08617
10207.0 1.05343
10208.5 1.17407
10210.0 0.74639
10211.5 0.58825
10213.0 0.68873
10214.5 0.40569
10216.0 0.45831
10217.5 0.6205
10219.0 0.36006
10220.5 0.48786
10222.0 1.01509
10223.5 1.04722
10225.0 0.95687
10226.5 0.72871
10228.0 0.88506
10229.5 1.11685
10231.0 0.89345
10232.5 0.65869
10234.0 0.13331
10235.5 0.08814
10237.0 0.48886
10238.5 0.78254
10240.0 0.40314
10241.5 0.95007
10243.0 1.08844
10244.5 0.58187
10246.0 0.86055
10247.5 0.81907
10249.0 0.44169
10250.5 0.46732
10252.0 0.32675
10253.5 0.18889
10255.0 0.6872
10256.5 0.1623
10258.0 0.29781
10259.5 0.4296
10261.0 0.36126
10262.5 0.72406
10264.0 1.43599
10265.5 1.26634
10267.0 1.13978
10268.5 0.56508
10270.0 0.61884
10271.5 0.53786
10273.0 0.63904
10274.5 0.35995
10276.0 0.65701
10277.5 0.66501
10279.0 0.68341
10280.5 0.64437
10282.0 1.10762
10283.5 1.4187
10285.0 1.30778
10286.5 1.58532
10288.0 1.54538
10289.5 1.82547
10291.0 2.47082
10292.5 1.11974
10294.0 0.13778
10295.5 1.58803
10297.0 1.34449
10298.5 0.02222
10300.0 0.43616
10301.5 0.86688
10303.0 0.56775
10304.5 -0.11351
10306.0 0.71263
10307.5 1.24773
10309.0 0.76973
10310.5 0.13193
10312.0 0.15747
10313.5 0.68022
10315.0 -0.04745
10316.5 0.15277
10318.0 0.55846
10319.5 0.28745
10321.0 -0.20913
10322.5 0.90874
10324.0 0.72398
10325.5 1.17924
10327.0 0.53384
10328.5 0.6398
10330.0 0.59805
10331.5 0.46932
10333.0 0.67823
10334.5 0.67445
10336.0 0.49282
10337.5 0.0641
10339.0 0.15973
10340.5 0.47343
10342.0 0.73914
10343.5 0.53053
10345.0 0.8851
10346.5 1.54478
10348.0 0.87974
10349.5 0.11765
10351.0 0.3462
10352.5 0.75969
10354.0 0.76651
10355.5 0.75503
10357.0 1.1189
10358.5 0.863
10360.0 0.7553
10361.5 0.77726
10363.0 0.19039
10364.5 0.26714
10366.0 0.41492
10367.5 1.07615
10369.0 1.56455
10370.5 1.11532
10372.0 -0.0761
10373.5 0.8889
10375.0 1.24513
10376.5 -0.29921
10378.0 0.52772
10379.5 1.03981
10381.0 0.48689
10382.5 -0.32603
10384.0 0.18372
10385.5 0.54707
10387.0 -0.15327
10388.5 0.26473
10390.0 1.19103
10391.5 1.09286
10393.0 -0.11422
10394.5 -0.17605
10396.0 0.5161
10397.5 -0.01632
10399.0 -0.39463
10400.5 0.73393
10402.0 1.24079
10403.5 0.5856
10405.0 1.08555
10406.5 1.47131
10408.0 0.32065
10409.5 0.03639
10411.0 0.78503
10412.5 0.55341
10414.0 -0.12771
10415.5 0.313
10417.0 0.91969
10418.5 0.14319
10420.0 0.24923
10421.5 1.6032
10423.0 1.02828
10424.5 -0.54096
10426.0 -0.18567
10427.5 1.34156
10429.0 0.94576
10430.5 0.7995
10432.0 0.85694
10433.5 0.45388
10435.0 0.01624
10436.5 0.49494
10438.0 1.47233
10439.5 0.83791
10441.0 0.08606
10442.5 0.63354
10444.0 0.63134
10445.5 0.07747
10447.0 0.94505
10448.5 1.1584
10450.0 0.47403
10451.5 0.87338
10453.0 0.9738
10454.5 0.62367
10456.0 0.69613
10457.5 0.58384
10459.0 1.10744
10460.5 0.33608
10462.0 -0.33761
10463.5 0.2539
10465.0 -0.13298
10466.5 0.2346
10468.0 2.20001
10469.5 1.96129
10471.0 0.16812
10472.5 0.01212
10474.0 0.70677
10475.5 1.3836
10477.0 1.66366
10478.5 1.40884
10480.0 0.6341
10481.5 -0.91787
10483.0 0.45863
10484.5 0.96447
10486.0 0.60905
10487.5 0.47932
10489.0 -0.10464
10490.5 0.87343
10492.0 -0.25068
10493.5 -0.26177
10495.0 0.73998
10496.5 0.70164
10498.0 1.02535
10499.5 1.65495
10501.0 0.35751
10502.5 0.17035
10504.0 0.83839
10505.5 0.37109
10507.0 -0.02951
10508.5 1.13101
10510.0 1.51847
10511.5 1.12498
10513.0 0.64959
10514.5 0.54768
10516.0 0.29818
10517.5 0.00862
10519.0 -0.18954
10520.5 0.66035
10522.0 0.91104
10523.5 0.19081
10525.0 -0.60957
10526.5 0.31261
10528.0 1.57123
10529.5 1.1923
10531.0 0.64372
10532.5 0.65234
10534.0 0.4422
10535.5 0.08019
10537.0 1.04065
10538.5 1.42173
10540.0 -0.6058
10541.5 -0.75372
10543.0 -0.57561
10544.5 -0.43507
10546.0 0.01798
10547.5 0.53919
10549.0 0.5225
10550.5 -0.42425
10552.0 1.18634
10553.5 0.00223
10555.0 0.06192
10556.5 -1.10415
10558.0 0.30013
10559.5 1.19512
10561.0 -0.27607
10562.5 0.27673
10564.0 0.92699
10565.5 -0.49692
10567.0 0.29541
10568.5 1.11901
10570.0 0.65362
10571.5 -0.36822
10573.0 -0.25937
10574.5 0.33593
10576.0 0.62283
10577.5 1.07276
10579.0 1.14856
10580.5 0.64717
