#wave flux
4900.0 1.02358
4901.2002 2.56158
4902.3999 2.30028
4903.6001 1.30258
4904.7998 1.75769
4906.0 1.40374
4907.2002 2.76771
4908.3999 1.93676
4909.6001 2.99957
4910.7998 2.429
4912.0 2.05392
4913.2002 1.45661
4914.3999 1.35473
4915.6001 1.69894
4916.7998 2.06804
4918.0 2.2311
4919.2002 2.33236
4920.3999 2.23858
4921.6001 1.95701
4922.7998 1.8924
4924.0 1.31296
4925.2002 1.20897
4926.3999 1.94814
4927.6001 0.29511
4928.7998 0.89937
4930.0 2.44729
4931.2002 2.42647
4932.3999 1.43029
4933.6001 2.50418
4934.7998 0.5719
4936.0 1.13852
4937.2002 1.29506
4938.3999 1.54583
4939.6001 2.5846
4940.7998 1.42483
4942.0 1.66989
4943.2002 1.56389
4944.3999 1.75923
4945.6001 1.31563
4946.7998 1.81475
4948.0 1.75607
4949.2002 1.97477
4950.3999 0.04776
4951.6001 2.03185
4952.7998 2.49454
4954.0 1.80539
4955.2002 1.27574
4956.3999 1.57418
4957.6001 2.25916
4958.7998 1.81892
4960.0 1.98921
4961.2002 1.34492
4962.3999 2.27476
4963.6001 0.53271
4964.7998 1.08164
4966.0 1.24154
4967.2002 1.49341
4968.3999 0.93028
4969.6001 1.70715
4970.7998 1.65998
4972.0 1.62278
4973.2002 1.7924
4974.3999 2.51898
4975.6001 1.96545
4976.7998 1.95518
4978.0 1.68316
4979.2002 1.16722
4980.3999 1.48349
4981.6001 2.09987
4982.7998 1.8415
4984.0 1.35454
4985.2002 1.3804
4986.3999 1.90359
4987.6001 1.32012
4988.7998 1.63392
4990.0 1.48423
4991.2002 1.28234
4992.3999 1.08817
4993.6001 1.23371
4994.7998 1.84326
4996.0 2.00097
4997.2002 1.66425
4998.3999 1.51516
4999.6001 2.23741
5000.7998 2.51634
5002.0 1.89657
5003.2002 2.1977
5004.3999 2.09128
5005.6001 2.38001
5006.7998 1.58399
5008.0 2.34951
5009.2002 1.55863
5010.3999 2.6423
5011.6001 1.99197
5012.7998 1.79726
5014.0 1.29904
5015.2002 0.83676
5016.3999 1.22469
5017.6001 2.10438
5018.7998 1.66011
5020.0 1.34745
5021.2002 1.09119
5022.3999 1.89343
5023.6001 2.57608
5024.7998 1.97371
5026.0 1.62009
5027.2002 1.72403
5028.3999 1.44377
5029.6001 2.60222
5030.7998 1.44987
5032.0 2.38454
5033.2002 2.09316
5034.3999 1.98758
5035.6001 2.83762
5036.7998 1.35721
5038.0 0.96271
5039.2002 2.17541
5040.3999 2.49172
5041.6001 2.48052
5042.7998 1.77083
5044.0 2.59759
5045.2002 2.2157
5046.3999 1.35959
5047.6001 1.45145
5048.7998 2.08375
5050.0 1.66027
5051.2002 1.84539
5052.3999 2.75339
5053.6001 2.02665
5054.7998 2.22357
5056.0 2.26863
5057.2002 1.93637
5058.3999 1.29953
5059.6001 1.7163
5060.7998 1.97935
5062.0 1.28915
5063.2002 1.91905
5064.3999 1.34049
5065.6001 1.56055
5066.7998 1.96056
5068.0 2.28066
5069.2002 1.56123
5070.3999 1.79361
5071.6001 1.09662
5072.7998 1.71772
5074.0 2.3293
5075.2002 1.95577
5076.3999 1.98508
5077.6001 1.99442
5078.7998 0.95866
5080.0 2.24424
5081.2002 1.84731
5082.3999 1.3546
5083.6001 1.61444
5084.7998 2.36098
5086.0 1.62481
5087.2002 1.99229
5088.3999 1.59906
5089.6001 1.36165
5090.7998 2.21698
5092.0 1.95167
5093.2002 1.73418
5094.3999 2.16016
5095.6001 1.83205
5096.7998 1.29
5098.0 1.50776
5099.2002 1.47099
5100.3999 1.68712
5101.6001 2.17021
5102.7998 2.07045
5104.0 1.9028
5105.2002 1.02565
5106.3999 1.28142
5107.6001 1.1014
5108.7998 1.62978
5110.0 1.52585
5111.2002 2.20707
5112.3999 1.51183
5113.6001 2.40877
5114.7998 2.65659
5116.0 1.94223
5117.2002 1.51703
5118.3999 2.26639
5119.6001 1.67189
5120.7998 1.82971
5122.0 1.71557
5123.2002 2.21709
5124.3999 1.75514
5125.6001 1.28055
5126.7998 2.68713
5128.0 2.26609
5129.2002 2.01397
5130.3999 1.55747
5131.6001 1.6633
5132.7998 1.1462
5134.0 1.26377
5135.2002 0.38424
5136.3999 1.35361
5137.6001 1.49744
5138.7998 1.81846
5140.0 2.09097
5141.2002 1.61171
5142.3999 1.38743
5143.6001 1.59584
5144.7998 1.70174
5146.0 2.30232
5147.2002 1.88789
5148.3999 1.37847
5149.6001 1.38323
5150.7998 1.13865
5152.0 1.87076
5153.2002 2.07774
5154.3999 1.9371
5155.6001 1.4794
5156.7998 1.40312
5158.0 1.39687
5159.2002 1.92628
5160.3999 1.6655
5161.6001 1.65209
5162.7998 2.23527
5164.0 2.37217
5165.2002 1.57266
5166.3999 1.35956
5167.6001 1.68666
5168.7998 1.73454
5170.0 2.17351
5171.2002 2.25047
5172.3999 2.36377
5173.6001 0.7366
5174.7998 1.18261
5176.0 1.87154
5177.2002 1.26785
5178.3999 1.5195
5179.6001 2.03327
5180.7998 1.54661
5182.0 1.50228
5183.2002 2.48881
5184.3999 2.09608
5185.6001 2.24072
5186.7998 2.14279
5188.0 1.49939
5189.2002 1.66236
5190.3999 1.7436
5191.6001 2.22353
5192.7998 1.08481
5194.0 1.49564
5195.2002 1.85399
5196.3999 1.18216
5197.6001 1.39435
5198.7998 2.1486
5200.0 1.77557
5201.2002 1.71206
5202.3999 2.35092
5203.6001 2.20262
5204.7998 2.22487
5206.0 2.35734
5207.2002 1.69345
5208.3999 1.53218
5209.6001 1.86557
5210.7998 1.45828
5212.0 1.50772
5213.2002 1.7595
5214.3999 2.24222
5215.6001 0.91889
5216.7998 1.03778
5218.0 0.57096
5219.2002 1.49648
5220.3999 1.43491
5221.6001 1.92372
5222.7998 1.98726
5224.0 1.82322
5225.2002 1.43884
5226.3999 1.56431
5227.6001 1.43648
5228.7998 1.45536
5230.0 1.62641
5231.2002 1.29117
5232.3999 0.85781
5233.6001 0.88394
5234.7998 1.68421
5236.0 2.29314
5237.2002 1.54035
5238.3999 1.73548
5239.6001 1.56087
5240.7998 0.95109
5242.0 1.14259
5243.2002 1.8504
5244.3999 1.34618
5245.6001 1.67486
5246.7998 1.74357
5248.0 2.12422
5249.2002 1.84418
5250.3999 2.2597
5251.6001 1.06709
5252.7998 1.81642
5254.0 1.42487
5255.2002 1.82298
5256.3999 2.22707
5257.6001 1.40223
5258.7998 1.64931
5260.0 1.89911
5261.2002 1.8762
5262.3999 1.45261
5263.6001 2.09488
5264.7998 1.74683
5266.0 1.2924
5267.2002 1.56466
5268.3999 1.70371
5269.6001 1.94023
5270.7998 1.15021
5272.0 1.96697
5273.2002 1.35261
5274.3999 1.6432
5275.6001 1.61793
5276.7998 1.80193
5278.0 2.19971
5279.2002 1.39648
5280.3999 1.44968
5281.6001 1.74368
5282.7998 1.73595
5284.0 1.61406
5285.2002 1.71401
5286.3999 0.80917
5287.6001 1.48785
5288.7998 2.4044
5290.0 2.43326
5291.2002 1.6388
5292.3999 1.56932
5293.6001 1.69617
5294.7998 1.57291
5296.0 2.47529
5297.2002 2.13592
5298.3999 1.81578
5299.6001 1.44596
5300.7998 1.53872
5302.0 2.00522
5303.2002 1.45759
5304.3999 1.41197
5305.6001 1.25347
5306.7998 1.60666
5308.0 1.78397
5309.2002 1.59574
5310.3999 1.47781
5311.6001 1.72206
5312.7998 1.12918
5314.0 1.4923
5315.2002 1.41354
5316.3999 1.44201
5317.6001 1.62012
5318.7998 1.44055
5320.0 1.36681
5321.2002 1.37016
5322.3999 1.67301
5323.6001 2.11135
5324.7998 1.40275
5326.0 1.27436
5327.2002 1.72102
5328.3999 1.02167
5329.6001 1.55267
5330.7998 2.20544
5332.0 1.59425
5333.2002 1.19666
5334.3999 1.30688
5335.6001 0.94754
5336.7998 0.38266
5338.0 1.62072
5339.2002 1.17714
5340.3999 1.36328
5341.6001 1.09512
5342.7998 1.47835
5344.0 1.30602
5345.2002 1.23443
5346.3999 0.99164
5347.6001 1.13987
5348.7998 1.30367
5350.0 0.83841
5351.2002 1.43365
5352.3999 0.9683
5353.6001 1.29726
5354.7998 0.85548
5356.0 1.27998
5357.2002 1.21742
5358.3999 1.5495
5359.6001 1.19819
5360.7998 1.88259
5362.0 0.79801
5363.2002 1.50411
5364.3999 1.08866
5365.6001 1.57637
5366.7998 1.0421
5368.0 1.63486
5369.2002 1.55638
5370.3999 1.94015
5371.6001 1.6686
5372.7998 1.53696
5374.0 1.08342
5375.2002 1.78752
5376.3999 1.72269
5377.6001 1.17373
5378.7998 2.11785
5380.0 2.32378
5381.2002 1.0673
5382.3999 1.33527
5383.6001 1.02874
5384.7998 1.2281
5386.0 1.55377
5387.2002 1.46519
5388.3999 2.00368
5389.6001 1.7535
5390.7998 1.2293
5392.0 1.31905
5393.2002 1.67546
5394.3999 1.23311
5395.6001 1.37285
5396.7998 1.27695
5398.0 1.11846
5399.2002 1.91989
5400.3999 1.29371
5401.6001 1.62866
5402.7998 0.95032
5404.0 1.07716
5405.2002 1.05495
5406.3999 1.28672
5407.6001 1.32855
5408.7998 1.39012
5410.0 1.33196
5411.2002 1.1605
5412.3999 1.53887
5413.6001 1.64938
5414.7998 1.75514
5416.0 0.99746
5417.2002 0.83326
5418.3999 1.14766
5419.6001 1.52402
5420.7998 1.61572
5422.0 1.34659
5423.2002 1.16638
5424.3999 0.80691
5425.6001 1.78719
5426.7998 1.44354
5428.0 0.60764
5429.2002 1.62209
5430.3999 1.61406
5431.6001 0.66285
5432.7998 1.29568
5434.0 0.86886
5435.2002 0.92016
5436.3999 1.51302
5437.6001 1.70326
5438.7998 1.44015
5440.0 1.14434
5441.2002 1.00056
5442.3999 1.71848
5443.6001 1.5993
5444.7998 1.48205
5446.0 1.49853
5447.2002 1.43189
5448.3999 1.53326
5449.6001 1.5782
5450.7998 1.38988
5452.0 0.77314
5453.2002 1.38921
5454.3999 1.31788
5455.6001 0.73775
5456.7998 1.36544
5458.0 1.50247
5459.2002 2.14556
5460.3999 1.27677
5461.6001 1.33212
5462.7998 1.23239
5464.0 1.13865
5465.2002 1.34923
5466.3999 2.15483
5467.6001 0.9326
5468.7998 1.46823
5470.0 1.79818
5471.2002 1.83826
5472.3999 1.56056
5473.6001 1.47055
5474.7998 1.44403
5476.0 1.61204
5477.2002 1.12771
5478.3999 1.63175
5479.6001 1.53062
5480.7998 1.4355
5482.0 1.38531
5483.2002 1.4629
5484.3999 1.15807
5485.6001 1.63025
5486.7998 1.69765
5488.0 1.38343
5489.2002 1.39051
5490.3999 2.0057
5491.6001 1.01895
5492.7998 1.74678
5494.0 1.8659
5495.2002 1.17853
5496.3999 0.94726
5497.6001 1.33928
5498.7998 1.86866
5500.0 1.96669
5501.2002 1.25454
5502.3999 1.57295
5503.6001 1.45778
5504.7998 0.93603
5506.0 0.94428
5507.2002 1.65413
5508.3999 1.46445
5509.6001 1.58937
5510.7998 1.985
5512.0 1.64583
5513.2002 1.38841
5514.3999 2.01419
5515.6001 1.2108
5516.7998 1.28764
5518.0 1.16918
5519.2002 1.40547
5520.3999 0.65966
5521.6001 0.92107
5522.7998 1.48379
5524.0 1.25018
5525.2002 1.1186
5526.3999 1.85177
5527.6001 1.38151
5528.7998 1.45768
5530.0 1.53274
5531.2002 1.04491
5532.3999 1.28548
5533.6001 1.3942
5534.7998 1.09898
5536.0 0.64474
5537.2002 0.83068
5538.3999 1.33497
5539.6001 1.47741
5540.7998 1.33433
5542.0 0.86493
5543.2002 0.95442
5544.3999 1.82768
5545.6001 0.73559
5546.7998 1.02817
5548.0 1.31443
5549.2002 1.34699
5550.3999 1.49798
5551.6001 1.79966
5552.7998 1.82266
5554.0 1.76885
5555.2002 1.9544
5556.3999 1.72263
5557.6001 1.70258
5558.7998 1.65032
5560.0 1.14424
5561.2002 0.88986
5562.3999 0.70023
5563.6001 1.65949
5564.7998 1.6301
5566.0 1.36354
5567.2002 1.94497
5568.3999 1.78143
5569.6001 1.77683
5570.7998 1.76854
5572.0 1.76026
5573.2002 1.752
5574.3999 1.74375
5575.6001 1.73551
5576.7998 1.72729
5578.0 1.71909
5579.2002 1.71089
5580.3999 1.70272
5581.6001 1.69455
5582.7998 1.86758
5584.0 1.46573
5585.2002 1.95413
5586.3999 1.49
5587.6001 1.86145
5588.7998 1.62135
5590.0 1.78806
5591.2002 1.30265
5592.3999 1.77308
5593.6001 1.39889
5594.7998 1.09704
5596.0 1.17543
5597.2002 1.09651
5598.3999 1.90203
5599.6001 1.366
5600.7998 2.14817
5602.0 1.56659
5603.2002 1.01688
5604.3999 1.69376
5605.6001 1.0159
5606.7998 1.1424
5608.0 1.75807
5609.2002 1.88442
5610.3999 1.41298
5611.6001 1.30405
5612.7998 1.55708
5614.0 1.36389
5615.2002 2.06565
5616.3999 1.44797
5617.6001 1.10306
5618.7998 1.54476
5620.0 1.51384
5621.2002 1.83744
5622.3999 1.40317
5623.6001 1.93619
5624.7998 1.36031
5626.0 1.94729
5627.2002 1.76399
5628.3999 2.21141
5629.6001 1.09296
5630.7998 1.27591
5632.0 0.92707
5633.2002 2.04678
5634.3999 1.11759
5635.6001 0.82849
5636.7998 1.15737
5638.0 2.51091
5639.2002 1.50899
5640.3999 1.65845
5641.6001 1.98516
5642.7998 1.64563
5644.0 2.26487
5645.2002 1.73739
5646.3999 1.50485
5647.6001 1.22169
5648.7998 1.24903
5650.0 0.82457
5651.2002 1.59916
5652.3999 1.50222
5653.6001 1.31601
5654.7998 1.54182
5656.0 2.05511
5657.2002 2.2184
5658.3999 1.33675
5659.6001 1.56713
5660.7998 1.41768
5662.0 2.27112
5663.2002 1.72992
5664.3999 1.92241
5665.6001 2.1784
5666.7998 1.3115
5668.0 1.3362
5669.2002 1.53841
5670.3999 1.51039
5671.6001 2.02872
5672.7998 2.39075
5674.0 1.63442
5675.2002 2.15244
5676.3999 1.34947
5677.6001 1.5543
5678.7998 2.03451
5680.0 2.25538
5681.2002 2.12455
5682.3999 1.30363
5683.6001 1.75737
5684.7998 2.11858
5686.0 1.9651
5687.2002 1.1402
5688.3999 1.62812
5689.6001 1.8488
5690.7998 1.53015
5692.0 1.1973
5693.2002 0.9715
5694.3999 1.07213
5695.6001 1.81278
5696.7998 1.82015
5698.0 2.17681
5699.2002 1.72358
5700.3999 1.31383
5701.6001 1.79336
5702.7998 2.21157
5704.0 2.06701
5705.2002 2.03359
5706.3999 1.903
5707.6001 1.59186
5708.7998 1.66284
5710.0 1.66553
5711.2002 1.77837
5712.3999 1.67501
5713.6001 1.38986
5714.7998 1.7965
5716.0 1.55363
5717.2002 1.86425
5718.3999 1.64578
5719.6001 1.19853
5720.7998 1.32342
5722.0 1.86633
5723.2002 1.62498
5724.3999 1.62472
5725.6001 1.19717
5726.7998 1.60157
5728.0 1.36427
5729.2002 1.13751
5730.3999 1.4705
5731.6001 1.40343
5732.7998 1.62435
5734.0 1.14267
5735.2002 1.5403
5736.3999 1.17536
5737.6001 1.56724
5738.7998 1.43605
5740.0 1.376
5741.2002 1.22401
5742.3999 1.86742
5743.6001 1.54528
5744.7998 1.22671
5746.0 1.32713
5747.2002 1.59993
5748.3999 1.10642
5749.6001 0.97893
5750.7998 0.85145
5752.0 1.68916
5753.2002 1.14801
5754.3999 1.79985
5755.6001 1.46219
5756.7998 0.98317
5758.0 1.77911
5759.2002 1.08389
5760.3999 1.29466
5761.6001 1.14945
5762.7998 1.41167
5764.0 1.8819
5765.2002 1.18381
5766.3999 0.95368
5767.6001 1.2905
5768.7998 1.15125
5770.0 1.51102
5771.2002 1.44901
5772.3999 1.24162
5773.6001 1.46736
5774.7998 1.2687
5776.0 1.13967
5777.2002 1.35274
5778.3999 1.59322
5779.6001 1.53181
5780.7998 1.3504
5782.0 0.71796
5783.2002 1.68956
5784.3999 1.61767
5785.6001 1.36436
5786.7998 1.21726
5788.0 1.53169
5789.2002 0.94365
5790.3999 1.21112
5791.6001 1.02434
5792.7998 1.89919
5794.0 1.499
5795.2002 0.87954
5796.3999 1.57986
5797.6001 0.89278
5798.7998 1.33624
5800.0 1.0404
5801.2002 1.36371
5802.3999 1.75959
5803.6001 0.97035
5804.7998 1.69501
5806.0 1.05416
5807.2002 1.4957
5808.3999 1.08988
5809.6001 1.19273
5810.7998 1.4175
5812.0 2.24874
5813.2002 1.61085
5814.3999 1.05442
5815.6001 1.29772
5816.7998 1.22735
5818.0 0.7733
5819.2002 1.49966
5820.3999 1.15376
5821.6001 1.17809
5822.7998 1.62623
5824.0 1.40139
5825.2002 1.24187
5826.3999 1.29446
5827.6001 0.98233
5828.7998 1.41758
5830.0 1.28196
5831.2002 1.27524
5832.3999 1.69262
5833.6001 0.96161
5834.7998 1.70949
5836.0 0.99301
5837.2002 1.49648
5838.3999 1.19254
5839.6001 0.89088
5840.7998 1.65736
5842.0 1.28498
5843.2002 1.17723
5844.3999 1.46522
5845.6001 1.21365
5846.7998 1.37885
5848.0 1.02331
5849.2002 1.42059
5850.3999 1.3507
5851.6001 0.9333
5852.7998 0.91162
5854.0 0.98163
5855.2002 1.42188
5856.3999 1.68012
5857.6001 1.64601
5858.7998 1.73542
5860.0 1.23116
5861.2002 1.6189
5862.3999 0.89814
5863.6001 0.73999
5864.7998 1.48868
5866.0 1.36222
5867.2002 1.16282
5868.3999 1.21218
5869.6001 1.59508
5870.7998 0.97444
5872.0 1.95496
5873.2002 1.40932
5874.3999 1.68475
5875.6001 1.4904
5876.7998 1.7566
5878.0 2.03447
5879.2002 1.02028
5880.3999 0.9952
5881.6001 1.65824
5882.7998 1.1578
5884.0 1.67256
5885.2002 1.87036
5886.3999 1.8243
5887.6001 1.78079
5888.7998 1.73734
5890.0 1.69396
5891.2002 1.65063
5892.3999 1.60737
5893.6001 1.56417
5894.7998 1.52103
5896.0 1.47699
5897.2002 1.53813
5898.3999 1.65035
5899.6001 1.17084
5900.7998 0.96149
5902.0 1.1001
5903.2002 1.77796
5904.3999 1.50532
5905.6001 1.47245
5906.7998 1.20157
5908.0 1.34703
5909.2002 0.87222
5910.3999 1.5564
5911.6001 1.84093
5912.7998 1.38801
5914.0 1.35188
5915.2002 1.63403
5916.3999 1.19898
5917.6001 1.65429
5918.7998 1.1037
5920.0 1.91816
5921.2002 1.83066
5922.3999 1.78412
5923.6001 1.79262
5924.7998 1.60462
5926.0 1.47122
5927.2002 0.98625
5928.3999 0.7098
5929.6001 1.30563
5930.7998 1.2238
5932.0 1.97801
5933.2002 1.64586
5934.3999 1.56711
5935.6001 1.11172
5936.7998 1.48506
5938.0 1.60278
5939.2002 2.12747
5940.3999 1.39867
5941.6001 1.13737
5942.7998 1.55712
5944.0 1.4226
5945.2002 1.41244
5946.3999 1.22862
5947.6001 1.77555
5948.7998 0.91902
5950.0 1.53671
5951.2002 1.1156
5952.3999 1.55837
5953.6001 1.44467
5954.7998 1.77867
5956.0 1.43394
5957.2002 0.86282
5958.3999 1.73827
5959.6001 0.94423
5960.7998 1.75353
5962.0 1.75895
5963.2002 1.98457
5964.3999 1.4637
5965.6001 0.83277
5966.7998 1.25612
5968.0 2.21524
5969.2002 0.99122
5970.3999 1.62465
5971.6001 1.40951
5972.7998 1.09289
5974.0 0.9168
5975.2002 1.00394
5976.3999 1.13812
5977.6001 1.27756
5978.7998 1.42211
5980.0 1.43095
5981.2002 1.37388
5982.3999 1.263
5983.6001 0.71214
5984.7998 1.3177
5986.0 0.94734
5987.2002 1.27191
5988.3999 1.45413
5989.6001 0.97042
5990.7998 1.48487
5992.0 1.68924
5993.2002 1.27049
5994.3999 0.48596
5995.6001 1.95408
5996.7998 1.47015
5998.0 0.87036
5999.2002 1.0678
6000.3999 1.32626
6001.6001 1.2403
6002.7998 1.92014
6004.0 1.32863
6005.2002 0.88235
6006.3999 1.11921
6007.6001 1.30224
6008.7998 1.48072
6010.0 1.35836
6011.2002 1.70242
6012.3999 1.53517
6013.6001 1.573
6014.7998 0.90803
6016.0 1.23699
6017.2002 1.41079
6018.3999 1.4258
6019.6001 1.35134
6020.7998 1.23848
6022.0 1.49363
6023.2002 1.44044
6024.3999 1.15337
6025.6001 0.94549
6026.7998 1.68223
6028.0 1.46135
6029.2002 1.59913
6030.3999 1.32806
6031.6001 1.71168
6032.7998 1.51948
6034.0 1.25734
6035.2002 0.98225
6036.3999 1.28516
6037.6001 1.2774
6038.7998 0.93661
6040.0 1.01737
6041.2002 1.77157
6042.3999 1.69203
6043.6001 1.65462
6044.7998 0.5751
6046.0 0.66425
6047.2002 1.65699
6048.3999 1.28016
6049.6001 1.07306
6050.7998 1.30878
6052.0 1.36383
6053.2002 1.45681
6054.3999 1.17845
6055.6001 1.17534
6056.7998 1.49215
6058.0 1.44243
6059.2002 1.61734
6060.3999 1.06421
6061.6001 1.19433
6062.7998 1.31256
6064.0 1.55547
6065.2002 1.10445
6066.3999 1.33327
6067.6001 1.81785
6068.7998 1.58946
6070.0 1.70332
6071.2002 1.21554
6072.3999 1.03295
6073.6001 1.53558
6074.7998 1.43662
6076.0 1.50215
6077.2002 1.38272
6078.3999 1.39676
6079.6001 1.27311
6080.7998 1.68242
6082.0 1.34359
6083.2002 1.12391
6084.3999 1.41607
6085.6001 1.11359
6086.7998 1.3676
6088.0 1.25602
6089.2002 1.02927
6090.3999 1.24017
6091.6001 1.10884
6092.7998 0.92133
6094.0 0.66128
6095.2002 1.01238
6096.3999 1.64485
6097.6001 1.05836
6098.7998 0.99535
6100.0 1.32573
6101.2002 1.45691
6102.3999 1.5382
6103.6001 1.17682
6104.7998 1.18305
6106.0 1.51892
6107.2002 1.03612
6108.3999 0.94904
6109.6001 0.9952
6110.7998 1.44618
6112.0 1.15241
6113.2002 1.25278
6114.3999 1.29729
6115.6001 1.73651
6116.7998 1.21461
6118.0 1.18624
6119.2002 1.25904
6120.3999 1.62596
6121.6001 1.67759
6122.7998 1.08366
6124.0 1.02923
6125.2002 1.58538
6126.3999 1.08622
6127.6001 0.42395
6128.7998 0.79208
6130.0 1.63246
6131.2002 1.00537
6132.3999 1.52343
6133.6001 1.3156
6134.7998 1.54306
6136.0 1.1772
6137.2002 1.16395
6138.3999 1.23847
6139.6001 1.45333
6140.7998 0.88074
6142.0 1.13208
6143.2002 0.82819
6144.3999 1.40193
6145.6001 1.30107
6146.7998 1.13357
6148.0 1.38666
6149.2002 1.31009
6150.3999 1.39593
6151.6001 1.34068
6152.7998 1.7614
6154.0 0.98321
6155.2002 0.77326
6156.3999 0.90375
6157.6001 1.63527
6158.7998 1.35919
6160.0 1.39939
6161.2002 1.33582
6162.3999 1.54649
6163.6001 1.31849
6164.7998 0.97675
6166.0 1.39507
6167.2002 1.71383
6168.3999 1.43649
6169.6001 1.16061
6170.7998 1.1392
6172.0 1.19039
6173.2002 1.41665
6174.3999 1.09052
6175.6001 1.33501
6176.7998 1.20108
6178.0 1.13504
6179.2002 1.65767
6180.3999 1.37543
6181.6001 1.4124
6182.7998 1.44854
6184.0 1.36504
6185.2002 1.55152
6186.3999 1.29252
6187.6001 2.17442
6188.7998 0.35598
6190.0 0.88801
6191.2002 0.85147
6192.3999 0.45277
6193.6001 1.5732
6194.7998 1.63303
6196.0 1.70921
6197.2002 1.29127
6198.3999 1.66167
6199.6001 1.46382
6200.7998 0.85683
6202.0 1.07578
6203.2002 1.46736
6204.3999 1.67142
6205.6001 1.19843
6206.7998 1.36096
6208.0 1.77672
6209.2002 1.5338
6210.3999 0.76345
6211.6001 1.73538
6212.7998 1.50391
6214.0 1.47795
6215.2002 0.7731
6216.3999 1.44303
6217.6001 1.13325
6218.7998 0.92108
6220.0 1.07484
6221.2002 1.21064
6222.3999 1.9145
6223.6001 1.48539
6224.7998 1.14313
6226.0 1.23281
6227.2002 1.21132
6228.3999 1.28608
6229.6001 1.09256
6230.7998 1.42458
6232.0 1.87205
6233.2002 1.25778
6234.3999 1.0299
6235.6001 1.03228
6236.7998 0.86943
6238.0 1.41293
6239.2002 1.36483
6240.3999 1.30946
6241.6001 0.77247
6242.7998 1.04642
6244.0 1.00452
6245.2002 1.31255
6246.3999 1.04868
6247.6001 1.4739
6248.7998 1.83897
6250.0 1.3033
6251.2002 1.44738
6252.3999 1.05661
6253.6001 1.06244
6254.7998 1.442
6256.0 0.95148
6257.2002 1.29395
6258.3999 1.55312
6259.6001 1.13483
6260.7998 1.15109
6262.0 1.20345
6263.2002 1.28004
6264.3999 1.15927
6265.6001 1.34876
6266.7998 0.91909
6268.0 1.32136
6269.2002 0.91794
6270.3999 1.20609
6271.6001 1.36251
6272.7998 1.05839
6274.0 0.66284
6275.2002 0.84765
6276.3999 0.75819
6277.6001 0.81782
6278.7998 0.97498
6280.0 1.16194
6281.2002 1.4478
6282.3999 1.49387
6283.6001 0.88282
6284.7998 0.77052
6286.0 1.4238
6287.2002 0.73405
6288.3999 1.73931
6289.6001 0.90674
6290.7998 1.32502
6292.0 0.8594
6293.2002 1.24859
6294.3999 1.59473
6295.6001 1.04048
6296.7998 0.87125
6298.0 0.11812
6299.2002 1.74944
6300.3999 1.57928
6301.6001 1.84185
6302.7998 2.18122
6304.0 0.78604
6305.2002 1.44751
6306.3999 0.76726
6307.6001 0.98169
6308.7998 1.1308
6310.0 1.41387
6311.2002 1.32213
6312.3999 0.9615
6313.6001 1.54522
6314.7998 1.04324
6316.0 1.20185
6317.2002 1.45441
6318.3999 0.99663
6319.6001 1.0433
6320.7998 1.19193
6322.0 1.30123
6323.2002 1.72144
6324.3999 1.20052
6325.6001 1.1716
6326.7998 0.96846
6328.0 0.95918
6329.2002 0.62985
6330.3999 1.24029
6331.6001 1.93953
6332.7998 0.81183
6334.0 0.95933
6335.2002 2.04447
6336.3999 1.14558
6337.6001 1.24836
6338.7998 1.39737
6340.0 1.19324
6341.2002 1.00083
6342.3999 0.72097
6343.6001 1.02999
6344.7998 1.20634
6346.0 1.11186
6347.2002 1.33001
6348.3999 1.67701
6349.6001 1.51112
6350.7998 1.15642
6352.0 1.13195
6353.2002 1.05752
6354.3999 0.98696
6355.6001 0.90919
6356.7998 0.75289
6358.0 1.4698
6359.2002 1.03189
6360.3999 1.1378
6361.6001 0.59654
6362.7998 0.13081
6364.0 0.74523
6365.2002 1.00006
6366.3999 1.63367
6367.6001 1.20161
6368.7998 1.61506
6370.0 1.19264
6371.2002 1.07086
6372.3999 0.52022
6373.6001 0.6801
6374.7998 0.60278
6376.0 0.85589
6377.2002 1.12139
6378.3999 1.08394
6379.6001 1.1247
6380.7998 1.38479
6382.0 1.40961
6383.2002 1.41684
6384.3999 1.12654
6385.6001 1.05842
6386.7998 0.80686
6388.0 1.11776
6389.2002 0.9512
6390.3999 0.91677
6391.6001 1.11418
6392.7998 1.06076
6394.0 0.54269
6395.2002 0.8243
6396.3999 1.11681
6397.6001 0.92099
6398.7998 0.85265
6400.0 0.8905
6401.2002 0.84883
6402.3999 1.4757
6403.6001 1.23152
6404.7998 1.12016
6406.0 0.37352
6407.2002 1.07432
6408.3999 1.44472
6409.6001 1.1423
6410.7998 1.00611
6412.0 0.96668
6413.2002 1.17241
6414.3999 1.5909
6415.6001 1.31955
6416.7998 1.72092
6418.0 1.23736
6419.2002 1.04124
6420.3999 1.33261
6421.6001 1.16133
6422.7998 1.13235
6424.0 1.39629
6425.2002 1.46432
6426.3999 1.04894
6427.6001 1.14762
6428.7998 1.07827
6430.0 1.28901
6431.2002 1.15308
6432.3999 1.27765
6433.6001 1.47751
6434.7998 0.93073
6436.0 1.2232
6437.2002 1.117
6438.3999 1.39605
6439.6001 1.4169
6440.7998 1.22116
6442.0 1.15244
6443.2002 0.99544
6444.3999 1.13511
6445.6001 0.88603
6446.7998 0.83835
6448.0 1.0065
6449.2002 1.24521
6450.3999 1.19921
6451.6001 0.98617
6452.7998 1.07793
6454.0 1.24122
6455.2002 1.12403
6456.3999 1.41613
6457.6001 1.50388
6458.7998 1.2902
6460.0 1.24071
6461.2002 1.29387
6462.3999 1.08843
6463.6001 0.66033
6464.7998 0.89704
6466.0 0.9652
6467.2002 0.81961
6468.3999 0.82123
6469.6001 0.52425
6470.7998 0.61302
6472.0 1.20183
6473.2002 1.17981
6474.3999 1.37022
6475.6001 1.65709
6476.7998 1.24476
6478.0 1.14616
6479.2002 1.17216
6480.3999 1.13721
6481.6001 1.37277
6482.7998 1.23389
6484.0 0.83322
6485.2002 1.11099
6486.3999 0.8072
6487.6001 1.46642
6488.7998 1.21795
6490.0 0.57449
6491.2002 0.84315
6492.3999 0.93455
6493.6001 0.9506
6494.7998 1.42794
6496.0 0.93245
6497.2002 0.4979
6498.3999 0.97365
6499.6001 1.28729
6500.7998 0.96233
6502.0 1.13824
6503.2002 0.63559
6504.3999 0.67919
6505.6001 1.59829
6506.7998 0.32214
6508.0 0.74363
6509.2002 0.74953
6510.3999 1.05466
6511.6001 1.10981
6512.7998 1.08255
6514.0 0.78788
6515.2002 1.27557
6516.3999 0.92312
6517.6001 1.05934
6518.7998 0.66061
6520.0 0.8412
6521.2002 0.91281
6522.3999 1.41801
6523.6001 1.4913
6524.7998 1.12543
6526.0 1.42235
6527.2002 1.37292
6528.3999 1.28993
6529.6001 0.82276
6530.7998 1.02127
6532.0 1.91408
6533.2002 1.12377
6534.3999 1.52188
6535.6001 0.98206
6536.7998 0.9083
6538.0 1.0436
6539.2002 1.03979
6540.3999 0.9329
6541.6001 0.96572
6542.7998 1.34182
6544.0 1.4706
6545.2002 1.1542
6546.3999 0.80937
6547.6001 1.19646
6548.7998 1.00129
6550.0 1.02202
6551.2002 0.93677
6552.3999 1.08538
6553.6001 0.61093
6554.7998 1.20976
6556.0 1.13215
6557.2002 1.41463
6558.3999 0.86009
6559.6001 0.93269
6560.7998 0.9872
6562.0 0.63495
6563.2002 0.77807
6564.3999 1.32462
6565.6001 1.27743
6566.7998 1.07775
6568.0 1.00313
6569.2002 1.11732
6570.3999 1.12044
6571.6001 0.90677
6572.7998 1.16081
6574.0 1.40812
6575.2002 1.31302
6576.3999 0.94472
6577.6001 1.59716
6578.7998 1.68412
6580.0 1.2127
6581.2002 1.25774
6582.3999 0.39156
6583.6001 1.12727
6584.7998 0.92201
6586.0 1.18307
6587.2002 0.96897
6588.3999 1.27466
6589.6001 1.22626
6590.7998 1.068
6592.0 0.93408
6593.2002 1.35784
6594.3999 0.86099
6595.6001 1.00427
6596.7998 1.03376
6598.0 1.04357
6599.2002 1.19985
6600.3999 1.36162
6601.6001 0.76001
6602.7998 1.03201
6604.0 1.38058
6605.2002 1.45364
6606.3999 0.83407
6607.6001 1.15705
6608.7998 1.2565
6610.0 0.859
6611.2002 1.36338
6612.3999 1.05019
6613.6001 0.86338
6614.7998 1.0346
6616.0 0.83739
6617.2002 0.96248
6618.3999 0.23492
6619.6001 0.90768
6620.7998 0.89997
6622.0 1.15333
6623.2002 0.87894
6624.3999 0.93144
6625.6001 1.04248
6626.7998 1.14289
6628.0 1.57011
6629.2002 1.11561
6630.3999 0.96394
6631.6001 1.10359
6632.7998 1.2622
6634.0 1.11077
6635.2002 1.00298
6636.3999 1.49428
6637.6001 0.91659
6638.7998 1.05195
6640.0 0.75213
6641.2002 1.20477
6642.3999 1.20929
6643.6001 0.91886
6644.7998 1.00182
6646.0 0.90152
6647.2002 1.11201
6648.3999 1.0563
6649.6001 0.77804
6650.7998 1.19189
6652.0 1.28615
6653.2002 1.26626
6654.3999 0.85853
6655.6001 0.82975
6656.7998 1.051
6658.0 0.91297
6659.2002 1.42319
6660.3999 0.80648
6661.6001 0.87236
6662.7998 1.25787
6664.0 1.23041
6665.2002 0.76394
6666.3999 1.05135
6667.6001 1.03707
6668.7998 1.51354
6670.0 1.26058
6671.2002 1.28015
6672.3999 1.50251
6673.6001 1.39313
6674.7998 1.12542
6676.0 0.70692
6677.2002 1.35344
6678.3999 1.21958
6679.6001 1.14449
6680.7998 1.46246
6682.0 0.92168
6683.2002 1.07203
6684.3999 1.17297
6685.6001 1.28168
6686.7998 0.98485
6688.0 1.31756
6689.2002 1.46253
6690.3999 1.58557
6691.6001 1.2425
6692.7998 1.22537
6694.0 1.27491
6695.2002 1.45216
6696.3999 1.31212
6697.6001 1.05265
6698.7998 0.99994
6700.0 1.05511
6701.2002 0.8747
6702.3999 1.12555
6703.6001 1.10995
6704.7998 1.19848
6706.0 1.06992
6707.2002 1.23326
6708.3999 1.33649
6709.6001 1.14843
6710.7998 1.04469
6712.0 1.31255
6713.2002 1.08417
6714.3999 1.24385
6715.6001 1.23512
6716.7998 0.91875
6718.0 0.75547
6719.2002 1.05318
6720.3999 1.23652
6721.6001 0.93581
6722.7998 1.09108
6724.0 1.22817
6725.2002 0.74756
6726.3999 1.33601
6727.6001 0.91469
6728.7998 1.40125
6730.0 1.12055
6731.2002 1.13386
6732.3999 1.33083
6733.6001 1.00424
6734.7998 1.32286
6736.0 0.70861
6737.2002 1.11985
6738.3999 1.69301
6739.6001 1.62526
6740.7998 1.20174
6742.0 1.1065
6743.2002 1.00126
6744.3999 1.25903
6745.6001 1.17513
6746.7998 1.35692
6748.0 1.04237
6749.2002 1.50189
6750.3999 1.67075
6751.6001 1.19353
6752.7998 1.00116
6754.0 1.51956
6755.2002 1.23269
6756.3999 1.73816
6757.6001 1.35385
6758.7998 1.41457
6760.0 1.13537
6761.2002 1.27353
6762.3999 0.9858
6763.6001 1.3885
6764.7998 1.41322
6766.0 1.34264
6767.2002 1.10587
6768.3999 1.18791
6769.6001 1.39918
6770.7998 1.41083
6772.0 1.19285
6773.2002 1.26621
6774.3999 1.44896
6775.6001 1.47661
6776.7998 1.56815
6778.0 1.5732
6779.2002 1.20118
6780.3999 0.77414
6781.6001 1.42847
6782.7998 1.15978
6784.0 1.2328
6785.2002 1.09392
6786.3999 1.03227
6787.6001 1.27223
6788.7998 1.36284
6790.0 1.26962
6791.2002 1.22754
6792.3999 1.12276
6793.6001 0.98906
6794.7998 1.2063
6796.0 1.19671
6797.2002 0.82683
6798.3999 1.23628
6799.6001 1.32832
6800.7998 1.40883
6802.0 1.35383
6803.2002 1.82798
6804.3999 1.5771
6805.6001 1.5984
6806.7998 1.44164
6808.0 1.67982
6809.2002 1.77382
6810.3999 1.99919
6811.6001 1.62095
6812.7998 1.55812
6814.0 1.62709
6815.2002 1.54897
6816.3999 1.9261
6817.6001 1.83741
6818.7998 1.73795
6820.0 1.95129
6821.2002 1.81576
6822.3999 2.01646
6823.6001 1.68017
6824.7998 2.00737
6826.0 1.65136
6827.2002 2.1153
6828.3999 1.92982
6829.6001 1.80391
6830.7998 1.57119
6832.0 2.76808
6833.2002 1.93709
6834.3999 2.28905
6835.6001 1.56382
6836.7998 1.51486
6838.0 1.59043
6839.2002 1.44645
6840.3999 1.65951
6841.6001 1.81635
6842.7998 1.66263
6844.0 1.39021
6845.2002 1.80427
6846.3999 2.27959
6847.6001 1.76856
6848.7998 1.94127
6850.0 1.95706
6851.2002 1.60154
6852.3999 1.73857
6853.6001 2.04195
6854.7998 1.91149
6856.0 1.88209
6857.2002 2.01239
6858.3999 2.00588
6859.6001 1.70922
6860.7998 1.54279
6862.0 1.96779
6863.2002 1.97957
6864.3999 1.51744
6865.6001 1.12769
6866.7998 1.68944
6868.0 1.25018
6869.2002 1.31576
6870.3999 1.29923
6871.6001 1.31575
6872.7998 1.42087
6874.0 1.33895
6875.2002 1.61891
6876.3999 1.70854
6877.6001 1.91253
6878.7998 2.09463
6880.0 1.09207
6881.2002 1.51775
6882.3999 1.44239
6883.6001 1.5821
6884.7998 1.32671
6886.0 0.4064
6887.2002 1.47419
6888.3999 1.49522
6889.6001 0.95915
6890.7998 0.46569
6892.0 0.55061
6893.2002 1.20625
6894.3999 0.92041
6895.6001 1.13854
6896.7998 1.81965
6898.0 1.33585
6899.2002 1.15451
6900.3999 1.42222
6901.6001 1.38385
6902.7998 1.36223
6904.0 1.1057
6905.2002 1.1972
6906.3999 1.46625
6907.6001 0.94394
6908.7998 0.79177
6910.0 0.91096
6911.2002 1.42602
6912.3999 1.03265
6913.6001 0.80917
6914.7998 0.88001
6916.0 0.83482
6917.2002 1.33364
6918.3999 1.17261
6919.6001 0.98205
6920.7998 1.06022
6922.0 1.001
6923.2002 0.36613
6924.3999 0.76225
6925.6001 1.29391
6926.7998 1.49316
6928.0 1.1662
6929.2002 1.608
6930.3999 1.26778
6931.6001 1.17129
6932.7998 1.66597
6934.0 1.54533
6935.2002 0.91187
6936.3999 1.07282
6937.6001 1.32714
6938.7998 1.2924
6940.0 0.80668
6941.2002 1.55572
6942.3999 0.94146
6943.6001 1.18321
6944.7998 1.05318
6946.0 1.22951
6947.2002 0.92218
6948.3999 0.9622
6949.6001 0.73731
6950.7998 1.50684
6952.0 1.1015
6953.2002 1.0559
6954.3999 1.07572
6955.6001 1.11279
6956.7998 1.53773
6958.0 1.35516
6959.2002 1.68398
6960.3999 1.25424
6961.6001 0.85958
6962.7998 1.18526
6964.0 1.33839
6965.2002 1.05335
6966.3999 0.71839
6967.6001 0.88008
6968.7998 0.94082
6970.0 0.88009
6971.2002 1.24074
6972.3999 1.60598
6973.6001 1.0826
6974.7998 0.49002
6976.0 1.12875
6977.2002 1.09294
6978.3999 1.07136
6979.6001 0.76485
6980.7998 1.60777
6982.0 0.98275
6983.2002 1.13506
6984.3999 0.98184
6985.6001 0.70926
6986.7998 0.96136
6988.0 1.00618
6989.2002 0.96147
6990.3999 1.18884
6991.6001 1.19543
6992.7998 1.01401
6994.0 1.13622
6995.2002 1.4407
6996.3999 1.35578
6997.6001 1.18102
6998.7998 0.90513
7000.0 0.66317
7001.2002 0.83989
7002.3999 0.72855
7003.6001 0.97604
7004.7998 0.47298
7006.0 0.99409
7007.2002 0.98352
7008.3999 0.99452
7009.6001 1.01406
7010.7998 0.82696
7012.0 1.36841
7013.2002 0.76373
7014.3999 1.06865
7015.6001 1.35337
7016.7998 1.20266
7018.0 0.65016
7019.2002 0.87661
7020.3999 1.09063
7021.6001 0.9849
7022.7998 0.97905
7024.0 1.01068
7025.2002 0.62649
7026.3999 1.11552
7027.6001 1.21392
7028.7998 0.99526
7030.0 1.2864
7031.2002 1.45941
7032.3999 1.16421
7033.6001 0.97613
7034.7998 0.74421
7036.0 1.15949
7037.2002 1.06195
7038.3999 1.31285
7039.6001 0.61936
7040.7998 0.5775
7042.0 1.31008
7043.2002 1.11577
7044.3999 1.06352
7045.6001 0.68501
7046.7998 1.03225
7048.0 1.18273
7049.2002 0.72972
7050.3999 0.94494
7051.6001 1.10561
7052.7998 1.62175
7054.0 0.85475
7055.2002 1.10569
7056.3999 1.22274
7057.6001 0.96389
7058.7998 0.89137
7060.0 0.78227
7061.2002 1.23356
7062.3999 0.93184
7063.6001 0.86332
7064.7998 0.95288
7066.0 0.87827
7067.2002 1.18918
7068.3999 1.40236
7069.6001 0.10896
7070.7998 1.26445
7072.0 1.02475
7073.2002 1.24019
7074.3999 1.21377
7075.6001 0.88178
7076.7998 1.11163
7078.0 1.11554
7079.2002 1.1513
7080.3999 1.2073
7081.6001 0.58212
7082.7998 1.04912
7084.0 0.61403
7085.2002 0.97943
7086.3999 1.26694
7087.6001 1.04513
7088.7998 1.13454
7090.0 0.49901
7091.2002 0.84765
7092.3999 0.91155
7093.6001 0.78623
7094.7998 0.69472
7096.0 0.8939
7097.2002 1.15307
7098.3999 0.97446
7099.6001 1.07693
7100.7998 1.35262
7102.0 0.96393
7103.2002 0.77903
7104.3999 0.8217
7105.6001 1.15083
7106.7998 0.86449
7108.0 1.02559
7109.2002 0.69442
7110.3999 1.41562
7111.6001 1.20286
7112.7998 0.64304
7114.0 0.8472
7115.2002 0.91993
7116.3999 1.29315
7117.6001 1.01778
7118.7998 1.06133
7120.0 0.63729
7121.2002 1.0426
7122.3999 0.92002
7123.6001 0.83799
7124.7998 0.87032
7126.0 1.0748
7127.2002 0.6521
7128.3999 1.37323
7129.6001 0.94738
7130.7998 0.71476
7132.0 0.97176
7133.2002 1.04915
7134.3999 1.47584
7135.6001 1.14804
7136.7998 0.96051
7138.0 1.29991
7139.2002 0.85011
7140.3999 0.61932
7141.6001 0.84191
7142.7998 0.616
7144.0 1.04515
7145.2002 1.10642
7146.3999 1.21732
7147.6001 0.97436
7148.7998 0.99379
7150.0 1.40342
7151.2002 1.3858
7152.3999 0.69124
7153.6001 1.09539
7154.7998 1.23093
7156.0 1.02165
7157.2002 0.51295
7158.3999 1.43623
7159.6001 0.93057
7160.7998 0.96138
7162.0 0.86656
7163.2002 1.03301
7164.3999 0.52486
7165.6001 0.99845
7166.7998 1.26109
7168.0 1.17421
7169.2002 0.85096
7170.3999 1.0354
7171.6001 1.06068
7172.7998 0.88322
7174.0 1.08302
7175.2002 1.33467
7176.3999 1.51184
7177.6001 0.9685
7178.7998 0.96365
7180.0 0.94867
7181.2002 1.29349
7182.3999 0.75786
7183.6001 0.66944
7184.7998 0.60025
7186.0 1.27671
7187.2002 1.07232
7188.3999 0.89338
7189.6001 0.82637
7190.7998 1.06605
7192.0 0.9241
7193.2002 1.35626
7194.3999 1.10169
7195.6001 0.9341
7196.7998 1.45403
7198.0 0.51129
7199.2002 1.26142
7200.3999 1.10785
7201.6001 0.97683
7202.7998 1.12915
7204.0 1.15516
7205.2002 1.23367
7206.3999 1.24172
7207.6001 1.05318
7208.7998 1.16431
7210.0 0.84538
7211.2002 0.97829
7212.3999 1.06874
7213.6001 0.36445
7214.7998 0.67638
7216.0 0.96664
7217.2002 0.95842
7218.3999 0.68274
7219.6001 0.99035
7220.7998 1.03728
7222.0 0.96146
7223.2002 0.87039
7224.3999 0.96719
7225.6001 1.02988
7226.7998 1.56163
7228.0 1.00266
7229.2002 0.81836
7230.3999 0.89049
7231.6001 1.62382
7232.7998 1.24356
7234.0 1.024
7235.2002 0.58143
7236.3999 0.76512
7237.6001 1.105
7238.7998 -0.02326
7240.0 0.32244
7241.2002 0.49129
7242.3999 1.11277
7243.6001 1.26391
7244.7998 1.49488
7246.0 0.39494
7247.2002 0.73384
7248.3999 0.77389
7249.6001 1.45098
7250.7998 0.82816
7252.0 0.40256
7253.2002 1.35801
7254.3999 0.32257
7255.6001 1.30576
7256.7998 1.002
7258.0 0.85543
7259.2002 0.53114
7260.3999 0.89831
7261.6001 0.80757
7262.7998 1.40679
7264.0 1.07981
7265.2002 0.65361
7266.3999 0.32322
7267.6001 0.7691
7268.7998 0.70258
7270.0 0.54356
7271.2002 0.72376
7272.3999 0.58358
7273.6001 1.60936
7274.7998 0.35653
7276.0 1.81604
7277.2002 1.47601
7278.3999 1.08526
7279.6001 0.7258
7280.7998 0.60718
7282.0 1.03481
7283.2002 1.24004
7284.3999 1.57441
7285.6001 0.45694
7286.7998 1.26085
7288.0 0.62002
7289.2002 0.73316
7290.3999 0.45187
7291.6001 0.59757
7292.7998 1.17016
7294.0 1.5826
7295.2002 0.8022
7296.3999 1.15713
7297.6001 1.03458
7298.7998 0.89744
7300.0 0.84976
7301.2002 0.24344
7302.3999 0.5882
7303.6001 1.05404
7304.7998 0.531
7306.0 0.72104
7307.2002 0.95604
7308.3999 0.63872
7309.6001 1.00708
7310.7998 0.79708
7312.0 0.82973
7313.2002 1.21595
7314.3999 1.50567
7315.6001 1.33963
7316.7998 0.8921
7318.0 1.51439
7319.2002 0.76581
7320.3999 0.99541
7321.6001 0.5876
7322.7998 0.71642
7324.0 0.75607
7325.2002 0.58777
7326.3999 0.81711
7327.6001 1.26132
7328.7998 0.88678
7330.0 0.47329
7331.2002 1.02133
7332.3999 0.88835
7333.6001 0.59938
7334.7998 0.98126
7336.0 0.99129
7337.2002 0.69243
7338.3999 0.60102
7339.6001 1.27153
7340.7998 1.12796
7342.0 1.19041
7343.2002 0.50494
7344.3999 0.27151
7345.6001 0.65783
7346.7998 0.81507
7348.0 0.57505
7349.2002 0.80654
7350.3999 0.83743
7351.6001 0.91325
7352.7998 0.6955
7354.0 1.0641
7355.2002 0.73094
7356.3999 0.82595
7357.6001 0.87832
7358.7998 0.93242
7360.0 1.51624
7361.2002 0.77928
7362.3999 0.93303
7363.6001 0.55387
7364.7998 0.48573
7366.0 0.52949
7367.2002 -0.06685
7368.3999 -0.09602
7369.6001 0.36973
7370.7998 1.11926
7372.0 0.9561
7373.2002 0.20499
7374.3999 0.3892
7375.6001 0.60128
7376.7998 0.60755
7378.0 0.78413
7379.2002 0.72211
7380.3999 0.46662
7381.6001 0.6268
7382.7998 0.0933
7384.0 0.35721
7385.2002 0.82401
7386.3999 0.6994
7387.6001 0.57447
7388.7998 0.90052
7390.0 0.74814
7391.2002 0.78505
7392.3999 0.67975
7393.6001 0.79968
7394.7998 0.97714
7396.0 0.70626
7397.2002 0.68035
7398.3999 0.83594
7399.6001 0.40124
7400.7998 0.27509
7402.0 0.66971
7403.2002 1.02523
7404.3999 0.57517
7405.6001 0.76687
7406.7998 0.45037
7408.0 0.72143
7409.2002 0.77565
7410.3999 0.68138
7411.6001 1.03143
7412.7998 0.92261
7414.0 0.70378
7415.2002 0.71499
7416.3999 0.55806
7417.6001 0.77424
7418.7998 0.93935
7420.0 0.89267
7421.2002 0.78076
7422.3999 0.63017
7423.6001 0.69148
7424.7998 0.50529
7426.0 0.67198
7427.2002 1.00168
7428.3999 0.91739
7429.6001 0.76996
7430.7998 1.06641
7432.0 0.37395
7433.2002 0.56818
7434.3999 0.80967
7435.6001 1.38384
7436.7998 0.80923
7438.0 0.74942
7439.2002 0.43575
7440.3999 0.53966
7441.6001 0.65202
7442.7998 0.82466
7444.0 1.15002
7445.2002 0.55056
7446.3999 0.70335
7447.6001 0.58122
7448.7998 1.12037
7450.0 0.6489
7451.2002 0.98948
7452.3999 1.07776
7453.6001 0.96852
7454.7998 0.76439
7456.0 0.54531
7457.2002 0.83101
7458.3999 0.60647
7459.6001 0.49027
7460.7998 0.46706
7462.0 0.82398
7463.2002 0.8046
7464.3999 0.81698
7465.6001 1.11642
7466.7998 0.85514
7468.0 0.6704
7469.2002 0.48513
7470.3999 0.90215
7471.6001 0.59823
7472.7998 0.38494
7474.0 1.08685
7475.2002 0.58095
7476.3999 0.61436
7477.6001 0.7549
7478.7998 0.57476
7480.0 0.89436
7505.0 1.1018
7506.2002 1.0739
7507.3999 0.87379
7508.6001 1.11197
7509.7998 0.82136
7511.0 1.09858
7512.2002 1.0753
7513.3999 1.31191
7514.6001 1.11362
7515.7998 0.89815
7517.0 0.952
7518.2002 1.13419
7519.3999 1.01687
7520.6001 1.42701
7521.7998 1.06579
7523.0 0.25043
7524.2002 0.71937
7525.3999 0.90744
7526.6001 0.52581
7527.7998 1.22584
7529.0 1.15166
7530.2002 0.64715
7531.3999 0.8778
7532.6001 1.38455
7533.7998 0.986
7535.0 1.06259
7536.2002 1.29321
7537.3999 0.92518
7538.6001 1.20287
7539.7998 1.08365
7541.0 1.33062
7542.2002 1.02823
7543.3999 1.07258
7544.6001 0.85599
7545.7998 1.16092
7547.0 1.0494
7548.2002 1.0435
7549.3999 0.98879
7550.6001 0.98727
7551.7998 0.78391
7553.0 1.06555
7554.2002 1.02979
7555.3999 0.91995
7556.6001 0.9668
7557.7998 0.88351
7559.0 1.09512
7560.2002 1.23552
7561.3999 1.18489
7562.6001 0.98699
7563.7998 0.94515
7565.0 1.26607
7566.2002 1.1996
7567.3999 0.83065
7568.6001 1.21006
7569.7998 1.03253
7571.0 0.85809
7572.2002 0.73854
7573.3999 0.65425
7574.6001 0.97583
7575.7998 1.14693
7577.0 0.76842
7578.2002 0.7472
7579.3999 0.83195
7580.6001 0.79094
7581.7998 0.90606
7583.0 1.24265
7584.2002 1.10446
7585.3999 0.98076
7586.6001 1.10268
7587.7998 1.16563
7589.0 1.17132
7590.2002 0.88581
7591.3999 1.24916
7592.6001 1.0444
7593.7998 0.56267
7595.0 1.18322
7596.2002 1.624
7597.3999 1.67573
7598.6001 0.79951
7599.7998 0.6004
7601.0 0.9074
7602.2002 1.22478
7603.3999 1.12698
7604.6001 1.56792
7605.7998 1.35244
7607.0 0.83096
7608.2002 0.4704
7609.3999 0.71505
7610.6001 0.85357
7611.7998 0.98771
7613.0 0.44755
7614.2002 0.73204
7615.3999 0.99491
7616.6001 1.21431
7617.7998 0.79183
7619.0 1.06116
7620.2002 1.02318
7621.3999 0.53765
7622.6001 0.86237
7623.7998 0.99491
7625.0 0.89048
7626.2002 0.68945
7627.3999 1.01073
7628.6001 1.1553
7629.7998 1.01397
7631.0 0.92907
7632.2002 1.22048
7633.3999 0.61026
7634.6001 1.28902
7635.7998 1.04826
7637.0 1.12046
7638.2002 1.04528
7639.3999 1.3337
7640.6001 0.76428
7641.7998 0.93576
7643.0 0.85137
7644.2002 0.86319
7645.3999 1.38908
7646.6001 0.38084
7647.7998 0.78295
7649.0 1.1914
7650.2002 1.30559
7651.3999 1.08219
7652.6001 1.19944
7653.7998 2.06575
7655.0 0.96223
7656.2002 1.25549
7657.3999 1.2899
7658.6001 1.33557
7659.7998 1.05577
7661.0 0.56033
7662.2002 0.95824
7663.3999 1.15719
7664.6001 0.97146
7665.7998 1.05017
7667.0 0.74272
7668.2002 0.76604
7669.3999 1.04741
7670.6001 0.9988
7671.7998 0.83865
7673.0 0.784
7674.2002 0.70084
7675.3999 0.86441
7676.6001 0.90956
7677.7998 0.86011
7679.0 1.03399
7680.2002 1.28118
7681.3999 1.2081
7682.6001 0.76127
7683.7998 0.6051
7685.0 0.92339
7686.2002 0.91665
7687.3999 0.90523
7688.6001 1.06876
7689.7998 0.9018
7691.0 0.83033
7692.2002 1.20993
7693.3999 0.96625
7694.6001 0.97711
7695.7998 1.01683
7697.0 0.94923
7698.2002 0.8246
7699.3999 0.97618
7700.6001 1.09775
7701.7998 0.84746
7703.0 1.01135
7704.2002 0.75526
7705.3999 1.109
7706.6001 1.05158
7707.7998 0.99376
7709.0 1.03976
7710.2002 1.41944
7711.3999 1.47274
7712.6001 1.28472
7713.7998 1.0576
7715.0 1.57191
7716.2002 0.71366
7717.3999 1.04611
7718.6001 1.07745
7719.7998 1.29819
7721.0 1.18359
7722.2002 0.99474
7723.3999 0.93506
7724.6001 1.32559
7725.7998 1.44184
7727.0 1.33319
7728.2002 0.83414
7729.3999 0.84705
7730.6001 0.84835
7731.7998 0.86849
7733.0 1.06677
7734.2002 1.06531
7735.3999 0.99469
7736.6001 1.05226
7737.7998 0.79045
7739.0 0.68753
7740.2002 0.71789
7741.3999 1.19194
7742.6001 1.33848
7743.7998 1.06341
7745.0 1.12382
7746.2002 1.13321
7747.3999 0.83161
7748.6001 0.35963
7749.7998 0.44534
7751.0 2.09802
7752.2002 1.76501
7753.3999 1.06417
7754.6001 1.2674
7755.7998 0.8954
7757.0 0.86845
7758.2002 1.56194
7759.3999 1.41445
7760.6001 0.73947
7761.7998 1.75016
7763.0 1.20594
7764.2002 1.03337
7765.3999 1.17467
7766.6001 0.95062
7767.7998 0.94981
7769.0 0.76092
7770.2002 1.08527
7771.3999 1.12359
7772.6001 0.85873
7773.7998 0.74775
7775.0 1.15671
7776.2002 1.10374
7777.3999 1.11038
7778.6001 1.5591
7779.7998 1.38893
7781.0 1.09423
7782.2002 1.28012
7783.3999 1.02526
7784.6001 0.92179
7785.7998 0.69236
7787.0 1.04642
7788.2002 0.89433
7789.3999 1.2106
7790.6001 1.13099
7791.7998 1.15073
7793.0 0.9166
7794.2002 2.57226
7795.3999 0.88871
7796.6001 2.27022
7797.7998 0.83414
7799.0 1.01268
7800.2002 1.06215
7801.3999 1.15258
7802.6001 0.89655
7803.7998 0.99065
7805.0 1.3329
7806.2002 1.45581
7807.3999 0.87214
7808.6001 0.86308
7809.7998 0.62153
7811.0 1.03899
7812.2002 1.26298
7813.3999 1.0502
7814.6001 0.72464
7815.7998 1.22834
7817.0 1.20692
7818.2002 0.54867
7819.3999 1.89706
7820.6001 1.65095
7821.7998 0.92187
7823.0 1.32076
7824.2002 0.74489
7825.3999 1.02333
7826.6001 1.1887
7827.7998 0.96122
7829.0 1.20741
7830.2002 1.34825
7831.3999 0.84168
7832.6001 0.98866
7833.7998 0.841
7835.0 1.08
7836.2002 0.6529
7837.3999 1.03527
7838.6001 0.93342
7839.7998 1.08509
7841.0 1.01668
7842.2002 0.90292
7843.3999 0.93793
7844.6001 0.96102
7845.7998 1.00084
7847.0 0.71456
7848.2002 1.09398
7849.3999 1.26071
7850.6001 0.49804
7851.7998 1.09019
7853.0 1.52283
7854.2002 1.85416
7855.3999 0.73399
7856.6001 0.92736
7857.7998 1.23032
7859.0 1.43124
7860.2002 0.26682
7861.3999 1.00707
7862.6001 0.90678
7863.7998 0.78568
7865.0 1.34362
7866.2002 0.72989
7867.3999 0.74395
7868.6001 1.70616
7869.7998 1.26891
7871.0 0.99829
7872.2002 0.75787
7873.3999 1.01493
7874.6001 1.16726
7875.7998 0.99092
7877.0 0.89418
7878.2002 0.66533
7879.3999 0.82506
7880.6001 1.06446
7881.7998 0.86793
7883.0 0.70468
7884.2002 1.07455
7885.3999 0.79249
7886.6001 1.7136
7887.7998 0.92464
7889.0 0.84781
7890.2002 0.88398
7891.3999 1.38046
7892.6001 0.95669
7893.7998 1.27879
7895.0 1.2986
7896.2002 0.65696
7897.3999 1.37889
7898.6001 1.07201
7899.7998 0.90091
7901.0 1.19129
7902.2002 1.09879
7903.3999 1.1297
7904.6001 1.14398
7905.7998 0.60915
7907.0 1.2257
7908.2002 0.98994
7909.3999 1.14235
7910.6001 0.73062
7911.7998 0.45783
7913.0 0.7772
7914.2002 1.39321
7915.3999 1.08894
7916.6001 0.8878
7917.7998 0.66858
7919.0 0.66827
7920.2002 1.11492
7921.3999 0.9262
7922.6001 0.77245
7923.7998 1.23636
7925.0 0.97186
7926.2002 0.84929
7927.3999 0.87743
7928.6001 1.26814
7929.7998 1.05014
7931.0 1.06371
7932.2002 1.04938
7933.3999 1.01606
7934.6001 0.85987
7935.7998 1.34085
7937.0 0.95793
7938.2002 0.79296
7939.3999 1.05632
7940.6001 0.78316
7941.7998 0.98371
7943.0 1.12351
7944.2002 0.91967
7945.3999 1.05066
7946.6001 0.88462
7947.7998 1.48469
7949.0 0.78203
7950.2002 1.17832
7951.3999 0.92565
7952.6001 0.95747
7953.7998 0.53012
7955.0 1.36611
7956.2002 1.18553
7957.3999 0.7242
7958.6001 0.9561
7959.7998 0.72772
7961.0 1.383
7962.2002 0.52216
7963.3999 1.15604
7964.6001 1.4256
7965.7998 1.13088
7967.0 0.18401
7968.2002 1.02022
7969.3999 1.11356
7970.6001 1.17654
7971.7998 1.21434
7973.0 1.00599
7974.2002 1.35638
7975.3999 1.05404
7976.6001 0.69563
7977.7998 1.08167
7979.0 1.13372
7980.2002 1.17259
7981.3999 0.93009
7982.6001 1.35356
7983.7998 0.63697
7985.0 1.00671
7986.2002 1.14716
7987.3999 1.18417
7988.6001 0.73694
7989.7998 1.1393
7991.0 0.36068
7992.2002 0.42858
7993.3999 0.59227
7994.6001 1.49052
7995.7998 0.54498
7997.0 0.78785
7998.2002 0.91305
7999.3999 1.55927
8000.6001 1.08952
8001.7998 1.27423
8003.0 0.95705
8004.2002 0.7454
8005.3999 1.01717
8006.6001 1.02528
8007.7998 0.62084
8009.0 1.08023
8010.2002 1.23812
8011.3999 1.48573
8012.6001 1.59086
8013.7998 1.43118
8015.0 1.58351
8016.2002 1.08642
8017.3999 0.86588
8018.6001 1.16242
8019.7998 1.1439
8021.0 0.66243
8022.2002 0.96786
8023.3999 1.11639
8024.6001 0.35893
8025.7998 0.94182
8027.0 1.13998
8028.2002 1.44593
8029.3999 1.32059
8030.6001 1.35971
8031.7998 0.76985
8033.0 1.25893
8034.2002 1.2269
8035.3999 1.18005
8036.6001 1.01137
8037.7998 1.25122
8039.0 0.93097
8040.2002 1.13494
8041.3999 0.77215
8042.6001 0.80701
8043.7998 0.7462
8045.0 0.84719
8046.2002 0.54881
8047.3999 0.70259
8048.6001 0.70096
8049.7998 1.16195
8051.0 1.00238
8052.2002 0.39024
8053.3999 1.00891
8054.6001 0.9792
8055.7998 0.8895
8057.0 0.85059
8058.2002 0.82235
8059.3999 0.94642
8060.6001 1.75369
8061.7998 1.3817
8063.0 1.26353
8064.2002 1.48233
8065.3999 0.8326
8066.6001 0.9697
8067.7998 1.04237
8069.0 1.35561
8070.2002 0.95844
8071.3999 1.0712
8072.6001 0.99607
8073.7998 0.73446
8075.0 0.92721
8076.2002 1.25334
8077.3999 0.67877
8078.6001 0.88006
8079.7998 0.75108
8081.0 0.83479
8082.2002 0.85335
8083.3999 0.75466
8084.6001 1.04555
8085.7998 0.8801
8087.0 1.02975
8088.2002 0.95515
8089.3999 0.70849
8090.6001 0.84302
8091.7998 1.01391
8093.0 1.28545
8094.2002 1.18324
8095.3999 0.64983
8096.6001 0.8513
8097.7998 0.83607
8099.0 0.62393
8100.2002 1.02162
8101.3999 0.86926
8102.6001 1.40101
8103.7998 0.98629
8105.0 1.16286
8106.2002 0.7494
8107.3999 0.85867
8108.6001 0.89092
8109.7998 1.08863
8111.0 0.80529
8112.2002 0.94925
8113.3999 0.77627
8114.6001 0.98842
8115.7998 0.81926
8117.0 0.71092
8118.2002 0.81091
8119.3999 0.99155
8120.6001 0.90873
8121.7998 0.6278
8123.0 0.88921
8124.2002 0.88765
8125.3999 0.91107
8126.6001 0.87656
8127.7998 1.04255
8129.0 0.85907
8130.2002 1.16367
8131.3999 0.6828
8132.6001 0.69028
8133.7998 0.88349
8135.0 1.13454
8136.2002 0.92269
8137.3999 0.77784
8138.6001 0.9615
8139.7998 0.75303
8141.0 1.30922
8142.2002 0.86948
8143.3999 0.81326
8144.6001 0.92331
8145.7998 1.102
8147.0 0.85282
8148.2002 0.93431
8149.3999 0.93953
8150.6001 0.88691
8151.7998 0.86012
8153.0 0.82586
8154.2002 1.18565
8155.3999 1.18377
8156.6001 0.92099
8157.7998 1.0252
8159.0 0.91358
8160.2002 0.72627
8161.3999 1.14267
8162.6001 0.84158
8163.7998 1.16966
8165.0 0.52117
8166.2002 0.93974
8167.3999 0.99616
8168.6001 0.79993
8169.7998 1.12403
8171.0 0.91256
8172.2002 0.86318
8173.3999 0.90194
8174.6001 0.87989
8175.7998 0.80396
8177.0 0.47101
8178.2002 0.75417
8179.3999 1.02108
8180.6001 1.11842
8181.7998 0.89194
8183.0 0.84256
8184.2002 0.89062
8185.3999 0.7332
8186.6001 0.62883
8187.7998 0.81073
8189.0 0.75849
8190.2002 0.55817
8191.3999 1.10333
8192.59961 1.0044
8193.7998 0.96389
8195.0 0.66976
8196.2002 0.75161
8197.40039 1.18638
8198.59961 0.82004
8199.7998 1.18351
8201.0 0.8411
8202.2002 0.78972
8203.40039 0.88547
8204.59961 0.6887
8205.7998 0.98882
8207.0 1.16944
8208.2002 0.62521
8209.40039 1.06068
8210.59961 0.79039
8211.7998 0.85718
8213.0 1.03355
8214.2002 0.90015
8215.40039 1.03632
8216.59961 0.79029
8217.7998 0.96064
8219.0 0.90913
8220.2002 1.02974
8221.40039 0.89197
8222.59961 0.88774
8223.7998 0.70629
8225.0 0.82233
8226.2002 1.0654
8227.40039 0.57845
8228.59961 0.76969
8229.7998 0.97828
8231.0 0.70647
8232.2002 0.61062
8233.40039 0.66077
8234.59961 0.98854
8235.7998 0.79931
8237.0 0.89564
8238.2002 0.65483
8239.40039 0.98321
8240.59961 0.91635
8241.7998 0.84257
8243.0 0.93829
8244.2002 0.87337
8245.40039 0.7861
8246.59961 0.86893
8247.7998 1.21573
8249.0 1.01524
8250.2002 1.05672
8251.40039 0.74092
8252.59961 0.73241
8253.7998 0.89928
8255.0 0.90944
8256.2002 1.07841
8257.40039 0.99737
8258.59961 1.0265
8259.7998 0.88689
8261.0 0.8909
8262.2002 0.7626
8263.40039 1.09861
8264.59961 1.00988
8265.7998 1.08155
8267.0 1.30296
8268.2002 0.84577
8269.40039 0.87064
8270.59961 0.88647
8271.7998 1.0292
8273.0 0.90814
8274.2002 0.85849
8275.40039 0.80179
8276.59961 1.1451
8277.7998 1.3763
8279.0 0.6107
8280.2002 1.34326
8281.40039 1.44142
8282.59961 0.54587
8283.7998 0.70023
8285.0 1.16673
8286.2002 0.88079
8287.40039 0.97748
8288.59961 0.69694
8289.7998 1.31281
8291.0 0.86297
8292.2002 0.94464
8293.40039 0.59049
8294.59961 0.45575
8295.7998 0.81051
8297.0 0.40634
8298.2002 1.22076
8299.40039 0.74402
8300.59961 1.0628
8301.7998 0.58939
8303.0 0.99964
8304.2002 0.68998
8305.40039 0.98534
8306.59961 0.68141
8307.7998 0.86449
8309.0 0.35466
8310.2002 0.8057
8311.40039 0.53718
8312.59961 0.53466
8313.7998 1.23704
8315.0 1.17392
8316.2002 0.8257
8317.40039 1.11249
8318.59961 1.06564
8319.7998 1.27361
8321.0 1.07519
8322.2002 0.69054
8323.40039 1.12871
8324.59961 1.15802
8325.7998 0.95959
8327.0 0.95987
8328.2002 0.7833
8329.40039 1.01245
8330.59961 1.217
8331.7998 0.94889
8333.0 0.88023
8334.2002 0.74629
8335.40039 0.65914
8336.59961 0.85986
8337.7998 0.61459
8339.0 0.7468
8340.2002 0.81867
8341.40039 0.63152
8342.59961 0.96458
8343.7998 1.47193
8345.0 0.39854
8346.2002 0.16735
8347.40039 0.78327
8348.59961 1.32065
8349.7998 1.18791
8351.0 0.32828
8352.2002 0.45722
8353.40039 0.82303
8354.59961 1.07646
8355.7998 1.5477
8357.0 0.9197
8358.2002 0.74886
8359.40039 0.95907
8360.59961 1.04916
8361.7998 1.53898
8363.0 1.00524
8364.2002 1.29044
8365.40039 0.79096
8366.59961 0.60286
8367.7998 0.92074
8369.0 1.05624
8370.2002 0.86995
8371.40039 0.49272
8372.59961 0.77594
8373.7998 1.04886
8375.0 1.19883
8376.2002 1.00655
8377.40039 0.84119
8378.59961 0.57903
8379.7998 0.75313
8381.0 1.10708
8382.2002 1.22443
8383.40039 1.18615
8384.59961 0.55804
8385.7998 0.69724
8387.0 0.63947
8388.2002 0.86134
8389.40039 0.89809
8390.59961 0.81551
8391.7998 0.60248
8393.0 0.79071
8394.2002 0.78385
8395.40039 1.34822
8396.59961 1.84278
8397.7998 0.93502
8399.0 -0.34497
8400.2002 0.54762
8401.40039 1.2429
8402.59961 0.60396
8403.7998 0.9609
8405.0 0.95881
8406.2002 0.9046
8407.40039 0.86046
8408.59961 0.8863
8409.7998 0.85835
8411.0 0.86359
8412.2002 0.21351
8413.40039 1.38786
8414.59961 0.63483
8415.7998 0.95266
8417.0 0.79664
8418.2002 1.02855
8419.40039 0.67001
8420.59961 1.00704
8421.7998 1.15252
8423.0 0.81258
8424.2002 0.89932
8425.40039 0.75393
8426.59961 1.19172
8427.7998 1.08502
8429.0 1.65563
8430.2002 1.06619
8431.40039 1.62218
8432.59961 1.14278
8433.7998 0.51381
8435.0 0.72717
8436.2002 0.76087
8437.40039 0.93887
8438.59961 1.22218
8439.7998 0.82386
8441.0 0.96225
8442.2002 1.1429
8443.40039 1.30851
8444.59961 0.95251
8445.7998 0.47005
8447.0 0.76915
8448.2002 0.85744
8449.40039 0.37782
8450.59961 0.61402
8451.7998 0.50347
8453.0 0.42525
8454.2002 0.30965
8455.40039 1.01381
8456.59961 1.33823
8457.7998 0.97336
8459.0 1.00652
8460.2002 1.07472
8461.40039 0.81828
8462.59961 0.67563
8463.7998 0.85696
8465.0 0.8964
8466.2002 1.30055
8467.40039 0.83964
8468.59961 0.56126
8469.7998 0.93399
8471.0 1.01588
8472.2002 1.1794
8473.40039 0.73019
8474.59961 0.81779
8475.7998 0.48478
8477.0 0.67768
8478.2002 0.77881
8479.40039 0.56144
8480.59961 1.04328
8481.7998 0.989
8483.0 0.77635
8484.2002 1.05104
8485.40039 0.95514
8486.59961 0.43994
8487.7998 0.84197
8489.0 0.62141
8490.2002 1.31753
8491.40039 1.0855
8492.59961 1.20093
8493.7998 0.87055
8495.0 0.9577
8496.2002 0.86153
8497.40039 0.5082
8498.59961 0.92917
8499.7998 1.03595
8501.0 1.26879
8502.2002 1.01026
8503.40039 0.61936
8504.59961 0.86507
8505.7998 0.49998
8507.0 1.18411
8508.2002 1.04232
8509.40039 0.91745
8510.59961 0.8891
8511.7998 0.86981
8513.0 0.76391
8514.2002 0.53326
8515.40039 1.00286
8516.59961 0.85426
8517.7998 0.77817
8519.0 0.96507
8520.2002 0.92415
8521.40039 1.01892
8522.59961 1.0909
8523.7998 0.88273
8525.0 1.11373
8526.2002 0.88217
8527.40039 0.80831
8528.59961 0.77695
8529.7998 1.10089
8531.0 0.81776
8532.2002 0.36527
8533.40039 0.86864
8534.59961 0.99573
8535.7998 0.68777
8537.0 1.09371
8538.2002 1.13865
8539.40039 0.72439
8540.59961 1.0978
8541.7998 0.94089
8543.0 0.80797
8544.2002 1.06731
8545.40039 1.09095
8546.59961 1.11563
8547.7998 0.55064
8549.0 0.39247
8550.2002 1.33592
8551.40039 1.36244
8552.59961 0.91789
8553.7998 1.0772
8555.0 0.9078
8556.2002 0.90745
8557.40039 0.72881
8558.59961 0.70874
8559.7998 0.66733
8561.0 0.6886
8562.2002 0.51487
8563.40039 0.89371
8564.59961 0.79149
8565.7998 0.80833
8567.0 0.92802
8568.2002 0.88133
8569.40039 0.92159
8570.59961 0.58572
8571.7998 0.73327
8573.0 0.64703
8574.2002 0.86464
8575.40039 0.73412
8576.59961 0.81836
8577.7998 0.89079
8579.0 0.78115
8580.2002 1.03548
8581.40039 1.0557
8582.59961 1.11296
8583.7998 0.86027
8585.0 0.94856
8586.2002 0.78109
8587.40039 1.18567
8588.59961 1.26168
8589.7998 1.06631
8591.0 0.94128
8592.2002 0.91408
8593.40039 0.83039
8594.59961 1.1619
8595.7998 0.83973
8597.0 0.82825
8598.2002 1.49779
8599.40039 0.80513
8600.59961 0.85734
8601.7998 0.78415
8603.0 0.86568
8604.2002 0.94849
8605.40039 0.76096
8606.59961 0.64678
8607.7998 1.08642
8609.0 1.11268
8610.2002 0.63984
8611.40039 0.8687
8612.59961 0.82162
8613.7998 0.90538
8615.0 0.98363
8616.2002 0.74066
8617.40039 0.83779
8618.59961 0.80737
8619.7998 0.87219
8621.0 0.8183
8622.2002 0.20636
8623.40039 1.31718
8624.59961 1.02992
8625.7998 0.14882
8627.0 0.67466
8628.2002 1.02325
8629.40039 0.7733
8630.59961 0.81405
8631.7998 1.32586
8633.0 0.62514
8634.2002 1.08755
8635.40039 0.86789
8636.59961 0.89899
8637.7998 1.34975
8639.0 0.752
8640.2002 0.67962
8641.40039 0.36291
8642.59961 0.55278
8643.7998 0.61129
8645.0 0.56526
8646.2002 0.57767
8647.40039 0.25388
8648.59961 1.28382
8649.7998 0.96003
8651.0 0.82167
8652.2002 0.22092
8653.40039 0.56062
8654.59961 1.03885
8655.7998 0.14451
8657.0 0.25566
8658.2002 0.63467
8659.40039 1.8864
8660.59961 1.02258
8661.7998 1.31868
8663.0 1.53267
8664.2002 0.51958
8665.40039 0.71775
8666.59961 0.79684
8667.7998 0.87443
8669.0 1.18528
8670.2002 0.82431
8671.40039 0.78855
8672.59961 0.8763
8673.7998 0.40073
8675.0 0.28671
8676.2002 0.9541
8677.40039 0.78123
8678.59961 0.94857
8679.7998 1.23487
8681.0 1.2399
8682.2002 0.29067
8683.40039 1.08259
8684.59961 0.66028
8685.7998 0.74222
8687.0 1.04989
8688.2002 1.09554
8689.40039 0.6784
8690.59961 0.91024
8691.7998 0.94541
8693.0 0.95933
8694.2002 0.74951
8695.40039 0.87838
8696.59961 0.85115
8697.7998 0.71521
8699.0 0.6264
8700.2002 0.64736
8701.40039 1.01363
8702.59961 0.41462
8703.7998 0.79753
8705.0 0.61817
8706.2002 0.58431
8707.40039 0.41853
8708.59961 0.75072
8709.7998 0.77744
8711.0 0.8145
8712.2002 0.85248
8713.40039 0.83793
8714.59961 0.90969
8715.7998 0.82287
8717.0 0.92786
8718.2002 0.58662
8719.40039 0.88478
8720.59961 0.52825
8721.7998 0.7606
8723.0 0.72421
8724.2002 0.77688
8725.40039 0.47478
8726.59961 0.70359
8727.7998 0.69655
8729.0 0.89058
8730.2002 0.86209
8731.40039 0.87391
8732.59961 1.14765
8733.7998 0.61989
8735.0 0.67866
8736.2002 0.84389
8737.40039 0.67972
8738.59961 1.05508
8739.7998 0.90276
8741.0 0.99089
8742.2002 0.69914
8743.40039 0.8452
8744.59961 0.67168
8745.7998 0.69963
8747.0 0.56515
8748.2002 0.66277
8749.40039 0.85063
8750.59961 0.91584
8751.7998 1.14596
8753.0 0.99706
8754.2002 0.85902
8755.40039 1.11368
8756.59961 1.04067
8757.7998 0.80942
8759.0 0.40253
8760.2002 0.83485
8761.40039 1.76049
8762.59961 1.44099
8763.7998 1.42851
8765.0 -0.13066
8766.2002 0.61596
8767.40039 0.30082
8768.59961 1.23342
8769.7998 1.23212
8771.0 1.49581
8772.2002 0.83286
8773.40039 0.91782
8774.59961 0.79912
8775.7998 -0.2705
8777.0 0.88089
8778.2002 1.03028
8779.40039 -0.08424
8780.59961 0.40517
8781.7998 0.96868
8783.0 1.06096
8784.2002 0.81625
8785.40039 0.88263
8786.59961 0.98982
8787.7998 0.90308
8789.0 0.48901
8790.2002 1.31178
8791.40039 0.8552
8792.59961 0.76854
8793.7998 1.05313
8795.0 0.84714
8796.2002 1.00907
8797.40039 0.89298
8798.59961 0.67124
8799.7998 0.81297
8801.0 0.95833
8802.2002 0.83507
8803.40039 0.58293
8804.59961 0.68948
8805.7998 0.92522
8807.0 0.94489
8808.2002 1.01316
8809.40039 0.77234
8810.59961 0.52582
8811.7998 0.67528
8813.0 0.98976
8814.2002 0.93942
8815.40039 0.53723
8816.59961 0.7958
8817.7998 0.77722
8819.0 0.94377
8820.2002 0.57495
8821.40039 0.63847
8822.59961 0.51233
8823.7998 0.42571
8825.0 1.81398
8826.2002 1.33284
8827.40039 0.31871
8828.59961 0.41869
8829.7998 1.59019
8831.0 1.0688
8832.2002 1.51058
8833.40039 0.38521
8834.59961 0.46604
8835.7998 2.09156
8837.0 -0.12806
8838.2002 1.47134
8839.40039 0.97026
8840.59961 0.82254
8841.7998 0.65217
8843.0 0.90354
8844.2002 0.88002
8845.40039 0.62852
8846.59961 1.28351
8847.7998 0.99071
8849.0 0.51486
8850.2002 1.01232
8851.40039 1.41452
8852.59961 0.7844
8853.7998 0.71319
8855.0 0.66017
8856.2002 0.77977
8857.40039 0.75478
8858.59961 0.73936
8859.7998 0.65203
8861.0 1.0114
8862.2002 0.79544
8863.40039 0.78931
8864.59961 0.75085
8865.7998 -0.30556
8867.0 0.59735
8868.2002 1.39064
8869.40039 1.03438
8870.59961 1.04207
8871.7998 0.83321
8873.0 0.5132
8874.2002 0.59118
8875.40039 0.52058
8876.59961 0.77332
8877.7998 0.71241
8879.0 0.48335
8880.2002 0.85798
8881.40039 0.4694
8882.59961 0.01044
8883.7998 -0.07188
8885.0 -0.06351
8886.2002 -0.18646
8887.40039 1.86106
8888.59961 2.04143
8889.7998 0.92124
8891.0 0.87633
8892.2002 0.83396
8893.40039 0.92853
8894.59961 0.93275
8895.7998 0.62548
8897.0 0.90451
8898.2002 0.84483
8899.40039 0.94385
8900.59961 0.60068
8901.7998 0.95542
8903.0 1.65055
8904.2002 0.39235
8905.40039 -0.15606
8906.59961 0.86414
8907.7998 0.72184
8909.0 0.961
8910.2002 0.99153
8911.40039 0.73175
8912.59961 0.68075
8913.7998 0.62079
8915.0 0.53868
8916.2002 1.15279
8917.40039 1.5052
8918.59961 0.99834
8919.7998 1.007
8921.0 0.01357
8922.2002 0.40086
8923.40039 1.01531
8924.59961 0.71964
8925.7998 1.01416
8927.0 1.15201
8928.2002 1.1568
8929.40039 1.05752
8930.59961 0.79764
8931.7998 0.40476
8933.0 0.56481
8934.2002 0.69751
8935.40039 0.66271
8936.59961 0.50132
8937.7998 0.81141
8939.0 0.63893
8940.2002 0.58408
8941.40039 1.43387
8942.59961 1.33122
8943.7998 1.26926
8945.0 0.83047
8946.2002 0.79749
8947.40039 0.80167
8948.59961 0.57163
8949.7998 0.45662
8951.0 0.45435
8952.2002 0.71123
8953.40039 0.6244
8954.59961 0.85366
8955.7998 0.51526
8957.0 1.80473
8958.2002 1.23455
8959.40039 1.32137
8960.59961 0.25534
8961.7998 0.59287
8963.0 0.80361
8964.2002 0.7268
8965.40039 0.73299
8966.59961 0.89629
8967.7998 0.91253
8969.0 0.74981
8970.2002 0.64218
8971.40039 0.65648
8972.59961 1.14777
8973.7998 0.67157
8975.0 0.72885
8976.2002 0.92397
8977.40039 0.72558
8978.59961 0.80347
8979.7998 0.73883
8981.0 0.84895
8982.2002 0.62851
8983.40039 0.75231
8984.59961 0.77744
8985.7998 0.80341
8987.0 0.36787
8988.2002 0.1997
8989.40039 1.22227
8990.59961 0.91981
8991.7998 0.49378
8993.0 0.75325
8994.2002 0.60015
8995.40039 0.71596
8996.59961 0.5387
8997.7998 0.95226
8999.0 0.86715
9000.2002 1.06513
9001.40039 0.81247
9002.59961 1.69085
9003.7998 1.12406
9005.0 0.7737
9006.2002 0.9888
9007.40039 1.09218
9008.59961 0.75703
9009.7998 0.64502
9011.0 0.59865
9012.2002 0.51105
9013.40039 0.67732
9014.59961 0.98179
9015.7998 0.80563
9017.0 0.81253
9018.2002 0.8429
9019.40039 0.97957
9020.59961 0.7891
9021.7998 0.47161
9023.0 0.49089
9024.2002 0.61722
9025.40039 0.71064
9026.59961 0.69363
9027.7998 0.79933
9029.0 0.68345
9030.2002 0.44534
9031.40039 0.72294
9032.59961 0.43164
9033.7998 0.58898
9035.0 0.28149
9036.2002 1.12056
9037.40039 1.07867
9038.59961 0.50828
9039.7998 0.69762
9041.0 0.76693
9042.2002 0.56353
9043.40039 0.47607
9044.59961 0.45998
9045.7998 0.85616
9047.0 0.7933
9048.2002 1.04824
9049.40039 0.58368
9050.59961 0.36765
9051.7998 0.9248
9053.0 0.53059
9054.2002 0.62798
9055.40039 0.88919
9056.59961 0.24855
9057.7998 0.88249
9059.0 0.62
9060.2002 0.47672
9061.40039 0.24658
9062.59961 0.70853
9063.7998 0.06165
9065.0 0.42571
9066.2002 0.77789
9067.40039 0.45659
9068.59961 0.68387
9069.7998 0.91219
9071.0 0.76087
9072.2002 0.95069
9073.40039 0.82719
9074.59961 1.13922
9075.7998 0.84747
9077.0 0.78024
9078.2002 0.66101
9079.40039 0.81203
9080.59961 0.59604
9081.7998 0.71427
9083.0 0.60474
9084.2002 0.77729
9085.40039 0.87578
9086.59961 0.5362
9087.7998 0.40286
9089.0 0.42481
9090.2002 0.4692
9091.40039 0.43366
9092.59961 0.5589
9093.7998 1.03567
9095.0 0.58686
9096.2002 0.74945
9097.40039 0.56532
9098.59961 0.4441
9099.7998 0.45163
9101.0 0.69394
9102.2002 1.08051
9103.40039 0.66152
9104.59961 0.96136
9105.7998 0.79696
9107.0 0.59279
9108.2002 0.81788
9109.40039 0.38351
9110.59961 0.56229
9111.7998 0.80967
9113.0 0.66827
9114.2002 0.89021
9115.40039 0.69638
9116.59961 0.71564
9117.7998 0.81262
9119.0 0.88153
9120.2002 0.77536
9121.40039 0.91416
9122.59961 0.88083
9123.7998 0.91539
9125.0 0.8313
9126.2002 0.76307
9127.40039 0.53863
9128.59961 0.56715
9129.7998 0.7322
9131.0 0.79857
9132.2002 0.64165
9133.40039 0.79253
9134.59961 0.58586
9135.7998 0.43135
9137.0 0.80582
9138.2002 0.65138
9139.40039 0.31325
9140.59961 0.62759
9141.7998 0.65753
9143.0 0.54519
9144.2002 0.54559
9145.40039 0.77154
9146.59961 0.59739
9147.7998 0.29546
9149.0 0.43825
9150.2002 0.64125
9151.40039 0.63295
9152.59961 0.87903
9153.7998 1.33136
9155.0 0.59025
9156.2002 0.85352
9157.40039 0.58608
9158.59961 1.1043
9159.7998 0.82479
9161.0 0.47779
9162.2002 0.84919
9163.40039 0.90334
9164.59961 1.02527
9165.7998 0.69002
9167.0 0.63769
9168.2002 0.84073
9169.40039 0.70455
9170.59961 0.75317
9171.7998 0.47949
9173.0 0.74779
9174.2002 0.67796
9175.40039 0.78004
9176.59961 0.7256
9177.7998 0.70009
9179.0 0.74037
9180.2002 0.62187
9181.40039 0.75334
9182.59961 0.68582
9183.7998 0.93269
9185.0 0.68765
9186.2002 0.80711
9187.40039 0.78695
9188.59961 0.55791
9189.7998 0.61222
9191.0 0.84207
9192.2002 0.64118
9193.40039 0.76087
9194.59961 0.76927
9195.7998 0.78757
9197.0 0.8472
9198.2002 0.67453
9199.40039 0.59545
9200.59961 0.76611
9201.7998 0.79905
9203.0 0.73697
9204.2002 0.76173
9205.40039 0.68548
9206.59961 0.82707
9207.7998 0.62559
9209.0 0.90474
9210.2002 0.8811
9211.40039 0.59757
9212.59961 0.60144
9213.7998 0.59886
9215.0 0.68914
9216.2002 0.57721
9217.40039 0.85613
9218.59961 0.54861
9219.7998 0.65301
9221.0 0.37976
9222.2002 0.49283
9223.40039 0.79787
9224.59961 0.92683
9225.7998 0.78408
9227.0 0.8601
9228.2002 1.01976
9229.40039 1.06038
9230.59961 0.63758
9231.7998 0.59166
9233.0 0.83215
9234.2002 0.74079
9235.40039 0.56055
9236.59961 0.61403
9237.7998 0.58148
9239.0 0.63882
9240.2002 0.6033
9241.40039 0.69254
9242.59961 0.68542
9243.7998 0.4328
9245.0 0.7306
9246.2002 0.83324
9247.40039 0.54779
9248.59961 0.54094
9249.7998 0.45349
9251.0 0.53996
9252.2002 0.75137
9253.40039 0.60999
9254.59961 0.54242
9255.7998 0.56115
9257.0 0.54619
9258.2002 0.82531
9259.40039 0.38086
9260.59961 0.24932
9261.7998 0.46111
9263.0 0.64334
9264.2002 0.89239
9265.40039 0.67748
9266.59961 0.73577
9267.7998 0.79669
9269.0 0.60244
9270.2002 0.64599
9271.40039 0.59082
9272.59961 0.53405
9273.7998 0.84456
9275.0 0.59487
9276.2002 0.61553
9277.40039 0.77416
9278.59961 0.79499
9279.7998 0.72551
9281.0 0.64231
9282.2002 0.61318
9283.40039 0.70796
9284.59961 0.48339
9285.7998 0.52622
9287.0 0.35439
9288.2002 0.6299
9289.40039 0.72931
9290.59961 0.57486
9291.7998 0.70745
9293.0 0.52102
9294.2002 0.40001
9295.40039 0.73327
9296.59961 0.74184
9297.7998 0.90028
9299.0 0.64155
9300.2002 0.67
9301.40039 0.73159
9302.59961 0.70348
9303.7998 1.28837
9305.0 1.33583
9306.2002 -0.01407
9307.40039 1.58779
9308.59961 0.80051
9309.7998 1.96874
9311.0 0.55363
9312.2002 0.3892
9313.40039 1.079
9314.59961 0.63937
9315.7998 0.50687
9317.0 1.02766
9318.2002 0.72077
9319.40039 0.84973
9320.59961 0.364
9321.7998 1.24077
9323.0 -0.52531
9324.2002 0.26518
9325.40039 1.0379
9326.59961 0.55318
9327.7998 0.76736
9329.0 0.12142
9330.2002 0.55378
9331.40039 0.46478
9332.59961 0.49658
9333.7998 0.49333
9335.0 0.17901
9336.2002 0.21924
9337.40039 0.79252
9338.59961 0.47128
9339.7998 0.14844
9341.0 0.53388
9342.2002 0.95234
9343.40039 0.72754
9344.59961 0.66774
9345.7998 0.98397
9347.0 0.92536
9348.2002 0.13846
9349.40039 0.70615
9350.59961 0.62265
9351.7998 0.79873
9353.0 0.7449
9354.2002 0.4182
9355.40039 0.79163
9356.59961 0.55217
9357.7998 0.7365
9359.0 0.77684
9360.2002 0.97155
9361.40039 0.80983
9362.59961 0.85173
9363.7998 0.30515
9365.0 0.71837
9366.2002 1.05362
9367.40039 0.57005
9368.59961 0.52419
9369.7998 0.5903
9371.0 1.16483
9372.2002 1.01855
9373.40039 0.7453
9374.59961 0.83468
9375.7998 0.95999
9377.0 1.08417
9378.2002 1.22817
9379.40039 1.38925
9380.59961 0.97399
9381.7998 0.8158
9383.0 0.45357
9384.2002 0.0259
9385.40039 0.81348
9386.59961 0.87753
9387.7998 0.70015
9389.0 0.56786
9390.2002 0.63938
9391.40039 0.81989
9392.59961 0.61816
9393.7998 0.81363
9395.0 0.44424
9396.2002 0.50971
9397.40039 0.3824
9398.59961 0.89009
9399.7998 1.22453
9401.0 0.71897
9402.2002 0.78195
9403.40039 1.47398
9404.59961 0.92556
9405.7998 0.73252
9407.0 0.46901
9408.2002 0.7862
9409.40039 1.05125
9410.59961 0.73164
9411.7998 1.05477
9413.0 0.99985
9414.2002 1.00782
9415.40039 0.76708
9416.59961 0.72223
9417.7998 0.63086
9419.0 0.03847
9420.2002 0.07753
9421.40039 -0.01156
9422.59961 0.59703
9423.7998 0.76963
9425.0 0.25465
9426.2002 0.46693
9427.40039 0.53494
9428.59961 0.89486
9429.7998 0.55244
9431.0 0.8244
9432.2002 0.31981
9433.40039 0.63775
9434.59961 0.70962
9435.7998 0.41244
9437.0 1.41343
9438.2002 0.49507
9439.40039 0.39461
9440.59961 -1.78415
9441.7998 0.92289
9443.0 0.86928
9444.2002 0.76281
9445.40039 0.77233
9446.59961 0.73023
9447.7998 0.68594
9449.0 0.6433
9450.2002 0.79504
9451.40039 0.62723
9452.59961 0.90642
9453.7998 0.64072
9455.0 1.23814
9456.2002 1.18912
9457.40039 -0.67665
9458.59961 1.00272
9459.7998 1.29193
9461.0 0.294
9462.2002 0.94403
9463.40039 0.23046
9464.59961 0.29242
9465.7998 0.51636
9467.0 0.50458
9468.2002 0.48516
9469.40039 0.51681
9470.59961 0.62832
9471.7998 0.59453
9473.0 0.484
9474.2002 1.71779
9475.40039 1.1547
9476.59961 0.95247
9477.7998 1.21936
9479.0 1.92203
9480.2002 0.89226
9481.40039 0.64009
9482.59961 1.00237
9483.7998 0.64146
9485.0 0.66542
9486.2002 0.74797
9487.40039 0.48236
9488.59961 0.57257
9489.7998 0.76166
9491.0 0.86691
9492.2002 0.60479
9493.40039 1.23999
9494.59961 0.67027
9495.7998 0.68638
9497.0 0.76244
9498.2002 0.73398
9499.40039 0.53992
9500.59961 0.85432
9501.7998 -0.40748
9503.0 -0.23977
9504.2002 0.07849
9505.40039 1.202
9506.59961 0.47353
9507.7998 0.64268
9509.0 0.75486
9510.2002 0.34632
9511.40039 0.30543
9512.59961 0.17156
9513.7998 0.32536
9515.0 0.54865
9516.2002 0.16918
9517.40039 0.38446
9518.59961 0.59006
9519.7998 -0.57526
9521.0 -0.93
9522.2002 0.67045
9523.40039 1.08494
9524.59961 0.71115
9525.7998 0.89427
9527.0 0.37511
9528.2002 0.40064
9529.40039 0.53853
9530.59961 0.61155
9531.7998 0.56013
9533.0 0.6286
9534.2002 0.52602
9535.40039 0.75507
9536.59961 0.78077
9537.7998 0.41671
9539.0 0.46439
9540.2002 0.40347
9541.40039 0.5409
9542.59961 0.43815
9543.7998 0.49837
9545.0 0.77061
9546.2002 0.51695
9547.40039 0.61132
9548.59961 0.89481
9549.7998 1.37356
9551.0 0.61932
9552.2002 0.44935
9553.40039 1.66832
9554.59961 0.80892
9555.7998 0.6181
9557.0 0.78338
9558.2002 0.44605
9559.40039 0.63676
9560.59961 0.8102
9561.7998 0.59207
9563.0 -0.00383
9564.2002 0.29125
9565.40039 0.08209
9566.59961 1.49607
9567.7998 -0.24465
9569.0 0.06728
9570.2002 1.32959
9571.40039 1.2439
9572.59961 0.60716
9573.7998 0.85009
9575.0 0.52233
9576.2002 0.4513
9577.40039 0.227
9578.59961 0.50885
9579.7998 0.55862
9581.0 0.80364
9582.2002 0.80471
9583.40039 0.51494
9584.59961 0.60884
9585.7998 0.71483
9587.0 0.60268
9588.2002 0.59242
9589.40039 0.43421
9590.59961 0.82105
9591.7998 0.96628
9593.0 0.59766
9594.2002 0.60659
9595.40039 0.67976
9596.59961 0.67067
9597.7998 0.78243
9599.0 0.57888
9600.2002 0.63203
9601.40039 0.62365
9602.59961 0.8156
9603.7998 0.70662
9605.0 0.2014
9606.2002 0.91489
9607.40039 0.56214
9608.59961 0.72006
9609.7998 1.0038
9611.0 0.6428
9612.2002 0.76711
9613.40039 0.43831
9614.59961 0.81647
9615.7998 0.50696
9617.0 0.09141
9618.2002 0.37512
9619.40039 1.13958
9620.59961 0.07607
9621.7998 0.66123
9623.0 0.53359
9624.2002 0.48752
9625.40039 0.48261
9626.59961 0.44196
9627.7998 0.40849
9629.0 0.81678
9630.2002 0.61846
9631.40039 0.49301
9632.59961 0.20601
9633.7998 0.47295
9635.0 0.48267
9636.2002 0.64891
9637.40039 0.51242
9638.59961 0.64883
9639.7998 0.29321
9641.0 0.69947
9642.2002 0.85741
9643.40039 0.50372
9644.59961 0.57706
9645.7998 0.59158
9647.0 0.52027
9648.2002 0.64055
9649.40039 0.60801
9650.59961 0.64712
9651.7998 0.721
9653.0 0.62092
9654.2002 0.71826
9655.40039 0.24755
9656.59961 0.26344
9657.7998 0.51785
9659.0 0.74345
9660.2002 0.78848
9661.40039 0.53947
9662.59961 0.10677
9663.7998 0.50129
9665.0 0.45627
9666.2002 0.91549
9667.40039 1.0684
9668.59961 0.84977
9669.7998 0.51566
9671.0 -0.20528
9672.2002 0.78127
9673.40039 0.68963
9674.59961 0.84343
9675.7998 0.82066
9677.0 0.71433
9678.2002 0.26431
9679.40039 0.89844
9680.59961 0.20155
9681.7998 0.61154
9683.0 0.70918
9684.2002 0.99957
9685.40039 0.13277
9686.59961 0.55321
9687.7998 1.04845
9689.0 0.82288
9690.2002 0.44487
9691.40039 0.6447
9692.59961 0.2797
9693.7998 0.40891
9695.0 0.68323
9696.2002 0.82354
9697.40039 0.52772
9698.59961 1.05046
9699.7998 1.73722
9701.0 0.30243
9702.2002 0.31241
9703.40039 0.79958
9704.59961 0.86923
9705.7998 0.57943
9707.0 1.05087
9708.2002 0.60114
9709.40039 0.34365
9710.59961 1.12464
9711.7998 0.95172
9713.0 0.9477
9714.2002 1.01757
9715.40039 0.59849
9716.59961 1.2552
9717.7998 -0.47748
9719.0 1.31096
9720.2002 0.69023
9721.40039 0.60542
9722.59961 1.08536
9723.7998 0.38491
9725.0 0.58818
9726.2002 0.55205
9727.40039 0.47172
9728.59961 0.7716
9729.7998 0.66557
9731.0 0.76931
9732.2002 0.5763
9733.40039 0.78352
9734.59961 0.51686
9735.7998 1.28043
9737.0 1.36099
9738.2002 1.32203
9739.40039 1.03777
9740.59961 0.45244
9741.7998 0.55614
9743.0 0.29119
9744.2002 1.62663
9745.40039 0.21877
9746.59961 0.33923
9747.7998 0.66651
9749.0 0.92554
9750.2002 0.14284
9751.40039 0.45389
9752.59961 0.63026
9753.7998 0.61379
9755.0 0.14248
9756.2002 0.6556
9757.40039 0.53191
9758.59961 0.8129
9759.7998 0.69758
9761.0 0.31539
9762.2002 0.28116
9763.40039 0.47894
9764.59961 0.40229
9765.7998 0.58856
9767.0 0.69824
9768.2002 0.72723
9769.40039 0.6164
9770.59961 0.7441
9771.7998 0.52177
9773.0 0.43874
9774.2002 0.37049
9775.40039 0.13783
9776.59961 0.52651
9777.7998 0.61224
9779.0 0.61407
9780.2002 0.66085
9781.40039 0.38181
9782.59961 0.64642
9783.7998 1.13214
9785.0 0.2967
9786.2002 0.98504
9787.40039 0.54783
9788.59961 -0.24633
9789.7998 1.18737
9791.0 0.22999
9792.2002 0.29396
9793.40039 1.31271
9794.59961 0.48895
9795.7998 -0.11172
9797.0 -0.13501
9798.2002 1.13982
9799.40039 0.4157
9800.59961 1.08118
9801.7998 0.62705
9803.0 0.70025
9804.2002 0.70411
9805.40039 0.32849
9806.59961 -0.1822
9807.7998 0.97837
9809.0 1.54779
9810.2002 1.37959
9811.40039 0.86691
9812.59961 1.17496
9813.7998 1.15981
9815.0 0.79954
9816.2002 0.67301
9817.40039 0.67033
9818.59961 -0.18326
9819.7998 0.62012
9821.0 1.02734
9822.2002 0.80232
9823.40039 0.56659
9824.59961 0.36043
9825.7998 0.57801
9827.0 -0.02155
9828.2002 0.52132
9829.40039 0.40283
9830.59961 0.371
9831.7998 0.8591
9833.0 0.47025
9834.2002 0.81644
9835.40039 0.61241
9836.59961 0.19356
9837.7998 0.51814
9839.0 0.34381
9840.2002 0.58135
9841.40039 0.66678
9842.59961 0.53754
9843.7998 0.61932
9845.0 0.54579
9846.2002 0.208
9847.40039 0.4945
9848.59961 1.15297
9849.7998 0.28572
9851.0 0.78362
9852.2002 0.28579
9853.40039 0.56944
9854.59961 0.37492
9855.7998 0.37583
9857.0 0.33653
9858.2002 0.3439
9859.40039 0.55502
9860.59961 0.76225
9861.7998 1.31758
9863.0 0.73772
9864.2002 0.40671
9865.40039 -0.05492
9866.59961 0.65925
9867.7998 1.01027
9869.0 -0.16117
9870.2002 -1.19197
9871.40039 0.09197
9872.59961 0.71613
9873.7998 0.8247
9875.0 0.94211
9876.2002 0.75295
9877.40039 0.05881
9878.59961 0.65471
9879.7998 0.32142
9881.0 0.54353
9882.2002 0.73143
9883.40039 0.77408
9884.59961 0.74896
9885.7998 0.6155
9887.0 0.78877
9888.2002 0.56207
9889.40039 0.75767
9890.59961 0.59043
9891.7998 0.99661
9893.0 1.7163
9894.2002 0.53395
9895.40039 -0.05597
9896.59961 0.60192
9897.7998 0.66396
9899.0 0.61594
9900.2002 0.98104
9901.40039 0.64615
9902.59961 0.32748
9903.7998 0.01621
9905.0 0.56608
9906.2002 1.06341
9907.40039 0.19749
9908.59961 0.46568
9909.7998 0.70375
9911.0 0.72259
9912.2002 -0.23568
9913.40039 1.50215
9914.59961 -0.1932
9915.7998 0.15572
9917.0 -0.15699
9918.2002 0.44087
9919.40039 1.20129
9920.59961 0.42
9921.7998 0.47471
9923.0 0.61017
9924.2002 0.6997
9925.40039 0.64499
9926.59961 0.35994
9927.7998 0.48618
9929.0 0.55571
9930.2002 0.26689
9931.40039 0.32189
9932.59961 0.27596
9933.7998 0.25682
9935.0 0.37552
9936.2002 0.12945
9937.40039 0.79779
9938.59961 0.65027
9939.7998 0.62754
9941.0 0.48432
9942.2002 0.42275
9943.40039 -0.41381
9944.59961 0.60354
9945.7998 2.19136
9947.0 0.39939
9948.2002 -0.03901
9949.40039 -1.04655
9950.59961 0.796
9951.7998 1.09017
9953.0 0.24304
9954.2002 0.41204
9955.40039 0.6218
9956.59961 1.62804
9957.7998 -0.0145
9959.0 1.46773
9960.2002 0.94312
9961.40039 0.16319
9962.59961 1.91969
9963.7998 0.44616
9965.0 0.6392
9966.2002 0.64281
9967.40039 1.19774
9968.59961 0.74786
9969.7998 0.26326
9971.0 0.38327
9972.2002 -0.48808
9973.40039 0.01228
9974.59961 0.27315
9975.7998 0.3058
9977.0 0.19274
9978.2002 0.31956
9979.40039 0.50616
9980.59961 0.15547
9981.7998 0.31971
9983.0 0.7246
9984.2002 0.87411
9985.40039 0.33966
9986.59961 0.38566
9987.7998 0.84925
9989.0 0.99953
9990.2002 0.58469
9991.40039 0.28618
9992.59961 0.2825
9993.7998 0.50281
9995.0 0.20677
9996.2002 0.71085
9997.40039 -0.27274
9998.59961 0.88247
9999.7998 0.91828
10001.0 0.4136
10002.2002 0.38644
10003.40039 0.0752
10004.59961 0.65898
10005.7998 0.52702
10007.0 0.55295
10008.2002 0.55337
10009.40039 -0.08123
10010.59961 0.06476
10011.7998 1.11443
10013.0 0.16473
10014.2002 -0.02391
10015.40039 0.5582
10016.59961 0.23023
10017.7998 0.43826
10019.0 0.28174
10020.2002 0.03666
10021.40039 0.83364
10022.59961 1.39126
10023.7998 -0.24219
10025.0 0.34849
10026.2002 1.70663
10027.40039 0.25244
10028.59961 0.33727
10029.7998 0.46785
10031.0 0.88215
10032.2002 0.7271
10033.40039 0.15399
10034.59961 0.46697
10035.7998 0.61884
10037.0 0.39339
10038.2002 0.38903
10039.40039 1.2696
10040.59961 1.25049
10041.7998 0.14058
10043.0 0.81762
10044.2002 1.16261
10045.40039 0.51866
10046.59961 0.02969
10047.7998 -0.02244
10049.0 0.84329
10050.2002 0.14059
10051.40039 0.71186
10052.59961 0.74822
10053.7998 0.69259
10055.0 0.56081
10056.2002 1.36917
10057.40039 0.77533
10058.59961 0.84306
10059.7998 1.34781
10061.0 -0.06161
10062.2002 0.00368
10063.40039 0.57008
10064.59961 0.82216
10065.7998 0.42985
10067.0 -0.08926
10068.2002 0.32877
10069.40039 1.23517
10070.59961 0.53745
10071.7998 0.73119
10073.0 0.49391
10074.2002 0.44915
10075.40039 0.70792
10076.59961 0.25495
10077.7998 0.33324
10079.0 0.87542
10080.2002 0.26501
10081.40039 0.13484
10082.59961 3.4474
10083.7998 0.30674
10085.0 -1.38026
10086.2002 0.50429
10087.40039 0.95449
10088.59961 0.69721
10089.7998 0.93112
10091.0 0.32096
10092.2002 0.7745
10093.40039 0.90043
10094.59961 0.6858
10095.7998 0.88942
10097.0 1.10609
10098.2002 0.68793
10099.40039 0.18553
10100.59961 0.92239
10101.7998 0.42628
10103.0 2.67536
10104.2002 1.55752
10105.40039 0.6116
10106.59961 -0.27311
10107.7998 0.75028
10109.0 0.89398
10110.2002 0.32049
10111.40039 0.3047
10112.59961 0.5619
10113.7998 1.11464
10115.0 1.09269
10116.2002 1.0877
10117.40039 0.7321
10118.59961 0.66147
10119.7998 1.61262
10121.0 -0.72619
10122.2002 -0.58584
10123.40039 0.73395
10124.59961 1.85416
10125.7998 1.30502
10127.0 0.62063
10128.2002 0.24718
10129.40039 0.19899
10130.59961 0.2531
