#wave flux
3400.0 0.14518
3401.53 0.21695
3403.06 0.3425
3404.59 0.37874
3406.12 0.33427
3407.65 0.43317
3409.18 0.52694
3410.71 0.49435
3412.24 0.42536
3413.77 0.66521
3415.3 0.75217
3416.83 0.699
3418.36 0.64111
3419.89 0.63037
3421.42 0.83361
3422.95 0.94415
3424.48 1.1626
3426.01 0.84302
3427.54 1.3008
3429.07 1.6995
3430.6 1.5851
3432.13 1.1912
3433.66 1.4073
3435.19 1.2637
3436.72 1.1317
3438.25 1.2103
3439.78 1.5234
3441.31 1.3188
3442.84 1.1633
3444.37 1.2621
3445.9 1.3014
3447.43 1.3863
3448.96 1.3777
3450.49 1.2324
3452.02 1.0972
3453.55 0.99912
3455.08 1.3444
3456.61 1.3001
3458.14 1.3531
3459.67 1.1244
3461.2 1.3161
3462.73 1.3222
3464.26 1.4895
3465.79 1.3512
3467.32 1.4758
3468.85 1.2634
3470.38 1.6621
3471.91 1.8363
3473.44 1.5316
3474.97 1.4655
3476.5 1.716
3478.03 1.8735
3479.56 1.4114
3481.09 1.4821
3482.62 1.6969
3484.15 1.546
3485.68 1.4054
3487.21 1.5598
3488.74 1.2537
3490.27 1.512
3491.8 1.5132
3493.33 1.5282
3494.86 1.6599
3496.39 1.2295
3497.92 1.3881
3499.45 1.304
3500.98 1.1239
3502.51 1.2592
3504.04 1.8234
3505.57 1.4664
3507.1 1.3814
3508.63 1.2416
3510.16 1.3371
3511.69 1.0564
3513.22 1.3996
3514.75 1.5007
3516.28 1.3305
3517.81 1.1498
3519.34 1.0583
3520.87 1.3419
3522.4 1.2634
3523.93 1.5331
3525.46 1.3094
3526.99 1.2968
3528.52 1.3765
3530.05 1.2806
3531.58 1.09
3533.11 1.2336
3534.64 1.2126
3536.17 1.1583
3537.7 1.1223
3539.23 1.1663
3540.76 1.2113
3542.29 1.174
3543.82 1.3085
3545.35 1.32
3546.88 1.5752
3548.41 1.4324
3549.94 1.2268
3551.47 1.0337
3553.0 1.3385
3554.53 1.4129
3556.06 1.2701
3557.59 1.2378
3559.12 1.0869
3560.65 1.2999
3562.18 1.1232
3563.71 1.2348
3565.24 1.2009
3566.77 0.92414
3568.3 1.1095
3569.83 1.2324
3571.36 1.0806
3572.89 1.1699
3574.42 1.1423
3575.95 0.91501
3577.48 1.0161
3579.01 1.0326
3580.54 1.0
3582.07 1.0908
3583.6 1.1515
3585.13 1.1453
3586.66 1.1603
3588.19 1.1174
3589.72 1.14
3591.25 1.2449
3592.78 1.0818
3594.31 1.0119
3595.84 1.0286
3597.37 1.0995
3598.9 1.0545
3600.43 0.99429
3601.96 0.98544
3603.49 1.093
3605.02 1.1412
3606.55 1.0902
3608.08 1.02
3609.61 0.95782
3611.14 1.0249
3612.67 1.0954
3614.2 1.072
3615.73 1.0008
3617.26 0.99148
3618.79 1.0609
3620.32 1.0722
3621.85 1.0223
3623.38 1.0858
3624.91 1.0239
3626.44 1.0844
3627.97 1.1011
3629.5 1.0573
3631.03 1.1664
3632.56 1.2073
3634.09 1.1562
3635.62 0.98536
3637.15 1.0656
3638.68 0.96951
3640.21 1.0831
3641.74 1.1682
3643.27 1.1202
3644.8 1.1941
3646.33 1.2113
3647.86 1.0736
3649.39 1.1298
3650.92 1.0533
3652.45 1.1378
3653.98 1.1687
3655.51 1.045
3657.04 0.90295
3658.57 0.83142
3660.1 0.93443
3661.63 1.0907
3663.16 1.0495
3664.69 0.87028
3666.22 0.85557
3667.75 0.93821
3669.28 0.99358
3670.81 1.008
3672.34 0.91234
3673.87 0.95179
3675.4 0.92415
3676.93 0.9479
3678.46 0.91022
3679.99 0.98513
3681.52 0.91618
3683.05 0.93763
3684.58 0.96979
3686.11 0.80711
3687.64 0.93898
3689.17 0.83062
3690.7 0.85456
3692.23 0.85189
3693.76 0.90202
3695.29 0.80103
3696.82 0.78635
3698.35 0.92577
3699.88 0.84682
3701.41 0.7531
3702.94 0.79778
3704.47 0.89535
3706.0 0.89213
3707.53 0.77364
3709.06 0.70854
3710.59 0.76171
3712.12 0.81301
3713.65 0.95668
3715.18 0.98157
3716.71 0.7906
3718.24 0.8401
3719.77 0.83371
3721.3 0.90408
3722.83 0.90816
3724.36 0.88838
3725.89 0.91154
3727.42 0.98194
3728.95 0.89219
3730.48 0.89061
3732.01 0.77001
3733.54 0.85368
3735.07 0.90789
3736.6 0.83424
3738.13 0.89407
3739.66 0.89173
3741.19 0.88087
3742.72 0.88046
3744.25 0.8865
3745.78 0.86234
3747.31 0.92955
3748.84 0.9583
3750.37 0.83071
3751.9 0.81732
3753.43 0.91736
3754.96 0.88467
3756.49 0.91595
3758.02 0.90206
3759.55 0.87855
3761.08 0.90059
3762.61 0.93122
3764.14 0.84696
3765.67 0.90849
3767.2 0.91429
3768.73 0.91388
3770.26 0.95004
3771.79 0.80955
3773.32 0.90462
3774.85 1.0264
3776.38 0.89079
3777.91 0.8362
3779.44 0.89957
3780.97 0.95124
3782.5 0.89154
3784.03 0.85693
3785.56 0.88729
3787.09 0.9129
3788.62 0.93389
3790.15 0.9474
3791.68 0.92983
3793.21 0.88462
3794.74 0.80803
3796.27 0.86185
3797.8 0.88333
3799.33 0.95424
3800.86 0.87839
3802.39 0.96163
3803.92 1.0024
3805.45 0.89971
3806.98 0.93672
3808.51 0.95536
3810.04 0.97451
3811.57 0.97095
3813.1 0.91383
3814.63 1.0511
3816.16 1.1005
3817.69 0.95734
3819.22 0.93056
3820.75 1.1204
3822.28 0.9672
3823.81 0.98422
3825.34 1.0157
3826.87 0.97707
3828.4 0.9196
3829.93 1.0454
3831.46 1.0536
3832.99 0.89098
3834.52 0.82116
3836.05 1.0223
3837.58 0.98007
3839.11 1.0691
3840.64 1.1262
3842.17 1.0063
3843.7 1.0394
3845.23 1.0491
3846.76 1.0073
3848.29 1.0667
3849.82 1.0052
3851.35 1.0668
3852.88 1.1187
3854.41 1.1804
3855.94 1.1003
3857.47 1.1064
3859.0 1.1046
3860.53 1.1044
3862.06 1.1226
3863.59 1.1044
3865.12 1.0999
3866.65 1.2033
3868.18 1.2435
3869.71 1.1621
3871.24 1.093
3872.77 1.1552
3874.3 1.271
3875.83 1.2089
3877.36 1.0344
3878.89 1.1186
3880.42 1.0632
3881.95 1.0853
3883.48 1.0503
3885.01 1.041
3886.54 1.1172
3888.07 1.2112
3889.6 1.1443
3891.13 1.1487
3892.66 1.1822
3894.19 1.1637
3895.72 1.1714
3897.25 1.2025
3898.78 1.1537
3900.31 1.1009
3901.84 1.1718
3903.37 1.1551
3904.9 1.2217
3906.43 1.1226
3907.96 1.145
3909.49 1.0933
3911.02 1.031
3912.55 1.2139
3914.08 1.1765
3915.61 1.0644
3917.14 1.1116
3918.67 1.1013
3920.2 1.0588
3921.73 1.2023
3923.26 1.2019
3924.79 1.2283
3926.32 1.1023
3927.85 0.99805
3929.38 1.1511
3930.91 1.1222
3932.44 1.0732
3933.97 0.99595
3935.5 0.96029
3937.03 1.0622
3938.56 1.1017
3940.09 1.2253
3941.62 1.2265
3943.15 1.1915
3944.68 1.1427
3946.21 1.229
3947.74 1.2563
3949.27 1.2329
3950.8 1.2652
3952.33 1.2665
3953.86 1.2522
3955.39 1.2343
3956.92 1.1762
3958.45 1.2429
3959.98 1.2303
3961.51 1.1488
3963.04 1.1389
3964.57 1.2196
3966.1 1.1354
3967.63 1.1435
3969.16 1.2073
3970.69 1.1814
3972.22 1.2816
3973.75 1.3324
3975.28 1.2493
3976.81 1.3311
3978.34 1.2102
3979.87 1.2984
3981.4 1.2644
3982.93 1.3771
3984.46 1.2735
3985.99 1.247
3987.52 1.3396
3989.05 1.3311
3990.58 1.3923
3992.11 1.4703
3993.64 1.3951
3995.17 1.3463
3996.7 1.4207
3998.23 1.4319
3999.76 1.3625
4001.29 1.4596
4002.82 1.4114
4004.35 1.4252
4005.88 1.5132
4007.41 1.6305
4008.94 1.7
4010.47 1.6833
4012.0 1.8035
4013.53 1.8572
4015.06 1.8686
4016.59 1.8884
4018.12 1.9051
4019.65 2.0324
4021.18 2.1928
4022.71 2.1713
4024.24 2.3342
4025.77 2.1738
4027.3 2.0352
4028.83 2.2899
4030.36 2.2308
4031.89 2.171
4033.42 2.1183
4034.95 2.0081
4036.48 1.7696
4038.01 1.8009
4039.54 1.6202
4041.07 1.4845
4042.6 1.4285
4044.13 1.6172
4045.66 1.5337
4047.19 1.5621
4048.72 1.2722
4050.25 1.1232
4051.78 1.376
4053.31 1.282
4054.84 1.3255
4056.37 1.259
4057.9 1.2202
4059.43 1.2241
4060.96 1.2807
4062.49 1.2812
4064.02 1.1421
4065.55 1.2648
4067.08 1.3116
4068.61 1.2579
4070.14 1.259
4071.67 1.121
4073.2 1.1764
4074.73 1.166
4076.26 1.1794
4077.79 1.1072
4079.32 1.1448
4080.85 1.1383
4082.38 1.1584
4083.91 1.0706
4085.44 1.1177
4086.97 1.1873
4088.5 1.2199
4090.03 1.1854
4091.56 1.1935
4093.09 1.1135
4094.62 1.0886
4096.15 1.112
4097.68 1.0645
4099.21 0.99387
4100.74 1.044
4102.27 1.0511
4103.8 1.1051
4105.33 1.1763
4106.86 1.069
4108.39 1.0343
4109.92 1.0185
4111.45 1.0207
4112.98 1.0601
4114.51 1.0293
4116.04 1.0901
4117.57 1.0556
4119.1 1.0672
4120.63 1.0536
4122.16 1.049
4123.69 1.136
4125.22 1.0494
4126.75 0.94714
4128.28 1.0273
4129.81 0.97516
4131.34 0.99718
4132.87 0.91137
4134.4 0.9348
4135.93 0.84734
4137.46 0.92091
4138.99 0.95332
4140.52 1.0019
4142.05 0.97288
4143.58 0.94338
4145.11 0.96598
4146.64 0.97785
4148.17 1.0274
4149.7 0.94787
4151.23 0.97889
4152.76 1.0462
4154.29 0.90447
4155.82 0.94945
4157.35 0.98198
4158.88 0.98841
4160.41 0.9875
4161.94 0.91902
4163.47 0.96681
4165.0 1.0162
4166.53 0.91637
4168.06 0.92203
4169.59 0.92652
4171.12 1.0315
4172.65 0.9686
4174.18 0.96461
4175.71 0.95357
4177.24 0.945
4178.77 0.9221
4180.3 0.88777
4181.83 1.0693
4183.36 1.0096
4184.89 0.89829
4186.42 0.84987
4187.95 0.9413
4189.48 1.0026
4191.01 0.91445
4192.54 0.87937
4194.07 0.93773
4195.6 1.0191
4197.13 0.93266
4198.66 0.89336
4200.19 0.97576
4201.72 0.86262
4203.25 0.79409
4204.78 0.86112
4206.31 0.97332
4207.84 0.89828
4209.37 0.98763
4210.9 1.0343
4212.43 1.0841
4213.96 1.0334
4215.49 0.99543
4217.02 0.86339
4218.55 0.88752
4220.08 0.95802
4221.61 1.0975
4223.14 1.095
4224.67 1.0155
4226.2 0.95421
4227.73 1.0241
4229.26 1.0624
4230.79 0.97511
4232.32 1.0125
4233.85 1.0509
4235.38 0.99122
4236.91 1.0434
4238.44 0.9738
4239.97 0.92664
4241.5 1.1072
4243.03 1.081
4244.56 1.0698
4246.09 1.0294
4247.62 1.0836
4249.15 1.0773
4250.68 1.0557
4252.21 1.0714
4253.74 1.0492
4255.27 1.0582
4256.8 1.1158
4258.33 1.0975
4259.86 1.1139
4261.39 1.1196
4262.92 1.189
4264.45 1.201
4265.98 1.0986
4267.51 1.0632
4269.04 1.1443
4270.57 1.068
4272.1 0.99985
4273.63 1.0784
4275.16 1.1023
4276.69 1.088
4278.22 1.0796
4279.75 1.1179
4281.28 1.073
4282.81 0.99504
4284.34 1.0025
4285.87 1.1203
4287.4 1.0359
4288.93 0.98976
4290.46 1.0751
4291.99 1.0285
4293.52 0.96474
4295.05 1.0243
4296.58 1.1
4298.11 1.0415
4299.64 1.0308
4301.17 1.0502
4302.7 1.1098
4304.23 1.1375
4305.76 1.0769
4307.29 1.095
4308.82 1.0058
4310.35 1.0266
4311.88 0.99711
4313.41 1.0241
4314.94 1.0525
4316.47 1.0407
4318.0 1.0681
4319.53 1.06
4321.06 0.99961
4322.59 1.0061
4324.12 1.0132
4325.65 0.99668
4327.18 1.0383
4328.71 1.0655
4330.24 0.98692
4331.77 1.1639
4333.3 1.0822
4334.83 0.99816
4336.36 1.0563
4337.89 0.98575
4339.42 0.97692
4340.95 1.0043
4342.48 0.94581
4344.01 1.0093
4345.54 0.95227
4347.07 0.95945
4348.6 0.96798
4350.13 1.0369
4351.66 1.0557
4353.19 1.0914
4354.72 1.0143
4356.25 0.96666
4357.78 0.83733
4359.31 0.5821
4360.84 0.61339
4362.37 0.8644
4363.9 0.98411
4365.43 0.9325
4366.96 1.1288
4368.49 0.98063
4370.02 0.87807
4371.55 0.98222
4373.08 0.89567
4374.61 0.85464
4376.14 0.89299
4377.67 0.91843
4379.2 0.85314
4380.73 0.91864
4382.26 0.95747
4383.79 0.9158
4385.32 0.90325
4386.85 0.84272
4388.38 0.89053
4389.91 0.86521
4391.44 0.94948
4392.97 0.87859
4394.5 0.85041
4396.03 0.85102
4397.56 0.9083
4399.09 0.88196
4400.62 0.85848
4402.15 0.89869
4403.68 0.8933
4405.21 0.87121
4406.74 0.92317
4408.27 0.95964
4409.8 0.84771
4411.33 0.87241
4412.86 0.95364
4414.39 0.90661
4415.92 0.84946
4417.45 0.87468
4418.98 0.91256
4420.51 0.93937
4422.04 0.84366
4423.57 0.92638
4425.1 0.86255
4426.63 0.94503
4428.16 0.99136
4429.69 0.90777
4431.22 0.8544
4432.75 0.95167
4434.28 0.82681
4435.81 0.7761
4437.34 0.84838
4438.87 0.95501
4440.4 0.89868
4441.93 0.88766
4443.46 1.0148
4444.99 0.79065
4446.52 0.81352
4448.05 0.87219
4449.58 0.84281
4451.11 0.84267
4452.64 0.86631
4454.17 0.84975
4455.7 0.83383
4457.23 0.89892
4458.76 0.85596
4460.29 0.82153
4461.82 0.98551
4463.35 0.94756
4464.88 0.85697
4466.41 0.9027
4467.94 0.92453
4469.47 0.85607
4471.0 0.88731
4472.53 0.83077
4474.06 0.88913
4475.59 0.90204
4477.12 0.87949
4478.65 0.85845
4480.18 0.96748
4481.71 0.92399
4483.24 0.94437
4484.77 0.9639
4486.3 0.84952
4487.83 0.85471
4489.36 0.92136
4490.89 0.94204
4492.42 0.93764
4493.95 0.93814
4495.48 0.89706
4497.01 0.79227
4498.54 0.86306
4500.07 0.86502
4501.6 0.87294
4503.13 0.87352
4504.66 0.83
4506.19 0.83911
4507.72 0.86779
4509.25 0.86014
4510.78 0.95304
4512.31 0.87467
4513.84 0.91717
4515.37 0.9078
4516.9 0.86239
4518.43 0.96627
4519.96 0.96133
4521.49 0.98782
4523.02 0.89371
4524.55 0.91572
4526.08 0.91819
4527.61 0.89087
4529.14 0.89352
4530.67 0.93553
4532.2 0.91729
4533.73 1.0063
4535.26 0.91595
4536.79 0.92969
4538.32 0.91567
4539.85 0.89694
4541.38 0.97691
4542.91 1.0168
4544.44 0.99122
4545.97 0.87617
4547.5 0.92251
4549.03 0.95791
4550.56 1.0169
4552.09 0.95867
4553.62 0.8934
4555.15 1.02
4556.68 0.94142
4558.21 0.94328
4559.74 0.90932
4561.27 0.91406
4562.8 0.84157
4564.33 0.76518
4565.86 0.82165
4567.39 0.91534
4568.92 0.94237
4570.45 0.85256
4571.98 0.84547
4573.51 0.82261
4575.04 0.88267
4576.57 0.93413
4578.1 0.87967
4579.63 0.80803
4581.16 0.73102
4582.69 0.71198
4584.22 0.73161
4585.75 0.7452
4587.28 0.72914
4588.81 0.69404
4590.34 0.78303
4591.87 0.91124
4593.4 0.88223
4594.93 0.86344
4596.46 0.8254
4597.99 0.85163
4599.52 0.75908
4601.05 0.79986
4602.58 0.73569
4604.11 0.73778
4605.64 0.79793
4607.17 0.85547
4608.7 0.85117
4610.23 0.86932
4611.76 0.83993
4613.29 0.91281
4614.82 0.87102
4616.35 0.82974
4617.88 0.85627
4619.41 0.79347
4620.94 0.83643
4622.47 0.8909
4624.0 0.86113
4625.53 0.80121
4627.06 0.88849
4628.59 0.87583
4630.12 0.77483
4631.65 0.81254
4633.18 0.80099
4634.71 0.78545
4636.24 0.83931
4637.77 0.73097
4639.3 0.83808
4640.83 0.83465
4642.36 0.83424
4643.89 0.82657
4645.42 0.81485
4646.95 0.81953
4648.48 0.82531
4650.01 0.8999
4651.54 0.92137
4653.07 0.81611
4654.6 0.72115
4656.13 0.82987
4657.66 0.76085
4659.19 0.82675
4660.72 0.81373
4662.25 0.87294
4663.78 0.81667
4665.31 0.84569
4666.84 0.8298
4668.37 0.78264
4669.9 0.81033
4671.43 0.79746
4672.96 0.82581
4674.49 0.79828
4676.02 0.85177
4677.55 0.8079
4679.08 0.88914
4680.61 0.92103
4682.14 0.88978
4683.67 0.76479
4685.2 0.82411
4686.73 0.92873
4688.26 0.86988
4689.79 0.84889
4691.32 0.80079
4692.85 0.84152
4694.38 0.80141
4695.91 0.81169
4697.44 0.83958
4698.97 0.81795
4700.5 0.89071
4702.03 0.88485
4703.56 0.83961
4705.09 0.81242
4706.62 0.75363
4708.15 0.77626
4709.68 0.71978
4711.21 0.70521
4712.74 0.77536
4714.27 0.7587
4715.8 0.81304
4717.33 0.83766
4718.86 0.79524
4720.39 0.76666
4721.92 0.78769
4723.45 0.78726
4724.98 0.86997
4726.51 0.85397
4728.04 0.78081
4729.57 0.7965
4731.1 0.74594
4732.63 0.70413
4734.16 0.82445
4735.69 0.83453
4737.22 0.87717
4738.75 0.83146
4740.28 0.80769
4741.81 0.81511
4743.34 0.79212
4744.87 0.8221
4746.4 0.82336
4747.93 0.80101
4749.46 0.77271
4750.99 0.83942
4752.52 0.74511
4754.05 0.79632
4755.58 0.88222
4757.11 0.82281
4758.64 0.77888
4760.17 0.78
4761.7 0.80553
4763.23 0.79049
4764.76 0.84246
4766.29 0.79369
4767.82 0.81894
4769.35 0.79606
4770.88 0.77613
4772.41 0.81927
4773.94 0.75048
4775.47 0.72018
4777.0 0.79124
4778.53 0.82393
4780.06 0.82919
4781.59 0.86819
4783.12 0.83525
4784.65 0.77916
4786.18 0.79896
4787.71 0.80815
4789.24 0.83642
4790.77 0.84792
4792.3 0.87807
4793.83 0.90155
4795.36 0.85973
4796.89 0.82016
4798.42 0.80194
4799.95 0.84612
4801.48 0.79741
4803.01 0.78587
4804.54 0.84573
4806.07 0.84764
4807.6 0.90388
4809.13 0.91041
4810.66 0.80546
4812.19 0.79308
4813.72 0.83851
4815.25 0.80083
4816.78 0.71625
4818.31 0.80577
4819.84 0.84521
4821.37 0.793
4822.9 0.82787
4824.43 0.86493
4825.96 0.89622
4827.49 0.86317
4829.02 0.80869
4830.55 0.90453
4832.08 0.95835
4833.61 0.80286
4835.14 0.76718
4836.67 0.79138
4838.2 0.82068
4839.73 0.86876
4841.26 0.76929
4842.79 0.81086
4844.32 0.72862
4845.85 0.83325
4847.38 0.83505
4848.91 0.85911
4850.44 0.87838
4851.97 0.8421
4853.5 0.86335
4855.03 0.79151
4856.56 0.8327
4858.09 0.90585
4859.62 0.92334
4861.15 0.81234
4862.68 0.83184
4864.21 0.87441
4865.74 0.92627
4867.27 0.87579
4868.8 0.75296
4870.33 0.73798
4871.86 0.83125
4873.39 0.85977
4874.92 0.81843
4876.45 0.85758
4877.98 0.9071
4879.51 0.89586
4881.04 0.87799
4882.57 0.96058
4884.1 0.89788
4885.63 0.8641
4887.16 0.8657
4888.69 0.80705
4890.22 0.73605
4891.75 0.77999
4893.28 0.94583
4894.81 0.9586
4896.34 0.88072
4897.87 0.94388
4899.4 0.90469
4900.93 0.84999
4902.46 0.81023
4903.99 0.86537
4905.52 0.96822
4907.05 1.0161
4908.58 0.9305
4910.11 0.93691
4911.64 0.97116
4913.17 0.99174
4914.7 0.94627
4916.23 0.90605
4917.76 1.0319
4919.29 1.0355
4920.82 0.97134
4922.35 0.94179
4923.88 1.0249
4925.41 0.95163
4926.94 0.67853
4928.47 0.62696
4930.0 0.72903
4931.53 0.68083
4933.06 0.66188
4934.59 0.72028
4936.12 0.84516
4937.65 0.90203
4939.18 0.68573
4940.71 0.73194
4942.24 0.70914
4943.77 0.7762
4945.3 0.82479
4946.83 0.84635
4948.36 0.86996
4949.89 0.94458
4951.42 1.1012
4952.95 1.0518
4954.48 1.0056
4956.01 1.0306
4957.54 1.1995
4959.07 1.1803
4960.6 1.1927
4962.13 1.1966
4963.66 1.1203
4965.19 1.0735
4966.72 1.129
4968.25 1.1208
4969.78 1.0768
4971.31 0.99754
4972.84 1.0062
4974.37 1.0555
4975.9 1.0679
4977.43 1.1041
4978.96 0.89088
4980.49 0.9418
4982.02 1.0728
4983.55 0.95027
4985.08 0.87837
4986.61 0.88719
4988.14 0.94466
4989.67 0.94537
4991.2 0.92946
4992.73 0.95633
4994.26 0.88269
4995.79 0.86808
4997.32 0.90474
4998.85 0.85877
5000.38 0.85692
5001.91 0.92975
5003.44 0.96693
5004.97 0.90321
5006.5 0.93679
5008.03 0.96919
5009.56 0.85731
5011.09 0.87099
5012.62 0.93618
5014.15 0.89829
5015.68 0.81914
5017.21 0.86301
5018.74 0.90909
5020.27 0.91868
5021.8 0.89216
5023.33 0.79407
5024.86 0.76377
5026.39 0.67566
5027.92 0.75103
5029.45 0.7787
5030.98 0.73963
5032.51 0.7622
5034.04 0.74916
5035.57 0.75185
5037.1 0.77231
5038.63 0.76739
5040.16 0.85355
5041.69 0.8981
5043.22 0.9362
5044.75 0.83192
5046.28 0.80096
5047.81 0.74675
5049.34 0.75512
5050.87 0.82615
5052.4 0.77836
5053.93 0.78179
5055.46 0.75435
5056.99 0.78261
5058.52 0.80791
5060.05 0.7932
5061.58 0.7806
5063.11 0.73359
5064.64 0.73054
5066.17 0.79008
5067.7 0.75851
5069.23 0.7427
5070.76 0.72362
5072.29 0.73501
5073.82 0.68777
5075.35 0.68993
5076.88 0.63735
5078.41 0.79231
5079.94 0.90411
5081.47 0.84251
5083.0 0.74367
5084.53 0.74247
5086.06 0.72348
5087.59 0.66656
5089.12 0.65189
5090.65 0.71552
5092.18 0.7816
5093.71 0.74456
5095.24 0.695
5096.77 0.69242
5098.3 0.72184
5099.83 0.70969
5101.36 0.8054
5102.89 0.79867
5104.42 0.73739
5105.95 0.67935
5107.48 0.81321
5109.01 0.7531
5110.54 0.68137
5112.07 0.74706
5113.6 0.71796
5115.13 0.69714
5116.66 0.79291
5118.19 0.76129
5119.72 0.69039
5121.25 0.71882
5122.78 0.6962
5124.31 0.74912
5125.84 0.81294
5127.37 0.80023
5128.9 0.75948
5130.43 0.7281
5131.96 0.83143
5133.49 0.77747
5135.02 0.66118
5136.55 0.76068
5138.08 0.75314
5139.61 0.67157
5141.14 0.74913
5142.67 0.7019
5144.2 0.75539
5145.73 0.71547
5147.26 0.72584
5148.79 0.7348
5150.32 0.73812
5151.85 0.68502
5153.38 0.6698
5154.91 0.61847
5156.44 0.64853
5157.97 0.7224
5159.5 0.71852
5161.03 0.72527
5162.56 0.74847
5164.09 0.7268
5165.62 0.64544
5167.15 0.69218
5168.68 0.68046
5170.21 0.66294
5171.74 0.6726
5173.27 0.63762
5174.8 0.73897
5176.33 0.71024
5177.86 0.74519
5179.39 0.73523
5180.92 0.72314
5182.45 0.80545
5183.98 0.7286
5185.51 0.75014
5187.04 0.69606
5188.57 0.64833
5190.1 0.64704
5191.63 0.65648
5193.16 0.68385
5194.69 0.75078
5196.22 0.77949
5197.75 0.75096
5199.28 0.71366
5200.81 0.71579
5202.34 0.69054
5203.87 0.72061
5205.4 0.84544
5206.93 0.73419
5208.46 0.75984
5209.99 0.76992
5211.52 0.76775
5213.05 0.70911
5214.58 0.70113
5216.11 0.6972
5217.64 0.70718
5219.17 0.68342
5220.7 0.66144
5222.23 0.74793
5223.76 0.70951
5225.29 0.72266
5226.82 0.7115
5228.35 0.62816
5229.88 0.67288
5231.41 0.6754
5232.94 0.68834
5234.47 0.65136
5236.0 0.68559
5237.53 0.68579
5239.06 0.77548
5240.59 0.61458
5242.12 0.63386
5243.65 0.75976
5245.18 0.66083
5246.71 0.67222
5248.24 0.68525
5249.77 0.68033
5251.3 0.66151
5252.83 0.65447
5254.36 0.60549
5255.89 0.72378
5257.42 0.67956
5258.95 0.64765
5260.48 0.68891
5262.01 0.71558
5263.54 0.72927
5265.07 0.6654
5266.6 0.69233
5268.13 0.76344
5269.66 0.71205
5271.19 0.66368
5272.72 0.69118
5274.25 0.69651
5275.78 0.77273
5277.31 0.76359
5278.84 0.66132
5280.37 0.64785
5281.9 0.75377
5283.43 0.71596
5284.96 0.75007
5286.49 0.7573
5288.02 0.60223
5289.55 0.67941
5291.08 0.75608
5292.61 0.67846
5294.14 0.74254
5295.67 0.73265
5297.2 0.71206
5298.73 0.75687
5300.26 0.70284
5301.79 0.61455
5303.32 0.63922
5304.85 0.65792
5306.38 0.7331
5307.91 0.72132
5309.44 0.62721
5310.97 0.71536
5312.5 0.76064
5314.03 0.62069
5315.56 0.70191
5317.09 0.7508
5318.62 0.77337
5320.15 0.64463
5321.68 0.66677
5323.21 0.76655
5324.74 0.73455
5326.27 0.63708
5327.8 0.61037
5329.33 0.65466
5330.86 0.68015
5332.39 0.76861
5333.92 0.7942
5335.45 0.67979
5336.98 0.69977
5338.51 0.69168
5340.04 0.72037
5341.57 0.76801
5343.1 0.79616
5344.63 0.71951
5346.16 0.57712
5347.69 0.58282
5349.22 0.78975
5350.75 0.78949
5352.28 0.67546
5353.81 0.68716
5355.34 0.68556
5356.87 0.69238
5358.4 0.76757
5359.93 0.77669
5361.46 0.74929
5362.99 0.71504
5364.52 0.65334
5366.05 0.6388
5367.58 0.69474
5369.11 0.65025
5370.64 0.67092
5372.17 0.74733
5373.7 0.69258
5375.23 0.81135
5376.76 0.75822
5378.29 0.63597
5379.82 0.67884
5381.35 0.64086
5382.88 0.69187
5384.41 0.68875
5385.94 0.72232
5387.47 0.77664
5389.0 0.66673
5390.53 0.69416
5392.06 0.80962
5393.59 0.77861
5395.12 0.67007
5396.65 0.83369
5398.18 0.83195
5399.71 0.80306
5401.24 0.82223
5402.77 0.8777
5404.3 0.73731
5405.83 0.78649
5407.36 0.6743
5408.89 0.71956
5410.42 0.71622
5411.95 0.57873
5413.48 0.75866
5415.01 0.84496
5416.54 0.5326
5418.07 0.71037
5419.6 0.7726
5421.13 0.7503
5422.66 0.82326
5424.19 0.7755
5425.72 0.70814
5427.25 0.78876
5428.78 0.66636
5430.31 0.71273
5431.84 0.83349
5433.37 0.90122
5434.9 1.0277
5436.43 0.8622
5437.96 0.70856
5439.49 0.82151
5441.02 0.8715
5442.55 0.78514
5444.08 0.81675
5445.61 0.78992
5447.14 0.71102
5448.67 0.78722
5450.2 0.67399
5451.73 0.6488
5453.26 0.65825
5454.79 0.60982
5456.32 0.90703
5457.85 0.81955
5459.38 1.0468
5460.91 1.3143
5462.44 0.76063
5463.97 0.50006
5465.5 0.47808
5467.03 0.6279
5468.56 0.61241
5470.09 0.64493
5471.62 0.75553
5473.15 0.84326
5474.68 0.67254
5476.21 0.78423
5477.74 0.91044
5479.27 1.0958
5480.8 0.89981
5482.33 0.73591
5483.86 0.83733
5485.39 0.72723
5486.92 0.76905
5488.45 0.86939
5489.98 0.96561
5491.51 0.92185
5493.04 0.76911
5494.57 1.0198
5496.1 0.86269
5497.63 0.89905
5499.16 0.74169
5500.69 0.60992
5502.22 0.7608
5503.75 0.80652
5505.28 0.90314
5506.81 0.73837
5508.34 0.62122
5509.87 0.76227
5511.4 0.79977
5512.93 0.69982
5514.46 0.64053
5515.99 0.68892
5517.52 0.8361
5519.05 0.88046
5520.58 0.74848
5522.11 0.75756
5523.64 0.54695
5525.17 0.63331
5526.7 0.73376
5528.23 0.59169
5529.76 0.67017
5531.29 0.74944
5532.82 0.76366
5534.35 0.81241
5535.88 0.74194
5537.41 0.69586
5538.94 0.76768
5540.47 0.76138
5542.0 0.62936
5543.53 0.78363
5545.06 0.77262
5546.59 0.57922
5548.12 0.74
5549.65 0.6881
5551.18 0.69317
5552.71 0.77873
5554.24 0.6429
5555.77 0.52585
5557.3 0.70763
5558.83 0.69006
5560.36 0.66392
5561.89 0.62096
5563.42 0.57402
5564.95 0.45524
5566.48 0.65607
5568.01 0.74945
5569.54 0.57554
5571.07 0.54131
5572.6 0.68807
5574.13 0.81445
5575.66 0.76845
5577.19 1.0303
5578.72 1.128
5580.25 0.59549
5581.78 0.69299
5583.31 0.79411
5584.84 0.63907
5586.37 0.90524
5587.9 0.47766
5589.43 0.46466
5590.96 0.70696
5592.49 0.6977
5594.02 0.66028
5595.55 0.51026
5597.08 0.56923
5598.61 0.68106
5600.14 0.71807
5601.67 0.60388
5603.2 0.53279
5604.73 0.60747
5606.26 0.6997
5607.79 0.60046
5609.32 0.59355
5610.85 0.55962
5612.38 0.64966
5613.91 0.6791
5615.44 0.59344
5616.97 0.61512
5618.5 0.61329
5620.03 0.64851
5621.56 0.59357
5623.09 0.50696
5624.62 0.7807
5626.15 0.73005
5627.68 0.52216
5629.21 0.57297
5630.74 0.49044
5632.27 0.55894
5633.8 0.77522
5635.33 0.60532
5636.86 0.341
5638.39 0.4415
5639.92 0.50974
5641.45 0.60195
5642.98 0.71401
5644.51 0.64973
5646.04 0.30751
5647.57 0.43499
5649.1 0.64588
5650.63 0.47998
5652.16 0.3501
5653.69 0.54776
5655.22 0.67714
5656.75 0.62074
5658.28 0.43162
5659.81 0.38541
5661.34 0.33285
5662.87 0.51569
5664.4 0.61624
5665.93 0.53486
5667.46 0.55116
5668.99 0.58767
5670.52 0.37647
5672.05 0.38794
5673.58 0.7399
5675.11 0.65339
5676.64 0.43614
5678.17 0.34372
5679.7 0.24485
5681.23 0.23244
5682.76 0.31698
5684.29 0.49173
5685.82 0.36818
5687.35 0.13026
5688.88 0.1618
5690.41 -0.01636
5691.94 0.01903
5693.47 0.48617
5695.0 0.37412
5696.53 0.47573
5698.06 0.5621
5699.59 0.62886
5701.12 0.63921
5702.65 0.52701
5704.18 0.53266
5705.71 0.5715
5707.24 0.56809
5708.77 0.56751
5710.3 0.5836
5711.83 0.53287
5713.36 0.38997
5714.89 0.38425
5716.42 0.49111
5717.95 0.57829
5719.48 0.70547
5721.01 0.64869
5722.54 0.42998
5724.07 0.41318
5725.6 0.46685
5727.13 0.3155
5728.66 0.30887
5730.19 0.56462
5731.72 0.6124
5733.25 0.48515
5734.78 0.55523
5736.31 0.60617
5737.84 0.46581
5739.37 0.39058
5740.9 0.39098
5742.43 0.41843
5743.96 0.55427
5745.49 0.58959
5747.02 0.42024
5748.55 0.30801
5750.08 0.43473
5751.61 0.50656
5753.14 0.46903
5754.67 0.60426
5756.2 0.66785
5757.73 0.54125
5759.26 0.45958
5760.79 0.36605
5762.32 0.37203
5763.85 0.50431
5765.38 0.53293
5766.91 0.67682
5768.44 0.89013
5769.97 0.76108
5771.5 0.42905
5773.03 0.49268
5774.56 0.66543
5776.09 0.50864
5777.62 0.44554
5779.15 0.53309
5780.68 0.56907
5782.21 0.62161
5783.74 0.61151
5785.27 0.53078
5786.8 0.63236
5788.33 0.70237
5789.86 0.66248
5791.39 0.71069
5792.92 0.7748
5794.45 0.65195
5795.98 0.62484
5797.51 0.73083
5799.04 0.63911
5800.57 0.55185
5802.1 0.65852
5803.63 0.55842
5805.16 0.39052
5806.69 0.56238
5808.22 0.64059
5809.75 0.40388
5811.28 0.32247
5812.81 0.41797
5814.34 0.42786
5815.87 0.5551
5817.4 0.68376
5818.93 0.56484
5820.46 0.499
5821.99 0.52728
5823.52 0.57092
5825.05 0.67691
5826.58 0.67102
5828.11 0.55492
5829.64 0.51586
5831.17 0.50051
5832.7 0.59462
5834.23 0.67028
5835.76 0.5353
5837.29 0.51368
5838.82 0.69672
5840.35 0.69807
5841.88 0.60503
5843.41 0.59226
5844.94 0.56723
5846.47 0.56941
5848.0 0.55455
5849.53 0.52765
5851.06 0.67525
5852.59 0.68447
5854.12 0.38726
5855.65 0.34108
5857.18 0.53333
5858.71 0.54417
5860.24 0.47048
5861.77 0.52446
5863.3 0.58028
5864.83 0.56173
5866.36 0.51826
5867.89 0.65702
5869.42 0.72005
5870.95 0.46357
5872.48 0.56035
5874.01 0.90054
5875.54 0.82111
5877.07 0.56659
5878.6 0.50772
5880.13 0.51239
5881.66 0.42313
5883.19 0.30724
5884.72 0.40903
5886.25 0.6292
5887.78 0.60749
5889.31 0.61605
5890.84 0.85602
5892.37 0.84429
5893.9 0.37698
5895.43 0.0816
5896.96 0.28876
5898.49 0.56462
5900.02 0.49544
5901.55 0.26043
5903.08 0.33804
5904.61 0.47275
5906.14 0.41524
5907.67 0.37197
5909.2 0.35671
5910.73 0.39571
5912.26 0.53041
5913.79 0.54205
5915.32 0.40934
5916.85 0.35382
5918.38 0.2862
5919.91 0.32011
5921.44 0.54153
5922.97 0.53355
5924.5 0.48076
5926.03 0.43197
5927.56 0.21494
5929.09 0.16169
5930.62 0.29628
5932.15 0.43649
5933.68 0.64022
5935.21 0.76544
5936.74 0.60561
5938.27 0.48457
5939.8 0.51046
5941.33 0.54506
5942.86 0.5407
5944.39 0.55799
5945.92 0.63564
5947.45 0.55433
5948.98 0.37814
5950.51 0.37191
5952.04 0.50757
5953.57 0.48703
5955.1 0.41508
5956.63 0.5166
5958.16 0.46108
5959.69 0.34335
5961.22 0.37507
5962.75 0.34986
5964.28 0.24494
5965.81 0.38763
5967.34 0.56996
5968.87 0.52151
5970.4 0.48396
5971.93 0.39426
5973.46 0.34627
5974.99 0.56603
5976.52 0.6829
5978.05 0.55734
5979.58 0.44693
5981.11 0.51018
5982.64 0.44223
5984.17 0.39893
5985.7 0.54346
5987.23 0.50244
5988.76 0.39319
5990.29 0.48242
5991.82 0.57601
5993.35 0.53935
5994.88 0.55443
5996.41 0.40596
5997.94 0.30467
5999.47 0.45386
6001.0 0.50201
6002.53 0.51865
6004.06 0.4293
6005.59 0.35349
6007.12 0.31228
6008.65 0.33899
6010.18 0.38613
6011.71 0.37283
6013.24 0.37452
6014.77 0.3502
6016.3 0.33816
6017.83 0.31704
6019.36 0.47818
6020.89 0.54264
6022.42 0.45647
6023.95 0.51899
6025.48 0.48396
6027.01 0.4098
6028.54 0.47582
6030.07 0.51967
6031.6 0.32085
6033.13 0.31523
6034.66 0.54046
6036.19 0.53275
6037.72 0.47026
6039.25 0.55255
6040.78 0.54807
6042.31 0.4269
6043.84 0.43587
6045.37 0.38631
6046.9 0.44677
6048.43 0.56975
6049.96 0.45383
6051.49 0.28462
6053.02 0.22893
6054.55 0.4219
6056.08 0.50643
6057.61 0.36187
6059.14 0.17673
6060.67 0.24237
6062.2 0.46578
6063.73 0.427
6065.26 0.38171
6066.79 0.51101
6068.32 0.45902
6069.85 0.30601
6071.38 0.48374
6072.91 0.5902
6074.44 0.42881
6075.97 0.36862
6077.5 0.44527
6079.03 0.43059
6080.56 0.46375
6082.09 0.48881
6083.62 0.37698
6085.15 0.29105
6086.68 0.34679
6088.21 0.54592
6089.74 0.5021
6091.27 0.50041
6092.8 0.63838
6094.33 0.42291
6095.86 0.28214
6097.39 0.29601
6098.92 0.27578
6100.45 0.36767
6101.98 0.53545
6103.51 0.54561
6105.04 0.49262
6106.57 0.49194
6108.1 0.4172
6109.63 0.3416
6111.16 0.36792
6112.69 0.40182
6114.22 0.36571
6115.75 0.40249
6117.28 0.3529
6118.81 0.27312
6120.34 0.38032
6121.87 0.49925
6123.4 0.56656
6124.93 0.5466
6126.46 0.50849
6127.99 0.52249
6129.52 0.54224
6131.05 0.45261
6132.58 0.25567
6134.11 0.30727
6135.64 0.42267
6137.17 0.27433
6138.7 0.2367
6140.23 0.43974
6141.76 0.53969
6143.29 0.59588
6144.82 0.61056
6146.35 0.46931
6147.88 0.39583
6149.41 0.45107
6150.94 0.39334
6152.47 0.37842
6154.0 0.52222
6155.53 0.52332
6157.06 0.45918
6158.59 0.53407
6160.12 0.55636
6161.65 0.33491
6163.18 0.351
6164.71 0.63196
6166.24 0.57595
6167.77 0.42571
6169.3 0.5189
6170.83 0.49667
6172.36 0.40532
6173.89 0.51924
6175.42 0.45921
6176.95 0.30718
6178.48 0.32585
6180.01 0.32969
6181.54 0.3245
6183.07 0.43004
6184.6 0.53352
6186.13 0.52311
6187.66 0.46612
6189.19 0.52642
6190.72 0.56087
6192.25 0.46676
6193.78 0.37655
6195.31 0.33095
6196.84 0.41861
6198.37 0.53318
6199.9 0.4967
6201.43 0.46473
6202.96 0.50484
6204.49 0.43406
6206.02 0.33304
6207.55 0.35736
6209.08 0.38533
6210.61 0.36856
6212.14 0.42912
6213.67 0.47533
6215.2 0.3712
6216.73 0.42297
6218.26 0.5212
6219.79 0.46639
6221.32 0.44063
6222.85 0.38361
6224.38 0.35585
6225.91 0.43999
6227.44 0.4725
6228.97 0.49756
6230.5 0.5353
6232.03 0.60328
6233.56 0.54184
6235.09 0.39267
6236.62 0.31639
6238.15 0.27045
6239.68 0.42767
6241.21 0.59106
6242.74 0.51119
6244.27 0.39126
6245.8 0.48144
6247.33 0.54463
6248.86 0.39881
6250.39 0.44256
6251.92 0.52771
6253.45 0.47115
6254.98 0.40676
6256.51 0.37397
6258.04 0.40053
6259.57 0.52652
6261.1 0.56649
6262.63 0.39258
6264.16 0.3989
6265.69 0.5193
6267.22 0.39562
6268.75 0.38837
6270.28 0.55704
6271.81 0.47646
6273.34 0.36328
6274.87 0.40295
6276.4 0.44042
6277.93 0.45991
6279.46 0.44281
6280.99 0.37081
6282.52 0.33936
6284.05 0.3756
6285.58 0.35398
6287.11 0.31501
6288.64 0.3264
6290.17 0.33595
6291.7 0.31142
6293.23 0.3327
6294.76 0.40992
6296.29 0.41699
6297.82 0.39101
6299.35 0.37827
6300.88 0.38803
6302.41 0.36706
6303.94 0.39073
6305.47 0.46219
6307.0 0.48261
6308.53 0.43922
6310.06 0.3428
6311.59 0.37265
6313.12 0.46731
6314.65 0.50662
6316.18 0.43624
6317.71 0.35398
6319.24 0.45826
6320.77 0.49268
6322.3 0.5341
6323.83 0.58906
6325.36 0.4145
6326.89 0.33859
6328.42 0.44597
6329.95 0.44954
6331.48 0.39795
6333.01 0.45353
6334.54 0.43117
6336.07 0.40986
6337.6 0.55209
6339.13 0.531
6340.66 0.41235
6342.19 0.51896
6343.72 0.45224
6345.25 0.29778
6346.78 0.47662
6348.31 0.51353
6349.84 0.35868
6351.37 0.39344
6352.9 0.42405
6354.43 0.31424
6355.96 0.3214
6357.49 0.39113
6359.02 0.3942
6360.55 0.38465
6362.08 0.37547
6363.61 0.45052
6365.14 0.50785
6366.67 0.4877
6368.2 0.42641
6369.73 0.37424
6371.26 0.42049
6372.79 0.45568
6374.32 0.35607
6375.85 0.23531
6377.38 0.27923
6378.91 0.35367
6380.44 0.41229
6381.97 0.44554
6383.5 0.2761
6385.03 0.25161
6386.56 0.39181
6388.09 0.35152
6389.62 0.3362
6391.15 0.36199
6392.68 0.37713
6394.21 0.41855
6395.74 0.45872
6397.27 0.42635
6398.8 0.33365
6400.33 0.40222
6401.86 0.47904
6403.39 0.36869
6404.92 0.29931
6406.45 0.33859
6407.98 0.36998
6409.51 0.36826
6411.04 0.34022
6412.57 0.38837
6414.1 0.46842
6415.63 0.45429
6417.16 0.34001
6418.69 0.22633
6420.22 0.26496
6421.75 0.36712
6423.28 0.42251
6424.81 0.41057
6426.34 0.34295
6427.87 0.28833
6429.4 0.40163
6430.93 0.38957
6432.46 0.25835
6433.99 0.34366
6435.52 0.36224
6437.05 0.28449
6438.58 0.39208
6440.11 0.52513
6441.64 0.4753
6443.17 0.46781
6444.7 0.56999
6446.23 0.53075
6447.76 0.43707
6449.29 0.4807
6450.82 0.46949
6452.35 0.47269
6453.88 0.56045
6455.41 0.47471
6456.94 0.36491
6458.47 0.48322
6460.0 0.52673
6461.53 0.45961
6463.06 0.48961
6464.59 0.51389
6466.12 0.45546
6467.65 0.41662
6469.18 0.46212
6470.71 0.35981
6472.24 0.2886
6473.77 0.40888
6475.3 0.42721
6476.83 0.37513
6478.36 0.42168
6479.89 0.45684
6481.42 0.46848
6482.95 0.485
6484.48 0.441
6486.01 0.31928
6487.54 0.32281
6489.07 0.48033
6490.6 0.45442
6492.13 0.40151
6493.66 0.4608
6495.19 0.46952
6496.72 0.53253
6498.25 0.50511
6499.78 0.28499
6501.31 0.27578
6502.84 0.41327
6504.37 0.47659
6505.9 0.4094
6507.43 0.33942
6508.96 0.40351
6510.49 0.45859
6512.02 0.39522
6513.55 0.33089
6515.08 0.32567
6516.61 0.32874
6518.14 0.37624
6519.67 0.33101
6521.2 0.34167
6522.73 0.40738
6524.26 0.38628
6525.79 0.33147
6527.32 0.30174
6528.85 0.38278
6530.38 0.42371
6531.91 0.39761
6533.44 0.36651
6534.97 0.37587
6536.5 0.47551
6538.03 0.52676
6539.56 0.39918
6541.09 0.36958
6542.62 0.42429
6544.15 0.34375
6545.68 0.35733
6547.21 0.4274
6548.74 0.36718
6550.27 0.45687
6551.8 0.67654
6553.33 0.83665
6554.86 0.93343
6556.39 0.95953
6557.92 0.87383
6559.45 0.75567
6560.98 0.76464
6562.51 0.72116
6564.04 0.52633
6565.57 0.49946
6567.1 0.51743
6568.63 0.39301
6570.16 0.42006
6571.69 0.49369
6573.22 0.43461
6574.75 0.4281
6576.28 0.45138
6577.81 0.42555
6579.34 0.49452
6580.87 0.60079
6582.4 0.47588
6583.93 0.36583
6585.46 0.49274
6586.99 0.48506
6588.52 0.32244
6590.05 0.30176
6591.58 0.28152
6593.11 0.23451
6594.64 0.34228
6596.17 0.36608
6597.7 0.24591
6599.23 0.25464
6600.76 0.3514
6602.29 0.35505
6603.82 0.39681
6605.35 0.39457
6606.88 0.31689
6608.41 0.33832
6609.94 0.37974
6611.47 0.30767
6613.0 0.24616
6614.53 0.24224
6616.06 0.23092
6617.59 0.24838
6619.12 0.3303
6620.65 0.44272
6622.18 0.40569
6623.71 0.3089
6625.24 0.38382
6626.77 0.46323
6628.3 0.46443
6629.83 0.44917
6631.36 0.38272
6632.89 0.36193
6634.42 0.38656
6635.95 0.3495
6637.48 0.3864
6639.01 0.4008
6640.54 0.27614
6642.07 0.26415
6643.6 0.36153
6645.13 0.39046
6646.66 0.35183
6648.19 0.3619
6649.72 0.40427
6651.25 0.39823
6652.78 0.51193
6654.31 0.51288
6655.84 0.38809
6657.37 0.44954
6658.9 0.4215
6660.43 0.36328
6661.96 0.45608
6663.49 0.46145
6665.02 0.44653
6666.55 0.44947
6668.08 0.44708
6669.61 0.43464
6671.14 0.40817
6672.67 0.40065
6674.2 0.29976
6675.73 0.23523
6677.26 0.40474
6678.79 0.4285
6680.32 0.24915
6681.85 0.29252
6683.38 0.42601
6684.91 0.41014
6686.44 0.34483
6687.97 0.31553
6689.5 0.379
6691.03 0.46409
6692.56 0.43323
6694.09 0.3825
6695.62 0.39245
6697.15 0.48875
6698.68 0.5598
6700.21 0.40157
6701.74 0.33859
6703.27 0.43302
6704.8 0.38247
6706.33 0.32168
6707.86 0.3712
6709.39 0.38911
6710.92 0.41708
6712.45 0.4449
6713.98 0.35039
6715.51 0.35204
6717.04 0.39921
6718.57 0.28156
6720.1 0.26695
6721.63 0.40357
6723.16 0.38834
6724.69 0.28739
6726.22 0.30025
6727.75 0.3545
6729.28 0.35214
6730.81 0.38002
6732.34 0.43292
6733.87 0.3981
6735.4 0.42408
6736.93 0.48755
6738.46 0.39856
6739.99 0.32674
6741.52 0.3643
6743.05 0.34989
6744.58 0.30563
6746.11 0.34455
6747.64 0.3673
6749.17 0.36875
6750.7 0.48463
6752.23 0.51795
6753.76 0.36859
6755.29 0.36325
6756.82 0.39433
6758.35 0.30594
6759.88 0.24759
6761.41 0.26409
6762.94 0.38736
6764.47 0.44404
6766.0 0.36052
6767.53 0.3031
6769.06 0.28865
6770.59 0.37381
6772.12 0.44481
6773.65 0.40731
6775.18 0.3561
6776.71 0.2945
6778.24 0.2702
6779.77 0.33439
6781.3 0.3643
6782.83 0.38791
6784.36 0.4165
6785.89 0.32131
6787.42 0.25369
6788.95 0.36675
6790.48 0.42132
6792.01 0.33172
6793.54 0.35818
6795.07 0.3942
6796.6 0.36408
6798.13 0.38438
6799.66 0.42519
6801.19 0.38865
6802.72 0.36866
6804.25 0.39844
6805.78 0.37443
6807.31 0.37664
6808.84 0.39411
6810.37 0.37983
6811.9 0.36595
6813.43 0.35975
6814.96 0.3299
6816.49 0.2694
6818.02 0.2993
6819.55 0.39798
6821.08 0.4546
6822.61 0.44564
6824.14 0.31326
6825.67 0.20393
6827.2 0.27594
6828.73 0.40329
6830.26 0.3822
6831.79 0.30552
6833.32 0.35711
6834.85 0.35072
6836.38 0.3097
6837.91 0.41969
6839.44 0.45543
6840.97 0.3195
6842.5 0.28954
6844.03 0.34821
6845.56 0.35266
6847.09 0.4067
6848.62 0.41167
6850.15 0.36236
6851.68 0.33838
6853.21 0.3021
6854.74 0.29157
6856.27 0.26633
6857.8 0.20614
6859.33 0.25933
6860.86 0.38161
6862.39 0.51211
6863.92 0.49031
6865.45 0.31529
6866.98 0.2939
6868.51 0.27973
6870.04 0.14083
6871.57 0.12261
6873.1 0.15603
6874.63 0.14612
6876.16 0.22186
6877.69 0.32321
6879.22 0.34897
6880.75 0.37762
6882.28 0.35226
6883.81 0.28283
6885.34 0.34375
6886.87 0.38883
6888.4 0.32063
6889.93 0.3183
6891.46 0.37959
6892.99 0.30586
6894.52 0.1559
6896.05 0.19961
6897.58 0.35533
6899.11 0.34099
6900.64 0.25779
6902.17 0.26344
6903.7 0.2179
6905.23 0.20326
6906.76 0.21051
6908.29 0.17224
6909.82 0.26965
6911.35 0.31219
6912.88 0.23024
6914.41 0.27901
6915.94 0.38422
6917.47 0.38997
6919.0 0.37778
6920.53 0.40879
6922.06 0.38422
6923.59 0.35496
6925.12 0.39135
6926.65 0.32558
6928.18 0.21405
6929.71 0.23157
6931.24 0.24866
6932.77 0.21856
6934.3 0.29043
6935.83 0.36466
6937.36 0.28283
6938.89 0.21653
6940.42 0.30715
6941.95 0.34824
6943.48 0.31532
6945.01 0.34461
6946.54 0.40645
6948.07 0.44705
6949.6 0.49916
6951.13 0.4219
6952.66 0.28448
6954.19 0.31581
6955.72 0.34056
6957.25 0.26942
6958.78 0.26026
6960.31 0.30681
6961.84 0.31873
6963.37 0.33856
6964.9 0.33245
6966.43 0.23398
6967.96 0.19045
6969.49 0.31455
6971.02 0.28763
6972.55 0.21895
6974.08 0.30715
6975.61 0.26918
6977.14 0.14033
6978.67 0.2554
6980.2 0.36156
6981.73 0.29321
6983.26 0.28051
6984.79 0.27357
6986.32 0.26418
6987.85 0.31762
6989.38 0.29601
6990.91 0.28128
6992.44 0.29136
6993.97 0.28497
6995.5 0.31136
6997.03 0.3089
6998.56 0.35502
7000.09 0.31728
7001.62 0.26879
7003.15 0.38429
7004.68 0.34357
7006.21 0.26344
7007.74 0.32398
7009.27 0.37867
7010.8 0.35858
7012.33 0.33337
7013.86 0.3343
7015.39 0.31302
7016.92 0.27823
7018.45 0.3015
7019.98 0.32143
7021.51 0.33476
7023.04 0.33955
7024.57 0.33592
7026.1 0.43563
7027.63 0.55077
7029.16 0.59474
7030.69 0.45534
7032.22 0.27656
7033.75 0.21219
7035.28 0.20737
7036.81 0.34689
7038.34 0.41471
7039.87 0.31569
7041.4 0.31498
7042.93 0.36727
7044.46 0.36927
7045.99 0.35908
7047.52 0.39248
7049.05 0.42555
7050.58 0.402
7052.11 0.3483
7053.64 0.3265
7055.17 0.36473
7056.7 0.41625
7058.23 0.40117
7059.76 0.37833
7061.29 0.47868
7062.82 0.48073
7064.35 0.32438
7065.88 0.28647
7067.41 0.35938
7068.94 0.35607
7070.47 0.27357
7072.0 0.27068
7073.53 0.33816
7075.06 0.34682
7076.59 0.38604
7078.12 0.35115
7079.65 0.28036
7081.18 0.31428
7082.71 0.25042
7084.24 0.19276
7085.77 0.29758
7087.3 0.32834
7088.83 0.3389
7090.36 0.39856
7091.89 0.44481
7093.42 0.37661
7094.95 0.23267
7096.48 0.19847
7098.01 0.28048
7099.54 0.30958
7101.07 0.2859
7102.6 0.27629
7104.13 0.23429
7105.66 0.26349
7107.19 0.28027
7108.72 0.30942
7110.25 0.41066
7111.78 0.39509
7113.31 0.29795
7114.84 0.31455
7116.37 0.32054
7117.9 0.27871
7119.43 0.29265
7120.96 0.33715
7122.49 0.35972
7124.02 0.30184
7125.55 0.28082
7127.08 0.24351
7128.61 0.25352
7130.14 0.34157
7131.67 0.30584
7133.2 0.2823
7134.73 0.34357
7136.26 0.33393
7137.79 0.27244
7139.32 0.33331
7140.85 0.42101
7142.38 0.38309
7143.91 0.37142
7145.44 0.3487
7146.97 0.34986
7148.5 0.42841
7150.03 0.38318
7151.56 0.26336
7153.09 0.21476
7154.62 0.28043
7156.15 0.38373
7157.68 0.35275
7159.21 0.28126
7160.74 0.42635
7162.27 0.62511
7163.8 0.55605
7165.33 0.32837
7166.86 0.20042
7168.39 0.23812
7169.92 0.28901
7171.45 0.26971
7172.98 0.27425
7174.51 0.31664
7176.04 0.2765
7177.57 0.27141
7179.1 0.33534
7180.63 0.36715
7182.16 0.32343
7183.69 0.2816
7185.22 0.27393
7186.75 0.25618
7188.28 0.29215
7189.81 0.33396
7191.34 0.27923
7192.87 0.2481
7194.4 0.26236
7195.93 0.19496
7197.46 0.18087
7198.99 0.27039
7200.52 0.27178
7202.05 0.24732
7203.58 0.26816
7205.11 0.20891
7206.64 0.18619
7208.17 0.25854
7209.7 0.26184
7211.23 0.22384
7212.76 0.30014
7214.29 0.32441
7215.82 0.26396
7217.35 0.28103
7218.88 0.23633
7220.41 0.14964
7221.94 0.1452
7223.47 0.23373
7225.0 0.26658
7226.53 0.21387
7228.06 0.30314
7229.59 0.3942
7231.12 0.35339
7232.65 0.31793
7234.18 0.33866
7235.71 0.37237
7237.24 0.34888
7238.77 0.30173
7240.3 0.23046
7241.83 0.28093
7243.36 0.36383
7244.89 0.2686
7246.42 0.27148
7247.95 0.37495
7249.48 0.36534
7251.01 0.26604
7252.54 0.19498
7254.07 0.17419
7255.6 0.16924
7257.13 0.23665
7258.66 0.2686
7260.19 0.29053
7261.72 0.39046
7263.25 0.35751
7264.78 0.26487
7266.31 0.31722
7267.84 0.44263
7269.37 0.44088
7270.9 0.30967
7272.43 0.34695
7273.96 0.351
7275.49 0.26315
7277.02 0.3014
7278.55 0.2973
7280.08 0.30512
7281.61 0.40639
7283.14 0.33509
7284.67 0.19869
7286.2 0.21309
7287.73 0.21258
7289.26 0.17669
7290.79 0.26804
7292.32 0.3366
7293.85 0.30422
7295.38 0.30092
7296.91 0.32865
7298.44 0.29439
7299.97 0.21303
7301.5 0.25115
7303.03 0.24927
7304.56 0.25592
7306.09 0.34489
7307.62 0.3074
7309.15 0.23508
7310.68 0.33282
7312.21 0.30695
7313.74 0.17238
7315.27 0.19555
7316.8 0.20068
7318.33 0.16412
7319.86 0.25441
7321.39 0.31053
7322.92 0.2606
7324.45 0.24268
7325.98 0.24529
7327.51 0.25599
7329.04 0.28621
7330.57 0.42454
7332.1 0.38386
7333.63 0.25334
7335.16 0.36187
7336.69 0.42067
7338.22 0.29391
7339.75 0.1803
7341.28 0.09825
7342.81 0.16805
7344.34 0.20606
7345.87 0.14695
7347.4 0.1406
7348.93 0.27838
7350.46 0.32217
7351.99 0.26393
7353.52 0.29933
7355.05 0.26242
7356.58 0.22338
7358.11 0.22254
7359.64 0.24827
7361.17 0.30412
7362.7 0.28394
7364.23 0.3506
7365.76 0.42291
7367.29 0.3642
7368.82 0.3036
7370.35 0.33998
7371.88 0.3366
7373.41 0.27888
7374.94 0.26482
7376.47 0.17549
7378.0 0.16384
7379.53 0.28352
7381.06 0.27751
7382.59 0.26582
7384.12 0.39169
7385.65 0.38339
7387.18 0.30715
7388.71 0.37864
7390.24 0.37243
7391.77 0.31449
7393.3 0.34636
7394.83 0.37879
7396.36 0.28045
7397.89 0.18647
7399.42 0.27513
7400.95 0.31099
7402.48 0.29282
7404.01 0.32349
7405.54 0.24984
7407.07 0.20811
7408.6 0.25979
7410.13 0.24396
7411.66 0.21148
7413.19 0.28558
7414.72 0.30415
7416.25 0.22277
7417.78 0.18578
7419.31 0.1955
7420.84 0.25827
7422.37 0.31081
7423.9 0.29744
7425.43 0.27417
7426.96 0.30318
7428.49 0.31854
7430.02 0.25664
7431.55 0.22622
7433.08 0.29809
7434.61 0.36276
7436.14 0.31907
7437.67 0.21053
7439.2 0.21992
7440.73 0.30169
7442.26 0.31922
7443.79 0.26953
7445.32 0.22966
7446.85 0.26082
7448.38 0.24867
7449.91 0.16743
7451.44 0.17492
7452.97 0.22253
7454.5 0.21631
7456.03 0.25537
7457.56 0.31599
7459.09 0.30034
7460.62 0.26784
7462.15 0.25195
7463.68 0.19404
7465.21 0.17247
7466.74 0.2935
7468.27 0.3065
7469.8 0.15428
7471.33 0.18354
7472.86 0.30618
7474.39 0.32573
7475.92 0.28616
7477.45 0.27028
7478.98 0.28253
7480.51 0.26157
7482.04 0.21141
7483.57 0.20338
7485.1 0.28103
7486.63 0.35355
7488.16 0.35849
7489.69 0.328
7491.22 0.30181
7492.75 0.28648
7494.28 0.30718
7495.81 0.31587
7497.34 0.25936
7498.87 0.18606
7500.4 0.253
7501.93 0.32828
7503.46 0.28873
7504.99 0.28072
7506.52 0.32017
7508.05 0.3019
7509.58 0.29223
7511.11 0.27424
7512.64 0.23614
7514.17 0.27287
7515.7 0.27934
7517.23 0.21702
7518.76 0.23124
7520.29 0.30746
7521.82 0.31633
7523.35 0.28273
7524.88 0.27016
7526.41 0.31897
7527.94 0.24502
7529.47 0.18951
7531.0 0.2613
7532.53 0.24579
7534.06 0.2845
7535.59 0.29326
7537.12 0.20906
7538.65 0.24258
7540.18 0.32462
7541.71 0.23315
7543.24 0.13056
7544.77 0.19435
7546.3 0.25499
7547.83 0.24448
7549.36 0.23043
7550.89 0.28097
7552.42 0.27999
7553.95 0.23652
7555.48 0.25472
7557.01 0.27737
7558.54 0.25107
7560.07 0.20353
7561.6 0.15579
7563.13 0.11763
7564.66 0.27208
7566.19 0.29085
7567.72 0.10851
7569.25 0.11159
7570.78 0.35877
7572.31 0.47428
7573.84 0.34087
7575.37 0.2259
7576.9 0.18418
7578.43 0.28795
7579.96 0.36844
7581.49 0.2204
7583.02 0.24982
7584.55 0.27094
7586.08 0.15826
7587.61 0.19713
7589.14 0.29451
7590.67 0.24003
7592.2 0.17035
7593.73 0.20643
7595.26 0.18073
7596.79 0.09881
7598.32 0.08264
7599.85 0.09608
7601.38 0.09059
7602.91 0.10906
7604.44 0.13079
7605.97 0.04762
7607.5 0.02823
7609.03 0.14414
7610.56 0.11289
7612.09 0.01581
7613.62 0.06529
7615.15 0.16786
7616.68 0.22379
7618.21 0.19486
7619.74 0.16672
7621.27 0.2053
7622.8 0.19364
7624.33 0.07972
7625.86 0.03234
7627.39 0.12197
7628.92 0.19301
7630.45 0.15605
7631.98 0.10825
7633.51 0.11445
7635.04 0.09169
7636.57 0.1294
7638.1 0.23428
7639.63 0.17501
7641.16 0.16893
7642.69 0.21471
7644.22 0.09376
7645.75 0.06267
7647.28 0.21011
7648.81 0.23472
7650.34 0.16011
7651.87 0.21035
7653.4 0.27529
7654.93 0.21212
7656.46 0.13765
7657.99 0.1811
7659.52 0.1551
7661.05 0.13316
7662.58 0.23694
7664.11 0.24135
7665.64 0.20047
7667.17 0.21197
7668.7 0.21743
7670.23 0.2585
7671.76 0.28588
7673.29 0.241
7674.82 0.21479
7676.35 0.24555
7677.88 0.26687
7679.41 0.26151
7680.94 0.2754
7682.47 0.3026
7684.0 0.20501
7685.53 0.18017
7687.06 0.32736
7688.59 0.30517
7690.12 0.14942
7691.65 0.13702
7693.18 0.1701
7694.71 0.2505
7696.24 0.40329
7697.77 0.37575
7699.3 0.30353
7700.83 0.31636
7702.36 0.29717
7703.89 0.26519
7705.42 0.29215
7706.95 0.30709
7708.48 0.27782
7710.01 0.28358
7711.54 0.41726
7713.07 0.39611
7714.6 0.21626
7716.13 0.16484
7717.66 0.17326
7719.19 0.22577
7720.72 0.23045
7722.25 0.21476
7723.78 0.31633
7725.31 0.42528
7726.84 0.30567
7728.37 0.17002
7729.9 0.17155
7731.43 0.25413
7732.96 0.27815
7734.49 0.25847
7736.02 0.28372
7737.55 0.2629
7739.08 0.23565
7740.61 0.29336
7742.14 0.29317
7743.67 0.2424
7745.2 0.35515
7746.73 0.3561
7748.26 0.28724
7749.79 0.28577
7751.32 0.28036
7752.85 0.33602
7754.38 0.38966
7755.91 0.41674
7757.44 0.32508
7758.97 0.35432
7760.5 0.42973
7762.03 0.32103
7763.56 0.21135
7765.09 0.20967
7766.62 0.22341
7768.15 0.26964
7769.68 0.31369
7771.21 0.28762
7772.74 0.18422
7774.27 0.20525
7775.8 0.30549
7777.33 0.29741
7778.86 0.26323
7780.39 0.30086
7781.92 0.30705
7783.45 0.37363
7784.98 0.38174
7786.51 0.22118
7788.04 0.14953
7789.57 0.29545
7791.1 0.36595
7792.63 0.27657
7794.16 0.24023
7795.69 0.10963
7797.22 0.08895
7798.75 0.22935
7800.28 0.32238
7801.81 0.28954
7803.34 0.29622
7804.87 0.36921
7806.4 0.33657
7807.93 0.33565
7809.46 0.40022
7810.99 0.27959
7812.52 0.20857
7814.05 0.28454
7815.58 0.2051
7817.11 0.13664
7818.64 0.28276
7820.17 0.36027
7821.7 0.30434
7823.23 0.25613
7824.76 0.1941
7826.29 0.15351
7827.82 0.26207
7829.35 0.3381
7830.88 0.21255
7832.41 0.20869
7833.94 0.30915
7835.47 0.26146
7837.0 0.2728
7838.53 0.32723
7840.06 0.26045
7841.59 0.1703
7843.12 0.20796
7844.65 0.24576
7846.18 0.28022
7847.71 0.44072
7849.24 0.38269
7850.77 0.1819
7852.3 0.20171
7853.83 0.20384
7855.36 0.13878
7856.89 0.18435
7858.42 0.2679
7859.95 0.24359
7861.48 0.19733
7863.01 0.27919
7864.54 0.3046
7866.07 0.28132
7867.6 0.39144
7869.13 0.40667
7870.66 0.22497
7872.19 0.13079
7873.72 0.25213
7875.25 0.32748
7876.78 0.3183
7878.31 0.35149
7879.84 0.24492
7881.37 0.18895
7882.9 0.27294
7884.43 0.20458
7885.96 0.1692
7887.49 0.20137
7889.02 0.14908
7890.55 0.18829
7892.08 0.25165
7893.61 0.25804
7895.14 0.22292
7896.67 0.25724
7898.2 0.31041
7899.73 0.20997
7901.26 0.1958
7902.79 0.21183
7904.32 0.09993
7905.85 0.16376
7907.38 0.30906
7908.91 0.3044
7910.44 0.25136
7911.97 0.49851
7913.5 0.59987
7915.03 0.42294
7916.56 0.37771
7918.09 0.28508
7919.62 0.25175
7921.15 0.30416
7922.68 0.37581
7924.21 0.33178
7925.74 0.32272
7927.27 0.41782
7928.8 0.35794
7930.33 0.26969
7931.86 0.3233
7933.39 0.25297
7934.92 0.16283
7936.45 0.24073
7937.98 0.31357
7939.51 0.31956
7941.04 0.28593
7942.57 0.18002
7944.1 0.15705
7945.63 0.25097
7947.16 0.28719
7948.69 0.24688
7950.22 0.25576
7951.75 0.32539
7953.28 0.28452
7954.81 0.24322
7956.34 0.28355
7957.87 0.2029
7959.4 0.196
7960.93 0.37034
7962.46 0.38551
7963.99 0.13131
7965.52 0.08527
7967.05 0.21185
7968.58 0.2152
7970.11 0.23822
7971.64 0.24364
7973.17 0.16058
7974.7 0.22383
7976.23 0.342
7977.76 0.19838
7979.29 0.16967
7980.82 0.3268
7982.35 0.26952
7983.88 0.19231
7985.41 0.20865
7986.94 0.23527
7988.47 0.24054
7990.0 0.30184
7991.53 0.35254
7993.06 0.14612
7994.59 0.11645
7996.12 0.37114
7997.65 0.36589
7999.18 0.25702
8000.71 0.30181
8002.24 0.31133
8003.77 0.25847
8005.3 0.23744
8006.83 0.17645
8008.36 0.16324
8009.89 0.30345
8011.42 0.22649
8012.95 -0.00321
8014.48 0.0427
8016.01 0.20805
8017.54 0.24571
8019.07 0.19683
8020.6 0.17132
8022.13 0.17253
8023.66 0.21619
8025.19 0.21524
8026.72 0.13826
8028.25 0.2017
8029.78 0.27168
8031.31 0.20827
8032.84 0.21765
8034.37 0.31971
8035.9 0.34569
8037.43 0.30026
8038.96 0.24681
8040.49 0.14862
8042.02 0.16305
8043.55 0.28036
8045.08 0.24417
8046.61 0.10893
8048.14 0.11659
8049.67 0.20887
8051.2 0.22995
8052.73 0.25232
8054.26 0.32508
8055.79 0.314
8057.32 0.30436
8058.85 0.28925
8060.38 0.2647
8061.91 0.37928
8063.44 0.37394
8064.97 0.11863
8066.5 0.01201
8068.03 0.17583
8069.56 0.24426
8071.09 0.15777
8072.62 0.24077
8074.15 0.3005
8075.68 0.25669
8077.21 0.16025
8078.74 0.13975
8080.27 0.19442
8081.8 0.22393
8083.33 0.25357
8084.86 0.21909
8086.39 0.13945
8087.92 0.16328
8089.45 0.16391
8090.98 0.22392
8092.51 0.27599
8094.04 0.23121
8095.57 0.1811
8097.1 0.21817
8098.63 0.29358
8100.16 0.29249
8101.69 0.28606
8103.22 0.28445
8104.75 0.23933
8106.28 0.18783
8107.81 0.23952
8109.34 0.16784
8110.87 0.11957
8112.4 0.1717
8113.93 0.26272
8115.46 0.32432
8116.99 0.23789
8118.52 0.11886
8120.05 0.08728
8121.58 0.19033
8123.11 0.23869
8124.64 0.12608
8126.17 0.07862
8127.7 0.14903
8129.23 0.14527
8130.76 0.17154
8132.29 0.29849
8133.82 0.28096
8135.35 0.15193
8136.88 0.15468
8138.41 0.20832
8139.94 0.13913
8141.47 0.14477
8143.0 0.23404
8144.53 0.23758
8146.06 0.26291
8147.59 0.2809
8149.12 0.21355
8150.65 0.18855
8152.18 0.14012
8153.71 0.08629
8155.24 0.15195
8156.77 0.29025
8158.3 0.27909
8159.83 0.15219
8161.36 0.13054
8162.89 0.16098
8164.42 0.17373
8165.95 0.25934
8167.48 0.28264
8169.01 0.21331
8170.54 0.26009
8172.07 0.29462
8173.6 0.26365
8175.13 0.24857
8176.66 0.1443
8178.19 0.05873
8179.72 0.1532
8181.25 0.14383
8182.78 0.11463
8184.31 0.22226
8185.84 0.14446
8187.37 0.08266
8188.9 0.13739
8190.43 0.17071
8191.96 0.29847
8193.49 0.36221
8195.02 0.24547
8196.55 0.25064
8198.08 0.39623
8199.61 0.28442
8201.14 0.06336
8202.67 0.09845
8204.2 0.1515
8205.73 0.04121
8207.26 0.07294
8208.79 0.18095
8210.32 0.24702
8211.85 0.21841
8213.38 0.10069
8214.91 0.16396
8216.44 0.22772
8217.97 0.13442
8219.5 0.12892
8221.03 0.19515
8222.56 0.15569
8224.09 0.09977
8225.62 0.14681
8227.15 0.16387
8228.68 0.10776
8230.21 0.13515
8231.74 0.2283
8233.27 0.23722
8234.8 0.22281
8236.33 0.20746
8237.86 0.17918
8239.39 0.19701
8240.92 0.28241
8242.45 0.33872
8243.98 0.3331
8245.51 0.25601
8247.04 0.20923
8248.57 0.28696
8250.1 0.26546
8251.63 0.20509
8253.16 0.24359
8254.69 0.23376
8256.22 0.20547
8257.75 0.21253
8259.28 0.3063
8260.81 0.30896
8262.34 0.18672
8263.87 0.16357
8265.4 0.1881
8266.93 0.20503
8268.46 0.28801
8269.99 0.34701
8271.52 0.1667
8273.05 0.07493
8274.58 0.1978
8276.11 0.15928
8277.64 0.22581
8279.17 0.30075
8280.7 0.13358
8282.23 0.16118
8283.76 0.28435
8285.29 0.18223
8286.82 -0.01641
8288.35 0.02818
8289.88 0.20908
8291.41 0.22261
8292.94 0.20265
8294.47 0.25178
8296.0 0.25058
8297.53 0.25108
8299.06 0.21803
8300.59 0.15656
8302.12 0.14412
8303.65 0.15185
8305.18 0.09252
8306.71 0.07757
8308.24 0.14389
8309.77 0.12605
8311.3 0.10211
8312.83 0.21908
8314.36 0.26819
8315.89 0.23974
8317.42 0.26904
8318.95 0.18995
8320.48 0.08511
8322.01 0.14983
8323.54 0.23946
8325.07 0.14898
8326.6 0.11892
8328.13 0.29763
8329.66 0.25348
8331.19 0.14408
8332.72 0.20122
8334.25 0.13122
8335.78 0.12006
8337.31 0.23358
8338.84 0.20655
8340.37 0.34996
8341.9 0.51933
8343.43 0.40074
8344.96 0.36368
8346.49 0.41607
8348.02 0.34538
8349.55 0.31563
8351.08 0.38382
8352.61 0.3787
8354.14 0.20123
8355.67 0.06086
8357.2 0.07711
8358.73 0.1426
8360.26 0.25183
8361.79 0.29278
8363.32 0.28853
8364.85 0.18678
8366.38 0.11984
8367.91 0.20068
8369.44 0.15385
8370.97 0.12647
8372.5 0.18966
8374.03 0.17641
8375.56 0.15249
8377.09 0.27672
8378.62 0.37427
8380.15 0.30389
8381.68 0.24326
8383.21 0.24558
8384.74 0.21048
8386.27 0.16144
8387.8 0.13426
8389.33 0.22629
8390.86 0.27943
8392.39 0.24888
8393.92 0.20848
8395.45 0.30878
8396.98 0.45052
8398.51 0.37243
8400.04 0.13204
8401.57 0.01222
8403.1 0.15004
8404.63 0.25015
8406.16 0.23131
8407.69 0.19524
8409.22 0.2221
8410.75 0.31603
8412.28 0.30534
8413.81 0.27549
8415.34 0.32656
8416.87 0.32293
8418.4 0.24987
8419.93 0.19858
8421.46 0.25223
8422.99 0.25193
8424.52 0.20226
8426.05 0.31517
8427.58 0.38078
8429.11 0.07583
8430.64 -0.07275
8432.17 0.17423
8433.7 0.19694
8435.23 0.14055
8436.76 0.22799
8438.29 0.21811
8439.82 0.19877
8441.35 0.26217
8442.88 0.22997
8444.41 0.15827
8445.94 0.1382
8447.47 0.27098
8449.0 0.34222
8450.53 0.14045
8452.06 0.09421
8453.59 0.18728
8455.12 0.14829
8456.65 0.16661
8458.18 0.19393
8459.71 0.24856
8461.24 0.39181
8462.77 0.25842
8464.3 0.09779
8465.83 0.23966
8467.36 0.27101
8468.89 0.11827
8470.42 0.14134
8471.95 0.23707
8473.48 0.16927
8475.01 0.16046
8476.54 0.30052
8478.07 0.36457
8479.6 0.29131
8481.13 0.20488
8482.66 0.17494
8484.19 0.18794
8485.72 0.22366
8487.25 0.24376
8488.78 0.27236
8490.31 0.30985
8491.84 0.22706
8493.37 0.12865
8494.9 0.16628
8496.43 0.18167
8497.96 0.19198
8499.49 0.26452
8501.02 0.29145
8502.55 0.25369
8504.08 0.28952
8505.61 0.32177
8507.14 0.19132
8508.67 0.14277
8510.2 0.2257
8511.73 0.1603
8513.26 0.14891
8514.79 0.17872
8516.32 0.14412
8517.85 0.23013
8519.38 0.24699
8520.91 0.12963
8522.44 0.09923
8523.97 0.1885
8525.5 0.213
8527.03 0.17547
8528.56 0.20589
8530.09 0.25463
8531.62 0.20756
8533.15 0.24976
8534.68 0.31753
8536.21 0.2471
8537.74 0.20433
8539.27 0.30915
8540.8 0.23996
8542.33 0.14696
8543.86 0.32066
8545.39 0.3974
8546.92 0.26365
8548.45 0.20172
8549.98 0.21825
8551.51 0.20268
8553.04 0.16606
8554.57 0.17538
8556.1 0.16256
8557.63 0.19309
8559.16 0.27661
8560.69 0.22827
8562.22 0.19706
8563.75 0.25287
8565.28 0.23765
8566.81 0.2072
8568.34 0.26941
8569.87 0.22869
8571.4 0.13851
8572.93 0.13179
8574.46 0.18276
8575.99 0.19549
8577.52 0.18959
8579.05 0.25893
8580.58 0.26947
8582.11 0.27243
8583.64 0.25358
8585.17 0.19272
8586.7 0.15318
8588.23 0.14296
8589.76 0.1648
8591.29 0.14386
8592.82 0.16893
8594.35 0.201
8595.88 0.17721
8597.41 0.15997
8598.94 0.186
8600.47 0.20914
8602.0 0.24864
8603.53 0.2494
8605.06 0.08864
8606.59 0.05062
8608.12 0.21783
8609.65 0.26404
8611.18 0.26497
8612.71 0.2828
8614.24 0.2159
8615.77 0.19165
8617.3 0.21848
8618.83 0.23832
8620.36 0.23197
8621.89 0.16544
8623.42 0.01398
8624.95 -0.05033
8626.48 0.08632
8628.01 0.09886
8629.54 0.08953
8631.07 0.2608
8632.6 0.43341
8634.13 0.32904
8635.66 0.08494
8637.19 0.13891
8638.72 0.10999
8640.25 0.01053
8641.78 0.13966
8643.31 0.23541
8644.84 0.22426
8646.37 0.27055
8647.9 0.35935
8649.43 0.19597
8650.96 0.20617
8652.49 0.4324
8654.02 0.32131
8655.55 0.19323
8657.08 0.31599
8658.61 0.23248
8660.14 0.14035
8661.67 0.30016
8663.2 0.29657
8664.73 0.34007
8666.26 0.30159
8667.79 0.18229
8669.32 0.0758
8670.85 0.15849
8672.38 0.16446
8673.91 0.00374
8675.44 0.14419
8676.97 0.37449
8678.5 0.32901
8680.03 0.21186
8681.56 0.25628
8683.09 0.2093
8684.62 0.07525
8686.15 0.15
8687.68 0.27456
8689.21 0.26882
8690.74 0.24365
8692.27 0.23664
8693.8 0.20272
8695.33 0.21892
8696.86 0.23733
8698.39 0.14732
8699.92 0.15386
8701.45 0.27988
8702.98 0.22894
8704.51 0.0634
8706.04 0.16323
8707.57 0.25215
8709.1 0.17357
8710.63 0.20457
8712.16 0.2904
8713.69 0.25157
8715.22 0.13424
8716.75 0.07766
8718.28 0.07012
8719.81 0.17914
8721.34 0.26774
8722.87 0.1826
8724.4 0.13849
8725.93 0.18511
8727.46 0.20583
8728.99 0.22382
8730.52 0.17035
8732.05 0.08712
8733.58 0.086
8735.11 0.16556
8736.64 0.22514
8738.17 0.20149
8739.7 0.18104
8741.23 0.13731
8742.76 0.09679
8744.29 0.18334
8745.82 0.26251
8747.35 0.22745
8748.88 0.13972
8750.41 0.14538
8751.94 0.22021
8753.47 0.21593
8755.0 0.15221
8756.53 0.16956
8758.06 0.43255
8759.59 0.50867
8761.12 0.25733
8762.65 0.25162
8764.18 0.36866
8765.71 0.27073
8767.24 0.21069
8768.77 0.32201
8770.3 0.24694
8771.83 0.05279
8773.36 0.12192
8774.89 0.27775
8776.42 0.40074
8777.95 0.27952
8779.48 0.10787
8781.01 0.14613
8782.54 0.14432
8784.07 0.16107
8785.6 0.17629
8787.13 0.23989
8788.66 0.30517
8790.19 0.26525
8791.72 0.19572
8793.25 0.16634
8794.78 0.18517
8796.31 0.1742
8797.84 0.1857
8799.37 0.24736
8800.9 0.19353
8802.43 0.1543
8803.96 0.17548
8805.49 0.21194
8807.02 0.22017
8808.55 0.19489
8810.08 0.21583
8811.61 0.21065
8813.14 0.17095
8814.67 0.04316
8816.2 -0.01085
8817.73 0.12326
8819.26 0.19661
8820.79 0.12927
8822.32 0.22031
8823.85 0.31127
8825.38 0.21044
8826.91 0.25165
8828.44 0.34781
8829.97 0.2633
8831.5 0.20195
8833.03 0.25226
8834.56 0.12138
8836.09 -0.15838
8837.62 -0.08809
8839.15 0.22459
8840.68 0.21797
8842.21 0.17295
8843.74 0.2297
8845.27 0.1419
8846.8 0.18772
8848.33 0.32662
8849.86 0.18938
8851.39 0.08927
8852.92 0.1629
8854.45 0.11962
8855.98 0.10391
8857.51 0.19068
8859.04 0.2106
8860.57 0.23547
8862.1 0.3078
8863.63 0.27668
8865.16 0.16522
8866.69 0.1267
8868.22 0.14119
8869.75 0.07525
8871.28 0.08839
8872.81 0.22928
8874.34 0.1935
8875.87 0.12568
8877.4 0.25057
8878.93 0.30902
8880.46 0.23956
8881.99 0.20702
8883.52 0.1516
8885.05 0.17104
8886.58 0.3471
8888.11 0.24634
8889.64 0.03416
8891.17 0.07943
8892.7 0.17649
8894.23 0.21344
8895.76 0.21032
8897.29 0.23848
8898.82 0.14716
8900.35 0.1545
8901.88 0.22178
8903.41 0.10462
8904.94 0.05041
8906.47 0.07883
8908.0 0.12347
8909.53 0.17522
8911.06 0.21125
8912.59 0.1292
8914.12 0.11646
8915.65 0.17597
8917.18 0.11286
8918.71 0.00135
8920.24 0.06064
8921.77 0.19708
8923.3 0.15353
8924.83 0.11218
8926.36 0.21705
8927.89 0.32484
8929.42 0.22612
8930.95 0.0861
8932.48 0.12904
8934.01 0.09827
8935.54 0.11688
8937.07 0.18306
8938.6 0.18221
8940.13 0.2341
8941.66 0.2778
8943.19 0.2184
8944.72 0.15352
8946.25 0.19185
8947.78 0.18697
8949.31 0.18627
8950.84 0.14573
8952.37 0.15308
8953.9 0.36568
8955.43 0.3156
8956.96 0.13771
8958.49 0.28301
8960.02 0.30192
8961.55 0.2787
8963.08 0.23715
8964.61 0.18368
8966.14 0.22026
8967.67 0.26742
8969.2 0.21344
8970.73 0.17162
8972.26 0.23474
8973.79 0.19558
8975.32 0.09857
8976.85 0.04915
8978.38 0.0214
8979.91 0.11223
8981.44 0.22026
8982.97 0.24214
8984.5 0.22503
8986.03 0.22776
8987.56 0.27476
8989.09 0.25402
8990.62 0.20179
8992.15 0.14908
8993.68 0.14867
8995.21 0.25349
8996.74 0.32094
8998.27 0.06241
8999.8 -0.21745
9001.33 0.02753
9002.86 0.29248
9004.39 0.27641
9005.92 0.27612
9007.45 0.20336
9008.98 0.16208
9010.51 0.19136
9012.04 0.11814
9013.57 0.09222
9015.1 0.17923
9016.63 0.17038
9018.16 0.09815
9019.69 0.11018
9021.22 0.08713
9022.75 0.01313
9024.28 0.14032
9025.81 0.27614
9027.34 0.24133
9028.87 0.21654
9030.4 0.15206
9031.93 0.10672
9033.46 0.12366
9034.99 0.16082
9036.52 0.15093
9038.05 0.09566
9039.58 0.16468
9041.11 0.20982
9042.64 0.14575
9044.17 0.22173
9045.7 0.24872
9047.23 0.1283
9048.76 0.21798
9050.29 0.27756
9051.82 0.05942
9053.35 0.06544
9054.88 0.22401
9056.41 0.20666
9057.94 0.18646
9059.47 0.26649
9061.0 0.2863
9062.53 0.1514
9064.06 0.09039
9065.59 0.14651
9067.12 0.14253
9068.65 0.20575
9070.18 0.19813
9071.71 0.12071
9073.24 0.16002
9074.77 0.17555
9076.3 0.15559
9077.83 0.17023
9079.36 0.17582
9080.89 0.19583
9082.42 0.23656
9083.95 0.21884
9085.48 0.12174
9087.01 0.11579
9088.54 0.18641
9090.07 0.16551
9091.6 0.06289
9093.13 0.07475
9094.66 0.06218
9096.19 0.02105
9097.72 0.12174
9099.25 0.15817
9100.78 0.15936
9102.31 0.221
9103.84 0.22531
9105.37 0.12652
9106.9 0.11088
9108.43 0.12338
9109.96 0.06913
9111.49 0.12794
9113.02 0.27302
9114.55 0.24515
9116.08 0.14551
9117.61 0.18217
9119.14 0.17363
9120.67 0.12423
9122.2 0.18643
9123.73 0.17221
9125.26 0.11167
9126.79 0.15809
9128.32 0.15351
9129.85 0.06659
9131.38 0.09778
9132.91 0.10483
9134.44 0.0394
9135.97 0.12636
9137.5 0.17515
9139.03 0.06946
9140.56 0.07055
9142.09 0.21298
9143.62 0.21882
9145.15 0.11394
9146.68 0.15477
9148.21 0.19959
9149.74 0.22195
9151.27 0.25709
9152.8 0.18953
9154.33 0.11152
9155.86 0.13757
9157.39 0.29375
9158.92 0.26323
9160.45 0.12897
9161.98 0.15127
9163.51 0.13047
9165.04 0.13038
9166.57 0.192
9168.1 0.11537
9169.63 0.02577
9171.16 0.12877
9172.69 0.15044
9174.22 0.06584
9175.75 0.16623
9177.28 0.17779
9178.81 0.07956
9180.34 0.12832
9181.87 0.2116
9183.4 0.17466
9184.93 0.10244
9186.46 0.12011
9187.99 0.11945
9189.52 0.08288
9191.05 0.09499
9192.58 0.10891
9194.11 0.17592
9195.64 0.20164
9197.17 0.08692
9198.7 0.03689
9200.23 0.14874
9201.76 0.18636
9203.29 0.12229
9204.82 0.13158
9206.35 0.21382
9207.88 0.20116
9209.41 0.16258
9210.94 0.27738
9212.47 0.27586
9214.0 0.15921
9215.53 0.14256
9217.06 0.17036
9218.59 0.14594
9220.12 0.09845
9221.65 0.12863
9223.18 0.19735
9224.71 0.25064
9226.24 0.3124
9227.77 0.2347
9229.3 0.12002
9230.83 0.12167
9232.36 0.14115
9233.89 0.18195
9235.42 0.22971
9236.95 0.16924
9238.48 0.12967
9240.01 0.21127
9241.54 0.17256
9243.07 0.0866
9244.6 0.13275
9246.13 0.17305
9247.66 0.19451
9249.19 0.21201
9250.72 0.15175
9252.25 0.07841
9253.78 0.07865
9255.31 0.13062
9256.84 0.16381
9258.37 0.1934
9259.9 0.19235
9261.43 0.1296
9262.96 0.16455
9264.49 0.2233
9266.02 0.1571
9267.55 0.10628
9269.08 0.16345
9270.61 0.20568
9272.14 0.15566
9273.67 0.12366
9275.2 0.11294
9276.73 0.0131
9278.26 0.02503
9279.79 0.11435
9281.32 0.04949
9282.85 0.05183
9284.38 0.13399
9285.91 0.12442
9287.44 0.13057
9288.97 0.18686
9290.5 0.17373
9292.03 0.17035
9293.56 0.22401
9295.09 0.18322
9296.62 0.11943
9298.15 0.11028
9299.68 0.05574
9301.21 0.10602
9302.74 0.30468
9304.27 0.2198
9305.8 -0.00387
9307.33 -0.05889
9308.86 -0.11047
9310.39 -0.07017
9311.92 0.18215
9313.45 0.0548
9314.98 0.04115
9316.51 0.0772
9318.04 -0.20992
9319.57 -0.0773
9321.1 -0.11419
9322.63 -0.0806
9324.16 0.27219
9325.69 0.2353
9327.22 -0.03287
9328.75 -0.01356
9330.28 0.04524
9331.81 -0.00686
9333.34 0.07336
9334.87 0.18846
9336.4 0.16001
9337.93 0.17419
9339.46 0.13847
9340.99 0.08319
9342.52 0.10701
9344.05 0.15202
9345.58 0.12874
9347.11 0.13565
9348.64 0.29113
9350.17 0.28893
9351.7 0.19308
9353.23 0.25388
9354.76 0.15059
9356.29 0.01091
9357.82 0.0568
9359.35 0.13574
9360.88 0.11839
9362.41 0.11698
9363.94 0.14056
9365.47 0.12021
9367.0 0.12302
9368.53 0.08167
9370.06 -0.03036
9371.59 -0.05527
9373.12 0.16897
9374.65 0.20211
9376.18 -0.04984
9377.71 -0.07155
9379.24 -0.04512
9380.77 -0.02036
9382.3 0.06124
9383.83 0.00032
9385.36 -0.01745
9386.89 0.16875
9388.42 0.26768
9389.95 0.08482
9391.48 0.01029
9393.01 0.17328
9394.54 0.18636
9396.07 0.02005
9397.6 0.05911
9399.13 0.18267
9400.66 0.25032
9402.19 0.33015
9403.72 0.20091
9405.25 0.08346
9406.78 0.18736
9408.31 0.21203
9409.84 0.13863
9411.37 0.19096
9412.9 0.19955
9414.43 0.14731
9415.96 0.32186
9417.49 0.49636
9419.02 0.36905
9420.55 0.20017
9422.08 0.0519
9423.61 -0.10921
9425.14 -0.08991
9426.67 0.03906
9428.2 0.10411
9429.73 0.09436
9431.26 0.14293
9432.79 0.23613
9434.32 0.21166
9435.85 0.12194
9437.38 0.21899
9438.91 0.29835
9440.44 0.18902
9441.97 0.06989
9443.5 -0.02322
9445.03 0.03545
9446.56 0.15298
9448.09 0.1651
9449.62 0.1691
9451.15 0.17104
9452.68 0.11496
9454.21 0.16527
9455.74 0.25851
9457.27 0.17217
9458.8 0.05154
9460.33 0.08781
9461.86 -0.01234
9463.39 -0.11221
9464.92 -0.02034
9466.45 0.10653
9467.98 0.1346
9469.51 0.09794
9471.04 0.16008
9472.57 0.18092
9474.1 0.33129
9475.63 0.5247
9477.16 0.11355
9478.69 -0.29137
9480.22 -0.16504
9481.75 -0.0531
9483.28 -0.07805
9484.81 0.02471
9486.34 0.13897
9487.87 0.06381
9489.4 0.04
9490.93 0.11363
9492.46 0.12135
9493.99 0.01469
9495.52 0.11943
9497.05 0.07284
9498.58 0.09429
9500.11 0.14767
9501.64 -0.03099
9503.17 0.09091
9504.7 0.18899
9506.23 0.11993
9507.76 0.09224
9509.29 0.17193
9510.82 0.13339
9512.35 0.02172
9513.88 0.02171
9515.41 0.156
9516.94 0.4612
9518.47 0.63475
9520.0 0.40443
9521.53 0.06766
9523.06 0.1563
9524.59 0.26931
9526.12 0.14217
9527.65 0.00626
9529.18 0.12398
9530.71 0.24128
9532.24 0.13254
9533.77 0.13536
9535.3 0.09543
9536.83 0.01238
9538.36 0.09616
9539.89 0.08187
9541.42 0.01311
9542.95 0.16079
9544.48 0.20197
9546.01 0.05044
9547.54 0.17761
9549.07 0.36337
9550.6 0.18088
9552.13 0.09733
9553.66 0.27135
9555.19 0.17797
9556.72 0.0601
9558.25 0.21536
9559.78 0.22601
9561.31 0.06216
9562.84 0.05848
9564.37 0.04917
9565.9 -0.00568
9567.43 0.31538
9568.96 0.50809
9570.49 0.25987
9572.02 0.12303
9573.55 0.12224
9575.08 0.14174
9576.61 0.18017
9578.14 0.22104
9579.67 0.1335
9581.2 0.03552
9582.73 0.12061
9584.26 0.21029
9585.79 0.09078
9587.32 0.06317
9588.85 0.11257
9590.38 0.03102
9591.91 0.12954
9593.44 0.25403
9594.97 0.1317
9596.5 0.00033
9598.03 0.0725
9599.56 0.05163
9601.09 -0.03045
9602.62 0.00502
9604.15 0.04612
9605.68 0.08001
9607.21 0.09728
9608.74 0.12794
9610.27 0.17354
9611.8 0.1408
9613.33 0.14773
9614.86 0.14322
9616.39 0.00381
9617.92 -0.02864
9619.45 -0.1052
9620.98 -0.19164
9622.51 -0.0151
9624.04 0.08182
9625.57 0.04961
9627.1 0.15898
9628.63 0.25006
9630.16 0.2183
9631.69 0.18126
9633.22 0.20798
9634.75 0.08483
9636.28 0.03612
9637.81 0.09448
9639.34 0.0169
9640.87 -0.00104
9642.4 0.06569
9643.93 0.05209
9645.46 0.03508
9646.99 0.21183
9648.52 0.24359
9650.05 0.10215
9651.58 0.07271
9653.11 0.17372
9654.64 0.19259
9656.17 0.25868
9657.7 0.23543
9659.23 -0.05405
9660.76 -0.16219
9662.29 0.00396
9663.82 0.15115
9665.35 0.30062
9666.88 0.28334
9668.41 0.0538
9669.94 -0.00931
9671.47 0.09048
9673.0 0.10234
9674.53 0.10731
9676.06 0.17251
9677.59 -0.01131
9679.12 -0.26164
9680.65 -0.18529
9682.18 0.02779
9683.71 0.0866
9685.24 0.24903
9686.77 0.35158
9688.3 0.11018
9689.83 0.03044
9691.36 0.15587
9692.89 0.15136
9694.42 0.04372
9695.95 0.00241
9697.48 0.12563
9699.01 0.10817
9700.54 0.05534
9702.07 0.20763
9703.6 0.17
9705.13 0.04266
9706.66 0.07439
9708.19 0.15284
9709.72 0.29029
9711.25 0.30826
9712.78 0.15782
9714.31 -0.03658
9715.84 -0.03264
9717.37 0.07803
9718.9 -0.03514
9720.43 -0.03582
9721.96 0.12137
9723.49 0.09965
9725.02 0.02098
9726.55 0.05314
9728.08 0.07103
9729.61 0.08805
9731.14 0.13508
9732.67 0.08047
9734.2 -0.08979
9735.73 0.05558
9737.26 0.29181
9738.79 0.20205
9740.32 0.16332
9741.85 0.13802
9743.38 -0.05915
9744.91 -0.03361
9746.44 0.14548
9747.97 0.20434
9749.5 0.18223
9751.03 0.12159
9752.56 0.07969
9754.09 0.0901
9755.62 0.0826
9757.15 0.0302
9758.68 0.13214
9760.21 0.16699
9761.74 0.03048
9763.27 0.11079
9764.8 0.26466
9766.33 0.25747
9767.86 0.2041
9769.39 0.21073
9770.92 0.21428
9772.45 0.23893
9773.98 0.30263
9775.51 0.34811
9777.04 0.20864
9778.57 0.06434
9780.1 0.12003
9781.63 0.12916
9783.16 0.02468
9784.69 0.22707
9786.22 0.42254
9787.75 0.20878
9789.28 -0.00556
9790.81 -0.04448
9792.34 0.16353
9793.87 0.44907
9795.4 0.34698
9796.93 -0.05952
9798.46 -0.06036
9799.99 0.29084
9801.52 0.25043
9803.05 0.22861
9804.58 0.28748
9806.11 0.08166
9807.64 0.0027
9809.17 0.07517
9810.7 0.01232
9812.23 0.12505
9813.76 0.2747
9815.29 0.16669
9816.82 0.09298
9818.35 0.08472
9819.88 0.19056
9821.41 0.22331
9822.94 0.17187
9824.47 0.09653
9826.0 0.07405
9827.53 0.14962
9829.06 0.15021
9830.59 0.11073
9832.12 0.13081
9833.65 0.21546
9835.18 0.25664
9836.71 0.15658
9838.24 0.14949
9839.77 0.20578
9841.3 0.12059
9842.83 0.12165
9844.36 0.3035
9845.89 0.4204
9847.42 0.27355
9848.95 0.00805
9850.48 -0.18331
9852.01 0.01962
9853.54 0.18833
9855.07 -0.00247
9856.6 0.05086
9858.13 0.24091
9859.66 0.20255
9861.19 0.21684
9862.72 0.31246
9864.25 0.08027
9865.78 -0.10479
9867.31 0.17196
9868.84 0.34424
9870.37 0.0712
9871.9 0.00155
9873.43 0.05574
9874.96 -0.02097
9876.49 0.08911
9878.02 0.09981
9879.55 0.03663
9881.08 0.18506
9882.61 0.36052
9884.14 0.12301
9885.67 -0.04432
9887.2 0.14193
9888.73 0.04119
9890.26 0.11194
9891.79 0.60009
9893.32 0.584
9894.85 0.09351
9896.38 0.11217
9897.91 0.32542
9899.44 0.28357
9900.97 0.19378
9902.5 0.27546
9904.03 0.16346
9905.56 0.04439
9907.09 0.16449
9908.62 0.11941
9910.15 0.13931
9911.68 0.50705
9913.21 0.41978
9914.74 0.05702
9916.27 0.28277
9917.8 0.34394
9919.33 0.13613
9920.86 0.15272
9922.39 0.20431
9923.92 0.06745
9925.45 0.12553
9926.98 0.17589
9928.51 0.04867
9930.04 0.05001
9931.57 0.10949
9933.1 0.11322
9934.63 0.19836
9936.16 0.23426
9937.69 -0.09174
9939.22 -0.07506
9940.75 0.28191
9942.28 0.34357
9943.81 0.19859
9945.34 0.3335
9946.87 0.51681
9948.4 0.13345
9949.93 -0.27769
9951.46 -0.22304
9952.99 -0.0083
9954.52 0.29455
9956.05 0.58759
9957.58 0.51786
9959.11 0.22113
9960.64 0.04464
9962.17 0.10223
9963.7 0.05737
9965.23 -0.13254
9966.76 -0.01907
9968.29 0.03967
9969.82 0.04787
9971.35 0.12992
9972.88 -0.03266
9974.41 -0.12332
9975.94 0.07989
9977.47 0.25986
9979.0 0.28372
9980.53 0.29406
9982.06 0.16521
9983.59 0.15328
9985.12 0.38579
9986.65 0.32005
9988.18 0.10871
9989.71 0.02246
9991.24 -0.07896
9992.77 0.00117
9994.3 0.15494
9995.83 0.06961
9997.36 0.06416
9998.89 0.20904
10000.42 0.24477
