#wave flux
3060.5161 0.96307
3062.4639 2.78305
3064.4124 2.68617
3066.3613 2.28492
3068.311 1.83
3070.2612 0.88564
3072.2119 3.53241
3074.1633 0.21784
3076.1152 3.84709
3078.0679 0.56213
3080.021 -0.30834
3081.9746 0.29064
3083.929 1.32389
3085.8838 1.05734
3087.8391 1.73435
3089.7952 1.07291
3091.7517 1.38548
3093.709 0.43608
3095.6667 0.42254
3097.625 1.91876
3099.584 1.19426
3101.5435 1.29939
3103.5034 1.15663
3105.4641 1.32075
3107.4253 0.95407
3109.387 1.61278
3111.3494 0.71959
3113.3123 1.02442
3115.2756 1.04199
3117.2397 1.6169
3119.2043 1.1347
3121.1697 1.23021
3123.1353 1.43615
3125.1016 1.29518
3127.0686 1.02539
3129.0359 1.29017
3131.0039 1.88363
3132.9724 1.43008
3134.9417 0.67055
3136.9114 0.93798
3138.8816 0.6354
3140.8523 1.21483
3142.8237 1.59176
3144.7959 1.26107
3146.7683 1.29698
3148.7412 1.77733
3150.7148 1.02005
3152.6892 1.22428
3154.6638 1.11953
3156.6392 0.85594
3158.615 0.53945
3160.5913 0.69259
3162.5684 1.05372
3164.5459 0.66482
3166.5239 1.3283
3168.5024 0.81304
3170.4817 0.62199
3172.4612 0.37316
3174.4417 1.21761
3176.4224 0.93227
3178.4038 0.89648
3180.3857 0.88089
3182.3682 0.722
3184.3511 1.36759
3186.3347 0.89674
3188.3186 0.72247
3190.3035 0.82407
3192.2886 1.07032
3194.2744 0.7823
3196.2605 1.31979
3198.2473 0.85947
3200.2346 0.64263
3202.2224 0.80016
3204.2109 0.98218
3206.2 0.9323
3208.1895 0.9533
3210.1794 1.2501
3212.1699 0.38913
3214.1611 0.67975
3216.1528 0.94738
3218.145 0.71711
3220.1377 1.14302
3222.1309 0.60964
3224.1248 1.44616
3226.1189 1.35558
3228.1138 1.27264
3230.1091 0.57984
3232.105 0.89609
3234.1016 1.29437
3236.0984 1.25514
3238.0959 1.02791
3240.094 1.13642
3242.0925 0.88146
3244.0916 1.32751
3246.0913 0.75302
3248.0913 0.73475
3250.0918 1.10306
3252.093 1.06866
3254.0947 0.90473
3256.0969 1.11013
3258.0996 1.17203
3260.1028 0.74736
3262.1067 1.2344
3264.1108 1.19603
3266.1157 1.49226
3268.1211 1.37331
3270.127 1.05999
3272.1333 1.23361
3274.1401 0.66636
3276.1475 1.09346
3278.1555 0.59119
3280.1638 1.1283
3282.1726 0.87466
3284.1821 1.32736
3286.1921 0.91821
3288.2024 0.81723
3290.2134 0.9369
3292.2249 0.97696
3294.2368 0.58908
3296.2495 0.80044
3298.2625 0.60592
3300.2759 0.53427
3302.2898 0.73894
3304.3044 1.18067
3306.3193 0.33951
3308.335 0.69904
3310.3508 0.80604
3312.3674 0.86127
3314.3845 0.86066
3316.4019 1.16399
3318.4199 0.74829
3320.4385 0.76781
3322.4575 0.68364
3324.4771 0.87845
3326.4971 0.90586
3328.5176 0.82004
3330.5386 1.04103
3332.5601 0.43748
3334.582 0.69312
3336.6045 0.81738
3338.6274 0.62324
3340.6509 0.89647
3342.6748 1.03682
3344.6992 0.81968
3346.7241 0.57756
3348.7498 0.61352
3350.7756 1.00068
3352.802 0.64936
3354.8289 0.75423
3356.8562 0.89453
3358.884 0.70086
3360.9124 0.8142
3362.9412 0.79021
3364.9705 0.90283
3367.0002 0.56522
3369.0305 0.38766
3371.0613 1.16015
3373.0925 0.46347
3375.1243 0.86817
3377.1565 0.8303
3379.1892 0.62556
3381.2224 0.99422
3383.2559 0.5926
3385.29 0.71832
3387.3247 0.74286
3389.3596 0.89495
3391.3953 0.9497
3393.4312 0.71766
3395.4675 0.62533
3397.5046 0.81409
3399.542 0.94214
3401.5798 0.96254
3403.6182 0.73043
3405.657 0.79509
3407.6963 0.88862
3409.7361 0.80419
3411.7764 0.75559
3413.8169 0.91766
3415.8582 0.84109
3417.8997 0.87032
3419.9419 0.79412
3421.9844 1.01106
3424.0273 0.64379
3426.0708 0.81752
3428.1147 0.82046
3430.1592 0.99891
3432.2041 0.63303
3434.2493 1.06214
3436.2949 0.78574
3438.3413 0.7938
3440.3879 0.81346
3442.4351 0.86302
3444.4827 0.94725
3446.5308 0.97851
3448.5791 0.89593
3450.6282 0.80938
3452.6775 1.08536
3454.7273 0.58328
3456.7776 0.73463
3458.8284 0.8896
3460.8796 0.88539
3462.9314 0.70318
3464.9834 0.73433
3467.0359 0.82926
3469.0889 0.81031
3471.1423 0.83769
3473.1963 0.77556
3475.2505 0.84441
3477.3054 0.84977
3479.3606 0.71506
3481.416 1.01368
3483.4722 0.95692
3485.5288 0.80943
3487.5857 0.85552
3489.6431 0.99173
3491.7009 1.01841
3493.7593 0.96538
3495.8181 0.76558
3497.8772 0.82913
3499.9368 0.76332
3501.9968 0.85157
3504.0571 0.8854
3506.1182 0.77677
3508.1794 1.02979
3510.2412 0.92303
3512.3035 0.86264
3514.366 0.88619
3516.429 0.96221
3518.4924 0.96874
3520.5564 0.87098
3522.6206 0.94957
3524.6855 0.72211
3526.7507 1.02922
3528.8164 0.81053
3530.8823 0.63189
3532.9487 0.94109
3535.0156 0.84616
3537.083 0.79926
3539.1506 0.60381
3541.2188 0.76951
3543.2874 0.74835
3545.3564 0.83902
3547.4258 0.94373
3549.4956 0.82429
3551.5659 0.64747
3553.6365 0.71144
3555.7075 0.91411
3557.7791 0.98592
3559.8508 0.86753
3561.9231 0.89907
3563.9958 0.7133
3566.0691 0.82061
3568.1426 0.75542
3570.2166 0.96262
3572.291 0.92567
3574.3657 0.96941
3576.4409 0.85785
3578.5164 0.97207
3580.5923 0.95242
3582.6687 0.85018
3584.7456 0.61013
3586.8228 0.82856
3588.9004 0.67851
3590.9785 0.79794
3593.0569 0.88221
3595.1357 0.74366
3597.2148 0.77607
3599.2944 0.84378
3601.3745 0.83692
3603.4548 0.77987
3605.5359 0.88394
3607.6169 0.94442
3609.6985 0.82723
3611.7805 0.78026
3613.863 0.78508
3615.9458 0.87274
3618.0291 1.00371
3620.1125 0.87131
3622.1965 0.80604
3624.281 0.79865
3626.3655 0.91302
3628.4507 0.7015
3630.5364 0.95052
3632.6223 0.68612
3634.7085 0.9106
3636.7952 0.83275
3638.8823 0.89077
3640.9697 0.92594
3643.0576 0.74772
3645.1458 0.80326
3647.2344 0.82455
3649.3235 1.0455
3651.4128 1.01773
3653.5024 0.91766
3655.5928 0.97006
3657.6831 0.72818
3659.7742 1.07617
3661.8655 1.03075
3663.957 1.02829
3666.0491 1.11972
3668.1416 1.04029
3670.2341 1.03075
3672.3274 0.83765
3674.4209 0.94311
3676.5149 0.98692
3678.6091 0.95294
3680.7036 0.89083
3682.7986 1.00247
3684.894 1.13027
3686.99 1.02009
3689.0859 1.03588
3691.1826 1.0
3693.2793 1.13239
3695.3767 1.13595
3697.4741 1.0425
3699.572 1.10614
3701.6704 0.95843
3703.769 1.08981
3705.8682 1.06629
3707.9675 1.02096
3710.0674 1.04041
3712.1675 1.11535
3714.2678 1.26763
3716.3687 1.10141
3718.47 1.08156
3720.5715 1.16625
3722.6733 1.3542
3724.7756 1.41103
3726.8784 1.3814
3728.9812 1.23838
3731.0847 1.11546
3733.1882 1.43012
3735.2925 1.35414
3737.3967 1.41408
3739.5015 1.50958
3741.6067 1.40335
3743.7119 1.60097
3745.8179 1.62987
3747.9238 1.52392
3750.0305 1.66035
3752.1372 1.76717
3754.2444 1.57168
3756.3521 1.65332
3758.4597 1.46991
3760.5681 1.50454
3762.6765 1.485
3764.7854 1.48405
3766.8948 1.42252
3769.0044 1.50441
3771.1143 1.51214
3773.2246 1.24656
3775.3352 1.18436
3777.446 1.28409
3779.5571 1.21298
3781.6689 1.31582
3783.7808 1.3019
3785.8931 1.30658
3788.0056 1.07024
3790.1187 1.2842
3792.2319 1.07809
3794.3455 1.15882
3796.4595 1.14461
3798.5737 1.10768
3800.6882 1.21941
3802.8032 1.06241
3804.9185 1.12386
3807.0342 1.11129
3809.1499 1.0582
3811.2661 1.05588
3813.3828 1.11393
3815.4995 1.12044
3817.6169 1.04792
3819.7344 0.97075
3821.8523 0.89666
3823.9705 0.99776
3826.0889 0.93568
3828.2078 0.90986
3830.3269 0.98945
3832.4463 0.85895
3834.5662 1.05854
3836.6863 1.04504
3838.8066 1.04378
3840.9272 1.00277
3843.0483 0.86509
3845.1697 1.03294
3847.2915 0.90775
3849.4133 0.8583
3851.5356 0.93425
3853.6582 0.92395
3855.7812 1.02783
3857.9043 0.93967
3860.0278 0.80864
3862.1519 0.88698
3864.2759 0.91829
3866.4004 0.85577
3868.5251 0.93346
3870.6501 0.94837
3872.7756 0.91991
3874.9014 0.89623
3877.0271 0.97268
3879.1536 0.96512
3881.28 0.93053
3883.407 0.88893
3885.5342 0.94938
3887.6616 0.84526
3889.7896 0.96671
3891.9175 0.99764
3894.0459 0.82802
3896.1746 1.02409
3898.3037 0.84674
3900.4329 0.91095
3902.5625 0.92101
3904.6924 0.85975
3906.8225 0.88509
3908.9529 0.91538
3911.0837 0.8231
3913.2146 0.88804
3915.3462 0.9213
3917.4778 0.84563
3919.6096 0.89792
3921.7417 0.96314
3923.8743 0.87567
3926.0071 0.92517
3928.1401 0.97283
3930.2734 0.84283
3932.407 0.85044
3934.541 0.83839
3936.6753 0.89257
3938.8098 0.87449
3940.9443 0.88672
3943.0796 0.90722
3945.2148 0.86965
3947.3503 1.01583
3949.4863 0.9653
3951.6226 0.85182
3953.7588 1.02503
3955.8955 1.01333
3958.0327 0.81435
3960.1699 0.91473
3962.3076 0.84457
3964.4453 0.85214
3966.5835 1.05116
3968.7217 0.9171
3970.8604 0.92237
3972.9993 0.93509
3975.1384 0.84642
3977.2781 0.93398
3979.4177 0.9685
3981.5576 0.89833
3983.698 0.89408
3985.8384 0.91969
3987.9792 0.79507
3990.1204 0.97306
3992.2617 1.00358
3994.4033 0.89159
3996.5452 0.92457
3998.6873 0.92451
4000.8296 0.97215
4002.9724 0.82508
4005.1152 1.01089
4007.2583 0.72766
4009.4019 0.91397
4011.5454 0.82416
4013.6895 0.92825
4015.8335 0.78095
4017.978 0.87141
4020.1228 0.85795
4022.2678 0.95733
4024.4131 0.92329
4026.5586 1.00992
4028.7041 0.88257
4030.8501 1.10176
4032.9966 1.06524
4035.1431 1.00554
4037.2898 0.87179
4039.4368 1.04705
4041.584 0.93364
4043.7314 0.87458
4045.8792 0.90085
4048.0271 0.91781
4050.1753 0.97884
4052.324 1.08568
4054.4727 0.87344
4056.6216 0.97245
4058.7708 0.95788
4060.9204 1.02531
4063.0701 0.91589
4065.22 1.07219
4067.3701 0.94092
4069.5205 1.01682
4071.6714 1.05337
4073.8223 0.97982
4075.9734 1.13371
4078.1248 1.11701
4080.2764 0.91855
4082.4282 1.00166
4084.5803 1.06996
4086.7327 1.10668
4088.8853 1.03223
4091.0381 0.96239
4093.1909 1.00025
4095.3442 1.07049
4097.4976 1.07775
4099.6514 0.97652
4101.8057 0.98477
4103.9595 0.98957
4106.1143 0.95567
4108.2686 1.08498
4110.4238 1.03178
4112.5786 0.99956
4114.7339 1.01022
4116.8896 1.00063
4119.0454 0.8985
4121.2012 0.97663
4123.3574 1.02113
4125.5142 0.96879
4127.6709 0.93973
4129.8276 1.02749
4131.9849 0.94158
4134.1421 0.92052
4136.2998 1.04668
4138.4575 0.94021
4140.6157 0.96373
4142.7739 0.94106
4144.9321 1.02478
4147.0908 0.92882
4149.2495 0.96579
4151.4087 1.14098
4153.5679 0.95416
4155.7275 0.91702
4157.8872 1.02424
4160.0474 0.85399
4162.2075 1.06617
4164.3677 0.96422
4166.5283 0.98906
4168.689 0.96829
4170.8501 1.08562
4173.0112 0.98506
4175.1729 0.88307
4177.3345 0.97535
4179.4961 0.92901
4181.6582 0.96393
4183.8203 1.00724
4185.9829 0.93076
4188.1455 1.02095
4190.3081 0.92174
4192.4712 0.99779
4194.6348 0.9125
4196.7983 0.86136
4198.9619 0.91129
4201.1255 0.96104
4203.2896 0.92209
4205.4541 0.94177
4207.6182 0.95945
4209.7832 1.0371
4211.9478 0.96412
4214.1128 0.90956
4216.2783 0.95826
4218.4434 0.94844
4220.6094 1.02122
4222.7749 1.05926
4224.9409 0.95735
4227.1074 0.94668
4229.2739 0.91274
4231.4404 0.87185
4233.6069 0.9193
4235.7739 0.9935
4237.9414 0.95759
4240.1084 0.94192
4242.2759 0.8953
4244.4438 0.87813
4246.6118 0.94392
4248.7798 0.91887
4250.9482 0.88352
4253.1167 0.89654
4255.2852 0.93516
4257.4541 1.01508
4259.623 1.00566
4261.7925 0.95839
4263.9619 0.923
4266.1313 0.95123
4268.3013 1.03192
4270.4712 0.88315
4272.6411 0.92275
4274.8115 0.93509
4276.9819 0.91457
4279.1523 0.93301
4281.3232 0.87849
4283.4946 0.93894
4285.6655 0.94471
4287.8369 0.94525
4290.0083 0.89868
4292.1802 0.93427
4294.3521 0.89543
4296.5239 0.97183
4298.6963 0.93405
4300.8687 0.81449
4303.041 0.92012
4305.2139 0.91366
4307.3867 1.04739
4309.5601 0.9868
4311.7334 0.8584
4313.9067 0.91075
4316.0801 1.0458
4318.2539 0.91336
4320.4277 0.88201
4322.6021 0.86049
4324.7764 0.90337
4326.9507 0.89653
4329.125 0.93495
4331.2998 0.92626
4333.4746 0.95407
4335.6499 0.96583
4337.8252 0.82908
4340.0005 0.8987
4342.1758 0.86419
4344.3516 0.90344
4346.5273 0.91073
4348.7036 0.98635
4350.8799 0.81385
4353.0562 0.91598
4355.2324 0.86403
4357.4092 0.93432
4359.5859 1.00489
4361.7627 0.90725
4363.9399 0.92503
4366.1172 1.00733
4368.2949 0.78859
4370.4722 0.86623
4372.6499 0.89008
4374.8281 0.8935
4377.0059 0.90841
4379.1841 0.95682
4381.3623 0.83371
4383.541 0.88968
4385.7197 0.9574
4387.8984 0.90831
4390.0771 1.02896
4392.2563 0.96806
4394.4355 0.89353
4396.6147 0.88347
4398.7944 0.89858
4400.9741 0.95508
4403.1538 0.8378
4405.3335 0.8989
4407.5137 0.88741
4409.6938 1.03353
4411.8745 0.94261
4414.0547 0.93005
4416.2354 0.98898
4418.416 0.85411
4420.5972 0.89921
4422.7783 0.86611
4424.9595 0.95876
4427.1406 1.03433
4429.3223 0.91651
4431.5039 0.94478
4433.6855 0.94103
4435.8672 0.9814
4438.0493 0.81356
4440.2314 1.02079
4442.4136 0.98897
4444.5962 1.07597
4446.7788 0.92874
4448.9614 0.96056
4451.1445 0.94429
4453.3271 0.98965
4455.5103 0.97798
4457.6934 0.93148
4459.877 1.02867
4462.0601 1.0676
4464.2441 0.98662
4466.4277 0.87851
4468.6113 1.00103
4470.7954 0.94087
4472.9795 0.95132
4475.1636 0.88985
4477.3481 1.08928
4479.5327 0.94179
4481.7173 1.03386
4483.9019 0.84977
4486.0869 0.98755
4488.2715 0.99985
4490.4565 0.95521
4492.6421 0.95675
4494.8271 0.92461
4497.0127 1.03774
4499.1982 0.99614
4501.3838 0.99449
4503.5698 0.94458
4505.7554 0.99872
4507.9419 1.05321
4510.1279 1.03143
4512.314 1.03285
4514.5005 1.01809
4516.687 1.15087
4518.8735 1.03832
4521.0605 1.07226
4523.2471 1.03697
4525.4341 1.01405
4527.6211 0.9919
4529.8086 0.97296
4531.9956 1.08183
4534.1831 1.11992
4536.3706 1.08298
4538.5581 1.06166
4540.7461 1.14359
4542.9341 1.06004
4545.1216 0.98336
4547.3101 1.02191
4549.498 0.92337
4551.6865 0.98382
4553.8745 1.11122
4556.063 1.00927
4558.252 1.02269
4560.4404 1.15658
4562.6294 1.12551
4564.8184 1.17869
4567.0073 1.14491
4569.1963 1.02876
4571.3857 1.04819
4573.5747 1.03821
4575.7642 1.08715
4577.9541 1.1406
4580.1436 1.12341
4582.3335 1.02198
4584.5229 1.04904
4586.7129 1.11929
4588.9033 1.08119
4591.0933 1.02181
4593.2832 1.00972
4595.4736 1.18865
4597.6641 1.00891
4599.8545 1.07141
4602.0454 0.94727
4604.2358 1.01661
4606.4268 1.07215
4608.6177 1.06469
4610.8086 1.07936
4612.9995 1.0939
4615.1909 1.11493
4617.3823 1.05919
4619.5737 0.92765
4621.7651 1.09507
4623.9565 1.17395
4626.1484 1.18962
4628.3398 1.1044
4630.5317 1.03519
4632.7236 1.11694
4634.9155 1.0441
4637.1079 1.22074
4639.2998 1.10514
4641.4922 1.10604
4643.6846 1.06372
4645.877 1.12153
4648.0693 1.05185
4650.2622 1.04593
4652.4546 1.02504
4654.6475 1.13518
4656.8403 1.10827
4659.0332 1.10853
4661.2261 1.14765
4663.4194 1.02946
4665.6128 1.14321
4667.8057 1.12495
4669.999 1.00131
4672.1929 1.17848
4674.3862 1.07786
4676.5796 1.02904
4678.7734 1.15778
4680.9673 1.03033
4683.1611 1.00247
4685.355 1.03683
4687.5488 1.08977
4689.7432 1.06446
4691.937 1.10633
4694.1313 1.14063
4696.3257 1.16462
4698.52 1.08251
4700.7144 1.10316
4702.9092 1.13735
4705.1035 1.12776
4707.2983 1.05744
4709.4932 1.05153
4711.688 1.11449
4713.8828 1.09915
4716.0776 1.1487
4718.2729 1.07044
4720.4678 1.16457
4722.6631 1.09495
4724.8584 1.15436
4727.0537 1.14894
4729.249 1.16251
4731.4443 1.09588
4733.6401 1.18937
4735.8354 1.19533
4738.0312 1.05749
4740.2271 1.18258
4742.4229 1.14553
4744.6187 1.1575
4746.8149 1.12441
4749.0107 1.16183
4751.2065 1.11481
4753.4028 1.16579
4755.5991 1.1377
4757.7954 1.07774
4759.9917 1.22493
4762.188 1.17266
4764.3843 1.23949
4766.5811 1.09109
4768.7778 1.26163
4770.9741 1.29888
4773.1709 1.09297
4775.3677 1.13387
4777.5645 1.10995
4779.7617 1.23989
4781.9585 1.27261
4784.1553 1.08912
4786.3525 1.15115
4788.5498 1.20293
4790.7471 1.21828
4792.9443 1.23962
4795.1416 1.16289
4797.3389 1.112
4799.5361 1.23195
4801.7339 1.18036
4803.9312 1.21918
4806.1289 1.14593
4808.3267 1.19658
4810.5244 1.1226
4812.7222 1.21297
4814.9199 1.16418
4817.1177 1.21532
4819.3154 1.12685
4821.5137 1.14756
4823.7114 1.15839
4825.9097 1.23552
4828.1079 1.19856
4830.3062 1.2564
4832.5044 1.1903
4834.7026 1.19536
4836.9009 1.23374
4839.0991 1.21403
4841.2979 1.12006
4843.4961 1.11804
4845.6948 1.20706
4847.8936 1.215
4850.0923 1.2856
4852.291 1.11012
4854.4897 1.23009
4856.6885 1.23086
4858.8872 1.2415
4861.0859 1.26794
4863.2852 1.19817
4865.4839 1.21742
4867.6831 1.25624
4869.8823 1.16459
4872.0815 1.3155
4874.2803 1.24103
4876.4795 1.17564
4878.6787 1.24447
4880.8784 1.18965
4883.0776 1.25705
4885.2769 1.21999
4887.4766 1.19334
4889.6758 1.11638
4891.8755 1.16933
4894.0752 1.22507
4896.2744 1.19077
4898.4741 1.26976
4900.6738 1.305
4902.8735 1.2854
4905.0737 1.10983
4907.2734 1.17139
4909.4731 1.17879
4911.6733 1.23665
4913.873 1.2824
4916.0732 1.24125
4918.2729 1.21616
4920.4731 1.24158
4922.6733 1.21192
4924.8735 1.1142
4927.0737 1.23109
4929.2739 1.35993
4931.4741 1.29254
4933.6743 1.22347
4935.8745 1.18975
4938.0747 1.14735
4940.2754 1.24549
4942.4756 1.21602
4944.6763 1.16522
4946.877 1.23928
4949.0771 1.27384
4951.2778 1.21101
4953.4785 1.25531
4955.6792 1.29051
4957.8799 1.21396
4960.0806 1.18545
4962.2812 1.16979
4964.4819 1.30338
4966.6831 1.12458
4968.8838 1.30363
4971.0845 1.24257
4973.2856 1.17794
4975.4868 1.13252
4977.6875 1.26466
4979.8887 1.13251
4982.0898 1.13132
4984.2905 1.13837
4986.4917 1.17771
4988.6929 1.21146
4990.894 1.21976
4993.0952 1.17432
4995.2964 1.07479
4997.4976 1.15462
4999.6992 1.21623
5001.9004 1.23076
5004.1016 1.18092
5006.3032 1.1568
5008.5044 1.20653
5010.7061 1.19748
5012.9077 1.0944
5015.1089 1.21601
5017.3105 1.22697
5019.5122 1.1849
5021.7134 1.26329
5023.915 1.23158
5026.1167 1.25947
5028.3184 1.18688
5030.52 1.12825
5032.7217 1.16506
5034.9238 1.11987
5037.1255 1.20193
5039.3271 1.20695
5041.5288 1.24932
5043.731 1.16374
5045.9326 1.15489
5048.1348 1.28123
5050.3364 1.26049
5052.5386 1.24494
5054.7402 1.29117
5056.9424 1.22533
5059.1445 1.13123
5061.3462 1.19887
5063.5483 1.29571
5065.7505 1.1366
5067.9526 1.16188
5070.1548 1.13658
5072.3569 1.20855
5074.5591 1.25775
5076.7612 1.20907
5078.9634 1.18995
5081.166 1.30685
5083.3682 1.14405
5085.5703 1.1997
5087.7725 1.27149
5089.9751 1.16602
5092.1772 1.14259
5094.3794 1.32186
5096.582 1.23296
5098.7842 1.2799
5100.9868 1.21115
5103.1895 1.14209
5105.3916 1.17012
5107.5942 1.25296
5109.7969 1.18573
5111.9995 1.2525
5114.2017 1.20029
5116.4043 1.23037
5118.6069 1.1733
5120.8096 1.07357
5123.0122 1.22765
5125.2148 1.21965
5127.4175 1.16693
5129.6201 1.17889
5131.8228 1.29997
5134.0254 1.2269
5136.2285 1.17364
5138.4312 1.21139
5140.6338 1.25373
5142.8364 1.22504
5145.0396 1.19821
5147.2422 1.3005
5149.4448 1.18214
5151.6479 1.31422
5153.8506 1.22516
5156.0537 1.12498
5158.2568 1.24164
5160.4595 1.2966
5162.6626 1.2753
5164.8652 1.21625
5167.0684 1.25179
5169.2715 1.29764
5171.4741 1.2702
5173.6772 1.21934
5175.8804 1.15435
5178.0835 1.25205
5180.2866 1.22367
5182.4893 1.25523
5184.6924 1.32895
5186.8955 1.46128
5189.0991 1.24867
5191.3018 1.2576
5193.5049 1.25015
5195.7085 1.23012
5197.9116 1.26339
5200.1147 1.12495
5202.3179 1.15758
5204.521 1.25506
5206.7246 1.06813
5208.9277 1.17036
5211.1309 1.17281
5213.334 1.10088
5215.5376 1.15407
5217.7407 1.21278
5219.9443 1.07269
5222.1475 1.06357
5224.3506 1.16259
5226.5542 1.16851
5228.7573 1.15607
5230.9609 1.0991
5233.1641 1.13479
5235.3677 1.10549
5237.5713 1.18784
5239.7744 1.1058
5241.978 1.17871
5244.1816 1.15478
5246.3848 1.10501
5248.5884 1.17462
5250.792 1.27037
5252.9956 1.10378
5255.1992 1.1507
5257.4028 1.10691
5259.606 1.09965
5261.8096 1.11345
5264.0132 1.13741
5266.2168 1.08774
5268.4204 1.20698
5270.624 1.19821
5272.8281 1.13987
5275.0317 1.19707
5277.2354 1.15907
5279.439 1.16949
5281.6426 1.20425
5283.8462 1.05492
5286.0498 1.08982
5288.2539 1.21118
5290.4575 1.10907
5292.6611 1.13259
5294.8647 1.15832
5297.0688 1.06607
5299.2725 1.1671
5301.4761 1.20725
5303.6802 1.20564
5305.8838 1.13575
5308.0879 1.21524
5310.2915 1.11961
5312.4956 1.09185
5314.6992 1.09297
5316.9033 1.19403
5319.1069 1.17774
5321.311 1.19479
5323.5151 1.17064
5325.7188 1.133
5327.9229 1.15499
5330.127 1.30158
5332.3306 1.19644
5334.5347 1.23715
5336.7388 1.20338
5338.9429 1.21441
5341.147 1.22731
5343.3511 1.2535
5345.5547 1.27783
5347.7588 1.26638
5349.9629 1.31162
5352.167 1.24987
5354.3711 1.22007
5356.5752 1.32125
5358.7793 1.33513
5360.9834 1.25944
5363.188 1.24742
5365.3921 1.39844
5367.5962 1.24971
5369.8003 1.2423
5372.0044 1.25821
5374.2085 1.35603
5376.4131 1.21866
5378.6172 1.37703
5380.8213 1.33263
5383.0259 1.41486
5385.23 1.31409
5387.4341 1.31154
5389.6387 1.34225
5391.8428 1.30446
5394.0474 1.3767
5396.2515 1.35501
5398.4561 1.33939
5400.6602 1.34145
5402.8647 1.28758
5405.0693 1.28571
5407.2739 1.37563
5409.478 1.43252
5411.6826 1.40499
5413.8872 1.21205
5416.0913 1.34458
5418.2959 1.36886
5420.5005 1.35872
5422.7051 1.38413
5424.9097 1.38783
5427.1143 1.36879
5429.3188 1.3618
5431.5234 1.36015
5433.728 1.39538
5435.9326 1.32753
5438.1372 1.41536
5440.3418 1.37758
5442.5464 1.36887
5444.751 1.42887
5446.9561 1.46001
5449.1606 1.45473
5451.3652 1.44226
5453.5703 1.4026
5455.7749 1.45671
5457.9795 1.55189
5460.1846 1.67051
5462.3892 1.586
5464.5942 1.62652
5466.7988 1.63412
5469.0039 1.62105
5471.2085 1.72156
5473.4136 1.7606
5475.6187 1.79641
5477.8232 1.74652
5480.0283 1.89992
5482.2334 1.8711
5484.4385 1.95978
5486.6436 1.95731
5488.8486 1.93466
5491.0537 2.04582
5493.2588 2.02043
5495.4634 2.09729
5497.6689 2.12603
5499.874 2.20648
5502.0791 2.24915
5504.2842 2.43423
5506.4893 2.41139
5508.6948 2.40866
5510.8999 2.3549
5513.105 2.30615
5515.3105 2.29441
5517.5156 2.30935
5519.7212 2.48788
5521.9263 2.22572
5524.1318 2.26076
5526.3369 2.26333
5528.5425 2.2512
5530.748 2.1744
5532.9536 2.23264
5535.1587 2.15913
5537.3643 2.10514
5539.5698 2.14669
5541.7754 1.94188
5543.981 2.0316
5546.1865 1.97573
5548.3921 2.0302
5550.5977 1.8377
5552.8037 1.97136
5555.0093 1.85673
5557.2148 1.81811
5559.4204 1.66034
5561.6265 1.75057
5563.832 1.75249
5566.0381 1.72389
5568.2437 1.63249
5570.4497 1.84029
5572.6558 1.74025
5574.8613 1.83858
5577.0674 1.53086
5579.2734 1.54064
5581.4795 1.36668
5583.6855 1.43431
5585.8916 1.41522
5588.0977 1.52532
5590.3037 1.6056
5592.5098 1.41063
5594.7158 1.4998
5596.9224 1.44012
5599.1284 1.61775
5601.3345 1.45682
5603.541 1.4517
5605.7471 1.57788
5607.9536 1.48857
5610.1602 1.40851
5612.3667 1.51032
5614.5728 1.42275
5616.7793 1.46551
5618.9858 1.45348
5621.1924 1.52286
5623.3989 1.45417
5625.6055 1.45851
5627.8125 1.46213
5630.019 1.42504
5632.2256 1.40573
5634.4326 1.48496
5636.6392 1.4536
5638.8462 1.43178
5641.0527 1.47629
5643.2598 1.39286
5645.4668 1.54762
5647.6738 1.45014
5649.8809 1.38344
5652.0879 1.33928
5654.2949 1.26345
5655.0415 1.25907
5656.187 1.1761
5657.3325 1.39571
5658.478 1.51336
5659.624 1.41042
5660.7695 1.61529
5661.915 1.33413
5663.061 1.51459
5664.207 1.23677
5665.3525 1.33436
5666.4985 1.39677
5667.6445 1.37489
5668.7905 1.41161
5669.9365 1.26599
5671.0825 1.24437
5672.2285 1.25252
5673.375 1.30164
5674.521 1.25693
5675.667 1.37445
5676.8135 1.40267
5677.96 1.31328
5679.106 1.40631
5680.2524 1.30575
5681.3989 1.12085
5682.5454 1.38701
5683.6919 1.1912
5684.8384 1.29374
5685.9849 1.10362
5687.1318 1.21501
5688.2783 1.262
5689.4253 1.2802
5690.5718 1.36507
5691.7188 1.37941
5692.8657 1.38415
5694.0122 1.35412
5695.1592 1.29886
5696.3062 1.26491
5697.4531 1.32393
5698.6001 1.16295
5699.7476 1.40485
5700.8945 1.48602
5702.0415 1.42126
5703.189 1.16182
5704.3359 1.26789
5705.4834 1.15725
5706.6309 1.22728
5707.7783 1.15183
5708.9253 1.24436
5710.0728 0.98714
5711.2202 1.33698
5712.3682 1.285
5713.5156 1.43875
5714.6631 1.44405
5715.811 1.2866
5716.9585 1.45052
5718.106 1.13102
5719.2539 1.39161
5720.4019 1.12321
5721.5498 1.15718
5722.6978 1.13883
5723.8457 1.13628
5724.9937 1.15527
5726.1416 1.25074
5727.2896 1.1925
5728.4375 1.16223
5729.5859 1.05527
5730.7339 1.25161
5731.8823 1.12729
5733.0303 1.20653
5734.1787 1.0541
5735.3271 1.17088
5736.4756 1.42487
5737.624 1.05566
5738.7725 1.14783
5739.9209 1.22335
5741.0693 1.09789
5742.2183 1.08756
5743.3667 1.19626
5744.5156 1.17706
5745.6641 1.19534
5746.813 1.10606
5747.9619 1.22732
5749.1104 1.12385
5750.2593 1.07978
5751.4082 1.22325
5752.5571 1.16066
5753.7065 1.20772
5754.8555 1.1129
5756.0044 1.19574
5757.1533 1.06359
5758.3027 1.16646
5759.4517 1.19001
5760.6011 1.13252
5761.7505 1.17584
5762.8999 1.17284
5764.0493 1.29643
5765.1987 1.26436
5766.3477 1.09028
5767.4976 1.36887
5768.647 1.17223
5769.7964 1.25745
5770.9463 0.96425
5772.0957 1.00012
5773.2456 1.074
5774.395 1.13622
5775.5449 1.07654
5776.6948 1.16998
5777.8447 1.36427
5778.9946 1.34473
5780.1445 1.17113
5781.2944 1.19672
5782.4443 1.20513
5783.5947 1.33756
5784.7446 1.10793
5785.8945 1.23121
5787.0449 1.20457
5788.1953 1.25916
5789.3452 1.19228
5790.4956 1.20475
5791.646 1.17908
5792.7964 1.27042
5793.9468 1.38537
5795.0972 1.17608
5796.2476 1.06883
5797.3984 1.25825
5798.5488 1.09851
5799.6992 1.21304
5800.8501 1.27732
5802.001 1.23476
5803.1514 1.2477
5804.3022 1.13579
5805.4531 1.29571
5806.604 1.10756
5807.7549 1.04349
5808.9058 1.17522
5810.0566 1.24403
5811.208 1.16204
5812.3589 1.14027
5813.5098 1.25816
5814.6611 1.37681
5815.8125 1.15109
5816.9634 1.10645
5818.1147 1.32535
5819.2661 1.33562
5820.4175 1.17754
5821.5688 1.22482
5822.7202 1.2423
5823.8716 1.16748
5825.0234 1.23083
5826.1748 1.13079
5827.3262 1.3517
5828.478 1.24243
5829.6299 1.22
5830.7812 1.33319
5831.9331 1.25428
5833.085 1.40106
5834.2368 1.38103
5835.3887 1.1463
5836.5405 1.28911
5837.6924 1.11449
5838.8447 1.31135
5839.9966 1.13967
5841.1484 1.28169
5842.3008 1.32435
5843.4531 1.32469
5844.605 1.21036
5845.7573 1.13438
5846.9097 1.25368
5848.062 1.14935
5849.2144 1.24519
5850.3667 1.16506
5851.519 1.23117
5852.6714 1.33691
5853.8242 1.25123
5854.9766 1.36109
5856.1289 1.24062
5857.2817 1.22224
5858.4346 1.32506
5859.5874 1.26821
5860.7397 1.24558
5861.8926 1.3291
5863.0454 1.37149
5864.1982 1.23372
5865.3511 1.18732
5866.5044 1.17872
5867.6572 1.08251
5868.8101 1.26818
5869.9634 1.31682
5871.1167 1.30373
5872.2695 1.43169
5873.4229 1.29403
5874.5762 1.36986
5875.7295 1.30919
5876.8828 1.49574
5878.0361 1.29557
5879.1895 1.20221
5880.3428 1.41256
5881.4961 1.35701
5882.6499 1.30843
5883.8032 1.25917
5884.957 1.31051
5886.1104 1.03846
5887.2642 1.12976
5888.418 1.17107
5889.5718 1.18604
5890.7256 1.12449
5891.8794 1.2869
5893.0332 1.08202
5894.187 1.1429
5895.3408 1.15378
5896.4951 0.97548
5897.6489 1.24603
5898.8032 1.32979
5899.957 1.18229
5901.1113 1.27405
5902.2656 1.17689
5903.4199 1.27673
5904.5742 1.34685
5905.7285 1.17981
5906.8828 1.1926
5908.0371 1.12568
5909.1914 1.25921
5910.3457 1.1507
5911.5005 1.1453
5912.6548 1.1935
5913.8096 1.16324
5914.9644 1.14267
5916.1191 1.13558
5917.2734 1.08126
5918.4282 1.20301
5919.583 1.1797
5920.7378 1.24759
5921.8926 1.06284
5923.0479 1.07471
5924.2026 1.00829
5925.3574 1.06972
5926.5127 1.2939
5927.6675 1.22064
5928.8228 1.02828
5929.978 1.15732
5931.1333 1.20786
5932.2881 1.20201
5933.4434 1.08676
5934.5986 1.16087
5935.7544 1.32061
5936.9097 1.11007
5938.0649 0.97609
5939.2202 1.03209
5940.376 1.22685
5941.5312 1.08774
5942.687 1.04621
5943.8428 1.18222
5944.9985 1.13022
5946.1538 1.04103
5947.3096 1.10487
5948.4653 1.26684
5949.6211 1.07306
5950.7773 1.13851
5951.9331 1.14467
5953.0889 1.02918
5954.2451 1.14428
5955.4009 1.13255
5956.5571 1.16083
5957.7129 1.22133
5958.8691 0.94833
5960.0254 1.14397
5961.1816 1.21546
5962.3379 1.12613
5963.4941 0.92102
5964.6504 1.08466
5965.8066 0.98224
5966.9629 1.02969
5968.1196 0.96333
5969.2759 1.22438
5970.4326 1.01428
5971.5889 1.03817
5972.7456 1.02892
5973.9023 1.10243
5975.0591 1.19255
5976.2158 1.15529
5977.3726 1.23819
5978.5293 1.2181
5979.686 0.90548
5980.8428 1.08253
5982.0 1.09937
5983.1567 0.95489
5984.314 0.97537
5985.4707 1.0853
5986.6279 1.09728
5987.7852 1.07421
5988.9419 1.23273
5990.0991 1.19491
5991.2563 1.27424
5992.4136 1.11278
5993.5713 1.06938
5994.7285 1.1075
5995.8857 0.99451
5997.043 1.12033
5998.2007 0.98088
5999.3579 1.1097
6000.5156 1.05212
6001.6733 0.91692
6002.8311 1.14717
6003.9883 1.12937
6005.146 1.23269
6006.3037 1.09822
6007.4619 0.96833
6008.6196 1.01546
6009.7773 1.04252
6010.9351 1.17049
6012.0933 1.13246
6013.251 1.16615
6014.4092 1.11121
6015.5669 1.23656
6016.7251 1.20998
6017.8833 1.03556
6019.0415 1.15761
6020.1997 0.99625
6021.3579 1.07802
6022.5161 1.01238
6023.6743 1.2199
6024.833 0.97202
6025.9912 0.98106
6027.1494 1.04763
6028.3081 0.96276
6029.4668 1.04063
6030.625 1.09455
6031.7837 1.07474
6032.9424 1.03285
6034.1011 1.05673
6035.2598 0.97979
6036.4185 1.11786
6037.5771 1.02533
6038.7358 0.96723
6039.895 1.09552
6041.0537 1.09951
6042.2124 1.06846
6043.3716 1.07399
6044.5308 1.08249
6045.6899 1.14071
6046.8486 1.25604
6048.0078 0.92719
6049.167 1.10634
6050.3262 1.01902
6051.4854 1.1217
6052.6445 1.22284
6053.8042 1.04707
6054.9634 1.08158
6056.1226 0.97683
6057.2822 1.06006
6058.4419 1.11689
6059.6011 1.13351
6060.7607 0.91959
6061.9204 0.99047
6063.0801 1.09744
6064.2397 1.08619
6065.3994 1.09352
6066.5591 1.06995
6067.7188 0.95483
6068.8784 0.9211
6070.0386 1.15226
6071.1982 0.89365
6072.3584 1.02451
6073.5181 0.82898
6074.6782 1.14263
6075.8384 1.10436
6076.9985 1.0555
6078.1582 1.27889
6079.3184 1.12745
6080.479 0.96695
6081.6392 0.96458
6082.7993 1.10838
6083.9595 1.11048
6085.1201 1.04822
6086.2803 1.13577
6087.4409 0.84181
6088.6011 0.99792
6089.7617 1.11211
6090.9224 1.08135
6092.083 1.01843
6093.2432 1.04024
6094.4043 1.08391
6095.5649 0.99713
6096.7256 1.20856
6097.8862 1.07867
6099.0469 1.13486
6100.208 1.12527
6101.3687 0.9408
6102.5298 0.94257
6103.6909 1.17596
6104.8516 1.07509
6106.0127 1.02371
6107.1738 1.13064
6108.335 1.05541
6109.4961 1.22875
6110.6572 1.16397
6111.8184 1.11722
6112.9795 1.08008
6114.1411 1.16575
6115.3022 1.12275
6116.4639 1.11175
6117.625 1.21579
6118.7866 1.111
6119.9482 1.2011
6121.1094 1.02443
6122.271 1.12572
6123.4326 1.03895
6124.5942 1.13516
6125.7559 1.25609
6126.9175 1.08368
6128.0796 1.20278
6129.2412 1.18103
6130.4033 1.15972
6131.5649 1.19119
6132.7271 1.06893
6133.8887 1.20309
6135.0508 1.07042
6136.2129 1.1122
6137.375 1.15897
6138.5371 1.04364
6139.6992 1.15291
6140.8613 1.26085
6142.0234 1.14172
6143.1855 1.17798
6144.3477 1.03
6145.5103 1.27451
6146.6724 1.09426
6147.835 1.20107
6148.9976 1.1687
6150.1597 1.1277
6151.3223 1.16689
6152.4849 1.08553
6153.6475 1.09755
6154.8101 1.15991
6155.9727 1.14464
6157.1357 1.22509
6158.2983 1.3681
6159.4609 1.20793
6160.624 1.15891
6161.7866 1.32159
6162.9497 1.05078
6164.1123 1.16798
6165.2754 1.18793
6166.4385 1.12237
6167.6016 1.19682
6168.7642 1.17856
6169.9277 1.25232
6171.0908 1.24121
6172.2539 1.18456
6173.417 1.05654
6174.5801 1.11971
6175.7437 1.18207
6176.9067 1.21804
6178.0703 1.12291
6179.2339 1.07699
6180.397 1.17441
6181.5605 1.1993
6182.7241 1.14606
6183.8877 1.2424
6185.0513 1.12324
6186.2148 1.11256
6187.3784 1.24497
6188.542 1.05745
6189.7061 1.27876
6190.8696 1.11165
6192.0337 1.13196
6193.1973 1.18716
6194.3613 1.1694
6195.5254 1.22589
6196.689 1.21138
6197.853 1.18948
6199.0171 1.11016
6200.1812 1.35441
6201.3452 1.10311
6202.5093 1.09746
6203.6738 1.26047
6204.8379 1.17988
6206.002 1.2554
6207.1665 1.20843
6208.3306 1.30282
6209.4951 1.14355
6210.6597 1.24769
6211.8237 1.18496
6212.9883 1.2306
6214.1528 1.19926
6215.3174 1.17062
6216.4819 1.12254
6217.6465 1.09639
6218.8115 1.21201
6219.9761 1.35747
6221.1406 1.24014
6222.3057 1.28692
6223.4702 1.1838
6224.6353 1.17794
6225.7998 1.28241
6226.9648 1.20024
6228.1299 1.183
6229.2949 1.28191
6230.46 1.1579
6231.625 1.29459
6232.79 1.33446
6233.9551 1.20774
6235.1206 1.34311
6236.2856 1.32317
6237.4507 1.2691
6238.6162 1.17984
6239.7812 1.33264
6240.9468 1.28234
6242.1123 1.10833
6243.2778 1.28651
6244.4429 1.21945
6245.6084 1.27753
6246.7739 1.24907
6247.9399 1.22979
6249.1055 1.25211
6250.271 1.2235
6251.4365 1.2043
6252.6025 0.99227
6253.7681 1.26188
6254.9341 1.15448
6256.0996 1.33276
6257.2656 1.27061
6258.4316 1.12554
6259.5972 1.14051
6260.7632 1.17804
6261.9292 1.36905
6263.0952 1.26476
6264.2617 1.29806
6265.4277 1.24693
6266.5938 1.21202
6267.7598 1.32204
6268.9263 1.25459
6270.0923 1.22097
6271.2588 1.1857
6272.4253 1.18346
6273.5913 1.15747
6274.7578 1.25064
6275.9243 1.06748
6277.0908 0.99276
6278.2573 1.14344
6279.4238 1.02132
6280.5903 1.12567
6281.7573 1.12595
6282.9238 1.10037
6284.0903 1.0789
6285.2573 1.27679
6286.4238 1.14471
6287.5908 1.17925
6288.7578 1.16331
6289.9243 1.33315
6291.0913 1.21934
6292.2583 1.25646
6293.4253 1.06712
6294.5923 1.24062
6295.7593 1.30576
6296.9263 1.41602
6298.0938 1.34932
6299.2607 1.391
6300.4282 1.21871
6301.5952 0.96241
6302.7627 1.3626
6303.9297 1.22158
6305.0972 1.24194
6306.2646 1.2662
6307.4321 1.28939
6308.5996 1.22751
6309.7671 1.23958
6310.9346 1.25197
6312.1021 1.29328
6313.2695 1.27352
6314.437 1.26065
6315.605 1.22755
6316.7725 1.26901
6317.9404 1.2104
6319.1079 1.2479
6320.2759 1.31449
6321.4438 1.40495
6322.6118 1.21319
6323.7793 1.27232
6324.9473 1.19626
6326.1152 1.20017
6327.2832 1.22536
6328.4517 1.21634
6329.6196 1.3145
6330.7876 1.17767
6331.9561 1.33405
6333.124 1.27795
6334.2925 1.26337
6335.4604 1.27329
6336.6289 1.38321
6337.7974 1.14968
6338.9658 1.22724
6340.1338 1.20085
6341.3027 1.34282
6342.4712 1.25438
6343.6396 1.24866
6344.8081 1.24016
6345.9766 1.2635
6347.145 1.27065
6348.314 1.26581
6349.4824 1.27148
6350.6514 1.38127
6351.8203 1.15865
6352.9888 1.27597
6354.1577 1.2754
6355.3267 1.3124
6356.4956 1.1877
6357.6646 1.12566
6358.8335 1.13783
6360.0024 1.31961
6361.1714 1.11332
6362.3403 1.2372
6363.5098 1.29457
6364.6787 1.21372
6365.8481 1.19047
6367.0171 1.15762
6368.1865 1.20557
6369.356 1.26452
6370.5249 1.17664
6371.6943 1.27725
6372.8638 1.24475
6374.0332 1.33019
6375.2026 1.09993
6376.3721 1.26254
6377.542 1.33803
6378.7114 1.25821
6379.8809 1.15424
6381.0508 1.3855
6382.2202 1.17828
6383.3901 1.2613
6384.5596 1.15082
6385.7295 1.30371
6386.8994 1.3392
6388.0693 1.2181
6389.2393 1.2672
6390.4092 1.12935
6391.5791 1.18862
6392.749 1.24316
6393.9189 1.2736
6395.0889 1.18976
6396.2593 1.3136
6397.4292 1.21583
6398.5996 1.23086
6399.7695 1.15229
6400.9399 1.25257
6402.1099 1.21144
6403.2803 1.25874
6404.4507 1.17219
6405.6211 1.32249
6406.7915 1.13958
6407.9619 1.26268
6409.1323 1.14034
6410.3032 1.13887
6411.4736 1.31052
6412.644 1.12312
6413.8149 1.09097
6414.9854 1.10023
6416.1558 1.20058
6417.3267 1.16587
6418.4976 1.12446
6419.6685 1.2587
6420.8389 1.17915
6422.0098 1.17649
6423.1807 1.19447
6424.3516 1.23479
6425.5225 1.17747
6426.6938 1.1932
6427.8647 1.27418
6429.0356 1.14757
6430.207 1.27817
6431.3779 1.13346
6432.5493 1.22434
6433.7202 1.25272
6434.8916 1.24045
6436.063 1.10283
6437.2344 1.17041
6438.4053 1.17224
6439.5767 1.33334
6440.7485 1.24695
6441.9199 1.20623
6443.0913 1.29032
6444.2627 1.20823
6445.4341 1.24131
6446.606 1.11103
6447.7773 1.16985
6448.9492 1.20932
6450.1206 1.15925
6451.2925 1.19101
6452.4644 1.09559
6453.6362 1.22655
6454.8076 1.26206
6455.9795 1.10461
6457.1514 1.1335
6458.3232 1.17898
6459.4951 1.12566
6460.6675 1.19292
6461.8394 1.19736
6463.0112 1.28111
6464.1836 1.33173
6465.3555 1.05002
6466.5278 1.15881
6467.6997 1.12011
6468.8721 1.08686
6470.0444 1.07441
6471.2168 1.26889
6472.3892 1.10687
6473.5615 1.28194
6474.7339 1.17519
6475.9062 1.03625
6477.0786 1.17127
6478.251 1.21742
6479.4238 1.03394
6480.5962 1.25296
6481.769 1.19714
6482.9414 1.2821
6484.1138 1.04803
6485.2866 1.21046
6486.4595 1.15264
6487.6323 1.13661
6488.8052 1.22751
6489.978 1.31909
6491.1509 1.20276
6492.3237 1.29702
6493.4966 1.24725
6494.6694 1.17584
6495.8423 1.06028
6497.0156 1.15151
6498.1885 1.18216
6499.3618 1.20585
6500.5347 1.19857
6501.708 1.16342
6502.8809 1.09224
6504.0542 1.28781
6505.2275 0.92591
6506.4009 1.15915
6507.5742 1.0531
6508.7476 1.05934
6509.9209 1.08383
6511.0942 1.12551
6512.2676 1.13914
6513.4414 1.13134
6514.6147 0.99788
6515.7886 1.05781
6516.9619 1.08833
6518.1357 1.17625
6519.3091 1.11265
6520.4829 1.05078
6521.6567 1.02886
6522.8306 1.07074
6524.0044 1.09909
6525.1782 1.0171
6526.3521 1.14146
6527.5259 1.05666
6528.6997 1.02454
6529.8735 1.06008
6531.0479 1.17135
6532.2217 1.17769
6533.396 1.00409
6534.5698 0.91656
6535.7441 1.16151
6536.918 1.06448
6538.0923 1.06686
6539.2666 1.12612
6540.4409 1.01256
6541.6152 1.11876
6542.7896 1.14566
6543.9639 1.22124
6545.1382 1.09769
6546.3125 1.15707
6547.4868 1.10676
6548.6616 1.17075
6549.8359 1.13523
6551.0107 1.12375
6552.1851 1.05358
6553.3599 1.13272
6554.5342 1.11227
6555.709 1.10682
6556.8838 0.98059
6558.0586 1.10568
6559.2334 1.12716
6560.4082 1.07803
6561.583 1.21574
6562.7578 1.16558
6563.9326 1.09943
6565.1074 1.07995
6566.2827 1.0465
6567.4575 1.16886
6568.6328 1.15466
6569.8076 1.05376
6570.9829 1.15165
6572.1577 1.24027
6573.333 1.0944
6574.5083 1.1559
6575.6836 1.21525
6576.8589 1.06485
6578.0342 1.16818
6579.2095 1.10609
6580.3848 1.09135
6581.5601 1.16913
6582.7358 1.1338
6583.9111 1.11549
6585.0864 1.20939
6586.2622 1.17939
6587.4375 1.1646
6588.6133 1.12201
6589.7886 1.15007
6590.9644 1.1461
6592.1401 1.17758
6593.3159 1.08882
6594.4917 1.08211
6595.6675 1.05809
6596.8433 1.08285
6598.019 1.16466
6599.1948 1.13343
6600.3706 1.06006
6601.5469 1.17453
6602.7227 1.06412
6603.8989 1.19109
6605.0747 1.01322
6606.251 1.13841
6607.4268 1.07662
6608.603 1.0339
6609.7793 1.02723
6610.9556 1.1419
6612.1318 1.09851
6613.3081 0.98553
6614.4844 1.08246
6615.6606 1.13763
6616.8369 1.04379
6618.0132 1.10733
6619.1899 1.03045
6620.3662 1.05126
6621.5425 1.11226
6622.7192 1.0726
6623.8955 1.02951
6625.0723 0.98296
6626.249 1.07378
6627.4253 1.06898
6628.6021 1.10601
6629.7788 1.10577
6630.9556 1.0962
6632.1323 1.19499
6633.3091 1.05029
6634.4863 1.14098
6635.6631 1.08078
6636.8398 1.12607
6638.0166 1.05679
6639.1938 0.93623
6640.3706 1.04296
6641.5479 1.10449
6642.7246 0.98725
6643.9019 1.13966
6645.0791 1.09055
6646.2559 1.0544
6647.4331 1.12547
6648.6104 1.10456
6649.7876 1.05407
6650.9648 1.00668
6652.1421 1.07881
6653.3198 1.11857
6654.4971 1.11605
6655.6743 1.12777
6656.8516 1.09321
6658.0293 1.17813
6659.207 1.12651
6660.3843 1.09236
6661.562 1.14921
6662.7393 0.98682
6663.917 1.09937
6665.0947 1.05758
6666.2725 1.03031
6667.4502 1.12216
6668.6279 1.04887
6669.8057 1.17033
6670.9834 0.96309
6672.1611 1.10503
6673.3389 1.00622
6674.5171 0.97251
6675.6948 1.17083
6676.873 1.17683
6678.0508 0.9835
6679.229 1.08302
6680.4072 1.16605
6681.585 1.07991
6682.7632 1.05911
6683.9414 1.07092
6685.1196 1.09299
6686.2979 1.11451
6687.4761 1.2228
6688.6543 1.10689
6689.8325 1.17182
6691.0107 1.05513
6692.189 1.11017
6693.3677 0.97355
6694.5459 1.21136
6695.7246 1.12173
6696.9028 1.00965
6698.0815 1.15568
6699.2598 1.02078
6700.4385 0.98684
6701.6172 1.08222
6702.7959 1.08848
6703.9746 1.18898
6705.1533 1.10271
6706.332 1.11935
6707.5107 1.02638
6708.6895 1.08201
6709.8682 1.0763
6711.0474 1.09795
6712.2261 1.05276
6713.4048 1.14501
6714.584 1.08455
6715.7627 1.00314
6716.9419 1.10028
6718.1211 1.0909
6719.2998 1.11557
6720.479 1.11363
6721.6582 1.06646
6722.8374 1.0877
6724.0166 1.09205
6725.1958 1.16366
6726.375 1.16119
6727.5542 1.35784
6728.7334 1.079
6729.9131 1.19005
6731.0923 1.19375
6732.2715 1.13249
6733.4512 1.17364
6734.6304 1.1925
6735.8101 1.19238
6736.9897 1.23613
6738.1694 1.24431
6739.3486 1.22724
6740.5283 1.17966
6741.708 1.13009
6742.8877 1.21221
6744.0674 1.22842
6745.2471 1.27597
6746.4268 1.19716
6747.6069 1.10458
6748.7866 1.05036
6749.9663 1.14251
6751.146 1.19348
6752.3262 1.10076
6753.5059 1.25397
6754.686 1.15705
6755.8662 1.14303
6757.0459 1.19033
6758.2261 1.12159
6759.4062 1.14934
6760.5864 1.14044
6761.7666 1.02873
6762.9468 1.04812
6764.127 1.038
6765.3071 1.16768
6766.4873 1.26322
6767.6675 1.12769
6768.8481 1.13965
6770.0283 1.17629
6771.209 1.19531
6772.3892 1.13549
6773.5698 1.04544
6774.75 1.11844
6775.9307 1.15589
6777.1113 1.00082
6778.2915 1.10326
6779.4722 1.09421
6780.6528 1.19698
6781.8335 1.0132
6783.0142 1.02087
6784.1948 1.03084
6785.376 1.03834
6786.5566 1.14011
6787.7373 1.21624
6788.918 1.06896
6790.0991 1.07817
6791.2798 1.09782
6792.4609 1.05949
6793.6416 0.99912
6794.8228 1.10412
6796.0039 1.08566
6797.1846 1.13667
6798.3657 1.19771
6799.5469 0.99411
6800.728 1.05756
6801.9092 1.06099
6803.0903 1.14628
6804.2715 1.02524
6805.4531 1.06048
6806.6343 1.23591
6807.8154 1.10494
6808.9966 0.99673
6810.1782 0.95408
6811.3594 1.03259
6812.541 0.99945
6813.7227 1.01157
6814.9038 1.17896
6816.0854 1.13201
6817.2671 1.09253
6818.4487 1.11992
6819.6299 1.02553
6820.812 1.06307
6821.9932 1.14099
6823.1753 1.06657
6824.3569 1.11375
6825.5386 1.13697
6826.7202 1.09183
6827.9023 1.09198
6829.084 1.14926
6830.2656 1.2193
6831.4478 1.14841
6832.6294 1.17171
6833.8115 1.22131
6834.9937 1.02254
6836.1753 1.11293
6837.3574 1.08831
6838.5396 1.02706
6839.7217 1.06527
6840.9038 1.09338
6842.0859 1.0849
6843.2681 1.0979
6844.4502 1.10581
6845.6323 1.118
6846.8149 1.11723
6847.9971 1.04493
6849.1792 1.14359
6850.3618 1.02879
6851.5439 1.1148
6852.7266 1.1272
6853.9087 1.14278
6855.0913 1.17095
6856.2739 1.20143
6857.4565 1.02936
6858.6387 1.08519
6859.8213 1.18185
6861.0039 1.21348
6862.1865 0.94472
6863.3696 1.26692
6864.5518 1.15777
6865.7349 1.12083
6866.9175 1.06491
6868.1001 1.22279
6869.2832 1.09663
6870.4658 1.06339
6871.6489 1.02763
6872.8315 1.13054
6874.0146 1.14729
6875.1973 1.08775
6876.3804 1.07345
6877.5635 1.17266
6878.7466 1.11436
6879.9297 1.14534
6881.1128 1.10015
6882.2959 1.22144
6883.479 1.16168
6884.6621 1.07876
6885.8452 1.22699
6887.0283 1.10008
6888.2119 1.16627
6889.395 1.10688
6890.5781 1.21384
6891.7617 1.05954
6892.9448 1.05607
6894.1284 1.0948
6895.3115 1.09971
6896.4951 1.02529
6897.6787 1.23765
6898.8623 1.1463
6900.0459 1.1058
6901.229 1.02885
6902.4126 1.0546
6903.5962 1.12197
6904.7803 1.19374
6905.9639 1.10936
6907.1475 1.20867
6908.3311 1.13283
6909.5151 1.11378
6910.6987 1.00907
6911.8823 1.13411
6913.0664 1.09996
6914.25 1.10741
6915.4341 0.98596
6916.6182 0.9803
6917.8018 1.10122
6918.9858 1.05216
6920.1699 1.12368
6921.354 1.02957
6922.5381 0.99825
6923.7222 1.13187
6924.9062 1.13184
6926.0903 1.01946
6927.2744 1.05151
6928.4585 0.93122
6929.6431 1.12365
6930.8271 1.0671
6932.0112 1.10262
6933.1958 1.00905
6934.3799 1.11093
6935.5645 1.06668
6936.749 1.02775
6937.9331 1.02691
6939.1177 0.95467
6940.3022 1.08535
6941.4868 1.0344
6942.6709 1.08306
6943.8555 1.01619
6945.04 1.05219
6946.2246 0.98775
6947.4092 0.95949
6948.5942 1.1109
6949.7788 0.97143
6950.9634 1.00895
6952.1484 1.07829
6953.333 0.93234
6954.5176 1.13179
6955.7026 1.04303
6956.8872 1.0313
6958.0723 1.02221
6959.2573 1.08389
6960.4419 0.99197
6961.627 0.95209
6962.812 1.04736
6963.9971 1.02859
6965.1821 1.01018
6966.3672 1.08992
6967.5522 1.03838
6968.7373 1.05234
6969.9224 0.98721
6971.1079 1.0951
6972.293 0.99337
6973.478 0.95435
6974.6631 1.04228
6975.8486 1.00799
6977.0337 0.94414
6978.2192 1.09162
6979.4048 1.0591
6980.5898 0.8451
6981.7754 1.02715
6982.9609 0.87001
6984.1465 0.94456
6985.3315 1.02244
6986.5171 1.00931
6987.7026 1.03356
6988.8882 1.01844
6990.0742 0.97673
6991.2598 1.01252
6992.4453 1.02828
6993.6309 1.01974
6994.8164 0.90632
6996.0024 1.02172
6997.188 1.01903
6998.374 0.92013
6999.5596 1.06824
7000.7456 0.98643
7001.9316 0.9915
7003.1172 1.02305
7004.3032 1.01411
7005.4893 0.99712
7006.6753 0.95975
7007.8608 0.99767
7009.0469 1.03801
7010.2329 1.07516
7011.4194 1.07868
7012.6055 1.01686
7013.7915 0.93283
7014.9775 1.03709
7016.1636 0.98686
7017.3501 0.8976
7018.5361 1.09275
7019.7222 1.05649
7020.9087 1.00125
7022.0952 1.00976
7023.2812 0.99277
7024.4678 0.97322
7025.6538 0.9759
7026.8403 0.96334
7028.0269 0.99899
7029.2134 1.06167
7030.3999 1.02562
7031.5864 0.97048
7032.7729 0.97751
7033.9595 0.98094
7035.146 0.96979
7036.3325 1.01954
7037.5195 1.06668
7038.7061 1.05934
7039.8926 0.98465
7041.0791 0.90695
7042.2661 0.9436
7043.4531 1.01075
7044.6396 1.02364
7045.8267 0.99729
7047.0132 1.03801
7048.2002 1.09087
7049.3872 1.00115
7050.5742 1.03096
7051.7612 1.03962
7052.9478 1.06405
7054.1348 1.03856
7055.3218 0.97008
7056.5088 0.90049
7057.6963 1.06866
7058.8833 0.86273
7060.0703 1.00495
7061.2573 0.97733
7062.4448 1.01286
7063.6318 0.99951
7064.8193 0.98389
7066.0063 0.89071
7067.1934 0.99649
7068.3809 1.12745
7069.5684 0.94703
7070.7554 1.06516
7071.9429 1.12145
7073.1304 1.13664
7074.3179 1.07699
7075.5054 1.09585
7076.6929 1.04904
7077.8804 0.9877
7079.0679 1.03295
7080.2554 1.0298
7081.4429 1.02041
7082.6304 1.05883
7083.8184 1.04545
7085.0059 0.96901
7086.1934 1.05501
7087.3813 1.08556
7088.5688 1.04867
7089.7568 1.04693
7090.9443 0.90444
7092.1323 1.04794
7093.3203 1.22057
7094.5078 1.06257
7095.6958 1.09105
7096.8838 1.13879
7098.0718 1.06618
7099.2598 0.99556
7100.4478 1.00912
7101.6357 1.00817
7102.8237 1.01665
7104.0117 1.00434
7105.1997 1.04386
7106.3877 1.02597
7107.5762 1.00271
7108.7642 1.0694
7109.9526 1.01658
7111.1406 1.0358
7112.3291 0.9493
7113.5171 0.90771
7114.7056 1.06432
7115.8936 0.93265
7117.082 0.9714
7118.2705 0.91535
7119.4585 1.0255
7120.647 0.98896
7121.8354 1.03504
7123.0239 0.9763
7124.2124 0.98865
7125.4009 1.06597
7126.5894 0.99316
7127.7783 1.06298
7128.9668 1.0007
7130.1553 0.97614
7131.3438 1.06289
7132.5327 1.01672
7133.7212 1.05958
7134.9097 1.02366
7136.0986 0.98414
7137.2871 1.04968
7138.4761 1.0383
7139.665 1.02676
7140.8535 1.0155
7142.0425 0.95843
7143.2314 1.0171
7144.4204 0.95975
7145.6094 1.04329
7146.7983 1.00037
7147.9873 1.01068
7149.1763 1.14487
7150.3652 0.98875
7151.5542 1.00006
7152.7432 0.96999
7153.9321 1.07914
7155.1216 1.00697
7156.3105 0.93453
7157.4995 0.98022
7158.689 0.98186
7159.8779 1.04975
7161.0674 1.07041
7162.2563 0.9825
7163.4458 1.05604
7164.6353 1.08425
7165.8242 1.08735
7167.0137 1.04164
7168.2031 1.05332
7169.3926 0.94778
7170.582 1.03952
7171.7715 0.97024
7172.9609 1.05928
7174.1504 1.00878
7175.3398 1.01834
7176.5293 1.01986
7177.7192 0.98548
7178.9087 0.9573
7180.0981 1.12347
7181.2876 1.04401
7182.4775 0.99526
7183.667 1.06216
7184.8569 1.03669
7186.0464 1.04797
7187.2363 1.02676
7188.4258 1.1078
7189.6157 0.99576
7190.8057 1.04396
7191.9956 1.02588
7193.1855 0.9882
7194.375 1.0342
7195.5654 1.0629
7196.7549 1.07323
7197.9448 1.00362
7199.1348 1.03234
7200.3252 1.0228
7201.5151 1.03805
7202.7051 0.98257
7203.895 1.05334
7205.0854 1.0117
7206.2754 1.00661
7207.4653 0.90908
7208.6558 1.05425
7209.8457 0.99579
7211.0361 1.07416
7212.2266 1.0396
7213.4165 0.96797
7214.6069 1.00087
7215.7974 1.01053
7216.9873 0.96627
7218.1777 0.98353
7219.3682 1.06553
7220.5586 0.87635
7221.749 0.9835
7222.9395 0.98174
7224.1299 1.02062
7225.3203 0.97678
7226.5112 1.13345
7227.7017 0.97974
7228.8921 1.07106
7230.0825 1.0296
7231.2734 1.02105
7232.4639 0.9241
7233.6543 0.95284
7234.8452 0.92976
7236.0361 0.96502
7237.2266 0.98369
7238.4175 0.94942
7239.6079 1.08779
7240.7988 0.91604
7241.9897 0.98097
7243.1807 1.04656
7244.3716 0.96312
7245.5625 1.06771
7246.7534 1.04699
7247.9443 0.89341
7249.1348 1.01108
7250.3262 1.04086
7251.5171 1.00507
7252.708 0.96113
7253.8989 0.97346
7255.0903 1.04014
7256.2812 0.90167
7257.4722 0.97705
7258.6636 1.07422
7259.8545 0.98318
7261.0459 0.949
7262.2368 0.99875
7263.4282 1.07842
7264.6191 0.9382
7265.8105 0.97923
7267.002 0.97519
7268.1934 0.93161
7269.3843 0.94617
7270.5757 1.10926
7271.7671 1.01501
7272.9585 1.03246
7274.1499 1.14536
7275.3413 0.94428
7276.5327 1.22011
7277.7246 1.03238
7278.916 1.12816
7280.1074 1.09125
7281.2988 1.06406
7282.4907 0.97269
7283.6821 1.06445
7284.8735 0.97768
7286.0654 1.02816
7287.2568 1.07934
7288.4487 1.11808
7289.6406 1.00657
7290.832 0.96195
7292.0239 0.94672
7293.2158 1.01344
7294.4072 1.00859
7295.5991 1.03128
7296.791 1.03236
7297.9829 1.13251
7299.1748 1.21625
7300.3667 1.00053
7301.5586 1.08208
7302.7505 1.00148
7303.9424 0.99153
7305.1343 1.09052
7306.3267 0.98764
7307.5186 1.12963
7308.7104 1.07546
7309.9028 1.10772
7311.0947 1.02247
7312.2866 1.11871
7313.479 1.0764
7314.6709 1.03036
7315.8633 1.03624
7317.0552 0.94175
7318.2476 0.99576
7319.4399 1.23904
7320.6323 1.17324
7321.8242 1.11149
7323.0166 1.13819
7324.209 1.10439
7325.4014 1.15188
7326.5938 1.23505
7327.7861 1.35344
7328.9785 1.41687
7330.1709 1.38223
7331.3633 1.34406
7332.5557 1.30491
7333.7485 1.53238
7334.9409 1.45994
7336.1333 1.39427
7337.3262 1.41019
7338.5186 1.38808
7339.7114 1.1925
7340.9038 1.24078
7342.0967 1.07079
7343.2891 1.06025
7344.4819 1.13299
7345.6743 1.10619
7346.8672 0.95705
7348.0601 0.94189
7349.2529 1.04633
7350.4458 0.99572
7351.6382 1.04939
7352.8311 0.893
7354.0239 0.98272
7355.2168 0.90539
7356.4097 0.99222
7357.6025 0.91214
7358.7959 1.07979
7359.9888 0.90504
7361.1816 1.01333
7362.3745 0.96352
7363.5674 1.01289
7364.7607 1.12422
7365.9536 0.97395
7367.147 0.86098
7368.3398 1.09319
7369.5332 1.03777
7370.7261 0.89059
7371.9194 0.8431
7373.1123 1.10042
7374.3057 1.08136
7375.499 1.05004
7376.6924 0.95081
7377.8853 1.03818
7379.0786 0.95815
7380.272 0.97074
7381.4653 1.07482
7382.6587 1.03418
7383.8521 1.00487
7385.0454 0.9703
7386.2388 1.00066
7387.4321 1.02255
7388.6255 0.96741
7389.8193 0.95948
7391.0127 1.00812
7392.2061 1.02934
7393.3999 1.05452
7394.5933 0.94226
7395.7871 0.96625
7396.9805 0.92526
7398.1743 1.18791
7399.3677 0.89799
7400.5615 1.16197
7401.7549 1.02686
7402.9487 1.04997
7404.1426 0.96109
7405.3359 0.96862
7406.5298 1.01413
7407.7236 1.12911
7408.9175 0.98495
7410.1113 0.9968
7411.3052 0.98345
7412.499 0.94842
7413.6929 0.9403
7414.8867 0.98345
7416.0806 0.98217
7417.2744 1.04594
7418.4683 0.96938
7419.6626 0.93606
7420.8564 1.02119
7422.0503 0.96836
7423.2446 0.86975
7424.4385 0.95362
7425.6328 1.06496
7426.8267 0.90826
7428.021 0.93999
7429.2148 0.94626
7430.4092 0.9217
7431.603 0.99884
7432.7974 0.89492
7433.9917 1.02931
7435.186 0.8804
7436.3799 1.01566
7437.5742 0.83778
7438.7686 0.8302
7439.9629 0.95647
7441.1572 0.95178
7442.3516 0.9218
7443.5459 0.95076
7444.7402 0.99582
7445.9346 0.89071
7447.1289 0.93735
7448.3237 0.85085
7449.5181 0.97922
7450.7124 1.00786
7451.9072 1.00392
7453.1016 0.94338
7454.2959 0.97849
7455.4907 0.91903
7456.6851 0.83391
7457.8799 0.95807
7459.0742 1.00636
7460.269 1.00114
7461.4634 0.92714
7462.6582 0.97042
7463.853 0.94231
7465.0479 0.89995
7466.2422 0.89971
7467.437 0.9044
7468.6318 0.91637
7469.8267 1.14105
7471.0215 0.84723
7472.2163 0.94125
7473.4111 0.99557
7474.606 0.86639
7475.8008 0.98846
7476.9956 0.96608
7478.1909 0.89892
7479.3857 0.89091
7480.5806 0.86856
7481.7754 0.94838
7482.9707 0.83042
7484.1655 0.86851
7485.3608 0.98293
7486.5557 0.9078
7487.7505 0.97434
7488.9458 0.97254
7490.1411 1.00823
7491.3359 0.98087
7492.5312 0.95869
7493.7261 0.93941
7494.9214 0.94206
7496.1167 1.00182
7497.312 0.96647
7498.5073 0.96982
7499.7021 1.01626
7500.8975 0.90948
7502.0928 0.94345
7503.2881 1.0575
7504.4834 0.98647
7505.6787 0.98621
7506.874 1.00128
7508.0698 0.97257
7509.2651 0.95199
7510.4604 1.0096
7511.6558 0.93248
7512.8511 0.99989
7514.0469 0.97877
7515.2422 0.99193
7516.438 0.91948
7517.6333 0.94892
7518.8286 1.06617
7520.0244 0.80925
7521.2202 0.96019
7522.4155 1.00326
7523.6113 0.85329
7524.8066 0.84814
7526.0024 0.92166
7527.1982 0.8787
7528.394 0.86457
7529.5894 1.1249
7530.7852 0.8986
7531.981 0.84032
7533.1768 0.77441
7534.3726 0.90107
7535.5684 0.95236
7536.7642 0.9077
7537.96 0.9389
7539.1558 0.90641
7540.3516 0.92313
7541.5474 0.97387
7542.7432 0.95916
7543.9395 0.92739
7545.1353 0.97806
7546.3311 0.92105
7547.5273 0.87679
7548.7231 0.90557
7549.9194 0.93168
7551.1152 0.86402
7552.3115 0.98011
7553.5073 0.87581
7554.7036 0.84777
7555.8994 0.95564
7557.0957 0.97102
7558.2915 0.94716
7559.4878 0.95428
7560.6841 0.82166
7561.8804 0.86667
7563.0762 1.00327
7564.2725 0.92922
7565.4688 0.99894
7566.665 0.91794
7567.8613 0.94121
7569.0576 0.80907
7570.2539 0.90312
7571.4502 0.90687
7572.6465 0.99434
7573.8428 0.93727
7575.0391 0.95268
7576.2358 0.91103
7577.4321 0.96613
7578.6284 0.90901
7579.8252 0.8954
7581.0215 0.94352
7582.2178 0.90779
7583.4146 0.95684
7584.6108 0.90876
7585.8076 0.77401
7587.0039 0.96962
7588.2007 0.89807
7589.397 0.97087
7590.5938 0.96252
7591.7905 0.97985
7592.9868 1.03045
7594.1836 1.08222
7595.3804 1.17193
7596.5767 1.09065
7597.7734 1.23943
7598.9702 1.26716
7600.167 1.114
7601.3638 1.20452
7602.5605 0.8619
7603.7573 0.97962
7604.9541 1.16011
7606.1509 0.81888
7607.3477 1.21742
7608.5444 0.99679
7609.7417 0.92783
7610.9385 1.06287
7612.1353 1.04255
7613.332 0.98638
7614.5293 0.86986
7615.7261 0.87172
7616.9229 0.94651
7618.1201 1.002
7619.3169 1.05504
7620.5142 0.96332
7621.7109 1.08544
7622.9082 0.95344
7624.105 1.07022
7625.3022 0.97948
7626.4995 0.9506
7627.6963 1.17766
7628.8936 0.92929
7630.0908 0.94534
7631.2876 1.0729
7632.4849 0.90278
7633.6821 0.97722
7634.8794 0.92621
7636.0767 0.89748
7637.2739 0.91937
7638.4712 1.05113
7639.6685 0.86847
7640.8657 0.87215
7642.063 0.95866
7643.2603 0.98457
7644.4575 0.83386
7645.6548 0.94637
7646.8525 0.90884
7648.0498 0.93127
7649.2471 0.93877
7650.4443 0.96186
7651.6421 0.93581
7652.8394 1.05619
7654.0366 0.97442
7655.2344 0.98352
7656.4316 1.03009
7657.6294 0.87021
7658.8267 0.74414
7660.0244 1.0188
7661.2217 0.99753
7662.4194 0.8655
7663.6172 0.89269
7664.8145 0.93188
7666.0122 0.87913
7667.21 1.03191
7668.4077 1.0539
7669.605 1.01208
7670.8027 0.98143
7672.0005 0.86995
7673.1982 0.97681
7674.396 1.022
7675.5938 1.05295
7676.7915 0.99148
7677.9893 0.98921
7679.187 0.95846
7680.3848 0.91784
7681.5825 0.94673
7682.7803 0.97932
7683.9785 0.95649
7685.1763 0.8742
7686.374 0.97366
7687.5718 0.90503
7688.77 0.91276
7689.9678 0.86491
7691.166 0.89724
7692.3638 0.93657
7693.5615 0.98582
7694.7598 0.9751
7695.9575 0.9183
7697.1558 0.90828
7698.354 0.99149
7699.5518 0.92296
7700.75 0.90085
7701.9482 0.94719
7703.146 0.97267
7704.3442 0.98459
7705.5425 0.96482
7706.7402 0.84877
7707.9385 0.91939
7709.1367 0.9625
7710.335 0.9051
7711.5332 0.96969
7712.7314 1.04306
7713.9297 0.87076
7715.1279 0.87823
7716.3262 0.93252
7717.5244 1.08825
7718.7227 0.86385
7719.9209 0.87862
7721.1191 0.69133
7722.3174 0.98527
7723.5161 0.88583
7724.7144 0.90339
7725.9126 0.78224
7727.1108 0.77298
7728.3096 0.82016
7729.5078 0.85153
7730.7061 0.87142
7731.9048 0.88381
7733.103 0.73971
7734.3018 0.87724
7735.5 0.81994
7736.6987 0.75679
7737.897 0.88956
7739.0957 0.82109
7740.2944 0.97182
7741.4927 0.82343
7742.6914 0.91685
7743.8901 0.74511
7745.0884 0.75092
7746.2871 0.90947
7747.4858 0.85128
7748.6846 1.03756
7749.8833 0.94555
7751.082 0.85488
7752.2803 0.84721
7753.479 0.77593
7754.6777 0.82604
7755.8765 0.77049
7757.0752 0.88956
7758.2739 0.87332
7759.4727 0.94371
7760.6719 1.00575
7761.8706 1.00425
7763.0693 0.87283
7764.2681 0.83369
7765.4668 0.91209
7766.666 0.91892
7767.8647 0.81034
7769.0635 0.99026
7770.2627 1.02411
7771.4614 0.8703
7772.6602 0.88079
7773.8594 0.9544
7775.0581 0.87447
7776.2573 0.86923
7777.4561 0.95672
7778.6553 0.99149
7779.854 0.88194
7781.0532 1.02444
7782.2524 0.9676
7783.4512 0.91644
7784.6504 0.94752
7785.8496 0.91016
7787.0483 0.93768
7788.2476 0.9381
7789.4468 1.02063
7790.646 0.9174
7791.8452 1.18923
7793.0439 0.82116
7794.2432 0.86356
7795.4424 1.013
7796.6416 0.84499
7797.8408 0.86296
7799.04 0.9139
7800.2393 0.94125
7801.4385 0.84114
7802.6377 0.82561
7803.8369 0.76104
7805.0366 0.95286
7806.2358 0.8425
7807.4351 0.94794
7808.6343 0.88101
7809.8335 0.93968
7811.0332 0.91366
7812.2324 0.81769
7813.4316 0.80902
7814.6313 0.75186
7815.8306 0.78049
7817.0298 1.04592
7818.2295 0.82322
7819.4287 0.72476
7820.6284 1.00965
7821.8281 0.92653
7823.0273 0.94487
7824.2266 0.95169
7825.4263 0.9483
7826.626 1.07014
7827.8252 0.94913
7829.0249 0.89916
7830.2246 0.93907
7831.4243 0.9234
7832.6235 0.89189
7833.8232 0.83818
7835.0229 0.98255
7836.2227 0.82216
7837.4224 0.92853
7838.6216 0.97784
7839.8213 0.83635
7841.021 0.91631
7842.2207 0.98418
7843.4204 0.91915
7844.6201 0.89769
7845.8198 0.971
7847.0195 1.04101
7848.2197 0.99373
7849.4194 0.86485
7850.6191 0.79901
7851.8188 1.00566
7853.0186 0.84967
7854.2183 0.84254
7855.418 0.7605
7856.6182 1.0233
7857.8179 1.09669
7859.0176 0.89115
7860.2178 0.9712
7861.4175 0.85014
7862.6172 0.95087
7863.8174 0.84649
7865.0171 0.98692
7866.2173 0.92306
7867.417 0.85848
7868.6172 0.88583
7869.8169 0.93607
7871.0171 0.83181
7872.2173 0.91392
7873.417 1.09954
7874.6172 0.82097
7875.8169 0.96162
7877.0171 0.90699
7878.2173 0.86363
7879.4175 0.90522
7880.6172 0.85342
7881.8174 0.87437
7883.0176 0.8578
7884.2178 0.93048
7885.418 0.89199
7886.6177 0.70049
7887.8179 0.93027
7889.0181 0.75816
7890.2183 0.86828
7891.4185 0.7906
7892.6187 0.77556
7893.8188 0.91509
7895.019 0.89416
7896.2197 0.87793
7897.4199 0.91265
7898.6201 0.90836
7899.8203 0.87743
7901.0205 0.82353
7902.2207 0.91539
7903.4209 0.91919
7904.6216 0.90058
7905.8218 0.86483
7907.022 0.94991
7908.2222 1.0413
7909.4229 0.9312
7910.623 0.90989
7911.8237 0.69469
7913.0239 0.92356
7914.2241 0.99525
7915.4248 0.87039
7916.625 0.98611
7917.8257 0.72298
7919.0259 0.9073
7920.2266 0.86954
7921.4268 0.7719
7922.6274 0.89188
7923.8281 0.69081
7925.0283 0.94908
7926.229 0.82331
7927.4297 0.74803
7928.6299 0.93505
7929.8306 0.88182
7931.0312 0.84317
7932.2319 0.7922
7933.4321 0.9661
7934.6328 0.76134
7935.8335 0.90869
7937.0342 0.87219
7938.2349 0.86144
7939.4351 0.92272
7940.6362 0.76823
7941.8364 0.91028
7943.0371 0.93095
7944.2378 0.89792
7945.4385 0.80486
7946.6392 0.87749
7947.8403 0.99039
7949.041 0.99112
7950.2417 0.87222
7951.4424 0.93905
7952.6431 0.88402
7953.8438 0.97253
7955.0444 0.90313
7956.2451 0.89131
7957.4463 0.86386
7958.647 0.94385
7959.8477 0.90998
7961.0483 0.75387
7962.2495 0.78334
7963.4502 1.04301
7964.6509 0.76931
7965.8521 0.92895
7967.0527 0.88223
7968.2539 0.77653
7969.4546 0.79621
7970.6553 0.80034
7971.8564 0.92943
7973.0576 0.89511
7974.2583 1.02489
7975.459 0.82621
7976.6602 0.84139
7977.8613 0.77552
7979.062 0.83252
7980.2632 0.93525
7981.4639 0.85889
7982.665 0.84582
7983.8662 0.64699
7985.0674 0.8238
7986.2681 0.86891
7987.4692 0.74601
7988.6704 0.79248
7989.8716 0.86142
7991.0723 0.80171
7992.2734 0.68005
7993.4746 0.88838
7994.6758 0.90106
7995.877 0.82439
7997.0781 0.78085
7998.2793 0.80995
7999.4805 0.88315
8000.6816 0.85695
8001.8828 0.83849
8003.084 0.82204
8004.2852 1.03143
8005.4863 0.75114
8006.6875 0.81007
8007.8887 0.75063
8009.0898 0.91016
8010.291 0.83249
8011.4922 0.79455
8012.6934 1.09004
8013.895 0.94043
8015.0962 0.80718
8016.2974 0.89358
8017.4985 0.81413
8018.6997 0.80972
8019.9014 0.83003
8021.1025 0.83636
8022.3037 0.75564
8023.5054 0.98101
8024.7065 0.86132
8025.9077 0.95401
8027.1094 0.75089
8028.3105 0.99797
8029.5122 0.8074
8030.7134 0.77887
8031.915 0.76932
8033.1162 0.79973
8034.3179 0.88368
8035.519 0.87231
8036.7207 0.81304
8037.9219 0.90063
8039.1235 0.86631
8040.3247 0.87085
8041.5264 0.95107
8042.728 0.94592
8043.9292 0.90697
8045.1309 0.85988
8046.3325 0.919
8047.5337 0.86867
8048.7354 0.88574
8049.937 0.96356
8051.1387 0.89214
8052.3398 0.92728
8053.5415 0.80905
8054.7432 1.04923
8055.9448 0.84333
8057.1465 0.99788
8058.3477 0.94293
8059.5493 1.01098
8060.751 0.80694
8061.9526 0.91641
8063.1543 0.8363
8064.356 0.88135
8065.5576 0.83047
8066.7593 0.9325
8067.9609 0.84495
8069.1626 0.97172
8070.3643 0.87764
8071.5659 0.96774
8072.7676 0.91715
8073.9692 0.86591
8075.1709 0.88975
8076.373 0.93834
8077.5747 0.88451
8078.7764 0.80547
8079.978 0.93215
8081.1797 0.89989
8082.3818 0.9363
8083.5835 0.82819
8084.7852 0.93144
8085.9868 0.93234
8087.1885 0.91961
8088.3906 0.90339
8089.5923 0.93784
8090.7944 0.93092
8091.9961 0.91685
8093.1978 0.90469
8094.3999 0.8836
8095.6016 0.91421
8096.8032 0.84901
8098.0054 0.97119
8099.207 0.97354
8100.4092 0.93217
8101.6108 0.99387
8102.813 0.97671
8104.0146 0.81323
8105.2168 0.97307
8106.4185 1.00404
8107.6206 0.97896
8108.8223 0.89305
8110.0244 0.90543
8111.2261 0.94235
8112.4282 0.91126
8113.6304 0.92846
8114.832 0.97548
8116.0342 0.84769
8117.2363 0.9668
8118.438 0.85812
8119.6401 0.87141
8120.8423 0.95869
8122.0444 0.90537
8123.2461 0.96695
8124.4482 0.97427
8125.6504 1.01256
8126.8525 0.89452
8128.0547 1.01923
8129.2563 0.85264
8130.4585 0.85338
8131.6606 0.8483
8132.8628 0.87648
8134.0649 0.91629
8135.2671 0.94364
8136.4692 0.96759
8137.6714 1.0288
8138.8735 0.88422
8140.0752 1.0145
8141.2778 0.82091
8142.4795 1.02266
8143.6821 0.94033
8144.8838 0.83569
8146.0864 0.91187
8147.2886 0.88353
8148.4907 0.94565
8149.6929 0.91249
8150.895 0.83394
8152.0972 0.8729
8153.2993 0.83858
8154.5015 0.87085
8155.7036 0.85547
8156.9058 0.9097
8158.1084 0.84893
8159.3105 0.92602
8160.5127 0.91524
8161.7148 0.8159
8162.917 0.88221
8164.1196 0.83859
8165.3218 0.89504
8166.5239 0.87429
8167.7266 0.86272
8168.9287 0.85687
8170.1309 0.85415
8171.3335 0.87273
8172.5356 0.83956
8173.7378 0.89146
8174.9404 0.88763
8176.1426 0.7803
8177.3447 0.85922
8178.5474 0.93834
8179.7495 0.87688
8180.9521 0.92577
8182.1543 0.87137
8183.3569 0.85063
8184.5591 0.87752
8185.7617 0.97015
8186.9639 0.83782
8188.1665 0.85893
8189.3687 0.8629
8190.5713 0.88866
8191.7734 0.8192
8192.9756 0.81489
8194.1787 0.80958
8195.3809 0.86462
8196.583 0.82153
8197.7861 0.79992
8198.9883 0.81674
8200.1904 0.85617
8201.3926 0.90977
8202.5957 0.89799
8203.7979 0.87656
8205.001 0.80997
8206.2031 0.84023
8207.4053 0.83743
8208.6074 0.80506
8209.8105 0.78582
8211.0127 0.83061
8212.2158 0.81339
8213.418 0.87735
8214.6201 0.81131
8215.8232 0.77189
8217.0254 0.7448
8218.2285 0.82256
8219.4307 0.8015
8220.6328 0.81167
8221.8359 0.91429
8223.0381 0.72269
8224.2412 0.76252
8225.4434 0.82902
8226.6465 0.89284
8227.8486 0.77902
8229.0518 0.85029
8230.2539 0.82255
8231.4561 0.81901
8232.6592 0.82608
8233.8613 0.90195
8235.0645 0.90986
8236.2666 0.85968
8237.4697 0.80259
8238.6719 0.82481
8239.875 0.81232
8241.0771 0.86281
8242.2803 0.88517
8243.4824 0.82106
8244.6855 0.81024
8245.8887 0.83684
8247.0908 0.85385
8248.2939 0.87904
8249.4961 0.83551
8250.6992 0.88237
8251.9014 0.86599
8253.1045 0.84873
8254.3066 0.79069
8255.5098 0.94813
8256.7129 0.80996
8257.915 0.83738
8259.1182 0.80118
8260.3203 0.82099
8261.5234 0.85096
8262.7266 0.82232
8263.9287 0.85392
8265.1318 0.76858
8266.334 0.83675
8267.5371 0.86199
8268.7402 0.79557
8269.9424 0.81602
8271.1455 0.89654
8272.3486 0.79957
8273.5508 0.76716
8274.7539 0.84447
8275.957 0.82501
8277.1592 0.6921
8278.3623 0.85289
8279.5654 0.67727
8280.7676 0.7172
8281.9707 0.785
8283.1738 0.80528
8284.376 0.62394
8285.5791 0.79657
8286.7822 0.9007
8287.9844 0.76547
8289.1875 0.8297
8290.3906 1.08188
8291.5938 0.73582
8292.7959 0.83022
8293.999 0.79929
8295.2021 0.72334
8296.4043 0.68121
8297.6074 0.79884
8298.8105 0.83293
8300.0137 0.85132
8301.2158 0.70131
8302.4189 0.73209
8303.6221 0.74512
8304.8252 0.7294
8306.0273 0.88361
8307.2305 0.88095
8308.4336 0.84418
8309.6367 0.81185
8310.8398 0.79369
8312.042 0.80968
8313.2451 0.88359
8314.4482 0.91636
8315.6514 0.79303
8316.8545 0.83692
8318.0566 0.82067
8319.2598 0.90456
8320.4629 0.83051
8321.666 0.7912
8322.8691 0.79352
8324.0723 0.78807
8325.2744 0.82038
8326.4775 0.74601
8327.6807 0.75727
8328.8838 0.90058
8330.0869 0.78087
8331.29 0.87791
8332.4922 0.80869
8333.6953 0.82359
8334.8984 0.827
8336.1016 0.86872
8337.3047 0.93848
8338.5078 0.96595
8339.7109 0.98137
8340.9131 0.65535
8342.1162 1.21729
8343.3193 0.91702
8344.5225 0.8603
8345.7256 0.87222
8346.9287 0.90619
8348.1318 0.69074
8349.335 1.11212
8350.5381 1.0354
8351.7402 0.79594
8352.9434 0.66031
8354.1465 0.79041
8355.3496 0.76689
8356.5527 0.76172
8357.7559 0.74841
8358.959 0.91489
8360.1621 0.9185
8361.3652 0.85345
8362.5684 0.88839
8363.7715 0.84864
8364.9746 0.81546
8366.1777 0.86274
8367.3809 0.76791
8368.584 0.80389
8369.7861 0.77048
8370.9893 0.82411
8372.1924 0.89857
8373.3955 0.8169
8374.5986 0.92266
8375.8018 0.90962
8377.0049 0.76106
8378.208 0.83067
8379.4111 0.68995
8380.6143 0.80063
8381.8174 0.91725
8383.0205 0.92834
8384.2236 0.90748
8385.4268 0.82372
8386.6299 0.80254
8387.833 0.77499
8389.0361 0.8445
8390.2393 0.73287
8391.4424 0.88442
8392.6455 0.73871
8393.8486 0.94953
8395.0518 0.77628
8396.2549 0.88118
8397.458 0.76123
8398.6611 0.94918
8399.8643 0.60108
8401.0674 0.96112
8402.2705 0.74029
8403.4736 0.66871
8404.6768 0.85807
8405.8799 0.89537
8407.083 0.84231
8408.2861 0.88
8409.4893 0.66682
8410.6924 0.7721
8411.8965 0.76134
8413.0996 0.85517
8414.3027 0.83372
8415.5059 0.81595
8416.709 1.05408
8417.9121 0.95547
8419.1152 0.77709
8420.3184 0.86718
8421.5215 0.80337
8422.7246 0.91748
8423.9277 0.86452
8425.1309 0.87681
8426.334 0.77284
8427.5371 0.8
8428.7402 0.5252
8429.9434 0.78065
8431.1465 0.85763
8432.3506 0.83484
8433.5537 0.8361
8434.7568 0.66874
8435.96 0.80161
8437.1631 0.87063
8438.3662 0.78667
8439.5693 0.90064
8440.7725 0.85457
8441.9756 0.81179
8443.1787 0.81311
8444.3818 0.8452
8445.585 0.80491
8446.7881 0.83054
8447.9922 0.7828
8449.1953 0.86772
8450.3984 0.87405
8451.6016 0.84326
8452.8047 0.8548
8454.0078 0.8352
8455.2109 0.77089
8456.4141 0.7646
8457.6172 0.80205
8458.8203 0.89067
8460.0244 0.90754
8461.2275 0.92497
8462.4307 0.89446
8463.6338 0.81297
8464.8369 0.88564
8466.04 0.72351
8467.2432 0.92646
8468.4463 0.89587
8469.6494 0.84029
8470.8535 0.76405
8472.0566 0.80147
8473.2598 0.7208
8474.4629 0.85616
8475.666 0.80737
8476.8691 0.9176
8478.0723 0.87751
8479.2754 0.85612
8480.4785 0.87671
8481.6826 0.86824
8482.8857 0.83506
8484.0889 0.83657
8485.292 0.88802
8486.4951 0.90414
8487.6982 0.81822
8488.9014 0.92914
8490.1045 0.94528
8491.3086 0.85309
8492.5117 0.85128
8493.7148 0.9465
8494.918 1.05269
8496.1211 1.05227
8497.3242 0.96491
8498.5273 0.94023
8499.7305 1.04732
8500.9346 0.98193
8502.1377 0.97385
8503.3408 1.0077
8504.5439 1.12893
8505.7471 0.79999
8506.9502 0.9736
8508.1533 1.06964
8509.3574 0.8426
8510.5605 0.93169
8511.7637 0.98389
8512.9668 0.95467
8514.1699 0.99855
8515.373 1.01384
8516.5762 1.0776
8517.7793 0.94632
8518.9834 0.99128
8520.1865 1.03973
8521.3896 1.04704
8522.5928 1.0818
8523.7959 1.03446
8524.999 1.00165
8526.2021 1.02188
8527.4062 0.99951
8528.6094 1.07626
8529.8125 1.03965
8531.0156 1.02857
8532.2188 1.01837
8533.4219 0.99613
8534.625 1.09497
8535.8281 1.08295
8537.0322 1.14846
8538.2354 1.06662
8539.4385 1.05322
8540.6416 0.97995
8541.8447 1.05979
8543.0479 1.03903
8544.251 0.94935
8545.4541 0.98835
8546.6582 0.99881
8547.8613 1.00886
8549.0645 1.05225
8550.2676 1.11638
8551.4707 1.15636
8552.6738 0.93494
8553.877 1.04631
8555.0801 0.91988
8556.2842 1.04677
8557.4873 1.06322
8558.6904 1.00513
8559.8936 0.95755
8561.0967 1.06561
8562.2998 1.02857
8563.5029 1.0434
8564.7061 1.08393
8565.9102 1.02356
8567.1133 1.01225
8568.3164 1.05705
8569.5195 1.10083
8570.7227 1.06476
8571.9258 1.10699
8573.1289 1.09699
8574.332 1.05627
8575.5352 1.12282
8576.7383 1.12875
8577.9424 1.07666
8579.1455 1.12833
8580.3486 0.98994
8581.5518 1.01416
8582.7549 1.10228
8583.958 1.07933
8585.1611 1.08275
8586.3643 1.09116
8587.5674 1.09902
8588.7705 1.15419
8589.9746 1.06106
8591.1777 1.01499
8592.3809 1.11451
8593.584 1.15655
8594.7871 1.01192
8595.9902 1.16831
8597.1934 1.0373
8598.3965 1.04151
8599.5996 1.07863
8600.8027 1.07777
8602.0059 0.99382
8603.209 1.05354
8604.4131 1.10388
8605.6162 1.03595
8606.8193 1.02293
8608.0225 1.00863
8609.2256 1.03147
8610.4287 1.00331
8611.6318 1.1273
8612.835 1.03744
8614.0381 0.94042
8615.2412 0.90472
8616.4443 1.08319
8617.6475 0.96753
8618.8506 0.96139
8620.0537 1.0604
8621.2568 0.94718
8622.46 1.1035
8623.6631 1.06781
8624.8672 0.87317
8626.0703 1.03842
8627.2734 0.98658
8628.4766 1.05757
8629.6797 0.97062
8630.8828 0.91748
8632.0859 0.78139
8633.2891 0.82023
8634.4922 0.85421
8635.6953 0.97426
8636.8984 0.97829
8638.1016 1.05314
8639.3047 0.94718
8640.5078 0.85113
8641.7109 0.9565
8642.9141 0.91497
8644.1172 0.91414
8645.3203 0.90982
8646.5234 1.06129
8647.7266 0.90374
8648.9297 0.97628
8650.1328 0.91062
8651.3359 0.84956
8652.5391 0.83818
8653.7422 0.93369
8654.9453 0.9543
8656.1484 0.73525
8657.3516 0.77072
8658.5547 1.0774
8659.7578 0.91824
8660.9609 0.91961
8662.1641 0.92377
8663.3672 0.76393
8664.5703 1.13765
8665.7734 0.95973
8666.9766 0.79605
8668.1797 0.87872
8669.3818 0.76581
8670.585 1.01448
8671.7881 0.91343
8672.9912 0.83907
8674.1943 0.89961
8675.3975 0.94096
8676.6006 0.88946
8677.8037 0.99767
8679.0068 0.85177
8680.21 0.91713
8681.4131 0.96156
8682.6162 0.88539
8683.8193 0.95476
8685.0225 0.86785
8686.2246 0.95035
8687.4277 0.90231
8688.6309 0.94793
8689.834 0.94146
8691.0371 0.84871
8692.2402 0.91597
8693.4434 0.90575
8694.6465 0.93425
8695.8496 0.8346
8697.0518 0.79766
8698.2549 0.86114
8699.458 0.93933
8700.6611 0.85713
8701.8643 0.85128
8703.0674 0.90219
8704.2705 0.89216
8705.4736 0.95764
8706.6758 1.00149
8707.8789 0.92166
8709.082 0.93939
8710.2852 0.84733
8711.4883 0.84679
8712.6914 0.92436
8713.8936 0.89318
8715.0967 0.88362
8716.2998 0.89902
8717.5029 0.8977
8718.7061 0.9131
8719.9092 0.93203
8721.1113 0.90379
8722.3145 0.86617
8723.5176 0.90002
8724.7207 0.94983
8725.9229 0.89996
8727.126 0.9642
8728.3291 0.9181
8729.5322 0.80868
8730.7354 0.87197
8731.9375 0.85437
8733.1406 0.8933
8734.3438 0.93664
8735.5469 0.95333
8736.749 0.93633
8737.9521 0.87166
8739.1553 0.87727
8740.3584 0.8581
8741.5605 0.96771
8742.7637 0.905
8743.9668 0.83432
8745.1699 0.80081
8746.3721 0.87948
8747.5752 0.83359
8748.7783 0.91699
8749.9805 0.89969
8751.1836 0.91387
8752.3867 0.92839
8753.5898 0.79338
8754.792 0.83677
8755.9951 0.91703
8757.1982 0.83728
8758.4004 0.90876
8759.6035 0.88869
8760.8066 0.97728
8762.0088 0.83219
8763.2119 1.07912
8764.415 0.77131
8765.6172 0.64074
8766.8203 0.8345
8768.0234 0.856
8769.2256 0.88656
8770.4287 1.02322
8771.6309 0.79441
8772.834 0.74252
8774.0371 0.73939
8775.2393 0.84097
8776.4424 0.89621
8777.6445 0.96824
8778.8477 1.0285
8780.0508 0.72974
8781.2529 0.69936
8782.4561 0.99346
8783.6582 0.89519
8784.8613 0.90269
8786.0645 0.87107
8787.2666 0.84673
8788.4697 0.85243
8789.6719 0.97053
8790.875 0.84491
8792.0771 0.78327
8793.2803 0.84491
8794.4824 0.95031
8795.6855 0.87208
8796.8877 0.91736
8798.0908 0.83546
8799.293 0.93786
8800.4961 0.87896
8801.6982 0.8464
8802.9014 0.94122
8804.1035 0.89997
8805.3066 0.87942
8806.5088 0.80395
8807.7119 0.87932
8808.9141 0.85441
8810.1172 0.88488
8811.3193 0.79673
8812.5225 0.94223
8813.7246 0.87544
8814.9277 0.87783
8816.1299 0.85613
8817.332 0.97065
8818.5352 0.86914
8819.7373 0.95249
8820.9404 0.82523
8822.1426 0.78883
8823.3447 0.70486
8824.5479 0.71913
8825.75 0.82995
8826.9531 1.11134
8828.1553 0.85529
8829.3574 1.0363
8830.5605 1.08737
8831.7627 0.46813
8832.9648 1.31149
8834.168 0.97666
8835.3701 0.86082
8836.5723 0.88968
8837.7754 0.91702
8838.9775 0.99541
8840.1797 0.91923
8841.3828 0.84109
8842.585 1.00843
8843.7871 0.90503
8844.9902 0.90268
8846.1924 0.9823
8847.3945 0.86914
8848.5967 0.83872
8849.7998 1.08268
8851.002 0.90969
8852.2041 0.81331
8853.4062 0.89592
8854.6094 1.02265
8855.8115 0.86692
8857.0137 0.89674
8858.2158 0.90043
8859.4189 0.92125
8860.6211 0.91403
8861.8232 0.90362
8863.0254 0.90249
8864.2275 0.90991
8865.4307 0.93974
8866.6328 0.97249
8867.835 0.81315
8869.0371 1.10323
8870.2393 0.82524
8871.4414 1.01166
8872.6445 0.88141
8873.8467 0.87843
8875.0488 0.93463
8876.251 0.98497
8877.4531 0.9083
8878.6553 0.91852
8879.8574 1.03957
8881.0596 1.25646
8882.2617 1.30955
8883.4648 1.21517
8884.667 0.79708
8885.8691 1.08458
8887.0713 1.0541
8888.2734 1.07104
8889.4756 1.02199
8890.6777 1.05591
8891.8799 0.87544
8893.082 1.01573
8894.2842 0.95155
8895.4863 0.91156
8896.6885 1.02967
8897.8906 0.90372
8899.0928 1.05063
8900.2949 1.00458
8901.4971 0.97934
8902.6992 0.95919
8903.9014 0.93332
8905.1035 0.70367
8906.3057 0.92366
8907.5078 0.96841
8908.71 0.89511
8909.9121 0.874
8911.1143 0.9695
8912.3154 0.90354
8913.5176 0.93264
8914.7197 0.94893
8915.9219 0.76121
8917.124 0.84105
8918.3262 1.17468
8919.5283 0.88653
8920.7305 1.1004
8921.9316 0.99674
8923.1338 1.10707
8924.3359 0.98126
8925.5381 0.8793
8926.7402 1.00964
8927.9424 0.9502
8929.1436 0.98587
8930.3457 0.98549
8931.5479 0.97661
8932.75 0.9704
8933.9521 0.9281
8935.1533 0.94551
8936.3555 0.89462
8937.5576 0.96378
8938.7598 0.98463
8939.9609 0.99998
8941.1631 0.7932
8942.3652 1.03429
8943.5674 0.98347
8944.7686 1.05254
8945.9707 1.01495
8947.1729 0.98061
8948.374 1.10088
8949.5762 0.88365
8950.7783 0.94421
8951.9795 0.97148
8953.1816 0.86328
8954.3838 0.92948
8955.585 0.75864
8956.7871 0.82754
8957.9883 0.8725
8959.1904 0.95091
8960.3926 0.91041
8961.5938 0.82844
8962.7959 0.58702
8963.9971 0.94921
8965.1992 0.95107
8966.4014 0.94604
8967.6025 0.88698
8968.8047 0.98677
8970.0059 1.0449
8971.208 1.03841
8972.4092 1.02925
8973.6113 0.85904
8974.8125 0.9592
8976.0146 1.01474
8977.2158 0.92772
8978.418 0.98919
8979.6191 1.00878
8980.8213 0.93454
8982.0225 0.95743
8983.2246 0.92193
8984.4258 1.02022
8985.627 0.96232
8986.8291 0.95728
8988.0303 1.04057
8989.2324 1.15255
8990.4336 0.99183
8991.6348 1.1442
8992.8369 0.90255
8994.0381 0.97871
8995.2402 1.02154
8996.4414 0.99035
8997.6426 0.98501
8998.8447 0.90053
9000.0459 0.95899
9001.2471 0.9598
9002.4482 0.77612
9003.6504 0.98746
9004.8516 1.11012
9006.0527 0.93386
9007.2549 0.88817
9008.4561 1.00536
9009.6572 1.0235
9010.8584 0.9201
9012.0605 0.9369
9013.2617 0.94209
9014.4629 0.97391
9015.6641 0.95593
9016.8652 0.93031
9018.0674 0.98905
9019.2686 1.00888
9020.4697 0.90647
9021.6709 0.84556
9022.8721 0.83372
9024.0732 0.96585
9025.2744 0.94245
9026.4766 0.95622
9027.6777 0.96696
9028.8789 0.96588
9030.0801 0.94405
9031.2812 0.90513
9032.4824 0.9524
9033.6836 1.00491
9034.8848 0.9214
9036.0859 0.86419
9037.2871 0.91732
9038.4883 0.91813
9039.6895 1.03565
9040.8906 0.9448
9042.0918 0.86192
9043.293 0.78036
9044.4941 1.03844
9045.6953 0.97609
9046.8965 0.93596
9048.0977 0.91167
9049.2988 0.89359
9050.5 0.87607
9051.7012 0.87522
9052.9023 0.85508
9054.1035 0.89525
9055.3047 0.8151
9056.5059 0.98596
9057.7061 1.06776
9058.9072 0.97034
9060.1084 0.93097
9061.3096 0.96052
9062.5107 0.92289
9063.7119 0.9287
9064.9131 0.89321
9066.1133 0.86791
9067.3145 0.96041
9068.5156 0.95232
9069.7168 0.96845
9070.917 0.89987
9072.1182 0.94852
9073.3193 0.90516
9074.5205 0.97062
9075.7207 0.93909
9076.9219 0.99678
9078.123 0.90425
9079.3232 1.00574
9080.5244 1.03494
9081.7256 0.94399
9082.9268 0.97715
9084.127 0.97833
9085.3281 0.98429
9086.5283 0.97583
9087.7295 0.93037
9088.9307 0.85539
9090.1309 0.82995
9091.332 0.93191
9092.5322 0.94245
9093.7334 0.83056
9094.9346 1.00035
9096.1348 0.93884
9097.3359 0.91253
9098.5361 0.90764
9099.7373 0.9071
9100.9375 1.02383
9102.1387 0.95286
9103.3389 0.87005
9104.54 0.99636
9105.7402 1.00567
9106.9414 0.94895
9108.1416 0.92115
9109.3428 0.8825
9110.543 0.91019
9111.7432 0.89205
9112.9443 0.90881
9114.1445 0.96923
9115.3447 0.90598
9116.5459 0.87527
9117.7461 0.8988
9118.9473 0.90489
9120.1475 0.91189
9121.3477 0.8766
9122.5488 0.89468
9123.749 0.92339
9124.9492 0.89223
9126.1494 0.98423
9127.3506 0.93847
9128.5508 0.99484
9129.751 0.87881
9130.9512 0.82851
9132.1523 0.89083
9133.3525 0.91322
9134.5527 0.84354
9135.7529 0.9302
9136.9531 0.92565
9138.1543 0.81146
9139.3545 0.90189
9140.5547 0.93677
9141.7549 0.90933
9142.9551 0.88202
9144.1553 0.88955
9145.3555 0.91289
9146.5566 0.88583
9147.7568 0.89013
9148.957 0.9293
9150.1572 0.89309
9151.3574 0.83336
9152.5576 0.83093
9153.7578 0.98316
9154.958 0.81692
9156.1582 0.89959
9157.3584 1.05938
9158.5586 0.93058
9159.7588 0.93874
9160.959 0.83188
9162.1592 0.79017
9163.3594 0.92866
9164.5596 0.8753
9165.7598 0.95215
9166.959 0.89748
9168.1592 0.91275
9169.3594 0.87677
9170.5596 0.89819
9171.7598 0.90066
9172.96 0.85428
9174.1602 0.82659
9175.3594 0.89592
9176.5596 0.89489
9177.7598 0.89702
9178.96 0.83887
9180.1602 0.87002
9181.3594 0.84647
9182.5596 0.89105
9183.7598 0.86975
9184.96 0.78595
9186.1592 0.91889
9187.3594 0.85536
9188.5596 0.96234
9189.7588 0.8955
9190.959 0.8375
9192.1592 0.92019
9193.3584 0.89357
9194.5586 0.90345
9195.7588 0.84571
9196.958 0.86552
9198.1582 0.94522
9199.3574 0.83076
9200.5576 0.88541
9201.7578 0.86363
9202.957 0.94234
9204.1572 0.88937
9205.3564 0.9245
9206.5566 0.93114
9207.7559 0.90414
9208.9561 0.91671
9210.1553 0.90451
9211.3555 0.8751
9212.5547 0.90677
9213.7549 0.80594
9214.9541 0.92177
9216.1533 0.93689
9217.3535 0.95267
9218.5527 1.04184
9219.7529 0.87639
9220.9521 0.9341
9222.1514 0.87434
9223.3516 0.93446
9224.5508 0.95136
9225.75 0.86836
9226.9492 0.88096
9228.1494 0.81505
9229.3486 0.809
9230.5479 0.98673
9231.748 0.94382
9232.9473 0.87203
9234.1465 0.96647
9235.3457 0.91961
9236.5449 0.8516
9237.7451 0.90422
9238.9443 0.90876
9240.1436 0.88162
9241.3428 0.81755
9242.542 0.87791
9243.7422 0.84092
9244.9414 0.81476
9246.1406 0.81859
9247.3398 0.82932
9248.5391 0.8801
9249.7383 0.85082
9250.9375 0.83913
9252.1367 0.84148
9253.3359 0.86347
9254.5352 0.786
9255.7344 0.84819
9256.9336 0.88845
9258.1328 0.87059
9259.332 0.86877
9260.5312 0.83027
9261.7305 0.81827
9262.9297 0.88577
9264.1289 0.80093
9265.3281 0.88434
9266.5273 0.9503
9267.7256 0.82324
9268.9248 0.83205
9270.124 0.847
9271.3232 0.8477
9272.5225 0.79526
9273.7217 0.78839
9274.9199 0.86833
9276.1191 0.85319
9277.3184 0.87814
9278.5176 0.82414
9279.7158 0.80359
9280.915 0.81413
9282.1143 0.8085
9283.3135 0.84996
9284.5117 0.8778
9285.7109 0.92634
9286.9102 0.81984
9288.1084 0.85152
9289.3076 0.8814
9290.5068 0.86934
9291.7051 0.81756
9292.9043 0.87363
9294.1025 0.85194
9295.3018 0.92059
9296.501 0.87503
9297.6992 0.8855
9298.8984 0.89779
9300.0967 0.85371
9301.2959 0.86425
9302.4941 0.67198
9303.6934 0.83339
9304.8916 0.91861
9306.0908 0.84598
9307.2891 0.87896
9308.4873 0.82954
9309.6865 0.37441
9310.8848 0.46915
9312.084 0.98217
9313.2822 1.23764
9314.4805 0.89721
9315.6797 1.18732
9316.8779 0.83066
9318.0762 0.88849
9319.2754 0.94859
9320.4736 0.87543
9321.6719 0.89147
9322.8701 0.73236
9324.0693 1.03094
9325.2676 0.77829
9326.4658 0.51766
9327.6641 0.97411
9328.8633 0.67612
9330.0615 0.76056
9331.2598 0.8461
9332.458 0.93582
9333.6562 0.93989
9334.8545 0.98586
9336.0527 0.81222
9337.252 0.93603
9338.4502 0.86042
9339.6484 1.03922
9340.8467 0.87427
9342.0449 0.85001
9343.2432 0.87848
9344.4414 0.75434
9345.6396 0.7348
9346.8379 0.83982
9348.0361 0.80246
9349.2344 0.90798
9350.4326 0.94323
9351.6309 0.94445
9352.8291 0.88904
9354.0273 0.84039
9355.2246 0.88572
9356.4229 0.78608
9357.6211 0.73681
9358.8193 0.92639
9360.0176 0.77698
9361.2158 0.77304
9362.4131 0.94402
9363.6113 0.86108
9364.8096 0.93639
9366.0078 0.90058
9367.2061 0.84433
9368.4033 0.86174
9369.6016 0.8922
9370.7998 1.08759
9371.9971 0.72738
9373.1953 1.16238
9374.3936 0.67581
9375.5908 0.4698
9376.7891 0.75642
9377.9873 0.62119
9379.1846 0.95852
9380.3828 0.71715
9381.5801 0.78201
9382.7783 0.80538
9383.9766 0.85495
9385.1738 0.92471
9386.3721 0.847
9387.5693 0.97728
9388.7676 0.63552
9389.9648 0.66092
9391.1631 0.81605
9392.3604 0.75197
9393.5576 0.76287
9394.7559 0.82157
9395.9531 0.71195
9397.1514 0.84353
9398.3486 0.81894
9399.5459 0.85931
9400.7441 0.69797
9401.9414 0.79172
9403.1387 0.92554
9404.3369 0.7447
9405.5342 0.83582
9406.7314 0.73543
9407.9297 0.84405
9409.127 0.83748
9410.3242 0.80571
9411.5215 0.8196
9412.7188 0.87209
9413.917 0.7471
9415.1143 0.96173
9416.3115 0.78724
9417.5088 0.66029
9418.7061 0.97033
9419.9033 0.9081
9421.1016 0.9225
9422.2988 0.70535
9423.4961 0.73619
9424.6934 0.90755
9425.8906 0.88607
9427.0879 0.84208
9428.2852 0.77889
9429.4824 0.78918
9430.6797 0.81691
9431.877 0.799
9433.0742 0.78888
9434.2715 1.04148
9435.4688 0.89411
9436.665 1.19397
9437.8623 0.87353
9439.0596 0.89509
9440.2568 0.4677
9441.4541 0.71191
9442.6514 0.80676
9443.8486 0.78372
9445.0449 0.63358
9446.2422 0.82446
9447.4395 0.71867
9448.6367 0.83572
9449.834 0.79092
9451.0303 0.86078
9452.2275 0.8322
9453.4248 0.91742
9454.6211 1.02714
9455.8184 0.87613
9457.0156 0.60818
9458.2119 0.68909
9459.4092 0.98997
9460.6064 1.04252
9461.8027 0.69051
9463.0 0.88988
9464.1963 0.91592
9465.3936 0.86857
9466.5898 0.82235
9467.7871 0.78771
9468.9834 0.88427
9470.1807 0.88559
9471.377 0.98015
9472.5742 1.1129
9473.7705 1.18522
9474.9678 1.0229
9476.1641 0.84544
9477.3604 0.89601
9478.5576 1.00938
9479.7539 0.94654
9480.9512 0.71765
9482.1475 0.44042
9483.3438 0.86936
9484.541 0.80535
9485.7373 0.84315
9486.9336 0.98523
9488.1299 0.8795
9489.3271 0.93552
9490.5234 0.8224
9491.7197 0.97783
9492.916 0.90317
9494.1133 0.93979
9495.3096 0.94518
9496.5059 0.87804
9497.7021 0.9543
9498.8984 1.20471
9500.0947 0.98837
9501.291 0.9663
9502.4873 1.01986
9503.6836 0.93348
9504.8799 1.0488
9506.0762 1.06381
9507.2725 1.00304
9508.4688 0.98556
9509.665 1.04909
9510.8613 1.06917
9512.0576 0.90591
9513.2539 0.98112
9514.4502 0.99323
9515.6465 0.92922
9516.8428 1.06679
9518.0391 0.97952
9519.2354 1.259
9520.4316 1.15578
9521.627 1.03707
9522.8232 1.41213
9524.0195 0.78211
9525.2158 1.19366
9526.4121 1.10058
9527.6074 1.14461
9528.8037 1.19327
9530.0 1.11759
9531.1953 1.1537
9532.3916 1.12184
9533.5879 1.09007
9534.7842 1.11901
9535.9795 1.14647
9537.1758 1.16348
9538.3711 1.12383
9539.5674 1.24524
9540.7637 1.21522
9541.959 1.18981
9543.1553 1.21443
9544.3506 1.12163
9545.5469 1.13012
9546.7422 1.21377
9547.9385 1.23486
9549.1338 1.3723
9550.3301 1.21346
9551.5254 1.26631
9552.7217 1.44177
9553.917 1.48315
9555.1123 1.40318
9556.3086 1.15702
9557.5039 1.47611
9558.6992 1.35745
9559.8955 1.14321
9561.0908 1.36397
9562.2861 1.08158
9563.4824 1.40706
9564.6777 1.23702
9565.873 1.44759
9567.0684 1.17505
9568.2637 1.21321
9569.46 1.30546
9570.6553 1.17418
9571.8506 1.25494
9573.0459 1.08656
9574.2412 1.30231
9575.4365 1.31746
9576.6328 1.23426
9577.8281 1.28181
9579.0234 1.25687
9580.2188 1.19218
9581.4141 1.25409
9582.6094 1.23046
9583.8047 1.26562
9585.0 1.31362
9586.1953 1.31352
9587.3906 1.23306
9588.5859 1.33436
9589.7812 1.31681
9590.9766 1.28214
9592.1709 1.14876
9593.3662 1.26134
9594.5615 1.20161
9595.7568 1.28152
9596.9521 1.24013
9598.1475 1.27281
9599.3418 1.23096
9600.5371 1.31216
9601.7324 1.28909
9602.9277 1.34313
9604.1221 1.35314
9605.3174 1.24635
9606.5127 1.37477
9607.708 1.22947
9608.9023 1.17942
9610.0977 1.34379
9611.293 1.21153
9612.4873 1.24485
9613.6826 1.25585
9614.877 1.20965
9616.0723 1.20503
9617.2676 1.22634
9618.4619 1.07226
9619.6572 0.98682
9620.8516 1.05428
9622.0469 1.26244
9623.2412 1.2529
9624.4355 1.25032
9625.6309 1.16628
9626.8252 1.18048
9628.0205 1.22694
9629.2148 1.08174
9630.4102 1.12583
9631.6045 1.16734
9632.7988 1.0679
9633.9941 1.21245
9635.1885 1.13724
9636.3828 1.04919
9637.5771 1.23325
9638.7725 1.2292
9639.9668 1.12954
9641.1611 1.17094
9642.3555 1.15455
9643.5508 1.12708
9644.7451 1.14311
9645.9395 1.18827
9647.1338 1.08639
9648.3281 1.00944
9649.5225 1.01563
9650.7178 1.0744
9651.9121 1.06414
9653.1064 1.17915
9654.3008 1.16516
9655.4951 1.22437
9656.6895 1.11505
9657.8838 1.22015
9659.0781 1.14552
9660.2725 1.14953
9661.4668 1.15771
9662.6611 1.19532
9663.8555 1.30843
9665.0488 1.27791
9666.2432 1.25583
9667.4375 1.14473
9668.6318 0.96605
9669.8262 1.03011
9671.0205 1.0917
9672.2148 1.23555
9673.4082 1.00202
9674.6025 1.06712
9675.7969 1.19255
9676.9912 1.1383
9678.1846 0.99543
9679.3789 0.88436
9680.5732 1.04662
9681.7666 0.75444
9682.9609 0.89334
9684.1553 0.92658
9685.3486 0.8335
9686.543 1.07479
9687.7373 0.97562
9688.9307 1.04455
9690.125 1.09075
9691.3184 1.08893
9692.5127 1.03716
9693.7061 0.90833
9694.9004 0.9882
9696.0938 1.47145
9697.2881 1.22588
9698.4814 1.15615
9699.6758 1.38554
9700.8691 1.18071
9702.0625 0.77646
9703.2568 1.08049
9704.4502 1.12812
9705.6445 0.91795
9706.8379 0.86187
9708.0312 1.07914
9709.2256 0.89626
9710.4189 0.99235
9711.6123 1.08106
9712.8057 1.0961
9713.999 1.0291
9715.1934 1.08818
9716.3867 0.90065
9717.5801 1.09429
9718.7734 1.06436
9719.9668 0.98889
9721.1611 0.96402
9722.3545 1.21191
9723.5479 1.11552
9724.7412 0.96947
9725.9346 0.87608
9727.1279 0.9866
9728.3213 1.09474
9729.5146 0.96856
9730.708 0.91231
9731.9014 0.91727
9733.0947 0.94122
9734.2881 0.95821
9735.4814 0.82668
9736.6748 0.83859
9737.8682 1.14542
9739.0615 0.94627
9740.2549 1.13092
9741.4473 1.36625
9742.6406 1.06795
9743.834 1.28689
9745.0273 1.10252
9746.2207 1.13992
9747.4131 1.07845
9748.6064 1.09101
9749.7998 1.10876
9750.9932 1.28077
9752.1855 1.17965
9753.3789 1.16944
9754.5723 1.20054
9755.7646 1.25053
9756.958 1.16059
9758.1514 1.12144
9759.3438 1.13006
9760.5371 1.02143
9761.7295 1.00256
9762.9229 1.03583
9764.1162 1.15808
9765.3086 0.99476
9766.502 1.0082
9767.6943 0.98228
9768.8877 0.95686
9770.0801 0.91257
9771.2725 0.99455
9772.4658 0.97635
9773.6582 0.86022
9774.8516 0.83985
9776.0439 0.8405
9777.2363 0.84352
9778.4297 0.91459
9779.6221 0.9003
9780.8145 0.91924
9782.0078 0.88465
9783.2002 0.77438
9784.3926 0.97656
9785.5859 1.07113
9786.7783 1.38179
9787.9707 0.85092
9789.1631 0.94135
9790.3555 1.03941
9791.5488 0.94058
9792.7412 0.56775
9793.9336 0.95579
9795.126 0.70161
9796.3184 1.04404
9797.5107 0.86
9798.7031 0.51751
9799.8955 0.87581
9801.0879 1.0078
9802.2803 1.05325
9803.4727 0.82583
9804.665 0.91063
9805.8574 0.82673
9807.0498 0.85238
9808.2422 0.83072
9809.4346 0.97205
9810.627 0.81206
9811.8193 0.75337
9813.0117 0.81111
9814.2041 0.92271
9815.3965 1.05472
9816.5879 0.98337
9817.7803 1.05734
9818.9727 0.97717
9820.165 0.90979
9821.3564 1.01277
9822.5488 0.9812
9823.7412 1.01418
9824.9336 0.90197
9826.125 1.06361
9827.3174 0.9486
9828.5098 1.16969
9829.7012 1.10686
9830.8936 1.08508
9832.0859 1.12649
9833.2773 1.22874
9834.4697 1.18093
9835.6611 1.26096
9836.8535 1.34564
9838.0449 1.4081
9839.2373 1.407
9840.4287 1.47665
9841.6211 1.48837
9842.8125 1.60468
9844.0049 1.62699
9845.1963 1.8287
9846.3887 1.83967
9847.5801 1.70788
9848.7715 2.03411
9849.9639 2.01017
9851.1553 1.79756
9852.3467 1.68226
9853.5391 1.77538
9854.7305 1.61225
9855.9219 1.58829
9857.1143 1.45265
9858.3057 1.37179
9859.4971 1.34154
9860.6885 1.23406
9861.8809 1.06728
9863.0723 1.09707
9864.2637 1.1293
9865.4551 1.1175
9866.6465 1.08042
9867.8379 1.0498
9869.0293 1.39648
9870.2217 0.93804
9871.4131 0.89362
9872.6045 1.245
9873.7959 0.93919
9874.9873 1.25333
9876.1787 0.78271
9877.3701 0.98726
9878.5615 0.96121
9879.7529 0.88303
9880.9443 0.8444
9882.1357 0.95505
9883.3271 1.03838
9884.5176 0.78546
9885.709 1.04096
9886.9004 1.02167
9888.0918 0.87952
9889.2832 0.97871
9890.4746 0.90175
9891.665 1.13031
9892.8564 0.83919
9894.0479 1.06685
9895.2393 0.63241
9896.4307 0.95025
9897.6211 0.77806
9898.8125 0.86942
9900.0039 0.79507
9901.1943 0.80952
9902.3857 0.97504
9903.5771 0.99122
9904.7676 0.91472
9905.959 0.95421
9907.1494 0.88143
9908.3408 0.81602
9909.5322 0.83325
9910.7227 0.91023
9911.9141 0.85245
9913.1045 0.966
9914.2959 0.94442
9915.4863 0.65596
9916.6777 0.79069
9917.8682 1.07237
9919.0596 0.77198
9920.25 0.91516
9921.4404 0.87977
9922.6318 1.01474
9923.8223 0.82383
9925.0137 0.78161
9926.2041 0.76358
9927.3945 0.86072
9928.5859 0.99683
9929.7764 0.90584
9930.9668 0.77091
9932.1572 0.80914
9933.3486 0.821
9934.5391 0.71127
9935.7295 0.87989
9936.9199 0.81883
9938.1104 0.94175
9939.3018 1.136
9940.4922 0.69199
9941.6826 0.54576
9942.873 1.0157
9944.0635 1.0059
9945.2539 1.19337
9946.4443 1.31428
9947.6348 0.80855
9948.8262 0.50044
9950.0166 0.84653
9951.207 1.06022
9952.3975 0.49897
9953.5869 0.62075
9954.7783 0.45435
9955.9678 0.67577
9957.1582 1.01905
9958.3486 1.20479
9959.5391 0.94998
9960.7295 0.63995
9961.9199 0.68572
9963.1104 0.99884
9964.3008 1.28384
9965.4912 0.66339
9966.6807 0.88333
9967.8711 0.66803
9969.0615 0.62176
9970.252 0.73011
9971.4424 0.72974
9972.6318 0.70876
9973.8223 1.10489
9975.0127 0.97841
9976.2021 0.83044
9977.3926 0.97755
9978.583 0.96274
9979.7725 0.8632
9980.9629 0.57639
9982.1533 0.80696
9983.3428 0.84177
9984.5332 0.84491
9985.7227 0.81632
9986.9131 0.7042
9988.1025 0.7112
9989.293 0.79499
9990.4824 0.84434
9991.6729 0.72857
9992.8633 0.75951
9994.0527 0.82922
9995.2422 0.8274
9996.4326 0.84877
9997.6221 0.71359
9998.8125 0.74956
10000.002 0.65085
10001.192 0.62485
10002.382 0.67167
10003.571 0.80847
10004.761 0.76038
10005.951 0.86081
10007.141 1.03968
10008.331 0.92397
10009.52 0.49916
10010.71 1.03385
10011.9 0.79465
10013.089 0.81014
10014.279 0.07255
10015.469 0.72867
10016.658 1.08965
10017.848 1.14913
10019.037 0.59087
10020.227 0.5584
10021.417 0.68968
10022.606 0.89501
10023.796 0.75904
10024.985 1.1436
10026.175 0.89247
10027.364 0.39891
10028.554 0.41835
10029.743 0.70048
10030.933 0.9478
10032.122 0.7723
10033.312 0.81614
10034.501 0.8291
10035.69 0.92229
10036.88 0.77212
10038.069 0.6751
10039.259 0.81997
10040.448 0.8418
10041.637 0.6828
10042.827 0.60609
10044.016 0.60869
10045.205 0.88569
10046.394 0.75488
10047.584 0.69141
10048.773 0.96095
10049.962 0.71051
10051.151 0.74465
10052.341 0.91845
10053.53 0.75076
10054.719 0.82941
10055.908 0.9125
10057.097 0.73747
10058.286 0.9395
10059.476 0.86103
10060.665 0.89831
10061.854 0.67135
10063.043 0.96582
10064.232 0.94359
10065.421 0.77307
10066.61 0.8923
10067.799 0.6645
10068.988 0.80993
10070.177 0.85519
10071.366 1.22724
10072.555 0.72501
10073.744 0.74507
10074.933 0.64806
10076.122 0.98782
10077.311 0.68293
10078.5 0.76538
10079.689 0.59557
10080.878 0.66353
10082.066 0.90749
10083.255 1.06511
10084.444 0.29969
10085.633 0.94524
10086.822 0.15592
10088.011 0.68705
10089.199 0.5642
10090.388 0.82636
10091.577 0.63967
10092.766 0.67192
10093.954 0.91144
10095.143 0.78234
10096.332 0.80174
10097.52 0.91286
10098.709 0.84592
10099.898 0.67893
10101.086 0.84315
10102.275 0.70652
10103.464 1.03097
10104.652 0.78017
10105.841 1.17562
10107.03 1.02102
10108.218 1.03085
10109.407 0.51216
10110.595 0.92311
10111.784 0.75804
10112.972 0.91316
10114.161 0.61321
10115.349 0.91373
10116.538 0.81877
10117.726 0.85982
10118.915 0.45542
10120.103 0.50145
10121.292 0.95256
10122.48 1.32822
10123.668 0.5869
10124.857 1.10843
10126.045 0.82202
10127.234 0.87759
10128.422 1.155
10129.61 0.4983
10130.799 0.83131
10131.987 0.99251
10133.175 0.87139
10134.364 0.51635
10135.552 1.02325
10136.74 0.58947
10137.928 0.80289
10139.117 0.82237
10140.305 0.54638
10141.493 0.76042
10142.681 0.77532
10143.869 0.7618
10145.058 0.59489
10146.246 0.4963
10147.434 0.65052
10148.622 1.36061
10149.81 1.06187
10150.998 1.05342
10152.186 1.07667
10153.375 1.21241
10154.563 0.98191
10155.751 0.60982
10156.939 0.75605
10158.127 0.80765
10159.315 0.75024
10160.503 0.85555
10161.691 0.79476
10162.879 0.6659
10164.067 0.94047
10165.255 1.09589
10166.443 1.15075
10167.631 1.0379
10168.819 1.0937
10170.007 0.13242
10171.195 0.29175
10172.383 0.67107
10173.57 0.25139
10174.758 0.40893
10175.946 0.73059
10177.134 0.29808
10178.322 0.7576
10179.51 0.91207
10180.698 0.66601
10181.885 0.7817
10183.073 0.79044
10184.261 1.43809
10185.449 0.472
10186.637 0.69178
10187.824 1.40648
10189.012 0.98601
10190.2 0.93676
10191.388 0.15578
10192.575 0.63484
10193.763 0.2062
10194.951 0.66873
10196.138 0.96486
10197.326 0.87546
10198.514 0.76676
10199.701 0.60046
10200.889 0.84257
10202.077 1.00803
10203.264 1.1358
10204.452 0.72475
10205.639 0.70804
10206.827 0.1949
10208.014 1.15621
10209.202 1.50722
10210.39 0.6838
10211.577 0.57665
10212.765 1.13152
10213.952 1.48769
10215.14 0.50111
10216.327 0.27171
10217.515 0.3186
10218.702 0.76631
10219.89 0.75107
10221.077 0.83862
10222.264 1.05271
10223.452 1.1155
10224.639 0.61945
10225.827 1.34801
10227.014 0.90231
10228.202 0.36849
10229.389 1.02908
10230.576 0.70194
10231.764 1.45448
10232.951 0.89655
10234.138 0.53079
10235.326 0.90218
10236.513 0.74938
10237.7 0.86408
10238.888 0.75647
10240.075 0.72146
10241.262 0.57995
10242.449 0.98433
10243.637 0.62897
10244.824 0.90984
10246.011 0.54099
10247.198 0.8018
10248.386 0.64259
10249.573 0.49987
10250.76 0.61226
10251.947 0.84686
10253.134 0.68769
10254.322 0.54082
10255.509 0.44726
10256.696 0.70888
10257.883 0.3679
10259.07 0.52983
10260.257 0.69519
10261.444 0.475
10262.631 0.65167
10263.819 0.53734
10265.006 0.64691
10266.193 0.31975
10267.38 0.36873
10268.567 0.43176
