#wave flux
3051.5767 0.73345
3053.5266 3.20433
3055.4771 1.54544
3057.4282 1.98654
3059.3799 -0.63132
3061.332 2.47875
3063.2849 1.70635
3065.2383 -0.06904
3067.1921 2.89125
3069.1465 2.50548
3071.1016 2.23085
3073.0571 1.51405
3075.0132 3.58483
3076.97 3.06568
3078.9272 4.29756
3080.885 3.56346
3082.8433 3.56715
3084.8022 1.92126
3086.7617 4.74112
3088.7217 3.06442
3090.6824 3.5271
3092.6433 4.42677
3094.605 4.11148
3096.5674 3.93616
3098.53 3.10483
3100.4934 2.92136
3102.4573 3.71591
3104.4216 3.69538
3106.3867 2.82269
3108.3521 3.2066
3110.3181 3.29766
3112.2849 3.41282
3114.252 2.18357
3116.2197 2.7547
3118.188 2.09909
3120.1567 1.4702
3122.126 3.43836
3124.0959 2.55473
3126.0664 1.54359
3128.0374 1.62845
3130.0088 2.52072
3131.9807 1.84671
3133.9534 1.77059
3135.9265 2.11707
3137.9001 2.2965
3139.8745 2.49226
3141.8491 2.4447
3143.8245 2.76195
3145.8003 1.37117
3147.7766 2.47053
3149.7534 1.38264
3151.731 2.01061
3153.709 1.67454
3155.6875 2.41571
3157.6665 1.74536
3159.646 2.9929
3161.6262 2.65943
3163.6067 1.90194
3165.5879 2.71384
3167.5696 2.20069
3169.552 1.86961
3171.5347 2.12015
3173.5178 1.47357
3175.5017 2.06877
3177.4861 2.1671
3179.4709 1.83179
3181.4563 1.91035
3183.4424 2.29088
3185.4287 1.77035
3187.4158 2.21047
3189.4033 2.42031
3191.3914 2.17871
3193.3799 2.25208
3195.3689 1.93851
3197.3584 2.39073
3199.3486 2.34694
3201.3394 2.42319
3203.3306 2.54617
3205.322 1.89544
3207.3145 1.79686
3209.3071 2.88423
3211.3003 1.78649
3213.2942 2.04818
3215.2883 2.41325
3217.2832 2.37593
3219.2786 2.58856
3221.2744 2.93572
3223.2708 2.34491
3225.2676 2.74639
3227.2649 2.2134
3229.2627 2.78532
3231.2612 3.15594
3233.26 2.35336
3235.2595 2.34424
3237.2595 2.59551
3239.26 2.24624
3241.261 2.96329
3243.2622 2.36716
3245.2644 2.46363
3247.2668 2.73933
3249.2698 2.11284
3251.2732 2.50648
3253.2773 2.18132
3255.2817 2.56744
3257.2869 2.90979
3259.2922 3.06924
3261.2983 2.97974
3263.3047 3.11104
3265.312 2.36294
3267.3193 2.88036
3269.3274 2.53238
3271.3359 1.97772
3273.345 2.4075
3275.3545 2.63165
3277.3645 2.18141
3279.375 2.22248
3281.386 2.76141
3283.3977 2.52014
3285.4097 2.68305
3287.4221 2.52828
3289.4353 3.23035
3291.4487 2.9293
3293.4626 2.79235
3295.4773 2.67221
3297.4922 2.37942
3299.5078 2.04498
3301.5237 2.23032
3303.54 2.2395
3305.5569 2.69949
3307.5745 2.05835
3309.5923 2.34658
3311.6108 2.38026
3313.6296 2.48316
3315.6492 2.44106
3317.6689 2.41585
3319.6895 2.51171
3321.7102 2.15945
3323.7317 2.32306
3325.7534 2.13755
3327.7756 2.36964
3329.7986 2.63618
3331.8218 2.11366
3333.8455 2.02575
3335.8696 2.42636
3337.8945 2.12769
3339.9197 2.47252
3341.9453 2.52158
3343.9714 2.39132
3345.998 2.29296
3348.0251 2.40144
3350.0527 2.2956
3352.0808 1.80933
3354.1094 2.0237
3356.1384 2.27787
3358.168 2.31125
3360.1978 2.14342
3362.2283 2.0706
3364.259 2.04849
3366.2905 2.26089
3368.3223 1.88371
3370.3547 1.85392
3372.3875 2.195
3374.4207 1.90985
3376.4543 1.88637
3378.4885 2.14439
3380.5232 1.97625
3382.5583 2.27473
3384.594 2.26698
3386.6299 1.89207
3388.6665 1.96688
3390.7036 2.30271
3392.741 1.84839
3394.7788 2.20639
3396.8171 1.72562
3398.856 1.96452
3400.8953 2.04393
3402.9351 1.94487
3404.9751 1.8491
3407.0159 2.04934
3409.0569 2.21226
3411.0986 1.87739
3413.1406 1.95422
3415.1831 1.78532
3417.2261 2.05721
3419.2695 2.65606
3421.3132 2.25081
3423.3577 1.76954
3425.4023 2.2115
3427.4475 2.39145
3429.4932 1.82338
3431.5393 2.43543
3433.5859 1.82531
3435.6328 2.12247
3437.6804 2.0435
3439.7283 2.17658
3441.7766 2.12571
3443.8254 2.28124
3445.8748 2.26417
3447.9243 2.12768
3449.9746 2.44076
3452.0251 2.5738
3454.0762 2.17063
3456.1277 2.33543
3458.1794 2.57315
3460.2317 2.24656
3462.2847 2.2924
3464.3379 2.26647
3466.3916 2.23391
3468.4456 2.3538
3470.5002 2.31484
3472.5552 2.03342
3474.6106 2.25617
3476.6665 2.19784
3478.7227 2.43548
3480.7793 2.38582
3482.8367 2.32557
3484.8943 2.33426
3486.9521 2.17335
3489.0107 2.21437
3491.0696 2.45941
3493.1289 2.49045
3495.1887 2.50871
3497.2488 2.4472
3499.3093 2.90268
3501.3704 2.50727
3503.4319 2.67777
3505.4939 2.6015
3507.5562 2.76
3509.6189 2.46889
3511.6819 2.3944
3513.7456 2.72606
3515.8096 2.37979
3517.874 2.2818
3519.9387 2.15895
3522.0042 2.5168
3524.0698 2.21378
3526.136 2.40146
3528.2024 1.91275
3530.2693 2.22869
3532.3369 2.06989
3534.4045 2.22682
3536.4727 2.14014
3538.5415 2.14309
3540.6104 2.02744
3542.6797 2.33502
3544.7498 2.10343
3546.8201 1.61235
3548.8906 1.97058
3550.9617 1.55237
3553.0332 1.65281
3555.1052 1.99966
3557.1775 1.98482
3559.2502 1.87131
3561.3232 1.95878
3563.397 2.23908
3565.4707 2.15504
3567.5452 2.19461
3569.6201 1.95122
3571.6951 2.22234
3573.7708 2.15679
3575.8467 2.03128
3577.9231 2.00327
3579.9998 2.04457
3582.0769 2.21654
3584.1545 2.07497
3586.2327 2.1234
3588.311 2.22204
3590.3896 2.21346
3592.469 1.96411
3594.5486 2.07108
3596.6284 2.16921
3598.7087 2.23219
3600.7896 1.72162
3602.8706 2.18283
3604.9524 1.9651
3607.0342 1.98686
3609.1167 2.03711
3611.1992 1.96175
3613.2825 1.81525
3615.366 1.78386
3617.4497 1.93824
3619.5342 1.79664
3621.6187 1.90574
3623.7039 1.84889
3625.7893 1.87282
3627.875 2.05187
3629.9612 2.03615
3632.0479 1.99326
3634.135 2.0932
3636.2222 1.94418
3638.3101 1.9653
3640.3982 2.02331
3642.4866 2.1846
3644.5754 2.21089
3646.6648 2.18208
3648.7544 2.13474
3650.8445 2.10856
3652.9348 2.18642
3655.0256 1.95163
3657.1167 1.83288
3659.2083 2.04476
3661.3003 2.01771
3663.3926 1.96152
3665.4851 2.19022
3667.5781 2.05876
3669.6716 2.02602
3671.7654 1.94891
3673.8596 2.20217
3675.9541 1.8236
3678.0488 2.13135
3680.144 2.00712
3682.2397 1.89162
3684.3357 2.03898
3686.4319 1.90911
3688.5288 1.76061
3690.6257 1.94095
3692.7231 1.91227
3694.821 2.17119
3696.9192 1.99548
3699.0176 1.86715
3701.1167 1.89223
3703.2158 2.14117
3705.3154 2.07519
3707.4153 1.86102
3709.5159 2.00427
3711.6165 1.98411
3713.7175 2.18683
3715.8188 1.8877
3717.9207 2.2445
3720.0227 2.09475
3722.1252 2.10776
3724.228 2.15056
3726.3313 2.09048
3728.4348 2.2309
3730.5386 2.27781
3732.6428 2.33799
3734.7473 2.0858
3736.8523 2.37315
3738.9575 1.9217
3741.0632 2.08917
3743.1692 2.33352
3745.2754 2.04442
3747.3821 2.28485
3749.489 2.25945
3751.5964 2.10838
3753.7041 1.98571
3755.8123 1.92823
3757.9204 2.12324
3760.0293 2.05662
3762.1382 2.01294
3764.2478 1.9618
3766.3574 1.93373
3768.4675 2.21715
3770.5779 2.17711
3772.6887 2.07127
3774.7998 2.18522
3776.9111 2.43654
3779.0229 2.55849
3781.135 2.65019
3783.2473 2.47361
3785.3601 2.42267
3787.4734 2.63018
3789.5867 2.74819
3791.7004 2.90182
3793.8145 2.82262
3795.929 2.94707
3798.0437 2.89568
3800.1587 2.99981
3802.2742 2.77703
3804.3899 2.74218
3806.5059 2.64228
3808.6223 2.65879
3810.739 2.65126
3812.856 2.72178
3814.9734 2.63233
3817.0911 2.54611
3819.209 2.73052
3821.3274 2.69222
3823.4458 2.78037
3825.5649 2.92778
3827.6841 2.67182
3829.8037 2.96515
3831.9236 2.72729
3834.0437 2.82294
3836.1643 2.83539
3838.2852 2.77935
3840.4065 2.7653
3842.5278 2.67623
3844.6497 2.65747
3846.7717 2.22154
3848.8943 2.34883
3851.0168 2.32264
3853.1399 2.21921
3855.2632 2.02847
3857.387 2.15511
3859.511 2.24514
3861.6353 2.04912
3863.7598 2.21946
3865.8845 2.186
3868.0098 2.07744
3870.1353 2.10824
3872.261 1.96427
3874.3872 2.24825
3876.5137 2.00435
3878.6404 1.96158
3880.7673 1.7569
3882.8945 1.83527
3885.0222 1.93696
3887.1501 2.03767
3889.2783 1.93401
3891.4067 1.95729
3893.5356 2.06832
3895.6648 1.85291
3897.7942 2.18749
3899.9238 1.79549
3902.0537 1.85617
3904.1841 1.81161
3906.3147 1.95147
3908.4456 2.07274
3910.5767 2.0131
3912.708 2.06493
3914.8398 1.8739
3916.9717 1.93275
3919.104 1.95518
3921.2368 2.11944
3923.3696 1.84858
3925.5027 2.0288
3927.6362 1.95102
3929.77 1.84569
3931.9041 1.76906
3934.0383 1.97592
3936.1729 1.73813
3938.3076 2.05634
3940.4429 1.90878
3942.5784 1.84668
3944.7141 1.99354
3946.8501 2.04378
3948.9863 1.98118
3951.1228 1.9633
3953.2595 1.8391
3955.3967 1.75076
3957.5342 1.77206
3959.6719 1.69587
3961.8098 1.76337
3963.948 1.72444
3966.0864 1.79143
3968.2251 1.92165
3970.364 1.794
3972.5034 1.82901
3974.6431 2.03956
3976.7827 1.91642
3978.9229 1.66441
3981.0632 1.86606
3983.2039 2.15165
3985.3447 2.00358
3987.4861 1.85474
3989.6274 1.94241
3991.769 1.99218
3993.9109 2.07525
3996.0532 2.0375
3998.1958 1.8714
4000.3384 1.92178
4002.4814 1.75673
4004.6248 2.06266
4006.7683 1.92156
4008.9121 1.83882
4011.0562 1.98578
4013.2004 2.08461
4015.345 1.83921
4017.4897 2.08711
4019.635 1.85424
4021.7803 1.79613
4023.9258 1.99693
4026.0715 1.95699
4028.2178 1.94716
4030.364 1.86848
4032.5107 1.958
4034.6575 1.76774
4036.8047 1.93221
4038.9519 1.91433
4041.0996 1.77976
4043.2473 1.99955
4045.3955 1.77092
4047.5437 1.69019
4049.6924 1.73638
4051.8413 1.81771
4053.9902 1.971
4056.1396 1.79055
4058.2891 1.85366
4060.439 1.51924
4062.5891 1.78625
4064.7393 1.75845
4066.8899 1.88876
4069.0405 2.04073
4071.1914 1.79664
4073.3428 1.90452
4075.4941 1.75512
4077.646 1.80775
4079.7979 1.93685
4081.9502 2.03511
4084.1025 1.85502
4086.2551 1.8187
4088.4082 1.75608
4090.5613 1.62674
4092.7146 2.03715
4094.8682 1.74403
4097.022 1.95597
4099.1758 1.74633
4101.3301 1.84354
4103.4849 1.9041
4105.6396 1.78193
4107.7944 1.84399
4109.9497 1.89141
4112.105 1.82415
4114.2607 1.75792
4116.4165 1.90619
4118.5728 1.85053
4120.729 1.87134
4122.8857 1.58687
4125.0425 1.85545
4127.1992 1.87717
4129.3564 1.82259
4131.5137 1.86611
4133.6714 1.67036
4135.8296 2.03742
4137.9873 1.7405
4140.146 1.84582
4142.3042 1.87854
4144.4629 2.02102
4146.6221 1.84594
4148.7812 1.89618
4150.9404 1.83704
4153.1001 1.76265
4155.2598 1.94635
4157.4199 2.0153
4159.5801 2.10368
4161.7407 1.69881
4163.9014 1.88474
4166.062 1.97384
4168.2231 1.91405
4170.3843 1.75636
4172.5459 1.99815
4174.7075 1.78063
4176.8696 1.69564
4179.0317 1.77938
4181.1938 1.66305
4183.3564 1.82918
4185.519 1.82623
4187.6821 1.77399
4189.8452 2.0322
4192.0083 1.81129
4194.1719 1.90453
4196.3359 1.75934
4198.4995 1.87954
4200.6636 1.65952
4202.8281 1.71949
4204.9927 1.71535
4207.1572 1.87774
4209.3223 1.85096
4211.4873 1.8633
4213.6523 1.83999
4215.8179 1.69717
4217.9839 1.80213
4220.1494 2.0685
4222.3159 1.7893
4224.4819 1.80884
4226.6484 1.76499
4228.8149 1.82749
4230.9819 1.83966
4233.1489 1.82563
4235.3159 1.73183
4237.4834 1.91606
4239.6509 1.81667
4241.8188 1.77302
4243.9868 1.74656
4246.1548 1.68077
4248.3232 1.86161
4250.4917 1.76724
4252.6606 1.82313
4254.8296 1.64748
4256.9985 1.67807
4259.1675 1.58247
4261.3369 1.57919
4263.5068 1.58203
4265.6763 1.73783
4267.8467 1.62016
4270.0166 1.79339
4272.187 1.86209
4274.3574 1.73749
4276.5283 1.93289
4278.6992 1.68041
4280.8701 1.78168
4283.041 1.79141
4285.2124 1.8097
4287.3843 1.82887
4289.5557 1.83362
4291.7275 1.91372
4293.8999 1.88795
4296.0718 1.84703
4298.2446 1.70682
4300.417 1.80398
4302.5898 1.75331
4304.7627 1.82312
4306.936 1.6937
4309.1089 1.76659
4311.2822 1.74995
4313.4561 1.66966
4315.6299 1.81943
4317.8037 1.81834
4319.9775 1.42966
4322.1519 1.7035
4324.3262 1.60424
4326.501 1.70921
4328.6758 1.42141
4330.8506 1.8563
4333.0254 1.78596
4335.2007 1.59115
4337.376 1.73905
4339.5518 1.75162
4341.7275 1.59703
4343.9033 1.66882
4346.0791 1.6736
4348.2554 1.69531
4350.4316 1.76995
4352.6079 1.79969
4354.7847 1.62625
4356.9614 1.73057
4359.1382 1.6691
4361.3154 1.62489
4363.4927 1.74389
4365.6699 1.75911
4367.8477 1.70493
4370.0254 1.7281
4372.2031 1.59387
4374.3809 1.63719
4376.5591 1.60524
4378.7373 1.70785
4380.916 1.60074
4383.0942 1.62419
4385.2729 1.59018
4387.4521 1.64484
4389.6309 1.66257
4391.8101 1.70865
4393.9893 1.78083
4396.1689 1.48105
4398.3486 1.59132
4400.5283 1.60248
4402.708 1.49343
4404.8882 1.48598
4407.0679 1.50854
4409.2485 1.63698
4411.4287 1.51771
4413.6094 1.48197
4415.79 1.71768
4417.9707 1.5927
4420.1519 1.63313
4422.333 1.57364
4424.5142 1.5453
4426.6953 1.63711
4428.877 1.53834
4431.0586 1.63436
4433.2402 1.57047
4435.4224 1.51532
4437.6045 1.65528
4439.7866 1.78638
4441.9688 1.70389
4444.1514 1.79788
4446.334 1.72257
4448.5166 1.51742
4450.6992 1.61827
4452.8823 1.63695
4455.0654 1.50363
4457.2485 1.68181
4459.4316 1.68525
4461.6152 1.65092
4463.7988 1.62435
4465.9824 1.48702
4468.1665 1.31536
4470.3501 1.61443
4472.5342 1.58442
4474.7183 1.60052
4476.9028 1.49458
4479.0874 1.53739
4481.2715 1.52595
4483.4565 1.58475
4485.6411 1.47552
4487.8262 1.60074
4490.0112 1.49839
4492.1963 1.47173
4494.3813 1.50748
4496.5669 1.72026
4498.7524 1.57058
4500.938 1.6725
4503.1235 1.58284
4505.3096 1.25151
4507.4956 1.47331
4509.6816 1.43457
4511.8677 1.65125
4514.0542 1.55817
4516.2402 1.59267
4518.4268 1.67143
4520.6133 1.51479
4522.8003 1.41725
4524.9873 1.48709
4527.1743 1.56493
4529.3613 1.41642
4531.5483 1.45497
4533.7358 1.40434
4535.9229 1.52849
4538.1104 1.53315
4540.2979 1.68322
4542.4858 1.67949
4544.6733 1.51963
4546.8613 1.50564
4549.0493 1.5615
4551.2378 1.49078
4553.4258 1.39134
4555.6143 1.67541
4557.8027 1.64925
4559.9912 1.42447
4562.1797 1.61138
4564.3682 1.47988
4566.5571 1.5306
4568.7461 1.6666
4570.9351 1.63439
4573.1245 1.72026
4575.3135 1.74189
4577.5029 1.55116
4579.6924 1.5189
4581.8818 1.64059
4584.0713 1.52965
4586.2612 1.76312
4588.4507 1.61488
4590.6406 1.7296
4592.8306 1.61569
4595.0205 1.56403
4597.2109 1.66529
4599.4009 1.74962
4601.5913 1.70172
4603.7817 1.69858
4605.9722 1.74856
4608.1631 1.53143
4610.354 1.69281
4612.5444 1.5434
4614.7354 1.70462
4616.9263 1.70534
4619.1177 1.70978
4621.3086 1.47591
4623.5 1.77463
4625.6914 1.64868
4627.8828 1.60988
4630.0742 1.66807
4632.2656 1.70212
4634.4575 1.70782
4636.6489 1.80531
4638.8408 1.63958
4641.0327 1.62263
4643.2246 1.69423
4645.417 1.54105
4647.6089 1.65532
4649.8013 1.55205
4651.9937 1.67132
4654.186 1.81584
4656.3784 1.85041
4658.5708 1.92078
4660.7637 1.69234
4662.9565 1.83602
4665.1489 1.91831
4667.3418 1.8359
4669.5347 1.9519
4671.728 1.64312
4673.9209 1.97767
4676.1143 1.86369
4678.3076 1.59471
4680.5005 1.7363
4682.6943 1.7109
4684.8877 1.73811
4687.0811 1.74419
4689.2749 1.6577
4691.4683 1.80253
4693.6621 1.54711
4695.856 1.62631
4698.0498 1.69958
4700.2437 1.62371
4702.438 1.68222
4704.6318 1.57088
4706.8262 1.57025
4709.0205 1.7903
4711.2148 1.68489
4713.4092 1.62014
4715.6035 1.58191
4717.7979 1.57628
4719.9927 1.81064
4722.187 1.58145
4724.3818 1.44435
4726.5767 1.46073
4728.7715 1.88623
4730.9663 1.59053
4733.1616 1.55005
4735.3564 1.5118
4737.5513 1.66007
4739.7466 1.89446
4741.9419 1.64626
4744.1372 1.58956
4746.3325 1.50084
4748.5278 1.50448
4750.7236 1.4822
4752.9189 1.635
4755.1143 1.55282
4757.3101 1.43198
4759.5059 1.72177
4761.7017 1.50233
4763.8975 1.65251
4766.0933 1.587
4768.2891 1.65274
4770.4854 1.60357
4772.6812 1.67058
4774.8774 1.61394
4777.0737 1.47365
4779.2695 1.70487
4781.4658 1.68747
4783.6621 1.52793
4785.8584 1.4734
4788.0552 1.76865
4790.2515 1.72891
4792.4482 1.49445
4794.6445 1.53661
4796.8413 1.67158
4799.0381 1.72846
4801.2349 1.62347
4803.4316 1.57555
4805.6284 1.75812
4807.8252 1.66402
4810.022 1.52233
4812.2192 1.69967
4814.416 1.67172
4816.6133 1.71096
4818.8105 1.62858
4821.0078 1.6392
4823.2046 1.67044
4825.4023 1.67814
4827.5996 1.58412
4829.7969 1.53715
4831.9941 1.6099
4834.1914 1.75801
4836.3892 1.74662
4838.5869 1.71927
4840.7842 1.92342
4842.9819 1.69177
4845.1797 1.74687
4847.3774 1.87843
4849.5752 1.87537
4851.7729 1.95463
4853.9707 2.07597
4856.1685 1.85798
4858.3667 2.02522
4860.5645 1.96864
4862.7627 2.01594
4864.9609 1.93882
4867.1587 1.84058
4869.3569 1.76888
4871.5552 1.99829
4873.7534 1.74427
4875.9517 1.7677
4878.1499 1.69428
4880.3481 1.7736
4882.5464 1.80889
4884.7451 1.83259
4886.9434 1.70437
4889.1421 1.94741
4891.3403 1.68024
4893.5391 1.69178
4895.7378 1.6908
4897.936 1.75126
4900.1348 1.83654
4902.3335 1.59698
4904.5322 1.93054
4906.731 1.56388
4908.9297 1.61405
4911.1289 1.72369
4913.3276 1.78821
4915.5264 1.77516
4917.7256 1.71223
4919.9243 1.80661
4922.1235 1.65101
4924.3223 1.61524
4926.5215 1.58851
4928.7207 1.60468
4930.9199 1.57559
4933.1191 1.60545
4935.3179 1.56486
4937.5176 1.47577
4939.7168 1.67268
4941.916 1.77688
4944.1152 1.646
4946.3145 1.65298
4948.5137 1.72733
4950.7134 1.67005
4952.9126 1.65981
4955.1123 1.69198
4957.3115 1.68189
4959.5112 1.43249
4961.7109 1.64372
4963.9102 1.64498
4966.1099 1.61785
4968.3096 1.71159
4970.5093 1.7062
4972.709 1.53084
4974.9087 1.58169
4977.1084 1.61422
4979.3081 1.55262
4981.5078 1.59907
4983.7075 1.64887
4985.9072 1.69884
4988.1074 1.56185
4990.3071 1.62963
4992.5068 1.73093
4994.707 1.62389
4996.9067 1.6536
4999.1069 1.54309
5001.3066 1.65882
5003.5068 1.55329
5005.707 1.68175
5007.9067 1.66007
5010.1069 1.77994
5012.3071 1.58579
5014.5073 1.49151
5016.707 1.69373
5018.9072 1.72137
5021.1074 1.50215
5023.3076 1.72388
5025.5078 1.63409
5027.708 1.58281
5029.9082 1.56219
5032.1089 1.58992
5034.3091 1.73193
5036.5093 1.59895
5038.7095 1.7748
5040.9102 1.57422
5043.1104 1.53963
5045.3105 1.5532
5047.5112 1.50274
5049.7114 1.53351
5051.9121 1.45182
5054.1123 1.6044
5056.313 1.69787
5058.5132 1.71298
5060.7139 1.73074
5062.9146 1.65553
5065.1152 1.63284
5067.3154 1.51122
5069.5161 1.56266
5071.7168 1.76164
5073.9175 1.57266
5076.1177 1.45848
5078.3184 1.50224
5080.519 1.6955
5082.7197 1.67575
5084.9204 1.59813
5087.1211 1.532
5089.3218 1.51279
5091.5225 1.64361
5093.7231 1.46253
5095.9243 1.61112
5098.125 1.64339
5100.3257 1.64348
5102.5264 1.61858
5104.7271 1.58011
5106.9282 1.61385
5109.1289 1.57389
5111.3296 1.6826
5113.5303 1.61799
5115.7314 1.71709
5117.9321 1.72733
5120.1333 1.56488
5122.334 1.4756
5124.5347 1.70131
5126.7358 1.44641
5128.937 1.36482
5131.1377 1.50464
5133.3389 1.46937
5135.5396 1.55653
5137.7407 1.50183
5139.9414 1.52366
5142.1426 1.55739
5144.3438 1.46401
5146.5444 1.49305
5148.7456 1.55449
5150.9468 1.51036
5153.1475 1.57036
5155.3486 1.58931
5157.5498 1.52127
5159.751 1.52391
5161.9521 1.45114
5164.1533 1.52553
5166.354 1.49813
5168.5552 1.47691
5170.7563 1.51936
5172.9575 1.69236
5175.1587 1.60694
5177.3599 1.67644
5179.561 1.59963
5181.7622 1.54534
5183.9634 1.60496
5186.1646 1.49619
5188.3657 1.53687
5190.5669 1.64856
5192.7681 1.50141
5194.9692 1.66427
5197.1704 1.51041
5199.3721 1.74488
5201.5732 1.51712
5203.7744 1.47872
5205.9756 1.5022
5208.1768 1.45749
5210.3779 1.4126
5212.5796 1.70567
5214.7808 1.52658
5216.9819 1.45002
5219.1831 1.45731
5221.3848 1.38578
5223.5859 1.44175
5225.7871 1.50399
5227.9888 1.58526
5230.1899 1.40546
5232.3911 1.52022
5234.5928 1.55794
5236.7939 1.45829
5238.9951 1.49991
5241.1968 1.58575
5243.3979 1.49181
5245.5996 1.5601
5247.8008 1.47834
5250.0024 1.41466
5252.2036 1.73046
5254.4048 1.43846
5256.6064 1.46662
5258.8081 1.51935
5261.0093 1.48081
5263.2109 1.52996
5265.4121 1.55333
5267.6138 1.45449
5269.8149 1.61761
5272.0166 1.78886
5274.2178 1.6462
5276.4194 1.59729
5278.6211 1.51371
5280.8223 1.50806
5283.0239 1.54437
5285.2256 1.58762
5287.4268 1.46858
5289.6284 1.52912
5291.8301 1.39286
5294.0317 1.52898
5296.2329 1.48746
5298.4346 1.31168
5300.6362 1.45565
5302.8374 1.32617
5305.0391 1.52483
5307.2407 1.3368
5309.4424 1.39765
5311.644 1.50643
5313.8457 1.38745
5316.0469 1.41076
5318.2485 1.38863
5320.4502 1.39052
5322.6519 1.41987
5324.8535 1.40699
5327.0552 1.43039
5329.2568 1.37088
5331.4585 1.47828
5333.6602 1.49081
5335.8618 1.56012
5338.0635 1.48772
5340.2651 1.29279
5342.4668 1.3693
5344.6685 1.34214
5346.8701 1.47341
5349.0718 1.53837
5351.2734 1.49673
5353.4751 1.37975
5355.6768 1.43374
5357.8784 1.45893
5360.0801 1.62068
5362.2817 1.59257
5364.4839 1.5114
5366.6855 1.44176
5368.8872 1.28932
5371.0889 1.43532
5373.2905 1.38436
5375.4927 1.41037
5377.6943 1.44166
5379.896 1.53281
5382.0977 1.40813
5384.2998 1.42659
5386.5015 1.27636
5388.7031 1.32892
5390.9053 1.43101
5393.1069 1.50664
5395.3091 1.40506
5397.5107 1.52302
5399.7124 1.64676
5401.9146 1.46579
5404.1162 1.48441
5406.3184 1.57633
5408.52 1.45643
5410.7222 1.48923
5412.9238 1.4714
5415.126 1.40983
5417.3281 1.44157
5419.5298 1.24648
5421.7319 1.40228
5423.9341 1.35367
5426.1357 1.33912
5428.3379 1.42152
5430.54 1.36494
5432.7417 1.5225
5434.9438 1.44132
5437.146 1.46653
5439.3481 1.47138
5441.5503 1.48294
5443.7524 1.42169
5445.9541 1.44451
5448.1562 1.53875
5450.3584 1.46965
5452.5605 1.56936
5454.7627 1.60056
5456.9648 1.44463
5459.167 1.455
5461.3691 1.54521
5463.5713 1.48892
5465.7739 1.45412
5467.9761 1.64378
5470.1782 1.45743
5472.3804 1.78304
5474.5825 1.59118
5476.7847 1.41479
5478.9873 1.42035
5481.1895 1.53387
5483.3916 1.50911
5485.5942 1.46749
5487.7964 1.70706
5489.999 1.40594
5492.2012 1.42017
5494.4038 1.5326
5496.606 1.54799
5498.8086 1.70076
5501.0112 1.5488
5503.2134 1.50427
5505.416 1.57744
5507.6182 1.47784
5509.8208 1.6355
5512.0234 1.4973
5514.2261 1.49484
5516.4287 1.57205
5518.6313 1.50034
5520.834 1.56098
5523.0366 1.64129
5525.2393 1.6915
5527.4419 1.56672
5529.6445 1.48795
5531.8472 1.61237
5534.0498 1.55717
5536.2524 1.50283
5538.4556 1.49131
5540.6582 1.36029
5542.8608 1.49001
5545.064 1.70965
5547.2666 1.54352
5549.4697 1.46435
5551.6724 1.51198
5553.8755 1.52244
5556.0781 1.57235
5558.2812 1.49384
5560.4844 1.62367
5562.687 1.66141
5564.8901 1.52916
5567.0933 1.54278
5569.2964 1.6069
5571.4995 1.56633
5573.7026 1.43919
5575.9058 1.64
5578.1089 1.50046
5580.312 1.80728
5582.5156 1.60887
5584.7188 1.56953
5586.9219 1.77541
5589.1255 1.62683
5591.3286 1.81678
5593.5322 1.67396
5595.7354 2.0377
5597.939 1.9307
5600.1421 1.95766
5602.3457 2.21999
5604.5493 2.18171
5606.7529 2.33427
5608.9565 2.54614
5611.1602 2.50424
5613.3638 2.67424
5615.5674 2.42608
5617.771 2.49537
5619.9746 2.3498
5622.1787 2.43882
5624.3823 2.21867
5626.5859 2.38089
5628.79 2.39593
5630.9941 2.56095
5633.1978 2.50234
5635.4019 2.2241
5637.606 2.07039
5639.8096 1.9864
5642.0137 1.7014
5644.2178 1.67961
5646.4219 1.74117
5648.6265 1.437
5650.8306 1.649
5653.0347 1.66441
5653.373 1.53257
5654.5181 1.47726
5655.6631 1.48723
5656.8081 1.65184
5657.9536 1.60224
5659.0986 1.37101
5660.2441 1.42982
5661.3892 1.50368
5662.5347 1.62705
5663.6797 1.7736
5664.8252 1.47561
5665.9707 1.38538
5667.1162 1.44941
5668.2617 1.58854
5669.4077 1.6938
5670.5532 1.39937
5671.6987 1.5569
5672.8447 1.35167
5673.9902 1.65646
5675.1362 1.6006
5676.2822 1.47422
5677.4277 1.51732
5678.5737 1.31187
5679.7197 1.45094
5680.8657 1.49733
5682.0117 1.58648
5683.1582 1.71253
5684.3042 1.57536
5685.4502 1.41047
5686.5967 1.44748
5687.7427 1.69662
5688.8892 1.58264
5690.0356 1.28499
5691.1821 1.7037
5692.3286 1.59089
5693.4751 1.54519
5694.6216 1.70728
5695.7681 1.32952
5696.9146 1.56947
5698.0615 1.49018
5699.208 1.36539
5700.3545 1.41134
5701.5015 1.5785
5702.6484 1.48816
5703.7954 1.90878
5704.9419 1.55044
5706.0889 1.60635
5707.2363 1.50988
5708.3833 1.51483
5709.5303 1.44402
5710.6772 1.52821
5711.8247 1.69862
5712.9717 1.51814
5714.1191 1.74806
5715.2661 1.518
5716.4136 1.47053
5717.561 1.39014
5718.7085 1.57592
5719.856 1.52576
5721.0034 1.61629
5722.1509 1.67619
5723.2983 1.41375
5724.4463 1.39596
5725.5938 1.45735
5726.7417 1.57792
5727.8892 1.41672
5729.0371 1.46267
5730.1851 1.55232
5731.333 1.57598
5732.4805 1.37515
5733.6289 1.48131
5734.7769 1.49212
5735.9248 1.24995
5737.0728 1.66387
5738.2212 1.41167
5739.3691 1.61087
5740.5176 1.27187
5741.6655 1.33338
5742.814 1.37339
5743.9624 1.57424
5745.1108 1.40077
5746.2593 1.40686
5747.4077 1.46885
5748.5562 1.54281
5749.7046 1.53529
5750.853 1.31943
5752.002 1.51109
5753.1504 1.19974
5754.2993 1.37082
5755.4482 1.60265
5756.5967 1.4437
5757.7456 1.27156
5758.8945 1.47606
5760.0435 1.64731
5761.1924 1.29095
5762.3413 1.31381
5763.4902 1.55974
5764.6396 1.47417
5765.7886 1.38423
5766.938 1.4846
5768.0869 1.32037
5769.2363 1.31313
5770.3857 1.28441
5771.5347 1.40971
5772.6841 1.34127
5773.8335 1.38691
5774.9834 1.53063
5776.1328 1.4725
5777.2822 1.29778
5778.4316 1.54346
5779.5815 1.52608
5780.731 1.22054
5781.8809 1.37106
5783.0308 1.41596
5784.1802 1.39299
5785.3301 1.46894
5786.48 1.31439
5787.6299 1.37892
5788.7798 1.31378
5789.9302 1.15073
5791.0801 1.32558
5792.23 1.39383
5793.3804 1.38515
5794.5303 1.33744
5795.6807 1.36578
5796.8306 1.43943
5797.981 1.41327
5799.1313 1.32714
5800.2817 1.37242
5801.4321 1.25679
5802.5825 1.38332
5803.7329 1.50104
5804.8838 1.27161
5806.0342 1.29769
5807.1846 1.30362
5808.3354 1.31808
5809.4863 1.3633
5810.6367 1.34397
5811.7876 1.29553
5812.9385 1.42169
5814.0894 1.38058
5815.2402 1.3672
5816.3911 1.47858
5817.542 1.39879
5818.6934 1.15742
5819.8442 1.32685
5820.9956 1.21893
5822.1465 1.37529
5823.2979 1.35991
5824.4487 1.3624
5825.6001 1.26699
5826.7515 1.34794
5827.9028 1.27848
5829.0542 1.33621
5830.2056 1.13481
5831.3569 1.40023
5832.5088 1.29376
5833.6602 1.3679
5834.812 1.43575
5835.9634 1.32639
5837.1152 1.1709
5838.2666 1.26076
5839.4185 1.34439
5840.5703 1.37691
5841.7222 1.13985
5842.874 1.36435
5844.0259 1.46081
5845.1777 1.44911
5846.3301 1.22948
5847.4819 1.39383
5848.6338 1.30344
5849.7861 1.03356
5850.9385 1.31264
5852.0903 1.3228
5853.2427 1.4582
5854.395 1.37828
5855.5474 1.26532
5856.6997 1.3698
5857.8521 1.4262
5859.0044 1.27088
5860.1572 1.25947
5861.3096 1.27684
5862.4619 1.24703
5863.6147 1.38438
5864.7671 1.42273
5865.9199 1.39267
5867.0728 1.22447
5868.2256 1.32578
5869.3784 1.54396
5870.5312 1.33409
5871.6841 1.48335
5872.8369 1.26772
5873.9897 1.53443
5875.1426 1.44011
5876.2959 1.37512
5877.4492 1.50229
5878.6021 1.36759
5879.7554 1.6131
5880.9082 1.2951
5882.0615 1.42711
5883.2148 1.50118
5884.3682 1.5673
5885.5215 1.50954
5886.6748 1.26134
5887.8286 1.55016
5888.9819 1.47246
5890.1357 1.10693
5891.2891 1.40662
5892.4424 1.4086
5893.5962 1.34603
5894.75 1.40408
5895.9038 1.36938
5897.0576 1.32642
5898.2114 1.39539
5899.3652 1.44703
5900.519 1.42254
5901.6729 1.40579
5902.8267 1.45826
5903.981 1.43408
5905.1348 1.46911
5906.2891 1.34223
5907.4429 1.36723
5908.5972 1.44882
5909.7515 1.52126
5910.9058 1.23231
5912.0601 1.4872
5913.2144 1.5436
5914.3687 1.29321
5915.5229 1.44876
5916.6772 1.3367
5917.832 1.24529
5918.9863 1.38232
5920.1411 1.44902
5921.2954 1.42001
5922.4502 1.44255
5923.605 1.4122
5924.7593 1.32979
5925.9141 1.20996
5927.0693 1.40481
5928.2241 1.53159
5929.3789 1.42273
5930.5337 1.42264
5931.6885 1.28328
5932.8438 1.41211
5933.9985 1.35325
5935.1538 1.44834
5936.3086 1.31948
5937.4639 1.34868
5938.6191 1.44894
5939.7744 1.25386
5940.9297 1.43542
5942.085 1.29985
5943.2402 1.19199
5944.3955 1.38921
5945.5508 1.37948
5946.7065 1.56354
5947.8618 1.2349
5949.0176 1.37664
5950.1733 1.4304
5951.3286 1.34768
5952.4844 1.47437
5953.6401 1.39385
5954.7959 1.49679
5955.9517 1.35177
5957.1074 1.1637
5958.2632 1.45574
5959.4189 1.61929
5960.5752 1.32291
5961.731 1.15378
5962.8872 1.37032
5964.043 1.35316
5965.1992 1.3465
5966.355 1.35252
5967.5112 1.56532
5968.6675 1.40668
5969.8237 1.45633
5970.98 1.45156
5972.1362 1.33594
5973.293 1.32578
5974.4492 1.33012
5975.6055 1.28665
5976.7622 1.3538
5977.9185 1.47006
5979.0752 1.48612
5980.2319 1.36688
5981.3882 1.35161
5982.5449 1.39018
5983.7017 1.38386
5984.8584 1.39112
5986.0151 1.33284
5987.1719 1.38464
5988.3291 1.31346
5989.4858 1.48477
5990.6426 1.47403
5991.7998 1.38636
5992.9565 1.53776
5994.1138 1.5076
5995.271 1.31661
5996.4282 1.4695
5997.585 1.40057
5998.7422 1.30663
5999.8994 1.49797
6001.0571 1.33361
6002.2144 1.29336
6003.3716 1.39947
6004.5288 1.57058
6005.6865 1.28884
6006.8438 1.41194
6008.0015 1.20927
6009.1592 1.29597
6010.3164 1.32188
6011.4741 1.22525
6012.6318 1.30201
6013.7896 1.25284
6014.9473 1.38082
6016.105 1.22833
6017.2627 1.24097
6018.4209 1.30818
6019.5786 1.28402
6020.7368 1.1128
6021.8945 1.22058
6023.0527 1.186
6024.2109 1.11866
6025.3687 1.24332
6026.5269 1.15925
6027.6851 1.23519
6028.8433 1.26663
6030.0015 1.25499
6031.1597 1.37624
6032.3179 1.24489
6033.4766 1.21548
6034.6348 1.28348
6035.7935 1.40907
6036.9517 1.27028
6038.1104 1.39955
6039.269 1.16364
6040.4272 1.20446
6041.5859 1.27824
6042.7446 1.29444
6043.9033 1.13712
6045.062 1.17023
6046.2212 1.19919
6047.3799 1.23374
6048.5386 1.16836
6049.6973 1.04497
6050.8564 1.06817
6052.0156 1.19606
6053.1743 1.13587
6054.3335 1.08544
6055.4927 1.13083
6056.6519 1.28752
6057.811 1.2018
6058.9702 1.18723
6060.1294 1.04854
6061.2886 1.1592
6062.4478 1.00148
6063.6074 1.23443
6064.7666 1.35056
6065.9258 1.19621
6067.0854 1.29141
6068.2451 1.21256
6069.4043 1.08752
6070.564 1.28453
6071.7236 1.16418
6072.8833 1.23064
6074.043 1.15191
6075.2026 1.22502
6076.3623 1.18052
6077.5225 1.26205
6078.6821 1.22781
6079.8423 1.19559
6081.002 1.27774
6082.1621 1.15142
6083.3218 1.10117
6084.4819 1.09489
6085.6421 1.22088
6086.8022 1.22643
6087.9624 1.20638
6089.1226 1.13688
6090.2827 1.13337
6091.4429 1.33066
6092.603 1.22753
6093.7637 1.18443
6094.9238 1.18777
6096.0845 1.37998
6097.2446 1.22895
6098.4053 1.13267
6099.5659 1.37381
6100.7261 1.19458
6101.8867 1.13396
6103.0474 1.13703
6104.208 1.04103
6105.3691 1.17345
6106.5298 1.24283
6107.6904 1.2243
6108.8511 1.23978
6110.0122 1.09683
6111.1729 1.1517
6112.334 1.18697
6113.4951 1.1692
6114.6558 1.22352
6115.8169 1.1847
6116.978 1.2463
6118.1392 1.11249
6119.3003 1.26039
6120.4614 1.27111
6121.6226 1.13205
6122.7837 1.17597
6123.9453 1.08034
6125.1064 1.33764
6126.2681 1.13842
6127.4292 1.20971
6128.5908 1.12149
6129.7524 1.14449
6130.9136 1.21145
6132.0752 1.25089
6133.2368 1.19074
6134.3984 1.06078
6135.5601 1.16947
6136.7222 1.16423
6137.8838 1.18476
6139.0454 1.17282
6140.2075 1.14324
6141.3691 0.93838
6142.5312 1.21313
6143.6929 1.08119
6144.855 1.11685
6146.0171 1.14612
6147.1792 1.20326
6148.3413 1.29746
6149.5034 1.1812
6150.6655 1.18596
6151.8276 1.31081
6152.9897 1.16501
6154.1523 1.34822
6155.3145 1.02476
6156.4766 1.1015
6157.6392 1.28489
6158.8013 1.28879
6159.9639 1.22619
6161.1265 1.20186
6162.2891 1.23813
6163.4517 1.31233
6164.6143 1.30026
6165.7769 1.19982
6166.9395 1.18706
6168.1021 1.22854
6169.2651 1.19007
6170.4277 1.09688
6171.5903 1.27379
6172.7534 1.25266
6173.916 1.29162
6175.0791 1.15658
6176.2422 1.31668
6177.4053 1.194
6178.5684 1.22353
6179.731 1.3321
6180.8945 1.19935
6182.0576 1.15176
6183.2207 1.32837
6184.3838 1.09681
6185.5474 1.24128
6186.7104 1.29014
6187.874 1.23257
6189.0371 1.13576
6190.2007 1.25544
6191.3638 1.21103
6192.5273 1.3525
6193.6909 1.21801
6194.8545 1.17982
6196.0181 1.27914
6197.1816 1.09602
6198.3452 1.18788
6199.5093 1.19169
6200.6729 1.28393
6201.8364 1.12893
6203.0005 1.32311
6204.1641 1.29497
6205.3281 1.17229
6206.4922 1.13531
6207.6558 1.21115
6208.8198 1.0481
6209.9839 1.08483
6211.1479 1.26895
6212.312 1.20699
6213.4761 1.19228
6214.6406 1.19883
6215.8047 1.38206
6216.9688 1.12831
6218.1333 1.27717
6219.2974 1.32985
6220.4619 1.14345
6221.626 1.29232
6222.7905 1.18205
6223.9551 1.09469
6225.1196 1.17788
6226.2842 1.20977
6227.4487 1.16928
6228.6133 1.42704
6229.7778 1.20304
6230.9424 1.24877
6232.1074 1.27939
6233.272 1.35936
6234.4365 1.19462
6235.6016 1.25053
6236.7666 1.14154
6237.9312 0.98692
6239.0962 1.26724
6240.2612 1.26979
6241.4263 1.28792
6242.5913 1.32292
6243.7563 1.35009
6244.9214 1.27081
6246.0864 1.26017
6247.2515 1.2398
6248.417 1.35991
6249.582 1.19492
6250.7476 1.20705
6251.9126 1.18534
6253.0781 1.20123
6254.2437 1.19275
6255.4087 1.11233
6256.5742 1.3081
6257.7397 1.37865
6258.9053 1.14813
6260.0708 1.16331
6261.2368 1.46518
6262.4023 1.23897
6263.5679 1.27104
6264.7334 1.21167
6265.8994 1.319
6267.0649 1.28007
6268.231 1.21754
6269.397 1.20568
6270.5625 1.39228
6271.7285 1.30842
6272.8945 1.29234
6274.0605 1.3386
6275.2266 1.30517
6276.3926 1.26764
6277.5586 1.24582
6278.7251 1.26703
6279.8911 1.07115
6281.0571 1.23387
6282.2236 1.27455
6283.3896 1.17376
6284.5562 1.14838
6285.7227 1.10376
6286.8887 1.24532
6288.0552 1.24392
6289.2217 1.28209
6290.3882 1.11958
6291.5547 1.17629
6292.7212 1.27457
6293.8882 1.17691
6295.0547 1.16104
6296.2212 1.13577
6297.3882 1.17467
6298.5547 1.23018
6299.7217 1.46066
6300.8882 1.23263
6302.0552 1.3472
6303.2222 1.19607
6304.3887 1.23389
6305.5557 1.18186
6306.7227 1.16493
6307.8901 1.20799
6309.0571 1.18445
6310.2241 1.09022
6311.3911 1.31228
6312.5581 1.15235
6313.7256 1.20314
6314.8926 1.16222
6316.0601 1.27192
6317.2275 1.36057
6318.3945 1.27608
6319.562 1.19666
6320.7295 1.18864
6321.897 1.12093
6323.0645 1.16628
6324.2319 1.18068
6325.3994 1.07509
6326.5669 1.13512
6327.7349 1.32769
6328.9023 1.28172
6330.0698 1.21007
6331.2378 1.24037
6332.4053 1.2399
6333.5732 1.33336
6334.7412 1.32778
6335.9092 1.33612
6337.0767 1.22437
6338.2446 1.33477
6339.4126 1.24613
6340.5806 1.23129
6341.749 1.25647
6342.917 1.28315
6344.085 1.18233
6345.2529 1.35009
6346.4214 1.19681
6347.5894 1.18632
6348.7578 1.14502
6349.9263 1.28794
6351.0942 1.45081
6352.2627 1.21282
6353.4312 1.26775
6354.5996 1.24686
6355.7681 1.20915
6356.9365 1.30545
6358.105 1.33197
6359.2734 1.27193
6360.4424 1.15209
6361.6108 1.3472
6362.7793 1.37285
6363.9482 1.40579
6365.1167 1.32875
6366.2856 1.41955
6367.4546 1.09468
6368.6235 1.40688
6369.792 1.21197
6370.9609 1.39708
6372.1299 1.36457
6373.2988 1.25853
6374.4678 1.2471
6375.6372 1.34388
6376.8062 1.31636
6377.9751 1.40456
6379.1445 1.19493
6380.3135 1.18524
6381.4829 1.28658
6382.6519 1.25229
6383.8213 1.22814
6384.9907 1.31529
6386.1602 1.37284
6387.3291 1.13351
6388.499 1.40349
6389.668 1.21199
6390.8379 1.34039
6392.0073 1.27477
6393.1768 1.44588
6394.3462 1.35105
6395.5161 1.24448
6396.6855 1.32132
6397.8555 1.14583
6399.0249 1.28373
6400.1948 1.31819
6401.3647 1.32625
6402.5347 1.22343
6403.7041 1.31102
6404.874 1.36689
6406.0444 1.28233
6407.2144 1.33429
6408.3843 1.15511
6409.5542 1.43193
6410.7241 1.21013
6411.8945 1.24893
6413.0645 1.23218
6414.2349 1.22651
6415.4048 1.23968
6416.5752 1.28308
6417.7456 1.3868
6418.9155 1.30225
6420.0859 1.30082
6421.2563 1.3252
6422.4268 1.23364
6423.5972 1.40083
6424.7676 1.23286
6425.9385 1.30986
6427.1089 1.33443
6428.2793 1.28311
6429.4502 1.31015
6430.6206 1.34347
6431.7915 1.20779
6432.9619 1.36565
6434.1328 1.26588
6435.3037 1.2417
6436.4746 1.28017
6437.645 1.28864
6438.8159 1.24845
6439.9873 1.24366
6441.1582 1.17933
6442.3291 1.18015
6443.5 1.22875
6444.6709 1.20723
6445.8423 1.30638
6447.0132 1.2369
6448.1846 1.26874
6449.3555 1.29105
6450.5269 1.06128
6451.6982 1.19457
6452.8696 1.21225
6454.0405 1.18262
6455.2119 1.30019
6456.3833 1.32778
6457.5547 1.29596
6458.7261 1.35579
6459.8979 1.19722
6461.0693 1.24665
6462.2407 1.20128
6463.4126 1.11061
6464.584 1.07551
6465.7559 1.09161
6466.9272 1.22919
6468.0991 1.13671
6469.271 0.99657
6470.4429 1.07035
6471.6143 1.05804
6472.7866 1.10755
6473.9585 1.14934
6475.1304 1.15003
6476.3022 1.21654
6477.4741 1.11734
6478.646 1.16408
6479.8184 1.27078
6480.9902 1.06778
6482.1626 1.31247
6483.3345 1.22537
6484.5068 1.13696
6485.6792 1.25785
6486.8511 1.39147
6488.0234 1.19231
6489.1958 1.24962
6490.3682 1.09621
6491.5405 1.1197
6492.7129 1.22396
6493.8857 1.06349
6495.0581 1.17027
6496.2305 1.28241
6497.4033 1.30564
6498.5757 1.20068
6499.7485 1.17406
6500.9209 1.22193
6502.0938 1.08224
6503.2661 1.22219
6504.439 1.15567
6505.6118 1.20007
6506.7847 1.26576
6507.9575 1.13163
6509.1304 1.23094
6510.3032 1.24339
6511.4761 1.1097
6512.6494 1.20139
6513.8223 1.20204
6514.9951 1.1844
6516.1685 1.09923
6517.3413 1.12428
6518.5146 1.10311
6519.688 1.28156
6520.8613 0.97554
6522.0342 1.20305
6523.2075 1.24602
6524.3809 1.21584
6525.5542 1.11107
6526.7275 1.18267
6527.9009 1.15433
6529.0747 1.13109
6530.248 1.16352
6531.4214 1.25113
6532.5952 1.17073
6533.7686 1.24358
6534.9424 1.11401
6536.1157 1.18499
6537.2896 1.3135
6538.4634 1.14037
6539.6367 1.17025
6540.8105 1.29767
6541.9844 1.15881
6543.1582 1.13916
6544.332 1.24443
6545.5059 1.18879
6546.6802 1.17211
6547.854 1.24617
6549.0278 1.19497
6550.2021 1.0928
6551.376 1.12086
6552.5503 1.22206
6553.7241 1.21414
6554.8984 1.23679
6556.0728 1.18183
6557.2471 1.08427
6558.4214 1.29488
6559.5952 1.24669
6560.77 1.25451
6561.9443 1.04206
6563.1187 1.22139
6564.293 1.22465
6565.4673 1.06937
6566.6416 1.23051
6567.8164 1.22655
6568.9907 1.11152
6570.1655 1.12294
6571.3403 1.12039
6572.5146 1.14232
6573.6895 1.29473
6574.8643 1.21017
6576.0391 1.13296
6577.2134 1.27649
6578.3882 1.39139
6579.5635 1.07725
6580.7383 1.13216
6581.9131 1.22403
6583.0879 1.21617
6584.2627 1.14211
6585.438 1.16734
6586.6128 1.29677
6587.7881 1.24753
6588.9629 1.24483
6590.1382 1.21804
6591.3135 1.40457
6592.4888 1.04683
6593.6636 1.32008
6594.8389 1.22187
6596.0142 1.37311
6597.1899 1.18279
6598.3652 1.18362
6599.5405 1.26005
6600.7158 1.20665
6601.8911 1.11007
6603.0669 1.2347
6604.2422 1.22642
6605.418 1.1971
6606.5933 1.22957
6607.769 1.09424
6608.9448 1.21853
6610.1201 1.184
6611.2959 1.19456
6612.4717 1.14236
6613.6475 1.19462
6614.8232 1.07825
6615.999 1.11674
6617.1748 1.20555
6618.3506 1.1627
6619.5269 1.30186
6620.7026 1.16763
6621.8789 1.14218
6623.0547 1.16761
6624.2305 1.16076
6625.4067 1.18079
6626.583 1.31631
6627.7588 1.24486
6628.9351 1.16919
6630.1113 1.07638
6631.2876 1.11558
6632.4639 1.02689
6633.6401 1.17532
6634.8164 1.12077
6635.9927 1.08996
6637.1694 1.08479
6638.3457 1.2597
6639.522 1.08004
6640.6987 1.06585
6641.875 1.13309
6643.0518 1.19912
6644.2285 1.06363
6645.4048 1.15655
6646.5815 1.24747
6647.7583 1.05977
6648.9351 1.08287
6650.1118 1.19074
6651.2886 1.15089
6652.4653 1.15984
6653.6421 1.13801
6654.8188 1.06707
6655.9961 1.08722
6657.1729 1.13544
6658.3496 1.10579
6659.5269 1.06801
6660.7036 1.03854
6661.8809 1.06848
6663.0581 1.09949
6664.2349 1.1734
6665.4121 1.06923
6666.5894 1.09487
6667.7666 1.24194
6668.9438 1.27116
6670.1211 1.04756
6671.2983 1.21883
6672.4756 1.14533
6673.6528 1.12573
6674.8306 1.19532
6676.0078 1.09977
6677.1851 1.23078
6678.3628 0.97217
6679.5405 0.99109
6680.7178 1.11982
6681.8955 1.07771
6683.0732 1.14435
6684.2505 1.16743
6685.4282 1.00348
6686.606 1.05727
6687.7837 1.05449
6688.9614 0.96775
6690.1392 1.07675
6691.3169 1.1673
6692.4951 0.96955
6693.6729 1.07216
6694.8506 1.19053
6696.0288 1.08282
6697.2065 1.13197
6698.3848 1.05642
6699.5625 1.11674
6700.7407 1.07889
6701.9189 1.15356
6703.0972 0.96703
6704.2754 1.04468
6705.4536 1.06435
6706.6318 1.06289
6707.8101 1.21044
6708.9883 1.07029
6710.1665 1.09783
6711.3447 1.25021
6712.5234 1.22003
6713.7017 1.08459
6714.8799 1.14645
6716.0586 0.99393
6717.2368 1.15616
6718.4155 1.22205
6719.5942 0.94525
6720.7725 1.05123
6721.9512 1.09929
6723.1299 1.09215
6724.3086 1.10777
6725.4873 1.08919
6726.666 1.05983
6727.8447 1.24696
6729.0234 1.043
6730.2026 1.19821
6731.3813 1.16394
6732.5601 1.09403
6733.7393 1.20851
6734.918 1.11564
6736.0972 1.11191
6737.2759 1.06418
6738.4551 1.11965
6739.6343 1.20854
6740.8135 1.1456
6741.9922 1.06996
6743.1714 1.04861
6744.3506 1.01678
6745.5298 1.09179
6746.7095 1.16945
6747.8887 1.15113
6749.0679 1.02345
6750.2471 1.21697
6751.4268 1.13463
6752.606 1.15707
6753.7852 1.12937
6754.9648 1.1516
6756.1445 1.11139
6757.3237 1.05047
6758.5034 1.00348
6759.6831 1.1539
6760.8628 1.16306
6762.0425 1.16351
6763.2222 1.07178
6764.4019 1.28821
6765.5815 1.14425
6766.7612 1.09872
6767.9409 1.10988
6769.1206 1.05584
6770.3008 1.10321
6771.4805 1.07621
6772.6602 1.20781
6773.8403 1.35668
6775.0205 1.15713
6776.2002 1.07482
6777.3804 1.19698
6778.5605 1.21475
6779.7407 1.13768
6780.9204 1.10269
6782.1006 1.19468
6783.2808 1.13047
6784.4609 1.00932
6785.6416 1.2432
6786.8218 1.07259
6788.002 0.95727
6789.1821 1.19936
6790.3628 1.10228
6791.543 1.16298
6792.7236 1.1416
6793.9038 1.11642
6795.0845 1.26956
6796.2646 1.22759
6797.4453 1.17894
6798.626 1.02679
6799.8066 1.18251
6800.9873 1.16869
6802.168 1.08812
6803.3486 1.10895
6804.5293 1.24928
6805.71 1.04242
6806.8906 1.28206
6808.0713 1.15608
6809.2524 1.18639
6810.4331 1.1381
6811.6138 1.05699
6812.7949 1.0166
6813.9761 1.17739
6815.1567 1.01198
6816.3379 1.16293
6817.519 1.03548
6818.7002 1.22933
6819.8809 1.02647
6821.062 1.12322
6822.2432 0.99347
6823.4243 1.22306
6824.6055 1.0635
6825.7871 1.11786
6826.9683 1.25255
6828.1494 1.10888
6829.3306 1.10566
6830.5122 0.9848
6831.6934 1.21886
6832.875 1.12938
6834.0566 1.27434
6835.2378 1.03465
6836.4194 0.9504
6837.6011 1.21743
6838.7822 1.16509
6839.9639 1.0573
6841.1455 1.12461
6842.3271 1.1767
6843.5088 0.95526
6844.6904 1.09382
6845.8721 1.20432
6847.0542 1.0754
6848.2358 1.089
6849.4175 0.97078
6850.5996 1.24475
6851.7812 1.16585
6852.9634 1.15459
6854.145 1.2193
6855.3271 1.07527
6856.5093 1.14036
6857.6914 1.0978
6858.873 1.056
6860.0552 0.96979
6861.2373 1.187
6862.4194 1.15223
6863.6016 1.22978
6864.7837 1.10968
6865.9658 1.23089
6867.1484 1.1373
6868.3306 1.1883
6869.5127 1.09714
6870.6953 1.15047
6871.8774 1.22647
6873.0601 1.08017
6874.2422 1.01399
6875.4248 1.10517
6876.6074 1.13809
6877.7896 1.04234
6878.9722 1.1444
6880.1548 1.17167
6881.3374 1.19434
6882.52 1.13795
6883.7026 1.15758
6884.8853 1.14218
6886.0679 0.9778
6887.2505 1.22096
6888.4336 1.13675
6889.6162 1.0516
6890.7988 1.01433
6891.9819 1.08149
6893.1646 1.20547
6894.3477 1.06791
6895.5308 1.12222
6896.7134 1.06295
6897.8965 1.04513
6899.0796 1.07459
6900.2627 1.14709
6901.4458 0.93124
6902.6289 1.00034
6903.812 1.0997
6904.9951 1.08149
6906.1782 1.23669
6907.3613 1.16136
6908.5444 1.18337
6909.728 1.11012
6910.9111 1.10485
6912.0942 1.06513
6913.2778 1.18056
6914.4609 1.08649
6915.6445 1.1572
6916.8281 1.0258
6918.0112 1.16919
6919.1948 1.16804
6920.3784 1.12246
6921.562 0.96744
6922.7456 1.14432
6923.9292 0.90778
6925.1128 0.99472
6926.2964 1.21555
6927.48 1.07272
6928.6636 1.06366
6929.8472 0.99636
6931.0312 1.08351
6932.2148 1.05325
6933.3989 1.12172
6934.5825 1.17326
6935.7666 0.96726
6936.9502 0.97438
6938.1343 1.00677
6939.3184 1.02187
6940.5024 1.08655
6941.686 1.20274
6942.8701 1.15225
6944.0542 1.05386
6945.2383 1.09521
6946.4224 1.07029
6947.6064 1.0576
6948.791 1.07715
6949.9751 1.14365
6951.1592 0.9445
6952.3433 1.07925
6953.5278 1.03714
6954.7119 1.02754
6955.8965 1.02626
6957.0806 1.07476
6958.2651 1.07513
6959.4497 1.04071
6960.6338 1.00094
6961.8184 1.11307
6963.0029 1.22184
6964.1875 1.06916
6965.3721 1.20727
6966.5566 1.19196
6967.7412 1.11349
6968.9258 1.17968
6970.1104 1.07089
6971.2954 1.17476
6972.48 0.96041
6973.6646 1.12488
6974.8496 1.19293
6976.0342 1.04653
6977.2192 1.05907
6978.4038 1.09464
6979.5889 1.11907
6980.7734 1.08503
6981.9585 1.18076
6983.1436 0.967
6984.3286 1.01862
6985.5137 1.03765
6986.6987 1.06544
6987.8838 1.06749
6989.0688 1.08783
6990.2539 1.09205
6991.439 1.20583
6992.624 1.09322
6993.8091 1.05712
6994.9946 1.04993
6996.1797 1.13656
6997.3652 1.20011
6998.5503 1.12149
6999.7358 1.02642
7000.9209 1.09938
7002.1064 1.25042
7003.292 1.03188
7004.4775 1.09326
7005.6626 1.04523
7006.8481 1.06537
7008.0337 1.21454
7009.2192 0.99134
7010.4048 1.10149
7011.5903 1.07522
7012.7759 1.02891
7013.9619 1.10327
7015.1475 1.07881
7016.333 0.98665
7017.519 1.04946
7018.7046 1.07958
7019.8906 1.09673
7021.0762 1.1485
7022.2622 1.26685
7023.4478 1.15295
7024.6338 1.05625
7025.8198 1.14196
7027.0054 1.00533
7028.1914 1.11423
7029.3774 1.23889
7030.5635 1.05157
7031.7495 1.03477
7032.9355 1.12705
7034.1216 1.10122
7035.3081 1.14168
7036.4941 1.11652
7037.6802 1.13951
7038.8667 1.09678
7040.0527 1.09534
7041.2388 1.01428
7042.4253 1.10707
7043.6113 0.97258
7044.7979 1.13232
7045.9844 0.99269
7047.1704 1.15141
7048.3569 1.06959
7049.5435 1.18941
7050.73 1.01041
7051.9165 0.94247
7053.103 1.17633
7054.2896 1.0426
7055.4761 0.90951
7056.6626 1.06588
7057.8491 0.99693
7059.0361 1.00975
7060.2227 1.00596
7061.4092 1.17296
7062.5962 0.90783
7063.7827 1.03
7064.9697 1.09491
7066.1562 1.07618
7067.3433 0.81816
7068.5298 1.16084
7069.7168 0.94269
7070.9038 0.94134
7072.0908 0.94137
7073.2778 1.03831
7074.4648 1.03086
7075.6514 0.93587
7076.8384 1.10147
7078.0259 1.11017
7079.2129 1.048
7080.3999 0.85915
7081.5869 0.9361
7082.7739 0.96834
7083.9614 0.88506
7085.1484 0.94662
7086.3359 0.95977
7087.5229 0.84034
7088.7104 0.9802
7089.8975 0.87897
7091.085 0.82596
7092.2725 1.10874
7093.4595 0.88723
7094.647 0.92728
7095.8345 1.02096
7097.022 0.96997
7098.2095 1.02272
7099.397 0.89641
7100.5845 0.9514
7101.772 1.03699
7102.9595 0.9413
7104.1475 0.986
7105.335 0.80592
7106.5225 0.87739
7107.7104 1.00151
7108.8979 0.88634
7110.0859 0.95748
7111.2734 0.9371
7112.4614 0.85725
7113.6489 1.02028
7114.8369 1.00433
7116.0249 0.77983
7117.2124 0.82829
7118.4004 0.82601
7119.5884 0.91244
7120.7764 0.83901
7121.9644 0.91316
7123.1523 0.95122
7124.3403 0.9496
7125.5288 1.06789
7126.7168 1.0292
7127.9048 0.91755
7129.0928 0.76172
7130.2808 0.89192
7131.4692 1.11905
7132.6572 0.9647
7133.8457 0.988
7135.0337 0.99498
7136.2222 0.92351
7137.4106 1.00964
7138.5991 1.00866
7139.7871 0.90153
7140.9756 0.84303
7142.1641 0.95441
7143.3525 0.90677
7144.541 0.95193
7145.7295 0.94433
7146.918 1.0934
7148.1064 1.00777
7149.2949 0.9783
7150.4834 0.89088
7151.6719 0.97832
7152.8608 0.90675
7154.0493 0.86959
7155.2383 0.9612
7156.4268 1.07535
7157.6157 0.91144
7158.8042 1.03879
7159.9932 0.89298
7161.1816 1.01696
7162.3706 0.95828
7163.5596 1.07987
7164.7485 1.04824
7165.9375 0.89396
7167.126 0.89501
7168.3149 0.93041
7169.5039 0.92154
7170.6929 0.96715
7171.8823 0.97956
7173.0713 0.93916
7174.2603 1.04795
7175.4492 0.94004
7176.6382 0.98436
7177.8276 0.95663
7179.0166 0.97826
7180.2061 1.01536
7181.395 1.08883
7182.5845 0.95512
7183.7734 0.98388
7184.9629 0.96402
7186.1523 0.96996
7187.3413 1.05839
7188.5308 1.00099
7189.7202 1.01297
7190.9097 1.12661
7192.0991 1.11095
7193.2886 1.09641
7194.478 0.97127
7195.6675 1.13898
7196.8569 1.01645
7198.0464 0.97641
7199.2363 0.95071
7200.4258 0.96448
7201.6152 0.93755
7202.8047 0.91093
7203.9946 0.98001
7205.1841 1.00738
7206.374 0.96929
7207.5635 0.97207
7208.7534 0.97162
7209.9434 0.88148
7211.1333 0.98492
7212.3228 0.83725
7213.5127 0.96549
7214.7026 1.00971
7215.8926 0.98219
7217.0825 1.03146
7218.2725 0.95316
7219.4624 1.03943
7220.6523 1.03289
7221.8423 0.88359
7223.0322 0.89966
7224.2222 1.0793
7225.4126 0.97617
7226.6025 0.94695
7227.7925 0.86772
7228.9829 0.96131
7230.1733 0.90093
7231.3633 0.92795
7232.5537 0.98284
7233.7437 0.97645
7234.9341 0.98768
7236.1245 1.12787
7237.3145 0.89283
7238.5049 1.04397
7239.6953 1.05553
7240.8857 0.92811
7242.0762 1.03762
7243.2666 1.10951
7244.457 1.10619
7245.6475 0.90354
7246.8379 1.00632
7248.0283 0.90545
7249.2192 0.97075
7250.4097 1.04416
7251.6001 1.04086
7252.791 1.01661
7253.9814 0.872
7255.1719 0.99273
7256.3628 0.9902
7257.5537 0.98572
7258.7441 1.02829
7259.9351 1.01957
7261.1255 0.88994
7262.3164 1.06644
7263.5073 0.90632
7264.6982 1.02844
7265.8892 0.85215
7267.0801 1.03284
7268.271 0.95096
7269.4619 1.04422
7270.6528 0.88827
7271.8438 1.01612
7273.0347 0.92834
7274.2256 0.93803
7275.417 0.99403
7276.6079 0.95122
7277.7988 0.96993
7278.9902 1.10662
7280.1812 1.02896
7281.3726 0.92675
7282.5635 1.00653
7283.7549 0.84006
7284.9458 0.9974
7286.1372 1.03523
7287.3286 0.95977
7288.52 0.93365
7289.7109 0.96883
7290.9023 0.90753
7292.0938 0.96073
7293.2852 0.92182
7294.4766 1.02342
7295.668 0.92806
7296.8594 0.96582
7298.0508 0.92087
7299.2422 0.85897
7300.4341 0.92597
7301.6255 0.96012
7302.8169 0.79723
7304.0088 0.8714
7305.2002 0.9525
7306.3916 0.94867
7307.5835 0.95498
7308.7749 1.07375
7309.9668 0.8851
7311.1587 0.90841
7312.3501 1.07475
7313.542 0.86809
7314.7339 0.92845
7315.9258 0.83718
7317.1172 0.86084
7318.3091 0.9631
7319.501 1.03777
7320.6929 0.93395
7321.8848 0.90162
7323.0767 0.99253
7324.269 1.01721
7325.4609 0.86511
7326.6528 0.95052
7327.8447 0.95156
7329.0366 0.98734
7330.229 0.97973
7331.4209 0.86899
7332.6133 0.98653
7333.8052 0.91178
7334.9971 0.967
7336.1895 0.94763
7337.3818 0.98395
7338.5737 0.70407
7339.7661 0.99065
7340.9585 0.83873
7342.1509 0.95878
7343.3428 0.99639
7344.5352 0.86078
7345.7275 0.969
7346.9199 0.85093
7348.1123 0.75177
7349.3047 0.90179
7350.4971 0.91898
7351.6899 0.96342
7352.8823 0.98673
7354.0747 0.98493
7355.2671 0.91904
7356.4595 0.82967
7357.6523 0.94461
7358.8447 0.91179
7360.0376 0.81492
7361.23 0.97926
7362.4224 0.88583
7363.6152 0.87412
7364.8081 1.06889
7366.0005 0.88659
7367.1934 0.8706
7368.3862 0.94521
7369.5791 0.87232
7370.7715 0.83779
7371.9644 0.94853
7373.1572 0.96614
7374.3501 0.90722
7375.543 0.8476
7376.7358 0.9307
7377.9287 0.94291
7379.1216 0.99377
7380.3149 1.04057
7381.5078 0.88171
7382.7007 0.8386
7383.8936 0.98206
7385.0869 0.99662
7386.2798 0.86932
7387.4727 0.80926
7388.666 0.96407
7389.8589 0.921
7391.0522 0.81958
7392.2456 0.96448
7393.4385 0.99276
7394.6318 0.8468
7395.8252 0.92976
7397.0181 1.00392
7398.2114 0.97341
7399.4048 0.82524
7400.5981 0.85583
7401.7915 0.92723
7402.9849 0.89812
7404.1782 0.98422
7405.3716 0.86124
7406.5649 0.89359
7407.7583 0.78613
7408.9517 1.03055
7410.145 0.928
7411.3389 0.96675
7412.5322 0.88479
7413.7256 1.02104
7414.9194 0.95448
7416.1128 0.9081
7417.3066 0.82122
7418.5 0.95512
7419.6938 0.82959
7420.8872 0.92003
7422.0811 0.8902
7423.2749 0.77098
7424.4683 0.86785
7425.6621 0.75123
7426.856 0.98099
7428.0498 0.88495
7429.2432 1.04808
7430.437 0.91273
7431.6309 0.81394
7432.8247 0.96864
7434.019 0.97282
7435.2129 0.91944
7436.4067 0.9177
7437.6006 0.9352
7438.7944 0.80069
7439.9883 0.99089
7441.1826 0.89287
7442.3765 0.99426
7443.5703 0.80276
7444.7646 0.67289
7445.9585 0.89115
7447.1528 0.97218
7448.3467 0.84138
7449.541 0.86414
7450.7349 0.84756
7451.9292 0.91272
7453.1235 0.871
7454.3174 0.88972
7455.5117 0.83016
7456.7061 0.95835
7457.9004 0.85201
7459.0947 0.95637
7460.2891 0.859
7461.4834 0.91841
7462.6777 1.0465
7463.8721 0.83124
7465.0664 0.88581
7466.2607 0.98097
7467.4551 0.9187
7468.6494 0.83246
7469.8442 0.88816
7471.0386 0.8805
7472.2329 0.93349
7473.4277 0.9943
7474.6221 0.7287
7475.8164 1.00688
7477.0112 0.97087
7478.2056 0.96855
7479.4004 0.89182
7480.5952 0.89492
7481.7896 0.88717
7482.9844 1.01496
7484.1792 1.01261
7485.3735 0.95414
7486.5684 1.03652
7487.7632 1.1353
7488.958 1.07141
7490.1528 0.96919
7491.3477 1.05116
7492.5425 0.94416
7493.7373 0.84926
7494.9321 0.8828
7496.127 1.16454
7497.3218 0.93013
7498.5166 0.88371
7499.7114 0.80669
7500.9067 0.8626
7502.1016 0.93771
7503.2964 1.07543
7504.4917 1.03582
7505.6865 0.91503
7506.8818 1.0319
7508.0767 0.89041
7509.2715 0.89567
7510.4668 0.77292
7511.6621 0.95229
7512.8569 0.83438
7514.0522 0.98671
7515.2476 0.95409
7516.4424 0.92399
7517.6377 0.91927
7518.833 0.7757
7520.0283 0.8313
7521.2236 0.9886
7522.4189 0.87381
7523.6143 0.97225
7524.8096 0.93478
7526.0049 0.91224
7527.2002 0.91133
7528.3955 1.00165
7529.5908 0.92488
7530.7866 0.95487
7531.9819 0.87208
7533.1772 0.80117
7534.3726 0.92014
7535.5684 1.04639
7536.7637 1.05599
7537.9595 0.92706
7539.1548 0.85817
7540.3506 1.05372
7541.5459 0.8875
7542.7417 1.01866
7543.937 0.89622
7545.1328 0.86302
7546.3286 1.01249
7547.5239 1.02444
7548.7197 0.90588
7549.9155 0.91475
7551.1113 0.99095
7552.3071 0.96121
7553.5029 0.96889
7554.6987 0.98092
7555.8945 1.05312
7557.0903 1.10913
7558.2861 0.90423
7559.4819 0.96947
7560.6777 1.02659
7561.8735 0.98098
7563.0693 0.96649
7564.2651 0.98379
7565.4614 0.80834
7566.6572 0.86583
7567.853 1.02671
7569.0493 0.90579
7570.2451 0.80114
7571.4414 0.86062
7572.6372 0.96225
7573.8335 0.89026
7575.0293 0.99092
7576.2256 1.00603
7577.4214 0.84621
7578.6177 0.83522
7579.814 0.99476
7581.0098 0.97494
7582.2061 0.91052
7583.4023 0.94052
7584.5986 0.87594
7585.7949 0.84878
7586.9912 0.87348
7588.1875 0.94377
7589.3838 0.91854
7590.5801 0.93463
7591.7764 1.03064
7592.9727 0.8697
7594.1689 0.87337
7595.3652 0.8917
7596.5615 1.20596
7597.7583 1.06868
7598.9546 1.04086
7600.1509 1.06497
7601.3477 0.97228
7602.5439 0.91923
7603.7402 0.89701
7604.937 0.82895
7606.1333 0.84695
7607.3301 0.75131
7608.5264 0.75548
7609.7231 0.79705
7610.9199 0.73409
7612.1162 0.77895
7613.313 0.70282
7614.5098 0.74331
7615.7061 0.81011
7616.9028 0.83747
7618.0996 0.96402
7619.2964 0.88163
7620.4932 0.87271
7621.6899 1.0094
7622.8867 0.82918
7624.0835 0.84417
7625.2803 0.64834
7626.4771 0.71734
7627.6738 0.79137
7628.8706 0.75528
7630.0674 0.84836
7631.2642 0.95357
7632.4614 0.69766
7633.6582 0.79477
7634.855 0.74383
7636.0518 0.86135
7637.249 0.75429
7638.4458 0.73166
7639.6431 0.74488
7640.8398 0.8936
7642.0371 0.83175
7643.2339 0.7958
7644.4312 0.78288
7645.6279 0.86235
7646.8252 0.83879
7648.0225 0.80854
7649.2192 0.74565
7650.4165 0.72749
7651.6138 0.75035
7652.811 0.72038
7654.0083 0.79938
7655.2051 0.73962
7656.4023 0.83283
7657.5996 0.74975
7658.7969 0.80294
7659.9941 0.79825
7661.1914 0.80168
7662.3887 0.80976
7663.5859 0.84864
7664.7832 0.80114
7665.981 0.73495
7667.1782 0.88393
7668.3755 0.99026
7669.5728 0.79753
7670.7705 0.79707
7671.9678 0.74838
7673.165 0.76142
7674.3628 0.87021
7675.5601 0.84569
7676.7578 0.86812
7677.9551 0.93016
7679.1528 0.86051
7680.3501 0.88961
7681.5479 0.76426
7682.7451 0.90925
7683.9429 0.77564
7685.1406 0.87861
7686.3379 0.90279
7687.5356 0.9312
7688.7334 0.96752
7689.9312 0.81859
7691.1284 0.92141
7692.3262 0.73904
7693.5239 0.71776
7694.7217 0.92372
7695.9194 0.85663
7697.1172 0.77561
7698.3149 0.77268
7699.5127 0.83417
7700.7104 0.7909
7701.9082 0.84403
7703.106 0.89841
7704.3042 0.88546
7705.502 0.76066
7706.6997 0.79201
7707.8975 0.84643
7709.0957 0.88578
7710.2935 0.81692
7711.4912 0.95777
7712.6895 0.93979
7713.8872 0.83324
7715.0854 0.83455
7716.2832 0.85007
7717.4814 0.88943
7718.6792 0.7743
7719.8774 1.07523
7721.0752 0.82758
7722.2734 0.82995
7723.4717 0.78327
7724.6699 0.80333
7725.8677 0.88496
7727.0659 0.87652
7728.2642 0.91589
7729.4624 0.86927
7730.6602 0.8964
7731.8584 0.87507
7733.0566 1.04815
7734.2549 0.80132
7735.4531 0.88451
7736.6514 0.84792
7737.8496 0.96115
7739.0479 0.85239
7740.2461 0.9509
7741.4443 0.87299
7742.6431 0.90541
7743.8413 0.89081
7745.0396 0.94872
7746.2378 0.8305
7747.4365 0.77342
7748.6348 0.92825
7749.833 0.87785
7751.0317 0.93809
7752.23 0.93189
7753.4282 0.80541
7754.627 0.87925
7755.8252 0.77347
7757.0239 0.85875
7758.2222 0.77889
7759.4209 0.90503
7760.6191 0.8855
7761.8179 1.03147
7763.0166 0.94666
7764.2148 0.89305
7765.4136 0.95748
7766.6123 0.83053
7767.811 0.9038
7769.0093 0.91184
7770.208 0.77101
7771.4067 0.90417
7772.6055 0.83731
7773.8042 0.84932
7775.0029 0.8501
7776.2017 0.89046
7777.4004 0.8733
7778.5991 0.87604
7779.7979 0.90994
7780.9966 0.71027
7782.1953 0.75074
7783.394 0.74008
7784.5928 0.81371
7785.7915 0.77995
7786.9907 0.88033
7788.1895 0.84869
7789.3882 0.74005
7790.5869 0.84276
7791.7861 0.76659
7792.9849 0.86429
7794.1841 0.69506
7795.3828 0.87692
7796.5815 0.95875
7797.7808 0.90384
7798.9795 0.72889
7800.1787 0.83796
7801.3774 0.76364
7802.5767 0.87403
7803.7759 0.85631
7804.9746 0.90812
7806.1738 0.80794
7807.3726 0.87117
7808.5718 0.84346
7809.771 0.748
7810.9702 0.76081
7812.1694 0.93713
7813.3682 0.74236
7814.5674 0.80889
7815.7666 0.95951
7816.9658 0.78411
7818.165 0.80922
7819.3643 0.85366
7820.5635 0.85302
7821.7627 0.85569
7822.9619 0.73109
7824.1611 0.88236
7825.3604 0.76519
7826.5596 0.80668
7827.7588 0.83089
7828.9585 0.88159
7830.1577 0.82291
7831.3569 0.69733
7832.5562 0.80409
7833.7554 0.8816
7834.9551 0.73683
7836.1543 0.8448
7837.354 0.79315
7838.5532 0.76529
7839.7524 0.76418
7840.9521 0.87772
7842.1514 0.78369
7843.3511 0.8117
7844.5503 0.73551
7845.75 0.74184
7846.9492 0.7944
7848.1489 0.76384
7849.3486 0.88486
7850.5479 0.75622
7851.7476 0.60399
7852.9468 0.68225
7854.1465 0.73746
7855.3462 0.65517
7856.5459 0.94293
7857.7456 0.88815
7858.9448 0.86046
7860.1445 0.7956
7861.3442 0.89089
7862.5439 0.92784
7863.7437 0.99966
7864.9434 0.86546
7866.1431 0.84627
7867.3428 0.87668
7868.5425 0.67244
7869.7422 0.71679
7870.9419 0.8091
7872.1416 0.85161
7873.3413 0.73965
7874.541 0.71714
7875.7407 0.83689
7876.9409 0.67565
7878.1406 0.8301
7879.3403 0.80218
7880.54 0.8813
7881.7402 0.77649
7882.9399 0.82859
7884.1396 0.73997
7885.3398 0.7853
7886.5396 0.6978
7887.7393 0.8296
7888.9395 0.71091
7890.1392 0.74637
7891.3394 0.73013
7892.5391 0.81061
7893.7393 0.67459
7894.939 0.80626
7896.1392 0.8488
7897.3389 0.85063
7898.5391 0.77708
7899.7393 0.82812
7900.939 0.93161
7902.1392 0.78187
7903.3394 0.75287
7904.5396 0.80691
7905.7393 0.76708
7906.9395 0.79306
7908.1396 0.88126
7909.3398 0.82421
7910.54 0.85031
7911.7402 0.84067
7912.9404 0.92902
7914.1406 1.00438
7915.3403 1.01888
7916.5405 0.67228
7917.7407 0.82164
7918.9409 0.78758
7920.1411 0.75554
7921.3418 0.78018
7922.542 0.92865
7923.7422 0.77434
7924.9424 1.02912
7926.1426 0.83244
7927.3428 0.85539
7928.543 0.88742
7929.7437 0.81197
7930.9438 0.90337
7932.144 0.78095
7933.3447 0.80946
7934.5449 0.80568
7935.7451 0.82634
7936.9458 0.79145
7938.146 0.76555
7939.3462 0.9071
7940.5469 0.85734
7941.7471 0.78153
7942.9478 0.73409
7944.1479 0.7918
7945.3486 0.70314
7946.5488 0.84667
7947.7495 0.69806
7948.9497 0.82752
7950.1504 0.90854
7951.3511 0.83284
7952.5513 0.97637
7953.752 0.83292
7954.9526 0.92051
7956.1528 0.74293
7957.3535 0.85847
7958.5542 0.80761
7959.7549 1.00746
7960.9551 0.93331
7962.1558 0.73713
7963.3564 0.77524
7964.5571 0.81358
7965.7578 0.77436
7966.9585 0.73918
7968.1592 0.81299
7969.3599 0.70142
7970.5601 0.8729
7971.7612 0.85939
7972.9619 0.85669
7974.1626 0.97956
7975.3633 0.85761
7976.564 0.89054
7977.7646 0.82801
7978.9653 0.77604
7980.166 0.91233
7981.3667 0.8079
7982.5674 0.9024
7983.7686 0.82139
7984.9692 0.71719
7986.1699 0.82382
7987.3706 0.86093
7988.5718 0.72913
7989.7725 0.95468
7990.9731 0.67197
7992.1743 0.85131
7993.375 0.8979
7994.5757 0.89038
7995.7769 0.88977
7996.9775 0.91534
7998.1787 0.7524
7999.3794 0.78916
8000.5801 0.76357
8001.7812 0.8108
8002.9824 0.71907
8004.1831 0.77317
8005.3843 0.74102
8006.585 0.72979
8007.7861 0.72909
8008.9868 0.81777
8010.188 0.85981
8011.3892 0.85946
8012.5898 0.78885
8013.791 0.75551
8014.9922 0.65169
8016.1929 0.65138
8017.394 0.75859
8018.5952 0.74639
8019.7964 0.82787
8020.9976 0.81214
8022.1987 0.73916
8023.3994 0.79324
8024.6006 0.60742
8025.8018 0.76855
8027.0029 0.76423
8028.2041 0.83031
8029.4053 0.63828
8030.6064 0.70314
8031.8076 0.71466
8033.0088 0.68912
8034.21 0.75285
8035.4111 0.78597
8036.6123 0.66199
8037.8135 0.7707
8039.0146 0.77088
8040.2158 0.6104
8041.417 0.8287
8042.6182 0.74333
8043.8198 0.72367
8045.021 0.81279
8046.2222 0.75753
8047.4233 0.72053
8048.625 0.87025
8049.8262 0.64969
8051.0273 0.79604
8052.2285 0.82628
8053.4302 0.7357
8054.6313 0.81008
8055.8325 0.82369
8057.0342 0.74007
8058.2354 0.79328
8059.4365 0.8366
8060.6382 0.87258
8061.8394 0.68734
8063.041 0.84775
8064.2422 0.76682
8065.4438 0.74223
8066.645 0.79964
8067.8467 0.79976
8069.0479 0.79836
8070.2495 0.81011
8071.4507 0.87061
8072.6523 0.73854
8073.854 0.822
8075.0552 0.73368
8076.2568 0.81972
8077.458 0.67354
8078.6597 0.718
8079.8613 0.7566
8081.063 0.8416
8082.2642 0.82532
8083.4658 0.87836
8084.6675 0.79386
8085.8691 0.77397
8087.0703 0.69164
8088.272 0.72056
8089.4736 0.84237
8090.6753 0.80042
8091.877 0.78255
8093.0786 0.72957
8094.2798 0.83548
8095.4814 0.80829
8096.6831 0.81428
8097.8848 0.71587
8099.0864 0.72181
8100.2881 0.84124
8101.4897 0.8032
8102.6914 0.66342
8103.8931 0.68629
8105.0947 0.84146
8106.2964 0.70997
8107.498 0.8173
8108.6997 0.80535
8109.9014 0.71738
8111.1035 0.82063
8112.3052 0.7548
8113.5068 0.78627
8114.7085 0.68534
8115.9102 0.73809
8117.1118 0.66987
8118.3135 0.82302
8119.5156 0.7898
8120.7173 0.75234
8121.9189 0.75653
8123.1206 0.67907
8124.3228 0.64233
8125.5244 0.75989
8126.7261 0.79571
8127.9282 0.73464
8129.1299 0.68813
8130.3315 0.73903
8131.5337 0.78673
8132.7354 0.71786
8133.937 0.69785
8135.1392 0.7823
8136.3408 0.76902
8137.543 0.73919
8138.7446 0.66102
8139.9468 0.80108
8141.1484 0.74187
8142.3506 0.83638
8143.5522 0.72107
8144.7544 0.68461
8145.9561 0.67861
8147.1582 0.74868
8148.3599 0.69069
8149.562 0.69598
8150.7637 0.74561
8151.9658 0.76767
8153.168 0.62345
8154.3696 0.78107
8155.5718 0.76488
8156.7739 0.77667
8157.9756 0.78011
8159.1777 0.69128
8160.3799 0.82096
8161.582 0.79137
8162.7837 0.70501
8163.9858 0.84992
8165.188 0.75138
8166.3901 0.67449
8167.5918 0.74573
8168.7939 0.72825
8169.9961 0.72991
8171.1982 0.81466
8172.4004 0.79351
8173.6025 0.83139
8174.8042 0.79437
8176.0063 0.77762
8177.2085 0.7109
8178.4106 0.81451
8179.6128 0.78443
8180.8149 0.72272
8182.0171 0.84636
8183.2192 0.83138
8184.4214 0.73291
8185.6235 0.73891
8186.8257 0.8536
8188.0278 0.81098
8189.23 0.73989
8190.4321 0.83826
8191.6343 0.65584
8192.8359 0.75721
8194.0381 0.77873
8195.2402 0.84539
8196.4434 0.78309
8197.6455 0.7101
8198.8477 0.67719
8200.0498 0.79685
8201.252 0.71608
8202.4541 0.85468
8203.6562 0.80582
8204.8584 0.79825
8206.0605 0.86101
8207.2627 0.86746
8208.4648 0.92949
8209.668 0.72171
8210.8701 0.80265
8212.0723 0.71287
8213.2744 0.81871
8214.4766 0.71365
8215.6787 0.74677
8216.8809 0.80082
8218.083 0.78727
8219.2861 0.7925
8220.4883 0.8156
8221.6904 0.72623
8222.8926 0.73942
8224.0947 0.78957
8225.2969 0.81048
8226.5 0.78123
8227.7021 0.67566
8228.9043 0.84925
8230.1064 0.76675
8231.3096 0.82865
8232.5117 0.80752
8233.7139 0.68558
8234.916 0.75681
8236.1182 0.84753
8237.3213 0.73692
8238.5234 0.94876
8239.7256 0.76878
8240.9277 0.88456
8242.1309 0.79933
8243.333 0.81753
8244.5352 0.84322
8245.7383 0.89426
8246.9404 0.91162
8248.1426 0.78173
8249.3447 0.92167
8250.5479 0.80935
8251.75 0.7971
8252.9521 0.79686
8254.1553 0.76963
8255.3574 0.81638
8256.5596 0.87229
8257.7627 0.77328
8258.9648 0.82754
8260.167 0.80247
8261.3701 0.85852
8262.5723 0.71864
8263.7744 0.72507
8264.9775 0.84773
8266.1797 0.84392
8267.3818 0.8076
8268.585 0.81871
8269.7871 0.78871
8270.9902 0.70631
8272.1924 0.8028
8273.3945 0.7894
8274.5977 0.74525
8275.7998 0.7805
8277.002 0.85783
8278.2051 0.8827
8279.4072 0.78513
8280.6104 0.87341
8281.8125 0.92343
8283.0156 0.7387
8284.2178 0.64494
8285.4199 0.82991
8286.623 0.6906
8287.8252 0.80439
8289.0283 0.80562
8290.2305 0.75136
8291.4336 0.87618
8292.6357 0.69836
8293.8389 0.76195
8295.041 0.63326
8296.2441 0.77176
8297.4463 0.78871
8298.6494 0.76662
8299.8516 0.72631
8301.0547 0.78406
8302.2568 0.78214
8303.46 0.61924
8304.6621 0.68001
8305.8652 0.72526
8307.0674 0.72376
8308.2705 0.71858
8309.4727 0.79046
8310.6758 0.70858
8311.8779 0.71989
8313.0811 0.69466
8314.2832 0.6313
8315.4863 0.63307
8316.6885 0.63245
8317.8916 0.68235
8319.0938 0.743
8320.2969 0.6256
8321.499 0.68053
8322.7021 0.6953
8323.9053 0.74228
8325.1074 0.70048
8326.3105 0.69076
8327.5127 0.62986
8328.7158 0.7277
8329.918 0.75361
8331.1211 0.67687
8332.3242 0.75582
8333.5264 0.66927
8334.7295 0.70632
8335.9316 0.62257
8337.1348 0.72698
8338.3379 0.72756
8339.54 0.68363
8340.7432 0.74319
8341.9453 0.84273
8343.1484 0.5833
8344.3516 0.70764
8345.5537 0.82923
8346.7568 0.76984
8347.96 0.85077
8349.1621 0.839
8350.3652 0.6836
8351.5684 0.76582
8352.7705 0.80944
8353.9736 0.67642
8355.1768 0.73424
8356.3789 0.79079
8357.582 0.69632
8358.7852 0.76343
8359.9873 0.63908
8361.1904 0.71504
8362.3936 0.74086
8363.5957 0.70774
8364.7988 0.70073
8366.002 0.65448
8367.2041 0.76444
8368.4072 0.73262
8369.6104 0.79821
8370.8125 0.71711
8372.0156 0.67008
8373.2188 0.84879
8374.4209 0.74415
8375.624 0.84786
8376.8271 0.78505
8378.0293 0.84951
8379.2324 0.98782
8380.4355 0.82633
8381.6387 0.77053
8382.8408 0.78084
8384.0439 0.84315
8385.2471 0.84342
8386.4492 0.80147
8387.6523 0.78659
8388.8555 0.75574
8390.0586 0.88354
8391.2607 0.84089
8392.4639 0.98126
8393.667 0.8208
8394.8701 0.71623
8396.0723 0.84363
8397.2754 0.76804
8398.4785 0.95359
8399.6816 1.01866
8400.8838 0.89536
8402.0869 0.78914
8403.29 0.78204
8404.4932 0.87546
8405.6953 0.81869
8406.8984 0.77286
8408.1016 0.81823
8409.3047 0.84414
8410.5068 0.75074
8411.71 0.73697
8412.9131 0.71112
8414.1162 0.62208
8415.3193 0.68349
8416.5215 0.75504
8417.7246 0.7085
8418.9277 0.76688
8420.1309 0.74025
8421.333 0.60131
8422.5361 0.79703
8423.7393 0.68813
8424.9424 0.84864
8426.1455 0.72048
8427.3477 0.70168
8428.5508 0.77043
8429.7539 0.67573
8430.957 0.63202
8432.1602 0.69991
8433.3623 0.72224
8434.5654 0.72485
8435.7686 0.73146
8436.9717 0.6584
8438.1748 0.65298
8439.377 0.61855
8440.5801 0.65709
8441.7832 0.69212
8442.9863 0.75229
8444.1895 0.68219
8445.3916 0.6892
8446.5947 0.70688
8447.7979 0.67086
8449.001 0.76595
8450.2041 0.72821
8451.4072 0.77191
8452.6094 0.69592
8453.8125 0.7198
8455.0156 0.77426
8456.2188 0.60909
8457.4219 0.66666
8458.624 0.79196
8459.8271 0.73248
8461.0303 0.7003
8462.2334 0.64352
8463.4365 0.71778
8464.6396 0.80928
8465.8428 0.57765
8467.0449 0.59212
8468.248 0.60389
8469.4512 0.74298
8470.6543 0.78414
8471.8574 0.77154
8473.0605 0.65724
8474.2627 0.66301
8475.4658 0.75725
8476.6689 0.67687
8477.8721 0.64945
8479.0752 0.70874
8480.2783 0.67951
8481.4805 0.79858
8482.6836 0.80862
8483.8867 0.80778
8485.0898 0.70612
8486.293 0.72329
8487.4961 0.82518
8488.6992 0.72787
8489.9014 0.79779
8491.1045 0.79988
8492.3076 0.73387
8493.5107 0.78967
8494.7139 0.85203
8495.917 0.8426
8497.1191 0.8294
8498.3223 0.77038
8499.5254 0.82112
8500.7285 0.78437
8501.9316 0.90428
8503.1348 0.75355
8504.3379 0.84647
8505.54 0.74727
8506.7432 0.72725
8507.9463 0.86056
8509.1494 0.90326
8510.3525 0.86042
8511.5557 0.82196
8512.7588 0.86579
8513.9609 0.91002
8515.1641 0.72802
8516.3672 0.88644
8517.5703 0.78832
8518.7734 0.79813
8519.9766 0.77309
8521.1797 0.81563
8522.3818 0.7562
8523.585 0.73969
8524.7881 0.75963
8525.9912 0.69004
8527.1943 0.74432
8528.3975 0.72255
8529.6006 0.84837
8530.8027 0.77662
8532.0059 0.91636
8533.209 0.81392
8534.4121 0.68136
8535.6152 0.73675
8536.8184 0.78969
8538.0215 0.77657
8539.2236 0.71307
8540.4268 0.70007
8541.6299 0.79544
8542.833 0.78234
8544.0361 0.8738
8545.2393 0.7213
8546.4414 0.71292
8547.6445 0.7857
8548.8477 0.70286
8550.0508 0.71155
8551.2539 0.80079
8552.457 0.78912
8553.6602 0.67259
8554.8623 0.78105
8556.0654 0.76455
8557.2686 0.72816
8558.4717 0.79213
8559.6748 0.67929
8560.8779 0.70719
8562.0801 0.70231
8563.2832 0.71096
8564.4863 0.67791
8565.6895 0.75814
8566.8926 0.6772
8568.0957 0.7316
8569.2979 0.67873
8570.501 0.74502
8571.7041 0.74191
8572.9072 0.65683
8574.1104 0.62305
8575.3135 0.80736
8576.5156 0.73228
8577.7188 0.67051
8578.9219 0.76008
8580.125 0.68843
8581.3281 0.78872
8582.5312 0.705
8583.7334 0.75401
8584.9365 0.7819
8586.1396 0.79907
8587.3428 0.78127
8588.5459 0.81149
8589.748 0.74211
8590.9512 0.70206
8592.1543 0.79311
8593.3574 0.77342
8594.5605 0.8797
8595.7627 0.70735
8596.9658 0.65917
8598.1689 0.84264
8599.3721 0.86045
8600.5752 0.76482
8601.7773 0.86759
8602.9805 0.71861
8604.1836 0.8029
8605.3867 0.68319
8606.5898 0.78325
8607.792 0.72405
8608.9951 0.7372
8610.1982 0.68169
8611.4014 0.76064
8612.6045 0.77913
8613.8066 0.69843
8615.0098 0.90201
8616.2129 0.73875
8617.416 0.83839
8618.6182 0.8824
8619.8213 0.74456
8621.0244 0.83455
8622.2275 0.79659
8623.4307 0.71027
8624.6328 0.73633
8625.8359 0.87987
8627.0391 0.81546
8628.2422 0.86144
8629.4443 0.89578
8630.6475 0.85075
8631.8506 0.80795
8633.0537 0.78243
8634.2559 0.76458
8635.459 0.88095
8636.6621 0.7718
8637.8652 0.83783
8639.0674 0.89667
8640.2705 0.95077
8641.4736 0.92858
8642.6758 0.8282
8643.8789 0.9782
8645.082 0.90653
8646.2852 1.02965
8647.4873 0.92134
8648.6904 0.92453
8649.8936 0.94525
8651.0967 0.93921
8652.2988 0.90426
8653.502 0.83921
8654.7051 0.74888
8655.9072 0.79911
8657.1104 0.84823
8658.3135 0.84441
8659.5156 0.71061
8660.7188 0.83543
8661.9219 1.01137
8663.124 0.884
8664.3271 0.68942
8665.5303 0.84441
8666.7334 0.80856
8667.9355 0.94469
8669.1387 0.92325
8670.3418 0.85299
8671.5439 0.92457
8672.7471 0.79358
8673.9502 0.83135
8675.1523 0.83108
8676.3555 0.78111
8677.5586 0.90747
8678.7607 0.77407
8679.9639 0.90213
8681.166 0.88988
8682.3691 0.88192
8683.5723 0.78311
8684.7744 0.88762
8685.9775 0.92209
8687.1807 0.90602
8688.3828 0.90343
8689.5859 0.87099
8690.7891 0.75671
8691.9912 0.82446
8693.1943 0.81714
8694.3965 0.9222
8695.5996 0.90741
8696.8027 0.9296
8698.0049 0.94798
8699.208 0.88991
8700.4102 0.90765
8701.6133 0.93911
8702.8164 0.911
8704.0186 0.94078
8705.2217 1.03212
8706.4238 1.00138
8707.627 0.95058
8708.8301 0.94589
8710.0322 0.95845
8711.2354 0.93612
8712.4375 1.05224
8713.6406 0.97952
8714.8428 0.92103
8716.0459 0.90025
8717.248 0.94455
8718.4512 1.09334
8719.6533 1.18764
8720.8564 0.95267
8722.0596 0.99913
8723.2617 0.97248
8724.4648 1.00228
8725.667 1.006
8726.8701 1.06098
8728.0723 0.99374
8729.2754 1.04264
8730.4775 0.98928
8731.6807 1.03292
8732.8828 0.85646
8734.0859 0.88105
8735.2881 0.88058
8736.4912 0.83284
8737.6934 0.87877
8738.8965 0.92628
8740.0986 0.95741
8741.3008 0.91607
8742.5039 0.87375
8743.7061 0.9062
8744.9092 0.95099
8746.1113 0.97049
8747.3145 0.86424
8748.5166 0.8694
8749.7197 1.01477
8750.9219 0.88403
8752.124 0.89815
8753.3271 0.94585
8754.5293 0.78731
8755.7324 0.89388
8756.9346 0.82192
8758.1377 0.8129
8759.3398 0.83506
8760.542 0.82582
8761.7451 0.76069
8762.9473 0.6812
8764.1494 1.03923
8765.3525 0.84199
8766.5547 0.83259
8767.7578 0.64156
8768.96 0.61878
8770.1621 0.96779
8771.3652 0.75562
8772.5674 0.72333
8773.7695 0.76237
8774.9727 0.82118
8776.1748 0.80166
8777.377 0.94276
8778.5801 0.77575
8779.7822 0.83362
8780.9844 0.77806
8782.1875 0.75293
8783.3896 0.7836
8784.5918 0.81808
8785.7949 0.71662
8786.9971 0.72194
8788.1992 0.80759
8789.4023 0.721
8790.6045 0.69317
8791.8066 0.82117
8793.0088 0.7965
8794.2119 0.67065
8795.4141 0.66003
8796.6162 0.79876
8797.8184 0.75535
8799.0215 0.67929
8800.2236 0.7269
8801.4258 0.78436
8802.6279 0.68464
8803.8311 0.68678
8805.0332 0.86805
8806.2354 0.84382
8807.4375 0.76069
8808.6396 0.817
8809.8428 0.80924
8811.0449 0.74695
8812.2471 0.80454
8813.4492 0.79803
8814.6514 0.78169
8815.8545 0.83522
8817.0566 0.87083
8818.2588 0.72511
8819.4609 0.85076
8820.6631 0.83948
8821.8652 0.87349
8823.0684 0.87646
8824.2705 0.84403
8825.4727 0.71943
8826.6748 0.91558
8827.877 0.56404
8829.0791 0.59779
8830.2812 0.6408
8831.4834 0.82733
8832.6855 0.82287
8833.8887 0.78738
8835.0908 0.78821
8836.293 0.61138
8837.4951 0.57092
8838.6973 0.77299
8839.8994 0.82412
8841.1016 0.70521
8842.3037 0.75124
8843.5059 0.72622
8844.708 0.76422
8845.9102 0.72615
8847.1123 0.69847
8848.3145 0.8554
8849.5166 0.80335
8850.7188 0.80729
8851.9209 0.70003
8853.123 0.74756
8854.3252 0.7133
8855.5273 0.73319
8856.7295 0.69644
8857.9316 0.6959
8859.1338 0.72754
8860.3359 0.76679
8861.5381 0.81905
8862.7402 0.71693
8863.9424 0.80793
8865.1445 0.7226
8866.3467 0.81957
8867.5488 0.79059
8868.751 0.68089
8869.9531 0.80895
8871.1553 0.80617
8872.3564 0.83412
8873.5586 0.8174
8874.7607 0.81739
8875.9629 0.7745
8877.165 0.71712
8878.3672 0.83689
8879.5693 0.86193
8880.7715 0.73042
8881.9727 0.8273
8883.1748 0.7287
8884.377 0.69062
8885.5791 0.76746
8886.7812 0.68043
8887.9824 0.83239
8889.1846 0.709
8890.3867 0.77096
8891.5889 0.73059
8892.791 0.68516
8893.9932 0.69933
8895.1943 0.76211
8896.3965 0.6802
8897.5986 0.66724
8898.8008 0.66915
8900.002 0.75286
8901.2041 0.88591
8902.4062 0.64626
8903.6074 0.67579
8904.8096 0.6971
8906.0117 0.65525
8907.2139 0.7053
8908.415 0.71367
8909.6172 0.78045
8910.8193 0.64818
8912.0205 0.68206
8913.2227 0.70181
8914.4248 0.73547
8915.626 0.79824
8916.8281 0.57165
8918.0303 0.88329
8919.2314 0.63524
8920.4336 0.7766
8921.6357 0.54866
8922.8369 0.7308
8924.0391 0.6359
8925.2402 0.72867
8926.4424 0.79959
8927.6445 0.74203
8928.8457 0.61851
8930.0479 0.72723
8931.249 0.70982
8932.4512 0.66844
8933.6523 0.72034
8934.8545 0.76411
8936.0566 0.75448
8937.2578 0.73408
8938.46 0.71595
8939.6611 0.79948
8940.8633 0.79758
8942.0645 0.71676
8943.2666 0.77072
8944.4678 0.78597
8945.6699 0.74282
8946.8711 0.73283
8948.0732 0.71402
8949.2744 0.7984
8950.4756 0.77221
8951.6777 0.71424
8952.8789 0.76152
8954.0811 0.72542
8955.2822 0.83807
8956.4844 0.68506
8957.6855 0.46038
8958.8867 0.71669
8960.0889 0.73043
8961.29 0.93818
8962.4922 0.78512
8963.6934 0.79155
8964.8945 0.76151
8966.0967 0.63348
8967.2979 0.72397
8968.499 0.73252
8969.7012 0.69043
8970.9023 0.77036
8972.1035 0.6226
8973.3057 0.75294
8974.5068 0.69915
8975.708 0.6936
8976.9092 0.67772
8978.1113 0.76675
8979.3125 0.80875
8980.5137 0.71164
8981.7148 0.68703
8982.917 0.72826
8984.1182 0.71739
8985.3193 0.74407
8986.5205 0.81711
8987.7227 0.70084
8988.9238 0.6153
8990.125 0.79661
8991.3262 0.75783
8992.5273 0.65838
8993.7285 0.71082
8994.9307 0.78143
8996.1318 0.6501
8997.333 0.72116
8998.5342 0.75015
8999.7354 0.68253
9000.9365 0.68837
9002.1377 0.59246
9003.3389 0.70468
9004.541 0.6741
9005.7422 0.70114
9006.9434 0.70286
9008.1445 0.68917
9009.3457 0.6945
9010.5469 0.62018
9011.748 0.79206
9012.9492 0.75089
9014.1504 0.70788
9015.3516 0.73781
9016.5527 0.71598
9017.7539 0.72807
9018.9551 0.7316
9020.1562 0.79938
9021.3574 0.87
9022.5586 0.75113
9023.7598 0.81955
9024.9609 0.73757
9026.1621 0.71361
9027.3633 0.77436
9028.5645 0.87261
9029.7646 0.76847
9030.9658 0.76505
9032.167 0.85327
9033.3682 0.7501
9034.5693 0.81058
9035.7705 0.80808
9036.9717 0.78734
9038.1729 0.84029
9039.373 0.68481
9040.5742 0.6868
9041.7754 0.9337
9042.9766 0.77434
9044.1777 0.76909
9045.3779 0.75282
9046.5791 0.85633
9047.7803 0.85256
9048.9814 0.80246
9050.1826 0.68088
9051.3828 0.85541
9052.584 0.72655
9053.7852 0.83748
9054.9863 0.85324
9056.1865 0.82904
9057.3877 0.74006
9058.5889 0.87984
9059.7891 0.77171
9060.9902 0.80301
9062.1914 0.86699
9063.3916 0.87434
9064.5928 0.83493
9065.7939 0.91045
9066.9941 0.8746
9068.1953 0.80335
9069.3965 0.81495
9070.5967 0.78863
9071.7979 0.74989
9072.998 0.82319
9074.1992 0.79492
9075.3994 0.87307
9076.6006 0.91268
9077.8018 0.87612
9079.002 0.79608
9080.2031 0.77951
9081.4033 0.83694
9082.6045 0.8674
9083.8047 0.84314
9085.0059 0.88338
9086.2061 0.84493
9087.4072 0.7574
9088.6074 0.86484
9089.8076 0.86419
9091.0088 0.85412
9092.209 0.79713
9093.4102 0.81002
9094.6104 0.87484
9095.8115 0.81722
9097.0117 0.86465
9098.2119 0.78765
9099.4131 0.74343
9100.6133 0.84386
9101.8135 0.80502
9103.0146 0.71341
9104.2148 0.75034
9105.415 0.77527
9106.6162 0.81194
9107.8164 0.71814
9109.0166 0.77525
9110.2178 0.77327
9111.418 0.86597
9112.6182 0.87276
9113.8184 0.7691
9115.0195 0.79414
9116.2197 0.79454
9117.4199 0.78577
9118.6201 0.78395
9119.8203 0.72196
9121.0215 0.80627
9122.2217 0.80902
9123.4219 0.81694
9124.6221 0.80664
9125.8223 0.79189
9127.0234 0.75845
9128.2236 0.82475
9129.4238 0.80858
9130.624 0.79106
9131.8242 0.74639
9133.0244 0.85363
9134.2246 0.78863
9135.4248 0.79922
9136.625 0.72567
9137.8252 0.75812
9139.0254 0.81421
9140.2256 0.91691
9141.4258 0.84344
9142.626 0.82041
9143.8262 0.8757
9145.0264 0.86528
9146.2266 0.79533
9147.4268 0.9211
9148.627 0.8148
9149.8271 0.83792
9151.0273 0.80725
9152.2275 0.88803
9153.4277 0.7713
9154.6279 0.80218
9155.8281 0.84145
9157.0283 0.70464
9158.2285 0.85578
9159.4277 0.80555
9160.6279 0.81965
9161.8281 0.89399
9163.0283 0.82868
9164.2285 0.91793
9165.4287 0.79537
9166.6279 0.8688
9167.8281 0.82543
9169.0283 0.85405
9170.2285 0.82812
9171.4277 0.78001
9172.6279 0.74782
9173.8281 0.78901
9175.0283 0.71296
9176.2275 0.68209
9177.4277 0.71319
9178.6279 0.76662
9179.8271 0.7951
9181.0273 0.83889
9182.2275 0.78019
9183.4268 0.74603
9184.627 0.80017
9185.8271 0.75647
9187.0264 0.81352
9188.2266 0.87198
9189.4268 0.82388
9190.626 0.89609
9191.8262 0.80671
9193.0254 0.82295
9194.2256 0.78923
9195.4248 0.82324
9196.625 0.8216
9197.8242 0.8359
9199.0244 0.81201
9200.2236 0.86622
9201.4238 0.85787
9202.623 0.78038
9203.8232 0.88669
9205.0225 0.92047
9206.2227 0.87693
9207.4219 0.79604
9208.6221 0.82016
9209.8213 0.87536
9211.0205 0.91809
9212.2207 0.89551
9213.4199 0.82614
9214.6191 0.84548
9215.8193 0.75763
9217.0186 0.85586
9218.2178 0.80778
9219.418 0.81903
9220.6172 0.83607
9221.8164 0.86489
9223.0166 0.84752
9224.2158 0.90301
9225.415 0.83521
9226.6143 0.77923
9227.8145 0.72619
9229.0137 0.78572
9230.2129 0.828
9231.4121 0.73675
9232.6113 0.74696
9233.8115 0.77682
9235.0107 0.71791
9236.21 0.67597
9237.4092 0.75336
9238.6084 0.68009
9239.8076 0.74141
9241.0068 0.79336
9242.2061 0.68776
9243.4062 0.70151
9244.6055 0.70131
9245.8047 0.69505
9247.0039 0.76953
9248.2031 0.70669
9249.4023 0.73226
9250.6016 0.56315
9251.8008 0.70512
9253.0 0.70487
9254.1992 0.6831
9255.3984 0.72014
9256.5977 0.69427
9257.7969 0.66302
9258.9951 0.7443
9260.1943 0.66095
9261.3936 0.66893
9262.5928 0.65743
9263.792 0.74977
9264.9912 0.72208
9266.1904 0.63992
9267.3896 0.73286
9268.5889 0.71117
9269.7871 0.7621
9270.9863 0.78673
9272.1855 0.69015
9273.3848 0.78583
9274.584 0.72725
9275.7822 0.84733
9276.9814 0.78271
9278.1807 0.72549
9279.3799 0.7586
9280.5781 0.79222
9281.7773 0.78009
9282.9766 0.79521
9284.1748 0.70819
9285.374 0.68649
9286.5732 0.82212
9287.7715 0.76421
9288.9707 0.82908
9290.1689 0.86945
9291.3682 0.85765
9292.5674 0.76778
9293.7656 0.79738
9294.9648 0.75043
9296.1631 0.7779
9297.3623 0.82629
9298.5605 0.74749
9299.7598 0.78702
9300.958 0.84821
9302.1572 0.73753
9303.3555 0.94581
9304.5547 0.76848
9305.7529 0.86656
9306.9521 0.86492
9308.1504 0.84764
9309.3496 0.60869
9310.5479 0.8784
9311.7461 0.91086
9312.9453 1.11166
9314.1436 0.69838
9315.3428 0.74426
9316.541 0.65434
9317.7393 0.53209
9318.9385 0.54127
9320.1367 0.83682
9321.335 0.75791
9322.5332 0.8677
9323.7324 0.67817
9324.9307 0.48492
9326.1289 0.95537
9327.3271 0.6923
9328.5264 0.85115
9329.7246 0.76238
9330.9229 0.78554
9332.1211 0.61934
9333.3193 0.76707
9334.5186 0.663
9335.7168 0.69228
9336.915 0.74863
9338.1133 0.67372
9339.3115 0.7396
9340.5098 0.61634
9341.708 0.75964
9342.9062 0.68361
9344.1045 0.60953
9345.3027 0.58182
9346.501 0.54895
9347.6992 0.63648
9348.8975 0.71446
9350.0957 0.79515
9351.2939 0.80701
9352.4922 0.78992
9353.6904 0.66913
9354.8887 0.61837
9356.0869 0.68788
9357.2852 0.63019
9358.4834 0.63094
9359.6816 0.58386
9360.8799 0.6377
9362.0771 0.72947
9363.2754 0.7379
9364.4736 0.71479
9365.6719 0.63578
9366.8701 0.6529
9368.0684 0.7473
9369.2656 0.7224
9370.4639 0.6324
9371.6621 0.56496
9372.8604 0.55457
9374.0576 0.67774
9375.2559 1.06086
9376.4541 0.77151
9377.6514 0.7656
9378.8496 0.77874
9380.0479 0.45784
9381.2451 0.59801
9382.4434 0.65591
9383.6416 0.76675
9384.8389 0.66836
9386.0371 0.62634
9387.2344 0.64103
9388.4326 0.63635
9389.6309 0.53195
9390.8281 0.71412
9392.0264 0.641
9393.2236 0.68623
9394.4219 0.67971
9395.6191 0.64022
9396.8174 0.71415
9398.0146 0.64267
9399.2119 0.51089
9400.4102 0.65314
9401.6074 0.61231
9402.8057 0.5463
9404.0029 0.7258
9405.2012 0.62403
9406.3984 0.6205
9407.5957 0.65045
9408.7939 0.61103
9409.9912 0.56924
9411.1885 0.60642
9412.3857 0.55459
9413.584 0.59294
9414.7812 0.63764
9415.9785 0.63301
9417.1768 0.57305
9418.374 0.72702
9419.5713 0.66438
9420.7686 0.69149
9421.9658 0.48571
9423.1641 0.67435
9424.3613 0.64968
9425.5586 0.58651
9426.7559 0.62273
9427.9531 0.4878
9429.1504 0.48518
9430.3477 0.51039
9431.5449 0.53684
9432.7432 0.54359
9433.9404 0.59699
9435.1377 0.67008
9436.335 0.56449
9437.5322 0.2506
9438.7295 0.4123
9439.9268 0.63631
9441.124 0.54605
9442.3203 0.58256
9443.5176 0.40565
9444.7148 0.54622
9445.9121 0.52925
9447.1094 0.54116
9448.3066 0.57269
9449.5039 0.57327
9450.7012 0.56525
9451.8984 0.61395
9453.0947 0.67631
9454.292 0.55808
9455.4893 0.62378
9456.6865 0.59873
9457.8838 0.71288
9459.0801 0.59998
9460.2773 0.74339
9461.4746 0.45806
9462.6719 0.48587
9463.8682 0.55702
9465.0654 0.63238
9466.2627 0.63679
9467.459 0.58828
9468.6562 0.69672
9469.8535 0.52111
9471.0498 0.47883
9472.2471 0.70066
9473.4434 0.59289
9474.6406 0.68962
9475.8379 0.75747
9477.0342 0.75557
9478.2314 0.55459
9479.4277 0.69448
9480.625 0.46269
9481.8213 0.53856
9483.0186 0.61283
9484.2148 0.56923
9485.4121 0.53125
9486.6084 0.43246
9487.8047 0.6058
9489.002 0.60423
9490.1982 0.61584
9491.3955 0.6936
9492.5918 0.55081
9493.7881 0.52774
9494.9854 0.57639
9496.1816 0.53672
9497.3779 0.56145
9498.5752 0.68591
9499.7715 0.62118
9500.9678 0.72012
9502.1641 0.617
9503.3613 0.48449
9504.5576 0.63221
9505.7539 0.68369
9506.9502 0.6171
9508.1465 0.66536
9509.3438 0.65396
9510.54 0.51686
9511.7363 0.56144
9512.9326 0.60293
9514.1289 0.672
9515.3252 0.60471
9516.5215 0.51895
9517.7178 0.66737
9518.9141 0.64377
9520.1104 0.58701
9521.3066 0.7298
9522.5029 0.61556
9523.6992 0.52361
9524.8955 0.54605
9526.0918 0.56895
9527.2881 0.55202
9528.4844 0.59296
9529.6807 0.51698
9530.877 0.56768
9532.0732 0.64562
9533.2695 0.55028
9534.4658 0.56242
9535.6621 0.59495
9536.8574 0.60641
9538.0537 0.49701
9539.25 0.60069
9540.4463 0.6194
9541.6426 0.596
9542.8379 0.50798
9544.0342 0.5515
9545.2305 0.53991
9546.4258 0.49934
9547.6221 0.64604
9548.8184 0.66208
9550.0146 0.57602
9551.21 0.57359
9552.4062 0.65189
9553.6016 0.581
9554.7979 0.61996
9555.9941 0.49108
9557.1895 0.5536
9558.3857 0.56861
9559.5811 0.59871
9560.7773 0.57491
9561.9727 0.61424
9563.1689 0.56526
9564.3643 0.60425
9565.5605 0.60359
9566.7559 0.47787
9567.9521 0.33217
9569.1475 0.56281
9570.3438 0.56636
9571.5391 0.6003
9572.7344 0.49486
9573.9307 0.58884
9575.126 0.63321
9576.3213 0.57318
9577.5176 0.61432
9578.7129 0.56933
9579.9082 0.53482
9581.1045 0.60732
9582.2998 0.51605
9583.4951 0.56567
9584.6904 0.58374
9585.8867 0.63316
9587.082 0.5977
9588.2773 0.61035
9589.4727 0.54765
9590.668 0.60232
9591.8643 0.56445
9593.0596 0.61363
9594.2549 0.51938
9595.4502 0.61647
9596.6455 0.5377
9597.8408 0.58579
9599.0361 0.54522
9600.2314 0.65447
9601.4268 0.59857
9602.6221 0.66354
9603.8174 0.65967
9605.0127 0.45747
9606.208 0.54348
9607.4033 0.51193
9608.5986 0.6223
9609.7939 0.61246
9610.9893 0.58999
9612.1846 0.60477
9613.3799 0.69009
9614.5742 0.60133
9615.7695 0.63982
9616.9648 0.58374
9618.1602 0.59416
9619.3555 0.58586
9620.5508 0.38603
9621.7451 0.52036
9622.9404 0.61007
9624.1357 0.61133
9625.3311 0.55015
9626.5254 0.60255
9627.7207 0.63982
9628.916 0.57364
9630.1104 0.50756
9631.3057 0.51959
9632.501 0.57673
9633.6953 0.52106
9634.8906 0.61707
9636.085 0.58249
9637.2803 0.59102
9638.4746 0.59427
9639.6699 0.52403
9640.8643 0.59584
9642.0596 0.68663
9643.2549 0.59318
9644.4492 0.57507
9645.6436 0.5773
9646.8389 0.59202
9648.0332 0.61415
9649.2285 0.58808
9650.4229 0.53232
9651.6182 0.58456
9652.8125 0.67492
9654.0068 0.67175
9655.2021 0.62246
9656.3965 0.59281
9657.5908 0.71455
9658.7852 0.58943
9659.9805 0.61846
9661.1748 0.66441
9662.3691 0.60254
9663.5635 0.5788
9664.7588 0.58005
9665.9531 0.65165
9667.1475 0.56576
9668.3418 0.72726
9669.5361 0.69913
9670.7314 0.69713
9671.9258 0.64993
9673.1201 0.64037
9674.3145 0.5725
9675.5088 0.70089
9676.7031 0.77818
9677.8975 0.5748
9679.0918 0.53677
9680.2861 0.7178
9681.4805 0.58908
9682.6748 0.74703
9683.8691 0.69516
9685.0635 0.77668
9686.2578 0.67317
9687.4521 0.72417
9688.6465 0.67725
9689.8408 0.67394
9691.0342 0.71243
9692.2285 0.77125
9693.4229 0.80232
9694.6172 0.75317
9695.8115 0.65505
9697.0059 0.7967
9698.1992 0.77774
9699.3936 0.73519
9700.5879 0.80624
9701.7822 0.69735
9702.9756 0.76356
9704.1699 0.73622
9705.3643 0.75615
9706.5576 0.82453
9707.752 0.80014
9708.9463 0.83263
9710.1396 0.75107
9711.334 0.89262
9712.5273 0.70882
9713.7217 0.75702
9714.916 0.89241
9716.1094 0.71757
9717.3037 0.7774
9718.4971 0.9202
9719.6914 0.79262
9720.8848 0.7498
9722.0791 0.68444
9723.2725 0.78646
9724.4658 0.74709
9725.6602 0.8458
9726.8535 0.9445
9728.0479 0.83119
9729.2412 0.87972
9730.4346 0.9541
9731.6289 0.85677
9732.8223 0.84562
9734.0156 0.86869
9735.21 0.98447
9736.4033 0.81445
9737.5967 0.79399
9738.79 0.85262
9739.9844 1.03629
9741.1777 1.02837
9742.3711 0.95787
9743.5645 0.94413
9744.7578 0.97902
9745.9521 1.09073
9747.1455 0.99076
9748.3389 1.12056
9749.5322 1.25385
9750.7256 1.15244
9751.9189 1.17755
9753.1123 1.16221
9754.3057 1.14459
9755.499 1.20297
9756.6924 1.20758
9757.8857 1.25235
9759.0791 1.29301
9760.2725 1.30196
9761.4658 1.28374
9762.6592 1.34867
9763.8525 1.34046
9765.0459 1.33927
9766.2393 1.42355
9767.4326 1.39971
9768.625 1.40953
9769.8184 1.40564
9771.0117 1.40393
9772.2051 1.36359
9773.3984 1.33181
9774.5908 1.37342
9775.7842 1.30292
9776.9775 1.22928
9778.1709 1.22111
9779.3633 1.11221
9780.5566 1.19293
9781.75 1.09227
9782.9424 1.13825
9784.1357 0.99447
9785.3281 1.03035
9786.5215 1.13619
9787.7148 1.01973
9788.9072 0.86714
9790.1006 0.76752
9791.293 0.67127
9792.4863 0.85092
9793.6787 0.70916
9794.8721 0.7471
9796.0645 0.84964
9797.2578 0.75458
9798.4502 1.06049
9799.6436 0.8929
9800.8359 0.85645
9802.0293 0.88285
9803.2217 0.7794
9804.4141 0.80621
9805.6074 0.85452
9806.7998 0.74653
9807.9922 0.89138
9809.1855 0.74266
9810.3779 0.75452
9811.5703 0.71933
9812.7627 0.70535
9813.9561 0.78077
9815.1484 0.74454
9816.3408 0.74888
9817.5332 0.87072
9818.7256 0.72725
9819.9189 0.68459
9821.1113 0.69766
9822.3037 0.7068
9823.4961 0.69294
9824.6885 0.69575
9825.8809 0.71844
9827.0732 0.73988
9828.2656 0.68712
9829.458 0.67465
9830.6504 0.62545
9831.8428 0.65356
9833.0352 0.63841
9834.2275 0.68506
9835.4199 0.62984
9836.6123 0.57348
9837.8047 0.63271
9838.9971 0.73297
9840.1895 0.69984
9841.3818 0.68226
9842.5732 0.65193
9843.7656 0.64272
9844.958 0.70575
9846.1504 0.72042
9847.3428 0.72888
9848.5352 0.69162
9849.7266 0.56373
9850.9189 0.65282
9852.1113 0.58013
9853.3027 0.69396
9854.4951 0.63224
9855.6875 0.62357
9856.8789 0.62568
9858.0713 0.72155
9859.2637 0.6209
9860.4551 0.66276
9861.6475 0.60133
9862.8389 0.70368
9864.0312 0.68754
9865.2236 0.61347
9866.415 0.59108
9867.6074 0.70843
9868.7988 0.73385
9869.9912 0.66154
9871.1826 0.66374
9872.374 0.31013
9873.5664 0.68294
9874.7578 0.7834
9875.9502 0.72647
9877.1416 0.71996
9878.333 0.65407
9879.5254 0.65244
9880.7168 0.75558
9881.9082 0.66756
9883.1006 0.68234
9884.292 0.78467
9885.4834 0.79207
9886.6758 0.74264
9887.8672 0.69753
9889.0586 0.70535
9890.25 0.73678
9891.4414 0.75424
9892.6338 0.67684
9893.8252 0.6785
9895.0166 0.65561
9896.208 0.64844
9897.3994 0.80171
9898.5908 0.72085
9899.7822 0.80035
9900.9736 0.75353
9902.165 0.78047
9903.3564 0.78591
9904.5479 0.70039
9905.7393 0.79133
9906.9307 0.71335
9908.1221 0.77175
9909.3135 0.64166
9910.5049 0.68125
9911.6963 0.91731
9912.8877 0.44935
9914.0791 0.56443
9915.2705 0.90965
9916.4619 0.49665
9917.6523 0.64662
9918.8438 0.70717
9920.0352 0.70449
9921.2266 0.61745
9922.418 0.6839
9923.6084 0.71332
9924.7998 0.53999
9925.9912 0.58304
9927.1816 0.6432
9928.373 0.56816
9929.5645 0.55683
9930.7549 0.58165
9931.9463 0.57505
9933.1377 0.6225
9934.3281 0.52716
9935.5195 0.58361
9936.71 0.52551
9937.9014 0.68943
9939.0928 0.47447
9940.2832 0.61871
9941.4746 0.5953
9942.665 0.79441
9943.8564 0.45952
9945.0469 0.46858
9946.2373 0.71572
9947.4287 0.70119
9948.6191 0.58286
9949.8105 0.69091
9951.001 0.59454
9952.1914 0.58729
9953.3828 0.71893
9954.5732 0.44883
9955.7637 0.74569
9956.9551 0.61154
9958.1455 0.12621
9959.3359 0.28146
9960.5264 0.54479
9961.7178 0.71258
9962.9082 0.57022
9964.0986 0.61366
9965.2891 0.63588
9966.4795 0.73219
9967.6709 0.83869
9968.8613 0.57517
9970.0518 0.65156
9971.2422 0.52913
9972.4326 0.59995
9973.623 0.78775
9974.8135 0.53032
9976.0039 0.55647
9977.1943 0.51319
9978.3848 0.54559
9979.5752 0.69038
9980.7656 0.64995
9981.9561 0.58938
9983.1465 0.57429
9984.3369 0.52726
9985.5273 0.61252
9986.7178 0.64366
9987.9082 0.70365
9989.0977 0.66309
9990.2881 0.57309
9991.4785 0.68505
9992.6689 0.55155
9993.8594 0.63329
9995.0488 0.61651
9996.2393 0.75955
9997.4297 0.69612
9998.6201 0.60593
9999.8096 0.46916
10001.0 0.51661
10002.19 0.56864
10003.38 0.63282
10004.57 0.61288
10005.76 0.6471
10006.951 0.59983
10008.141 0.43843
10009.331 0.75664
10010.521 0.39234
10011.711 0.53425
10012.901 0.50861
10014.091 0.47315
10015.28 0.65898
10016.47 0.40584
10017.66 0.43399
10018.85 0.5978
10020.04 0.56304
10021.23 0.61366
10022.42 0.60694
10023.61 0.6346
10024.799 0.79813
10025.989 0.64116
10027.179 0.43108
10028.369 0.77422
10029.559 0.6127
10030.748 0.66724
10031.938 0.72921
10033.128 0.72286
10034.317 0.81053
10035.507 0.72766
10036.697 0.51121
10037.886 0.81979
10039.076 0.67518
10040.266 0.6611
10041.455 0.74041
10042.645 0.67757
10043.834 0.72747
10045.024 0.77172
10046.213 0.63765
10047.403 0.67663
10048.592 0.73835
10049.782 0.78953
10050.971 0.84624
10052.161 0.78862
10053.35 0.88754
10054.54 0.84198
10055.729 0.96545
10056.918 0.91993
10058.108 0.96998
10059.297 1.33016
10060.487 0.99171
10061.676 0.92513
10062.865 0.92185
10064.055 1.1175
10065.244 0.9289
10066.433 0.91685
10067.622 1.02823
10068.812 0.92191
10070.001 0.84567
10071.19 0.81421
10072.379 0.64974
10073.568 0.75921
10074.757 0.92644
10075.947 0.75669
10077.136 0.76097
10078.325 0.77841
10079.514 0.47278
10080.703 0.7237
10081.892 1.12285
10083.081 0.90764
10084.27 0.85152
10085.459 0.96643
10086.648 0.80072
10087.837 0.78661
10089.026 0.72666
10090.215 0.63888
10091.404 0.53352
10092.593 0.64752
10093.782 0.63581
10094.971 0.74919
10096.16 0.74035
10097.349 0.59964
10098.537 0.87681
10099.726 0.86767
10100.915 0.7302
10102.104 0.62288
10103.293 0.88843
10104.481 0.54607
10105.67 0.69891
10106.859 0.52707
10108.048 0.68399
10109.236 0.66626
10110.425 0.59331
10111.614 0.45757
10112.802 0.68357
10113.991 0.48987
10115.18 0.50593
10116.368 0.62498
10117.557 0.64808
10118.745 0.75025
10119.934 0.37814
10121.122 0.54202
10122.311 0.6417
10123.5 0.71155
10124.688 0.56182
10125.877 0.11253
10127.065 0.56329
10128.253 0.72442
10129.442 0.65506
10130.63 0.50605
10131.819 0.56506
10133.007 0.64348
10134.196 0.44225
10135.384 0.57561
10136.572 0.569
10137.761 0.60269
10138.949 0.59206
10140.137 0.41305
10141.325 0.57873
10142.514 0.61555
10143.702 0.63905
10144.89 0.57959
10146.078 0.76508
10147.267 0.59683
10148.455 0.61976
10149.643 0.67051
10150.831 0.63982
10152.019 0.36652
10153.208 0.60982
10154.396 0.3181
10155.584 0.49354
10156.772 0.43623
10157.96 0.44843
10159.148 0.31267
10160.336 0.62342
10161.524 0.66916
10162.712 0.60081
10163.9 0.63673
10165.088 0.6972
10166.276 0.48861
10167.464 0.51713
10168.652 0.16714
10169.84 0.62941
10171.028 0.69985
10172.216 0.46982
10173.403 0.40578
10174.591 0.40953
10175.779 0.54593
10176.967 0.56603
10178.155 0.70161
10179.343 0.31534
10180.53 0.42077
10181.718 0.83312
10182.906 0.35917
10184.094 0.28093
10185.281 0.53707
10186.469 0.63159
10187.657 0.69811
10188.845 0.29082
10190.032 0.37961
10191.22 0.49405
10192.407 0.57622
10193.595 0.61293
10194.783 0.45345
10195.97 0.61831
10197.158 0.26852
10198.345 0.74765
10199.533 0.52731
10200.72 0.48782
10201.908 0.47148
10203.095 0.64811
10204.283 0.44637
10205.47 0.46454
10206.658 0.99333
10207.845 0.65877
10209.033 0.46633
10210.22 0.42936
10211.408 0.21337
10212.595 0.34208
10213.782 1.04134
10214.97 0.97591
10216.157 0.64991
10217.344 0.90644
10218.532 0.78474
10219.719 0.73193
10220.906 0.76868
10222.093 0.75834
10223.281 0.88474
10224.468 0.79992
10225.655 0.44836
10226.842 0.55842
10228.03 0.68575
10229.217 0.30328
10230.404 0.70176
10231.591 0.85229
10232.778 0.59867
10233.965 0.5759
10235.152 0.63636
10236.339 0.8934
10237.526 0.61286
10238.714 0.60242
10239.901 0.55088
10241.088 0.49412
10242.275 0.56519
10243.462 0.67311
10244.649 0.36085
10245.836 0.518
10247.022 0.51966
10248.209 0.59003
10249.396 0.89006
10250.583 0.53511
10251.77 0.47125
10252.957 0.47693
10254.144 0.57316
10255.331 0.54594
10256.518 0.60835
10257.704 0.57476
10258.891 0.48688
10260.078 0.57804
10261.265 0.56382
10262.451 0.50252
10263.638 0.36865
10264.825 0.57259
10266.012 0.35649
10267.198 0.44317
10268.385 0.60097
10269.572 0.50343
10270.758 0.44172
10271.945 0.24046
10273.132 0.08585
10274.318 0.4828
10275.505 0.27465
10276.691 0.27066
10277.878 0.08933
10279.065 0.11551
10280.251 0.444
10281.438 0.49782
10282.624 0.21212
10283.811 0.61568
