#mjd mag magerr
61.92501 19.32594 0.03708
61.95573 19.27447 0.0351
63.91987 19.33591 0.03506
63.9639 19.37778 0.03711
64.92128 19.29307 0.03903
64.9656 19.28278 0.03724
66.91014 19.22459 0.03823
66.95474 19.28408 0.03643
67.91649 19.32942 0.04311
67.96099 19.38273 0.04377
69.90324 19.33746 0.03901
69.94786 19.32521 0.04044
80.87449 19.3381 0.085
80.95988 19.58509 0.11923
84.86328 19.34994 0.06599
87.85609 19.37329 0.04475
87.90101 19.31209 0.04142
88.96983 19.29493 0.04235
89.01521 19.36794 0.04738
89.94574 19.30493 0.0437
89.99042 19.36594 0.04624
93.83741 19.36073 0.04064
93.88196 19.34129 0.03715
96.8292 19.29715 0.04338
97.00858 19.4995 0.05693
104.99862 19.54689 0.06857
114.88125 19.45512 0.05717
114.92522 19.36993 0.11449
119.89538 19.3763 0.04982
119.95365 19.3318 0.05768
123.75696 19.51692 0.04453
123.81523 19.36425 0.04787
126.97957 19.46255 0.07022
127.83329 19.42284 0.0512
127.87706 19.48589 0.06168
135.82555 19.39685 0.1372
135.86926 19.59091 0.1375
138.71472 19.59709 0.12148
138.75871 19.71514 0.12618
142.7036 19.41303 0.0542
142.75219 19.49829 0.05918
144.77886 19.30978 0.04764
144.82305 19.38543 0.05287
151.72943 19.30907 0.05412
151.77257 19.38486 0.05357
166.70473 19.52723 0.09707
166.74897 19.51221 0.11709
168.63378 19.1951 0.08166
168.6775 19.38269 0.10472
175.61224 19.49156 0.04461
175.65684 19.33926 0.04205
181.59421 19.45917 0.07043
181.63825 19.42713 0.06298
183.59204 19.41051 0.10335
183.64253 19.40343 0.05726
189.58054 19.67121 0.07745
189.62557 19.52777 0.06354
194.59026 19.23412 0.12563
199.58559 19.3107 0.04814
201.58642 19.47809 0.17717
202.58667 19.41376 0.05881
203.71441 19.49973 0.06887
203.75743 19.53307 0.07593
207.63092 19.52264 0.05476
207.67514 19.48754 0.05108
209.5968 19.5845 0.04597
209.64149 19.34936 0.04564
213.63312 19.41697 0.06286
213.6798 19.46592 0.07308
377.85123 19.44282 0.11396
377.89535 19.24202 0.08602
378.90615 19.54197 0.12172
379.8591 19.54564 0.08786
379.92482 19.55293 0.0697
380.87684 19.66879 0.11666
380.92078 19.45695 0.08265
381.89606 19.34808 0.06759
381.93934 19.48063 0.0619
384.82671 19.38799 0.0579
384.87028 19.28255 0.05159
385.87021 19.34237 0.05808
385.91339 19.42886 0.04708
386.86524 19.36779 0.05603
386.90867 19.42002 0.05169
387.87002 19.26698 0.05442
387.91342 19.27361 0.0401
388.86609 19.50333 0.06615
388.91005 19.36396 0.0453
390.80957 19.55018 0.09337
390.85393 19.59663 0.0652
391.80613 19.54182 0.07998
391.87538 19.39504 0.04643
392.83258 19.36326 0.06219
392.87538 19.40309 0.0501
394.79908 19.31672 0.06054
394.8431 19.35717 0.04711
395.79551 19.52059 0.09446
395.84215 19.43917 0.05526
396.79527 19.533 0.09189
396.83932 19.362 0.04999
397.79163 19.41073 0.09209
397.83526 19.34432 0.05628
398.78764 19.50706 0.09838
398.83124 19.28354 0.06789
399.83261 19.40506 0.07878
400.78534 19.39257 0.13237
400.8289 19.34416 0.07319
401.78133 19.38544 0.18496
401.82518 19.54989 0.11757
403.81973 19.75302 0.11979
404.77424 19.75674 0.15369
404.84266 19.47276 0.09428
405.8416 19.30201 0.08909
406.79514 19.35458 0.16184
407.7691 19.35062 0.14749
407.83003 19.73835 0.10752
411.79896 19.52716 0.09298
412.75232 19.4294 0.10602
412.79539 19.38449 0.07956
413.75577 19.55425 0.11431
413.79945 19.3424 0.08826
414.75161 19.29617 0.09782
414.79555 19.16588 0.06486
415.79727 19.25012 0.08708
416.75096 19.38338 0.12653
416.79342 19.49232 0.07964
417.75979 19.45151 0.10901
417.84511 19.40782 0.0843
418.79843 19.71544 0.10999
418.84121 19.38824 0.07059
419.75121 19.42494 0.10806
419.79504 19.26501 0.07241
420.78929 19.19621 0.0906
420.83264 19.41349 0.07756
421.73664 19.3217 0.05683
421.79901 19.43474 0.04717
422.75115 19.43968 0.06118
422.79487 19.4513 0.0519
423.74742 19.31807 0.05911
423.79284 19.42212 0.04828
424.75349 19.36204 0.07533
424.80178 19.38943 0.04891
425.76166 19.4182 0.07029
425.80573 19.41635 0.0455
426.80123 19.34048 0.05918
426.8444 19.33608 0.04136
427.79708 19.42917 0.06978
427.8408 19.30751 0.0484
428.79281 19.24206 0.06716
428.83703 19.33578 0.05816
429.8142 19.43932 0.06816
429.85716 19.26632 0.05347
430.75769 19.30934 0.07741
430.80485 19.3547 0.07297
431.75639 19.26693 0.08538
431.80024 19.32637 0.07159
432.73907 19.15683 0.10757
432.78359 19.51232 0.10947
433.70425 19.4719 0.20357
433.7493 19.53486 0.11768
435.69148 19.52443 0.23056
436.88575 19.64197 0.09487
436.88891 19.43698 0.08605
436.8919 19.38327 0.09386
436.89501 19.23072 0.09088
436.89797 19.30737 0.09367
436.90109 19.49172 0.09677
436.9042 19.75026 0.10476
436.90728 19.25646 0.08697
436.91041 19.36085 0.08367
436.91351 19.39038 0.10205
436.91641 19.46745 0.08617
436.91931 19.57989 0.10278
436.92221 19.42142 0.09308
436.92514 19.72699 0.09518
436.92806 19.61351 0.11046
436.93096 19.49235 0.08966
436.93413 19.4063 0.10635
436.93703 19.70178 0.11406
436.93974 19.65077 0.12185
436.94297 19.55356 0.09985
436.94613 19.19142 0.08372
436.94915 19.46002 0.10266
436.95231 19.58595 0.10035
436.9553 19.35352 0.11096
436.95826 19.6 0.09556
436.96116 19.46094 0.09317
436.96403 19.40547 0.08655
438.88857 19.43023 0.07727
438.89169 19.5239 0.08148
438.89485 19.55489 0.08488
438.89798 19.26676 0.06959
438.90086 19.57246 0.0813
438.90371 19.48014 0.07299
438.9065 19.58498 0.07727
438.90927 19.44311 0.07089
438.91204 19.35976 0.07067
438.91487 19.42254 0.06878
438.91763 19.38142 0.07478
438.92084 19.46589 0.09258
438.92394 19.45153 0.08389
438.92672 19.45536 0.08127
438.92954 19.36089 0.08718
438.93551 19.43174 0.08467
438.93833 19.5504 0.08207
438.94106 19.28721 0.07408
438.94411 19.52551 0.09557
438.94678 19.40385 0.08857
438.95017 19.30128 0.08078
438.95913 19.54708 0.09047
438.96141 19.45287 0.09686
440.87507 19.25897 0.0553
440.87823 19.33514 0.0476
440.88428 19.36526 0.05163
440.88675 19.3176 0.057
440.8894 19.38524 0.04825
440.89205 19.37668 0.04981
440.89518 19.41162 0.0491
440.89832 19.37899 0.04859
440.90145 19.3704 0.05013
440.90439 19.29432 0.04939
440.90729 19.3231 0.04595
440.91025 19.26029 0.047
440.91316 19.39102 0.05279
440.91591 19.35542 0.05392
440.9187 19.33006 0.05013
440.92149 19.33581 0.05112
440.92426 19.35058 0.05271
440.93095 19.35396 0.0501
440.93364 19.387 0.0496
440.93623 19.38145 0.05701
440.9395 19.40308 0.05629
440.94264 19.4111 0.05101
440.94582 19.4781 0.05828
440.94883 19.25897 0.04961
440.95182 19.44271 0.05571
440.95489 19.30524 0.04971
440.95791 19.22063 0.05171
441.87301 19.2749 0.04293
441.87592 19.40086 0.04457
441.88645 19.26487 0.04038
441.88962 19.37844 0.04431
441.89254 19.3927 0.04755
441.89542 19.41612 0.04595
441.89828 19.34309 0.04486
441.90107 19.25056 0.04565
441.9037 19.37166 0.04474
441.90634 19.1783 0.04175
441.90906 19.34166 0.04338
441.9118 19.35771 0.04276
441.91445 19.37174 0.04256
441.91722 19.32199 0.04166
441.91981 19.22993 0.04764
441.92242 19.23306 0.04432
441.92546 19.35234 0.04276
441.9281 19.34647 0.04521
441.93183 19.43273 0.04755
441.93458 19.30794 0.04372
441.93727 19.36267 0.04336
441.94048 19.39835 0.04535
441.94326 19.3356 0.04204
441.94546 19.39096 0.04742
441.94852 19.27855 0.04452
441.95194 19.3204 0.04145
441.95469 19.38621 0.04563
441.95786 19.30741 0.04324
441.96081 19.29706 0.04386
441.96392 19.32177 0.04394
441.96715 19.37851 0.04451
441.97012 19.34351 0.04254
441.97294 19.40807 0.04922
441.97532 19.39474 0.04495
441.97757 19.41602 0.04809
441.9798 19.40814 0.04766
441.9835 19.29482 0.04526
441.9863 19.43741 0.05073
441.98852 19.35065 0.04811
441.99078 19.32488 0.04707
441.99382 19.31025 0.04544
442.00593 19.34754 0.04857
442.00906 19.38938 0.0553
442.01216 19.3357 0.05274
442.01486 19.43842 0.06205
442.01753 19.42052 0.08047
442.02001 19.29356 0.09281
442.02226 19.46448 0.09723
442.70382 19.36834 0.05918
442.70734 19.26921 0.05387
442.71097 19.25992 0.0501
442.71448 19.31007 0.05426
442.71808 19.34732 0.0538
442.72168 19.36386 0.05359
442.72527 19.36553 0.05258
442.73272 19.33755 0.04752
442.74184 19.31787 0.04869
442.74882 19.29113 0.04699
442.75572 19.36808 0.0446
442.76147 19.41562 0.04569
442.76615 19.26379 0.04221
442.77616 19.41446 0.05429
442.78135 19.37624 0.0432
442.78615 19.34769 0.0446
442.79145 19.33753 0.04455
442.79615 19.33337 0.04232
442.80186 19.27797 0.04231
442.8093 19.35478 0.03962
442.81443 19.27642 0.04053
442.81939 19.26593 0.04111
442.82447 19.32315 0.0418
442.8293 19.30853 0.03893
442.83541 19.29503 0.03873
442.84012 19.28453 0.04205
442.84597 19.31592 0.04131
442.85112 19.3501 0.0429
442.85657 19.21149 0.03795
442.86387 19.23719 0.04354
442.87002 19.32661 0.04153
442.87503 19.35278 0.04183
442.88048 19.32078 0.03904
442.88617 19.39545 0.0426
442.89221 19.22126 0.03909
442.89785 19.36971 0.0418
442.90297 19.37544 0.04373
442.90871 19.2972 0.04157
442.91368 19.35104 0.041
442.91875 19.29085 0.0418
442.92384 19.33825 0.03934
442.93037 19.40542 0.04563
442.93642 19.31297 0.04169
442.94588 19.33573 0.04996
442.95166 19.37544 0.04343
442.95754 19.25801 0.04331
442.96246 19.36477 0.04321
442.96833 19.36024 0.04601
442.97317 19.25813 0.04142
442.97782 19.23632 0.04111
442.98206 19.35357 0.04132
442.9872 19.28156 0.04324
442.99348 19.38997 0.04624
442.99858 19.35686 0.0428
443.00329 19.36921 0.04522
443.01002 19.26117 0.0448
443.01702 19.41462 0.06074
443.02387 19.39808 0.1064
443.67742 19.45018 0.07443
443.68488 19.29633 0.06221
443.69287 19.4181 0.07397
443.70415 19.40736 0.0638
443.71028 19.47406 0.06672
443.71632 19.39194 0.05919
443.72231 19.46541 0.05808
443.72832 19.39502 0.05438
443.736 19.4717 0.0524
443.74306 19.34331 0.04838
443.74812 19.27761 0.04878
443.75372 19.38585 0.05118
443.75946 19.41787 0.05128
443.76526 19.48388 0.0525
443.77007 19.24252 0.0475
443.78027 19.49368 0.06459
443.78539 19.26093 0.04541
443.79156 19.38365 0.05119
443.79717 19.21838 0.04171
443.80302 19.32819 0.0432
443.80895 19.45031 0.04788
443.81493 19.37928 0.04457
443.8204 19.5116 0.05673
443.82634 19.3513 0.04109
443.83239 19.34468 0.04539
443.83783 19.33802 0.04361
443.84415 19.19058 0.03901
443.84958 19.33897 0.04392
443.85553 19.39746 0.04448
443.86252 19.35829 0.04204
443.87576 19.34705 0.04431
443.88141 19.3824 0.04229
443.88892 19.28183 0.04127
443.89412 19.46736 0.04698
443.90077 19.27341 0.04521
443.90658 19.40894 0.04419
443.91235 19.4196 0.04441
443.91779 19.34887 0.0457
443.92403 19.25398 0.04519
443.92967 19.48397 0.04828
443.93496 19.40644 0.04831
443.94073 19.3053 0.0461
443.94779 19.32213 0.04699
443.95355 19.35655 0.04312
443.95925 19.41077 0.0468
443.9693 19.37197 0.05231
443.97555 19.3497 0.04538
443.98144 19.4242 0.05071
443.98725 19.48301 0.05401
443.99456 19.31862 0.04849
444.00093 19.31313 0.04922
444.0061 19.31264 0.04771
444.01187 19.36434 0.04938
444.0175 19.19341 0.05978
444.02231 19.45577 0.09592
444.66648 19.54332 0.09731
444.67221 19.66342 0.09249
444.67727 19.26642 0.07854
444.68199 19.38561 0.09565
444.68857 19.36963 0.07665
444.69526 19.37385 0.06658
444.70198 19.2145 0.07003
444.7091 19.59483 0.07765
444.71487 19.3547 0.05893
444.72103 19.29336 0.05457
444.72796 19.46427 0.06772
444.73377 19.25896 0.05222
444.74094 19.27798 0.05097
444.74655 19.3261 0.05218
444.75167 19.42345 0.05752
444.75678 19.39927 0.04994
444.76225 19.42396 0.04863
444.7673 19.39433 0.04902
444.77353 19.38372 0.05301
444.77876 19.43435 0.04765
444.78368 19.24827 0.04578
444.79848 19.28713 0.0452
444.80403 19.38094 0.04672
444.81599 19.33811 0.04834
444.8213 19.3328 0.04594
444.83332 19.38313 0.05043
444.83854 19.34542 0.04778
444.84549 19.28287 0.04282
444.85161 19.26674 0.04286
444.85679 19.3264 0.04372
444.86267 19.32905 0.04619
444.86777 19.37316 0.04724
444.87321 19.3024 0.04253
444.87872 19.39159 0.04686
444.88467 19.34495 0.04314
444.89016 19.35195 0.04585
444.89581 19.37761 0.0494
444.90153 19.36474 0.04325
444.90845 19.33144 0.04999
444.91349 19.38094 0.04339
444.92279 19.27135 0.04373
444.93139 19.35467 0.04318
444.94041 19.31101 0.04241
444.94568 19.29383 0.04068
444.951 19.34152 0.04772
444.95724 19.30962 0.04527
444.96289 19.32938 0.04453
444.96923 19.24053 0.04336
444.97411 19.3174 0.04712
444.98062 19.34073 0.04656
444.98915 19.37618 0.05471
444.99553 19.35466 0.05014
445.00157 19.26713 0.0496
445.00779 19.37881 0.0528
445.01282 19.40169 0.05542
445.01777 19.55109 0.06793
445.02227 19.38503 0.08833
445.66261 19.45658 0.08201
445.66749 19.40494 0.06792
445.67244 19.20632 0.05891
445.67731 19.47061 0.06956
445.68422 19.29644 0.05869
445.6905 19.41062 0.06039
445.69681 19.36822 0.05729
445.70294 19.28841 0.05147
445.70921 19.36896 0.05407
445.71534 19.37774 0.05956
445.72141 19.35446 0.0644
445.72791 19.2992 0.05182
445.73457 19.29479 0.05583
445.74013 19.41385 0.05428
445.7456 19.37736 0.052
445.75096 19.32859 0.05304
445.75643 19.37429 0.04771
445.76191 19.35928 0.04981
445.76784 19.34365 0.04563
445.7737 19.38503 0.04459
445.779 19.27157 0.04588
445.78479 19.39995 0.04403
445.79025 19.4096 0.04191
445.79613 19.33758 0.04208
445.81095 19.39756 0.04782
445.81845 19.32754 0.04072
445.82455 19.34819 0.03852
445.83024 19.34281 0.03837
445.84021 19.38238 0.04556
445.84549 19.33784 0.04012
445.85174 19.33507 0.03955
445.85762 19.26637 0.03714
445.8636 19.31623 0.03764
445.86963 19.30507 0.03737
445.87567 19.30123 0.03911
445.88207 19.31096 0.03761
445.88844 19.41965 0.04002
445.89432 19.32205 0.03856
445.89983 19.34589 0.03813
445.90668 19.37134 0.03695
445.91299 19.28044 0.03706
445.91722 19.34329 0.04112
445.92351 19.27813 0.03702
445.92915 19.29216 0.03708
445.93496 19.33431 0.03741
445.94048 19.40919 0.04042
445.95216 19.36502 0.0433
445.95886 19.29338 0.03995
445.97191 19.20902 0.03703
445.97872 19.36188 0.03845
445.98437 19.18748 0.03694
445.98972 19.33828 0.04113
445.99581 19.28458 0.03972
446.00245 19.37813 0.04131
446.00827 19.28873 0.04125
446.01787 19.267 0.05599
446.0233 19.37376 0.09139
446.66046 19.41236 0.07272
446.66501 19.22018 0.07909
446.67089 19.48255 0.06981
446.67601 19.43194 0.06302
446.6814 19.33256 0.06711
446.68915 19.42392 0.06196
446.70044 19.46419 0.06468
446.70781 19.29012 0.05569
446.71375 19.24425 0.05148
446.71998 19.3515 0.05401
446.7269 19.34115 0.05228
446.73768 19.39755 0.05583
446.74263 19.36209 0.04849
446.74841 19.28503 0.04828
446.75986 19.2982 0.04403
446.76487 19.23094 0.04443
446.77004 19.2731 0.04252
446.77518 19.28098 0.04062
446.78018 19.38816 0.04379
446.78654 19.31102 0.04167
446.79243 19.28602 0.03944
446.79818 19.31052 0.04241
446.80822 19.37123 0.04963
446.81336 19.32918 0.04104
446.81934 19.31212 0.04048
446.82569 19.34195 0.04052
446.83186 19.3219 0.04005
446.83803 19.38297 0.04271
446.84316 19.38641 0.04
446.84946 19.28478 0.03824
446.85529 19.36045 0.04627
446.86132 19.35657 0.04494
446.86741 19.18547 0.04651
446.87321 19.33948 0.03911
446.87945 19.27938 0.03703
446.88583 19.32997 0.03935
446.89176 19.31666 0.04034
446.89901 19.31992 0.04794
446.90569 19.2978 0.04293
446.91293 19.33776 0.04133
446.91958 19.29438 0.03772
446.92538 19.3379 0.04114
446.93113 19.28007 0.03756
446.93686 19.2444 0.03704
446.94237 19.36369 0.0419
446.94842 19.31867 0.03943
446.95451 19.31604 0.03815
446.96034 19.36086 0.04019
446.96641 19.33062 0.03911
446.97287 19.30639 0.04054
446.97827 19.34589 0.04122
446.98464 19.28978 0.03929
446.99026 19.30545 0.03751
446.99646 19.31408 0.03973
447.00329 19.37257 0.0436
447.02248 19.26192 0.06541
448.00377 19.33742 0.0402
448.65527 19.41636 0.10013
448.70146 19.41168 0.0641
449.82958 19.40258 0.04476
449.87259 19.32551 0.04076
450.82585 19.269 0.04381
450.86998 19.24219 0.03839
451.65338 19.27153 0.08041
451.70095 19.32943 0.05674
452.64792 19.55644 0.0871
452.69243 19.38692 0.06167
453.64519 19.4727 0.09067
453.6895 19.30905 0.06296
454.64058 19.60142 0.10049
454.68793 19.50179 0.07758
455.63923 19.33376 0.09943
455.7154 19.47214 0.06518
456.63346 19.28815 0.08622
456.67702 19.27444 0.07837
457.63067 19.04321 0.11227
457.6732 19.44306 0.07906
458.66069 19.28286 0.07459
458.7057 19.45403 0.07918
459.69034 19.38415 0.11298
460.63624 19.32594 0.11761
460.72453 19.37768 0.07408
461.62523 19.41272 0.13639
461.67649 19.58675 0.11286
462.76573 19.00725 0.12328
462.80848 19.27158 0.11048
463.71104 19.70434 0.12378
466.61784 19.45393 0.09726
466.61959 19.39554 0.07779
466.62134 19.30348 0.071
466.6231 19.35431 0.07938
466.62486 19.29741 0.06778
466.62661 19.39007 0.07216
466.62943 19.42034 0.0881
466.63143 19.4283 0.08408
466.63348 19.39916 0.08459
466.67604 19.3743 0.1016
467.62749 19.43325 0.07662
468.7394 19.40456 0.0581
468.78277 19.29424 0.05938
469.73472 19.51984 0.09359
470.77885 19.23094 0.10613
470.82246 19.33201 0.05264
471.77466 19.3196 0.04189
471.82993 19.31026 0.07287
472.62548 19.3441 0.06
472.66936 19.32245 0.04949
473.62096 19.26511 0.07381
477.66775 19.18065 0.04954
477.71276 19.37656 0.05734
478.62384 19.32188 0.06729
478.66775 19.36221 0.06077
479.61565 19.32809 0.06249
479.65968 19.48698 0.06159
480.61506 19.4374 0.07492
480.65805 19.3326 0.05905
481.61182 19.29994 0.06279
481.69382 19.23009 0.04322
482.61769 19.27029 0.06211
482.66188 19.49708 0.05668
482.67843 19.29525 0.05098
483.61039 19.25552 0.06679
483.66512 19.37049 0.05881
484.66377 19.4231 0.06123
484.70695 19.3007 0.05282
485.61939 19.26549 0.06746
485.66329 19.44448 0.06798
486.61418 19.30458 0.07654
486.658 19.54452 0.09831
497.84041 19.42922 0.07559
497.89223 19.46288 0.0958
498.71756 19.28318 0.04602
498.79 19.34982 0.06225
499.59404 19.42668 0.0603
499.63881 19.48258 0.05745
501.66259 19.43675 0.0562
501.75706 19.42403 0.04949
502.72145 19.4192 0.04685
502.82148 19.54553 0.06682
503.77762 19.47862 0.05894
503.8732 19.45459 0.0634
504.82418 19.37991 0.05247
504.91868 19.37963 0.0662
506.68972 19.57519 0.06606
506.73387 19.31029 0.04641
507.81368 19.51296 0.05977
507.89267 19.44585 0.08545
513.658 19.26228 0.05209
513.7418 19.49412 0.05828
514.69377 19.34446 0.06197
514.73749 19.41267 0.07037
515.69951 19.39609 0.06668
515.74236 19.48518 0.06926
516.67238 19.40238 0.08067
516.71654 19.42134 0.08726
517.61497 19.493 0.08286
517.6584 19.39344 0.07508
518.61481 19.51394 0.08108
518.6578 19.54624 0.12995
527.74242 19.47872 0.05743
530.70615 19.66302 0.0718
530.75072 19.54154 0.07412
531.77418 19.64812 0.08279
532.78408 19.30573 0.05078
532.82836 19.55591 0.06617
535.68432 19.40854 0.05137
537.58157 19.49 0.0848
537.62557 19.39624 0.0554
538.57995 19.36756 0.05417
538.62381 19.43103 0.04997
539.58012 19.42346 0.06051
539.62283 19.3848 0.04804
540.61811 19.3587 0.04608
540.66215 19.37066 0.04889
541.61644 19.41078 0.05851
541.65945 19.51287 0.07337
544.59603 19.58245 0.06534
544.64191 19.35266 0.0611
545.59598 19.63944 0.08717
545.63939 19.57139 0.07936
558.69892 19.38688 0.09019
558.75663 19.53038 0.06558
559.7264 19.68569 0.10317
561.73304 19.67576 0.08092
561.77682 19.51478 0.10278
567.59621 19.34806 0.0558
575.595 19.67449 0.12377
575.6386 19.35089 0.11008
577.59504 19.54121 0.11165
577.63849 19.55752 0.18506
578.6551 19.52925 0.1631
579.61368 19.47122 0.07917
579.65687 19.33111 0.08676
580.66998 19.62659 0.09916
580.71648 19.36008 0.13466
583.61703 19.51471 0.05367
583.66119 19.44361 0.07785
584.63985 19.30894 0.05067
584.68286 19.65194 0.07318
586.61685 19.38166 0.05092
586.66038 19.46286 0.06269
588.66264 19.78357 0.11531
588.70647 19.66867 0.11967
722.89872 19.63927 0.08217
723.91976 19.36883 0.0774
723.9634 19.45182 0.06517
730.92322 19.74754 0.15437
733.86776 19.31055 0.08859
733.91212 19.41737 0.07406
750.83279 19.4676 0.07888
750.87598 19.29152 0.05567
753.86132 19.22799 0.10257
756.88391 19.28493 0.12925
756.93392 19.19205 0.10927
759.84878 19.37266 0.0849
759.89212 19.47704 0.08536
762.79606 19.15093 0.10671
762.8402 19.5065 0.08322
766.7805 19.52051 0.08188
766.83041 19.44406 0.06571
768.77509 19.59824 0.0941
768.82037 19.3666 0.08397
769.80074 19.49095 0.0672
769.84468 19.32565 0.05247
770.78189 19.29468 0.06222
770.82573 19.25257 0.05443
771.78074 19.46605 0.06933
771.82449 19.42844 0.0545
774.75968 19.62321 0.08187
774.80363 19.31116 0.05961
775.80332 19.37058 0.11785
779.7464 19.43328 0.07581
779.79086 19.555 0.05922
780.74948 19.37806 0.07651
780.79415 19.30418 0.06049
782.7508 19.62073 0.10187
782.7956 19.39065 0.07926
783.7573 19.6467 0.14458
783.80103 19.49611 0.10278
784.74207 19.18708 0.14596
789.73736 19.44486 0.14567
789.78039 19.47172 0.10888
790.73125 19.47412 0.11946
790.77463 19.4704 0.10205
791.73123 19.4551 0.13257
791.77527 19.43536 0.12965
793.74743 19.41756 0.07574
793.79097 19.37789 0.07181
794.75972 19.36392 0.06016
794.81629 19.46541 0.07196
809.66644 19.45984 0.11954
809.7101 19.55384 0.08849
811.66044 19.82592 0.15509
811.7042 19.60101 0.11097
812.65876 19.22725 0.11738
812.70198 19.2547 0.0866
813.66257 19.67386 0.15565
813.70671 19.34373 0.08321
817.72795 19.59518 0.16804
820.63925 19.5755 0.10721
820.68324 19.54258 0.17757
821.63464 19.42918 0.08301
822.63132 19.34012 0.08153
822.67415 19.35646 0.06817
823.62908 19.45118 0.09269
823.67275 19.59551 0.07628
824.62608 19.15818 0.11526
824.6697 19.43165 0.07135
838.61464 19.57599 0.10202
838.65944 19.42004 0.09061
842.61856 19.3743 0.17056
842.66208 19.57349 0.14276
843.61073 19.41377 0.17977
843.65444 19.22087 0.1015
844.60924 19.59065 0.19168
844.65374 19.25747 0.1016
849.60547 19.48286 0.07041
849.65079 19.66039 0.09345
850.60468 19.40307 0.06559
850.64918 19.4133 0.06556
851.60318 19.3611 0.06379
851.64641 19.38095 0.0541
852.60416 19.49173 0.07651
852.6481 19.41448 0.05535
853.60163 19.22938 0.07069
853.6463 19.29191 0.05628
854.60164 19.51267 0.08042
854.64607 19.26249 0.05056
866.5884 19.31263 0.07045
866.64679 19.34611 0.05758
867.58757 19.56244 0.09799
867.63053 19.55016 0.0814
868.5865 19.65909 0.10295
868.63002 19.21163 0.06069
873.82781 19.42864 0.18208
880.87841 19.56621 0.0918
882.86968 19.29874 0.0712
882.87146 19.39171 0.06856
882.91495 19.43931 0.08506
883.86679 19.48044 0.07022
883.91496 19.21631 0.14139
887.63181 19.30606 0.05672
887.68352 19.27155 0.05216
889.80049 19.30006 0.0454
889.84447 19.32596 0.05107
891.57974 19.20746 0.0579
891.6225 19.1947 0.04989
893.58261 19.45424 0.06608
893.62546 19.33072 0.0568
894.58144 19.319 0.06664
894.62473 19.3059 0.11798
895.57997 19.07679 0.18837
896.58202 19.49459 0.08
898.82137 19.34101 0.11271
898.86551 19.46872 0.0971
902.58519 19.3442 0.11175
902.64414 19.62586 0.1329
903.58342 19.32893 0.11659
903.62024 19.29273 0.09675
904.58683 19.56563 0.17156
906.58378 19.52453 0.09198
906.64029 19.44218 0.09737
916.59575 19.26845 0.05809
916.64026 19.30543 0.05227
922.6423 19.29919 0.05193
923.59751 19.42706 0.06529
923.64145 19.44651 0.0614
924.60837 19.42078 0.05458
925.59941 19.33226 0.08606
925.67897 19.26051 0.04989
926.58279 19.31324 0.06203
926.62543 19.24781 0.05423
930.58585 19.57815 0.1269
930.62499 19.19263 0.09952
931.58458 19.52834 0.11351
931.62692 19.52945 0.10151
932.62858 19.39993 0.08729
936.60917 19.31493 0.08052
936.65247 19.50492 0.08774
937.58951 19.18478 0.07069
939.64879 19.3145 0.06532
939.6851 19.60495 0.0876
940.59145 19.33501 0.09343
940.64013 19.77794 0.14134
943.69972 19.5249 0.0709
943.74446 19.56147 0.08508
944.64379 19.37042 0.05929
944.67224 19.44572 0.06469
946.63797 19.55597 0.12995
947.59349 19.33936 0.06247
947.63713 19.391 0.10231
949.64923 19.36995 0.05941
949.6924 19.54394 0.08871
952.60617 19.37847 0.0639
952.64932 19.19928 0.07569
953.59751 19.3599 0.06946
953.64127 19.61308 0.0754
954.59787 19.59002 0.08833
954.64157 19.48603 0.1017
958.61566 19.36473 0.08251
958.67117 19.10825 0.10284
959.64574 19.2084 0.10669
960.60205 19.57355 0.11747
962.61935 19.40931 0.11676
1059.98484 19.54082 0.17288
1060.97134 19.45364 0.09758
1061.96903 19.22746 0.10162
1063.96519 19.46536 0.11708
1065.96588 19.5499 0.12161
1066.96916 19.49796 0.11687
1067.96802 19.45882 0.10466
1068.98301 19.6508 0.18203
1070.97101 19.49034 0.13757
1071.95528 19.49064 0.11249
1075.93073 19.51392 0.09351
1075.96117 19.56072 0.08877
1076.96161 19.28278 0.08076
1077.97941 19.48256 0.18149
1078.92335 19.47868 0.0932
1078.95394 19.61868 0.0916
1079.91957 19.30938 0.09361
1079.94994 19.2999 0.07009
1079.97946 19.49778 0.13537
1084.95914 19.21718 0.11675
1086.90079 19.20662 0.13279
1086.9317 19.39719 0.09358
1086.96186 19.7385 0.11217
1087.95118 19.5192 0.12455
1088.93216 19.63387 0.10606
1088.96298 19.45915 0.09405
1089.90743 19.62247 0.11586
1089.9375 19.44393 0.08678
1090.89626 19.54883 0.13782
1091.93224 19.24986 0.07607
1091.96189 19.51774 0.07676
1092.88532 19.38622 0.08198
1092.91513 19.51971 0.09197
1092.94551 19.34275 0.07356
1093.88544 19.51658 0.11007
1093.91605 19.22116 0.0761
1093.95942 19.4428 0.0654
1094.90895 19.50685 0.0999
1094.93794 19.48469 0.06971
1095.89413 19.53942 0.0926
1095.92394 19.53029 0.09087
1095.95378 19.47375 0.07239
1096.8846 19.57998 0.09257
1096.91464 19.59346 0.07278
1096.94475 19.56341 0.0685
1097.87211 19.81691 0.15455
1097.90204 19.3202 0.06958
1099.86796 19.53857 0.07811
1099.8979 19.44135 0.06128
1099.92867 19.40662 0.05558
1100.87134 19.40877 0.09488
1100.9014 19.56801 0.08526
1100.93113 19.44312 0.07366
1101.86099 19.53102 0.15016
1101.89166 19.63127 0.11425
1101.92164 19.56227 0.07797
1102.85884 19.5789 0.0832
1102.88948 19.52905 0.07067
1102.91975 19.38373 0.05678
1103.85688 19.60717 0.1183
1103.89198 19.35773 0.0913
1103.92203 19.48541 0.07639
1104.86298 19.65582 0.09387
1104.89266 19.50088 0.07486
1104.92258 19.52205 0.06508
1105.87772 19.35018 0.06957
1105.90846 19.45975 0.06938
1105.93782 19.48766 0.07005
1106.84826 19.51331 0.08498
1106.87859 19.40775 0.06718
1106.90907 19.28989 0.05567
1107.84497 19.54419 0.15228
1107.87579 19.40649 0.07817
1107.90655 19.42442 0.06848
1108.86703 19.59748 0.17156
1108.89669 19.24897 0.07898
1108.92686 19.59024 0.07269
1109.93363 19.52354 0.08537
1110.86774 19.45708 0.12897
1110.89782 19.42879 0.10858
1110.92786 19.6408 0.10947
1111.86949 19.42773 0.17276
1111.91431 19.68406 0.13228
1111.94457 19.3287 0.09717
1112.91217 19.65067 0.13223
1113.8878 19.5625 0.16456
1113.93235 19.49098 0.11476
1113.96218 19.55035 0.10569
1114.87108 19.41847 0.12778
1114.92357 19.62705 0.10718
1114.95378 19.38981 0.08998
1115.88797 19.24142 0.10426
1115.9179 19.40855 0.08897
1116.90131 19.38751 0.07969
1116.93261 19.72115 0.09617
1116.96078 19.47989 0.08506
1117.89333 19.41707 0.09298
1117.92405 19.44377 0.08128
1118.82762 19.69368 0.15556
1118.85812 19.51481 0.09971
1118.8884 19.82999 0.10877
1119.81535 19.70711 0.12278
1119.84536 19.31423 0.12956
1120.95573 19.33209 0.1088
1123.80269 19.46988 0.08472
1123.8333 19.24571 0.06758
1123.86323 19.40092 0.06529
1124.8239 19.65775 0.08521
1124.85579 19.51852 0.08332
1124.90647 19.64376 0.06662
1125.83541 19.53863 0.07737
1125.8655 19.46422 0.06491
1125.89611 19.3297 0.06197
1126.79674 19.37611 0.08547
1126.82683 19.48998 0.08253
1127.84219 19.40088 0.07456
1127.87262 19.35453 0.06106
1128.79045 19.48281 0.09178
1128.8202 19.38165 0.06177
1128.8509 19.39523 0.05832
1129.81763 19.38024 0.07218
1129.84839 19.38406 0.06208
1130.78415 19.4356 0.09463
1130.81619 19.26335 0.09302
1130.84603 19.46919 0.07074
1131.81956 19.6286 0.08357
1131.84966 19.40501 0.0639
1131.87991 19.32814 0.05514
1132.81342 19.56697 0.07247
1132.85526 19.49985 0.06418
1133.77702 19.46225 0.07958
1133.80732 19.37764 0.06478
1133.83817 19.50409 0.06337
1135.77548 19.54572 0.08907
1135.80558 19.35128 0.06019
1135.8357 19.42062 0.04646
1136.78168 19.17502 0.07662
1136.81139 19.44986 0.07588
1136.84105 19.57534 0.06856
1137.77719 19.55187 0.10119
1137.8165 19.79168 0.12646
1137.84943 19.24719 0.07741
1143.75013 19.54943 0.18277
1143.77946 19.25911 0.10238
1143.81202 19.41642 0.11507
1144.79078 19.20238 0.09118
1144.82138 19.2257 0.0816
1145.74531 19.30969 0.13567
1145.77477 19.73058 0.16067
1145.80436 19.56337 0.14766
1146.77217 19.23923 0.12612
1146.83591 19.14292 0.08181
1147.75046 19.53152 0.10835
1147.78019 19.67784 0.11515
1147.81614 19.61029 0.10128
1148.73743 19.76576 0.09543
1148.76798 19.60849 0.07968
1148.79928 19.58222 0.10007
1151.84315 19.33414 0.04417
1151.87618 19.45024 0.04674
1151.91621 19.3003 0.03854
1164.86055 19.43213 0.03954
1164.89061 19.34976 0.03686
1164.92052 19.3251 0.03757
1165.82275 19.30849 0.05266
1165.85221 19.39145 0.04448
1165.88255 19.34454 0.03978
1166.78411 19.40479 0.06289
1166.82415 19.3679 0.05598
1166.85436 19.39331 0.0516
1167.76082 19.70046 0.08592
1167.79008 19.43024 0.0818
1167.82893 19.46637 0.06102
1168.73084 19.41801 0.09592
1168.76135 19.45308 0.08709
1168.79094 19.41801 0.07403
1169.73488 19.46301 0.11969
1169.78208 19.38338 0.12268
1170.73648 19.46353 0.16165
1170.76821 19.67445 0.11877
1176.66101 19.69533 0.1205
1176.74473 19.35412 0.09307
1176.77537 19.43139 0.08268
1177.67775 19.41701 0.05941
1177.71467 19.41962 0.05291
1177.7448 19.38958 0.04741
1178.65701 19.61434 0.0913
1178.7245 19.42526 0.05547
1178.75548 19.39284 0.04897
1189.71737 19.43496 0.05589
1189.74707 19.46997 0.05129
1194.65274 19.77823 0.11349
1194.68156 19.57263 0.11626
1194.73072 19.6065 0.07057
1195.63238 19.77307 0.10669
1195.68489 19.3638 0.09666
1195.74387 19.48094 0.07457
1196.64868 19.38111 0.07817
1196.67925 19.52307 0.08856
1196.70945 19.41355 0.08028
1197.62224 19.83743 0.14326
1197.65122 19.6934 0.1303
1197.68048 19.57397 0.10946
1198.63271 19.788 0.16542
1198.66294 19.82299 0.14942
1198.69225 19.4067 0.12018
1202.61563 19.87928 0.15573
1202.70169 19.74199 0.1238
1207.71676 19.55845 0.08932
1207.82773 19.68626 0.11982
1224.66207 19.45805 0.07671
1224.69182 19.62717 0.0821
1225.74851 19.53465 0.07726
1225.84088 19.58598 0.08125
1227.72154 19.40125 0.09892
1227.75148 19.77435 0.1008
1228.67316 19.3728 0.12626
1228.71 19.42782 0.10096
1229.61202 19.28199 0.12027
1229.68338 19.4451 0.10248
1230.64599 19.41282 0.11031
1230.73676 19.50342 0.10934
1231.86041 19.68587 0.11996
1232.82116 19.36466 0.08416
1233.75399 19.52314 0.07403
1233.78371 19.83361 0.12421
1234.68453 19.49327 0.06768
1234.71313 19.45585 0.06778
1235.61461 19.4484 0.06661
1235.64419 19.47365 0.05298
1236.58514 19.58804 0.0888
1236.61561 19.46266 0.06049
1237.58477 19.42192 0.06678
1237.61509 19.40229 0.05508
1238.58334 19.48644 0.08076
1238.61531 19.36385 0.05995
1239.58294 19.57492 0.07585
1239.61141 19.35753 0.05545
1251.83071 19.52959 0.06367
1251.86073 19.4963 0.0651
1252.58576 19.46862 0.05799
1252.60631 19.46122 0.05782
1252.62487 19.52251 0.0575
1252.64555 19.45823 0.06238
1252.66096 19.49529 0.05822
1252.69879 19.39187 0.0547
1252.71706 19.44092 0.06129
1252.73499 19.48519 0.05211
1252.75258 19.53516 0.05542
1252.76856 19.57319 0.06098
1252.78929 19.44871 0.06591
1252.80517 19.43542 0.06831
1252.821 19.56072 0.06449
1252.83831 19.36936 0.05741
1252.85634 19.37473 0.05751
1253.58621 19.47013 0.06466
1253.60335 19.43576 0.06637
1253.62054 19.56824 0.07007
1253.63682 19.52507 0.05876
1253.6539 19.41808 0.06096
1253.6721 19.44704 0.06606
1253.70902 19.48141 0.07006
1253.7307 19.42866 0.06385
1253.75003 19.41779 0.08017
1253.76637 19.5518 0.09433
1253.78832 19.44343 0.07578
1253.8078 19.3311 0.07317
1253.82956 19.36539 0.07038
1253.85372 19.50562 0.07829
1254.74613 19.50702 0.06646
1254.77889 19.45505 0.07218
1255.68248 19.35287 0.07555
1255.7252 19.61887 0.08088
1256.62657 19.47983 0.08655
1256.6557 19.35328 0.10315
1257.58763 19.39306 0.09138
1257.64219 19.52802 0.08388
1258.58614 19.67032 0.11957
1258.61848 19.58187 0.09687
1259.59443 19.43565 0.09897
1259.62495 19.39976 0.11647
1265.629 19.46302 0.05134
1265.6592 19.43594 0.05841
1266.58222 19.34895 0.0781
1266.6126 19.48917 0.18527
1267.58751 19.44489 0.05155
1267.61751 19.56162 0.05555
1268.59364 19.49173 0.05086
1268.62314 19.47419 0.05107
1269.58319 19.40833 0.05368
1269.58435 19.51723 0.04919
1269.58546 19.58023 0.05399
1269.58657 19.46609 0.04839
1269.58771 19.42147 0.0475
1269.58893 19.51207 0.05008
1269.59006 19.46497 0.04977
1269.59133 19.442 0.04679
1269.59245 19.45366 0.04603
1269.59364 19.40185 0.04572
1269.59478 19.52407 0.04969
1269.596 19.52042 0.04839
1269.59713 19.46857 0.04881
1269.59843 19.47207 0.04529
1269.59956 19.39697 0.0459
1269.60977 19.57524 0.05178
1269.61093 19.48807 0.04774
1269.6121 19.45087 0.04598
1269.61321 19.46189 0.04669
1269.61434 19.44921 0.04619
1269.61547 19.56131 0.0518
1269.61659 19.52441 0.0491
1269.61773 19.52378 0.0491
1269.61884 19.46614 0.04748
1269.61995 19.43015 0.04737
1269.62115 19.54234 0.04959
1269.6223 19.41533 0.04867
1269.62343 19.37893 0.04221
1269.62457 19.46609 0.04516
1269.62569 19.40159 0.04272
1269.62688 19.40121 0.04368
1269.628 19.43653 0.04419
1269.6375 19.64506 0.05422
1269.63881 19.4402 0.045
1269.64001 19.56548 0.04888
1269.64114 19.42135 0.0447
1269.64226 19.47721 0.04661
1269.64337 19.43954 0.0442
1269.6445 19.46344 0.04329
1269.64562 19.35351 0.04258
1269.64675 19.48852 0.04589
1269.64789 19.43475 0.04547
1269.64905 19.41967 0.04491
1269.65017 19.43095 0.04188
1269.65129 19.46394 0.04311
1269.65247 19.43936 0.04338
1269.65359 19.51641 0.05008
1269.65473 19.41341 0.04509
1269.65585 19.47101 0.04428
1269.65698 19.54777 0.04726
1269.65819 19.495 0.04417
1269.65932 19.46005 0.04486
1269.66055 19.47138 0.04519
1269.66167 19.51462 0.04697
1269.66279 19.41791 0.04401
1269.66393 19.47553 0.04367
1269.66595 19.37873 0.04119
1269.66717 19.32698 0.04261
1269.66829 19.50479 0.04689
1269.66952 19.38173 0.04018
1269.67064 19.44958 0.04177
1269.67184 19.50398 0.04626
1269.673 19.40334 0.04179
1269.67412 19.45578 0.04189
1269.67533 19.41298 0.04297
1269.67646 19.42029 0.04328
1269.6776 19.42381 0.04336
1269.67883 19.43055 0.04357
1269.67997 19.50625 0.04159
1269.6812 19.42135 0.04047
1269.68232 19.492 0.04208
1269.68343 19.47041 0.04347
1269.68473 19.52897 0.04347
1269.68592 19.47442 0.04267
1269.68705 19.42978 0.04198
1269.68816 19.52264 0.04459
1269.68929 19.45357 0.04558
1269.69041 19.31853 0.04197
1269.69157 19.40641 0.04277
1269.69269 19.51708 0.0442
1269.69383 19.46304 0.04327
1269.69496 19.44282 0.04348
1269.69608 19.46375 0.04418
1269.69898 19.45983 0.04228
1269.70011 19.44585 0.04197
1269.70126 19.37034 0.04348
1269.70241 19.46146 0.04517
1269.70357 19.38223 0.04308
1269.70468 19.41895 0.04448
1269.70581 19.45338 0.04217
1269.70705 19.49999 0.04668
1269.70816 19.40736 0.04148
1269.70937 19.46158 0.0451
1269.7105 19.49582 0.04637
1269.71167 19.46134 0.04417
1269.7128 19.35379 0.042
1269.71403 19.46327 0.04517
1269.71516 19.45448 0.0448
1269.7163 19.50832 0.04598
1269.72641 19.32841 0.04689
1269.72763 19.43487 0.04559
1269.72875 19.42922 0.04357
1269.72987 19.42509 0.04688
1269.731 19.50646 0.04658
1269.73213 19.54339 0.04641
1269.73326 19.46599 0.0444
1269.73438 19.41914 0.04707
1269.73557 19.46176 0.04839
1269.73682 19.34443 0.04291
1269.73796 19.42515 0.04727
1269.73911 19.49853 0.05097
1269.74036 19.36349 0.04379
1269.74147 19.35973 0.04507
1269.74272 19.47054 0.04518
1269.74391 19.48962 0.04529
1269.74502 19.52622 0.0499
1269.7462 19.52029 0.04877
1269.74734 19.41738 0.04551
1269.74846 19.47475 0.04707
1269.74961 19.49518 0.04859
1269.75074 19.49112 0.04778
1269.75201 19.36512 0.04667
1269.75316 19.39417 0.04698
1269.75429 19.39989 0.04748
1269.75553 19.45447 0.04827
1269.75665 19.46611 0.04769
1269.75779 19.46664 0.04917
1269.75895 19.43642 0.04848
1269.76008 19.38263 0.04707
1269.76123 19.55236 0.05087
1269.76235 19.50334 0.05157
1269.76348 19.53815 0.05027
1269.76459 19.49827 0.05279
1269.76573 19.44611 0.04949
1269.78036 19.45072 0.05379
1269.78151 19.43728 0.05246
1269.78271 19.46796 0.05558
1269.78391 19.49854 0.05036
1269.78511 19.46509 0.04869
1269.78751 19.4601 0.04947
1269.78876 19.40647 0.05108
1269.78989 19.43186 0.05997
1269.79108 19.41258 0.05496
1269.79227 19.43765 0.05477
1269.79356 19.56951 0.05736
1269.79478 19.53503 0.05137
1269.7959 19.57139 0.05567
1269.79701 19.46276 0.05656
1269.79816 19.52167 0.05568
1269.79928 19.38609 0.0495
1269.80041 19.34832 0.05147
1269.80156 19.43457 0.0499
1269.80276 19.42313 0.05437
1269.80404 19.58416 0.05945
1269.80517 19.42114 0.05617
1269.80638 19.4274 0.05397
1269.80752 19.15129 0.04269
1269.80866 19.49628 0.05887
1270.57931 19.48523 0.06032
1270.58058 19.46042 0.051
1270.58188 19.42966 0.04881
1270.58305 19.48375 0.0534
1270.58429 19.45727 0.04951
1270.58556 19.57308 0.04951
1270.58671 19.47659 0.04811
1270.58798 19.38106 0.04463
1270.58926 19.47035 0.0469
1270.59051 19.38588 0.04512
1270.59176 19.41285 0.0443
1270.59301 19.5466 0.04291
1270.59588 19.49763 0.047
1270.59719 19.38092 0.04369
1270.59846 19.41877 0.04331
1270.59973 19.37696 0.0444
1270.60101 19.45583 0.04411
1270.60229 19.50757 0.04335
1270.60361 19.48376 0.04409
1270.60484 19.44108 0.04612
1270.60617 19.4878 0.04792
1270.60868 19.46966 0.04354
1270.60993 19.44492 0.04452
1270.61121 19.36839 0.0447
1270.61244 19.4291 0.04368
1270.61368 19.44216 0.04242
1270.61481 19.38798 0.0445
1270.61593 19.4532 0.0444
1270.61713 19.54264 0.046
1270.61835 19.41757 0.04419
1270.61963 19.45963 0.04457
1270.62082 19.51361 0.04659
1270.62212 19.50351 0.04161
1270.62324 19.44101 0.04201
1270.62438 19.4712 0.04304
1270.6255 19.44718 0.04681
1270.62668 19.47014 0.04501
1270.62781 19.37708 0.04551
1270.62895 19.46066 0.04691
1270.63017 19.4121 0.04533
1270.6313 19.42859 0.0435
1270.63259 19.5012 0.04422
1270.63372 19.42621 0.04171
1270.63484 19.38314 0.04412
1270.64581 19.4392 0.0495
1270.64713 19.46102 0.04211
1270.64825 19.39027 0.04283
1270.6495 19.43622 0.04291
1270.65082 19.3699 0.04614
1270.65222 19.48944 0.04602
1270.65336 19.50473 0.04738
1270.6545 19.42969 0.04352
1270.65562 19.35206 0.04471
1270.65697 19.38786 0.04382
1270.65832 19.49599 0.04533
1270.65959 19.46656 0.04614
1270.66092 19.4742 0.04772
1270.66217 19.41221 0.04284
1270.66351 19.41515 0.04464
1270.66477 19.43295 0.04372
1270.67891 19.42104 0.04874
1270.68008 19.57449 0.0502
1270.68122 19.48739 0.04381
1270.68243 19.39466 0.04207
1270.68382 19.38325 0.04288
1270.68508 19.37996 0.04331
1270.68653 19.4057 0.04401
1270.68784 19.37723 0.0415
1270.68912 19.42506 0.04164
1270.69114 19.42423 0.04236
1270.69232 19.31096 0.04204
1270.69365 19.41074 0.04447
1270.6948 19.45909 0.04381
1270.69617 19.4303 0.04242
1270.69746 19.48173 0.04691
1270.6986 19.48367 0.04725
1270.6999 19.3698 0.04292
1270.70121 19.46826 0.04471
1270.70235 19.34118 0.04262
1270.70349 19.44192 0.04339
1270.70482 19.53843 0.0455
1270.70613 19.43015 0.04335
1270.70726 19.38391 0.04421
1270.7086 19.39671 0.04486
1270.70972 19.41681 0.04311
1270.71103 19.53094 0.0502
1270.71235 19.45701 0.04539
1270.71347 19.40515 0.04415
1270.71481 19.50139 0.0471
1270.71608 19.5111 0.0485
1270.71722 19.44553 0.04581
1270.71853 19.52321 0.04721
1270.71967 19.35137 0.04222
1270.72098 19.45794 0.04472
1270.72302 19.46707 0.04752
1270.72439 19.51065 0.04934
1270.72553 19.49288 0.04772
1270.72665 19.48526 0.04793
1270.72793 19.39832 0.04841
1270.72927 19.40514 0.0464
1270.73043 19.4119 0.0467
1270.73161 19.33936 0.04547
1270.73292 19.41242 0.0457
1270.73506 19.41028 0.04522
1270.73622 19.37481 0.04778
1270.73753 19.46349 0.04859
1270.73887 19.45963 0.0492
1270.74001 19.43554 0.04831
1270.74126 19.50919 0.04889
1270.7424 19.54715 0.05061
1270.74369 19.47662 0.04917
1270.74498 19.41261 0.0475
1270.74609 19.52167 0.05208
1270.74744 19.42819 0.04719
1270.7486 19.43094 0.04631
1270.74995 19.40709 0.0458
1270.75121 19.46393 0.04989
1270.75241 19.39919 0.04719
1270.75372 19.43198 0.04521
1270.75502 19.46388 0.0481
1270.75706 19.42415 0.04912
1270.75826 19.52952 0.05051
1270.75948 19.45561 0.04861
1270.76078 19.61489 0.05389
1270.76208 19.56604 0.05099
1270.77223 19.5026 0.05849
1270.77464 19.44971 0.05317
1270.77775 19.45752 0.05331
1270.77887 19.53361 0.05768
1270.78012 19.44553 0.05171
1270.78147 19.46553 0.0539
1270.78273 19.36416 0.05149
1270.784 19.48419 0.05668
1270.78526 19.57255 0.06178
1270.78661 19.49613 0.05627
1270.78776 19.42305 0.05499
1270.7891 19.58732 0.05806
1270.79021 19.43347 0.05679
1270.79151 19.52308 0.06048
1270.7928 19.42802 0.05428
1270.79391 19.53488 0.05838
1270.79508 19.35552 0.0533
1270.79619 19.47194 0.05549
1270.7975 19.38148 0.05218
1270.79862 19.51495 0.05787
1270.79991 19.45623 0.05667
1270.80111 19.54826 0.06089
1270.80249 19.4247 0.0549
1270.80509 19.34532 0.05637
1270.80715 19.47222 0.05828
1270.80837 19.44658 0.06061
1270.80963 19.50568 0.06218
1271.71236 19.45855 0.05709
1271.74462 19.6043 0.06501
1272.64495 19.49861 0.05397
1272.7082 19.48295 0.05715
1273.60993 19.504 0.05448
1273.63946 19.40277 0.05948
1281.58737 19.61062 0.07801
1281.61668 19.48977 0.06933
1282.58095 19.46252 0.06587
1282.61036 19.56121 0.07637
1282.62819 19.44322 0.06338
1297.58897 19.51892 0.05507
1297.59019 19.58859 0.05619
1297.5937 19.61801 0.05478
1297.59722 19.6044 0.0527
1297.59904 19.60389 0.05646
1297.60164 19.42726 0.04929
1297.60284 19.41146 0.04958
1297.6053 19.43752 0.04781
1297.61734 19.50946 0.05607
1297.61965 19.40798 0.0486
1297.62198 19.54268 0.05487
1297.62474 19.50167 0.05058
1297.62597 19.44668 0.05239
1297.62818 19.45962 0.04792
1297.63051 19.40079 0.04883
1297.63246 19.4543 0.05168
1297.6337 19.43659 0.05308
1297.63597 19.47605 0.05372
1297.63722 19.46705 0.0532
1297.63944 19.47818 0.05269
1297.64162 19.43888 0.053
1297.64281 19.38777 0.0532
1297.64393 19.49353 0.05278
1297.64612 19.47595 0.05259
1297.64742 19.44778 0.05499
1297.64964 19.47656 0.05221
1297.65084 19.39737 0.05857
1297.65434 19.43146 0.05021
1297.65811 19.46128 0.05169
1297.65988 19.46821 0.05787
1297.66121 19.47622 0.05258
1297.66483 19.41434 0.05418
1297.66714 19.43843 0.053
1297.67315 19.53482 0.05499
1297.67547 19.44484 0.05658
1297.67675 19.43027 0.05468
1297.67954 19.48718 0.05653
1297.68076 19.36824 0.05157
1297.6819 19.51096 0.0562
1297.68325 19.44771 0.05639
1297.68541 19.46508 0.05347
1297.68786 19.51853 0.05828
1297.69171 19.4156 0.05638
1297.69635 19.6254 0.06048
1297.69767 19.44583 0.05411
1297.70113 19.49579 0.05966
1297.70743 19.53243 0.06167
1297.71084 19.38535 0.05406
1297.71401 19.44991 0.05678
1297.71668 19.65024 0.06257
1297.7179 19.31693 0.07147
1297.72049 19.63033 0.07007
1297.72327 19.56418 0.06477
1297.72448 19.49331 0.06768
1297.72584 19.49685 0.05988
1297.72772 19.58027 0.06267
1297.72894 19.48157 0.06019
1297.74317 19.67516 0.06846
1297.74683 19.53848 0.07246
1297.74996 19.31077 0.06696
1297.75123 19.53995 0.06757
1297.75493 19.60662 0.07225
1297.75709 19.39013 0.06585
1297.7583 19.36381 0.06866
1297.76047 19.32135 0.08296
1297.76167 19.49329 0.07116
1297.76388 19.42655 0.06407
1297.76506 19.4533 0.06487
1297.76834 19.55093 0.07416
1297.77069 19.57045 0.08346
1297.77185 19.47478 0.07698
1297.77383 19.40025 0.07947
1297.79199 19.58668 0.08198
1297.79318 19.4336 0.07847
1297.79645 19.45482 0.08636
1297.79838 19.44184 0.08339
1297.79953 19.59587 0.09338
1297.80077 19.6279 0.09499
1297.80192 19.76183 0.10305
1297.80312 19.38918 0.09027
1297.80437 19.58322 0.11715
1297.80564 19.75753 0.10727
1297.80864 19.66304 0.10406
1298.58895 19.2861 0.06527
1298.59013 19.43521 0.06708
1298.59235 19.6342 0.10983
1298.59354 19.45967 0.09217
1298.59724 19.71679 0.10175
1298.59842 19.57371 0.10028
1298.60089 19.61394 0.10474
1298.6021 19.64267 0.08516
1298.60332 19.55274 0.10332
1298.60466 19.39547 0.09815
1298.60701 19.36568 0.08838
1298.60823 19.36005 0.09897
1298.61034 19.61011 0.0914
1298.61272 19.49656 0.07952
1298.61595 19.6163 0.06997
1298.61811 19.4548 0.05476
1298.62047 19.51777 0.06237
1298.62171 19.43818 0.07501
1298.62426 19.41444 0.06009
1298.62643 19.60652 0.07441
1298.62762 19.50309 0.086
1298.63098 19.36221 0.06653
1298.63219 19.35593 0.06283
1298.63473 19.43477 0.07372
1298.63687 19.44629 0.06521
1298.63807 19.56827 0.07854
1298.63935 19.54361 0.07877
1298.64364 19.42817 0.05551
1298.64578 19.40223 0.0617
1298.64695 19.41885 0.06567
1298.6481 19.57741 0.06274
1298.65082 19.49607 0.07087
1298.65294 19.24339 0.05208
1298.65509 19.44109 0.05255
1298.65745 19.42952 0.09686
1298.65865 19.53364 0.05602
1298.66081 19.49014 0.05439
1298.66198 19.46763 0.05363
1298.66411 19.39179 0.05347
1298.66639 19.55212 0.05942
1298.6699 19.52984 0.05721
1298.68256 19.50717 0.06719
1298.68492 19.46286 0.07364
1298.68729 19.5168 0.09946
1298.68852 19.54778 0.1335
1301.59099 19.46207 0.05559
1302.5927 19.20593 0.17119
1302.62153 19.47303 0.07057
1305.59416 19.45955 0.05378
1305.62276 19.50155 0.0558
1307.60089 19.70159 0.09719
1307.63151 19.51047 0.06339
1308.60019 19.70428 0.07487
1310.60466 19.52236 0.07341
1310.63503 19.48852 0.07087
1311.59823 19.42733 0.07007
1311.62777 19.43443 0.074
1312.59699 19.57618 0.1004
1312.63396 19.69845 0.11608
1313.60478 19.44821 0.09006
1313.63593 19.63946 0.07988
1314.61498 19.36015 0.07907
1314.64504 19.64758 0.11386
1322.60046 19.76055 0.08422
1322.63022 19.79079 0.08042
1323.59943 19.61706 0.07087
1323.60059 19.3229 0.06129
1323.60172 19.53535 0.06316
1323.60284 19.46231 0.06549
1323.60396 19.46818 0.05647
1323.60508 19.62522 0.06656
1323.60621 19.41591 0.05956
1323.60734 19.39565 0.05838
1323.60846 19.55825 0.06248
1323.60959 19.45157 0.05958
1323.61071 19.63321 0.06525
1323.61183 19.40151 0.05939
1323.61297 19.32532 0.055
1323.61409 19.51203 0.06607
1323.61521 19.51513 0.06206
1323.61635 19.51862 0.06507
1323.61747 19.55928 0.06127
1323.61859 19.43928 0.06196
1323.61971 19.54555 0.06496
1323.62085 19.63065 0.06986
1323.62197 19.48437 0.06314
1323.62309 19.40828 0.05759
1323.62423 19.41475 0.06425
1323.62535 19.37949 0.06287
1323.62647 19.54167 0.06577
1323.62759 19.46624 0.06066
1323.62872 19.54738 0.06519
1323.62985 19.56497 0.06745
1323.63097 19.43062 0.06337
1323.6321 19.59492 0.06818
1323.63322 19.48653 0.06198
1323.63435 19.57007 0.07118
1323.63549 19.61345 0.06995
1323.63661 19.57881 0.06907
1323.63773 19.59338 0.06647
1323.63887 19.52727 0.06519
1323.63999 19.58633 0.06276
1323.64112 19.35983 0.06446
1323.64225 19.43177 0.06106
1323.64338 19.45728 0.06716
1323.6445 19.48169 0.06607
1323.64563 19.54158 0.06988
1323.64676 19.44827 0.06616
1323.64789 19.48013 0.06729
1323.64902 19.42924 0.06356
1323.65014 19.40935 0.06516
1323.65127 19.45539 0.06457
1323.6524 19.52676 0.06886
1323.65352 19.39554 0.06677
1323.65465 19.64106 0.07895
1323.65577 19.47424 0.07325
1323.65691 19.42584 0.07465
1323.65803 19.43912 0.07685
1323.65917 19.33217 0.06367
1323.66029 19.44016 0.07256
1323.66142 19.5953 0.08927
1323.66255 19.44714 0.06648
1323.66367 19.52411 0.07347
1323.6648 19.39918 0.06866
1323.66594 19.62901 0.07735
1323.66706 19.55675 0.07926
1323.66819 19.79192 0.09504
1323.66932 19.72441 0.08557
1323.67045 19.4912 0.08056
1323.67158 19.53671 0.07706
1323.67271 19.47397 0.07875
1323.67384 19.50123 0.07677
1323.67496 19.45425 0.09565
1323.67613 19.42716 0.06897
1323.67725 19.39998 0.09054
1323.67838 19.52556 0.08304
1323.67951 19.53123 0.09486
1323.68065 19.51582 0.07847
1323.68177 19.54717 0.08247
1323.6829 19.36349 0.07466
1323.68402 19.47754 0.07985
1323.68516 19.69442 0.09677
1323.68628 19.63603 0.08835
1323.68742 19.59256 0.09055
1323.68855 19.71951 0.08665
1323.68967 19.7161 0.08775
1323.69081 19.53194 0.08255
1323.69194 19.52114 0.08175
1323.69306 19.51606 0.08254
1323.6942 19.72624 0.10196
1323.69532 19.72518 0.09746
1323.69644 19.52098 0.09686
1323.69758 19.49317 0.08748
1323.6987 19.86207 0.11656
1323.69982 19.82379 0.10325
1323.70094 19.63914 0.10535
1323.70208 19.58368 0.09707
1323.7032 19.88071 0.11058
1323.70434 19.40153 0.09617
1323.70546 19.47177 0.10427
1323.70659 19.44896 0.10505
1323.70772 19.79583 0.12487
1323.70887 19.36057 0.12699
1323.71001 19.53641 0.15277
1323.71114 19.44983 0.12148
1323.71226 19.61082 0.13516
1323.7134 19.65972 0.11498
1323.71791 19.64141 0.14869
1323.72242 19.68802 0.13259
1323.72356 19.84763 0.20657
1323.72921 19.63664 0.1647
1324.6344 19.62206 0.06706
1324.67356 19.64883 0.07645
1328.60109 19.4402 0.06657
1328.63041 19.44494 0.05429
1329.6158 19.59122 0.08515
1330.60568 19.46873 0.05679
1330.63442 19.42583 0.06487
1336.60557 19.60656 0.08166
1336.6347 19.5551 0.08286
1337.61678 19.58646 0.06757
1337.646 19.61014 0.07776
1339.61462 19.83916 0.14008
1339.64973 19.45709 0.12762
1340.62168 19.37481 0.07681
1340.65261 19.42282 0.09243
1341.63432 19.22269 0.09892
1342.61542 19.47807 0.10232
1342.64414 19.73108 0.12672
1432.97832 19.92244 0.13915
1433.97522 19.5013 0.09547
1434.97306 19.60232 0.09925
1441.9545 19.57811 0.1456
1442.95121 19.52948 0.11498
1443.94843 19.34032 0.11476
1444.94545 19.63647 0.12139
1444.97977 19.38725 0.155
1446.9404 19.80159 0.10286
1446.9746 19.77991 0.11677
1447.93827 19.4657 0.06621
1447.97245 19.45631 0.08997
1448.93551 19.38936 0.06448
1448.97043 19.72158 0.09006
1449.9322 19.53704 0.06131
1449.96744 19.58296 0.06747
1450.93056 19.61395 0.07149
1450.96471 19.45218 0.0647
1451.92757 19.5787 0.07512
1451.96268 19.46098 0.07489
1452.92487 19.51683 0.06538
1452.95905 19.40212 0.06336
1453.9223 19.77773 0.08698
1453.95718 19.61569 0.0895
1454.91904 19.31991 0.06757
1454.9531 19.60835 0.07706
1455.91706 19.55234 0.07032
1455.95123 19.37222 0.05668
1456.91361 19.31372 0.0619
1456.94859 19.38942 0.05949
1457.91086 19.65651 0.10384
1457.9457 19.47002 0.07018
1458.90893 19.57236 0.07376
1458.94334 19.62345 0.06425
1459.90596 19.57121 0.06856
1459.94092 19.52069 0.06
1460.9034 19.43369 0.06616
1460.93791 19.46398 0.05799
1461.90107 19.36487 0.06548
1461.93811 19.4513 0.05902
1462.89824 19.42177 0.07118
1462.93439 19.53386 0.07069
1463.89576 19.7854 0.14514
1463.93218 19.51063 0.06183
1469.87982 19.35641 0.0973
1469.91685 19.4869 0.10157
1471.87375 19.4626 0.13187
1471.91001 19.49912 0.091
1473.90477 19.64409 0.12141
1475.86334 19.85419 0.1377
1475.9008 19.57345 0.09839
1476.86102 19.40966 0.09827
1476.89765 19.74415 0.13912
1477.85777 19.7053 0.14953
1485.83631 19.57929 0.07587
1486.83403 19.56503 0.07587
1486.87106 19.33031 0.05613
1488.83006 19.43052 0.06993
1488.86647 19.42376 0.05902
1489.82698 19.50665 0.07554
1489.86366 19.44465 0.06088
1491.8581 19.41244 0.12391
1498.802 19.57181 0.14084
1498.83888 19.43114 0.11586
1502.79167 19.63254 0.08075
1502.82864 19.3924 0.06877
1503.78903 19.54973 0.06986
1503.82769 19.55153 0.07067
1504.82017 19.63653 0.06971
1504.86992 19.4378 0.05567
1504.90811 19.4802 0.05453
1505.81768 19.66338 0.07145
1505.9509 19.43487 0.05438
1505.98842 19.439 0.07051
1506.89349 19.36488 0.05801
1507.80198 19.42669 0.0569
1507.84712 19.43431 0.05689
1507.99891 19.29565 0.05702
1508.90167 19.49448 0.04284
1509.79634 19.48142 0.05903
1509.83877 19.34569 0.05012
1510.8262 19.35384 0.04377
1511.79111 19.56612 0.05875
1511.84089 19.44405 0.05034
1512.78788 19.57726 0.06742
1512.82519 19.50142 0.05693
1513.78624 19.45755 0.05468
1513.82352 19.44996 0.04956
1514.7834 19.51815 0.06227
1514.82081 19.40475 0.04679
1515.78106 19.42088 0.06054
1515.82231 19.52043 0.05559
1516.77774 19.54433 0.05605
1516.81437 19.39925 0.04414
1517.77605 19.49852 0.06266
1517.81715 19.38567 0.04507
1517.97309 19.36689 0.04087
1518.87478 19.36392 0.04572
1518.96686 19.36136 0.04345
1519.00311 19.46502 0.05002
1519.90443 19.4175 0.04058
1519.96504 19.3888 0.04024
1520.00171 19.41892 0.04711
1520.90327 19.38006 0.04226
1520.95521 19.29067 0.03993
1520.99262 19.45257 0.04313
1521.89446 19.47153 0.04583
1521.95772 19.4579 0.04394
1521.99393 19.42496 0.04242
1528.72198 19.59133 0.18089
1528.81982 19.80168 0.11466
1528.87422 19.45334 0.09612
1529.90241 19.47316 0.08667
1529.93849 19.48621 0.09583
1529.97462 19.61292 0.10635
1532.71221 19.48753 0.07841
1532.85928 19.34244 0.05602
1532.89645 19.29175 0.04355
1533.79895 19.43443 0.0492
1533.93493 19.26495 0.04709
1533.97228 19.35476 0.04928
1537.84525 19.30475 0.0384
1537.9874 19.37215 0.03889
1539.69386 19.36353 0.06829
1539.88447 19.35564 0.03832
1539.9215 19.27284 0.03833
1540.97669 19.28204 0.03785
1541.6883 19.31622 0.06367
1541.83165 19.17807 0.14374
1542.96698 19.30715 0.04334
1543.00294 19.36447 0.04895
1543.97085 19.37468 0.04458
1544.00787 19.3341 0.04861
1546.67441 19.48119 0.07797
1546.75907 19.28201 0.05412
1546.94639 19.37401 0.04212
1547.84788 19.26129 0.04345
1548.0057 19.28797 0.04671
1548.66959 19.47715 0.09629
1548.70582 19.34259 0.07289
1548.74172 19.40895 0.06478
1549.66591 19.40384 0.08889
1549.70273 19.41362 0.07068
1549.73967 19.49943 0.06488
1550.66388 19.27349 0.09182
1550.6994 19.65328 0.10477
1550.73216 19.492 0.07637
1551.66063 19.59065 0.12577
1551.72202 19.61234 0.10016
1551.75862 19.36736 0.07847
1552.71291 19.46368 0.09867
1552.74635 19.57772 0.09597
1561.66061 19.52009 0.0614
1561.89034 19.41935 0.07719
1561.92356 19.53341 0.06728
1562.93459 19.46807 0.05299
1563.02169 19.46315 0.07699
1563.6524 19.49287 0.06877
1563.6893 19.39887 0.0624
1563.77494 19.41811 0.05009
1564.72602 19.41643 0.05708
1564.99301 19.2869 0.05299
1565.02672 19.41895 0.07158
1565.92832 19.43775 0.05132
1565.98151 19.34814 0.06398
1566.01544 19.46315 0.06798
1566.91724 19.36805 0.04799
1566.96287 19.35195 0.0505
1566.99591 19.4141 0.05635
1567.8986 19.35566 0.04178
1567.96702 19.28065 0.04269
1568.00039 19.41323 0.05058
1568.90245 19.43925 0.04308
1568.96343 19.49079 0.05131
1568.99843 19.53937 0.06319
1569.90084 19.38287 0.04528
1569.99803 19.53549 0.06369
1570.03082 19.39292 0.08538
1571.62526 19.42316 0.08077
1571.69052 19.59589 0.09985
1571.72419 19.31014 0.08122
1572.62632 19.28757 0.06251
1572.66032 19.395 0.0586
1572.69287 19.43492 0.07015
1573.61429 19.57725 0.08946
1573.64765 19.31185 0.06018
1573.77817 19.36242 0.0466
1576.83948 19.41772 0.04875
1577.00541 19.23551 0.06277
1577.60601 19.31969 0.0899
1577.63144 19.44337 0.0774
1577.77306 19.35629 0.05119
1578.67217 19.35005 0.06378
1578.69674 19.5077 0.06948
1578.75347 19.31598 0.05642
1579.73584 19.39487 0.07027
1579.85963 19.63106 0.07619
1579.88516 19.50896 0.06717
1580.7875 19.35048 0.07568
1580.8553 19.25914 0.066
1580.88022 19.44504 0.07061
1581.78167 19.48344 0.10889
1581.83883 19.57303 0.09256
1581.86464 19.61075 0.10219
1587.62864 19.40622 0.05808
1587.78993 19.33198 0.06831
1587.81475 19.46271 0.0742
1588.71625 19.38037 0.0951
1588.86644 19.59766 0.11142
1588.89281 19.27686 0.13606
1589.79481 19.34308 0.05378
1589.81959 19.34454 0.0561
1589.84642 19.38606 0.05299
1590.76387 19.44221 0.05222
1590.8749 19.50352 0.06487
1590.89969 19.56404 0.06596
1591.80204 19.42144 0.08709
1591.86057 19.46016 0.0567
1591.88508 19.40733 0.05044
1592.81972 19.3658 0.04363
1592.91348 19.37575 0.0577
1592.93852 19.37736 0.05888
1596.59731 19.56557 0.07193
1596.81771 19.59073 0.06838
1596.84238 19.43843 0.0559
1597.74425 19.52713 0.05681
1597.82393 19.5828 0.06988
1597.84943 19.33882 0.06733
1598.75163 19.45372 0.0624
1598.82179 19.69609 0.06908
1598.84855 19.36864 0.05471
1599.75014 19.37403 0.04789
1599.79577 19.3869 0.04731
1599.82112 19.40828 0.0478
1600.77441 19.37537 0.0492
1600.8753 19.41027 0.05769
1602.59024 19.53619 0.0844
1602.78065 19.61654 0.07678
1603.68227 19.45473 0.05799
1603.74296 19.41176 0.05949
1603.81581 19.32004 0.05013
1604.73691 19.50881 0.0498
1604.92616 19.29426 0.06139
1605.64733 19.37337 0.05179
1605.67213 19.44775 0.05477
1606.58401 19.45061 0.10339
1606.60932 19.39414 0.0741
1606.64241 19.61444 0.11845
1607.82225 19.65288 0.08227
1607.84927 19.38049 0.05927
1608.75086 19.44807 0.07198
1608.81398 19.5068 0.07507
1608.84048 19.51253 0.1156
1609.8617 19.48963 0.09826
1609.88847 19.62161 0.10549
1621.79766 19.33414 0.05292
1622.58588 19.40913 0.0564
1623.58717 19.2025 0.06466
1624.57999 19.35168 0.05604
1624.60429 19.41419 0.05244
1625.70494 19.46696 0.05011
1625.74386 19.40827 0.05308
1626.64578 19.46579 0.05094
1626.67007 19.31001 0.04895
1628.73144 19.36285 0.05422
1628.76212 19.38545 0.0567
1637.58042 19.36706 0.07508
1637.60549 19.5226 0.07607
1639.58002 19.6114 0.09775
1639.60438 19.33338 0.08096
1640.58279 19.27166 0.08418
1640.61699 19.75288 0.10789
1648.58277 19.42102 0.0606
1648.61266 19.51187 0.07099
1649.60387 19.17501 0.06594
1650.58762 19.5201 0.06569
1653.58621 19.64027 0.1057
1653.61955 19.60223 0.08759
1658.58519 19.40296 0.04696
1658.62914 19.27947 0.04968
1659.58605 19.36005 0.04783
1659.61086 19.42475 0.05143
1660.58569 19.47212 0.04951
1660.61029 19.35492 0.04566
1661.58623 19.42741 0.13809
1662.58587 19.37344 0.06823
1662.61038 19.62543 0.07503
1663.59143 19.3098 0.05308
1663.6171 19.57076 0.05749
1664.58594 19.36404 0.15835
1664.6104 19.43344 0.07654
1668.58721 19.74446 0.12667
1668.61177 19.44645 0.08396
1669.61423 19.3107 0.12351
1670.58877 19.59132 0.11356
1670.61422 19.52953 0.18172
1675.5969 19.33286 0.04957
1675.6459 19.3514 0.07441
1676.59181 19.35616 0.05522
1676.61781 19.42838 0.057
1677.60718 19.58854 0.11688
1677.71635 19.49979 0.14895
1678.61458 19.3252 0.05405
1678.64019 19.42004 0.05507
1680.60724 19.39257 0.05379
1683.59693 19.34372 0.05123
1683.63252 19.3456 0.05522
1685.59847 19.5285 0.09428
1685.6471 19.51745 0.07717
1687.59886 19.32573 0.05893
1687.64144 19.22915 0.06806
1690.60286 19.44302 0.0626
1690.64549 19.36686 0.05922
1697.60505 19.64252 0.08996
1699.60928 19.72377 0.10623
1816.96412 19.33593 0.07117
1816.97531 19.40263 0.08231
1817.96427 19.2856 0.05706
1817.97654 19.10931 0.09831
1818.96227 19.23455 0.04863
1818.97512 19.21139 0.07381
1819.96647 19.63124 0.12362
1819.97765 19.41026 0.12847
1820.96625 19.28657 0.10319
1820.97769 19.48509 0.15832
1821.96237 19.16091 0.10487
1822.96143 19.3948 0.10422
1822.97681 19.04945 0.12926
1823.96094 19.37979 0.11724
1823.97346 19.31557 0.12772
1824.96428 19.27544 0.07848
1824.97573 19.38284 0.08439
1825.96455 19.34871 0.08303
1825.97592 19.47241 0.11023
1826.96127 19.23228 0.07429
1826.97472 19.38723 0.09394
1827.96384 19.38229 0.06345
1827.97622 19.35653 0.09752
1828.9654 19.2446 0.05721
1828.97804 19.41979 0.08886
1829.96383 19.20091 0.04952
1829.97653 19.25322 0.05735
1830.96102 19.22551 0.04661
1830.97338 19.30037 0.05529
1831.96161 19.26956 0.0451
1831.97427 19.23556 0.05381
1832.9648 19.11786 0.04206
1832.97563 19.18005 0.04426
1833.96568 19.19914 0.0429
1833.97644 19.08329 0.05682
1834.96484 19.26445 0.04635
1834.9776 19.23603 0.06319
1835.96569 19.24455 0.05669
1835.97723 19.13797 0.08892
1836.96625 19.24038 0.04169
1836.97711 19.14655 0.05607
1837.96638 19.13981 0.03876
1837.98211 19.29415 0.0803
1838.96389 19.16297 0.04036
1838.9786 19.09832 0.05861
1839.96511 19.28746 0.04075
1839.97834 19.11727 0.05821
1840.96951 19.19744 0.04594
1840.98137 19.40041 0.07233
1841.96857 19.23838 0.04224
1841.98075 19.25988 0.06125
1844.96636 19.32313 0.05074
1844.97887 19.19288 0.04846
1845.96726 19.28164 0.04097
1845.98002 19.25239 0.04837
1846.96666 19.2954 0.03965
1846.98115 19.25627 0.04662
1847.96648 19.26197 0.03875
1848.96743 19.1827 0.03705
1848.98312 19.20622 0.05091
1849.96813 19.28366 0.07499
1849.98235 19.44092 0.079
1850.96941 19.37092 0.1127
1850.98368 19.23705 0.12585
1851.97048 19.22095 0.06671
1851.98675 19.23203 0.08379
1854.96165 19.34395 0.05837
1854.98771 19.19976 0.06566
1855.96071 19.28505 0.05868
1855.98393 19.47388 0.06649
1856.96087 19.53614 0.09388
1856.98328 19.22904 0.06977
1858.96243 19.17252 0.03926
1858.98507 19.18928 0.0411
1859.96515 19.19378 0.03787
1859.98697 19.18053 0.04523
1861.96231 19.1689 0.0387
1861.98508 19.28236 0.04078
1862.9659 19.27934 0.04144
1862.98227 19.22508 0.04075
1863.94981 19.21945 0.03851
1864.94576 19.25127 0.04773
1864.96947 19.26699 0.05291
1865.92975 19.28253 0.05731
1865.96089 19.23603 0.03476
1867.98799 19.22991 0.0401
1868.96536 19.20197 0.03873
1868.98567 19.15057 0.04054
1869.96092 19.19745 0.03676
1869.98231 19.14724 0.03507
1870.96467 19.1857 0.03516
1870.98635 19.2543 0.0369
1874.97428 19.17255 0.03483
1874.99622 19.23868 0.04281
1875.98151 19.24159 0.04391
1875.99752 19.29902 0.04582
1876.91773 19.20727 0.0353
1876.94717 19.19158 0.03459
1877.9745 19.20504 0.03334
1877.9957 19.20715 0.03694
1878.00741 19.34447 0.06787
1879.92838 19.40497 0.07331
1879.95816 19.30983 0.06653
1880.95792 19.29838 0.11582
1880.9882 19.4007 0.10731
1882.96877 19.18774 0.09822
1882.98848 19.50838 0.10531
1883.9421 19.22169 0.06221
1883.98158 19.16172 0.05747
1884.99956 19.21322 0.05903
1885.96448 19.30991 0.04836
1885.98159 19.2409 0.04869
1886.91453 19.18049 0.04483
1886.94264 19.18663 0.04427
1887.91623 19.25232 0.04115
1887.94902 19.2108 0.04029
1888.86519 19.22406 0.03421
1888.89905 19.14354 0.03483
1888.91008 19.17224 0.03531
1888.94196 19.23263 0.03935
1890.94091 19.2439 0.03771
1890.97479 19.22926 0.03937
1895.83087 19.14518 0.04385
1895.86667 19.26135 0.05509
1972.71463 19.19868 0.05678
1972.73749 19.33763 0.05932
1978.74407 19.23922 0.05084
1978.79927 19.31283 0.08259
1979.72374 19.30182 0.06824
1980.71766 19.31252 0.04909
1980.83416 19.17424 0.05046
1981.71538 19.22084 0.04619
1981.77818 19.31366 0.04656
1984.71333 19.46903 0.06502
1984.78092 19.19218 0.0684
1986.72544 19.19471 0.04837
1986.79095 19.31377 0.06189
1987.70535 19.28769 0.05172
1987.76948 19.43252 0.05834
1988.66321 19.19134 0.04856
1989.60286 19.32355 0.05153
1989.66828 19.15427 0.04365
1990.59847 19.12247 0.05281
1990.66232 19.21573 0.04795
1991.66882 19.40052 0.10302
2555.93989 18.95587 0.03961
2555.96363 18.89285 0.04155
2564.94449 19.01747 0.05712
2564.95195 19.00306 0.06199
2565.94418 18.8407 0.04501
2567.951 18.96462 0.04861
2567.97572 18.88014 0.05074
2568.92119 18.77046 0.046
2568.97479 18.84246 0.04869
2569.92685 18.85295 0.03509
2570.93954 18.88708 0.03494
2571.91515 18.93384 0.04017
2571.96845 18.99229 0.0415
2572.94 18.88936 0.03411
2572.961 18.89537 0.03714
2573.95955 18.99231 0.0355
2573.98653 19.05562 0.0943
2574.96997 18.88844 0.03999
2575.96076 18.92049 0.03305
2576.95096 18.91028 0.03528
2577.97714 18.80033 0.03984
2578.93031 18.89507 0.03555
2579.93833 18.93664 0.03474
2579.96636 18.93793 0.0357
2580.94991 18.79986 0.0328
2580.97641 18.83673 0.03632
2581.93908 18.84178 0.03094
2581.96061 18.86791 0.03233
2582.96612 18.88247 0.03219
2582.9889 18.91898 0.05972
2583.93612 18.83604 0.0302
2583.97225 18.9179 0.03146
2584.92871 18.91261 0.03151
2584.97404 18.83055 0.02981
2585.92275 18.93057 0.03827
2585.96134 18.90627 0.03379
2586.91575 18.87206 0.05096
