#mjd mag magerr
61.92501 19.01899 0.03848
61.95573 19.0448 0.03782
63.91987 19.0171 0.03788
63.9639 19.04152 0.03746
64.92128 19.1043 0.04249
64.9656 19.06662 0.04326
66.91014 18.98122 0.04144
66.95474 18.97623 0.03969
67.91649 19.14587 0.0632
67.96099 19.14545 0.06507
69.90324 19.04761 0.03619
69.94786 18.99979 0.03542
80.87449 19.2064 0.09664
80.95988 19.15723 0.14388
84.86328 19.06461 0.05256
87.85609 18.98335 0.03941
87.90101 19.07817 0.03828
88.96983 18.99017 0.03858
89.01521 19.02454 0.04339
89.94574 19.02268 0.04074
89.99042 19.00846 0.04274
93.83741 18.99975 0.03521
93.88196 19.08286 0.03719
96.8292 19.05224 0.03672
97.00858 19.08036 0.04629
104.99862 18.94036 0.04727
107.79764 19.0034 0.07622
114.88125 19.10655 0.04443
114.92522 19.12212 0.10236
119.89538 19.02758 0.04334
119.95365 19.0524 0.04547
123.75696 18.98411 0.03756
123.81523 19.0508 0.03833
126.97957 19.02125 0.05533
127.83329 19.05914 0.04191
127.87706 19.09751 0.0486
135.82555 18.90369 0.08325
135.86926 19.21538 0.09596
138.71472 19.03401 0.07825
138.75871 19.22324 0.09235
142.7036 19.04457 0.04396
142.75219 19.03902 0.04863
144.77886 19.10976 0.04372
144.82305 19.0464 0.04965
151.72943 19.06854 0.04579
151.77257 19.0041 0.04163
166.70473 19.22698 0.08949
166.74897 19.08098 0.10075
168.63378 19.05271 0.0713
168.6775 19.30144 0.08102
175.61224 19.06141 0.03638
175.65684 18.97378 0.0341
181.59421 19.12993 0.06375
181.63825 19.06269 0.05105
183.59204 19.02549 0.05786
183.64253 18.97652 0.04284
189.58054 19.10409 0.05484
189.62557 19.09414 0.04966
194.59026 18.98197 0.09115
199.58559 19.01254 0.03991
202.58667 18.94298 0.04757
203.71441 18.9118 0.05232
203.75743 19.04013 0.0516
207.63092 18.94382 0.04157
207.67514 18.99277 0.0402
209.5968 19.01015 0.0358
209.64149 18.98693 0.03706
213.63312 19.08524 0.05052
213.6798 19.01969 0.05622
377.85123 19.1299 0.08343
377.89535 19.16282 0.0707
378.90615 19.30986 0.09128
379.8591 18.90433 0.05716
379.92482 18.96431 0.04633
380.87684 19.07856 0.06617
381.89606 18.95688 0.04683
381.93934 18.98444 0.04642
384.82671 19.06515 0.04233
384.87028 19.00993 0.04124
385.87021 18.98613 0.03522
385.91339 18.94242 0.0319
386.86524 18.97636 0.03953
386.90867 19.01116 0.03913
387.87002 18.96572 0.03858
387.91342 18.9353 0.03259
388.86609 18.98128 0.0493
388.91005 18.91454 0.03389
390.80957 19.14316 0.05415
390.85393 19.02838 0.04428
391.80613 19.08515 0.05727
391.87538 19.01093 0.03994
392.83258 18.863 0.04584
392.87538 19.00184 0.03997
394.79908 18.96522 0.04989
394.8431 18.89843 0.03865
395.79551 19.0446 0.06025
395.84215 18.91054 0.03858
396.79527 19.03787 0.05677
396.83932 18.92882 0.03757
397.79163 19.04296 0.07165
397.83526 19.01743 0.04534
398.78764 19.11662 0.0765
398.83124 18.94527 0.05297
399.78802 19.01622 0.07068
399.83261 19.10596 0.06552
400.78534 18.99778 0.07615
400.8289 19.02078 0.06047
401.78133 19.06396 0.09632
401.82518 18.95717 0.07448
402.8246 19.13357 0.11039
403.77642 18.83216 0.12094
403.81973 18.94965 0.11301
404.77424 19.17882 0.10325
404.84266 18.90102 0.06737
405.8416 19.04192 0.07952
407.7691 19.06768 0.09505
407.83003 19.08079 0.08262
408.78389 19.23573 0.13872
411.79896 19.05026 0.06029
412.75232 19.17207 0.0787
412.79539 19.08788 0.06274
413.75577 19.14915 0.0821
413.79945 19.06959 0.06955
414.75161 19.24062 0.10083
414.79555 18.98027 0.05986
415.75266 19.21095 0.07909
415.79727 18.93817 0.07868
416.75096 18.99733 0.09098
416.79342 19.14337 0.06847
417.75979 19.20672 0.09652
417.84511 19.05665 0.0658
418.79843 18.91735 0.07269
418.84121 18.99176 0.05672
419.75121 19.05134 0.08651
419.79504 19.18445 0.06739
420.78929 19.32095 0.08588
420.83264 19.02137 0.05892
421.73664 18.98556 0.04725
421.79901 19.04111 0.03641
422.75115 18.95578 0.04335
422.79487 19.12214 0.04324
423.74742 18.96673 0.04495
423.79284 19.01287 0.03875
424.75349 19.00508 0.05284
424.80178 18.96536 0.03852
425.76166 19.00179 0.04857
425.80573 19.04809 0.03838
426.80123 19.05473 0.04914
426.8444 19.03603 0.03557
427.79708 19.05134 0.04942
427.8408 19.02692 0.03865
428.79281 19.09351 0.05579
428.83703 19.04367 0.04361
429.8142 19.04058 0.04774
429.85716 19.07081 0.04844
430.75769 19.02888 0.05941
430.80485 19.03448 0.0555
431.75639 19.06696 0.06471
431.80024 19.01653 0.06288
432.73907 19.18254 0.09222
432.78359 19.0928 0.08002
433.7493 19.25825 0.10012
434.69401 19.07642 0.11353
434.73769 19.19984 0.10466
435.69148 19.31187 0.11119
436.88575 19.18834 0.06778
436.88891 19.07067 0.06212
436.8919 19.06964 0.06631
436.89501 19.06942 0.0704
436.89797 19.16026 0.06942
436.90109 19.1024 0.0694
436.9042 19.15528 0.07083
436.90728 19.09154 0.07481
436.91041 19.10314 0.0749
436.91351 19.02804 0.0686
436.91641 19.30788 0.08413
436.91931 19.02637 0.07351
436.92221 19.19596 0.07789
436.92514 18.94795 0.06851
436.92806 19.04621 0.0713
436.93096 19.0329 0.07052
436.93413 19.22409 0.0837
436.93974 19.08858 0.06678
436.94613 19.10938 0.07129
436.94915 19.13609 0.07481
436.95231 19.11852 0.07302
436.9553 18.96624 0.0684
436.95826 19.02576 0.06989
436.96116 19.03703 0.0725
436.96403 18.98419 0.07609
436.96671 18.94244 0.07132
438.88857 19.01063 0.05846
438.89169 19.12225 0.06601
438.89485 19.11355 0.06302
438.89798 19.06369 0.06042
438.90086 19.08111 0.05643
438.90371 19.09722 0.0585
438.9065 18.9957 0.05503
438.90927 19.04017 0.05457
438.91204 19.10333 0.05924
438.91487 19.11348 0.05901
438.91763 19.14775 0.06411
438.92084 19.09488 0.06434
438.92394 19.08153 0.06636
438.92672 19.14706 0.06912
438.92954 19.02134 0.06931
438.93259 19.16313 0.07153
438.93551 19.09848 0.06595
438.93833 19.16103 0.06796
438.94106 19.03778 0.06203
438.94411 18.9971 0.06521
438.94678 19.0829 0.06893
438.95017 19.07545 0.05836
438.95913 19.08588 0.06402
438.96141 19.04397 0.06182
440.87507 19.03563 0.04332
440.87823 18.98564 0.04026
440.88428 19.03014 0.04078
440.88675 18.9483 0.03942
440.8894 19.07956 0.04046
440.89205 19.00073 0.04202
440.89518 18.99462 0.04035
440.89832 19.03719 0.04391
440.90145 19.06955 0.04535
440.90439 18.94481 0.04195
440.90729 19.01158 0.04123
440.91025 19.07539 0.04363
440.91316 19.1261 0.04467
440.91591 19.03725 0.04612
440.9187 19.05393 0.04611
440.92149 18.99185 0.04214
440.92426 19.10921 0.04324
440.93095 19.16619 0.04521
440.93364 19.13992 0.04335
440.93623 19.02639 0.04191
440.9395 18.99591 0.04591
440.94264 18.98375 0.04201
440.94582 18.97898 0.04293
440.94883 19.03111 0.04274
440.95182 19.0585 0.04613
440.95489 19.07751 0.04534
440.95791 19.08737 0.04441
441.87301 18.90838 0.03577
441.87592 19.04657 0.03555
441.88645 19.06552 0.03805
441.88962 18.96473 0.03567
441.89254 18.98379 0.03745
441.89542 19.02793 0.03688
441.89828 18.92903 0.03455
441.90107 19.03981 0.03717
441.9037 18.95411 0.03574
441.90634 19.04903 0.03656
441.90906 19.05573 0.03677
441.9118 19.02072 0.03817
441.91445 19.13871 0.03924
441.91722 19.01459 0.03621
441.91981 19.02058 0.04003
441.92242 19.03799 0.03965
441.92546 19.06476 0.03782
441.9281 19.01869 0.03767
441.93183 19.02938 0.03715
441.93458 19.00064 0.03716
441.93727 19.03337 0.03877
441.94048 18.9904 0.03605
441.94326 19.07184 0.03403
441.94546 19.01244 0.03742
441.94852 18.9992 0.03635
441.95194 19.11436 0.03857
441.95469 19.0119 0.03597
441.95786 18.96308 0.03647
441.96081 18.99777 0.03816
441.96392 19.01103 0.03857
441.96715 19.00694 0.0361
441.97012 19.01583 0.03623
441.97294 18.96355 0.0355
441.97532 19.05111 0.03784
441.97757 18.99745 0.03646
441.9798 19.04339 0.03778
441.9835 18.984 0.03765
441.9863 18.98631 0.03935
441.98852 19.0434 0.03935
441.99078 19.06828 0.03874
441.99382 19.05974 0.03966
442.00593 19.0086 0.04206
442.00906 19.0788 0.04588
442.01216 19.06242 0.04571
442.01486 19.09619 0.05107
442.01753 19.12693 0.06007
442.02001 19.12287 0.07515
442.02226 19.12472 0.07965
442.70382 19.00259 0.04469
442.70734 18.97524 0.04246
442.71097 18.97593 0.04565
442.71448 19.04726 0.04243
442.71808 19.00536 0.04044
442.72168 18.97247 0.03884
442.72527 18.99832 0.03818
442.73272 18.977 0.03851
442.74184 19.03902 0.03879
442.74882 19.01336 0.03499
442.75572 18.94668 0.03531
442.76147 18.97523 0.03499
442.76615 18.95123 0.03588
442.77616 18.96571 0.03942
442.78135 18.9678 0.03549
442.78615 19.02992 0.03549
442.79145 19.05843 0.03402
442.79615 18.9951 0.03507
442.80186 18.98963 0.03453
442.8093 18.93779 0.03133
442.81443 19.05627 0.03508
442.81939 19.02088 0.03385
442.82447 19.04606 0.03378
442.8293 19.02645 0.03317
442.83541 18.97656 0.03273
442.84012 19.02463 0.03531
442.84597 18.99084 0.0339
442.85112 19.03413 0.0355
442.85657 19.07199 0.03528
442.86387 18.98182 0.03692
442.87002 18.98928 0.03392
442.87503 19.01471 0.03459
442.88048 19.07567 0.03452
442.88617 18.94677 0.03281
442.89221 19.03461 0.03643
442.89785 19.07407 0.03518
442.90297 19.04483 0.0341
442.90871 19.04583 0.03478
442.91368 19.01078 0.03356
442.91875 19.11206 0.03804
442.92384 19.02679 0.0347
442.93037 19.1011 0.03704
442.93642 19.0254 0.03452
442.94588 19.03798 0.04124
442.95166 18.98078 0.03278
442.95754 19.10164 0.03628
442.96246 19.04079 0.03695
442.96833 19.02052 0.03914
442.97317 19.00429 0.03421
442.97782 18.96482 0.03428
442.98206 19.02646 0.03443
442.9872 19.04965 0.03819
442.99348 18.98256 0.03591
442.99858 19.00711 0.03444
443.00329 19.01202 0.03679
443.01002 19.00228 0.0383
443.01702 18.98531 0.04491
443.02387 19.05505 0.08307
443.67742 19.11749 0.05554
443.68488 18.89998 0.05212
443.69287 19.09036 0.05036
443.70415 19.06488 0.04931
443.71028 19.07166 0.0491
443.71632 19.10115 0.04404
443.72231 19.03166 0.04241
443.72832 19.06494 0.04212
443.736 18.95229 0.0399
443.74306 19.00285 0.03767
443.74812 18.9859 0.03741
443.75372 18.96527 0.03957
443.75946 19.02118 0.03886
443.76526 19.04121 0.04092
443.77007 19.1102 0.04312
443.78027 18.91311 0.04372
443.78539 19.02197 0.03794
443.79156 18.98182 0.03745
443.79717 19.0368 0.03803
443.80302 19.0017 0.03566
443.80895 19.02398 0.03713
443.81493 19.09431 0.03847
443.8204 19.02044 0.04021
443.82634 19.00917 0.03525
443.83239 18.99506 0.0349
443.83783 19.04278 0.03626
443.84415 19.03855 0.03563
443.84958 19.03464 0.03713
443.85553 19.02801 0.03464
443.86252 19.0768 0.03813
443.87576 18.98229 0.03504
443.88141 19.09023 0.03594
443.88892 19.04156 0.03819
443.89412 19.06501 0.03926
443.90077 18.98218 0.03524
443.90658 19.03327 0.03585
443.91235 19.00585 0.03494
443.91779 19.10436 0.04053
443.92403 19.13614 0.04185
443.92967 19.01615 0.03758
443.93496 19.11844 0.0395
443.94073 19.06993 0.03778
443.94779 19.04004 0.03656
443.95355 18.99732 0.03614
443.95925 18.96635 0.03722
443.9693 19.02667 0.04134
443.97555 18.993 0.03827
443.98144 19.10249 0.04002
443.98725 19.18757 0.04561
443.99456 19.07206 0.03968
444.00093 19.04129 0.04113
444.0061 19.10216 0.03795
444.01187 19.0546 0.04254
444.0175 19.16133 0.05089
444.02231 19.15947 0.07442
444.66648 19.29557 0.07435
444.67221 19.16667 0.07561
444.67727 18.98237 0.06153
444.68857 19.03953 0.05132
444.69526 19.08233 0.04852
444.70198 18.97096 0.04812
444.7091 19.06006 0.05242
444.71487 19.07115 0.04991
444.72103 18.93468 0.04554
444.72796 19.06329 0.04807
444.73377 19.0639 0.04431
444.74094 19.09213 0.04301
444.74655 19.10612 0.04332
444.75167 19.06286 0.04193
444.75678 18.93113 0.03804
444.76225 19.03438 0.0384
444.7673 19.07364 0.03952
444.77353 19.05635 0.0408
444.77876 19.05335 0.03961
444.78368 19.08677 0.04154
444.79848 19.02165 0.03797
444.80403 19.00901 0.03822
444.81599 19.11753 0.03934
444.8213 19.01844 0.03554
444.83332 19.04749 0.03729
444.83854 19.0791 0.03963
444.84549 18.97427 0.03576
444.85161 18.9854 0.03582
444.85679 19.02371 0.03484
444.86267 19.11212 0.04051
444.86777 19.10149 0.0406
444.87321 19.03036 0.03436
444.87872 19.0639 0.03655
444.88467 18.99413 0.03823
444.89016 19.15307 0.04217
444.89581 19.13085 0.04084
444.90153 19.00388 0.03484
444.90845 18.99106 0.03793
444.91349 19.01673 0.03564
444.92279 18.98968 0.0348
444.93139 19.02348 0.03714
444.94041 19.04917 0.03462
444.94568 18.99101 0.03515
444.951 19.07164 0.03976
444.95724 19.00427 0.03619
444.96289 18.994 0.03581
444.96923 19.0573 0.03689
444.97411 19.06334 0.03602
444.98062 19.02519 0.03764
444.98915 19.05398 0.04121
444.99553 18.96753 0.03757
445.00157 18.99349 0.03885
445.00779 19.0711 0.03956
445.01282 19.06326 0.04436
445.01777 19.0217 0.04829
445.02227 18.86988 0.06014
445.66261 19.09461 0.06444
445.66749 19.01756 0.05254
445.67244 19.03046 0.04824
445.67731 19.16229 0.05365
445.68422 19.04255 0.04723
445.6905 19.05913 0.04111
445.69681 19.04436 0.04194
445.70294 18.95888 0.04402
445.70921 19.0493 0.04371
445.71534 19.15735 0.04864
445.72141 19.1241 0.05067
445.72791 19.12526 0.04371
445.73457 19.13626 0.04464
445.74013 19.11195 0.043
445.7456 18.96514 0.03912
445.75096 19.08179 0.04126
445.75643 19.02087 0.03946
445.76191 19.10314 0.03997
445.76784 18.99827 0.03656
445.7737 19.04728 0.03805
445.779 19.05254 0.03715
445.78479 19.03107 0.03665
445.79025 19.05154 0.03545
445.79613 19.05481 0.03386
445.81095 18.93699 0.03676
445.81845 19.06462 0.03452
445.82455 19.00533 0.03418
445.83024 19.00102 0.03431
445.84021 19.04315 0.03498
445.84549 18.98306 0.03416
445.85174 19.10884 0.03556
445.85762 19.01859 0.03191
445.8636 18.96709 0.03168
445.86963 19.0125 0.032
445.87567 19.01707 0.0313
445.88207 18.99956 0.03227
445.88844 19.05191 0.03354
445.89432 19.10164 0.03555
445.89983 19.03574 0.03407
445.90668 19.03892 0.0327
445.91299 19.01783 0.03067
445.91722 19.01887 0.03465
445.92351 19.05259 0.03269
445.92915 18.99144 0.03422
445.93496 18.95343 0.03098
445.94048 18.98462 0.03253
445.95216 19.08061 0.03674
445.95886 19.03081 0.03515
445.97191 19.01255 0.03366
445.97872 19.03473 0.03214
445.98437 19.06185 0.03335
445.98972 19.02638 0.03485
445.99581 19.04293 0.03464
446.00245 18.98613 0.03333
446.00827 19.00195 0.03305
446.01324 18.95682 0.03679
446.01787 19.0848 0.04504
446.0233 19.17036 0.06104
446.66046 19.19623 0.05751
446.66501 18.95339 0.0502
446.67089 19.01891 0.05016
446.67601 18.98899 0.04895
446.6814 19.10964 0.05235
446.68915 19.09447 0.04551
446.70044 18.96744 0.04631
446.70781 19.06067 0.04379
446.71375 19.09475 0.04325
446.71998 19.11262 0.04231
446.7269 18.99633 0.04243
446.73768 19.02225 0.04311
446.74263 19.02445 0.03931
446.74841 18.98873 0.03895
446.75986 19.00456 0.03664
446.76487 18.99538 0.03466
446.77004 19.00537 0.03465
446.77518 19.05811 0.03594
446.78018 19.03816 0.03457
446.78654 19.03117 0.03376
446.79243 19.01468 0.03628
446.79818 19.02397 0.03533
446.80822 18.94751 0.03715
446.81336 19.04974 0.03463
446.81934 18.98953 0.03436
446.82569 19.01107 0.03388
446.83186 19.10426 0.03663
446.83803 19.04321 0.03583
446.84316 19.00225 0.03322
446.84946 19.00461 0.03542
446.85529 19.03336 0.04601
446.86132 19.02474 0.03754
446.87321 19.06878 0.03454
446.87945 19.02252 0.03306
446.88583 19.02639 0.03396
446.89176 18.97867 0.03437
446.89901 19.11508 0.04046
446.90569 19.02742 0.03605
446.91293 19.07451 0.03354
446.91958 19.01046 0.03392
446.92538 19.05534 0.03412
446.93113 18.93738 0.03348
446.93686 18.96918 0.03282
446.94237 18.97228 0.03239
446.94842 19.01399 0.03185
446.95451 18.99156 0.03445
446.96034 18.97073 0.03273
446.96641 19.00527 0.03497
446.97287 19.04508 0.03445
446.97827 19.08674 0.03616
446.98464 19.03262 0.03464
446.99026 18.991 0.03278
446.99646 18.98504 0.03364
447.00329 19.04853 0.03635
447.02248 19.14375 0.05641
448.00377 19.03174 0.03381
448.65527 19.11366 0.06806
448.70146 19.12354 0.04996
449.82958 19.01744 0.03551
449.87259 19.06077 0.0347
450.82585 19.10591 0.03923
450.86998 19.01076 0.03301
451.65338 19.04349 0.05404
451.70095 19.10673 0.04224
452.64792 18.93186 0.04993
452.69243 18.99081 0.04305
453.64519 19.18542 0.06562
453.6895 19.10229 0.0484
454.64058 19.03513 0.06452
454.68793 19.0514 0.0576
455.63923 19.13964 0.07012
455.7154 19.11459 0.05082
456.63346 19.1426 0.07313
456.67702 19.02861 0.05871
457.63067 18.98591 0.0787
457.6732 19.00646 0.05532
458.66069 19.02742 0.06388
458.7057 19.07042 0.06355
459.69034 19.15273 0.08714
460.63624 19.01727 0.07452
460.72453 19.0013 0.05953
461.62523 19.18444 0.10918
461.67649 19.07778 0.07481
462.76573 19.24451 0.08919
462.80848 19.14729 0.08443
463.63005 19.08591 0.12495
463.71104 19.19805 0.0917
466.61784 19.05957 0.06593
466.61959 19.14713 0.06145
466.62134 19.07227 0.05584
466.6231 19.0672 0.05534
466.62486 19.15774 0.0572
466.62661 19.02316 0.05015
466.62943 19.12919 0.05736
466.63143 19.18123 0.05723
466.63348 19.113 0.05753
466.67604 19.20815 0.08201
467.62749 19.10018 0.05741
468.7394 19.00166 0.04957
468.78277 18.97282 0.0573
469.73472 18.99817 0.07712
469.80235 19.0157 0.15779
470.77885 19.11076 0.10508
470.82246 19.08295 0.0438
471.77466 19.0945 0.03588
471.82993 18.96855 0.07652
472.62548 19.0162 0.04435
472.66936 18.97847 0.0384
473.62096 18.94719 0.06636
477.66775 18.9493 0.03972
477.71276 18.94045 0.0409
478.62384 19.11966 0.0523
478.66775 19.06418 0.04202
479.61565 19.05262 0.05012
479.65968 19.03558 0.04592
480.61506 19.06723 0.05339
480.65805 18.92813 0.0426
481.61182 19.13898 0.04938
481.69382 19.08776 0.03732
482.61769 19.12625 0.05212
482.66188 19.03481 0.04138
482.67843 19.00292 0.03984
483.61039 19.20197 0.05649
483.66512 19.02835 0.04241
484.66377 19.083 0.04936
484.70695 19.05904 0.04436
485.61939 18.9935 0.05493
485.66329 19.02026 0.04787
486.61418 18.98912 0.06835
486.658 18.90689 0.07342
497.84041 19.07155 0.06618
497.89223 19.06918 0.0651
498.71756 19.00363 0.04076
498.79 19.02009 0.05212
499.59404 18.96517 0.04761
499.63881 19.01381 0.04452
501.66259 19.05599 0.04627
501.75706 19.09923 0.04088
502.72145 19.05086 0.04188
502.82148 19.02394 0.04547
503.77762 19.12962 0.04803
503.8732 19.07319 0.04668
504.82418 19.0473 0.04263
504.91868 19.0488 0.05062
506.68972 18.94247 0.04702
506.73387 19.06976 0.03704
507.81368 19.06586 0.04459
507.89267 19.07053 0.05259
513.658 19.00558 0.04439
513.7418 18.94235 0.04684
514.69377 18.98598 0.04509
514.73749 19.08307 0.05664
515.69951 18.96984 0.05169
515.74236 19.07778 0.04995
516.67238 19.06754 0.06573
516.71654 19.00641 0.06732
517.61497 19.15292 0.0639
517.6584 18.98382 0.05901
518.61481 19.08634 0.06862
518.6578 19.19275 0.08985
527.74242 19.18318 0.06024
530.70615 19.14226 0.05339
530.75072 19.06396 0.05819
531.77418 19.11528 0.05749
531.81743 19.10754 0.07659
532.78408 18.95465 0.03956
532.82836 19.06022 0.05323
535.68432 18.896 0.03629
537.58157 18.99219 0.07723
537.62557 18.98314 0.04576
538.57995 19.09922 0.04541
538.62381 18.95781 0.03655
539.58012 18.97753 0.04464
539.62283 19.02668 0.04103
540.61811 19.03168 0.03947
540.66215 18.96858 0.03928
541.61644 19.16082 0.05183
541.65945 19.06878 0.05972
544.59603 19.01523 0.0485
544.64191 18.80929 0.04714
545.59598 19.03829 0.06543
545.63939 19.1111 0.07118
558.75663 18.99222 0.04622
559.7264 19.05434 0.0786
561.73304 19.0562 0.05434
561.77682 19.11674 0.06753
567.59621 19.10639 0.04957
575.595 19.06743 0.07758
575.6386 18.97712 0.0727
577.59504 19.09878 0.08825
578.61202 19.21252 0.13757
579.61368 19.03207 0.06202
579.65687 19.00778 0.06656
580.66998 18.96959 0.06652
580.71648 19.07351 0.08637
583.61703 19.04694 0.04611
583.66119 18.99257 0.05639
584.63985 19.05077 0.04217
584.68286 19.05666 0.05084
586.61685 18.9882 0.04105
586.66038 19.09468 0.04647
722.89872 19.17247 0.05665
723.91976 19.00791 0.05373
723.9634 19.18017 0.05253
730.92322 19.11662 0.10122
733.86776 19.04551 0.07001
733.91212 19.06976 0.06262
750.83279 19.12192 0.05516
750.87598 19.0183 0.04969
753.86132 19.23032 0.08183
756.88391 18.98565 0.1086
756.93392 19.15255 0.07335
759.84878 19.01792 0.06612
759.89212 19.01024 0.06754
762.79606 19.04802 0.07647
762.8402 18.92227 0.05816
766.7805 19.08253 0.05657
766.83041 19.04652 0.04982
768.77509 19.08522 0.06073
768.82037 19.00718 0.05493
769.80074 19.02208 0.04833
769.84468 19.06823 0.03966
770.78189 18.88559 0.04567
770.82573 19.00053 0.0421
771.78074 19.05288 0.05185
771.82449 19.06513 0.0431
774.75968 19.06195 0.05692
774.80363 19.04115 0.04643
775.7599 19.09672 0.06103
775.80332 19.05022 0.06703
779.7464 19.00654 0.05926
779.79086 19.04975 0.04344
780.74948 19.17397 0.06573
780.79415 19.0433 0.04933
782.7508 19.29012 0.08872
782.7956 19.01577 0.06619
783.7573 19.23448 0.08772
783.80103 19.09531 0.07124
784.74207 19.3074 0.10184
789.78039 19.16832 0.07927
790.73125 19.30975 0.0932
790.77463 19.12429 0.08113
791.73123 19.07695 0.10279
791.77527 19.21155 0.08212
793.74743 19.13577 0.06584
793.79097 19.21301 0.0668
794.75972 19.0349 0.04765
794.81629 19.05169 0.05576
809.66644 18.97935 0.08974
809.7101 19.11275 0.06422
811.66044 19.18008 0.08872
811.7042 19.03798 0.0708
812.65876 19.12626 0.08545
812.70198 19.13578 0.0798
813.66257 19.06213 0.10652
813.70671 18.86183 0.0751
820.63925 19.15741 0.07258
820.68324 18.90473 0.10253
821.63464 19.17885 0.06422
822.63132 19.09729 0.06573
822.67415 19.06689 0.05121
823.62908 19.01115 0.06021
823.67275 18.95046 0.04701
824.62608 19.02649 0.07002
824.6697 19.05503 0.04574
838.61464 19.05704 0.07073
838.65944 18.97156 0.05953
842.61856 19.13164 0.09439
842.66208 19.00331 0.08942
843.61073 19.19967 0.10385
843.65444 18.93064 0.07824
844.60924 19.23411 0.11165
844.65374 19.0802 0.08072
849.60547 19.00822 0.05196
849.65079 18.97328 0.06962
850.60468 18.9879 0.04863
850.64918 18.99358 0.05222
851.60318 18.97774 0.04777
851.64641 19.04812 0.04372
852.60416 18.98169 0.05029
852.6481 18.92988 0.04061
853.60163 19.03232 0.05325
853.6463 18.9822 0.04446
854.60164 18.93493 0.04843
854.64607 18.99076 0.04275
866.5884 18.95773 0.05351
866.64679 19.04287 0.04518
867.58757 18.87134 0.06342
867.63053 19.1383 0.06122
868.5865 18.88836 0.06712
868.63002 18.88924 0.05032
880.87841 18.99206 0.06647
880.92255 18.93482 0.07515
882.86968 19.01476 0.0532
882.87146 18.93949 0.05139
882.91495 19.00808 0.05876
883.86679 18.90401 0.04987
883.91496 19.11511 0.08368
887.63181 18.98953 0.04085
887.68352 19.07998 0.0506
888.8957 18.98524 0.07466
889.80049 18.9251 0.03874
889.84447 18.87275 0.04112
891.57974 19.01514 0.05348
891.6225 18.94341 0.04512
893.58261 19.00044 0.04894
893.62546 19.02148 0.05102
894.58144 18.98262 0.05665
894.62473 19.05741 0.11619
896.58202 18.93827 0.06122
898.82137 18.88503 0.0707
898.86551 19.19532 0.07877
902.58519 19.01602 0.09977
902.64414 18.92486 0.08704
903.58342 18.83516 0.09437
903.62024 19.16117 0.08919
904.58683 19.2287 0.08784
906.58378 18.97197 0.06696
906.64029 18.91508 0.06617
916.59575 19.04507 0.05698
916.64026 18.93588 0.0448
922.6423 18.96523 0.04353
923.59751 18.8905 0.0513
923.64145 18.96703 0.04587
924.60837 18.96742 0.04465
925.59941 19.04251 0.06471
925.67897 19.00522 0.04087
926.58279 18.89489 0.04986
926.62543 18.94115 0.04869
930.58585 18.99875 0.07873
930.62499 19.07617 0.08264
931.58458 19.15029 0.07089
931.62692 18.93111 0.07847
932.62858 18.94589 0.07953
936.60917 19.10776 0.06841
936.65247 19.00512 0.06702
937.58951 19.0451 0.06405
939.64879 18.99199 0.05353
939.6851 19.08643 0.05979
940.59145 19.21955 0.07583
940.64013 18.98146 0.08992
941.59048 19.14985 0.11968
943.69972 19.04513 0.04836
943.74446 19.09986 0.06225
944.64379 18.90829 0.04217
944.67224 18.97511 0.04628
946.63797 18.95244 0.09901
947.59349 18.98235 0.05279
947.63713 19.14128 0.09131
949.64923 18.98507 0.0564
949.6924 19.22006 0.09356
952.60617 19.0496 0.05512
952.64932 19.08034 0.05395
953.59751 19.09793 0.06376
953.64127 19.11182 0.04986
954.59787 19.05101 0.0807
954.64157 18.93929 0.07295
958.61566 19.1215 0.07033
958.67117 18.86181 0.06525
959.64574 19.16901 0.08733
960.60205 19.16973 0.08666
960.64497 19.01188 0.11078
962.61935 18.91001 0.06743
1059.98484 19.13554 0.09419
1060.97134 19.10357 0.0795
1061.96903 19.02059 0.07455
1063.96519 18.80339 0.0793
1065.96588 18.92281 0.08443
1066.96916 19.06191 0.07654
1067.96802 18.95721 0.05804
1068.98301 19.19719 0.10744
1070.97101 18.98515 0.07174
1071.95528 18.92606 0.06364
1075.93073 18.94627 0.06231
1075.96117 19.00793 0.0582
1076.96161 18.88153 0.05435
1077.97941 19.25967 0.10284
1078.92335 19.04167 0.06537
1078.95394 19.01838 0.06219
1079.91957 19.04909 0.07153
1079.94994 18.9135 0.04928
1079.97946 18.84109 0.08685
1081.9528 19.11282 0.10514
1084.95914 18.95395 0.07358
1085.9361 19.10079 0.11644
1085.9661 19.04389 0.07879
1086.90079 19.08824 0.07962
1086.9317 18.73851 0.07899
1086.96186 18.96647 0.06863
1087.95118 19.03074 0.06702
1088.93216 18.86813 0.05981
1088.96298 18.89521 0.0534
1089.90743 18.90865 0.06562
1089.9375 19.04637 0.06181
1090.89626 19.02893 0.08668
1091.93224 19.1084 0.06099
1091.96189 18.93928 0.05305
1092.88532 18.96478 0.0583
1092.91513 19.02294 0.05262
1092.94551 19.05581 0.0545
1093.88544 18.97279 0.06599
1093.91605 18.94383 0.05619
1093.95942 18.92336 0.04566
1094.8793 19.19493 0.0714
1094.90895 18.9614 0.05556
1094.93794 19.0493 0.05193
1095.89413 19.00015 0.06657
1095.92394 19.16593 0.06677
1095.95378 19.11233 0.05252
1096.8846 19.05749 0.05973
1096.91464 18.95625 0.05183
1096.94475 18.97996 0.04506
1097.90204 19.00728 0.05105
1099.86796 19.0684 0.05301
1099.8979 18.95951 0.04324
1099.92867 18.93396 0.03994
1100.87134 19.06522 0.06356
1100.9014 19.0216 0.0558
1100.93113 18.86485 0.04495
1101.86099 19.07205 0.07281
1101.89166 18.98618 0.06451
1101.92164 19.14086 0.05478
1102.85884 18.99299 0.055
1102.88948 18.8718 0.04802
1102.91975 19.03023 0.04591
1103.85688 19.01927 0.06975
1103.89198 19.04596 0.05643
1103.92203 18.98583 0.05298
1104.86298 19.07008 0.05967
1104.89266 19.05185 0.05271
1104.92258 18.96904 0.04603
1105.87772 19.10852 0.05783
1105.90846 18.93328 0.04632
1105.93782 19.02877 0.04874
1106.84826 18.96379 0.052
1106.87859 18.91092 0.04646
1106.90907 18.97757 0.04381
1107.84497 18.89355 0.07703
1107.87579 19.06753 0.05252
1107.90655 19.00327 0.04795
1108.86703 18.87629 0.09028
1108.89669 19.01101 0.062
1108.92686 19.04444 0.04981
1109.93363 18.92607 0.05471
1110.86774 18.887 0.08808
1110.89782 19.07606 0.08173
1110.92786 19.11254 0.0739
1111.91431 18.9567 0.08039
1111.94457 19.00505 0.07562
1113.8878 19.18167 0.08752
1113.93235 18.87996 0.07223
1113.96218 18.81936 0.06561
1114.87108 18.9365 0.07642
1114.92357 18.92239 0.06563
1114.95378 18.96553 0.06721
1115.85803 18.93459 0.08538
1115.88797 18.98666 0.0692
1115.9179 18.81578 0.05913
1116.90131 18.95292 0.05753
1116.93261 18.98216 0.06331
1116.96078 18.94085 0.0641
1117.86349 19.04712 0.08235
1117.89333 18.81504 0.0609
1117.92405 18.94792 0.05824
1118.82762 19.03989 0.09182
1118.85812 19.12031 0.07846
1118.8884 19.14738 0.07565
1119.81535 19.00994 0.08739
1119.84536 19.00268 0.12129
1120.95573 19.03922 0.08978
1122.80682 19.1498 0.10191
1123.80269 19.00392 0.05844
1123.8333 19.13486 0.05681
1123.86323 18.94563 0.04374
1124.8239 18.98163 0.0544
1124.85579 19.09115 0.05947
1124.90647 18.89231 0.06223
1125.83541 18.83598 0.04663
1125.8655 18.96734 0.04422
1125.89611 18.88865 0.04103
1126.79674 18.94269 0.06069
1126.82683 18.97659 0.05674
1126.85662 19.02388 0.08501
1127.84219 19.00551 0.06921
1127.87262 19.08238 0.04676
1128.79045 18.82241 0.06957
1128.8202 18.95391 0.04405
1128.8509 18.95396 0.04374
1129.81763 18.99036 0.05074
1129.84839 18.97463 0.04584
1130.78415 19.00269 0.06438
1130.81619 18.97688 0.05561
1130.84603 18.891 0.05482
1131.81956 18.81554 0.04887
1131.84966 18.90587 0.04349
1131.87991 19.03767 0.04391
1132.81342 18.94395 0.05701
1132.85526 19.02978 0.04884
1133.77702 19.10807 0.059
1133.80732 18.95115 0.04591
1133.83817 19.01026 0.04744
1135.77548 18.97647 0.05951
1135.80558 18.97511 0.04605
1135.8357 18.9052 0.03202
1136.78168 18.91068 0.05764
1136.81139 19.05144 0.05629
1136.84105 19.03967 0.04417
1137.77719 18.9802 0.06309
1137.84943 19.02709 0.07032
1138.79423 18.93701 0.11886
1143.75013 19.01832 0.10643
1143.77946 18.97421 0.08642
1143.81202 18.9437 0.06826
1144.79078 19.21676 0.07844
1144.82138 19.12624 0.066
1145.74531 18.88827 0.13874
1145.77477 19.03803 0.09573
1145.80436 19.07355 0.08603
1146.77217 18.96162 0.0804
1146.83591 18.90026 0.06281
1147.75046 19.08588 0.06844
1147.78019 19.20962 0.08039
1147.81614 19.01421 0.064
1148.73743 19.05717 0.05677
1148.76798 19.05502 0.05361
1148.79928 18.98363 0.0545
1151.84315 18.94381 0.03257
1151.87618 18.97317 0.03223
1151.91621 18.87333 0.03056
1164.86055 18.952 0.02977
1164.89061 18.93628 0.02845
1164.92052 18.94435 0.02898
1165.82275 19.03672 0.0406
1165.85221 18.95045 0.03168
1165.88255 18.96581 0.03085
1166.78411 18.88287 0.04639
1166.82415 18.97251 0.04275
1166.85436 18.90378 0.03741
1167.76082 18.89119 0.04953
1167.79008 18.88548 0.04687
1167.82893 18.95812 0.04354
1168.73084 18.98451 0.06854
1168.76135 18.96752 0.06192
1168.79094 19.09408 0.05937
1169.70528 18.81559 0.10277
1169.73488 18.91527 0.08222
1169.78208 18.95038 0.07942
1170.70609 18.94461 0.10433
1170.73648 19.04472 0.09812
1170.76821 19.18199 0.09264
1176.66101 19.19966 0.08503
1176.74473 18.938 0.06098
1176.77537 18.83824 0.05244
1177.67775 18.99558 0.04686
1177.71467 18.97026 0.03598
1177.7448 18.96081 0.03679
1178.65701 19.1889 0.06617
1178.7245 19.01172 0.04759
1178.75548 18.98464 0.03657
1189.71737 18.99783 0.04508
1189.74707 19.03101 0.04116
1194.65274 19.0259 0.06242
1194.68156 18.9848 0.05444
1194.73072 18.96181 0.04533
1195.63238 19.16904 0.07356
1195.68489 19.08865 0.07682
1195.74387 19.06895 0.05701
1196.64868 18.95225 0.0609
1196.67925 19.08027 0.06725
1196.70945 19.04195 0.06081
1197.62224 19.092 0.0939
1197.65122 19.15269 0.09184
1197.68048 19.03601 0.07706
1198.63271 18.93847 0.08488
1198.66294 18.96696 0.09684
1198.69225 18.99193 0.07971
1202.64754 19.1394 0.09692
1202.70169 18.96365 0.07667
1207.71676 18.90479 0.06159
1207.82773 18.82108 0.08172
1224.66207 19.11147 0.05931
1224.69182 18.92403 0.05599
1225.74851 19.01936 0.05712
1225.84088 18.95552 0.0563
1226.75858 19.06565 0.10103
1227.72154 19.17529 0.07301
1227.75148 18.96429 0.0711
1228.67316 19.14799 0.06681
1228.71 18.73611 0.06487
1229.61202 19.05774 0.07941
1229.68338 19.02411 0.07874
1230.64599 19.00252 0.0781
1230.73676 19.03171 0.07694
1231.86041 19.04102 0.07483
1232.82116 19.00921 0.05988
1233.75399 19.09882 0.05861
1233.78371 18.89603 0.06798
1234.68453 19.00612 0.0456
1234.71313 19.03939 0.05278
1235.61461 19.02947 0.04582
1235.64419 18.91566 0.03692
1236.58514 19.02337 0.06114
1236.61561 19.05777 0.04492
1237.58477 19.0092 0.05043
1237.61509 19.03534 0.04312
1238.58334 19.00656 0.05951
1238.61531 18.96507 0.04189
1239.58294 18.88093 0.04691
1239.61141 18.97443 0.03903
1251.83071 18.99639 0.04204
1251.86073 18.89596 0.04302
1252.58576 18.94444 0.04472
1252.60631 18.99456 0.04161
1252.62487 18.93582 0.0436
1252.64555 18.99179 0.04238
1252.66096 19.00659 0.04277
1252.69879 18.92526 0.04334
1252.71706 18.96772 0.04391
1252.73499 18.96379 0.03782
1252.75258 18.831 0.03906
1252.76856 18.94087 0.04411
1252.78929 18.9472 0.05234
1252.80517 18.84972 0.04674
1252.821 18.96819 0.04497
1252.83831 18.8786 0.03999
1252.85634 18.91237 0.04177
1253.58621 18.90416 0.04883
1253.60335 18.9661 0.05092
1253.62054 19.03096 0.05066
1253.63682 18.82325 0.04532
1253.6539 19.00782 0.04843
1253.6721 18.9758 0.05162
1253.70902 19.05086 0.05671
1253.7307 19.00525 0.05602
1253.75003 18.86203 0.0601
1253.76637 18.91084 0.05182
1253.78832 18.86219 0.0502
1253.8078 19.01551 0.05834
1253.82956 18.93802 0.05147
1253.85372 18.96108 0.05581
1254.74613 18.86072 0.04982
1254.77889 18.99022 0.06031
1255.68248 18.96854 0.06869
1255.7252 19.17767 0.06974
1256.62657 18.94135 0.06298
1256.6557 18.92283 0.0712
1257.58763 18.93267 0.07336
1257.64219 18.8007 0.06028
1258.58614 19.16488 0.08758
1258.61848 19.13087 0.07667
1259.59443 18.77709 0.06874
1259.62495 19.05824 0.0758
1265.629 18.9642 0.03701
1265.6592 18.9174 0.04285
1266.58222 18.95531 0.06436
1266.6126 19.05618 0.11621
1267.58751 18.9543 0.03915
1267.61751 18.91289 0.03789
1268.59364 18.909 0.03678
1268.62314 18.92163 0.03492
1269.58319 18.84325 0.03842
1269.58435 18.92154 0.03603
1269.58546 18.92635 0.03483
1269.58657 18.90031 0.03394
1269.58771 18.93357 0.03745
1269.58893 18.92263 0.03696
1269.59006 18.94613 0.03557
1269.59133 18.93431 0.03574
1269.59245 18.87542 0.03264
1269.59364 18.89331 0.03318
1269.59478 18.93222 0.03402
1269.596 18.93237 0.03402
1269.59713 18.94073 0.03344
1269.59843 18.98015 0.03488
1269.59956 18.95607 0.03462
1269.60977 18.93234 0.03612
1269.61093 18.91858 0.03334
1269.6121 18.93605 0.03315
1269.61321 19.00786 0.03663
1269.61434 18.90225 0.03525
1269.61547 18.92162 0.03451
1269.61659 18.94485 0.03706
1269.61773 18.96974 0.03662
1269.61884 18.93205 0.03358
1269.61995 18.90286 0.03387
1269.62115 18.89646 0.03478
1269.6223 18.96103 0.03434
1269.62343 18.91129 0.03583
1269.62457 18.92939 0.03459
1269.62569 18.96836 0.03495
1269.62688 18.93795 0.03475
1269.628 18.85035 0.03309
1269.6375 18.94898 0.03943
1269.63881 18.95975 0.03516
1269.64001 18.89781 0.03454
1269.64114 18.9216 0.03505
1269.64226 18.91622 0.03353
1269.64337 18.86287 0.03287
1269.6445 18.85261 0.03296
1269.64562 18.97319 0.03404
1269.64675 18.84094 0.03144
1269.64789 18.89747 0.03304
1269.64905 18.83443 0.03131
1269.65017 18.88131 0.03154
1269.65129 18.96754 0.03313
1269.65247 18.91188 0.03409
1269.65359 18.9362 0.03302
1269.65473 18.9138 0.03479
1269.65585 18.88674 0.03251
1269.65698 18.87254 0.03141
1269.65819 18.89998 0.03247
1269.65932 18.90916 0.03154
1269.66055 18.89576 0.03345
1269.66167 18.86537 0.03274
1269.66279 18.92574 0.03258
1269.66393 18.88583 0.0318
1269.66595 18.93789 0.03415
1269.66717 18.98392 0.03385
1269.66829 18.88416 0.03174
1269.66952 18.86847 0.03168
1269.67064 18.96095 0.03432
1269.67184 18.87736 0.03083
1269.673 18.94883 0.03313
1269.67412 18.86103 0.03274
1269.67533 18.85895 0.03082
1269.67646 18.95633 0.03336
1269.6776 18.96246 0.03371
1269.67883 18.87608 0.03126
1269.67997 18.9383 0.03237
1269.6812 18.88857 0.0312
1269.68232 18.91681 0.0318
1269.68343 18.86223 0.03057
1269.68473 18.93549 0.03226
1269.68592 18.94044 0.03253
1269.68705 18.85415 0.0329
1269.68816 18.89663 0.03244
1269.68929 18.94761 0.03368
1269.69041 18.87325 0.03139
1269.69157 18.87637 0.03145
1269.69269 18.85226 0.03265
1269.69383 18.89654 0.03206
1269.69496 18.93147 0.03294
1269.69608 18.94144 0.03256
1269.69898 18.90086 0.03111
1269.70011 18.95317 0.03235
1269.70126 18.90789 0.03399
1269.70241 18.85809 0.03248
1269.70357 18.99908 0.0338
1269.70468 18.92491 0.03274
1269.70581 18.94585 0.03357
1269.70705 18.91565 0.03306
1269.70816 18.87274 0.03244
1269.70937 18.93104 0.03291
1269.7105 18.8909 0.03377
1269.71167 18.94072 0.03354
1269.7128 18.87987 0.03231
1269.71403 18.96026 0.03321
1269.71516 18.88989 0.03135
1269.7163 18.84081 0.03298
1269.72641 18.90808 0.03438
1269.72763 18.93478 0.0321
1269.72875 18.87506 0.03194
1269.72987 18.94406 0.03374
1269.731 18.90455 0.03228
1269.73213 18.93017 0.03616
1269.73326 18.84207 0.03268
1269.73438 18.96472 0.03495
1269.73557 18.87357 0.03385
1269.73682 18.89199 0.03328
1269.73796 18.92241 0.03248
1269.73911 18.90664 0.03497
1269.74036 18.99356 0.03492
1269.74147 18.8939 0.03453
1269.74272 18.89576 0.03227
1269.74391 18.86218 0.03195
1269.74502 18.90043 0.03322
1269.7462 18.9135 0.03372
1269.74734 18.90964 0.03375
1269.74846 18.87795 0.03512
1269.74961 18.88173 0.03293
1269.75074 18.85455 0.03393
1269.75201 18.91258 0.03491
1269.75316 18.93614 0.03445
1269.75429 18.91337 0.03337
1269.75553 18.89801 0.03618
1269.75665 18.91351 0.03403
1269.75779 18.87921 0.03736
1269.75895 18.85105 0.03512
1269.76008 18.95175 0.03515
1269.76123 18.93032 0.03515
1269.76235 18.96174 0.03693
1269.76348 18.87302 0.03653
1269.76459 18.94012 0.03694
1269.76573 19.02054 0.03972
1269.78036 19.01338 0.04033
1269.78151 18.82861 0.03455
1269.78271 18.92415 0.0372
1269.78391 18.89562 0.03868
1269.78511 18.97229 0.03702
1269.78751 18.94037 0.03795
1269.78876 18.93277 0.03662
1269.78989 18.8808 0.03751
1269.79108 18.87604 0.03377
1269.79227 18.88903 0.03623
1269.79356 18.89958 0.03563
1269.79478 18.97651 0.03501
1269.7959 18.97157 0.03912
1269.79701 18.84041 0.03661
1269.79816 18.92253 0.03683
1269.79928 18.82354 0.03523
1269.80041 18.96439 0.03613
1269.80156 18.76158 0.03549
1269.80276 18.89269 0.03606
1269.80404 18.94042 0.03613
1269.80517 18.88105 0.03585
1269.80638 18.88436 0.03783
1269.80752 18.90401 0.03713
1269.80866 18.9383 0.042
1270.57931 19.02718 0.04274
1270.58058 18.84979 0.0348
1270.58188 18.9355 0.03448
1270.58305 18.92889 0.03561
1270.58429 18.95038 0.03677
1270.58556 18.9865 0.03552
1270.58671 18.99976 0.03629
1270.58798 18.85441 0.03393
1270.58926 18.91381 0.03238
1270.59051 18.93131 0.03336
1270.59176 18.92832 0.03257
1270.59301 18.98014 0.03199
1270.59588 18.945 0.03208
1270.59719 18.93445 0.03176
1270.59846 18.88992 0.03283
1270.59973 18.94899 0.03199
1270.60101 18.94674 0.03259
1270.60229 18.90734 0.03354
1270.60361 18.86862 0.0327
1270.60484 18.89848 0.03142
1270.60617 18.88831 0.03258
1270.60733 18.82792 0.03198
1270.60868 18.9037 0.0313
1270.60993 18.96392 0.03309
1270.61121 18.90766 0.03147
1270.61244 18.9006 0.03318
1270.61368 18.91013 0.03431
1270.61481 18.95098 0.03242
1270.61593 18.91858 0.03219
1270.61713 18.90084 0.0328
1270.61835 18.9038 0.03179
1270.61963 18.88853 0.03189
1270.62082 18.91855 0.034
1270.62212 18.9243 0.03231
1270.62324 18.90922 0.03195
1270.62438 18.93662 0.03229
1270.6255 18.93371 0.03237
1270.62668 18.96952 0.0335
1270.62781 18.985 0.03314
1270.62895 18.88364 0.0335
1270.63017 18.87967 0.0304
1270.6313 18.97298 0.033
1270.63259 18.93317 0.0319
1270.63372 18.88634 0.03076
1270.63484 18.95217 0.03328
1270.64581 18.94057 0.03435
1270.64713 18.89381 0.03095
1270.64825 18.8444 0.03015
1270.6495 18.88137 0.03228
1270.65082 18.97223 0.03279
1270.65222 18.89539 0.03258
1270.65336 18.89215 0.03242
1270.6545 18.93693 0.03218
1270.65562 18.92579 0.03223
1270.65697 18.92847 0.0319
1270.65832 18.93252 0.03261
1270.65959 18.9222 0.03236
1270.66092 18.88688 0.03227
1270.66217 18.90522 0.0329
1270.66351 18.96922 0.03283
1270.66477 18.87262 0.03258
1270.67891 18.91625 0.03354
1270.68008 18.85995 0.03111
1270.68122 18.94049 0.0318
1270.68243 18.88783 0.03054
1270.68382 18.91521 0.03308
1270.68508 18.87567 0.03195
1270.68653 18.93801 0.03314
1270.68784 18.8917 0.03073
1270.68912 18.95633 0.03243
1270.69114 18.89692 0.03095
1270.69232 18.96135 0.0312
1270.69365 18.9445 0.03156
1270.6948 18.93834 0.03082
1270.69617 18.92777 0.03092
1270.69746 18.90833 0.03101
1270.6986 18.89935 0.03111
1270.6999 18.91138 0.03025
1270.70121 18.95241 0.03181
1270.70235 18.95701 0.0321
1270.70349 18.92298 0.03173
1270.70482 18.90259 0.03235
1270.70613 18.93435 0.0321
1270.70726 18.93961 0.03233
1270.7086 18.9058 0.03188
1270.70972 18.9229 0.03124
1270.71103 18.95512 0.03331
1270.71235 18.89372 0.03112
1270.71347 18.97577 0.03272
1270.71481 18.92986 0.03096
1270.71608 18.92001 0.03244
1270.71722 18.89036 0.03124
1270.71853 18.95176 0.03226
1270.71967 18.9331 0.03159
1270.72098 18.93184 0.03209
1270.72302 18.91779 0.0317
1270.72439 18.88167 0.03278
1270.72553 18.94247 0.03326
1270.72665 18.86498 0.03022
1270.72793 18.93808 0.03143
1270.72927 18.87774 0.03106
1270.73043 18.96229 0.03219
1270.73161 18.93094 0.03238
1270.73292 18.91829 0.03292
1270.73506 18.89171 0.03101
1270.73622 18.89636 0.03122
1270.73753 18.88389 0.03328
1270.73887 18.97139 0.03437
1270.74001 18.96462 0.0338
1270.74126 18.93767 0.03241
1270.7424 18.97263 0.03225
1270.74369 18.88577 0.03223
1270.74498 18.88256 0.03172
1270.74609 18.94042 0.03396
1270.74744 18.97651 0.0337
1270.7486 18.97937 0.03419
1270.74995 18.97166 0.03395
1270.75121 18.86423 0.03218
1270.75241 18.91933 0.03257
1270.75372 18.90306 0.03264
1270.75502 18.87705 0.03255
1270.75706 18.8806 0.03274
1270.75826 18.94486 0.03397
1270.75948 18.89696 0.03166
1270.76078 18.89235 0.03297
1270.76208 18.94134 0.03461
1270.77223 18.94652 0.03667
1270.77464 18.8958 0.03584
1270.77775 18.8777 0.03471
1270.77887 18.94626 0.03466
1270.78012 18.86599 0.03423
1270.78147 18.88065 0.03552
1270.78273 18.94332 0.03548
1270.784 18.93951 0.03677
1270.78526 18.90622 0.03718
1270.78661 18.88058 0.03487
1270.78776 18.88133 0.03469
1270.7891 18.95446 0.04033
1270.79021 18.9831 0.03687
1270.79151 18.94521 0.03559
1270.7928 18.95226 0.03738
1270.79391 18.88369 0.03388
1270.79508 18.92835 0.03678
1270.79619 18.94487 0.03731
1270.7975 18.96085 0.03775
1270.79862 19.02677 0.03857
1270.79991 18.95516 0.03633
1270.80111 18.95797 0.03657
1270.80249 19.02531 0.03827
1270.80509 18.98533 0.03781
1270.80715 18.89018 0.0353
1270.80837 18.91161 0.03716
1270.80963 18.96013 0.03829
1271.71236 19.00124 0.04472
1271.74462 18.95007 0.04492
1272.64495 18.94052 0.04072
1272.7082 18.91669 0.04291
1273.60993 18.96333 0.04143
1273.63946 18.94436 0.04484
1281.58737 19.04129 0.05836
1281.61668 19.13347 0.05991
1282.58095 18.85568 0.04993
1282.61036 18.90886 0.0511
1282.62819 18.90207 0.04741
1297.58897 18.98365 0.04171
1297.59019 18.8737 0.0368
1297.5937 18.96452 0.03701
1297.59722 18.8563 0.0346
1297.59904 18.91395 0.03793
1297.60164 18.90051 0.03806
1297.60284 18.91744 0.0358
1297.6053 18.9279 0.03544
1297.61734 18.99719 0.03785
1297.61965 18.98954 0.03569
1297.62198 18.91159 0.03914
1297.62474 18.89863 0.03606
1297.62597 18.94659 0.03891
1297.62818 18.8679 0.03534
1297.63051 19.00115 0.03655
1297.63246 18.88689 0.03895
1297.6337 18.91187 0.03934
1297.63597 19.01167 0.04022
1297.63722 18.98552 0.03772
1297.63944 18.82496 0.03802
1297.64162 18.92947 0.039
1297.64281 18.80045 0.03661
1297.64393 18.91804 0.03689
1297.64612 18.90879 0.0382
1297.64742 18.90437 0.03733
1297.64964 18.9276 0.03569
1297.65084 18.8459 0.03741
1297.65434 18.95524 0.03973
1297.65811 18.93017 0.03703
1297.65988 19.02263 0.03804
1297.66121 18.96037 0.04025
1297.66483 18.93497 0.04044
1297.66714 18.88061 0.03692
1297.67315 18.90612 0.0377
1297.67547 18.95147 0.03946
1297.67675 18.93893 0.0403
1297.67954 18.88541 0.03733
1297.68076 18.82201 0.03653
1297.6819 18.93539 0.03941
1297.68325 18.93931 0.03894
1297.68541 18.97424 0.03873
1297.68786 19.03533 0.04002
1297.69171 18.95273 0.04143
1297.69635 18.8788 0.03423
1297.69767 18.94838 0.03812
1297.70113 18.85958 0.03879
1297.70743 18.85278 0.0372
1297.71084 18.92299 0.03804
1297.71401 18.89908 0.03783
1297.71668 18.85713 0.04082
1297.7179 18.95045 0.04295
1297.72049 18.89356 0.03992
1297.72327 18.88413 0.0419
1297.72448 18.94255 0.04191
1297.72584 18.89569 0.04273
1297.72772 18.86275 0.04056
1297.72894 18.88078 0.04139
1297.74317 18.92942 0.04692
1297.74683 18.98997 0.04642
1297.74996 18.86767 0.04352
1297.75123 18.96325 0.0456
1297.75493 18.88873 0.04492
1297.75709 18.95794 0.04244
1297.7583 18.89758 0.04522
1297.76047 18.94695 0.0465
1297.76167 18.9554 0.04622
1297.76388 18.97615 0.04861
1297.76506 18.98968 0.0463
1297.76834 18.92109 0.04522
1297.77069 18.95836 0.04741
1297.77185 18.8191 0.04421
1297.77383 18.89584 0.04465
1297.79199 19.06772 0.05311
1297.79318 18.96106 0.05305
1297.79645 18.93139 0.05552
1297.79838 18.94931 0.05437
1297.79953 19.04087 0.05823
1297.80077 18.95378 0.05951
1297.80192 19.05328 0.06125
1297.80312 19.04695 0.06176
1297.80437 18.96569 0.06216
1297.80564 18.96033 0.06213
1297.80864 19.04444 0.06722
1298.58895 18.90711 0.05159
1298.59013 18.96229 0.05508
1298.59235 19.03719 0.07113
1298.59354 18.96727 0.06707
1298.59724 18.97519 0.069
1298.59842 18.9903 0.06946
1298.60089 18.95312 0.07334
1298.6021 18.98735 0.0691
1298.60332 18.932 0.06501
1298.60466 18.97239 0.07528
1298.60701 18.85006 0.06444
1298.60823 18.9552 0.07361
1298.61034 18.98065 0.07078
1298.61272 18.79625 0.06057
1298.61595 18.80503 0.04665
1298.61811 18.8833 0.04128
1298.62047 18.96898 0.04453
1298.62171 18.86701 0.05765
1298.62426 18.9148 0.04768
1298.62643 18.9259 0.05439
1298.62762 18.86129 0.06071
1298.63098 18.94767 0.04988
1298.63219 18.83409 0.04287
1298.63473 18.88283 0.05257
1298.63687 18.90439 0.05119
1298.63807 18.97665 0.0572
1298.63935 18.95217 0.05443
1298.64364 18.89188 0.04076
1298.64578 18.94215 0.04524
1298.64695 18.88592 0.04972
1298.6481 18.80561 0.04326
1298.65082 18.93981 0.04508
1298.65294 18.92562 0.0446
1298.65509 18.97019 0.03813
1298.65745 19.01672 0.06236
1298.65865 18.82694 0.03715
1298.66081 18.82441 0.03716
1298.66198 18.88872 0.03866
1298.66411 18.87653 0.03939
1298.66639 18.89099 0.04151
1298.6699 18.81986 0.03644
1298.68256 18.93394 0.04557
1298.68492 18.96305 0.05014
1298.68729 18.98535 0.07343
1298.68852 19.08499 0.08387
1298.6908 18.85326 0.09102
1301.59099 18.94864 0.04247
1302.5927 19.11234 0.11139
1302.62153 18.76932 0.0505
1305.59416 18.86296 0.03817
1305.62276 18.88745 0.03994
1307.63151 19.00834 0.04719
1308.60019 19.02374 0.05075
1308.63015 19.0919 0.05998
1310.60466 19.08865 0.05463
1310.63503 18.94876 0.05045
1311.59823 18.91678 0.05022
1311.62777 18.99918 0.05622
1312.59699 18.98825 0.08455
1313.60478 18.85046 0.05781
1313.63593 18.90239 0.05734
1314.61498 18.75543 0.05186
1314.64504 19.11343 0.07172
1322.60046 19.11547 0.05959
1322.63022 19.00507 0.05082
1323.59943 18.87783 0.04172
1323.60059 18.90306 0.04197
1323.60172 18.94342 0.03988
1323.60284 18.88338 0.03822
1323.60396 18.86077 0.03761
1323.60508 18.85819 0.0392
1323.60621 18.81893 0.03642
1323.60734 18.93342 0.03681
1323.60846 18.84437 0.03732
1323.60959 18.88897 0.0394
1323.61071 18.84237 0.03636
1323.61183 18.87564 0.03735
1323.61297 18.85 0.03793
1323.61409 18.88454 0.03776
1323.61521 18.8842 0.03785
1323.61635 18.93492 0.03798
1323.61747 18.81199 0.03556
1323.61859 18.898 0.03912
1323.61971 18.87997 0.03914
1323.62085 18.87504 0.03902
1323.62197 18.87327 0.03609
1323.62309 18.92165 0.03784
1323.62423 18.84406 0.04072
1323.62535 18.88027 0.03874
1323.62647 18.82534 0.03672
1323.62759 18.85382 0.03653
1323.62872 18.87192 0.03762
1323.62985 18.92194 0.04102
1323.63097 18.85194 0.03782
1323.6321 18.9677 0.04131
1323.63322 18.86912 0.03771
1323.63435 18.87297 0.04082
1323.63549 18.87237 0.03812
1323.63661 18.89914 0.04063
1323.63773 18.89682 0.03968
1323.63887 18.88083 0.04015
1323.63999 18.89208 0.03965
1323.64112 18.93936 0.04069
1323.64225 18.87089 0.03934
1323.64338 18.87176 0.04003
1323.6445 18.9094 0.04007
1323.64563 18.91917 0.04122
1323.64676 18.8208 0.03853
1323.64789 18.87221 0.03673
1323.64902 18.83211 0.03645
1323.65014 18.85874 0.04152
1323.65127 18.92793 0.04359
1323.6524 18.88188 0.03891
1323.65352 18.83981 0.03832
1323.65465 18.929 0.04153
1323.65577 18.86055 0.03931
1323.65691 19.01699 0.04342
1323.65803 18.90222 0.04175
1323.65917 18.96173 0.04331
1323.66029 18.9355 0.04272
1323.66142 18.87583 0.04298
1323.66255 18.82677 0.04044
1323.66367 18.91423 0.04433
1323.6648 18.92375 0.04344
1323.66594 18.89165 0.04131
1323.66706 18.88896 0.04637
1323.66819 18.97429 0.04979
1323.66932 18.91857 0.04978
1323.67045 18.89561 0.04772
1323.67158 18.91953 0.04464
1323.67271 18.94321 0.04592
1323.67384 18.93612 0.04711
1323.67496 18.85973 0.04527
1323.67613 18.95602 0.05014
1323.67725 18.9577 0.04976
1323.67838 18.92869 0.04533
1323.67951 18.83452 0.04331
1323.68065 18.95362 0.04604
1323.68177 18.98742 0.04866
1323.6829 18.91122 0.04933
1323.68402 18.90594 0.04864
1323.68516 18.86072 0.04947
1323.68628 18.94237 0.04742
1323.68742 18.90946 0.04672
1323.68855 18.99092 0.04669
1323.68967 18.97922 0.05066
1323.69081 18.96951 0.05104
1323.69194 19.0324 0.05562
1323.69306 18.87459 0.04984
1323.6942 18.96565 0.06169
1323.69532 18.94547 0.05405
1323.69644 18.84759 0.0527
1323.69758 19.09775 0.06108
1323.6987 18.97071 0.05745
1323.69982 18.87184 0.05323
1323.70094 18.86787 0.05724
1323.70208 19.01822 0.05805
1323.7032 19.00588 0.06228
1323.70434 18.93493 0.06149
1323.70546 18.97267 0.05918
1323.70659 18.81635 0.05518
1323.70772 19.08838 0.07583
1323.70887 19.00187 0.06568
1323.71114 18.85347 0.06792
1323.71226 18.97594 0.07418
1323.7134 19.16256 0.08179
1323.71453 18.83972 0.09086
1323.71679 19.07706 0.11317
1323.71905 19.02819 0.09004
1323.72017 19.18781 0.09493
1323.7213 19.20316 0.14188
1323.72356 18.9763 0.08268
1323.72582 19.19243 0.09767
1323.72695 19.1899 0.09824
1323.72808 19.15269 0.09417
1323.73034 18.97072 0.11649
1323.73146 19.04403 0.10843
1323.73259 18.92845 0.10005
1323.73485 18.98031 0.10999
1324.6344 18.97574 0.04625
1324.67356 18.86423 0.04201
1328.60109 18.83286 0.04551
1328.63041 18.81831 0.03787
1329.6158 18.92735 0.0574
1330.60568 18.79173 0.04176
1330.63442 18.92676 0.04641
1336.60557 18.81531 0.04815
1336.6347 18.86878 0.05194
1337.61678 18.82257 0.04248
1337.646 18.89355 0.04425
1339.61462 18.96921 0.07653
1339.64973 19.0659 0.08852
1340.62168 18.86345 0.04855
1340.65261 18.8599 0.05392
1341.63432 18.98698 0.05875
1342.61542 19.01148 0.06426
1342.64414 18.92942 0.07106
1431.98143 19.10216 0.09786
1432.97832 18.94734 0.07121
1433.97522 18.84231 0.05653
1434.97306 18.81235 0.05402
1440.95678 18.90192 0.08792
1442.95121 18.91418 0.06476
1443.94843 18.89607 0.05301
1444.94545 19.08195 0.07483
1444.97977 18.93934 0.0929
1446.9404 18.7605 0.04628
1446.9746 18.85844 0.05685
1447.93827 18.91662 0.04316
1447.97245 18.8566 0.05106
1448.93551 18.85531 0.04038
1448.97043 18.88264 0.04995
1449.9322 18.88726 0.03948
1449.96744 18.80449 0.03716
1450.93056 18.90155 0.03958
1450.96471 18.83919 0.04489
1451.92757 18.95021 0.04585
1451.96268 18.90071 0.04226
1452.92487 18.902 0.04168
1452.95905 18.8035 0.03563
1453.9223 18.92271 0.04683
1453.95718 18.91062 0.04804
1454.91904 18.94215 0.04465
1454.9531 18.81988 0.03865
1455.91706 18.82809 0.04085
1455.95123 18.78929 0.03587
1456.91361 18.8434 0.04102
1456.94859 18.84235 0.03759
1457.91086 18.89301 0.0439
1457.9457 18.87215 0.03857
1458.90893 18.83982 0.03713
1458.94334 18.78653 0.03213
1459.90596 18.78718 0.03967
1459.94092 18.77549 0.03568
1460.9034 18.79325 0.03856
1460.93791 18.80209 0.03435
1461.90107 18.79185 0.03919
1461.93811 18.85098 0.0343
1462.89824 18.82764 0.04206
1462.93439 18.94592 0.04361
1463.89576 18.92089 0.05902
1463.93218 18.76805 0.03534
1469.87982 18.85191 0.0662
1469.91685 18.84033 0.05574
1471.87375 18.86097 0.06114
1471.91001 18.82357 0.05328
1473.90477 18.87261 0.06814
1475.86334 18.84582 0.06035
1475.9008 18.85847 0.05767
1476.86102 18.76871 0.05869
1476.89765 18.68892 0.06965
1477.85777 18.86771 0.08464
1485.83631 18.72396 0.04401
1486.83403 18.78531 0.03784
1486.87106 18.73921 0.03501
1488.83006 18.79457 0.04268
1488.86647 18.77295 0.03639
1489.82698 18.86717 0.04565
1489.86366 18.80583 0.03635
1491.8581 18.71448 0.06613
1498.802 18.90992 0.07719
1498.83888 18.75948 0.0668
1502.79167 18.78472 0.04506
1503.78903 18.74612 0.03822
1503.82769 18.79232 0.03829
1504.82017 18.9117 0.04377
1504.86992 18.83587 0.03792
1504.90811 18.81602 0.03638
1505.81768 18.91064 0.04174
1505.9509 18.83418 0.0362
1505.98842 18.80266 0.0433
1506.89349 18.78844 0.04201
1507.80198 18.86211 0.03936
1507.84712 18.81159 0.03478
1507.99891 18.84858 0.03771
1508.90167 18.73215 0.02666
1509.79634 18.7993 0.03552
1509.83877 18.78761 0.03148
1510.8262 18.76929 0.02818
1511.79111 18.77186 0.03425
1511.84089 18.82959 0.03081
1512.78788 18.84546 0.04075
1512.82519 18.79617 0.03492
1513.78624 18.74276 0.03524
1513.82352 18.74931 0.03079
1514.7834 18.6934 0.03416
1514.82081 18.77309 0.03212
1515.78106 18.68792 0.03382
1515.82231 18.77154 0.03429
1516.77774 18.7546 0.03483
1516.81437 18.75516 0.02861
1517.77605 18.82341 0.03792
1517.81715 18.70601 0.02813
1517.97309 18.77987 0.02896
1518.87478 18.77079 0.02892
1518.96686 18.73611 0.02836
1519.00311 18.74496 0.03041
1519.90443 18.75932 0.02772
1519.96504 18.73096 0.02639
1520.00171 18.758 0.02838
1520.90327 18.71006 0.0282
1520.95521 18.70397 0.02814
1520.99262 18.74329 0.02795
1521.89446 18.76798 0.02948
1521.95772 18.74472 0.02879
1521.99393 18.70282 0.029
1527.76434 18.667 0.09394
1528.72198 18.89536 0.08687
1528.81982 18.67095 0.06016
1528.87422 18.89047 0.07793
1529.90241 18.72935 0.04855
1529.93849 18.87626 0.05483
1529.97462 18.76263 0.05867
1532.71221 18.72346 0.04059
1532.85928 18.72775 0.03402
1532.89645 18.73353 0.03129
1533.79895 18.77452 0.03171
1533.97228 18.78888 0.03566
1537.84525 18.75902 0.02731
1537.9874 18.75931 0.02691
1539.69386 18.75737 0.04232
1539.88447 18.75791 0.02738
1539.9215 18.72253 0.02811
1540.97669 18.76201 0.02799
1541.6883 18.83868 0.04345
1541.83165 19.04207 0.08932
1542.96698 18.755 0.03081
1544.00787 18.75932 0.03196
1546.67441 18.68658 0.04567
1546.75907 18.75536 0.0336
1546.94639 18.73239 0.02981
1547.84788 18.78691 0.03024
1548.0057 18.76328 0.03199
1548.66959 18.79057 0.05335
1548.70582 18.79606 0.04694
1548.74172 18.74832 0.04075
1549.66591 18.86155 0.04958
1549.70273 18.73159 0.04506
1549.73967 18.80687 0.04504
1550.66388 18.84225 0.06863
1550.6994 18.79355 0.05731
1550.73216 18.79278 0.04962
1551.66063 19.04887 0.08291
1551.72202 18.98364 0.06287
1551.75862 18.8158 0.05002
1552.66117 18.79439 0.06837
1552.71291 18.86207 0.06471
1552.74635 18.9596 0.05663
1561.66061 18.81684 0.03921
1561.89034 18.90175 0.04534
1561.92356 18.9379 0.04724
1562.93459 18.83304 0.03865
1563.02169 18.82944 0.04846
1563.6524 18.96244 0.0457
1563.6893 18.82755 0.04021
1563.77494 18.84998 0.03565
1564.72602 18.75292 0.03588
1564.99301 18.84169 0.03791
1565.02672 18.76262 0.04621
1565.92832 18.81758 0.03452
1565.98151 18.92685 0.04023
1566.01544 18.76681 0.04233
1566.91724 18.82389 0.0327
1566.96287 18.87742 0.03625
1566.99591 18.84646 0.03851
1567.8986 18.782 0.02964
1567.96702 18.83054 0.03064
1568.00039 18.8425 0.03287
1568.90245 18.74991 0.03018
1568.96343 18.8443 0.03202
1568.99843 18.81728 0.03799
1569.90084 18.79298 0.03425
1569.99803 18.80642 0.04135
1570.03082 18.81645 0.05031
1571.62526 19.03485 0.06154
1571.69052 19.03012 0.05636
1571.72419 19.11401 0.05616
1572.62632 18.76196 0.04325
1572.66032 18.79975 0.03676
1572.69287 18.81526 0.05036
1573.61429 18.84821 0.04785
1573.64765 18.83126 0.03851
1573.77817 18.93745 0.03634
1576.83948 18.83299 0.03215
1577.00541 18.83253 0.04388
1577.60601 18.85862 0.05991
1577.63144 18.79846 0.05168
1577.77306 18.84609 0.03892
1578.67217 18.80662 0.04147
1578.69674 18.72631 0.0417
1578.75347 18.8759 0.03922
1579.73584 18.83987 0.04566
1579.85963 18.84291 0.0457
1579.88516 18.75493 0.04292
1580.7875 18.9233 0.05184
1580.8553 18.83625 0.05121
1580.88022 18.9241 0.05622
1581.78167 18.81466 0.08781
1581.83883 19.01482 0.06359
1581.86464 19.13841 0.07216
1587.62864 18.8955 0.03814
1587.78993 18.71446 0.04531
1588.71625 18.85073 0.0665
1588.86644 18.96837 0.06746
1588.89281 18.89355 0.07738
1589.79481 18.88416 0.03934
1589.81959 18.79508 0.03986
1589.84642 18.74292 0.04049
1590.76387 18.79578 0.03636
1590.8749 18.81546 0.03796
1590.89969 18.96374 0.04363
1591.80204 18.97128 0.06532
1591.86057 18.86295 0.03771
1591.88508 18.76551 0.03929
1592.81972 18.8159 0.03539
1592.91348 18.89285 0.04056
1592.93852 18.79825 0.04291
1596.59731 18.80309 0.0436
1596.81771 18.90561 0.04557
1597.74425 18.99863 0.04268
1597.82393 18.89941 0.04532
1597.84943 19.00265 0.05262
1598.75163 18.88151 0.04026
1598.82179 18.89153 0.04439
1598.84855 18.90908 0.04022
1599.75014 18.8833 0.03513
1599.79577 18.85469 0.03189
1599.82112 18.8022 0.03496
1600.77441 18.89287 0.03397
1600.8753 18.884 0.03823
1602.59024 18.95982 0.05308
1602.78065 18.99841 0.05247
1603.68227 18.91128 0.04239
1603.74296 18.91171 0.0413
1603.81581 18.93568 0.03723
1604.73691 18.86024 0.03559
1604.92616 18.81933 0.04343
1605.64733 18.90996 0.03738
1605.67213 18.95019 0.03874
1606.58401 18.88017 0.08322
1606.60932 18.78445 0.05492
1606.64241 18.78519 0.07791
1607.82225 18.92329 0.05193
1607.84927 18.90419 0.04049
1608.75086 18.99938 0.05265
1608.81398 18.90316 0.05357
1608.84048 19.10938 0.07978
1609.8617 18.85523 0.05831
1609.88847 18.81993 0.06081
1621.79766 18.97928 0.04466
1622.58588 18.79977 0.03827
1623.58717 18.96374 0.05237
1624.57999 18.87677 0.04158
1624.60429 18.80501 0.03772
1625.70494 18.87532 0.037
1625.74386 18.84679 0.03415
1626.64578 18.93962 0.03884
1627.83411 18.95329 0.12656
1628.73144 18.86686 0.03886
1628.76212 18.9587 0.04558
1637.58042 18.844 0.05441
1637.60549 18.93279 0.05748
1639.58002 18.78618 0.06141
1639.60438 18.85308 0.05512
1640.58279 18.84749 0.05936
1640.61699 19.16409 0.06932
1648.58277 18.98882 0.04839
1648.61266 18.96314 0.05161
1649.57885 18.91199 0.04903
1649.60387 18.85269 0.04029
1650.58762 18.90477 0.04449
1653.61955 19.04227 0.06209
1658.58519 18.8495 0.03561
1658.62914 18.9539 0.0356
1659.58605 18.86573 0.03622
1659.61086 18.83742 0.03627
1660.58569 18.88119 0.04017
1660.61029 18.84053 0.03586
1661.58623 18.90409 0.0984
1662.58587 18.77996 0.0427
1662.61038 18.96975 0.05129
1663.59143 18.76498 0.03757
1663.6171 18.85644 0.03958
1664.58594 18.89682 0.09489
1664.6104 18.95824 0.0546
1668.58721 18.83057 0.07885
1668.61177 18.86009 0.05474
1669.61423 18.9862 0.06842
1670.58877 19.08368 0.10537
1675.5969 18.89298 0.03649
1675.6459 18.90974 0.04871
1676.59181 18.89099 0.04462
1676.61781 18.90309 0.03827
1677.60718 18.83984 0.08564
1678.61458 18.87488 0.03977
1678.64019 18.88114 0.04001
1680.60724 18.87551 0.04499
1683.59693 18.78248 0.03924
1683.63252 18.93589 0.039
1685.59847 18.89709 0.06826
1685.6471 18.89593 0.06788
1686.63379 18.92345 0.07674
1687.59886 18.87574 0.04234
1687.64144 18.81876 0.04127
1690.60286 18.98503 0.05196
1690.64549 18.89895 0.05015
1697.60505 18.92109 0.05596
1699.60928 19.04497 0.07224
1816.96412 19.00056 0.04633
1816.97531 19.105 0.07301
1817.96427 19.03599 0.0455
1817.97654 19.16521 0.07141
1818.96227 19.0117 0.0409
1818.97512 19.25827 0.06508
1819.96647 19.36834 0.08155
1819.97765 19.25896 0.10072
1820.96625 19.01106 0.07921
1820.97769 19.35112 0.12546
1821.96237 19.14379 0.08752
1821.9727 18.90649 0.09702
1822.96143 19.06895 0.07072
1822.97681 19.04622 0.10119
1823.96094 19.09944 0.0795
1823.97346 19.00641 0.07663
1824.96428 19.17156 0.06443
1824.97573 19.10593 0.069
1825.96455 19.20946 0.0697
1825.97592 19.17452 0.09664
1826.96127 19.13457 0.06146
1826.97472 19.32018 0.081
1827.96384 19.06963 0.0537
1827.97622 19.08395 0.07305
1828.9654 19.07513 0.0513
1828.97804 19.15584 0.06873
1829.96383 19.08904 0.04527
1829.97653 19.15514 0.05692
1830.96102 19.0205 0.04136
1830.97338 19.09538 0.04355
1831.96161 18.98783 0.03542
1831.97427 19.02264 0.04731
1832.9648 18.93515 0.03587
1832.97563 19.12563 0.04404
1833.96568 19.0003 0.04034
1833.97644 19.18726 0.05344
1834.96484 19.05983 0.03605
1834.9776 19.06621 0.05657
1835.96569 19.12642 0.04411
1835.97723 19.06255 0.05884
1836.96625 19.06389 0.03553
1836.97711 19.03188 0.04744
1837.96638 19.048 0.03533
1837.98211 18.87916 0.06076
1838.96389 18.98365 0.03249
1838.9786 19.10246 0.04999
1839.96511 18.95763 0.03352
1839.97834 19.09711 0.04806
1840.96951 18.96619 0.03713
1840.98137 18.97119 0.05387
1841.96857 19.01331 0.036
1841.98075 19.14805 0.05234
1845.96726 18.95557 0.0326
1845.98002 18.92698 0.0392
1846.96666 18.94308 0.0327
1846.98115 18.9643 0.03723
1847.96648 18.96162 0.03239
1847.98151 18.93217 0.03563
1848.96743 18.94595 0.03335
1848.98312 18.97604 0.04328
1849.96813 18.97798 0.06059
1849.98235 18.90192 0.0584
1850.96941 19.15183 0.08489
1850.98368 19.01667 0.07871
1851.97048 19.03521 0.05931
1851.98675 18.96826 0.06954
1854.96165 18.98252 0.04711
1854.98771 18.9423 0.04858
1855.96071 19.0596 0.05045
1855.98393 19.15479 0.05245
1856.96087 19.08912 0.06916
1856.98328 18.94476 0.05189
1858.96243 18.96654 0.03625
1858.98507 18.98741 0.03882
1859.96515 18.89283 0.03047
1859.98697 19.00215 0.04157
1861.96231 18.90326 0.03391
1861.98508 18.95444 0.03332
1862.9659 18.87945 0.03353
1862.98227 18.9206 0.03576
1863.94981 18.93495 0.02997
1864.94576 18.93138 0.03744
1864.96947 18.94518 0.04217
1865.92975 19.00484 0.04166
1865.96089 18.90445 0.03215
1867.98799 18.93564 0.03341
1868.96536 18.95289 0.03198
1868.98567 18.88518 0.03256
1869.96092 18.94645 0.03327
1869.98231 18.94691 0.03115
1870.96467 18.927 0.02898
1870.98635 18.9296 0.03193
1874.97428 18.90772 0.02896
1874.99622 18.86346 0.03272
1875.98151 18.98162 0.03493
1875.99752 18.91022 0.03737
1876.91773 18.89363 0.02803
1876.94717 18.85962 0.02737
1877.9745 18.92636 0.03071
1877.9957 18.9155 0.03271
1878.00741 18.93276 0.05863
1878.9086 18.87212 0.04839
1878.93847 18.94699 0.05043
1879.92838 18.89936 0.05456
1879.95816 18.99223 0.05852
1880.95792 18.92884 0.09434
1880.9882 18.76184 0.0598
1882.96877 18.82697 0.07233
1882.98848 18.82159 0.07399
1883.9421 18.75816 0.04444
1883.98158 18.94632 0.0481
1884.99956 18.95204 0.0485
1885.96448 18.89685 0.04191
1885.98159 18.86582 0.03665
1886.91453 18.84791 0.03591
1886.94264 18.92208 0.03701
1887.91623 19.00819 0.03624
1887.94902 18.94782 0.03464
1888.86519 18.88821 0.0296
1888.89905 18.88228 0.03002
1888.91008 18.84412 0.02893
1888.94196 18.86113 0.02992
1890.94091 18.86572 0.02922
1890.97479 18.90705 0.03149
1895.83087 18.94772 0.03821
1895.86667 18.88312 0.04179
1972.71463 18.8037 0.03841
1972.73749 18.85379 0.04097
1978.74407 18.76749 0.03562
1978.79927 18.87846 0.05679
1979.72374 18.95477 0.05615
1980.71766 18.86996 0.03684
1980.83416 18.82907 0.03902
1981.71538 18.76955 0.03479
1981.77818 18.8005 0.03382
1984.71333 19.02535 0.05025
1984.78092 18.94018 0.06148
1986.72544 18.82125 0.04124
1986.79095 18.91842 0.0481
1987.70535 18.92198 0.04206
1987.76948 18.91686 0.04196
1988.66321 18.85152 0.03939
1989.60286 18.8343 0.03911
1989.66828 18.86837 0.03961
1990.59847 18.80151 0.03952
1990.66232 18.84955 0.04097
2067.60784 18.95357 0.05201
2067.62545 19.03826 0.05249
2179.97424 18.9273 0.08608
2180.95646 19.0722 0.06705
2185.96692 18.76017 0.04851
2187.96362 18.92238 0.04198
2188.93765 18.94591 0.04129
2188.96808 18.94049 0.04318
2189.95594 18.94454 0.03996
2190.94422 18.95122 0.042
2190.9766 19.17205 0.09101
2191.9217 18.90512 0.04415
2191.95614 18.80968 0.04041
2192.94672 18.93204 0.0454
2192.97846 18.96679 0.07904
2193.93573 18.97968 0.04355
2193.96862 18.97363 0.04772
2194.94374 18.96347 0.04272
2194.97431 19.00143 0.05201
2195.94595 18.97217 0.04546
2195.97546 18.88838 0.05921
2196.92539 18.97704 0.05421
2196.97637 18.91169 0.06766
2197.91796 18.916 0.04288
2197.96971 18.9306 0.04408
2198.93165 18.97753 0.04217
2198.96479 18.96006 0.04392
2199.9472 18.9845 0.04859
2199.9815 19.12519 0.08901
2207.95261 18.92136 0.06431
2207.98422 18.98822 0.06479
2208.90735 19.01443 0.05971
2208.94607 18.99604 0.06149
2209.97959 18.97752 0.06372
2210.9363 18.98988 0.05041
2210.97519 18.91828 0.04763
2211.94997 19.05796 0.05034
2211.98409 18.91325 0.05861
2212.9376 18.90954 0.06148
2212.97329 18.92998 0.06692
2214.96163 18.87832 0.03829
2216.93262 18.91654 0.0375
2216.97994 18.96244 0.04111
2218.92712 18.94633 0.03715
2218.977 18.98347 0.03761
2219.94247 18.93543 0.03257
2219.97077 18.94283 0.03131
2220.92305 18.94507 0.03294
2220.98129 18.85161 0.03495
2225.95176 18.96426 0.03123
2226.95332 18.93321 0.03022
2227.93417 18.88827 0.03267
2227.97035 18.97654 0.03271
2231.91879 18.94609 0.03817
2231.96902 18.8858 0.03028
2232.8829 18.97367 0.05116
2232.9489 18.92849 0.04226
2237.93379 18.85966 0.0557
2237.98326 18.8686 0.06279
2238.91268 18.90523 0.04289
2238.96563 18.91187 0.04125
2239.93796 18.91241 0.04194
2239.98313 18.98431 0.04426
2240.95317 18.9633 0.04434
2241.93368 18.97831 0.04053
2242.93933 18.97398 0.03397
2242.98523 18.95747 0.03367
2244.91131 18.98715 0.0331
2244.96611 18.86803 0.03139
2245.87591 18.94075 0.03228
2245.91376 18.97931 0.03193
2246.89995 18.94992 0.03067
2246.93423 18.95867 0.02815
2247.92574 18.8982 0.03084
2247.95614 18.86964 0.03043
2248.84393 18.90655 0.03345
2248.8782 19.00499 0.03394
2249.88436 18.94776 0.03199
2249.9163 18.94055 0.03301
2250.88236 18.90095 0.03245
2250.92114 18.93802 0.03533
2251.8693 18.90382 0.03314
2251.91419 18.86943 0.03163
2267.93864 19.23212 0.08356
2267.9816 18.99946 0.05235
2554.97044 19.1354 0.05782
2555.93989 19.07718 0.04747
2555.96363 19.05003 0.04689
2564.94449 19.09766 0.06713
2564.95195 19.15514 0.0814
2565.94418 19.30979 0.07092
2567.951 19.15846 0.06485
2567.97572 19.30334 0.07155
2568.92119 19.03754 0.0559
2568.97479 19.32439 0.06896
2569.92685 19.04859 0.04957
2570.93954 19.06303 0.04169
2571.91515 19.12115 0.04826
2571.96845 19.13099 0.05084
2572.94 19.02446 0.04349
2572.961 19.10272 0.05064
2573.95955 18.98937 0.04162
2574.96997 19.0256 0.04073
2575.96076 19.01793 0.04207
2576.95096 19.03699 0.04099
2577.97714 19.00039 0.05075
2578.93031 19.032 0.043
2578.9597 19.06141 0.04183
2579.93833 18.934 0.0409
2579.96636 19.05564 0.0446
2580.94991 19.04861 0.04258
2580.97641 19.17902 0.04821
2581.93908 19.08301 0.03967
2581.96061 19.05657 0.03995
2582.96612 19.1151 0.0424
2582.9889 19.23538 0.07873
2583.93612 18.99399 0.03864
2583.97225 19.02714 0.04141
2584.92871 19.03158 0.03963
2584.97404 18.96696 0.03996
2585.92275 19.09689 0.04982
2585.96134 19.04475 0.0435
2586.91575 19.14385 0.06589
2592.99636 19.0734 0.10204
2595.9848 19.07027 0.06094
2596.95384 19.0894 0.06005
2596.98786 19.25558 0.06484
2597.93735 19.07598 0.04422
2597.9794 19.01061 0.04688
2598.9281 18.94561 0.04305
2598.97263 19.01846 0.04369
2599.94579 19.06824 0.04856
2600.96483 19.15894 0.0466
2601.9531 18.98189 0.0434
2601.99102 19.07753 0.04636
2602.95616 19.13791 0.04637
2602.99208 19.06164 0.04722
2603.95654 19.04051 0.04383
2603.99274 19.09155 0.04632
2604.96148 19.09641 0.04366
2604.99535 18.9563 0.0435
2605.93926 18.96547 0.03741
2605.97693 19.0204 0.03802
2606.94732 19.07442 0.04107
2606.99101 18.98676 0.03994
2607.92659 18.99977 0.0409
2607.97806 19.05895 0.04307
2608.92515 19.07534 0.04089
2608.96585 19.00869 0.04254
2609.94301 19.04594 0.04419
2610.89516 19.10367 0.04683
2610.92695 18.98058 0.04071
2611.90199 19.10165 0.04246
2611.93252 19.00764 0.04548
2612.88937 19.09734 0.04262
2612.93148 19.04443 0.04265
2613.84046 19.02049 0.05324
2613.87193 18.93178 0.04124
2613.90353 18.99218 0.03783
2614.96436 19.03046 0.04033
2614.99496 18.98375 0.04294
2615.90761 19.06867 0.0564
2615.95637 19.02847 0.04103
2621.98607 19.1602 0.12743
2622.96114 18.9808 0.09926
2624.01266 19.00232 0.10572
2624.97236 19.24533 0.08412
2624.99829 18.98384 0.08031
2625.94454 19.00264 0.05664
