#mjd mag magerr
55061.95573 20.69312 0.11792
55063.91987 20.84526 0.16688
55063.9639 20.71239 0.13066
55064.92128 20.74968 0.17177
55064.9656 20.83243 0.19088
55066.95474 20.69591 0.1253
55069.90324 20.71779 0.12808
55069.94786 20.70057 0.12611
55087.85609 20.73032 0.15141
55087.90101 20.64476 0.15401
55088.96983 20.81071 0.13429
55089.01521 20.651 0.13967
55089.94574 20.83937 0.1349
55089.99042 20.64091 0.12949
55093.83741 20.70509 0.13951
55093.88196 21.05161 0.16428
55096.8292 20.61243 0.15321
55097.00858 20.64204 0.19646
55114.88125 20.56246 0.15257
55119.95365 20.73054 0.1788
55123.81523 20.71306 0.17988
55127.87706 20.51684 0.152
55142.7036 20.51881 0.16986
55142.75219 20.45865 0.15946
55144.77886 20.56286 0.19158
55151.77257 20.58658 0.12856
55168.63378 20.21114 0.22807
55175.61224 20.94968 0.14324
55175.65684 20.57861 0.13389
55183.64253 20.59883 0.19238
55199.58559 20.73342 0.14795
55202.58667 20.70759 0.15632
55203.71441 20.86193 0.1706
55207.63092 20.46586 0.18974
55207.67514 20.22402 0.13735
55209.5968 20.47502 0.1347
55209.64149 20.63041 0.16125
55381.93934 20.59369 0.21025
55384.82671 20.51604 0.16748
55384.87028 20.57622 0.16786
55385.87021 20.49773 0.16171
55385.91339 20.43983 0.1492
55386.86524 20.70576 0.19536
55387.91342 20.65152 0.12944
55388.91005 20.5989 0.15359
55390.85393 20.74699 0.17257
55392.87538 20.52625 0.13494
55394.79908 20.89839 0.20494
55394.8431 20.74133 0.16056
55395.84215 20.83715 0.19436
55396.83932 20.28848 0.13091
55397.83526 20.50327 0.19335
55421.73664 20.19444 0.13797
55421.79901 20.36447 0.13278
55422.75115 20.56085 0.20335
55422.79487 20.61073 0.15605
55423.74742 20.52894 0.16836
55423.79284 20.68627 0.15356
55424.75349 20.49202 0.23705
55424.80178 21.02186 0.16837
55425.76166 20.51109 0.18329
55425.80573 20.3261 0.12626
55426.8444 20.58667 0.15636
55427.8408 20.68537 0.14696
55428.79281 20.47941 0.21963
55428.83703 20.32211 0.16807
55429.85716 20.52914 0.20154
55438.9065 20.8874 0.20214
55438.92394 20.46333 0.15905
55440.88675 20.61063 0.17405
55440.89518 20.51888 0.21555
55440.90145 20.57456 0.15256
55440.90439 20.54026 0.15175
55440.91025 20.69874 0.20283
55440.91316 20.33935 0.17775
55440.91591 21.03885 0.19415
55440.9187 20.86446 0.16717
55440.92426 20.72493 0.14897
55440.93095 20.74135 0.15195
55440.93364 20.5141 0.17285
55440.93623 20.66537 0.17914
55440.9395 20.49966 0.16498
55440.95791 20.63333 0.17735
55441.87301 20.53236 0.17198
55441.87592 20.53515 0.124
55441.88645 20.96061 0.14848
55441.88962 20.93331 0.18766
55441.89254 20.30259 0.14767
55441.89542 20.93488 0.16209
55441.89828 20.97962 0.14979
55441.90107 20.82765 0.14629
55441.9037 20.80262 0.16898
55441.90634 20.77398 0.1456
55441.90906 20.55362 0.11902
55441.9118 20.3867 0.14847
55441.91445 20.45542 0.16066
55441.91981 20.69133 0.14456
55441.92242 20.40508 0.14807
55441.92546 20.31074 0.1198
55441.9281 20.83001 0.15198
55441.93183 20.35791 0.14557
55441.93458 20.67314 0.16665
55441.93727 20.60353 0.12186
55441.94048 20.53385 0.13089
55441.94326 20.90028 0.15197
55441.94546 20.92142 0.15308
55441.94852 20.94065 0.19124
55441.95194 20.74722 0.14847
55441.95469 20.53269 0.13757
55441.96715 20.77763 0.14578
55441.97012 20.28496 0.15107
55441.97294 20.28187 0.11921
55441.97532 20.78416 0.19465
55441.97757 20.89008 0.16146
55441.9835 20.59163 0.14399
55441.9863 20.84525 0.18575
55441.98852 20.54046 0.19035
55441.99382 20.91018 0.17745
55442.00906 20.51831 0.18136
55442.01486 20.87042 0.16907
55442.70382 20.60874 0.21646
55442.70734 20.6755 0.16986
55442.71097 20.77493 0.19065
55442.71448 20.37732 0.19417
55442.72527 20.54463 0.16336
55442.74184 20.69663 0.20738
55442.74882 20.54529 0.15057
55442.75572 20.88259 0.15358
55442.76147 20.69587 0.16916
55442.76615 20.38365 0.11949
55442.77616 20.77027 0.21377
55442.78135 20.811 0.18316
55442.78615 20.61324 0.17406
55442.79145 20.84389 0.14387
55442.79615 20.31766 0.1188
55442.80186 20.4587 0.15036
55442.8093 20.34922 0.14567
55442.81443 20.46021 0.12375
55442.81939 20.27971 0.1437
55442.82447 20.64818 0.1459
55442.8293 20.54609 0.12433
55442.83541 20.69867 0.1312
55442.84012 20.78583 0.16061
55442.84597 20.73458 0.14331
55442.85112 20.58568 0.14031
55442.85657 20.72811 0.13672
55442.86387 20.43532 0.17148
55442.87002 20.76062 0.15338
55442.87503 20.69211 0.18699
55442.88048 20.50734 0.13571
55442.88617 20.50756 0.12592
55442.89221 20.4226 0.1515
55442.89785 20.60042 0.15027
55442.90297 20.75073 0.14198
55442.90871 20.91026 0.15736
55442.91368 20.52225 0.11507
55442.91875 20.63019 0.16714
55442.92384 20.42113 0.12568
55442.93037 20.73864 0.14577
55442.93642 20.40022 0.12672
55442.95754 20.8064 0.20478
55442.96246 20.91406 0.19264
55442.96833 20.49785 0.17875
55442.97782 20.39014 0.14636
55442.98206 20.49153 0.14777
55442.9872 20.66344 0.17345
55442.99348 20.67748 0.17807
55442.99858 20.89719 0.149
55443.01002 20.58754 0.16337
55443.69287 20.59155 0.20875
55443.71028 20.30691 0.17914
55443.72231 20.61247 0.17827
55443.74306 20.48836 0.14626
55443.74812 20.53397 0.14079
55443.75372 20.63513 0.16605
55443.75946 20.75535 0.14236
55443.76526 20.80453 0.15237
55443.78027 20.84123 0.20525
55443.78539 20.28583 0.12878
55443.79156 20.5695 0.14099
55443.79717 20.73949 0.16077
55443.80302 20.73877 0.17418
55443.80895 20.50554 0.16024
55443.81493 20.97811 0.14708
55443.82634 20.72662 0.14818
55443.83239 20.60649 0.13807
55443.83783 20.70955 0.15279
55443.84415 20.81917 0.13499
55443.84958 20.70457 0.15117
55443.85553 20.81018 0.15987
55443.86252 20.64106 0.18346
55443.87576 20.74329 0.16687
55443.88892 20.9347 0.20683
55443.90077 20.57569 0.14957
55443.90658 20.46027 0.12287
55443.91235 20.48936 0.12146
55443.91779 20.84805 0.14814
55443.92967 20.73801 0.14345
55443.93496 20.61446 0.17787
55443.94073 20.95701 0.20486
55443.94779 20.82475 0.14017
55443.95355 20.7132 0.14265
55443.95925 20.74234 0.14755
55443.9693 20.4956 0.15716
55443.97555 20.48689 0.16106
55443.98144 20.95156 0.16167
55443.98725 20.51375 0.17214
55443.99456 20.59077 0.17276
55444.0061 20.61285 0.17816
55444.7091 20.75258 0.18774
55444.72103 20.28159 0.16358
55444.73377 20.45575 0.15965
55444.74094 20.55299 0.14825
55444.75167 20.87083 0.15577
55444.75678 20.68915 0.16266
55444.7673 20.55202 0.14875
55444.77353 20.63635 0.14317
55444.77876 20.54413 0.17286
55444.78368 21.04294 0.15846
55444.79848 20.78472 0.18514
55444.80403 20.34006 0.15237
55444.81599 20.73377 0.15127
55444.8213 20.96728 0.14476
55444.83854 20.69066 0.14926
55444.84549 20.3254 0.12569
55444.85161 20.59934 0.1769
55444.85679 20.73771 0.151
55444.86777 20.56418 0.17116
55444.87321 20.56705 0.17397
55444.87872 20.85317 0.15776
55444.89016 20.45521 0.15435
55444.90153 20.37151 0.11326
55444.90845 20.75313 0.15218
55444.91349 20.42841 0.15954
55444.92279 20.30858 0.11807
55444.93139 21.00997 0.17165
55444.94041 20.73492 0.14389
55444.94568 20.46433 0.13309
55444.951 20.85254 0.16567
55444.95724 20.36822 0.16546
55444.96289 20.70096 0.18295
55444.96923 20.53153 0.14657
55444.98915 20.842 0.15647
55444.99553 20.74585 0.14286
55445.00779 20.8436 0.15527
55445.72791 20.8869 0.16996
55445.73457 20.52908 0.14537
55445.7456 20.69206 0.19565
55445.75096 20.74105 0.16445
55445.75643 20.71657 0.1503
55445.76191 20.55088 0.14556
55445.76784 20.70214 0.14588
55445.7737 20.79957 0.15257
55445.779 20.66569 0.14467
55445.78479 20.52015 0.21147
55445.79025 20.29426 0.11222
55445.79613 20.71826 0.15488
55445.81095 20.66448 0.14019
55445.81845 20.31577 0.12168
55445.82455 20.50797 0.16466
55445.84021 20.35232 0.16487
55445.84549 20.83412 0.16626
55445.85174 20.60218 0.13609
55445.85762 20.71969 0.13586
55445.8636 20.77198 0.12837
55445.86963 20.89365 0.14458
55445.87567 20.38958 0.12179
55445.88207 20.80635 0.13688
55445.88844 20.89979 0.15217
55445.89432 21.00857 0.15398
55445.89983 20.46086 0.13487
55445.90668 20.72918 0.13867
55445.91299 20.6521 0.14414
55445.91722 20.38879 0.13167
55445.92351 20.43617 0.13639
55445.92915 20.86018 0.18017
55445.94048 20.96732 0.15317
55445.95216 20.81426 0.15508
55445.95886 20.99195 0.17565
55445.97191 20.69657 0.14137
55445.97872 20.8431 0.14836
55445.98437 20.71446 0.13298
55445.99581 20.54152 0.16126
55446.00245 20.40176 0.15829
55446.00827 20.72665 0.17066
55446.01324 20.89841 0.16086
55446.01787 20.54036 0.14096
55446.67601 20.28078 0.18655
55446.71375 20.61036 0.17966
55446.73768 20.81102 0.14966
55446.74263 20.76633 0.16497
55446.74841 20.83132 0.17847
55446.76487 20.39549 0.12842
55446.77004 20.81739 0.1429
55446.77518 20.80921 0.15966
55446.78018 20.49093 0.15077
55446.78654 20.61615 0.1259
55446.79243 20.54747 0.1334
55446.79818 20.53147 0.13449
55446.80822 20.32173 0.13099
55446.81336 20.38962 0.1268
55446.81934 20.68068 0.15127
55446.82569 20.49993 0.14948
55446.83186 20.67054 0.16607
55446.83803 20.83607 0.15787
55446.84316 20.48877 0.12779
55446.84946 20.90751 0.17259
55446.85529 20.94435 0.1845
55446.87321 20.63026 0.15877
55446.87945 20.58239 0.12817
55446.88583 20.42206 0.11646
55446.89176 20.6434 0.12318
55446.89901 20.69893 0.13567
55446.90569 20.40164 0.15996
55446.91958 20.49805 0.12277
55446.92538 20.45369 0.12735
55446.93113 20.39078 0.15636
55446.93686 20.69869 0.17192
55446.94237 20.52004 0.12952
55446.94842 20.98701 0.1517
55446.95451 20.79553 0.16639
55446.96034 20.6486 0.16769
55446.97287 20.53641 0.18057
55446.97827 20.7025 0.17498
55446.98464 20.9298 0.18595
55446.99026 20.69702 0.16666
55446.99646 20.99967 0.15285
55447.00329 20.37765 0.16059
55448.00377 20.85295 0.15696
55449.82958 20.57631 0.13707
55449.87259 20.54735 0.14425
55450.86998 20.4495 0.14086
55466.6231 20.71908 0.18295
55468.7394 20.5929 0.21457
55470.82246 20.93104 0.16624
55471.77466 20.61162 0.1575
55472.62548 20.46898 0.21315
55472.66936 20.46138 0.13987
55477.66775 20.74183 0.17306
55477.71276 20.60268 0.13735
55478.66775 20.70891 0.14946
55479.61565 20.41484 0.16455
55480.65805 20.45223 0.14847
55481.69382 20.46987 0.15466
55482.66188 20.4798 0.14488
55482.67843 20.91842 0.16994
55483.61039 20.25506 0.17097
55483.66512 20.6375 0.17936
55484.70695 20.69135 0.21056
55485.61939 20.48825 0.23828
55485.66329 20.68857 0.18745
55499.59404 20.56332 0.19569
55501.75706 20.71679 0.15818
55502.82148 20.81017 0.16504
55504.82418 20.73902 0.15974
55504.91868 20.47789 0.20425
55506.68972 20.58859 0.16841
55506.73387 20.60938 0.15835
55507.81368 20.89426 0.18375
55532.78408 20.24919 0.16146
55532.82836 20.29107 0.1623
55535.68432 20.46155 0.12923
55537.62557 20.90012 0.17625
55538.62381 20.42122 0.16846
55539.62283 20.51256 0.14107
55540.61811 20.37112 0.15557
55540.66215 20.42438 0.12246
55541.61644 20.77038 0.17717
55544.64191 20.6397 0.16106
55583.61703 20.62066 0.17284
55584.63985 20.65654 0.15006
55586.61685 20.79665 0.13925
55586.66038 20.61968 0.18745
55733.91212 20.44581 0.15498
55750.87598 20.67827 0.21025
55770.82573 20.40535 0.16657
55771.82449 20.69532 0.15067
55779.79086 20.71577 0.17656
55851.64641 20.79301 0.22974
55854.64607 20.91431 0.18747
55883.86679 20.84151 0.1944
55889.80049 21.08634 0.17514
55889.84447 20.58531 0.19824
55891.6225 20.70818 0.16757
55923.59751 20.44461 0.14556
55923.64145 20.77666 0.18326
55924.60837 20.29548 0.14256
55925.67897 20.38734 0.14238
55926.58279 20.82166 0.19849
56070.97101 20.14879 0.16815
56079.94994 20.70705 0.17866
56086.96186 20.15447 0.21245
56093.95942 20.37307 0.18616
56094.93794 20.55605 0.17565
56095.95378 20.54894 0.22145
56099.92867 20.66654 0.17615
56102.91975 20.30717 0.13987
56104.89266 20.66885 0.19794
56105.90846 20.54476 0.18725
56106.90907 20.33756 0.17064
56116.90131 20.60122 0.17917
56123.8333 20.32743 0.17975
56123.86323 20.92618 0.18264
56125.8655 20.75445 0.19045
56127.84219 20.61036 0.24688
56127.87262 20.49168 0.18526
56128.8202 20.40401 0.13105
56128.8509 20.35021 0.16038
56129.81763 20.72717 0.18654
56129.84839 20.80187 0.17506
56131.81956 20.32395 0.16806
56131.87991 20.32085 0.15837
56132.85526 20.21376 0.13616
56135.80558 20.62645 0.17234
56135.8357 20.45343 0.13856
56148.76798 20.51726 0.18385
56151.84315 20.67102 0.13208
56151.91621 20.33165 0.11977
56164.86055 20.66344 0.11378
56164.89061 20.48917 0.11548
56165.82275 20.82097 0.17514
56165.85221 20.72054 0.13655
56165.88255 20.34324 0.10628
56166.82415 20.55103 0.20703
56166.85436 20.26435 0.13857
56177.67775 20.49952 0.15884
56177.7448 20.95355 0.17195
56178.7245 20.6556 0.15323
56178.75548 20.61583 0.15075
56189.74707 20.51504 0.16564
56227.72154 20.22425 0.17977
56233.75399 20.89099 0.19275
56234.68453 20.7068 0.21493
56235.64419 20.87576 0.17014
56237.61509 20.23263 0.15264
56238.61531 20.49604 0.16625
56239.61141 20.67195 0.14484
56251.83071 20.97317 0.20803
56252.58576 20.63122 0.13859
56252.66096 20.65111 0.16066
56252.69879 20.48529 0.20527
56252.71706 20.43874 0.16786
56252.75258 20.46211 0.12819
56252.78929 20.25437 0.17475
56252.821 20.24733 0.12939
56252.83831 20.428 0.16057
56252.85634 20.98899 0.168
56253.62054 20.54257 0.19784
56253.7307 20.45542 0.17565
56265.629 20.92808 0.16196
56265.6592 20.65806 0.17166
56267.58751 20.80809 0.14173
56267.61751 20.71729 0.15797
56268.59364 20.56032 0.13144
56268.62314 20.49924 0.13664
56269.58319 20.92601 0.21623
56269.58435 20.30604 0.12224
56269.58546 20.6092 0.16894
56269.58771 20.67536 0.14194
56269.58893 20.67833 0.14235
56269.59006 20.38616 0.13325
56269.59133 20.7972 0.14444
56269.59245 20.39763 0.12625
56269.59478 20.98844 0.17084
56269.596 20.36176 0.14455
56269.59713 20.61767 0.12215
56269.59843 20.51785 0.13105
56269.59956 20.51991 0.15555
56269.60977 20.74192 0.13406
56269.61093 20.46792 0.12816
56269.6121 20.83754 0.14814
56269.61321 20.83559 0.21072
56269.61434 20.87049 0.16505
56269.61547 20.59106 0.13764
56269.61659 20.56067 0.15126
56269.61773 20.571 0.13084
56269.61884 20.92175 0.15093
56269.61995 20.58202 0.12705
56269.62115 20.8235 0.16396
56269.6223 20.75198 0.17044
56269.62343 20.7497 0.13604
56269.62457 20.42894 0.12015
56269.62569 20.43101 0.12358
56269.62688 20.7591 0.13005
56269.628 20.94693 0.16255
56269.63881 20.92709 0.16564
56269.64001 20.49535 0.16223
56269.64114 20.46227 0.11806
56269.64226 20.52152 0.12364
56269.64337 20.75372 0.14534
56269.6445 20.64847 0.15383
56269.64562 20.627 0.14125
56269.64675 20.70801 0.13534
56269.64789 20.51527 0.12715
56269.64905 20.46744 0.12287
56269.65017 20.61996 0.13666
56269.65129 20.44433 0.12805
56269.65247 20.63019 0.15844
56269.65359 20.70941 0.13454
56269.65473 20.33458 0.17174
56269.65585 20.56943 0.13795
56269.65698 20.60221 0.13294
56269.65819 20.38436 0.12085
56269.65932 20.71695 0.13644
56269.66055 20.52605 0.12885
56269.66167 20.33475 0.11797
56269.66279 20.30706 0.11985
56269.66393 20.43216 0.12304
56269.66595 20.78391 0.13255
56269.66717 20.99026 0.14174
56269.66829 20.79005 0.13385
56269.66952 20.90833 0.14854
56269.67064 20.59273 0.13664
56269.67184 20.49324 0.13006
56269.673 20.77737 0.13034
56269.67412 20.35271 0.12177
56269.67533 20.57628 0.11556
56269.67646 20.36742 0.12636
56269.6776 20.35642 0.12565
56269.67883 20.43802 0.12427
56269.67997 20.3127 0.11106
56269.6812 20.35614 0.12506
56269.68232 20.98366 0.13145
56269.68343 20.67438 0.13235
56269.68473 20.71585 0.14345
56269.68592 20.46252 0.11876
56269.68705 20.55587 0.12995
56269.68816 20.36163 0.11616
56269.68929 20.58683 0.13214
56269.69041 20.64399 0.18764
56269.69157 20.53783 0.12724
56269.69269 20.45513 0.13473
56269.69383 20.26596 0.12735
56269.69496 20.78515 0.13865
56269.69608 20.55616 0.12926
56269.69898 20.71903 0.12635
56269.70011 20.55495 0.12416
56269.70126 20.48629 0.15225
56269.70241 20.7456 0.13475
56269.70357 20.45245 0.12675
56269.70468 20.60049 0.13996
56269.70581 20.62194 0.13365
56269.70705 20.32277 0.11916
56269.70816 20.49187 0.12216
56269.70937 20.66581 0.13234
56269.7105 20.38449 0.11915
56269.71167 20.43908 0.12725
56269.7128 20.88177 0.12956
56269.71403 20.78987 0.13397
56269.71516 20.32805 0.12265
56269.7163 20.39467 0.11985
56269.72641 20.80531 0.14044
56269.72763 20.81208 0.14626
56269.72875 20.50073 0.12495
56269.72987 20.50212 0.12906
56269.731 20.39923 0.14365
56269.73213 20.71871 0.14066
56269.73326 20.65969 0.13914
56269.73438 20.37454 0.11135
56269.73557 20.39251 0.12495
56269.73682 20.58358 0.14116
56269.73796 20.32281 0.12876
56269.73911 20.48323 0.12316
56269.74036 20.72371 0.13473
56269.74147 20.61581 0.12236
56269.74272 20.7351 0.12955
56269.74391 20.88536 0.14054
56269.74502 20.25035 0.11584
56269.7462 20.62097 0.14433
56269.74734 20.26374 0.11525
56269.74846 20.68214 0.14095
56269.74961 20.48032 0.12795
56269.75074 20.78443 0.13644
56269.75201 20.61007 0.12835
56269.75316 20.29352 0.11516
56269.75429 20.55866 0.16653
56269.75553 20.49483 0.12447
56269.75665 20.57207 0.13405
56269.75779 20.93535 0.15404
56269.75895 20.72176 0.13453
56269.76008 20.33485 0.11186
56269.76123 20.77856 0.13484
56269.76235 20.7736 0.14754
56269.76348 20.98236 0.16204
56269.76459 20.74093 0.14504
56269.76573 20.40638 0.14594
56269.78036 20.93519 0.14657
56269.78151 20.64812 0.14305
56269.78271 20.76074 0.14503
56269.78391 20.83137 0.14818
56269.78511 20.5171 0.13795
56269.78751 20.84445 0.15075
56269.78876 20.61357 0.14595
56269.78989 20.59812 0.15784
56269.79227 20.71702 0.14154
56269.79356 20.57441 0.14725
56269.79478 20.6977 0.19053
56269.7959 20.65614 0.14135
56269.79701 20.8497 0.15265
56269.79816 20.7392 0.15356
56269.79928 20.84864 0.15435
56269.80041 20.81415 0.14976
56269.80156 20.4309 0.13245
56269.80276 20.86005 0.17425
56269.80404 20.62566 0.16903
56269.80638 20.43266 0.13347
56269.80866 20.3912 0.14894
56270.57931 20.64976 0.22333
56270.58058 20.65342 0.14125
56270.58188 20.69918 0.13125
56270.58305 20.86623 0.16405
56270.58429 20.50255 0.14085
56270.58556 20.6606 0.13414
56270.58671 20.62404 0.14486
56270.58798 20.43087 0.14075
56270.58926 20.33125 0.12127
56270.59051 20.66777 0.12667
56270.59176 20.59373 0.15724
56270.59301 20.59554 0.12476
56270.59588 20.5181 0.12437
56270.59719 20.69699 0.12347
56270.59846 20.65907 0.12428
56270.59973 20.75382 0.14696
56270.60101 20.72599 0.13285
56270.60229 20.83867 0.14586
56270.60361 20.7468 0.15765
56270.60484 20.46995 0.13116
56270.60617 20.58299 0.15196
56270.60733 20.68713 0.13915
56270.60868 20.62338 0.12096
56270.60993 20.64461 0.14408
56270.61121 20.51866 0.12837
56270.61244 20.69948 0.16103
56270.61368 20.57589 0.13477
56270.61481 20.59087 0.13186
56270.61593 20.66553 0.12477
56270.61713 20.58435 0.14486
56270.61835 20.57415 0.13885
56270.61963 20.38439 0.12817
56270.62082 20.61466 0.15266
56270.62212 20.54882 0.11776
56270.62324 20.45538 0.11259
56270.62438 20.63575 0.14075
56270.6255 20.65153 0.12725
56270.62668 20.4761 0.11748
56270.62781 20.80911 0.14006
56270.62895 20.75151 0.12635
56270.63017 20.6629 0.12957
56270.6313 20.61695 0.14805
56270.63259 20.78361 0.15656
56270.63372 20.35883 0.12027
56270.63484 20.36811 0.11817
56270.64581 20.49173 0.15295
56270.64825 20.41496 0.11639
56270.6495 20.47988 0.13098
56270.65082 20.32481 0.10648
56270.65222 20.82175 0.14875
56270.65336 20.29449 0.11677
56270.6545 20.46333 0.13607
56270.65562 20.46695 0.12884
56270.65697 20.58407 0.12118
56270.65832 20.79165 0.13257
56270.65959 20.49468 0.13234
56270.66092 20.27675 0.12066
56270.66217 20.41648 0.13407
56270.66351 20.47247 0.13467
56270.66477 20.42326 0.12067
56270.67891 20.29888 0.12218
56270.68008 20.35096 0.12007
56270.68122 20.40935 0.11486
56270.68243 20.35728 0.10286
56270.68382 20.61397 0.12336
56270.68508 20.62709 0.16335
56270.68653 20.56217 0.15384
56270.68784 20.48668 0.12946
56270.68912 20.5906 0.12227
56270.69114 20.73781 0.13298
56270.69232 20.44299 0.13804
56270.69365 20.49349 0.12537
56270.6948 20.4097 0.10877
56270.69617 20.47414 0.11907
56270.69746 20.75818 0.13505
56270.6999 20.58546 0.13087
56270.70121 20.32554 0.11078
56270.70235 20.61382 0.11916
56270.70349 20.65146 0.12206
56270.70482 20.72593 0.13157
56270.70613 20.51461 0.12277
56270.70726 20.66366 0.13498
56270.7086 20.58993 0.12036
56270.70972 20.32235 0.11701
56270.71103 20.23577 0.10846
56270.71235 20.62746 0.12565
56270.71347 20.71505 0.13484
56270.71481 20.54445 0.13047
56270.71608 20.50312 0.12617
56270.71722 20.64075 0.16188
56270.71853 20.87491 0.14336
56270.71967 20.4558 0.12048
56270.72098 20.50099 0.10686
56270.72302 20.87333 0.14215
56270.72439 20.73277 0.13116
56270.72553 20.50766 0.14025
56270.72665 20.813 0.13486
56270.72793 20.54826 0.12566
56270.72927 20.4746 0.13007
56270.73043 20.33588 0.12486
56270.73161 20.48355 0.12266
56270.73292 20.45469 0.12025
56270.73506 20.45801 0.12547
56270.73622 20.64149 0.11526
56270.73753 20.74204 0.13757
56270.73887 20.50015 0.13598
56270.74001 20.50294 0.12478
56270.74126 20.72472 0.14246
56270.7424 20.29463 0.10818
56270.74498 20.54032 0.12556
56270.74609 20.5764 0.12855
56270.74744 20.81471 0.14275
56270.7486 20.9265 0.17135
56270.74995 20.71751 0.13855
56270.75121 20.81219 0.16826
56270.75372 20.62326 0.12655
56270.75502 20.49387 0.13767
56270.75706 20.44176 0.12487
56270.75826 20.39798 0.12027
56270.75948 20.53667 0.15287
56270.76078 20.53603 0.15366
56270.76208 20.77311 0.14006
56270.77223 20.67441 0.13584
56270.77775 20.2221 0.13387
56270.77887 20.44276 0.12486
56270.78012 20.56045 0.13495
56270.78147 20.78572 0.14455
56270.78273 20.903 0.14536
56270.784 20.81147 0.14247
56270.78526 20.8498 0.16284
56270.78661 20.82846 0.17844
56270.78776 20.55984 0.14136
56270.7891 20.92861 0.15775
56270.79021 20.96581 0.16455
56270.79151 20.75721 0.13676
56270.7928 20.66221 0.15534
56270.79391 20.5943 0.19444
56270.79508 20.73711 0.14915
56270.7975 20.77408 0.14676
56270.79862 20.58323 0.16877
56270.79991 20.6364 0.13077
56270.80111 20.81048 0.15225
56270.80249 20.46345 0.13226
56270.80509 20.51957 0.14457
56270.80715 20.64405 0.15326
56270.80837 20.67569 0.15716
56270.80963 20.60241 0.16216
56272.64495 20.74302 0.20944
56272.7082 20.94865 0.16664
56273.60993 20.53725 0.16174
56273.63946 20.56914 0.15176
56282.61036 20.68233 0.18135
56297.59019 20.74079 0.16405
56297.5937 20.52397 0.13876
56297.59722 20.34706 0.12506
56297.59904 20.18531 0.11176
56297.60164 20.65743 0.12915
56297.60284 20.37314 0.13564
56297.61734 20.40974 0.13575
56297.61965 20.51549 0.12576
56297.62198 20.72157 0.15084
56297.62474 20.66096 0.14957
56297.62597 20.57474 0.12145
56297.62818 20.68991 0.13386
56297.63051 20.58422 0.12246
56297.63246 20.90842 0.14526
56297.6337 20.76733 0.15866
56297.63597 20.88675 0.14226
56297.63944 20.76006 0.15076
56297.64162 20.45657 0.13856
56297.64281 20.73324 0.16034
56297.64393 20.51351 0.16404
56297.64612 20.54028 0.15066
56297.64742 20.42141 0.13817
56297.64964 20.95607 0.15164
56297.65084 20.75978 0.14275
56297.65434 20.62473 0.14535
56297.65811 20.48284 0.12806
56297.65988 20.36266 0.13157
56297.66121 20.64747 0.14815
56297.66483 20.31802 0.12747
56297.66714 20.41561 0.13137
56297.67315 20.75269 0.16845
56297.67547 20.79436 0.15104
56297.67675 20.29028 0.15014
56297.67954 20.51482 0.17354
56297.68076 20.69282 0.19363
56297.68325 20.47642 0.13257
56297.68541 20.50142 0.13474
56297.68786 20.79749 0.15353
56297.69171 20.5041 0.14555
56297.69635 20.403 0.15115
56297.69767 20.37237 0.13445
56297.70113 20.43677 0.14324
56297.70743 20.35001 0.12587
56297.71084 20.74285 0.15186
56297.71401 20.44156 0.17384
56297.71668 20.55959 0.14244
56297.7179 20.75234 0.18343
56297.72049 20.80301 0.16966
56297.72327 20.43487 0.13895
56297.72448 20.65962 0.14896
56297.72772 20.39375 0.14885
56297.72894 20.42375 0.16715
56297.74317 20.71797 0.17325
56297.74683 20.4781 0.14824
56297.74996 20.52399 0.18395
56297.75123 20.50887 0.15366
56297.75709 20.5202 0.19664
56297.76047 20.65545 0.16425
56297.76506 20.35905 0.17105
56297.76834 20.52844 0.19214
56297.77069 20.48253 0.17514
56297.77185 20.35981 0.16834
56297.79318 20.34388 0.15417
56297.80312 20.2142 0.18035
56297.80437 20.34821 0.19987
56298.61595 20.22462 0.15967
56298.61811 20.59147 0.16185
56298.62426 20.51857 0.19564
56298.63098 20.83072 0.20717
56298.63219 20.34349 0.17464
56298.63473 20.4034 0.19414
56298.64364 20.88386 0.16557
56298.64578 20.39645 0.13886
56298.6481 20.55596 0.19824
56298.65294 20.6842 0.1554
56298.65509 20.25106 0.1273
56298.65865 20.45366 0.15665
56298.66198 20.39625 0.13739
56298.66411 20.34992 0.15776
56298.66639 20.34201 0.13998
56298.6699 20.55439 0.12897
56298.68256 20.73781 0.18941
56298.68492 20.26368 0.16973
56305.59416 20.58554 0.12636
56305.62276 20.20015 0.13317
56307.63151 20.39942 0.15366
56310.60466 20.66701 0.17617
56313.60478 20.29032 0.18115
56323.60059 20.31585 0.14716
56323.60172 20.61061 0.18314
56323.60284 20.40623 0.14995
56323.60396 20.42592 0.12696
56323.60508 20.44793 0.16784
56323.60621 20.21799 0.15014
56323.60734 20.2572 0.13375
56323.60846 20.43353 0.15635
56323.60959 20.62275 0.14784
56323.61071 20.60217 0.14506
56323.61183 20.35963 0.14453
56323.61409 20.69352 0.19074
56323.61521 20.68459 0.16256
56323.61635 20.63827 0.20953
56323.61747 20.65749 0.13985
56323.61859 20.53407 0.14214
56323.61971 20.48379 0.12456
56323.62085 20.65424 0.15226
56323.62197 20.34727 0.14814
56323.62309 20.12662 0.16963
56323.62423 20.54901 0.15874
56323.62535 20.71344 0.14795
56323.62647 20.1733 0.11985
56323.62759 20.46535 0.16454
56323.62872 20.48869 0.15034
56323.62985 20.86196 0.16035
56323.63097 20.60188 0.18675
56323.6321 20.51947 0.14065
56323.63322 20.34428 0.15506
56323.63435 20.27939 0.15803
56323.63661 20.41441 0.13307
56323.63773 20.85852 0.16195
56323.63887 20.83064 0.16614
56323.63999 20.52728 0.13755
56323.64112 20.1265 0.11715
56323.64225 20.36479 0.13786
56323.64338 20.31101 0.18074
56323.6445 20.31181 0.13104
56323.64676 20.64289 0.15405
56323.64789 20.26322 0.12646
56323.64902 20.47694 0.18715
56323.65014 20.45394 0.15026
56323.6524 20.2295 0.14375
56323.65352 20.84378 0.16335
56323.65577 20.68629 0.14926
56323.65803 20.5678 0.18425
56323.65917 20.72048 0.16244
56323.66142 20.81825 0.23233
56323.66255 20.42317 0.17463
56323.6648 20.5608 0.15457
56323.66706 20.82034 0.20464
56323.67271 20.49823 0.15457
56323.67951 20.51819 0.14935
56323.68402 20.29218 0.13734
56323.68742 20.52822 0.15415
56324.6344 20.90861 0.16475
56324.67356 20.73444 0.17066
56328.63041 20.1673 0.12771
56330.60568 20.29099 0.14455
56337.646 20.45787 0.19014
56340.62168 20.14938 0.17367
56446.9746 20.29772 0.20217
56447.93827 20.38661 0.18366
56447.97245 20.29114 0.17337
56448.93551 20.24894 0.12096
56448.97043 20.24994 0.17814
56449.9322 19.98332 0.13657
56449.96744 20.33174 0.13517
56450.93056 20.37678 0.14806
56451.92757 20.34714 0.15308
56451.96268 20.24728 0.15428
56452.92487 20.72893 0.17495
56452.95905 20.45622 0.13756
56454.91904 20.15586 0.14939
56454.9531 20.37193 0.13198
56455.91706 19.9872 0.14235
56455.95123 20.3541 0.14461
56456.94859 20.57642 0.14555
56457.9457 20.18815 0.14498
56458.90893 20.14657 0.12258
56458.94334 20.6128 0.12387
56459.90596 20.68422 0.15128
56459.94092 20.45546 0.12547
56460.9034 20.52643 0.18545
56460.93791 20.25461 0.12068
56461.90107 20.2536 0.14016
56461.93811 20.71429 0.14266
56462.93439 20.1294 0.14448
56463.93218 19.97886 0.12036
56469.91685 20.2299 0.19466
56471.91001 20.58902 0.16951
56485.83631 20.26458 0.13716
56486.83403 20.5714 0.14686
56486.87106 20.45943 0.13277
56488.86647 20.22153 0.11519
56489.86366 20.33664 0.13127
56502.79167 20.50675 0.15234
56502.82864 20.48931 0.15137
56503.78903 20.28048 0.12186
56503.82769 20.16549 0.12595
56504.82017 20.37199 0.16983
56504.86992 20.13834 0.12709
56504.90811 20.56943 0.13053
56505.81768 20.36973 0.12781
56505.9509 20.18385 0.12077
56505.98842 20.18167 0.12979
56507.80198 20.57576 0.13801
56507.84712 20.48146 0.13479
56507.99891 20.33718 0.13109
56508.90167 20.1964 0.09623
56509.79634 20.28378 0.1386
56509.83877 20.2009 0.10317
56510.8262 20.25008 0.10108
56511.79111 20.58766 0.14068
56511.84089 20.25783 0.104
56512.78788 20.12663 0.14849
56512.82519 20.54234 0.12653
56513.82352 20.12888 0.10027
56514.7834 20.19909 0.10443
56514.82081 20.0746 0.10015
56515.78106 20.30868 0.12924
56515.82231 20.41484 0.1264
56516.77774 20.19857 0.10918
56516.81437 20.0709 0.11075
56517.77605 20.31398 0.13002
56517.81715 20.48686 0.10363
56517.97309 20.25709 0.10172
56518.87478 20.2176 0.10675
56518.96686 20.40653 0.10699
56519.00311 20.13684 0.10306
56519.90443 20.04927 0.08781
56519.96504 20.24086 0.1038
56520.00171 20.26058 0.10737
56520.90327 20.12501 0.09465
56520.95521 20.21956 0.09316
56520.99262 19.96049 0.08393
56521.89446 20.29775 0.11031
56521.95772 20.1522 0.09503
56521.99393 20.16583 0.09586
56532.71221 20.14059 0.13599
56532.85928 20.12617 0.10612
56532.89645 20.35121 0.13209
56533.79895 20.13673 0.10928
56533.93493 20.0545 0.10781
56533.97228 19.91524 0.0949
56537.84525 20.07974 0.09521
56537.9874 20.27005 0.09726
56539.69386 20.12072 0.11731
56539.88447 20.11725 0.10119
56539.9215 20.32625 0.1028
56540.97669 20.14167 0.10858
56541.6883 20.31872 0.13786
56542.96698 20.14312 0.10199
56543.00294 20.34511 0.11499
56543.90463 20.07257 0.0975
56543.97085 20.15475 0.09879
56544.00787 20.17209 0.1053
56546.67441 20.39087 0.18608
56546.75907 20.36202 0.13178
56546.94639 20.04961 0.09399
56547.84788 19.98216 0.09647
56548.0057 20.10195 0.10334
56548.70582 20.24457 0.13218
56548.74172 20.20791 0.14744
56549.66591 20.05112 0.15548
56549.73967 20.46015 0.13167
56550.6994 20.11533 0.18017
56551.75862 19.98371 0.17094
56552.74635 20.04624 0.15767
56561.66061 19.96088 0.10925
56562.93459 20.15548 0.15656
56563.02169 19.98077 0.14162
56563.6524 20.22548 0.13987
56563.6893 20.1495 0.11948
56563.77494 19.91782 0.09476
56564.72602 19.90434 0.10009
56564.99301 19.77968 0.09696
56565.02672 20.32416 0.1422
56565.92832 20.39803 0.12177
56565.98151 20.18518 0.11167
56566.01544 20.28449 0.13097
56566.91724 20.00268 0.10736
56566.96287 19.98755 0.10126
56566.99591 19.90274 0.10495
56567.8986 19.956 0.08808
56567.96702 19.9749 0.08833
56568.00039 19.92073 0.09621
56568.90245 20.12906 0.09261
56568.96343 20.37959 0.1057
56568.99843 20.46945 0.12318
56569.90084 20.11203 0.11596
56569.99803 20.12619 0.12089
56570.03082 20.35455 0.19088
56572.62632 20.00013 0.12757
56572.66032 20.03507 0.10357
56572.69287 20.15127 0.15047
56573.61429 20.37274 0.14814
56573.64765 20.32271 0.11918
56573.77817 20.14447 0.10907
56576.83948 19.79759 0.08075
56577.00541 20.15816 0.12056
56577.60601 20.23549 0.19406
56577.77306 20.38315 0.11918
56578.67217 19.96794 0.11278
56578.69674 19.8678 0.12548
56578.75347 20.08197 0.11178
56579.73584 20.12343 0.11528
56579.88516 20.12091 0.12749
56580.7875 20.30157 0.14596
56580.8553 20.38268 0.16556
56580.88022 20.3146 0.13939
56587.62864 19.99193 0.10279
56587.78993 20.09082 0.13344
56587.81475 19.85043 0.11957
56589.79481 20.04029 0.12159
56589.81959 20.07971 0.11008
56590.76387 20.13742 0.10387
56590.8749 20.09227 0.11975
56590.89969 20.09285 0.11546
56591.80204 20.22992 0.14792
56591.86057 19.99731 0.09969
56591.88508 19.94517 0.10724
56592.81972 19.98559 0.0971
56592.91348 19.88642 0.101
56592.93852 20.13945 0.15046
56596.59731 19.78747 0.10699
56596.81771 20.19608 0.11918
56596.84238 20.00502 0.10701
56597.74425 20.50366 0.13437
56597.82393 20.46382 0.15158
56597.84943 20.22753 0.13927
56598.75163 20.37986 0.12515
56598.82179 19.85285 0.11168
56598.84855 19.97066 0.11346
56599.75014 20.06734 0.09668
56599.79577 19.93456 0.08616
56599.82112 20.13146 0.10429
56600.77441 20.04514 0.09536
56600.8753 20.3338 0.12266
56602.59024 20.15235 0.14008
56602.78065 20.24014 0.15153
56603.68227 20.25857 0.12508
56603.74296 20.26529 0.10465
56603.81581 19.89276 0.09566
56604.73691 20.2491 0.10669
56604.92616 20.26635 0.12773
56605.64733 19.92931 0.09889
56605.67213 20.02432 0.10595
56606.60932 19.98737 0.12319
56607.84927 20.11244 0.11186
56608.75086 20.20662 0.15219
56608.81398 20.2902 0.14063
56608.84048 19.8927 0.20404
56609.8617 19.97214 0.15568
56609.88847 20.40197 0.1863
56621.79766 20.08672 0.10637
56622.58588 19.99863 0.10633
56624.57999 19.94999 0.09777
56624.60429 19.85192 0.08959
56625.70494 20.11585 0.10092
56625.74386 20.01413 0.09209
56626.64578 19.78282 0.08587
56626.67007 19.89447 0.08698
56628.73144 20.07714 0.0982
56628.76212 19.97765 0.10749
56637.58042 20.28811 0.17434
56637.60549 20.11831 0.14679
56639.58002 20.03853 0.14127
56639.60438 19.68935 0.13396
56640.58279 19.78728 0.14278
56640.61699 20.06516 0.16569
56648.61266 20.39375 0.14137
56649.57885 19.76336 0.11017
56649.60387 19.90375 0.11429
56650.58762 20.13017 0.11739
56658.58519 20.07859 0.10934
56658.62914 19.85492 0.09109
56659.58605 19.93784 0.08439
56659.61086 19.99558 0.08898
56660.58569 19.92404 0.0989
56660.61029 19.81541 0.0893
56662.58587 20.10128 0.11994
56662.61038 20.03362 0.12886
56663.59143 19.99803 0.10879
56663.6171 19.63644 0.08719
56664.6104 19.82777 0.1655
56668.61177 19.75728 0.11063
56675.5969 19.78025 0.09235
56675.6459 20.31111 0.15532
56676.59181 20.21882 0.13546
56676.61781 19.8131 0.09786
56678.61458 19.83909 0.0904
56678.64019 19.9811 0.10257
56680.60724 20.19519 0.11398
56683.59693 20.21708 0.10464
56683.63252 19.87054 0.09374
56685.59847 19.88046 0.17084
56685.6471 20.13522 0.14359
56687.59886 19.87756 0.10664
56687.64144 20.09962 0.11952
56690.60286 20.22065 0.14281
56697.60505 20.20939 0.16178
56816.96412 19.942 0.13597
56816.97531 19.84922 0.16396
56817.96427 19.96818 0.10157
56818.96227 19.92806 0.09284
56818.97512 20.10689 0.17185
56820.96625 19.72292 0.16389
56822.96143 19.8472 0.18587
56822.97681 19.84391 0.15151
56823.97346 19.56621 0.1704
56824.96428 20.0192 0.13237
56824.97573 19.64365 0.12068
56826.96127 19.60054 0.15559
56826.97472 20.23936 0.15131
56827.96384 20.17268 0.12966
56828.9654 20.07267 0.11539
56828.97804 20.07542 0.18906
56829.96383 20.03623 0.10598
56829.97653 20.18997 0.14867
56830.96102 19.82483 0.08762
56830.97338 19.81205 0.12176
56831.96161 19.98583 0.09927
56831.97427 20.10679 0.11237
56833.96568 19.9453 0.0919
56835.96569 20.10517 0.11418
56835.97723 20.11607 0.16688
56836.96625 19.92527 0.08753
56836.97711 20.15604 0.11701
56837.96638 19.72029 0.08559
56837.98211 19.59303 0.11834
56838.96389 19.86942 0.09304
56838.9786 20.17134 0.12904
56839.96511 19.75781 0.08392
56839.97834 20.00225 0.12479
56840.96951 19.95631 0.10932
56840.98137 19.876 0.16269
56841.96857 19.67012 0.08417
56841.98075 20.09266 0.141
56844.96636 20.02612 0.10137
56844.97887 19.84496 0.11014
56845.96726 19.73968 0.09132
56845.98002 19.9244 0.09539
56846.96666 19.6127 0.07976
56846.98115 19.85971 0.10236
56847.96648 19.7038 0.08271
56847.98151 19.92701 0.09563
56848.96743 19.57879 0.0808
56848.98312 19.90619 0.11828
56849.96813 19.68382 0.15408
56849.98235 19.97022 0.17238
56851.97048 19.7353 0.1191
56851.98675 19.99813 0.16487
56854.96165 19.95128 0.12758
56854.98771 19.91742 0.13397
56855.96071 19.8266 0.10359
56855.98393 19.85646 0.12318
56856.96087 20.20985 0.17457
56856.98328 19.81672 0.11314
56858.96243 19.66198 0.08464
56858.98507 19.87843 0.09215
56859.96515 19.75798 0.07292
56859.98697 19.94963 0.10284
56861.96231 19.75786 0.08205
56861.98508 19.7138 0.08496
56862.9659 19.84181 0.09237
56862.98227 19.83557 0.0879
56863.94981 19.81158 0.08431
56864.94576 19.87289 0.09844
56864.96947 19.74863 0.09272
56865.92975 19.81637 0.08991
56865.96089 19.86563 0.08321
56867.98799 19.83335 0.08049
56868.96536 19.57279 0.08655
56868.98567 19.58091 0.08754
56869.96092 20.05514 0.09036
56869.98231 19.77906 0.08017
56870.96467 19.75589 0.08123
56870.98635 19.8289 0.07897
56874.97428 19.87474 0.07391
56874.99622 19.88132 0.09047
56875.98151 19.67305 0.08158
56875.99752 19.76896 0.08752
56876.91773 19.96107 0.08221
56876.94717 19.7189 0.07433
56877.9745 19.59958 0.07214
56877.9957 19.73364 0.0733
56878.9086 19.81758 0.11359
56878.93847 19.71437 0.11821
56879.92838 19.85468 0.16001
56879.95816 20.0126 0.11813
56880.9882 20.09738 0.16797
56882.96877 19.8637 0.15705
56882.98848 19.82166 0.15556
56883.9421 20.00931 0.10173
56883.98158 19.58244 0.09354
56884.99956 19.6619 0.11011
56885.96448 19.86411 0.09329
56885.98159 19.70588 0.09014
56886.91453 19.9264 0.08937
56886.94264 19.78258 0.08354
56887.91623 19.57105 0.08152
56887.94902 19.74471 0.08526
56888.86519 19.93744 0.08412
56888.89905 19.98747 0.07873
56888.91008 19.61627 0.0721
56888.94196 19.66769 0.07665
56890.94091 19.73356 0.07393
56890.97479 19.69247 0.07599
56895.83087 19.77725 0.08987
56895.86667 19.68398 0.08544
56972.71463 19.93356 0.09357
56972.73749 19.71867 0.08806
56978.74407 19.9918 0.10121
56978.79927 19.82915 0.14276
56979.72374 19.67662 0.10823
56980.71766 19.72127 0.08126
56980.83416 19.75333 0.09664
56981.71538 19.69543 0.08601
56981.77818 19.76942 0.08839
56984.71333 20.10167 0.11663
56984.78092 20.10472 0.14126
56986.72544 20.12895 0.109
56986.79095 19.94871 0.12013
56987.70535 19.68612 0.08601
56987.76948 19.88405 0.09532
56988.66321 19.81004 0.09217
56989.60286 19.84577 0.08952
56989.66828 19.85441 0.0983
56990.59847 19.99862 0.10489
56990.66232 19.76433 0.10049
57000.62591 19.63819 0.08654
57000.65668 20.05623 0.11574
57001.60725 19.89273 0.08552
57001.63454 19.76884 0.08988
57011.62365 19.89665 0.09932
57011.65019 19.84966 0.09333
57014.60229 19.83972 0.08716
57014.62433 19.72631 0.08046
57015.60026 19.88628 0.09695
57015.6199 20.0154 0.1039
57018.60146 19.87794 0.09832
57018.62586 19.79591 0.09345
57019.59637 19.77179 0.10425
57019.61004 19.72861 0.11332
57030.59868 19.80147 0.09791
57037.60179 19.92957 0.09462
57039.60447 19.94439 0.09311
57040.60372 19.76339 0.09399
57040.65327 20.11418 0.12575
57041.64649 19.65696 0.08449
57042.59979 19.60375 0.07842
57042.64647 19.88607 0.08961
57043.60053 19.90403 0.08602
57043.64542 19.90574 0.08456
57046.59907 19.95334 0.10443
57046.64082 20.28762 0.12681
57047.65127 19.64039 0.09567
57047.65361 20.00339 0.12782
57059.60766 19.66632 0.08418
57059.61723 19.58901 0.08797
57063.60738 19.91249 0.1111
57063.61933 19.73063 0.09646
57064.61072 20.05332 0.11393
57064.62756 19.9397 0.11372
57065.60805 20.23443 0.14234
57065.62471 19.9931 0.12464
57067.60784 19.90369 0.11109
57069.61019 19.54881 0.10192
57069.6409 20.01513 0.13463
57070.61078 20.19504 0.11885
57070.6277 19.78752 0.10271
57071.61023 19.85469 0.11089
57071.6267 20.26188 0.13194
57089.62798 20.02647 0.17647
57091.62877 19.8536 0.21753
57187.96362 19.92878 0.09884
57188.93765 19.89732 0.09408
57188.96808 20.04006 0.10641
57189.95594 19.8321 0.09318
57190.94422 19.92397 0.11492
57191.9217 19.77751 0.12262
57191.95614 19.96488 0.09825
57193.96862 19.82402 0.11139
57194.97431 19.9257 0.14576
57195.94595 20.21065 0.11926
57207.95261 19.72434 0.17863
57207.98422 20.02705 0.17872
57208.90735 20.16212 0.15771
57208.94607 19.6408 0.11142
57209.93937 19.79198 0.11887
57209.97959 19.79184 0.15272
57210.9363 20.01011 0.12385
57210.97519 19.84812 0.10742
57211.94997 19.7454 0.10114
57211.98409 19.78504 0.10851
57212.97329 20.03347 0.16809
57214.96163 20.07689 0.10152
57216.93262 19.87136 0.09831
57216.97994 19.82398 0.08615
57218.92712 19.80197 0.08761
57218.977 19.52747 0.08693
57219.94247 19.71127 0.06994
57219.97077 19.88411 0.07517
57220.92305 19.87005 0.08719
57220.98129 19.61352 0.07695
57225.95176 19.92533 0.07293
57226.95332 19.64801 0.07117
57227.93417 20.05973 0.09775
57227.97035 19.66544 0.07788
57231.91879 19.59059 0.08386
57231.96902 19.80833 0.07086
57232.8829 19.51267 0.10543
57232.9489 19.67562 0.09142
57237.93379 19.92541 0.13609
57238.91268 19.75394 0.09613
57238.96563 19.82153 0.10322
57239.93796 20.04203 0.10698
57239.98313 20.0074 0.11268
57240.95317 19.78582 0.09091
57241.93368 19.80189 0.08718
57242.93933 19.834 0.07826
57242.98523 19.82719 0.07873
57244.91131 19.97889 0.08406
57244.96611 19.86145 0.07576
57245.87591 19.90342 0.07756
57245.91376 19.92674 0.07546
57246.89995 19.72498 0.07618
57246.93423 19.78595 0.07269
57247.92574 19.70491 0.07224
57247.95614 19.78148 0.07405
57248.84393 19.75356 0.08256
57248.8782 19.75813 0.07529
57249.88436 19.79564 0.07225
57249.9163 19.65166 0.07037
57250.88236 19.67919 0.07234
57250.92114 19.80467 0.07579
57251.8693 19.7109 0.07397
57251.91419 19.75659 0.0756
57267.93864 19.89275 0.14911
57554.97044 19.91525 0.12082
57555.93989 19.67488 0.08658
57555.96363 19.69584 0.08857
57564.94449 20.10028 0.16861
57565.94418 19.93714 0.11709
57567.951 19.77297 0.11566
57567.97572 19.65994 0.12909
57568.92119 19.37941 0.09369
57569.92685 19.71179 0.08874
57570.93954 19.78417 0.09022
57571.91515 19.98332 0.09154
57571.96845 19.71819 0.08411
57572.94 19.71395 0.08037
57572.961 19.83491 0.08875
57573.95955 19.8506 0.07991
57574.96997 19.74512 0.07958
57575.96076 19.50217 0.07146
57576.95096 19.69194 0.07714
57577.97714 19.58916 0.08204
57578.93031 19.71175 0.07528
57578.9597 19.67063 0.07891
57579.93833 19.73809 0.07884
57579.96636 19.70685 0.08562
57580.94991 19.61361 0.07575
57580.97641 19.7682 0.09034
57581.93908 19.59134 0.07301
57581.96061 19.9624 0.08849
57582.96612 19.63055 0.0701
57582.9889 19.99261 0.17658
57583.93612 19.47905 0.06888
57583.97225 19.81912 0.07621
57584.92871 19.58047 0.06802
57584.97404 19.60752 0.07422
57585.92275 19.74506 0.08343
57585.96134 19.57752 0.07046
57586.91575 19.6293 0.11536
57592.99636 19.57367 0.13301
57595.9848 19.67058 0.10178
57596.95384 19.85754 0.10287
57596.98786 19.6424 0.12154
57597.93735 19.481 0.07505
57597.9794 19.55004 0.08346
57598.9281 19.78685 0.09135
57598.97263 19.58925 0.08276
57599.94579 19.612 0.0867
57600.96483 19.56882 0.07847
57601.9531 19.68754 0.08594
57601.99102 19.59844 0.08005
57602.95616 19.62308 0.07933
57602.99208 19.7415 0.09029
57603.95654 19.53969 0.08038
57603.99274 19.74882 0.08956
57604.96148 19.74948 0.08106
57604.99535 19.6993 0.08878
57605.93926 19.56869 0.07093
57605.97693 19.78576 0.07636
57606.94732 19.68406 0.07997
57606.99101 19.83257 0.09806
57607.92659 19.66835 0.07729
57607.97806 19.90234 0.08759
57608.92515 19.76321 0.08471
57608.96585 19.54333 0.07568
57609.94301 19.64633 0.07767
57610.89516 19.92143 0.09179
57611.90199 19.7515 0.07957
57611.93252 19.78145 0.08847
57612.88937 19.79515 0.07734
57612.93148 19.75799 0.08019
57613.84046 19.86084 0.09482
57613.87193 19.98623 0.09427
57613.90353 19.74675 0.08197
57614.96436 19.62031 0.07297
57614.99496 19.74017 0.08293
57615.90761 19.80399 0.10521
57615.95637 19.59636 0.07528
57622.96114 19.66918 0.18148
57624.97236 19.61082 0.16073
