#mjd mag magerr
55061.92501 18.27934 0.01777
55061.95573 18.27977 0.01703
55063.91987 18.26013 0.01669
55063.9639 18.30461 0.01722
55064.92128 18.34826 0.02479
55064.9656 18.30821 0.02478
55066.91014 18.30697 0.01979
55066.95474 18.29535 0.01876
55067.91649 18.34816 0.02937
55067.96099 18.30427 0.02874
55069.90324 18.26108 0.0175
55069.94786 18.24655 0.01763
55080.87449 18.36781 0.04547
55080.95988 18.43906 0.06346
55084.86328 18.26576 0.02685
55087.85609 18.2621 0.01897
55087.90101 18.26253 0.01782
55088.96983 18.23716 0.01797
55089.01521 18.23832 0.01891
55089.94574 18.27034 0.01919
55089.99042 18.25601 0.01853
55093.83741 18.20893 0.01733
55093.88196 18.23151 0.01679
55096.8292 18.26106 0.01862
55097.00858 18.26878 0.02138
55104.99862 18.23334 0.02454
55107.79764 18.19266 0.03586
55114.88125 18.21097 0.02735
55114.92522 18.20265 0.04736
55119.89538 18.27319 0.02084
55119.95365 18.23706 0.02285
55123.75696 18.22779 0.01861
55123.81523 18.21614 0.01884
55126.97957 18.25865 0.02682
55127.83329 18.23578 0.01976
55127.87706 18.23977 0.02299
55135.82555 18.35098 0.04101
55135.86926 18.30727 0.04208
55138.71472 18.30156 0.04458
55138.75871 18.32186 0.04633
55142.7036 18.25427 0.0206
55142.75219 18.25363 0.02345
55144.77886 18.25955 0.01955
55144.82305 18.25724 0.02323
55151.72943 18.30582 0.02318
55151.77257 18.27631 0.02122
55166.70473 18.23596 0.0387
55166.74897 18.21084 0.04262
55168.63378 18.30837 0.03311
55168.6775 18.25276 0.03508
55175.61224 18.31835 0.02416
55175.65684 18.30635 0.02319
55181.59421 18.29833 0.03023
55181.63825 18.27598 0.02526
55183.59204 18.25031 0.03813
55183.64253 18.32952 0.0231
55189.58054 18.27934 0.02826
55189.62557 18.33256 0.02583
55194.59026 18.36755 0.04339
55199.58559 18.31392 0.02187
55201.58642 18.42692 0.05913
55202.58667 18.38835 0.04102
55203.71441 18.30997 0.02864
55203.75743 18.29593 0.03033
55207.63092 18.29531 0.02544
55207.67514 18.3129 0.02297
55209.5968 18.30639 0.01774
55209.64149 18.29417 0.01821
55213.63312 18.35171 0.03431
55213.6798 18.38262 0.03699
55377.85123 18.48833 0.04776
55377.89535 18.49952 0.04419
55378.90615 18.6032 0.05239
55379.8591 18.43724 0.03938
55379.92482 18.41907 0.03009
55380.87684 18.4595 0.042
55380.92078 18.40759 0.03779
55381.89606 18.45737 0.0302
55381.93934 18.47868 0.02682
55384.82671 18.47495 0.027
55384.87028 18.44898 0.02408
55385.87021 18.44644 0.02303
55385.91339 18.40475 0.0208
55386.86524 18.4209 0.02349
55386.90867 18.46342 0.02302
55387.87002 18.49823 0.04004
55387.91342 18.49682 0.03753
55388.86609 18.56111 0.03306
55388.91005 18.47267 0.02228
55390.80957 18.51903 0.03463
55390.85393 18.52643 0.02928
55391.80613 18.53998 0.03829
55391.87538 18.43718 0.02487
55392.83258 18.48174 0.0367
55392.87538 18.47207 0.03353
55394.79908 18.47073 0.03119
55394.8431 18.45356 0.02347
55395.79551 18.51689 0.04345
55395.84215 18.50412 0.03008
55396.79527 18.46575 0.04404
55396.83932 18.51661 0.03283
55397.79163 18.51437 0.05794
55397.83526 18.45067 0.04196
55398.78764 18.54212 0.04502
55398.83124 18.48674 0.03685
55399.78802 18.5278 0.05651
55399.83261 18.41857 0.04378
55400.78534 18.56694 0.05857
55400.8289 18.49474 0.04635
55401.78133 18.63928 0.0833
55401.82518 18.51265 0.06793
55402.77979 18.59248 0.09056
55402.8246 18.56222 0.05768
55403.77642 18.55789 0.07732
55403.81973 18.49355 0.06674
55404.84266 18.49088 0.04725
55405.8416 18.47803 0.0498
55407.7691 18.48172 0.06151
55407.83003 18.4667 0.0522
55411.79896 18.47758 0.03594
55412.75232 18.48269 0.04803
55412.79539 18.50906 0.04162
55413.75577 18.60913 0.05693
55413.79945 18.48921 0.04558
55414.75161 18.45347 0.0541
55414.79555 18.45248 0.03575
55415.75266 18.57717 0.05208
55415.79727 18.46171 0.04209
55416.75096 18.42256 0.05735
55416.79342 18.46089 0.03711
55417.75979 18.49622 0.05559
55417.84511 18.555 0.04946
55418.79843 18.51807 0.04252
55418.84121 18.3898 0.03333
55419.75121 18.4637 0.05285
55419.79504 18.4927 0.03788
55420.78929 18.42613 0.0425
55420.83264 18.42684 0.03859
55421.73664 18.56364 0.03114
55421.79901 18.4913 0.02272
55422.75115 18.46576 0.02794
55422.79487 18.5186 0.02443
55423.74742 18.46765 0.0287
55423.79284 18.50126 0.02417
55424.75349 18.52395 0.04957
55424.80178 18.503 0.04036
55425.76166 18.52812 0.0357
55425.80573 18.53353 0.02462
55426.80123 18.51183 0.04208
55426.8444 18.4996 0.03456
55427.79708 18.51989 0.0326
55427.8408 18.50465 0.02556
55428.79281 18.51534 0.03237
55428.83703 18.55183 0.03093
55429.8142 18.4515 0.03348
55429.85716 18.51997 0.02953
55430.75769 18.5453 0.04543
55430.80485 18.49549 0.03932
55431.75639 18.48935 0.04663
55431.80024 18.62664 0.0488
55432.73907 18.58253 0.05452
55432.78359 18.44993 0.04589
55433.70425 18.44342 0.07146
55433.7493 18.48665 0.05669
55434.69401 18.55879 0.08424
55434.73769 18.62683 0.06337
55435.69148 18.54787 0.07352
55436.88575 18.5637 0.04471
55436.88891 18.49254 0.04099
55436.8919 18.56724 0.04249
55436.89501 18.51326 0.044
55436.89797 18.50687 0.04453
55436.90109 18.47953 0.0423
55436.9042 18.49549 0.04362
55436.90728 18.48907 0.04364
55436.91041 18.62199 0.0468
55436.91351 18.55128 0.04503
55436.91641 18.45242 0.04466
55436.91931 18.52605 0.04739
55436.92221 18.45436 0.04536
55436.92514 18.60208 0.04638
55436.92806 18.47773 0.0452
55436.93096 18.54885 0.04101
55436.93413 18.65842 0.05135
55436.93703 18.62653 0.04516
55436.93974 18.52968 0.04318
55436.94297 18.47506 0.0437
55436.94613 18.42403 0.04199
55436.94915 18.56519 0.04492
55436.95231 18.56046 0.04437
55436.9553 18.47651 0.04419
55436.95826 18.4744 0.04215
55436.96116 18.43571 0.04093
55436.96403 18.51377 0.04368
55436.96671 18.49037 0.0451
55438.88857 18.63396 0.03978
55438.89169 18.50605 0.03832
55438.89485 18.58478 0.03678
55438.89798 18.64466 0.03922
55438.90086 18.5276 0.03321
55438.90371 18.53639 0.03641
55438.9065 18.50835 0.0338
55438.90927 18.50592 0.03482
55438.91204 18.56429 0.03535
55438.91487 18.54737 0.03679
55438.91763 18.43936 0.03477
55438.92084 18.56915 0.04143
55438.92394 18.65162 0.04151
55438.92672 18.60813 0.0425
55438.92954 18.50928 0.0405
55438.93259 18.52604 0.04321
55438.93551 18.51964 0.03996
55438.93833 18.55749 0.04148
55438.94106 18.44238 0.03923
55438.94411 18.49491 0.0411
55438.94678 18.5997 0.04052
55438.95017 18.58569 0.03999
55438.95913 18.55148 0.03931
55438.96141 18.52785 0.03755
55440.87507 18.50566 0.02632
55440.87823 18.5144 0.02512
55440.88428 18.51257 0.02478
55440.88675 18.48474 0.02488
55440.8894 18.56352 0.02498
55440.89205 18.50965 0.02605
55440.89518 18.51785 0.02459
55440.89832 18.49541 0.02625
55440.90145 18.48684 0.02574
55440.90439 18.54592 0.02613
55440.90729 18.55513 0.02533
55440.91025 18.50246 0.02477
55440.91316 18.49016 0.02531
55440.91591 18.51097 0.02661
55440.9187 18.5008 0.02634
55440.92149 18.55486 0.02628
55440.92426 18.48217 0.02558
55440.93095 18.5171 0.02541
55440.93364 18.50815 0.02579
55440.93623 18.47649 0.02624
55440.9395 18.5606 0.0276
55440.94264 18.50728 0.02542
55440.94582 18.54635 0.02701
55440.94883 18.55788 0.02681
55440.95182 18.54525 0.02836
55440.95489 18.53819 0.02856
55440.95791 18.51502 0.02766
55441.87301 18.47731 0.02206
55441.87592 18.49122 0.02068
55441.88645 18.52454 0.02102
55441.88962 18.4956 0.02153
55441.89254 18.51242 0.02113
55441.89542 18.54289 0.02167
55441.89828 18.50266 0.0211
55441.90107 18.50565 0.02164
55441.9037 18.5098 0.0215
55441.90634 18.48497 0.02066
55441.90906 18.50208 0.02097
55441.9118 18.51386 0.0213
55441.91445 18.49227 0.02132
55441.91722 18.48716 0.02112
55441.91981 18.5373 0.02386
55441.92242 18.50822 0.02274
55441.92546 18.49776 0.02077
55441.9281 18.47073 0.02177
55441.93183 18.51311 0.02256
55441.93458 18.51155 0.02211
55441.93727 18.53631 0.02201
55441.94048 18.4972 0.02077
55441.94326 18.47516 0.02042
55441.94546 18.49489 0.0221
55441.94852 18.48211 0.02042
55441.95194 18.51474 0.02161
55441.95469 18.51484 0.02225
55441.95786 18.48089 0.02005
55441.96081 18.50953 0.02223
55441.96392 18.48195 0.02176
55441.96715 18.46429 0.02009
55441.97012 18.53494 0.02138
55441.97294 18.47746 0.02125
55441.97532 18.48407 0.02088
55441.97757 18.48942 0.02198
55441.9798 18.50962 0.02172
55441.9835 18.55345 0.02224
55441.9863 18.50149 0.02155
55441.98852 18.46397 0.02217
55441.99078 18.54092 0.02202
55441.99382 18.50751 0.02363
55442.00593 18.5037 0.02436
55442.00906 18.55249 0.02674
55442.01216 18.56463 0.02703
55442.01486 18.50394 0.02953
55442.01753 18.49415 0.03211
55442.02001 18.50846 0.03749
55442.02226 18.53749 0.04765
55442.70382 18.53619 0.03867
55442.70734 18.4934 0.03754
55442.71097 18.52405 0.03671
55442.71448 18.56287 0.03684
55442.71808 18.60028 0.03781
55442.72168 18.58344 0.03674
55442.72527 18.54171 0.03549
55442.73272 18.55737 0.03846
55442.74184 18.59405 0.035
55442.74882 18.57207 0.03469
55442.75572 18.60977 0.0342
55442.76147 18.51653 0.03396
55442.76615 18.57896 0.0358
55442.77616 18.60322 0.0366
55442.78135 18.58014 0.03397
55442.78615 18.57294 0.03427
55442.79145 18.58903 0.03533
55442.79615 18.59931 0.03461
55442.80186 18.57659 0.03479
55442.8093 18.55855 0.03186
55442.81443 18.56865 0.03348
55442.81939 18.56161 0.03447
55442.82447 18.55961 0.03513
55442.8293 18.55475 0.03248
55442.83541 18.55966 0.03443
55442.84012 18.56939 0.0329
55442.84597 18.52446 0.03499
55442.85112 18.56017 0.03306
55442.85657 18.53217 0.0332
55442.86387 18.52051 0.03476
55442.87002 18.53965 0.03293
55442.87503 18.5457 0.03518
55442.88048 18.52415 0.03333
55442.88617 18.57517 0.03187
55442.89221 18.52842 0.03435
55442.89785 18.54334 0.03192
55442.90297 18.57908 0.03221
55442.90871 18.53544 0.03363
55442.91368 18.56797 0.03264
55442.91875 18.52811 0.03425
55442.92384 18.54269 0.03312
55442.93037 18.50609 0.03417
55442.93642 18.56385 0.03311
55442.94588 18.57494 0.03499
55442.95166 18.57604 0.03401
55442.95754 18.57297 0.03242
55442.96246 18.56668 0.03471
55442.96833 18.5608 0.03605
55442.97317 18.57264 0.03414
55442.97782 18.54311 0.03393
55442.98206 18.53635 0.0351
55442.9872 18.57225 0.03129
55442.99348 18.53262 0.0326
55442.99858 18.57748 0.03356
55443.00329 18.57317 0.03343
55443.01002 18.61275 0.03363
55443.01702 18.59658 0.03793
55443.02387 18.60905 0.05196
55443.67742 18.55436 0.03524
55443.68488 18.51777 0.03252
55443.69287 18.53508 0.03248
55443.70415 18.52254 0.02979
55443.71028 18.56331 0.0293
55443.71632 18.52109 0.027
55443.72231 18.51152 0.02678
55443.72832 18.49286 0.02589
55443.736 18.46353 0.02403
55443.74306 18.45798 0.02403
55443.74812 18.49364 0.02377
55443.75372 18.53331 0.02349
55443.75946 18.5223 0.02318
55443.76526 18.52435 0.02466
55443.77007 18.54573 0.0256
55443.78027 18.51102 0.02568
55443.78539 18.46996 0.0226
55443.79156 18.49057 0.02251
55443.79717 18.52681 0.02157
55443.80302 18.48966 0.02279
55443.80895 18.51614 0.02371
55443.81493 18.55354 0.02437
55443.8204 18.52772 0.02509
55443.82634 18.5149 0.0207
55443.83239 18.51591 0.02117
55443.83783 18.487 0.02153
55443.84415 18.54141 0.02085
55443.84958 18.48114 0.02139
55443.85553 18.50961 0.02036
55443.86252 18.53063 0.02106
55443.87576 18.50333 0.02143
55443.88141 18.50985 0.01984
55443.88892 18.50314 0.0209
55443.89412 18.52338 0.02297
55443.90077 18.48311 0.02237
55443.90658 18.49878 0.02162
55443.91235 18.49449 0.02146
55443.91779 18.5233 0.02499
55443.92403 18.52123 0.02412
55443.92967 18.47134 0.02204
55443.93496 18.5141 0.0227
55443.94073 18.52506 0.02309
55443.94779 18.54381 0.02422
55443.95355 18.52368 0.02255
55443.95925 18.52947 0.02324
55443.9693 18.5241 0.02591
55443.97555 18.49843 0.02305
55443.98144 18.55353 0.02385
55443.98725 18.55104 0.02616
55443.99456 18.56075 0.02372
55444.00093 18.54185 0.02324
55444.0061 18.55357 0.02405
55444.01187 18.4764 0.02322
55444.0175 18.50555 0.03052
55444.02231 18.53332 0.04473
55444.66648 18.52492 0.03991
55444.67221 18.54479 0.03863
55444.67727 18.53902 0.03661
55444.68199 18.60635 0.04897
55444.68857 18.51508 0.03083
55444.69526 18.56795 0.03348
55444.70198 18.47616 0.03129
55444.7091 18.50437 0.03123
55444.71487 18.51528 0.02893
55444.72103 18.51456 0.02674
55444.72796 18.49123 0.02893
55444.73377 18.53535 0.02606
55444.74094 18.54542 0.02578
55444.74655 18.45502 0.02485
55444.75167 18.58219 0.02547
55444.75678 18.50087 0.02453
55444.76225 18.5076 0.02307
55444.7673 18.44304 0.02288
55444.77353 18.5399 0.02506
55444.77876 18.52544 0.02322
55444.78368 18.46739 0.02258
55444.79848 18.52888 0.02218
55444.80403 18.53289 0.02167
55444.81599 18.49822 0.02276
55444.8213 18.49195 0.02196
55444.83332 18.526 0.02376
55444.83854 18.46876 0.02239
55444.84549 18.50433 0.02151
55444.85161 18.5423 0.02273
55444.85679 18.52339 0.02197
55444.86267 18.50618 0.0244
55444.86777 18.51897 0.02477
55444.87321 18.48533 0.02159
55444.87872 18.51514 0.02222
55444.88467 18.48212 0.02098
55444.89016 18.53031 0.02386
55444.89581 18.50649 0.02403
55444.90153 18.48805 0.02056
55444.90845 18.52732 0.02384
55444.91349 18.54079 0.02193
55444.92279 18.46551 0.02032
55444.93139 18.49833 0.02124
55444.94041 18.48714 0.02016
55444.94568 18.51469 0.02111
55444.951 18.49059 0.02326
55444.95724 18.50635 0.02293
55444.96289 18.46721 0.02208
55444.96923 18.47345 0.02172
55444.97411 18.51935 0.02416
55444.98062 18.5653 0.02344
55444.98915 18.52647 0.02463
55444.99553 18.52669 0.02414
55445.00157 18.50818 0.02342
55445.00779 18.47198 0.02293
55445.01282 18.52238 0.02627
55445.01777 18.44541 0.02856
55445.02227 18.53086 0.04279
55445.66261 18.49623 0.03632
55445.66749 18.51941 0.0324
55445.67244 18.51975 0.03091
55445.67731 18.45748 0.03167
55445.68422 18.49156 0.02981
55445.6905 18.57127 0.02933
55445.69681 18.44921 0.02543
55445.70294 18.53282 0.02685
55445.70921 18.50601 0.0265
55445.71534 18.52713 0.03046
55445.72141 18.52011 0.03306
55445.72791 18.55624 0.0287
55445.73457 18.49333 0.02843
55445.74013 18.47366 0.02399
55445.7456 18.55557 0.02623
55445.75096 18.52158 0.02463
55445.75643 18.49076 0.02357
55445.76191 18.48905 0.02343
55445.76784 18.4958 0.0218
55445.7737 18.50523 0.02055
55445.779 18.47805 0.02223
55445.78479 18.50721 0.02181
55445.79025 18.5239 0.02186
55445.79613 18.47191 0.02019
55445.81095 18.54178 0.02179
55445.81845 18.47822 0.01994
55445.82455 18.49472 0.01903
55445.83024 18.47341 0.01979
55445.84021 18.50888 0.02097
55445.84549 18.52964 0.02051
55445.85174 18.53047 0.01996
55445.85762 18.49152 0.0185
55445.8636 18.51941 0.01916
55445.86963 18.49607 0.0187
55445.87567 18.47988 0.01862
55445.88207 18.51085 0.01881
55445.88844 18.50326 0.01917
55445.89432 18.50701 0.01957
55445.89983 18.51585 0.01897
55445.90668 18.49264 0.01937
55445.91299 18.49909 0.01878
55445.91722 18.53301 0.01989
55445.92351 18.49042 0.01817
55445.92915 18.51751 0.01929
55445.93496 18.49057 0.01934
55445.94048 18.47619 0.01911
55445.95216 18.52792 0.02068
55445.95886 18.52628 0.01985
55445.97191 18.4836 0.01889
55445.97872 18.49822 0.01942
55445.98437 18.50334 0.0194
55445.98972 18.50237 0.02019
55445.99581 18.47045 0.01946
55446.00245 18.52222 0.02016
55446.00827 18.49046 0.02009
55446.01324 18.48678 0.02191
55446.01787 18.519 0.02734
55446.0233 18.55748 0.03962
55446.66046 18.48931 0.03412
55446.66501 18.55767 0.03568
55446.67089 18.54058 0.03217
55446.67601 18.47425 0.03043
55446.6814 18.55725 0.03417
55446.68915 18.50851 0.02896
55446.70044 18.50673 0.02936
55446.70781 18.50092 0.02593
55446.71375 18.50648 0.02683
55446.71998 18.49956 0.02602
55446.7269 18.47615 0.02513
55446.73768 18.56389 0.02765
55446.74263 18.522 0.02287
55446.74841 18.49782 0.02454
55446.75986 18.50488 0.02168
55446.76487 18.5067 0.02126
55446.77004 18.47709 0.02123
55446.77518 18.48522 0.02128
55446.78018 18.52154 0.02105
55446.78654 18.51535 0.02128
55446.79243 18.50983 0.01997
55446.79818 18.48764 0.02096
55446.80822 18.55198 0.02258
55446.81336 18.50742 0.01985
55446.81934 18.49867 0.01952
55446.82569 18.49509 0.01994
55446.83186 18.48335 0.01935
55446.83803 18.48697 0.02049
55446.84316 18.47509 0.01997
55446.84946 18.46461 0.0195
55446.85529 18.51973 0.0231
55446.86132 18.4966 0.0231
55446.86741 18.56542 0.02162
55446.87321 18.50617 0.01907
55446.87945 18.5045 0.01948
55446.88583 18.50467 0.01984
55446.89176 18.49633 0.01983
55446.89901 18.52222 0.02338
55446.90569 18.48608 0.02109
55446.91293 18.48892 0.01996
55446.91958 18.50988 0.01923
55446.92538 18.50395 0.01934
55446.93113 18.47559 0.01923
55446.93686 18.49978 0.01933
55446.94237 18.46481 0.01954
55446.94842 18.48304 0.01885
55446.96034 18.47266 0.019
55446.96641 18.46158 0.019
55446.97287 18.50709 0.01975
55446.97827 18.50448 0.01999
55446.98464 18.53868 0.01967
55446.99026 18.5137 0.01944
55446.99646 18.50644 0.01956
55447.00329 18.47634 0.02043
55447.02248 18.53033 0.03376
55448.00377 18.4589 0.01951
55448.65527 18.56303 0.0408
55448.70146 18.55347 0.03171
55449.82958 18.51038 0.02207
55449.87259 18.55271 0.02094
55450.82585 18.52299 0.02257
55450.86998 18.51807 0.01968
55451.65338 18.55903 0.03448
55451.70095 18.52548 0.02735
55452.64792 18.49494 0.03573
55452.69243 18.52798 0.03019
55453.64519 18.52868 0.03728
55453.6895 18.52026 0.02951
55454.64058 18.47651 0.04136
55454.68793 18.54317 0.03613
55455.63923 18.46739 0.04142
55455.7154 18.51266 0.03017
55456.63346 18.514 0.0468
55456.67702 18.57651 0.03558
55457.63067 18.56224 0.05119
55457.6732 18.52173 0.03756
55458.66069 18.45049 0.03801
55458.7057 18.55169 0.03884
55459.63016 18.43757 0.06945
55459.69034 18.56431 0.05572
55460.63624 18.60788 0.05269
55460.72453 18.48283 0.03875
55461.62523 18.54244 0.06399
55461.67649 18.67202 0.05507
55462.76573 18.51592 0.05272
55462.80848 18.52411 0.04961
55463.63005 18.61674 0.07571
55463.71104 18.65332 0.06006
55466.61784 18.51563 0.04189
55466.61959 18.54747 0.03728
55466.62134 18.53438 0.03383
55466.6231 18.5561 0.03568
55466.62486 18.58202 0.03573
55466.62661 18.53879 0.03413
55466.62943 18.54181 0.03377
55466.63143 18.59223 0.0376
55466.63348 18.58981 0.03731
55466.67604 18.62358 0.0498
55467.62749 18.63856 0.03923
55467.68386 18.68538 0.08978
55468.7394 18.49983 0.03056
55468.78277 18.50066 0.03352
55469.73472 18.45788 0.04988
55470.77885 18.71017 0.05103
55470.82246 18.58973 0.03368
55471.77466 18.47143 0.0218
55471.82993 18.46808 0.04103
55472.62548 18.53054 0.03103
55472.66936 18.56568 0.02627
55473.62096 18.50558 0.03977
55477.66775 18.54293 0.02455
55477.71276 18.54642 0.02683
55478.62384 18.54026 0.03403
55478.66775 18.53074 0.02759
55479.61565 18.54456 0.03151
55479.65968 18.56306 0.02732
55480.61506 18.52682 0.03499
55480.65805 18.55097 0.02874
55481.61182 18.51733 0.03031
55481.69382 18.49279 0.02186
55482.61769 18.56081 0.03343
55482.66188 18.48614 0.0259
55482.67843 18.52044 0.02524
55483.61039 18.45551 0.03184
55483.66512 18.55901 0.02674
55484.66377 18.53677 0.02914
55484.70695 18.50484 0.02681
55485.61939 18.52855 0.03729
55485.66329 18.52058 0.03421
55486.61418 18.51089 0.03996
55486.658 18.44037 0.05354
55497.84041 18.53851 0.03987
55497.89223 18.61089 0.04417
55498.71756 18.59832 0.02571
55498.79 18.56841 0.03275
55499.59404 18.54681 0.03022
55499.63881 18.52607 0.0277
55501.66259 18.61968 0.03092
55501.75706 18.50869 0.02452
55502.72145 18.51739 0.02496
55502.82148 18.61773 0.03044
55503.77762 18.63708 0.02939
55503.8732 18.58791 0.03037
55504.82418 18.50681 0.02579
55504.91868 18.56578 0.03439
55506.68972 18.51083 0.02663
55506.73387 18.57734 0.02318
55507.81368 18.57276 0.02778
55507.89267 18.5905 0.03476
55513.658 18.54008 0.02743
55513.7418 18.57861 0.02803
55514.69377 18.65069 0.03275
55514.73749 18.53317 0.03246
55515.69951 18.57237 0.03277
55515.74236 18.59244 0.0319
55516.67238 18.57368 0.03807
55516.71654 18.56166 0.03866
55517.61497 18.54588 0.0378
55517.6584 18.53423 0.0363
55518.61481 18.49412 0.03843
55518.6578 18.61842 0.04742
55527.74242 18.57659 0.03006
55530.70615 18.67668 0.03275
55530.75072 18.63062 0.03508
55531.77418 18.61938 0.03653
55531.81743 18.59707 0.04791
55532.78408 18.55806 0.02473
55532.82836 18.57258 0.03114
55535.68432 18.592 0.0253
55537.58157 18.55275 0.04253
55537.62557 18.62079 0.02902
55538.57995 18.5814 0.02866
55538.62381 18.57184 0.0229
55539.58012 18.62835 0.02886
55539.62283 18.59415 0.02689
55540.61811 18.57179 0.02393
55540.66215 18.54902 0.02408
55541.61644 18.53162 0.02885
55541.65945 18.55786 0.03508
55544.59603 18.57388 0.02978
55544.64191 18.56547 0.02835
55545.59598 18.52523 0.04155
55545.63939 18.6012 0.03771
55558.69892 18.63017 0.04191
55558.75663 18.62452 0.03126
55559.7264 18.56339 0.05909
55561.73304 18.58911 0.03325
55561.77682 18.66467 0.04394
55567.59621 18.61535 0.02976
55575.595 18.72794 0.05741
55575.6386 18.63336 0.04938
55577.59504 18.6802 0.05712
55577.63849 18.55838 0.06231
55578.61202 18.82147 0.1161
55579.61368 18.62436 0.03895
55579.65687 18.49724 0.04243
55580.66998 18.64873 0.04706
55580.71648 18.58516 0.06183
55583.61703 18.59269 0.02693
55583.66119 18.72699 0.03882
55584.63985 18.62475 0.02728
55584.68286 18.67544 0.03678
55586.61685 18.58504 0.02623
55586.66038 18.61135 0.0317
55588.66264 18.70726 0.0466
55588.70647 18.80896 0.05687
55722.89872 18.68059 0.03864
55723.91976 18.64334 0.03961
55723.9634 18.68777 0.03686
55730.92322 18.67106 0.06716
55733.86776 18.70935 0.05321
55733.91212 18.61916 0.04092
55750.83279 18.67412 0.04076
55750.87598 18.62247 0.03415
55753.86132 18.72142 0.05277
55756.88391 18.85184 0.06371
55756.93392 18.65084 0.05068
55759.84878 18.61362 0.04741
55759.89212 18.6667 0.04249
55762.79606 18.5538 0.05528
55762.8402 18.69797 0.04638
55766.7805 18.70736 0.04172
55766.83041 18.61906 0.0339
55768.77509 18.60356 0.04586
55768.82037 18.62802 0.03882
55769.80074 18.68927 0.03418
55769.84468 18.61793 0.02853
55770.78189 18.69427 0.03826
55770.82573 18.73127 0.03441
55771.78074 18.66458 0.03859
55771.82449 18.63072 0.03243
55774.75968 18.67154 0.04315
55774.80363 18.61807 0.03206
55779.7464 18.67898 0.04313
55779.79086 18.63443 0.03054
55780.74948 18.6653 0.04546
55780.79415 18.64728 0.03345
55782.7508 18.65669 0.05022
55782.7956 18.59353 0.04173
55783.7573 18.69935 0.06057
55783.80103 18.60033 0.05113
55784.74207 18.85713 0.0749
55789.73736 18.76349 0.08195
55789.78039 18.64575 0.05589
55790.73125 18.67333 0.06138
55790.77463 18.7788 0.05307
55791.73123 18.67769 0.06254
55791.77527 18.81197 0.0585
55793.74743 18.71501 0.04192
55793.79097 18.63968 0.04087
55794.75972 18.65801 0.03347
55794.81629 18.62474 0.04
55809.7101 18.71017 0.04768
55811.66044 18.68682 0.06531
55811.7042 18.55713 0.04617
55812.65876 18.66035 0.06148
55812.70198 18.6157 0.04544
55813.66257 18.62113 0.05799
55813.70671 18.67491 0.04963
55817.72795 18.75249 0.09246
55818.70874 18.77311 0.10327
55820.63925 18.73566 0.05169
55820.68324 18.58352 0.06643
55821.63464 18.73949 0.04333
55822.63132 18.71751 0.04723
55822.67415 18.6169 0.03335
55823.62908 18.53309 0.04437
55823.67275 18.58251 0.03546
55824.62608 18.55021 0.05049
55824.6697 18.68628 0.03623
55838.61464 18.6638 0.04556
55838.65944 18.65887 0.04246
55842.61856 18.60099 0.08107
55842.66208 18.81901 0.06147
55843.61073 18.73393 0.09074
55843.65444 18.71364 0.06357
55844.60924 18.60986 0.07362
55844.65374 18.63022 0.05935
55849.60547 18.6282 0.03799
55849.65079 18.64934 0.05342
55850.60468 18.62771 0.03653
55850.64918 18.64211 0.03528
55851.60318 18.66129 0.03595
55851.64641 18.607 0.02864
55852.60416 18.59507 0.0378
55852.6481 18.64008 0.02846
55853.60163 18.63256 0.03964
55853.6463 18.57396 0.03028
55854.60164 18.73045 0.03916
55854.64607 18.60505 0.02785
55866.5884 18.60946 0.03879
55866.64679 18.58772 0.03156
55867.58757 18.78767 0.05048
55867.63053 18.69818 0.04481
55868.5865 18.53812 0.04727
55868.63002 18.70078 0.03967
55873.79481 18.65639 0.08698
55880.87841 18.80742 0.05035
55880.92255 18.65661 0.05391
55882.86968 18.65127 0.03726
55882.87146 18.68452 0.03769
55882.91495 18.7164 0.04954
55883.86679 18.70367 0.03833
55883.91496 18.77647 0.06053
55887.63181 18.69889 0.03209
55887.68352 18.6644 0.0325
55888.85244 18.75627 0.10403
55888.8957 18.71357 0.05475
55889.80049 18.64552 0.02713
55889.84447 18.7236 0.03117
55891.57974 18.65467 0.03862
55891.6225 18.6247 0.03078
55893.58261 18.63662 0.03567
55893.62546 18.70517 0.03522
55894.58144 18.62896 0.0394
55894.62473 18.81872 0.06877
55896.58202 18.71399 0.04278
55898.82137 18.59875 0.0564
55898.86551 18.76386 0.05482
55899.80997 18.78693 0.07255
55902.58519 18.63763 0.06731
55903.58342 18.82139 0.06504
55903.62024 18.67777 0.05767
55904.58683 18.78059 0.06609
55906.58378 18.63448 0.04959
55906.64029 18.67651 0.05091
55916.59575 18.64236 0.04131
55916.64026 18.67511 0.03015
55922.6423 18.59056 0.02899
55923.59751 18.7309 0.03977
55923.64145 18.62144 0.03237
55924.60837 18.6841 0.03028
55925.59941 18.64227 0.04949
55925.67897 18.61972 0.02947
55926.58279 18.6636 0.03444
55926.62543 18.73617 0.03366
55930.58585 18.60872 0.05366
55930.62499 18.77386 0.0655
55931.58458 18.70298 0.0527
55931.62692 18.81765 0.05738
55932.62858 18.72203 0.05056
55936.60917 18.69355 0.04591
55936.65247 18.5715 0.04264
55937.58951 18.67315 0.04711
55937.63319 18.88689 0.10846
55939.64879 18.66133 0.03619
55939.6851 18.72441 0.03968
55940.59145 18.79849 0.05493
55940.64013 18.90025 0.07168
55941.59048 18.52431 0.10823
55943.69972 18.72575 0.03556
55943.74446 18.75738 0.04521
55944.64379 18.63219 0.03195
55944.67224 18.70035 0.03487
55946.63797 18.57745 0.06153
55947.59349 18.72526 0.03611
55947.63713 18.70825 0.05044
55949.64923 18.63374 0.0352
55949.6924 18.77722 0.05236
55952.60617 18.74499 0.03795
55952.64932 18.70311 0.03737
55953.59751 18.60115 0.03842
55953.64127 18.72039 0.03645
55954.59787 18.79181 0.05727
55954.64157 18.7756 0.05592
55958.61566 18.71614 0.04874
55958.67117 18.63964 0.04845
55959.64574 18.76024 0.06251
55960.64497 18.80822 0.0724
55962.61935 18.74239 0.04989
55963.60323 18.63551 0.12527
56059.98484 18.73466 0.09937
56060.97134 18.79209 0.06145
56061.96903 18.65047 0.05663
56063.96519 18.86203 0.07195
56065.96588 18.79791 0.06498
56066.96916 18.68706 0.05698
56067.96802 18.69575 0.04455
56068.98301 18.87846 0.09712
56070.97101 18.83219 0.06291
56071.95528 18.78407 0.05896
56075.93073 18.73991 0.05148
56075.96117 18.72921 0.04543
56076.96161 18.71537 0.04224
56078.92335 18.77852 0.05476
56078.95394 18.83947 0.04937
56079.91957 18.62854 0.06807
56079.94994 18.6619 0.03719
56079.97946 18.68182 0.06935
56081.9528 18.65518 0.09615
56084.95914 18.6978 0.06999
56085.9361 18.56828 0.07919
56085.9661 18.77264 0.06489
56086.90079 18.66718 0.07364
56086.9317 18.66068 0.05041
56086.96186 18.64625 0.05123
56087.95118 18.66427 0.05164
56088.93216 18.70278 0.04801
56088.96298 18.72805 0.04579
56089.90743 18.80084 0.0715
56089.9375 18.66896 0.04536
56091.93224 18.69717 0.04546
56091.96189 18.72007 0.04198
56092.91513 18.63023 0.04087
56092.94551 18.75501 0.04025
56093.91605 18.82495 0.04901
56093.95942 18.72194 0.03667
56094.90895 18.66245 0.04821
56094.93794 18.82729 0.04062
56095.89413 18.78661 0.05021
56095.92394 18.84777 0.05125
56095.95378 18.7962 0.04148
56096.8846 18.88947 0.04862
56096.91464 18.77319 0.04139
56096.94475 18.735 0.0357
56097.87211 18.64455 0.06005
56097.90204 18.90975 0.04806
56099.86796 18.82752 0.0446
56099.8979 18.69675 0.0338
56099.92867 18.73211 0.03047
56100.87134 18.56191 0.05018
56100.93113 18.78462 0.04047
56101.86099 18.8657 0.06039
56101.89166 18.74996 0.05047
56101.92164 18.77103 0.04196
56102.85884 18.7511 0.04199
56102.91975 18.68609 0.03198
56103.85688 18.83951 0.05728
56103.92203 18.6747 0.04153
56104.86298 18.68567 0.04541
56104.92258 18.69511 0.03564
56105.87772 18.66592 0.03916
56105.90846 18.75335 0.03584
56105.93782 18.75916 0.03676
56106.87859 18.79149 0.04013
56106.90907 18.68577 0.03251
56107.87579 18.73344 0.04228
56107.90655 18.7049 0.03695
56108.86703 18.61439 0.08185
56108.89669 18.75028 0.049
56108.92686 18.73841 0.0362
56109.93363 18.59921 0.04253
56110.86774 18.67876 0.07816
56110.89782 18.87401 0.06428
56110.92786 18.75002 0.05083
56111.86949 18.6295 0.09113
56111.91431 18.80089 0.06902
56111.94457 18.71131 0.05873
56112.97145 18.83421 0.08312
56113.8878 18.64568 0.06988
56113.93235 18.67111 0.05821
56113.96218 18.72687 0.0563
56114.87108 18.77991 0.06615
56114.92357 18.68645 0.05673
56114.95378 18.76285 0.05227
56115.85803 18.84482 0.07334
56115.88797 18.63053 0.05294
56115.9179 18.73983 0.05171
56116.90131 18.75403 0.05041
56116.93261 18.7765 0.04701
56116.96078 18.67195 0.04686
56117.86349 18.66396 0.05487
56117.89333 18.67184 0.04761
56117.92405 18.68838 0.04566
56118.82762 18.8056 0.08399
56118.85812 18.68927 0.05954
56118.8884 18.72035 0.05003
56119.81535 18.71801 0.06948
56119.84536 18.6502 0.06692
56120.95573 18.8071 0.05779
56122.87468 18.91491 0.09974
56123.80269 18.797 0.04855
56124.85579 18.76672 0.04376
56124.90647 18.766 0.03929
56125.8655 18.70511 0.03762
56125.89611 18.77688 0.03578
56126.79674 18.72038 0.0532
56126.85662 18.64495 0.0681
56127.84219 18.76915 0.03957
56127.87262 18.72333 0.03552
56128.8202 18.78569 0.03762
56128.8509 18.74595 0.03244
56129.81763 18.77702 0.0431
56129.84839 18.72572 0.03627
56130.81619 18.55751 0.04463
56130.84603 18.70518 0.03787
56131.81956 18.74278 0.03933
56131.84966 18.71731 0.03421
56131.87991 18.68874 0.03329
56132.81342 18.90899 0.03988
56132.85526 18.82105 0.03368
56133.77702 18.83073 0.04398
56133.83817 18.67934 0.0337
56135.77548 18.69749 0.04949
56135.8357 18.72382 0.02554
56136.84105 18.7553 0.03603
56137.8165 18.82773 0.07979
56137.84943 18.7175 0.05028
56143.75013 18.79307 0.07527
56143.77946 18.73242 0.07812
56143.81202 18.77808 0.06023
56144.82138 18.69083 0.04678
56145.74531 18.75784 0.11891
56145.80436 18.72889 0.06201
56146.83591 18.69419 0.05058
56147.75046 18.70882 0.05225
56147.81614 18.68477 0.04422
56148.73743 18.75873 0.04665
56148.76798 18.75459 0.03791
56148.79928 18.75471 0.0443
56151.84315 18.71031 0.02384
56151.87618 18.72099 0.02488
56151.91621 18.64687 0.02292
56164.86055 18.7233 0.02166
56164.89061 18.70588 0.02134
56164.92052 18.71572 0.02151
56165.82275 18.74552 0.03046
56165.85221 18.72212 0.02495
56165.88255 18.71632 0.02325
56166.78411 18.78304 0.03574
56166.82415 18.76215 0.03192
56166.85436 18.7912 0.03083
56167.76082 18.81939 0.04118
56167.79008 18.84291 0.04097
56167.82893 18.6979 0.03284
56168.73084 18.7944 0.05281
56168.76135 18.76757 0.04468
56168.79094 18.76694 0.04286
56169.70528 18.84925 0.08029
56169.73488 18.79152 0.07917
56169.78208 18.83784 0.06823
56170.70609 18.81467 0.09031
56170.73648 18.86286 0.07471
56170.76821 18.72332 0.07381
56176.66101 18.9541 0.06031
56176.74473 18.65475 0.04544
56176.77537 18.84138 0.04631
56177.67775 18.7133 0.03368
56177.71467 18.8009 0.03042
56177.7448 18.85103 0.028
56178.65701 18.81798 0.05025
56178.7245 18.76943 0.03093
56178.75548 18.74774 0.02701
56189.71737 18.72757 0.03291
56189.74707 18.76113 0.02908
56194.65274 18.67674 0.04738
56194.68156 18.71922 0.04255
56194.73072 18.75751 0.0345
56195.63238 18.74719 0.05542
56195.68489 18.75146 0.04962
56195.74387 18.73684 0.04504
56196.64868 18.72219 0.04623
56196.67925 18.61262 0.04732
56196.70945 18.82558 0.04289
56197.65122 18.92466 0.07708
56197.68048 18.81114 0.05954
56198.63271 18.7242 0.07613
56198.69225 18.81689 0.06879
56202.61563 18.71009 0.0924
56202.64754 18.66688 0.09452
56202.70169 18.69061 0.05545
56207.74712 18.71306 0.09162
56207.82773 18.77146 0.06075
56224.66207 18.79403 0.04461
56224.69182 18.79933 0.04552
56225.74851 18.87752 0.0445
56225.84088 18.83145 0.04146
56227.72154 18.84714 0.05578
56227.75148 18.80316 0.05717
56228.67316 18.78614 0.06174
56228.71 18.8029 0.05141
56229.61202 18.83531 0.06315
56229.68338 18.9007 0.0609
56230.64599 18.93344 0.07081
56230.73676 18.80499 0.06128
56231.86041 18.76049 0.05639
56232.82116 18.75932 0.04218
56233.75399 18.84742 0.04921
56233.78371 18.90394 0.06418
56234.68453 18.81914 0.03949
56234.71313 18.69951 0.03681
56235.61461 18.81217 0.03705
56235.64419 18.78213 0.03
56236.58514 18.77514 0.05327
56236.61561 18.7666 0.03447
56237.58477 18.7524 0.03888
56237.61509 18.76923 0.03149
56238.58334 18.81491 0.04346
56238.61531 18.80248 0.03181
56239.58294 18.78665 0.04104
56239.61141 18.76726 0.0303
56251.83071 18.80461 0.03231
56251.86073 18.75129 0.03498
56252.58576 18.81125 0.03476
56252.60631 18.73526 0.03354
56252.62487 18.8145 0.03334
56252.64555 18.79192 0.03574
56252.66096 18.74636 0.03313
56252.69879 18.70812 0.03131
56252.71706 18.79136 0.03105
56252.73499 18.80515 0.0298
56252.75258 18.80607 0.03198
56252.76856 18.68903 0.03231
56252.78929 18.77087 0.03961
56252.80517 18.77448 0.03524
56252.821 18.71185 0.03083
56252.83831 18.76296 0.03282
56252.85634 18.77846 0.03142
56253.58621 18.82849 0.03922
56253.60335 18.7362 0.03748
56253.62054 18.74614 0.03725
56253.63682 18.80814 0.03515
56253.6539 18.80477 0.03725
56253.6721 18.74174 0.03913
56253.70902 18.79038 0.03794
56253.7307 18.70464 0.03649
56253.75003 18.84914 0.04902
56253.76637 18.87732 0.04457
56253.78832 18.82697 0.03969
56253.8078 18.84742 0.04345
56253.82956 18.68763 0.04246
56253.85372 18.82574 0.04069
56254.74613 18.84155 0.03985
56254.77889 18.75044 0.04273
56255.68248 18.80689 0.04874
56255.7252 18.80037 0.05035
56256.62657 18.79735 0.04679
56256.6557 18.92803 0.05715
56257.58763 18.66537 0.0555
56257.64219 18.76939 0.04652
56258.58614 18.80172 0.06326
56258.61848 18.83084 0.05311
56259.59443 18.75285 0.05494
56259.62495 18.78957 0.05711
56265.629 18.79042 0.02948
56265.6592 18.7473 0.03303
56266.58222 18.79818 0.04518
56266.6126 18.89425 0.09391
56267.58751 18.83907 0.03051
56267.61751 18.80851 0.03105
56268.59364 18.797 0.02944
56268.62314 18.74166 0.02691
56269.58319 18.82612 0.03199
56269.58435 18.77566 0.02686
56269.58546 18.81275 0.02744
56269.58657 18.71425 0.02788
56269.58771 18.72809 0.02677
56269.58893 18.80504 0.02729
56269.59006 18.76108 0.02671
56269.59133 18.74892 0.02726
56269.59245 18.80493 0.02738
56269.59364 18.78872 0.02681
56269.59478 18.77884 0.02696
56269.596 18.79697 0.0268
56269.59713 18.73774 0.02594
56269.59843 18.77938 0.02625
56269.59956 18.76014 0.02632
56269.60977 18.76489 0.02778
56269.61093 18.80041 0.02607
56269.6121 18.77281 0.02599
56269.61321 18.82232 0.02667
56269.61434 18.81657 0.02705
56269.61547 18.79279 0.02646
56269.61659 18.76052 0.02695
56269.61773 18.78015 0.02568
56269.61884 18.80094 0.02701
56269.61995 18.80396 0.02598
56269.62115 18.8078 0.02759
56269.6223 18.77642 0.02682
56269.62343 18.84006 0.02528
56269.62457 18.77938 0.02543
56269.62569 18.75624 0.02435
56269.62688 18.77643 0.02621
56269.628 18.76996 0.02577
56269.6375 18.83568 0.03027
56269.63881 18.77983 0.02566
56269.64001 18.78961 0.02535
56269.64114 18.75641 0.02498
56269.64226 18.79059 0.02558
56269.64337 18.79793 0.02527
56269.6445 18.79875 0.02564
56269.64562 18.79567 0.02515
56269.64675 18.7839 0.02492
56269.64789 18.79495 0.02554
56269.64905 18.84242 0.02567
56269.65017 18.75179 0.02383
56269.65129 18.78353 0.02402
56269.65247 18.79658 0.02522
56269.65359 18.78009 0.02545
56269.65585 18.80425 0.02563
56269.65698 18.77173 0.02501
56269.65819 18.78276 0.02355
56269.65932 18.76795 0.02486
56269.66055 18.77978 0.02428
56269.66167 18.84084 0.026
56269.66279 18.80407 0.02473
56269.66393 18.74873 0.02375
56269.66595 18.8154 0.02558
56269.66717 18.79193 0.02517
56269.66829 18.75292 0.02375
56269.66952 18.77753 0.02421
56269.67184 18.80675 0.02477
56269.673 18.81072 0.02484
56269.67412 18.80131 0.02476
56269.67533 18.77839 0.02508
56269.67646 18.73197 0.02374
56269.6776 18.78109 0.02437
56269.67883 18.79974 0.02385
56269.67997 18.74299 0.02371
56269.6812 18.78073 0.02346
56269.68232 18.74749 0.02382
56269.68343 18.76002 0.0235
56269.68473 18.72897 0.02347
56269.68592 18.77326 0.0249
56269.68705 18.74076 0.02337
56269.68816 18.82048 0.02481
56269.68929 18.80009 0.02405
56269.69041 18.82258 0.02487
56269.69157 18.73381 0.02309
56269.69269 18.74282 0.0237
56269.69383 18.77044 0.02432
56269.69496 18.76715 0.0251
56269.69608 18.78659 0.02457
56269.69898 18.78008 0.02458
56269.70126 18.76044 0.02518
56269.70241 18.77487 0.02493
56269.70357 18.78566 0.02362
56269.70468 18.76304 0.02467
56269.70581 18.76493 0.02442
56269.70705 18.69672 0.0242
56269.70816 18.77723 0.02312
56269.70937 18.78133 0.02467
56269.7105 18.74682 0.02428
56269.71167 18.75625 0.02442
56269.7128 18.79588 0.0248
56269.71403 18.74503 0.02432
56269.71516 18.78631 0.02471
56269.7163 18.73171 0.02361
56269.72641 18.77036 0.02594
56269.72763 18.74812 0.02462
56269.72875 18.72548 0.0233
56269.72987 18.73334 0.02483
56269.731 18.75718 0.0248
56269.73213 18.77014 0.02479
56269.73326 18.73541 0.02456
56269.73438 18.73678 0.02464
56269.73557 18.74288 0.02537
56269.73682 18.78226 0.02483
56269.73796 18.77139 0.0253
56269.73911 18.77338 0.02472
56269.74036 18.76038 0.02489
56269.74147 18.77885 0.02527
56269.74272 18.76488 0.02507
56269.74391 18.80359 0.02586
56269.74502 18.76391 0.02564
56269.7462 18.78322 0.02604
56269.74734 18.75869 0.02609
56269.74846 18.78177 0.02617
56269.74961 18.74783 0.02588
56269.75074 18.70931 0.02481
56269.75201 18.76786 0.02553
56269.75316 18.76632 0.0257
56269.75429 18.74474 0.0259
56269.75553 18.75344 0.02739
56269.75665 18.761 0.02496
56269.75779 18.73632 0.02737
56269.75895 18.86291 0.02778
56269.76008 18.76401 0.028
56269.76123 18.80564 0.02803
56269.76235 18.82553 0.02845
56269.76348 18.76627 0.02715
56269.76459 18.78203 0.02722
56269.76573 18.76658 0.02689
56269.78036 18.79876 0.03189
56269.78151 18.8202 0.02813
56269.78271 18.80356 0.0282
56269.78391 18.75571 0.02765
56269.78511 18.79622 0.02861
56269.78751 18.81419 0.02901
56269.78876 18.77842 0.02923
56269.78989 18.86112 0.02923
56269.79108 18.80535 0.02798
56269.79227 18.79589 0.02876
56269.79356 18.80783 0.02895
56269.79478 18.76017 0.02793
56269.7959 18.75486 0.02883
56269.79701 18.71537 0.02803
56269.79816 18.83232 0.02932
56269.79928 18.78863 0.0289
56269.80041 18.73731 0.02923
56269.80156 18.75334 0.02823
56269.80276 18.78499 0.02906
56269.80404 18.80343 0.02961
56269.80517 18.74869 0.02738
56269.80638 18.76691 0.02978
56269.80752 18.76421 0.0299
56269.80866 18.72886 0.03063
56270.57931 18.80089 0.03272
56270.58058 18.75124 0.02808
56270.58188 18.73878 0.02768
56270.58305 18.72774 0.02663
56270.58429 18.77922 0.0282
56270.58556 18.79439 0.02833
56270.58671 18.8429 0.02817
56270.58798 18.82821 0.02787
56270.58926 18.77447 0.02584
56270.59051 18.82971 0.02688
56270.59176 18.74172 0.02581
56270.59301 18.80804 0.02566
56270.59588 18.81554 0.02621
56270.59719 18.74643 0.02394
56270.59846 18.78359 0.02427
56270.59973 18.77028 0.02539
56270.60101 18.79127 0.0251
56270.60229 18.75872 0.02479
56270.60361 18.79076 0.02626
56270.60484 18.78757 0.02535
56270.60617 18.74267 0.02533
56270.60733 18.82525 0.02526
56270.60868 18.81425 0.02541
56270.60993 18.80793 0.02617
56270.61121 18.79416 0.02534
56270.61244 18.77998 0.02421
56270.61368 18.81545 0.02592
56270.61481 18.83351 0.02615
56270.61593 18.79166 0.02437
56270.61713 18.79358 0.02475
56270.61835 18.77143 0.02442
56270.61963 18.77505 0.02471
56270.62082 18.77303 0.02456
56270.62212 18.7332 0.02483
56270.62324 18.75451 0.02449
56270.62438 18.73734 0.02366
56270.6255 18.76402 0.02541
56270.62668 18.76744 0.0242
56270.62781 18.7695 0.02512
56270.62895 18.76142 0.0255
56270.63017 18.77765 0.02425
56270.6313 18.72255 0.02331
56270.63259 18.73983 0.02395
56270.63372 18.77522 0.02465
56270.63484 18.75844 0.02407
56270.64581 18.75248 0.02774
56270.64713 18.78471 0.02443
56270.64825 18.76281 0.02476
56270.6495 18.73672 0.02405
56270.65082 18.80743 0.02524
56270.65222 18.74561 0.02411
56270.65336 18.763 0.02427
56270.6545 18.78382 0.02433
56270.65562 18.7818 0.02605
56270.65697 18.81021 0.02527
56270.65832 18.82196 0.02602
56270.65959 18.82259 0.02581
56270.66092 18.7539 0.02502
56270.66217 18.72301 0.02359
56270.66351 18.75199 0.02489
56270.66477 18.72702 0.02371
56270.67891 18.80013 0.02623
56270.68008 18.75276 0.02494
56270.68122 18.82167 0.02451
56270.68243 18.77175 0.02483
56270.68382 18.79041 0.02575
56270.68508 18.763 0.02407
56270.68653 18.77452 0.0246
56270.68784 18.75954 0.02425
56270.68912 18.74459 0.024
56270.69114 18.76575 0.02445
56270.69232 18.7679 0.02408
56270.69365 18.79338 0.02508
56270.6948 18.76347 0.0236
56270.69617 18.78329 0.02452
56270.69746 18.77867 0.02466
56270.6986 18.7478 0.02444
56270.6999 18.72558 0.02475
56270.70121 18.75266 0.02442
56270.70235 18.80235 0.02554
56270.70349 18.79313 0.02576
56270.70482 18.78615 0.02443
56270.70613 18.75922 0.02319
56270.70726 18.74593 0.02484
56270.7086 18.76859 0.02456
56270.70972 18.79687 0.02492
56270.71103 18.74603 0.02526
56270.71235 18.78907 0.02516
56270.71347 18.76705 0.02449
56270.71481 18.72003 0.0237
56270.71608 18.7494 0.02497
56270.71722 18.74484 0.0241
56270.71853 18.76308 0.02458
56270.71967 18.79003 0.02504
56270.72098 18.77376 0.02481
56270.72302 18.78201 0.02508
56270.72439 18.83564 0.02543
56270.72553 18.74137 0.02424
56270.72665 18.78458 0.02508
56270.72793 18.7641 0.02518
56270.72927 18.74273 0.02517
56270.73043 18.74483 0.02464
56270.73161 18.74663 0.02572
56270.73292 18.78158 0.02565
56270.73506 18.76089 0.02424
56270.73622 18.77241 0.02571
56270.73753 18.73251 0.02671
56270.73887 18.74064 0.0245
56270.74001 18.78821 0.02669
56270.74126 18.76904 0.0245
56270.7424 18.75351 0.02527
56270.74369 18.78831 0.02503
56270.74498 18.7595 0.02501
56270.74609 18.79425 0.02763
56270.74744 18.79526 0.02671
56270.7486 18.76808 0.02677
56270.74995 18.76458 0.02581
56270.75121 18.78372 0.02723
56270.75241 18.82196 0.02678
56270.75372 18.75031 0.02629
56270.75502 18.73424 0.02599
56270.75706 18.74266 0.02651
56270.75826 18.79076 0.0267
56270.75948 18.78372 0.02674
56270.76078 18.74919 0.027
56270.76208 18.76216 0.0279
56270.77223 18.78211 0.03038
56270.77464 18.77123 0.02985
56270.77775 18.7126 0.02706
56270.77887 18.78027 0.02962
56270.78012 18.73285 0.02851
56270.78147 18.78378 0.03
56270.78273 18.75816 0.03034
56270.784 18.72652 0.02931
56270.78526 18.78612 0.03073
56270.78661 18.73799 0.02981
56270.78776 18.7972 0.03005
56270.7891 18.7762 0.03057
56270.79021 18.83574 0.03159
56270.79151 18.7482 0.02925
56270.7928 18.67525 0.02936
56270.79391 18.79419 0.02944
56270.79508 18.78582 0.02989
56270.79619 18.79148 0.03086
56270.7975 18.81367 0.03161
56270.79862 18.76086 0.03029
56270.79991 18.74686 0.03082
56270.80111 18.77912 0.03158
56270.80249 18.77405 0.03067
56270.80509 18.73165 0.02934
56270.80715 18.69885 0.03034
56270.80837 18.72877 0.03077
56270.80963 18.74221 0.03059
56271.71236 18.82665 0.03491
56271.74462 18.83709 0.03645
56272.64495 18.81554 0.02928
56272.7082 18.75659 0.03096
56273.60993 18.78644 0.03042
56273.63946 18.83076 0.03272
56281.58737 18.76928 0.04325
56281.61668 18.83767 0.05092
56282.58095 18.77383 0.04023
56282.61036 18.70743 0.03847
56282.62819 18.77425 0.03703
56297.58897 18.74978 0.03107
56297.59019 18.75175 0.0281
56297.5937 18.78454 0.02712
56297.59722 18.75885 0.02811
56297.59904 18.74426 0.02766
56297.60164 18.74825 0.02712
56297.60284 18.7996 0.02947
56297.6053 18.74093 0.02654
56297.61734 18.80188 0.02967
56297.61965 18.79806 0.02726
56297.62198 18.75116 0.02724
56297.62474 18.74198 0.02705
56297.62597 18.76489 0.02726
56297.62818 18.81291 0.02987
56297.63051 18.77257 0.02752
56297.63246 18.76735 0.02879
56297.6337 18.82538 0.02972
56297.63597 18.77835 0.02785
56297.63722 18.85344 0.03022
56297.63944 18.75912 0.02908
56297.64162 18.75512 0.02993
56297.64281 18.7189 0.02952
56297.64393 18.77466 0.02915
56297.64612 18.81293 0.02938
56297.64742 18.77054 0.02976
56297.64964 18.73624 0.02934
56297.65084 18.7934 0.02872
56297.65434 18.75273 0.02879
56297.65811 18.76686 0.02755
56297.65988 18.76827 0.02805
56297.66121 18.77453 0.0314
56297.66483 18.73577 0.02973
56297.66714 18.74693 0.02787
56297.67315 18.79308 0.03048
56297.67547 18.79856 0.03191
56297.67675 18.78757 0.03052
56297.67954 18.77958 0.03043
56297.68076 18.80684 0.02927
56297.6819 18.80008 0.03123
56297.68325 18.79233 0.03004
56297.68541 18.73267 0.02826
56297.68786 18.74161 0.0284
56297.69171 18.77188 0.03091
56297.69635 18.74856 0.02979
56297.69767 18.76472 0.03029
56297.70113 18.8242 0.0325
56297.70743 18.81216 0.0299
56297.71084 18.83301 0.03035
56297.71401 18.87428 0.03316
56297.71668 18.8041 0.03131
56297.7179 18.75336 0.03226
56297.72049 18.73686 0.03026
56297.72327 18.77067 0.03277
56297.72448 18.7728 0.03293
56297.72584 18.80799 0.03157
56297.72772 18.73447 0.03175
56297.72894 18.77188 0.03344
56297.74317 18.74354 0.03677
56297.74683 18.79653 0.03583
56297.74996 18.82112 0.03708
56297.75123 18.821 0.03648
56297.75493 18.78916 0.03629
56297.75709 18.77818 0.03565
56297.7583 18.76294 0.03592
56297.76047 18.82404 0.04028
56297.76167 18.76797 0.03884
56297.76388 18.78256 0.03749
56297.76506 18.80349 0.03936
56297.76834 18.78248 0.03819
56297.77069 18.78889 0.03708
56297.77185 18.81633 0.03882
56297.77383 18.76488 0.0402
56297.79199 18.78143 0.04438
56297.79318 18.78598 0.04347
56297.79645 18.81545 0.04398
56297.79838 18.84359 0.04838
56297.79953 18.74233 0.04514
56297.80077 18.79646 0.04842
56297.80192 18.79507 0.04769
56297.80312 18.74714 0.04613
56297.80437 18.75717 0.04853
56297.80564 18.81999 0.05137
56297.80864 18.8451 0.05138
56298.58895 18.82998 0.04225
56298.59013 18.79287 0.04192
56298.59235 18.90471 0.05908
56298.59354 18.72346 0.05324
56298.59724 18.74591 0.05491
56298.59842 18.68777 0.04739
56298.60089 18.70157 0.05367
56298.6021 18.73563 0.05222
56298.60332 18.70975 0.04397
56298.60466 18.71737 0.05895
56298.60701 18.79315 0.05272
56298.60823 18.80946 0.05505
56298.61034 18.75025 0.05005
56298.61272 18.7613 0.05087
56298.61595 18.77388 0.03823
56298.61811 18.70214 0.03171
56298.62047 18.79918 0.03443
56298.62171 18.70784 0.04497
56298.62426 18.81205 0.0357
56298.62643 18.77676 0.03898
56298.62762 18.77944 0.04536
56298.63098 18.7695 0.04039
56298.63219 18.79369 0.03644
56298.63473 18.84189 0.03892
56298.63687 18.75893 0.03774
56298.63807 18.82268 0.04151
56298.63935 18.77701 0.0454
56298.64364 18.81806 0.03167
56298.64578 18.7532 0.03457
56298.64695 18.84124 0.03858
56298.6481 18.76077 0.03327
56298.65082 18.79626 0.04071
56298.65294 18.76104 0.0332
56298.65509 18.77413 0.0298
56298.65745 18.76541 0.04695
56298.65865 18.82497 0.03178
56298.66081 18.77473 0.03046
56298.66198 18.7865 0.0316
56298.66411 18.75924 0.0306
56298.66639 18.77926 0.03161
56298.6699 18.79307 0.03019
56298.68256 18.79053 0.03575
56298.68492 18.74944 0.0413
56298.68729 18.76207 0.05299
56298.68852 18.70052 0.05955
56298.6908 18.87551 0.09285
56302.5927 18.94025 0.10414
56302.62153 18.85905 0.04152
56305.59416 18.8433 0.0315
56305.62276 18.77892 0.0293
56306.62438 18.84981 0.12088
56307.60089 18.84389 0.05648
56307.63151 18.87893 0.03752
56308.63015 18.79458 0.04689
56310.63503 18.72527 0.04143
56311.59823 18.84557 0.0399
56311.62777 18.84279 0.04531
56312.59699 18.78658 0.05353
56313.60478 18.80234 0.04171
56313.63593 18.83372 0.04437
56314.61498 18.76286 0.04446
56314.64504 18.93141 0.06028
56322.60046 18.85563 0.04443
56322.63022 18.80475 0.04165
56323.59943 18.80033 0.03722
56323.60059 18.76493 0.03307
56323.60172 18.77652 0.03319
56323.60284 18.73031 0.03312
56323.60396 18.7608 0.03368
56323.60508 18.75407 0.03093
56323.60621 18.76954 0.03132
56323.60734 18.7785 0.03179
56323.60846 18.83901 0.03324
56323.60959 18.75477 0.03033
56323.61071 18.76284 0.03101
56323.61183 18.78502 0.03098
56323.61297 18.80682 0.03383
56323.61409 18.80014 0.03459
56323.61521 18.71837 0.03234
56323.61635 18.77884 0.03139
56323.61747 18.78127 0.0326
56323.61859 18.81086 0.03398
56323.61971 18.78739 0.03332
56323.62085 18.74082 0.03148
56323.62197 18.79865 0.03256
56323.62309 18.79321 0.03194
56323.62423 18.79311 0.03268
56323.62535 18.79191 0.03249
56323.62647 18.73665 0.03226
56323.62759 18.70348 0.03183
56323.62872 18.76048 0.03262
56323.62985 18.80199 0.03388
56323.63097 18.79422 0.03405
56323.6321 18.79296 0.03511
56323.63322 18.73112 0.03179
56323.63435 18.77511 0.03564
56323.63549 18.79395 0.0357
56323.63661 18.86662 0.03513
56323.63773 18.80385 0.0331
56323.63887 18.76055 0.03487
56323.63999 18.80643 0.03378
56323.64112 18.82267 0.03491
56323.64225 18.82308 0.035
56323.64338 18.83603 0.0345
56323.6445 18.81647 0.03619
56323.64563 18.71635 0.03449
56323.64676 18.83576 0.03559
56323.64789 18.77608 0.03488
56323.64902 18.78006 0.03519
56323.65014 18.72552 0.0343
56323.65127 18.76972 0.03427
56323.6524 18.76355 0.03552
56323.65352 18.72954 0.0341
56323.65465 18.79283 0.03566
56323.65577 18.77597 0.03556
56323.65691 18.80329 0.03591
56323.65803 18.79781 0.0364
56323.65917 18.8435 0.03807
56323.66029 18.8546 0.04147
56323.66142 18.82016 0.04051
56323.66255 18.82234 0.03927
56323.66367 18.81566 0.03799
56323.6648 18.77311 0.03819
56323.66594 18.87523 0.03846
56323.66706 18.84915 0.04367
56323.66819 18.78424 0.04088
56323.66932 18.79473 0.0419
56323.67045 18.85605 0.04258
56323.67158 18.92244 0.04405
56323.67271 18.87183 0.0424
56323.67384 18.74922 0.03799
56323.67496 18.79456 0.04156
56323.67613 18.79555 0.04118
56323.67725 18.89119 0.04497
56323.67838 18.76688 0.03965
56323.67951 18.78815 0.03884
56323.68065 18.86853 0.04356
56323.68177 18.7948 0.0412
56323.6829 18.82082 0.04323
56323.68402 18.87768 0.04455
56323.68516 18.88804 0.04696
56323.68628 18.79306 0.04327
56323.68742 18.89477 0.04419
56323.68855 18.78294 0.04129
56323.68967 18.83004 0.0427
56323.69081 18.77666 0.04277
56323.69194 18.81037 0.04518
56323.69306 18.9182 0.04735
56323.6942 18.87015 0.04994
56323.69644 18.79203 0.04355
56323.69758 18.95108 0.0522
56323.6987 18.93285 0.05458
56323.69982 18.8543 0.05005
56323.70094 18.93354 0.05442
56323.70208 18.79842 0.04946
56323.7032 18.79085 0.05211
56323.70434 18.8967 0.05303
56323.70546 18.77874 0.05108
56323.70659 18.81729 0.0574
56323.70772 18.7223 0.05211
56323.70887 18.87538 0.05781
56323.71001 18.86273 0.06103
56323.71114 18.96786 0.06219
56323.71226 18.90188 0.05872
56323.7134 18.86392 0.06351
56323.71453 18.97434 0.06994
56323.71791 18.82669 0.07884
56323.71905 18.88931 0.07959
56323.72017 18.9349 0.07537
56323.7213 18.76945 0.0773
56323.72242 18.94956 0.07823
56323.72356 18.93863 0.0803
56323.72468 18.97935 0.08029
56323.72582 18.93256 0.0929
56323.72808 18.88011 0.08868
56323.73146 18.84975 0.09658
56324.6344 18.79427 0.03627
56324.67356 18.7943 0.03825
56328.60109 18.8138 0.03728
56328.63041 18.80155 0.03133
56329.6158 18.79224 0.04447
56330.60568 18.80521 0.03344
56330.63442 18.77883 0.03549
56336.60557 18.72281 0.04254
56336.6347 18.7569 0.04454
56337.61678 18.73034 0.03416
56337.646 18.83528 0.04052
56339.61462 18.82854 0.05584
56340.62168 18.80944 0.04269
56340.65261 18.83681 0.04742
56341.63432 18.81226 0.04883
56342.61542 18.80299 0.0536
56342.64414 18.92109 0.06499
56432.97832 18.8529 0.07503
56433.97522 18.95513 0.05705
56434.97306 18.88819 0.06302
56440.95678 18.89085 0.08295
56442.95121 19.00873 0.05949
56443.94843 18.74076 0.04586
56444.94545 18.90236 0.06513
56444.97977 18.85673 0.08301
56446.9404 18.84525 0.04686
56446.9746 18.83808 0.06179
56447.93827 18.80787 0.03867
56447.97245 18.98213 0.05267
56448.93551 18.77324 0.0365
56448.97043 18.82038 0.04726
56449.9322 18.86661 0.03505
56449.96744 18.83954 0.03513
56450.93056 18.83932 0.03573
56450.96471 18.86305 0.044
56451.92757 18.92745 0.04304
56451.96268 18.93711 0.0406
56452.92487 18.8659 0.03682
56452.95905 18.81411 0.03305
56453.9223 18.91192 0.04269
56453.95718 19.04345 0.04863
56454.91904 18.84329 0.04237
56454.9531 18.83903 0.03693
56455.91706 18.80778 0.03811
56455.95123 18.89185 0.03322
56456.91361 18.85878 0.03865
56456.94859 18.94252 0.03557
56457.91086 18.79248 0.04201
56457.9457 18.85099 0.03671
56458.90893 18.8424 0.03666
56458.94334 18.8159 0.03369
56459.90596 18.83924 0.0386
56459.94092 18.92332 0.03647
56460.9034 18.92128 0.03976
56460.93791 18.81548 0.03285
56461.90107 18.73603 0.03643
56461.93811 18.81675 0.03213
56462.89824 18.90289 0.04361
56462.93439 18.90054 0.04171
56463.89576 18.90784 0.06548
56463.93218 18.79812 0.03375
56469.87982 18.8882 0.06354
56469.91685 18.84423 0.04829
56471.87375 18.79541 0.05787
56471.91001 18.88474 0.05191
56473.86804 18.91534 0.08995
56473.90477 18.79922 0.06669
56475.86334 18.99304 0.0625
56475.9008 18.84919 0.05547
56476.86102 18.78559 0.06138
56476.89765 18.87756 0.06268
56477.85777 18.96777 0.0824
56485.83631 18.9343 0.04327
56486.83403 18.82295 0.03924
56486.87106 18.82124 0.03362
56488.83006 18.85552 0.04006
56488.86647 18.83479 0.03532
56489.82698 18.86929 0.04403
56489.86366 18.85025 0.03494
56491.8581 18.81384 0.07889
56498.802 18.95996 0.07971
56498.83888 18.89376 0.0808
56502.79167 18.91167 0.04543
56502.82864 18.76909 0.04228
56503.78903 18.81925 0.03534
56503.82769 18.94347 0.03883
56504.82017 18.84603 0.03992
56504.86992 18.87487 0.03443
56504.90811 18.89587 0.03435
56505.81768 18.86638 0.04017
56505.9509 18.88313 0.03427
56505.98842 18.83282 0.04212
56506.89349 18.82487 0.0395
56507.80198 18.8221 0.03746
56507.84712 18.84356 0.03325
56507.99891 18.86074 0.0362
56508.90167 18.85389 0.02505
56509.79634 18.73234 0.03177
56509.83877 18.787 0.03031
56510.8262 18.79254 0.02642
56511.79111 18.82594 0.03199
56511.84089 18.84974 0.0304
56512.78788 18.91845 0.03976
56512.82519 18.88005 0.03269
56513.78624 18.84936 0.03355
56513.82352 18.81323 0.02954
56514.7834 18.77983 0.0334
56514.82081 18.73776 0.02845
56515.78106 18.81459 0.03367
56515.82231 18.81613 0.03187
56516.77774 18.83866 0.03224
56516.81437 18.78862 0.02671
56517.77605 18.88694 0.03618
56517.81715 18.76989 0.02552
56517.97309 18.70689 0.02599
56518.87478 18.88305 0.02705
56518.96686 18.85084 0.028
56519.00311 18.79821 0.02724
56519.90443 18.81255 0.02413
56519.96504 18.80886 0.02443
56520.00171 18.82818 0.02581
56520.90327 18.79685 0.02504
56520.95521 18.80927 0.02515
56520.99262 18.79097 0.02496
56521.89446 18.83242 0.02554
56521.95772 18.78826 0.02593
56521.99393 18.8027 0.02527
56528.72198 18.96013 0.08611
56528.81982 18.69392 0.05719
56528.87422 18.70988 0.05514
56529.90241 18.78641 0.04753
56529.93849 18.83412 0.05483
56529.97462 18.79983 0.05218
56532.71221 18.77694 0.03925
56532.85928 18.69444 0.02903
56532.89645 18.83385 0.02887
56533.79895 18.86652 0.03082
56533.93493 18.78021 0.02849
56533.97228 18.8199 0.0324
56537.84525 18.77534 0.02383
56537.9874 18.83965 0.02498
56539.69386 18.88729 0.04203
56539.88447 18.78052 0.02362
56539.9215 18.78842 0.02377
56540.97669 18.75787 0.02379
56541.6883 18.7504 0.04066
56542.96698 18.83518 0.02905
56543.00294 18.87996 0.0306
56543.97085 18.80439 0.02684
56544.00787 18.78888 0.02859
56546.67441 18.87088 0.04392
56546.75907 18.79271 0.02838
56546.94639 18.77895 0.02547
56547.84788 18.73131 0.02733
56548.0057 18.84302 0.02848
56548.66959 18.82391 0.05058
56548.70582 18.90827 0.04714
56548.74172 18.81976 0.0391
56549.66591 18.83302 0.05199
56549.70273 18.81264 0.04602
56549.73967 18.80943 0.03875
56550.66388 18.7743 0.05962
56550.6994 18.818 0.05342
56550.73216 18.8924 0.04355
56551.66063 18.82998 0.07087
56551.72202 18.86777 0.05243
56551.75862 18.80853 0.0438
56552.66117 18.93633 0.06887
56552.71291 18.87 0.0588
56552.74635 18.89755 0.0516
56561.66061 18.7917 0.03462
56561.89034 18.85372 0.03985
56561.92356 18.83416 0.03959
56562.93459 18.77212 0.03308
56563.02169 18.83366 0.04291
56563.6524 18.79837 0.0386
56563.6893 18.82277 0.03733
56563.77494 18.77153 0.0315
56564.72602 18.77028 0.03459
56564.99301 18.74695 0.0313
56565.02672 18.72289 0.03939
56565.92832 18.72677 0.02936
56565.98151 18.84897 0.03486
56566.01544 18.75698 0.03805
56566.91724 18.7582 0.0264
56566.96287 18.80834 0.03073
56566.99591 18.81982 0.03186
56567.8986 18.77674 0.0254
56567.96702 18.78267 0.02576
56568.00039 18.78048 0.02985
56568.90245 18.76725 0.025
56568.96343 18.7103 0.02743
56568.99843 18.80363 0.03581
56569.90084 18.76783 0.02828
56569.99803 18.82872 0.03543
56570.03082 18.76326 0.0458
56571.62526 18.94022 0.0535
56571.69052 18.85828 0.04782
56571.72419 18.93514 0.04705
56572.62632 18.75997 0.04224
56572.66032 18.77257 0.03479
56572.69287 18.80863 0.04174
56573.61429 18.83041 0.0419
56573.64765 18.83265 0.0378
56573.77817 18.82867 0.02747
56576.83948 18.72079 0.02701
56577.00541 18.68563 0.03827
56577.60601 18.78536 0.04905
56577.63144 18.84009 0.04702
56577.77306 18.81491 0.03457
56578.67217 18.80145 0.03767
56578.69674 18.81036 0.03601
56578.75347 18.81455 0.0335
56579.73584 18.8139 0.03937
56579.85963 18.71277 0.0376
56579.88516 18.79561 0.03886
56580.7875 18.73139 0.0411
56580.8553 18.79956 0.04583
56580.88022 18.81254 0.04184
56581.78167 18.91282 0.07455
56581.83883 18.66603 0.0532
56581.86464 18.79072 0.05484
56587.62864 18.83657 0.03205
56587.78993 18.77552 0.03982
56587.81475 18.76941 0.04089
56588.71625 18.81512 0.05611
56588.86644 18.83062 0.05913
56588.89281 18.82285 0.06594
56589.79481 18.80607 0.03179
56589.81959 18.70408 0.02956
56589.84642 18.74611 0.03412
56590.76387 18.79801 0.0308
56590.8749 18.74858 0.03281
56590.89969 18.74819 0.03261
56591.80204 18.71577 0.0521
56591.86057 18.75622 0.03104
56591.88508 18.765 0.03269
56592.81972 18.78532 0.02812
56592.91348 18.82595 0.03351
56592.93852 18.82078 0.03702
56596.59731 18.82456 0.03925
56596.81771 18.82821 0.03618
56596.84238 18.72245 0.03249
56597.74425 18.87503 0.0333
56597.82393 18.82862 0.04095
56597.84943 18.87443 0.04323
56598.75163 18.76424 0.03377
56598.82179 18.7554 0.03746
56598.84855 18.81134 0.03396
56599.75014 18.77271 0.02767
56599.79577 18.80929 0.02734
56599.82112 18.81088 0.02902
56600.77441 18.75617 0.02835
56600.8753 18.80752 0.03268
56602.59024 18.89125 0.05101
56602.75501 18.97714 0.05407
56602.78065 18.86818 0.04593
56603.68227 18.84716 0.03529
56603.74296 18.69868 0.03361
56603.81581 18.83574 0.03248
56604.73691 18.78882 0.03103
56604.92616 18.79071 0.03738
56605.64733 18.77673 0.02949
56605.67213 18.72945 0.02876
56606.58401 18.77037 0.06943
56606.60932 18.78439 0.04403
56606.64241 18.80078 0.07056
56607.82225 18.88616 0.04339
56607.84927 18.80644 0.03257
56608.75086 18.80276 0.04309
56608.81398 18.85506 0.04434
56608.84048 18.90968 0.0647
56609.8617 18.88808 0.05564
56609.88847 18.81092 0.0521
56621.79766 18.76089 0.03445
56622.58588 18.86569 0.03374
56623.58717 18.86269 0.05039
56624.57999 18.75174 0.03299
56624.60429 18.76484 0.03012
56625.70494 18.82459 0.02859
56625.74386 18.79664 0.02916
56626.64578 18.83109 0.03056
56626.67007 18.75305 0.02892
56627.83411 18.77273 0.09523
56628.73144 18.82629 0.03396
56628.76212 18.77964 0.03464
56637.58042 18.90911 0.04706
56637.60549 18.71024 0.04319
56639.58002 18.79456 0.05501
56639.60438 18.83247 0.05324
56640.58279 18.83536 0.05238
56640.61699 18.73839 0.06573
56648.58277 18.89215 0.04084
56648.61266 18.81145 0.03899
56649.60387 18.72353 0.04952
56650.58762 18.84547 0.03822
56653.61955 18.9136 0.05241
56658.58519 18.78799 0.02886
56658.62914 18.81234 0.02942
56659.58605 18.76281 0.02795
56659.61086 18.78086 0.02956
56660.58569 18.80224 0.02859
56660.61029 18.86717 0.02883
56661.58623 18.87537 0.09024
56662.58587 18.90024 0.03783
56662.61038 18.97537 0.04924
56663.59143 18.78255 0.03389
56663.6171 18.78289 0.03086
56664.58594 18.83367 0.08576
56664.6104 18.71125 0.04531
56668.58721 18.99908 0.07556
56668.61177 18.76495 0.04355
56669.61423 18.78089 0.05483
56670.58877 18.94011 0.07674
56675.5969 18.81251 0.03086
56675.6459 18.82186 0.04255
56676.59181 18.86589 0.03439
56676.61781 18.7303 0.03183
56677.60718 18.94256 0.08404
56678.61458 18.80707 0.03173
56678.64019 18.76827 0.03056
56680.60724 18.77409 0.03439
56681.63294 18.79443 0.10658
56683.59693 18.79223 0.03067
56683.63252 18.74806 0.03141
56685.59847 18.74746 0.05867
56685.6471 18.74724 0.03736
56686.63379 18.88987 0.06825
56687.59886 18.7391 0.03365
56687.64144 18.82077 0.03446
56690.60286 18.7516 0.0368
56690.64549 18.76242 0.03548
56697.60505 18.6836 0.04324
56699.60928 18.91357 0.05938
56816.96412 18.79165 0.03788
56816.97531 18.86167 0.05578
56817.96427 18.68417 0.03191
56817.97654 18.74829 0.0653
56818.96227 18.73221 0.03107
56818.97512 18.78331 0.04858
56819.96647 18.81544 0.06149
56819.97765 18.81252 0.08589
56820.96625 18.93459 0.06486
56820.97769 18.89037 0.07451
56821.96237 18.88302 0.07671
56821.9727 18.84147 0.06867
56822.96143 18.87852 0.06038
56822.97681 18.78205 0.06758
56823.96094 18.78206 0.05911
56823.97346 18.81131 0.06557
56824.96428 18.76119 0.04516
56824.97573 18.80988 0.05294
56825.96455 18.7878 0.04812
56825.97592 18.73702 0.06858
56826.96127 18.81698 0.04308
56826.97472 18.82068 0.05579
56827.96384 18.78186 0.0396
56827.97622 18.73228 0.05001
56828.9654 18.67329 0.03693
56828.97804 18.73203 0.05004
56831.96161 18.70916 0.02641
56831.97427 18.73751 0.03199
56832.9648 18.67819 0.02677
56832.97563 18.70697 0.02914
56833.96568 18.743 0.02772
56833.97644 18.72781 0.03507
56834.96484 18.71734 0.02714
56834.9776 18.70054 0.03972
56836.96625 18.68928 0.0245
56836.97711 18.75349 0.0355
56839.96511 18.70467 0.02387
56839.97834 18.73777 0.03533
56840.96951 18.72471 0.02781
56840.98137 18.7519 0.04024
56841.96857 18.78217 0.02775
56841.98075 18.70414 0.03661
56844.96636 18.73394 0.02988
56844.97887 18.75565 0.03357
56845.96726 18.74878 0.02555
56845.98002 18.76878 0.02991
56846.96666 18.70678 0.02337
56846.98115 18.69557 0.02773
56847.96648 18.76088 0.024
56847.98151 18.69881 0.02681
56848.96743 18.72608 0.02459
56848.98312 18.72264 0.03305
56849.96813 18.80581 0.04738
56849.98235 18.72567 0.04711
56850.96941 18.78558 0.06804
56850.98368 18.81995 0.07384
56851.97048 18.69079 0.04269
56851.98675 18.64957 0.04401
56854.96165 18.59918 0.03253
56854.98771 18.85717 0.04053
56855.96071 18.76407 0.03801
56855.98393 18.74047 0.04023
56856.96087 18.66319 0.05101
56856.98328 18.75372 0.0448
56858.96243 18.71655 0.02681
56858.98507 18.75198 0.02928
56859.96515 18.74723 0.02435
56859.98697 18.68653 0.02951
56861.96231 18.76978 0.02644
56861.98508 18.69883 0.0253
56862.9659 18.70759 0.02491
56862.98227 18.70653 0.0268
56863.94981 18.73565 0.02284
56864.94576 18.72445 0.02894
56864.96947 18.68785 0.03188
56865.92975 18.58443 0.04598
56865.96089 18.69603 0.02308
56867.98799 18.71442 0.02471
56868.96536 18.68082 0.02431
56868.98567 18.74907 0.02687
56869.96092 18.68813 0.02448
56869.98231 18.70423 0.02309
56870.96467 18.83791 0.02457
56870.98635 18.80696 0.02536
56874.97428 18.71475 0.0222
56874.99622 18.69558 0.02726
56875.98151 18.74211 0.02553
56875.99752 18.7619 0.02752
56876.91773 18.71552 0.02183
56876.94717 18.71335 0.02224
56877.9745 18.72153 0.02236
56877.9957 18.73607 0.02406
56878.00741 18.69981 0.04306
56878.9086 18.76953 0.04071
56878.93847 18.70978 0.03623
56879.92838 18.67399 0.04367
56879.95816 18.74207 0.04629
56880.95792 18.84169 0.08256
56880.9882 18.6641 0.0534
56882.96877 18.81741 0.05826
56882.98848 18.74204 0.05999
56883.9421 18.71609 0.03639
56883.98158 18.67714 0.03743
56884.99956 18.70915 0.0366
56885.96448 18.72716 0.03141
56885.98159 18.74844 0.03256
56886.91453 18.68721 0.02792
56886.94264 18.69577 0.02743
56887.91623 18.7955 0.02547
56887.94902 18.68457 0.025
56888.86519 18.70189 0.02211
56888.89905 18.72583 0.02363
56888.91008 18.69369 0.02265
56888.94196 18.72959 0.02468
56890.94091 18.65464 0.02358
56890.97479 18.71258 0.02483
56895.83087 18.74786 0.02889
56895.86667 18.72623 0.03329
56972.71463 18.78734 0.03201
56972.73749 18.76788 0.03514
56978.74407 18.81573 0.0326
56978.79927 18.76836 0.05333
56979.72374 18.74282 0.04573
56980.71766 18.87 0.03124
56980.83416 18.77135 0.03163
56981.71538 18.72734 0.02824
56981.77818 18.83359 0.03166
56984.71333 18.84266 0.04139
56984.78092 18.79334 0.04899
56986.72544 18.78175 0.03378
56986.79095 18.73515 0.04269
56987.70535 18.78002 0.03208
56987.76948 18.78951 0.03559
56988.66321 18.80542 0.03383
56989.60286 18.8049 0.03076
56989.66828 18.69642 0.03181
56990.59847 18.80832 0.03463
56990.66232 18.7444 0.03048
56991.66882 18.86332 0.07318
57000.62591 18.77878 0.03237
57000.65668 18.68746 0.04094
57001.60725 18.79308 0.02871
57001.63454 18.74852 0.02735
57002.61812 18.63047 0.13728
57011.62365 18.77326 0.03125
57011.65019 18.7819 0.03084
57014.60229 18.77311 0.03085
57014.62433 18.85341 0.02977
57015.60026 18.83899 0.03838
57015.6199 18.79744 0.03826
57018.60146 18.79903 0.03448
57018.62586 18.79543 0.03456
57019.59637 18.84591 0.04195
57019.61004 18.81841 0.03759
57030.59868 18.79587 0.03261
57037.60179 18.79792 0.03325
57039.60447 18.75625 0.03229
57040.60372 18.75677 0.03293
57040.65327 18.79849 0.04013
57041.64649 18.83286 0.03227
57042.59979 18.76552 0.03027
57042.64647 18.76599 0.03194
57043.60053 18.82122 0.03112
57043.64542 18.77762 0.02977
57044.59961 18.9472 0.04561
57044.64222 18.92153 0.05308
57046.59907 18.7601 0.03622
57046.64082 18.94939 0.04969
57047.65127 18.78773 0.04335
57047.65361 18.81848 0.04024
57059.60766 18.73055 0.03161
57059.61723 18.83626 0.03514
57063.60738 18.77423 0.03708
57063.61933 18.72549 0.03685
57064.61072 18.85889 0.04057
57064.62756 18.88569 0.04257
57065.60805 18.84249 0.04468
57065.62471 18.75786 0.04687
57066.61485 18.9491 0.0958
57067.60784 18.85527 0.04261
57067.62545 18.88116 0.04406
57069.61019 18.83263 0.03948
57069.6409 18.76693 0.04547
57070.61078 18.90189 0.04533
57070.6277 18.70863 0.03767
57071.61023 18.78447 0.0443
57071.6267 18.81416 0.04005
57089.61859 18.96189 0.06034
57089.62798 19.01356 0.07031
57090.63028 18.94252 0.05761
57091.62051 18.93006 0.07698
57179.97424 18.83376 0.07282
57180.95646 18.63427 0.04857
57185.96692 18.82874 0.04638
57187.96362 18.81143 0.03225
57188.93765 18.81347 0.03233
57188.96808 18.77737 0.03619
57189.95594 18.7589 0.03478
57190.94422 18.89644 0.03546
57190.9766 18.89807 0.06493
57191.9217 18.80665 0.03743
57191.95614 18.79525 0.03561
57192.94672 18.7827 0.03651
57192.97846 18.91093 0.07449
57193.93573 18.79344 0.03388
57193.96862 18.76671 0.04003
57194.94374 18.82989 0.03442
57194.97431 18.82108 0.04412
57195.94595 18.86347 0.03924
57195.97546 18.87148 0.05377
57196.92539 18.80439 0.04453
57196.97637 18.81151 0.05484
57197.91796 18.77687 0.03323
57197.96971 18.74854 0.03577
57198.93165 18.82103 0.03352
57198.96479 18.75307 0.03308
57199.9472 18.75061 0.03704
57199.9815 18.88583 0.07752
57207.95261 18.71031 0.04972
57207.98422 18.71049 0.04624
57208.90735 18.72835 0.04842
57208.94607 18.66898 0.042
57209.93937 18.65081 0.04205
57209.97959 18.78846 0.04895
57210.9363 18.68092 0.03754
57210.97519 18.72047 0.03718
57211.94997 18.75746 0.03743
57211.98409 18.83138 0.0532
57212.9376 18.79692 0.05635
57212.97329 18.78648 0.05794
57214.96163 18.75028 0.03033
57216.93262 18.72217 0.02842
57216.97994 18.73674 0.03268
57218.92712 18.64079 0.02575
57218.977 18.68302 0.02739
57219.94247 18.69005 0.02409
57219.97077 18.69697 0.02279
57220.92305 18.70939 0.02389
57220.98129 18.68585 0.02587
57226.95332 18.69874 0.02182
57227.93417 18.66438 0.02405
57232.8829 18.66212 0.03782
57237.93379 18.69477 0.04053
57237.98326 18.68466 0.04164
57238.91268 18.6334 0.03096
57238.96563 18.66443 0.03115
57239.93796 18.64704 0.02908
57239.98313 18.7248 0.03535
57240.95317 18.62163 0.02946
57241.93368 18.66212 0.03373
57242.93933 18.7355 0.02634
57242.98523 18.66659 0.02511
57244.91131 18.6837 0.02418
57244.96611 18.63786 0.0226
57245.87591 18.68685 0.02336
57245.91376 18.63717 0.02175
57246.89995 18.66361 0.02236
57246.93423 18.65112 0.02254
57247.92574 18.68017 0.02192
57247.95614 18.65708 0.02025
57248.84393 18.63437 0.02336
57248.8782 18.71263 0.02344
57249.88436 18.63423 0.02147
57249.9163 18.66539 0.02254
57250.88236 18.65182 0.02265
57250.92114 18.66077 0.02508
57251.8693 18.64247 0.02326
57251.91419 18.662 0.02197
57267.93864 18.71012 0.05677
57267.9816 18.58547 0.03679
57554.97044 18.54845 0.03371
57555.93989 18.58532 0.02954
57555.96363 18.64059 0.0311
57564.94449 18.65882 0.04242
57564.95195 18.51701 0.04079
57565.94418 18.51623 0.03637
57567.951 18.52418 0.03516
57567.97572 18.51937 0.03916
57569.92685 18.56181 0.02519
57570.93954 18.52708 0.02681
57571.91515 18.59573 0.02985
57571.96845 18.60984 0.03098
57572.94 18.5634 0.02753
57572.961 18.57042 0.02936
57573.95955 18.55142 0.02493
57573.98653 18.69341 0.07809
57574.96997 18.54306 0.02792
57575.96076 18.58643 0.02346
57576.95096 18.59285 0.02687
57577.97714 18.59033 0.03243
57578.93031 18.63337 0.02828
57578.9597 18.56703 0.02725
57579.93833 18.54933 0.02493
57579.96636 18.56701 0.02664
57580.94991 18.61609 0.02604
57580.97641 18.56611 0.0269
57581.93908 18.58192 0.02601
57581.96061 18.61842 0.02576
57582.96612 18.54195 0.02252
57582.9889 18.66397 0.04281
57583.93612 18.53069 0.02159
57583.97225 18.53661 0.02428
57584.92871 18.52347 0.02322
57584.97404 18.56023 0.02336
57585.92275 18.63292 0.02889
57585.96134 18.57219 0.02504
57586.91575 18.6044 0.04009
57592.99636 18.57962 0.0439
57595.9848 18.55982 0.03324
57596.95384 18.55592 0.03067
57596.98786 18.56841 0.0325
57597.93735 18.57753 0.02622
57597.9794 18.59662 0.02714
57598.9281 18.50869 0.02587
57598.97263 18.57518 0.0252
57599.94579 18.56712 0.02675
57600.96483 18.55769 0.02537
57601.9531 18.5695 0.02533
57601.99102 18.54114 0.02592
57602.95616 18.57602 0.02589
57602.99208 18.56887 0.02593
57603.95654 18.54977 0.02464
57603.99274 18.59763 0.02723
57604.96148 18.49602 0.02304
57604.99535 18.60728 0.02587
57605.93926 18.57192 0.02248
57605.97693 18.52853 0.02194
57606.94732 18.56287 0.02303
57606.99101 18.55355 0.02396
57607.92659 18.54031 0.02295
57607.97806 18.53118 0.02559
57608.92515 18.54594 0.02463
57608.96585 18.52602 0.02289
57609.94301 18.59451 0.02677
57610.89516 18.58751 0.02622
57610.92695 18.56442 0.0241
57611.90199 18.53066 0.02421
57611.93252 18.58596 0.02629
57612.88937 18.58483 0.02447
57612.93148 18.54911 0.023
57613.84046 18.55558 0.0304
57613.87193 18.59681 0.02542
57613.90353 18.55771 0.02222
57614.96436 18.54324 0.02304
57614.99496 18.56311 0.02374
57615.90761 18.59455 0.03241
57615.95637 18.57208 0.0239
57621.98607 18.71574 0.07019
57622.01291 18.49539 0.07644
57622.96114 18.6319 0.06115
57622.98808 18.67064 0.06187
57623.99038 18.67994 0.05394
57624.01266 18.63677 0.06081
57624.97236 18.53635 0.04419
57624.99829 18.53941 0.04325
57625.94454 18.52941 0.03093
