#mjd mag magerr
55061.92501 19.57181 0.04933
55061.95573 19.50576 0.04838
55063.91987 19.44508 0.04786
55063.9639 19.56349 0.047
55064.92128 19.56986 0.05436
55064.9656 19.58041 0.0532
55066.91014 19.50433 0.04981
55066.95474 19.514 0.05015
55067.91649 19.82345 0.08077
55067.96099 19.7162 0.07449
55069.90324 19.41657 0.04667
55069.94786 19.4049 0.05195
55080.87449 19.77939 0.12274
55080.95988 19.48491 0.15652
55084.86328 19.47238 0.06913
55087.85609 19.48258 0.05002
55087.90101 19.4245 0.05036
55088.96983 19.52526 0.05164
55089.01521 19.53114 0.05465
55089.94574 19.44896 0.05078
55089.99042 19.47442 0.05387
55093.83741 19.57719 0.05086
55093.88196 19.42186 0.04897
55096.8292 19.49636 0.05158
55097.00858 19.69155 0.06612
55104.99862 19.58983 0.07484
55107.79764 19.48833 0.10171
55114.88125 19.43259 0.06384
55114.92522 19.77507 0.14402
55119.89538 19.50692 0.05933
55119.95365 19.67059 0.06824
55123.75696 19.46968 0.05413
55123.81523 19.47175 0.04993
55126.97957 19.52939 0.07191
55127.83329 19.55881 0.06111
55127.87706 19.62069 0.06849
55135.82555 19.61551 0.13699
55135.86926 19.79608 0.12904
55138.71472 19.59249 0.12225
55142.7036 19.47195 0.06007
55142.75219 19.58991 0.07129
55144.77886 19.38483 0.05324
55144.82305 19.63528 0.0681
55151.72943 19.62658 0.06312
55151.77257 19.63246 0.06539
55166.70473 19.56363 0.10289
55166.74897 19.55651 0.13397
55168.63378 19.58308 0.09661
55168.6775 19.51005 0.08994
55175.61224 19.45029 0.04975
55175.65684 19.42467 0.04774
55181.59421 19.64185 0.0779
55181.63825 19.49497 0.06648
55183.59204 19.6448 0.10011
55183.64253 19.41628 0.05379
55189.58054 19.57911 0.07185
55189.62557 19.64176 0.06725
55194.59026 19.4531 0.11383
55199.58559 19.50364 0.05752
55201.58642 19.64254 0.13831
55202.58667 19.44388 0.06451
55203.71441 19.39365 0.06372
55203.75743 19.39559 0.06726
55207.63092 19.46091 0.05886
55207.67514 19.4716 0.05446
55209.5968 19.3892 0.04544
55209.64149 19.35403 0.04807
55213.63312 19.52438 0.06951
55213.6798 19.4796 0.07458
55377.85123 19.73979 0.12298
55377.89535 19.34398 0.10498
55378.90615 19.37428 0.13505
55379.8591 19.59923 0.08998
55379.92482 19.54285 0.07209
55380.87684 19.3929 0.08401
55380.92078 19.55037 0.10216
55381.89606 19.59495 0.07429
55381.93934 19.64743 0.0722
55384.82671 19.50058 0.06349
55384.87028 19.45758 0.06031
55385.87021 19.53316 0.05641
55385.91339 19.49417 0.05232
55386.86524 19.66311 0.06258
55386.90867 19.45424 0.0541
55387.87002 19.47093 0.05666
55387.91342 19.48645 0.05165
55388.86609 19.61814 0.07642
55388.91005 19.42795 0.05267
55390.80957 19.58143 0.07959
55390.85393 19.65868 0.0731
55391.80613 19.46721 0.10068
55391.87538 19.57232 0.05882
55392.83258 19.51383 0.0699
55392.87538 19.49092 0.05678
55394.79908 19.46963 0.07731
55394.8431 19.39137 0.05674
55395.79551 19.41786 0.08777
55395.84215 19.48265 0.05873
55396.79527 19.49702 0.0873
55396.83932 19.59883 0.05971
55397.79163 19.61699 0.09881
55397.83526 19.51944 0.06219
55398.78764 19.69254 0.12518
55398.83124 19.42896 0.07378
55399.78802 19.78756 0.12918
55399.83261 19.66138 0.09161
55400.78534 19.5761 0.1122
55400.8289 19.44395 0.09487
55401.78133 19.48272 0.16317
55401.82518 19.60267 0.12625
55402.77979 19.30013 0.15951
55402.8246 19.73722 0.12627
55403.77642 19.33272 0.1869
55403.81973 19.38571 0.12419
55404.77424 19.62621 0.1304
55404.84266 19.61803 0.0906
55405.8416 19.78627 0.12348
55407.7691 19.12591 0.13608
55407.83003 19.45619 0.11773
55411.79896 19.40685 0.07945
55412.75232 19.62856 0.11875
55412.79539 19.46367 0.08858
55413.75577 19.60678 0.15644
55413.79945 19.58487 0.0998
55414.75161 19.73932 0.1473
55414.79555 19.58537 0.09013
55415.79727 19.32959 0.13291
55416.75096 19.53723 0.1216
55416.79342 19.529 0.09534
55417.75979 19.33778 0.11099
55417.84511 19.61944 0.11578
55418.79843 19.57567 0.10339
55418.84121 19.45459 0.08219
55419.75121 19.43352 0.13576
55419.79504 19.5381 0.1013
55420.78929 19.83617 0.14427
55420.83264 19.59525 0.09844
55421.73664 19.4568 0.06886
55421.79901 19.46537 0.05203
55422.75115 19.50624 0.06869
55422.79487 19.48457 0.05648
55423.74742 19.51234 0.06858
55423.79284 19.49848 0.05873
55424.75349 19.53226 0.07739
55424.80178 19.44516 0.0557
55425.76166 19.5418 0.079
55425.80573 19.41613 0.05213
55426.80123 19.43634 0.06854
55426.8444 19.4958 0.05064
55427.79708 19.49365 0.07158
55427.8408 19.38344 0.05871
55428.79281 19.42516 0.06847
55428.83703 19.39337 0.06518
55429.8142 19.49338 0.07586
55429.85716 19.57284 0.06783
55430.75769 19.39562 0.08368
55430.80485 19.43194 0.07719
55431.75639 19.60833 0.0958
55431.80024 19.46802 0.08486
55432.73907 19.13763 0.11646
55432.78359 19.48467 0.10368
55433.70425 19.53113 0.18239
55433.7493 19.3681 0.14068
55434.69401 19.70209 0.20047
55434.73769 19.45581 0.12246
55436.88575 19.7657 0.09757
55436.88891 19.58176 0.0839
55436.8919 19.45787 0.09189
55436.89501 19.65075 0.12455
55436.89797 19.70969 0.10868
55436.90109 19.45643 0.09558
55436.9042 19.69536 0.10118
55436.90728 19.68479 0.09348
55436.91041 19.52353 0.095
55436.91351 19.64166 0.09957
55436.91641 19.44324 0.10528
55436.91931 19.55206 0.09827
55436.92221 19.39632 0.09297
55436.92514 19.78822 0.10885
55436.92806 19.52204 0.10348
55436.93096 19.48097 0.08548
55436.93413 19.51835 0.10077
55436.93703 19.70469 0.10476
55436.93974 19.51167 0.08508
55436.94297 19.42432 0.0928
55436.94613 19.78987 0.11646
55436.94915 19.67548 0.10437
55436.95231 19.59432 0.09948
55436.9553 19.70462 0.10628
55436.95826 19.48874 0.08948
55436.96116 19.56118 0.09577
55436.96403 19.52461 0.09249
55436.96671 19.65233 0.09611
55438.88857 19.55379 0.09178
55438.89169 19.84863 0.10368
55438.89485 19.54738 0.08539
55438.89798 19.57986 0.08577
55438.90086 19.47322 0.08287
55438.90371 19.47772 0.07589
55438.9065 19.53819 0.09586
55438.90927 19.84319 0.08721
55438.91204 19.56548 0.08479
55438.91487 19.54782 0.08748
55438.91763 19.57009 0.08257
55438.92084 19.63981 0.09418
55438.92394 19.42489 0.08268
55438.92672 19.8566 0.10995
55438.92954 19.70597 0.09178
55438.93551 19.66943 0.08869
55438.93833 19.4582 0.09168
55438.94106 19.64432 0.10285
55438.94411 19.57544 0.08649
55438.94678 19.41562 0.08399
55438.95017 19.52385 0.08747
55438.95913 19.77748 0.10498
55438.96141 19.62086 0.08207
55440.87507 19.57507 0.06598
55440.87823 19.56629 0.05949
55440.88428 19.40646 0.0583
55440.88675 19.37435 0.05369
55440.8894 19.526 0.05978
55440.89205 19.45314 0.05907
55440.89518 19.49252 0.05669
55440.89832 19.40585 0.05618
55440.90145 19.43722 0.06196
55440.90439 19.44195 0.06087
55440.90729 19.54948 0.06209
55440.91025 19.36771 0.05792
55440.91316 19.5479 0.06029
55440.91591 19.6465 0.06389
55440.9187 19.46399 0.06297
55440.92149 19.45451 0.05686
55440.92426 19.47693 0.05499
55440.93095 19.57569 0.06317
55440.93364 19.48956 0.06287
55440.93623 19.48914 0.06027
55440.9395 19.68369 0.06997
55440.94264 19.47204 0.05519
55440.94582 19.51714 0.0614
55440.94883 19.53517 0.06287
55440.95182 19.47186 0.06157
55440.95489 19.56663 0.06398
55440.95791 19.36865 0.05709
55441.87301 19.58341 0.05481
55441.87592 19.43259 0.04774
55441.88645 19.49627 0.05663
55441.88962 19.57326 0.05472
55441.89254 19.43809 0.05005
55441.89542 19.45404 0.05413
55441.89828 19.51002 0.05063
55441.90107 19.5438 0.05342
55441.9037 19.45852 0.05202
55441.90634 19.51155 0.04997
55441.90906 19.53459 0.05551
55441.9118 19.57419 0.05432
55441.91445 19.42863 0.04911
55441.91722 19.52771 0.05379
55441.91981 19.4223 0.05401
55441.92242 19.57237 0.05561
55441.92546 19.47471 0.05102
55441.9281 19.53472 0.05413
55441.93183 19.38411 0.05561
55441.93458 19.47908 0.05382
55441.93727 19.56076 0.05491
55441.94048 19.44118 0.05315
55441.94326 19.48211 0.04954
55441.94546 19.48701 0.05113
55441.94852 19.53566 0.04963
55441.95194 19.39318 0.04745
55441.95469 19.4686 0.05313
55441.95786 19.42023 0.0533
55441.96081 19.55621 0.05641
55441.96392 19.4874 0.05302
55441.96715 19.5191 0.05066
55441.97012 19.45383 0.05161
55441.97294 19.41254 0.04851
55441.97532 19.48738 0.05212
55441.97757 19.44927 0.04822
55441.9798 19.41365 0.05384
55441.9835 19.53429 0.05119
55441.9863 19.42479 0.05236
55441.98852 19.50661 0.05443
55441.99078 19.48752 0.0565
55441.99382 19.45337 0.05544
55442.00593 19.55236 0.06212
55442.00906 19.57172 0.06638
55442.01216 19.44114 0.05883
55442.01486 19.57994 0.08219
55442.01753 19.68858 0.09161
55442.02001 19.51033 0.0916
55442.02226 19.37083 0.11152
55442.70382 19.49523 0.05911
55442.70734 19.39542 0.05662
55442.71097 19.47121 0.06259
55442.71448 19.54038 0.06237
55442.71808 19.50971 0.05888
55442.72168 19.48645 0.05997
55442.72527 19.50998 0.05451
55442.73272 19.48073 0.05779
55442.74184 19.44847 0.05242
55442.74882 19.46017 0.05352
55442.75572 19.50467 0.05358
55442.76147 19.55771 0.0557
55442.76615 19.33799 0.04793
55442.77616 19.52418 0.0549
55442.78135 19.45752 0.04949
55442.78615 19.54406 0.04918
55442.79145 19.53425 0.04993
55442.79615 19.46887 0.0525
55442.80186 19.48263 0.0482
55442.8093 19.39659 0.04823
55442.81443 19.53745 0.05241
55442.81939 19.5373 0.0484
55442.82447 19.40529 0.04671
55442.8293 19.43952 0.05
55442.83541 19.51178 0.0488
55442.84012 19.45964 0.04701
55442.84597 19.40583 0.04922
55442.85112 19.58137 0.05061
55442.85657 19.47434 0.04811
55442.86387 19.39742 0.05391
55442.87002 19.4379 0.0483
55442.87503 19.49535 0.05054
55442.88048 19.49805 0.04609
55442.88617 19.37726 0.0492
55442.89221 19.3564 0.04635
55442.89785 19.51138 0.05182
55442.90297 19.54248 0.05117
55442.90871 19.47664 0.04833
55442.91368 19.43373 0.04731
55442.91875 19.47033 0.05099
55442.92384 19.48085 0.04821
55442.93037 19.53841 0.05242
55442.93642 19.45783 0.04852
55442.94588 19.39437 0.05432
55442.95166 19.46565 0.04779
55442.95754 19.56282 0.05421
55442.96246 19.47576 0.05181
55442.96833 19.55041 0.0568
55442.97317 19.41711 0.04621
55442.97782 19.55436 0.0519
55442.98206 19.51376 0.05093
55442.9872 19.41609 0.0495
55442.99348 19.59304 0.05568
55442.99858 19.45704 0.05094
55443.00329 19.41349 0.04713
55443.01002 19.44954 0.05434
55443.01702 19.50763 0.06632
55443.02387 19.76678 0.11343
55443.67742 19.64949 0.0862
55443.68488 19.54856 0.079
55443.69287 19.60375 0.07631
55443.70415 19.55298 0.06482
55443.71028 19.4901 0.06879
55443.71632 19.54969 0.06317
55443.72231 19.47909 0.06078
55443.72832 19.40348 0.0619
55443.736 19.45844 0.05998
55443.74306 19.41139 0.05288
55443.74812 19.45331 0.05678
55443.75372 19.5187 0.0542
55443.75946 19.52325 0.05767
55443.76526 19.44958 0.056
55443.77007 19.51509 0.05997
55443.78027 19.57561 0.0636
55443.78539 19.46391 0.05488
55443.79156 19.46784 0.05219
55443.79717 19.41706 0.04822
55443.80302 19.42178 0.04923
55443.80895 19.43999 0.05118
55443.81493 19.59692 0.06418
55443.8204 19.56505 0.05764
55443.82634 19.526 0.05139
55443.83239 19.41767 0.05078
55443.83783 19.43916 0.05171
55443.84415 19.50355 0.05191
55443.84958 19.54933 0.05408
55443.85553 19.50746 0.0528
55443.86252 19.51282 0.05019
55443.87576 19.45217 0.05268
55443.88141 19.58882 0.05433
55443.88892 19.51092 0.0544
55443.89412 19.61712 0.05924
55443.90077 19.43235 0.05008
55443.90658 19.52076 0.05311
55443.91235 19.38239 0.04709
55443.91779 19.61846 0.06426
55443.92403 19.55048 0.05859
55443.92967 19.55226 0.05768
55443.93496 19.53576 0.05629
55443.94073 19.46266 0.05548
55443.94779 19.5661 0.05698
55443.95355 19.41831 0.05119
55443.95925 19.55886 0.05478
55443.9693 19.48144 0.06237
55443.97555 19.57908 0.05578
55443.98144 19.58658 0.05668
55443.98725 19.68551 0.0659
55443.99456 19.44536 0.05829
55444.00093 19.46923 0.05229
55444.0061 19.40785 0.0521
55444.01187 19.39018 0.0548
55444.0175 19.48008 0.07348
55444.02231 19.41272 0.09379
55444.66648 19.78238 0.09752
55444.67221 19.66335 0.09573
55444.67727 19.62702 0.08393
55444.68199 19.75216 0.11261
55444.68857 19.5213 0.07569
55444.69526 19.36906 0.06755
55444.70198 19.47286 0.06633
55444.7091 19.53751 0.07242
55444.71487 19.45652 0.06269
55444.72103 19.45377 0.05978
55444.72796 19.54412 0.07042
55444.73377 19.40119 0.05999
55444.74094 19.42811 0.05923
55444.74655 19.57784 0.06382
55444.75167 19.51061 0.05499
55444.75678 19.51477 0.0597
55444.76225 19.5358 0.05619
55444.7673 19.43784 0.05251
55444.77353 19.41326 0.0558
55444.77876 19.49715 0.05292
55444.78368 19.53961 0.05752
55444.79848 19.5611 0.05361
55444.80403 19.50207 0.0539
55444.81599 19.40991 0.05471
55444.8213 19.41868 0.05267
55444.83332 19.33578 0.04992
55444.83854 19.50672 0.05359
55444.84549 19.43049 0.0508
55444.85161 19.55846 0.05574
55444.85679 19.37041 0.04882
55444.86267 19.46576 0.05235
55444.86777 19.56504 0.06344
55444.87321 19.49191 0.05293
55444.87872 19.40331 0.05273
55444.88467 19.47194 0.05151
55444.89016 19.58002 0.05743
55444.89581 19.65202 0.06143
55444.90153 19.56555 0.05591
55444.90845 19.46594 0.05622
55444.91349 19.48365 0.0532
55444.92279 19.39963 0.05001
55444.93139 19.38916 0.0499
55444.94041 19.50883 0.04999
55444.94568 19.44871 0.05052
55444.951 19.56711 0.0612
55444.95724 19.45441 0.05411
55444.96289 19.4589 0.04961
55444.96923 19.48315 0.05113
55444.97411 19.39903 0.05052
55444.98062 19.54369 0.05442
55444.98915 19.49846 0.06124
55444.99553 19.46393 0.05284
55445.00157 19.34718 0.05514
55445.00779 19.51865 0.05722
55445.01282 19.60299 0.06451
55445.01777 19.51978 0.0661
55445.02227 19.50987 0.11399
55445.66261 19.40542 0.08325
55445.66749 19.30805 0.07092
55445.67244 19.38264 0.06516
55445.67731 19.40127 0.0701
55445.68422 19.56933 0.07118
55445.6905 19.64371 0.07099
55445.69681 19.4321 0.05809
55445.70294 19.5813 0.06995
55445.70921 19.46677 0.0658
55445.71534 19.67131 0.08041
55445.72141 19.54057 0.07311
55445.72791 19.63828 0.0699
55445.73457 19.60095 0.06409
55445.74013 19.44112 0.05847
55445.7456 19.67217 0.06839
55445.75096 19.62109 0.06621
55445.75643 19.45081 0.05621
55445.76191 19.51335 0.06132
55445.76784 19.44293 0.05327
55445.7737 19.48006 0.05521
55445.779 19.51034 0.05258
55445.78479 19.43572 0.05321
55445.79025 19.46063 0.05148
55445.79613 19.51982 0.0532
55445.81095 19.56505 0.05681
55445.81845 19.50076 0.04941
55445.82455 19.51976 0.05023
55445.83024 19.50916 0.053
55445.84021 19.45602 0.05362
55445.84549 19.48092 0.048
55445.85174 19.48267 0.04702
55445.85762 19.4547 0.04572
55445.8636 19.41118 0.04345
55445.86963 19.47372 0.04491
55445.87567 19.52235 0.04971
55445.88207 19.42955 0.04754
55445.88844 19.44686 0.04643
55445.89432 19.49227 0.05088
55445.89983 19.48245 0.04951
55445.90668 19.44991 0.04893
55445.91299 19.48247 0.04784
55445.91722 19.36891 0.05011
55445.92351 19.45171 0.04653
55445.92915 19.51336 0.05232
55445.93496 19.47988 0.04591
55445.94048 19.48788 0.04609
55445.95216 19.58611 0.05401
55445.95886 19.39871 0.04928
55445.97191 19.47023 0.04691
55445.97872 19.42379 0.0454
55445.98437 19.40288 0.0463
55445.98972 19.54441 0.05164
55445.99581 19.45077 0.04752
55446.00245 19.56335 0.05277
55446.00827 19.52903 0.05041
55446.01324 19.4945 0.0535
55446.01787 19.5104 0.06649
55446.0233 19.38024 0.08418
55446.66046 19.48245 0.07754
55446.66501 19.32977 0.0849
55446.67089 19.56446 0.07929
55446.67601 19.45224 0.07303
55446.6814 19.5773 0.0765
55446.68915 19.52888 0.0695
55446.70044 19.5351 0.06949
55446.70781 19.47282 0.06252
55446.71375 19.52547 0.0617
55446.71998 19.61153 0.07041
55446.7269 19.49682 0.06324
55446.73768 19.53379 0.0579
55446.74263 19.47063 0.05773
55446.74841 19.35915 0.05601
55446.75986 19.45758 0.05154
55446.76487 19.61269 0.05782
55446.77004 19.42472 0.05204
55446.77518 19.43957 0.04895
55446.78018 19.52118 0.04933
55446.78654 19.54909 0.05481
55446.79243 19.39698 0.04451
55446.79818 19.43168 0.0512
55446.80822 19.40521 0.04946
55446.81336 19.45612 0.05075
55446.81934 19.49631 0.05284
55446.82569 19.45063 0.04842
55446.83186 19.45057 0.04965
55446.83803 19.56011 0.05572
55446.84316 19.40871 0.04506
55446.84946 19.46321 0.05151
55446.85529 19.47581 0.06447
55446.86132 19.41565 0.0566
55446.86741 19.29395 0.07345
55446.87321 19.43931 0.04684
55446.87945 19.46303 0.04631
55446.88583 19.54357 0.0482
55446.89176 19.40062 0.04647
55446.89901 19.43052 0.05553
55446.90569 19.54061 0.0549
55446.91293 19.43469 0.04714
55446.91958 19.46303 0.04941
55446.92538 19.58977 0.05104
55446.93113 19.44481 0.04579
55446.93686 19.4558 0.04974
55446.94237 19.51738 0.05194
55446.94842 19.50372 0.05031
55446.95451 19.47291 0.04761
55446.96034 19.47021 0.04765
55446.96641 19.44048 0.04761
55446.97287 19.42809 0.04903
55446.97827 19.61428 0.04899
55446.98464 19.51932 0.04876
55446.99026 19.49536 0.04543
55446.99646 19.41727 0.04388
55447.00329 19.51212 0.05391
55447.02248 19.61703 0.08538
55448.00377 19.41689 0.0455
55448.65527 19.76463 0.09902
55448.70146 19.68623 0.0798
55449.82958 19.47856 0.05442
55449.87259 19.42406 0.05283
55450.82585 19.5797 0.05762
55450.86998 19.41512 0.04521
55451.65338 19.37748 0.07716
55451.70095 19.60295 0.07074
55452.64792 19.55188 0.091
55452.69243 19.67817 0.07186
55453.64519 19.43345 0.07387
55453.6895 19.59019 0.07098
55454.64058 19.40191 0.09802
55454.68793 19.38291 0.07494
55455.63923 19.35938 0.08715
55455.7154 19.41259 0.07029
55456.63346 19.37975 0.10782
55456.67702 19.37183 0.06968
55457.63067 19.53734 0.11068
55457.6732 19.65472 0.08586
55458.66069 19.46461 0.08807
55458.7057 19.67193 0.0863
55460.63624 19.88396 0.12338
55460.72453 19.56792 0.08877
55461.62523 19.49307 0.1231
55461.67649 19.28478 0.11118
55462.76573 19.86405 0.13428
55462.80848 19.47665 0.13168
55463.71104 19.85676 0.18257
55466.61784 19.53377 0.0928
55466.61959 19.63507 0.08709
55466.62134 19.45 0.08919
55466.6231 19.64307 0.07593
55466.62486 19.63331 0.08271
55466.62661 19.80908 0.09037
55466.62943 19.79803 0.0903
55466.63143 19.58022 0.08137
55466.63348 19.56253 0.08908
55466.67604 19.55498 0.12256
55467.62749 19.68428 0.09343
55468.7394 19.56631 0.0673
55468.78277 19.54465 0.07385
55469.73472 19.60375 0.0928
55470.77885 19.72071 0.12287
55470.82246 19.44499 0.06051
55471.77466 19.51288 0.05288
55471.82993 19.66791 0.09495
55472.62548 19.56707 0.07286
55472.66936 19.54622 0.05963
55473.62096 19.49779 0.09747
55477.66775 19.536 0.06177
55477.71276 19.53525 0.06143
55478.62384 19.57191 0.08287
55478.66775 19.52468 0.06259
55479.61565 19.516 0.07167
55479.65968 19.53819 0.06378
55480.61506 19.47492 0.07583
55480.65805 19.54794 0.0674
55481.61182 19.41069 0.06917
55481.69382 19.48055 0.05588
55482.61769 19.6018 0.07609
55482.66188 19.48413 0.05699
55482.67843 19.46014 0.0607
55483.61039 19.55924 0.0827
55483.66512 19.56922 0.0636
55484.66377 19.58439 0.07043
55484.70695 19.64401 0.06564
55485.61939 19.46112 0.0773
55485.66329 19.54947 0.07279
55486.61418 19.36482 0.08815
55497.84041 19.66445 0.09888
55498.71756 19.55427 0.05985
55498.79 19.38643 0.06581
55499.59404 19.64218 0.07003
55499.63881 19.5482 0.06052
55501.66259 19.76714 0.07243
55501.75706 19.65181 0.06521
55502.72145 19.65073 0.06718
55502.82148 19.75828 0.07738
55503.77762 19.69386 0.06924
55503.8732 19.57986 0.07149
55504.82418 19.50237 0.0642
55504.91868 19.85637 0.08749
55506.68972 19.55706 0.06798
55506.73387 19.49397 0.05484
55507.81368 19.54865 0.06289
55507.89267 19.73407 0.08269
55513.658 19.6446 0.06417
55513.7418 19.5872 0.06409
55514.69377 19.80293 0.08776
55514.73749 19.65142 0.07807
55515.69951 19.46712 0.06793
55515.74236 19.4687 0.07578
55516.67238 19.69239 0.09646
55516.71654 19.7895 0.10205
55517.61497 19.82178 0.09697
55517.6584 19.80409 0.09347
55518.61481 19.42443 0.09326
55518.6578 19.90624 0.14466
55527.74242 19.83267 0.09006
55530.70615 19.83797 0.08631
55530.75072 19.95732 0.09936
55531.77418 19.85248 0.10276
55531.81743 19.85765 0.12819
55532.78408 19.57911 0.0565
55532.82836 19.37314 0.07688
55535.68432 19.41017 0.05854
55537.58157 19.77578 0.11629
55537.62557 19.61427 0.07081
55538.57995 19.66548 0.07269
55538.62381 19.54888 0.05497
55539.58012 19.66542 0.07391
55539.62283 19.73806 0.06664
55540.61811 19.5358 0.05907
55540.66215 19.46344 0.05905
55541.61644 19.72082 0.07851
55541.65945 19.8631 0.09963
55544.59603 19.68537 0.08363
55544.64191 19.63661 0.07054
55545.59598 19.71334 0.10027
55545.63939 19.81342 0.09299
55558.69892 19.59924 0.15146
55558.75663 19.56644 0.06808
55559.7264 19.6281 0.11788
55561.73304 19.82472 0.08709
55561.77682 19.74567 0.10381
55567.59621 19.69072 0.08249
55575.595 19.86723 0.20824
55575.6386 19.68491 0.10927
55577.63849 19.5434 0.14077
55579.61368 19.50433 0.07927
55579.65687 19.72176 0.10656
55580.66998 19.56152 0.09986
55580.71648 19.56025 0.12537
55583.61703 19.65741 0.06391
55583.66119 19.62278 0.08377
55584.63985 19.65291 0.07108
55584.68286 19.80646 0.09247
55586.61685 19.59532 0.06446
55586.66038 19.74874 0.08045
55588.66264 19.84371 0.13601
55588.70647 19.95749 0.17139
55722.89872 19.72523 0.08847
55723.91976 19.8696 0.09507
55723.9634 19.65371 0.08876
55733.86776 19.86489 0.11866
55733.91212 19.62252 0.08536
55750.83279 19.79334 0.09848
55750.87598 19.64429 0.07639
55753.86132 19.98031 0.11579
55756.88391 19.46934 0.1295
55756.93392 19.92612 0.16847
55759.84878 19.56767 0.10687
55759.89212 19.51139 0.08569
55762.79606 19.56828 0.1072
55762.8402 19.70183 0.10446
55766.7805 19.94563 0.11176
55766.83041 19.41308 0.0779
55768.77509 19.87025 0.11148
55768.82037 19.78076 0.09339
55769.80074 19.74569 0.08366
55769.84468 19.636 0.06299
55770.78189 19.50702 0.07467
55770.82573 19.68579 0.07663
55771.78074 19.63072 0.07599
55771.82449 19.73322 0.06779
55774.75968 19.56644 0.08431
55774.80363 19.65421 0.06898
55775.7599 19.53858 0.09483
55775.80332 19.88756 0.11527
55779.7464 19.99719 0.11987
55779.79086 19.60783 0.07059
55780.74948 19.71471 0.10308
55780.79415 19.63404 0.0739
55782.7508 19.79614 0.11609
55782.7956 19.51383 0.08437
55783.7573 20.01204 0.1479
55783.80103 19.81874 0.1085
55784.74207 19.43736 0.14755
55789.78039 19.96031 0.12907
55790.73125 19.38076 0.12317
55790.77463 19.82519 0.12395
55791.73123 19.58792 0.12028
55791.77527 19.56788 0.12197
55793.74743 19.49643 0.09471
55793.79097 19.56539 0.09909
55794.75972 19.61364 0.07646
55794.81629 19.85545 0.10056
55809.66644 19.41004 0.13624
55809.7101 19.32235 0.08855
55811.66044 19.71609 0.12635
55811.7042 19.83859 0.11866
55812.65876 19.60767 0.1231
55812.70198 19.27917 0.10457
55813.66257 19.73886 0.14601
55813.70671 19.64554 0.09779
55820.63925 19.65465 0.09932
55820.68324 19.23237 0.16429
55821.63464 19.38381 0.08183
55822.63132 19.46124 0.08973
55822.67415 19.70083 0.07876
55823.62908 19.6373 0.09928
55823.67275 19.54686 0.07329
55824.62608 19.40594 0.093
55824.6697 19.5533 0.07347
55838.61464 19.65313 0.10359
55838.65944 19.73689 0.10589
55842.61856 19.63914 0.16806
55842.66208 19.48474 0.10727
55843.61073 19.55855 0.16287
55843.65444 19.29389 0.11639
55844.65374 19.55847 0.13646
55849.60547 19.58669 0.07836
55849.65079 19.47857 0.12627
55850.60468 19.71024 0.08588
55850.64918 19.45035 0.08947
55851.60318 19.5888 0.07366
55851.64641 19.61453 0.06551
55852.60416 19.60426 0.08428
55852.6481 19.62086 0.06938
55853.60163 19.52247 0.08077
55853.6463 19.60663 0.07022
55854.60164 19.73018 0.11398
55854.64607 19.67018 0.07091
55866.5884 19.52004 0.09706
55866.64679 19.64718 0.08077
55867.58757 19.59371 0.11908
55867.63053 19.8064 0.10106
55868.5865 19.62675 0.10059
55868.63002 19.59967 0.09217
55880.87841 19.66708 0.13587
55880.92255 19.79343 0.11059
55882.86968 19.6158 0.08715
55882.87146 19.48285 0.07341
55882.91495 19.63432 0.0884
55883.86679 19.68486 0.08807
55883.91496 19.43447 0.11369
55887.63181 19.48032 0.07059
55887.68352 19.58997 0.07282
55888.8957 19.54305 0.13713
55889.80049 19.54849 0.06608
55889.84447 19.61762 0.06619
55891.57974 19.67865 0.07828
55891.6225 19.68205 0.07188
55893.58261 19.5558 0.07759
55893.62546 19.60382 0.07527
55894.58144 19.63565 0.08534
55894.62473 19.47527 0.14749
55896.58202 19.79964 0.10508
55898.82137 19.96362 0.13766
55898.86551 19.69955 0.11466
55899.80997 19.59486 0.13803
55902.58519 19.82178 0.14124
55903.62024 19.77293 0.11952
55904.58683 19.57218 0.1239
55906.58378 19.71882 0.11269
55906.64029 19.33665 0.09776
55916.59575 19.6824 0.08752
55916.64026 19.45992 0.0675
55922.6423 19.56536 0.06687
55923.59751 19.55353 0.08048
55923.64145 19.43226 0.06747
55924.60837 19.53922 0.06758
55925.59941 19.42768 0.10799
55925.67897 19.51275 0.0687
55926.58279 19.64186 0.08067
55926.62543 19.53404 0.06911
55930.58585 19.58349 0.14919
55930.62499 19.52137 0.09584
55931.58458 19.37287 0.10282
55931.62692 19.8251 0.12441
55932.62858 19.57003 0.10145
55936.60917 19.79336 0.11444
55936.65247 19.50229 0.11402
55937.58951 19.64375 0.10107
55939.64879 19.65802 0.08368
55939.6851 19.56227 0.08123
55940.59145 19.96763 0.13899
55940.64013 19.96475 0.1389
55941.59048 19.74478 0.17286
55943.69972 19.52376 0.07359
55943.74446 19.7792 0.08648
55944.64379 19.5975 0.06851
55944.67224 19.63531 0.0692
55947.59349 19.64003 0.0809
55947.63713 19.74141 0.1045
55949.64923 19.72387 0.0886
55952.60617 19.54285 0.07422
55952.64932 19.41305 0.09209
55953.59751 19.64258 0.09177
55953.64127 19.53165 0.07399
55954.64157 19.94203 0.1203
55958.61566 19.39578 0.08772
55958.67117 19.46041 0.09541
55960.60205 19.42539 0.12625
55960.64497 19.93931 0.1627
55962.61935 19.46827 0.0921
55962.69096 19.76421 0.14509
56060.97134 19.57248 0.10878
56061.96903 19.17354 0.09573
56063.96519 19.49687 0.12371
56065.96588 19.10206 0.11028
56066.96916 19.19316 0.08902
56067.96802 19.26704 0.07579
56068.98301 19.33921 0.18833
56070.97101 19.58732 0.11822
56075.93073 19.46602 0.09541
56075.96117 19.48076 0.08159
56076.96161 19.33459 0.07689
56077.97941 19.23114 0.12658
56078.92335 19.40968 0.09259
56078.95394 19.41228 0.08972
56079.91957 19.20355 0.11069
56079.94994 19.40316 0.072
56079.97946 19.67926 0.16836
56081.9528 19.33178 0.15307
56084.95914 19.52179 0.10132
56085.9361 19.47347 0.16299
56085.9661 19.55962 0.11697
56086.90079 19.42888 0.10909
56086.9317 19.41135 0.09829
56086.96186 19.33574 0.08829
56087.95118 19.63007 0.09521
56088.93216 19.52297 0.08819
56088.96298 19.35322 0.07952
56089.90743 19.22689 0.10338
56089.9375 19.36988 0.08809
56090.89626 19.4518 0.12179
56091.93224 19.49397 0.10347
56091.96189 19.36801 0.07858
56092.88532 19.39877 0.08071
56092.91513 19.32568 0.0719
56092.94551 19.34481 0.07419
56093.91605 19.29061 0.07671
56093.95942 19.42671 0.06897
56094.8793 19.34399 0.10032
56094.90895 19.48787 0.08232
56094.93794 19.4464 0.077
56095.89413 19.18993 0.09189
56095.92394 19.70575 0.0912
56095.95378 19.45004 0.07192
56096.8846 19.47325 0.08279
56096.91464 19.29175 0.07062
56096.94475 19.36735 0.06601
56097.90204 19.32969 0.07199
56099.86796 19.16397 0.06641
56099.8979 19.22077 0.05901
56099.92867 19.34922 0.05852
56100.87134 19.47949 0.09018
56100.9014 19.50144 0.07878
56100.93113 19.39946 0.07338
56101.86099 19.37859 0.09433
56101.89166 19.30195 0.09219
56101.92164 19.35824 0.06819
56102.85884 19.42964 0.08118
56102.88948 19.41334 0.0688
56102.91975 19.26855 0.05966
56103.85688 19.37026 0.11027
56103.89198 19.37899 0.08075
56103.92203 19.39499 0.07767
56104.86298 19.43996 0.08258
56104.89266 19.42914 0.07465
56104.92258 19.43298 0.06678
56105.87772 19.33745 0.0708
56105.90846 19.45757 0.07357
56105.93782 19.37297 0.0714
56106.84826 19.37131 0.0761
56106.87859 19.42452 0.07306
56106.90907 19.35382 0.05701
56107.84497 19.32427 0.11055
56107.87579 19.29813 0.06878
56107.90655 19.28075 0.0628
56108.86703 19.14243 0.09607
56108.89669 19.41873 0.08279
56108.92686 19.30581 0.06209
56109.93363 19.29376 0.0713
56110.86774 19.6659 0.15646
56110.89782 19.33582 0.10875
56110.92786 19.35778 0.08137
56111.86949 19.41702 0.12563
56111.91431 19.34533 0.10378
56111.94457 19.25687 0.11696
56113.93235 19.39556 0.10276
56113.96218 19.448 0.09117
56114.87108 19.27169 0.13068
56114.92357 19.24866 0.09923
56114.95378 19.58096 0.09128
56115.85803 19.37006 0.11398
56115.88797 19.4045 0.08501
56115.9179 19.18986 0.09558
56116.90131 19.38251 0.09389
56116.93261 19.55331 0.08841
56116.96078 19.25004 0.08049
56117.86349 19.37502 0.09681
56117.89333 19.29915 0.0824
56117.92405 19.40701 0.07533
56118.82762 19.71509 0.1295
56118.85812 19.66438 0.10233
56118.8884 19.30874 0.08795
56119.81535 19.38826 0.10824
56119.84536 19.42607 0.11936
56120.95573 19.48958 0.12456
56123.80269 19.34736 0.08209
56123.8333 19.43464 0.09125
56123.86323 19.27926 0.05705
56124.8239 19.39698 0.07421
56124.85579 19.25185 0.08531
56124.90647 19.50327 0.07499
56125.83541 19.5024 0.07427
56125.8655 19.35389 0.06658
56125.89611 19.15912 0.05018
56126.79674 19.21518 0.07907
56126.82683 19.42784 0.0771
56126.85662 19.40012 0.12149
56127.84219 19.31824 0.07465
56127.87262 19.32454 0.06267
56128.79045 19.51542 0.09198
56128.8202 19.1859 0.0769
56128.8509 19.25938 0.0593
56129.81763 19.34908 0.07888
56129.84839 19.4083 0.06961
56130.78415 19.27277 0.09255
56130.81619 19.33079 0.07675
56130.84603 19.46412 0.07563
56131.81956 19.41996 0.07639
56131.84966 19.33684 0.06623
56131.87991 19.2759 0.05518
56132.81342 19.31487 0.06698
56132.85526 19.53974 0.06707
56133.77702 19.42316 0.10487
56133.80732 19.22815 0.06001
56133.83817 19.30366 0.06359
56135.77548 19.3533 0.07978
56135.80558 19.3762 0.07319
56135.8357 19.34248 0.0439
56136.78168 19.37753 0.08466
56136.81139 19.25028 0.07498
56136.84105 19.418 0.06818
56137.77719 19.29223 0.10072
56137.84943 19.72499 0.105
56138.79423 19.38971 0.13424
56143.75013 19.27934 0.12422
56143.81202 19.66821 0.11026
56144.79078 19.20227 0.08289
56144.82138 19.56912 0.0895
56145.74531 19.63883 0.15959
56145.77477 19.66984 0.12651
56145.80436 19.22113 0.10148
56146.77217 19.46382 0.12877
56146.83591 19.40775 0.0888
56147.75046 19.43446 0.09088
56147.78019 19.28517 0.08493
56147.81614 19.3604 0.08598
56148.73743 19.09265 0.07135
56148.76798 19.21877 0.0641
56148.79928 19.352 0.07542
56151.84315 19.31517 0.04428
56151.87618 19.2862 0.04503
56151.91621 19.26657 0.04428
56164.86055 19.30502 0.04352
56164.89061 19.3596 0.04337
56164.92052 19.25689 0.03826
56165.82275 19.36736 0.05569
56165.85221 19.28952 0.04551
56165.88255 19.33223 0.04054
56166.78411 19.42319 0.0676
56166.82415 19.20951 0.05408
56166.85436 19.36329 0.05268
56167.76082 19.23957 0.0648
56167.79008 19.32741 0.0699
56167.82893 19.21726 0.0555
56168.73084 19.29844 0.08352
56168.76135 19.29374 0.07874
56168.79094 19.28691 0.06586
56169.70528 19.16338 0.1218
56169.78208 19.25971 0.09143
56170.70609 18.99718 0.12718
56170.73648 19.2157 0.09802
56170.76821 19.50293 0.11657
56176.66101 19.44235 0.12411
56176.74473 19.25591 0.07466
56176.77537 19.44961 0.07708
56177.67775 19.28258 0.05552
56177.71467 19.28152 0.05043
56177.7448 19.23709 0.04784
56178.65701 19.37498 0.08132
56178.7245 19.28418 0.05517
56178.75548 19.34603 0.05004
56189.71737 19.42146 0.06947
56189.74707 19.30944 0.05729
56194.65274 19.41062 0.08429
56194.68156 19.3123 0.07378
56194.73072 19.27083 0.06218
56195.63238 19.42902 0.1164
56195.68489 19.38581 0.08278
56195.74387 19.29391 0.07159
56196.64868 19.39287 0.07632
56196.67925 19.18252 0.09357
56196.70945 19.35457 0.07836
56197.62224 19.46745 0.1214
56197.65122 19.3897 0.11688
56197.68048 19.58309 0.10426
56198.63271 18.96481 0.11386
56198.66294 19.20016 0.11727
56198.69225 19.41126 0.10269
56202.61563 19.50738 0.1198
56202.64754 19.53345 0.16869
56202.70169 19.23142 0.09428
56207.71676 19.45809 0.08641
56207.82773 19.36674 0.11185
56224.66207 19.22172 0.06709
56224.69182 19.28748 0.08082
56225.74851 19.38087 0.07537
56225.84088 19.39738 0.07708
56226.79663 19.70271 0.15034
56227.72154 19.12768 0.09334
56227.75148 19.42818 0.11395
56228.67316 19.55078 0.1008
56228.71 19.11322 0.07643
56229.61202 19.34686 0.10148
56229.68338 19.23639 0.09061
56230.64599 19.33524 0.10905
56230.73676 19.34438 0.10037
56231.86041 19.30068 0.10125
56232.82116 19.21542 0.06953
56233.75399 19.32401 0.07297
56233.78371 19.36156 0.10529
56234.68453 19.15828 0.05867
56234.71313 19.38184 0.06788
56235.61461 19.24265 0.06081
56235.64419 19.12821 0.0506
56236.58514 19.36987 0.08719
56236.61561 19.3506 0.06187
56237.58477 19.29615 0.06459
56237.61509 19.1709 0.05222
56238.58334 19.20408 0.06479
56238.61531 19.35426 0.0571
56239.58294 19.15855 0.06442
56239.61141 19.12195 0.05031
56251.83071 19.30494 0.05611
56251.86073 19.3744 0.05631
56252.58576 19.23256 0.05432
56252.60631 19.33356 0.05429
56252.62487 19.35284 0.05676
56252.64555 19.20968 0.0575
56252.66096 19.21659 0.05634
56252.69879 19.2171 0.05524
56252.71706 19.27213 0.05767
56252.73499 19.24788 0.05322
56252.75258 19.30626 0.0536
56252.76856 19.42932 0.05892
56252.78929 19.38017 0.0647
56252.80517 19.44947 0.06409
56252.821 19.24422 0.05746
56252.83831 19.25571 0.04928
56252.85634 19.17822 0.05148
56253.58621 19.28244 0.06706
56253.60335 19.30783 0.06498
56253.62054 19.12461 0.07109
56253.63682 19.2424 0.0601
56253.6539 19.32125 0.06338
56253.6721 19.2698 0.06259
56253.70902 19.30831 0.06848
56253.7307 19.25566 0.06377
56253.75003 19.41218 0.07653
56253.76637 19.25766 0.0758
56253.78832 19.28535 0.06736
56253.8078 19.33371 0.07257
56253.82956 19.3087 0.07068
56253.85372 19.25831 0.06762
56254.74613 19.13503 0.05623
56254.77889 19.41336 0.08088
56255.68248 19.40742 0.08409
56255.7252 19.34114 0.08076
56256.62657 19.23663 0.07838
56256.6557 19.3995 0.09007
56257.58763 19.34488 0.0962
56257.64219 19.34865 0.08351
56258.58614 19.2204 0.10202
56258.61848 19.29202 0.09028
56259.59443 19.02405 0.1132
56259.62495 19.44953 0.0974
56265.629 19.21944 0.04652
56265.6592 19.28694 0.06179
56266.58222 19.29885 0.08429
56267.58751 19.21908 0.05252
56267.61751 19.2461 0.04949
56268.59364 19.28238 0.04947
56268.62314 19.28003 0.04773
56269.58319 19.28657 0.05751
56269.58435 19.2654 0.04918
56269.58546 19.25435 0.0489
56269.58657 19.29816 0.05069
56269.58771 19.22219 0.04882
56269.58893 19.25038 0.04719
56269.59006 19.16944 0.04483
56269.59133 19.23512 0.04948
56269.59245 19.20756 0.0448
56269.59364 19.36647 0.04821
56269.59478 19.30809 0.04639
56269.596 19.31192 0.04519
56269.59713 19.32094 0.04868
56269.59843 19.28864 0.04533
56269.59956 19.29256 0.0468
56269.60977 19.25786 0.04799
56269.61093 19.26277 0.04256
56269.6121 19.30092 0.0469
56269.61321 19.3156 0.04633
56269.61434 19.34337 0.04989
56269.61547 19.12276 0.04549
56269.61659 19.18807 0.04702
56269.61773 19.27236 0.04481
56269.61884 19.21925 0.04558
56269.61995 19.31425 0.04802
56269.62115 19.30176 0.04496
56269.6223 19.23421 0.0449
56269.62343 19.2859 0.0469
56269.62457 19.32798 0.0455
56269.62569 19.23312 0.04461
56269.62688 19.268 0.04432
56269.628 19.14186 0.0425
56269.6375 19.27041 0.05032
56269.63881 19.22899 0.04354
56269.64001 19.25694 0.04711
56269.64114 19.1636 0.0408
56269.64226 19.21424 0.04491
56269.64337 19.27403 0.04362
56269.6445 19.19878 0.04265
56269.64562 19.29836 0.04542
56269.64675 19.2193 0.04245
56269.64789 19.17198 0.04314
56269.64905 19.2017 0.0434
56269.65017 19.22459 0.04081
56269.65129 19.14653 0.04282
56269.65247 19.18728 0.0438
56269.65359 19.25633 0.04303
56269.65473 19.25905 0.0441
56269.65585 19.19053 0.04052
56269.65698 19.18443 0.04192
56269.65819 19.21027 0.04198
56269.65932 19.20463 0.04093
56269.66055 19.25766 0.0447
56269.66167 19.28735 0.04204
56269.66279 19.22122 0.04592
56269.66393 19.21933 0.04241
56269.66595 19.26943 0.04446
56269.66717 19.28099 0.0469
56269.66829 19.23725 0.04251
56269.66952 19.26068 0.04213
56269.67064 19.20833 0.04172
56269.67184 19.22361 0.0407
56269.673 19.25175 0.04341
56269.67412 19.25167 0.0424
56269.67533 19.29688 0.04421
56269.67646 19.23638 0.04369
56269.6776 19.23843 0.04379
56269.67883 19.27829 0.04084
56269.67997 19.28469 0.04091
56269.6812 19.2165 0.04211
56269.68232 19.19326 0.04145
56269.68343 19.27844 0.04163
56269.68473 19.26047 0.04116
56269.68592 19.3663 0.04523
56269.68705 19.13031 0.04088
56269.68816 19.19173 0.04324
56269.68929 19.34752 0.04539
56269.69041 19.19433 0.03983
56269.69157 19.24466 0.04139
56269.69269 19.31048 0.04189
56269.69383 19.27432 0.04282
56269.69496 19.25835 0.04308
56269.69608 19.33099 0.04378
56269.69898 19.28636 0.04339
56269.70011 19.31769 0.04747
56269.70126 19.21357 0.03992
56269.70241 19.23532 0.04413
56269.70357 19.16325 0.04079
56269.70468 19.26422 0.04453
56269.70581 19.23172 0.0443
56269.70705 19.25758 0.04409
56269.70816 19.23991 0.0443
56269.70937 19.40561 0.04679
56269.7105 19.32853 0.04601
56269.71167 19.30416 0.04481
56269.7128 19.24829 0.04099
56269.71403 19.22201 0.04291
56269.71516 19.2686 0.04069
56269.7163 19.23041 0.0423
56269.72641 19.24387 0.04602
56269.72763 19.17731 0.04181
56269.72875 19.18501 0.04212
56269.72987 19.25525 0.04202
56269.731 19.2008 0.0428
56269.73213 19.23379 0.0451
56269.73326 19.1973 0.04394
56269.73438 19.21253 0.04371
56269.73557 19.23868 0.04401
56269.73682 19.1438 0.04233
56269.73796 19.23822 0.04459
56269.73911 19.22716 0.04661
56269.74036 19.24714 0.04471
56269.74147 19.22551 0.04386
56269.74272 19.29038 0.04643
56269.74391 19.25216 0.04412
56269.74502 19.22535 0.04341
56269.7462 19.15248 0.04267
56269.74734 19.23837 0.04401
56269.74846 19.20058 0.04271
56269.74961 19.23381 0.04459
56269.75074 19.19314 0.04319
56269.75201 19.2585 0.04559
56269.75316 19.24642 0.04511
56269.75429 19.22112 0.04533
56269.75553 19.1856 0.04399
56269.75665 19.26292 0.04268
56269.75779 19.28091 0.04702
56269.75895 19.27065 0.04741
56269.76008 19.23961 0.04339
56269.76123 19.24682 0.04469
56269.76235 19.22768 0.04599
56269.76348 19.24943 0.0468
56269.76459 19.24459 0.04501
56269.76573 19.20152 0.04518
56269.78036 19.27667 0.05124
56269.78151 19.26756 0.05051
56269.78271 19.23478 0.04999
56269.78391 19.36014 0.05128
56269.78511 19.20377 0.04542
56269.78751 19.27331 0.04661
56269.78876 19.35759 0.05008
56269.78989 19.239 0.04919
56269.79108 19.32019 0.04952
56269.79227 19.43484 0.0573
56269.79356 19.18137 0.04698
56269.79478 19.31176 0.0455
56269.7959 19.1922 0.04679
56269.79701 19.25638 0.04939
56269.79816 19.30457 0.0483
56269.79928 19.0869 0.0448
56269.80041 19.26121 0.04938
56269.80156 19.26587 0.05048
56269.80276 19.20894 0.04521
56269.80404 19.19126 0.0473
56269.80517 19.20133 0.04689
56269.80638 19.19634 0.04877
56269.80752 19.27464 0.04924
56269.80866 19.38132 0.05561
56270.57931 19.2428 0.05514
56270.58058 19.2127 0.04725
56270.58188 19.27359 0.04666
56270.58305 19.26848 0.04802
56270.58429 19.23769 0.04691
56270.58556 19.27545 0.04721
56270.58671 19.24663 0.04746
56270.58798 19.2159 0.04572
56270.58926 19.22283 0.04272
56270.59051 19.17478 0.04444
56270.59176 19.28729 0.04459
56270.59301 19.2159 0.0404
56270.59588 19.14121 0.04125
56270.59719 19.13636 0.04048
56270.59846 19.23679 0.04319
56270.59973 19.28727 0.04127
56270.60101 19.25638 0.04335
56270.60229 19.19593 0.04104
56270.60361 19.25596 0.04406
56270.60484 19.28545 0.04422
56270.60617 19.15601 0.03955
56270.60733 19.2076 0.04044
56270.60868 19.17323 0.04093
56270.60993 19.21829 0.04253
56270.61121 19.2508 0.04186
56270.61244 19.21663 0.04237
56270.61368 19.32123 0.04631
56270.61481 19.22825 0.04345
56270.61593 19.20959 0.04098
56270.61713 19.22816 0.04417
56270.61835 19.24396 0.04038
56270.61963 19.25734 0.03966
56270.62082 19.18363 0.04143
56270.62212 19.22159 0.04207
56270.62324 19.27153 0.04208
56270.62438 19.27061 0.04103
56270.6255 19.23193 0.04262
56270.62668 19.27326 0.04415
56270.62781 19.25364 0.0443
56270.62895 19.25302 0.04266
56270.63017 19.2719 0.04313
56270.6313 19.16099 0.04086
56270.63259 19.24773 0.04121
56270.63372 19.22882 0.03965
56270.63484 19.27397 0.04215
56270.64581 19.2211 0.04688
56270.64713 19.21443 0.04126
56270.64825 19.25644 0.04097
56270.6495 19.19062 0.03939
56270.65082 19.31218 0.04076
56270.65222 19.12562 0.03887
56270.65336 19.28171 0.04252
56270.6545 19.18297 0.04088
56270.65562 19.18348 0.04018
56270.65697 19.27423 0.04323
56270.65832 19.18498 0.0402
56270.65959 19.16671 0.04057
56270.66092 19.32587 0.04324
56270.66217 19.19864 0.04223
56270.66351 19.22285 0.0378
56270.66477 19.24836 0.04318
56270.67891 19.21177 0.04751
56270.68008 19.21728 0.04283
56270.68122 19.27958 0.04316
56270.68243 19.29905 0.04189
56270.68382 19.25922 0.04251
56270.68508 19.23067 0.0405
56270.68653 19.29814 0.04205
56270.68784 19.20755 0.039
56270.68912 19.22699 0.03875
56270.69114 19.26534 0.04186
56270.69232 19.18066 0.03909
56270.69365 19.25227 0.04236
56270.6948 19.19093 0.03858
56270.69617 19.12478 0.03958
56270.69746 19.27962 0.04058
56270.6986 19.28352 0.04454
56270.6999 19.23176 0.0409
56270.70121 19.25716 0.04335
56270.70235 19.2991 0.04404
56270.70349 19.17798 0.04045
56270.70482 19.16693 0.04035
56270.70613 19.28025 0.04064
56270.70726 19.2555 0.03996
56270.7086 19.27933 0.04435
56270.70972 19.27266 0.04275
56270.71103 19.28821 0.04256
56270.71235 19.28782 0.04141
56270.71347 19.33146 0.04304
56270.71481 19.33818 0.04452
56270.71608 19.13784 0.04176
56270.71722 19.24776 0.04078
56270.71853 19.21628 0.04055
56270.71967 19.20694 0.04101
56270.72098 19.23847 0.04123
56270.72302 19.22947 0.04348
56270.72439 19.21019 0.04177
56270.72553 19.22814 0.04342
56270.72665 19.18705 0.04004
56270.72793 19.25353 0.04331
56270.72927 19.22425 0.04305
56270.73043 19.16798 0.04184
56270.73161 19.31158 0.04474
56270.73292 19.25827 0.04295
56270.73506 19.22962 0.04166
56270.73622 19.29751 0.04141
56270.73753 19.27684 0.04553
56270.73887 19.19918 0.04255
56270.74001 19.2638 0.04428
56270.74126 19.21159 0.04147
56270.7424 19.19617 0.04167
56270.74369 19.25147 0.04376
56270.74498 19.23845 0.04335
56270.74609 19.31404 0.04665
56270.74744 19.25232 0.04427
56270.7486 19.25485 0.04477
56270.74995 19.2811 0.04567
56270.75121 19.19135 0.04212
56270.75241 19.28899 0.04491
56270.75372 19.32963 0.04464
56270.75502 19.2982 0.04123
56270.75706 19.21063 0.04576
56270.75826 19.29261 0.04439
56270.75948 19.20314 0.04414
56270.76078 19.27573 0.04636
56270.76208 19.25729 0.04671
56270.77223 19.23136 0.04781
56270.77464 19.24338 0.04392
56270.77775 19.31657 0.04965
56270.77887 19.22895 0.04706
56270.78012 19.1726 0.04334
56270.78147 19.21251 0.0501
56270.78273 19.23967 0.04771
56270.784 19.28745 0.04806
56270.78526 19.27867 0.04968
56270.78661 19.31736 0.05257
56270.78776 19.24974 0.04914
56270.7891 19.26435 0.05139
56270.79021 19.29123 0.05263
56270.79151 19.33823 0.05372
56270.7928 19.3228 0.05324
56270.79391 19.3521 0.05114
56270.79508 19.24293 0.04875
56270.79619 19.20893 0.04805
56270.7975 19.2721 0.05101
56270.79862 19.29452 0.05111
56270.79991 19.27949 0.04944
56270.80111 19.37362 0.05502
56270.80249 19.1873 0.04712
56270.80509 19.2361 0.05035
56270.80715 19.32925 0.05044
56270.80837 19.24266 0.05207
56270.80963 19.3067 0.04942
56271.71236 19.44373 0.06264
56271.74462 19.2151 0.05612
56272.64495 19.29879 0.05308
56272.7082 19.28124 0.05532
56273.60993 19.34321 0.05477
56273.63946 19.27018 0.05528
56281.61668 19.39857 0.07974
56282.58095 19.28037 0.0613
56282.61036 19.18452 0.06299
56282.62819 19.3025 0.0622
56297.58897 19.34403 0.05466
56297.59019 19.2723 0.05033
56297.5937 19.17403 0.04429
56297.59722 19.31834 0.05229
56297.59904 19.25731 0.04761
56297.60164 19.28623 0.04753
56297.60284 19.20882 0.04431
56297.6053 19.20154 0.04512
56297.61734 19.29887 0.05522
56297.61965 19.26249 0.04978
56297.62198 19.31791 0.05121
56297.62474 19.23157 0.04641
56297.62597 19.2991 0.04679
56297.62818 19.25905 0.04978
56297.63051 19.28606 0.05139
56297.63246 19.20932 0.0495
56297.6337 19.18264 0.04931
56297.63597 19.31707 0.0553
56297.63722 19.26355 0.04845
56297.63944 19.38403 0.05391
56297.64162 19.29681 0.05225
56297.64281 19.36471 0.05541
56297.64393 19.29556 0.04938
56297.64612 19.22856 0.05009
56297.64742 19.23888 0.05033
56297.64964 19.32577 0.0471
56297.65084 19.16964 0.04909
56297.65434 19.29226 0.05179
56297.65811 19.23522 0.04823
56297.65988 19.3467 0.0493
56297.66121 19.29576 0.05113
56297.66483 19.26687 0.05249
56297.66714 19.21095 0.04948
56297.67315 19.27329 0.04961
56297.67547 19.28654 0.05311
56297.67675 19.33493 0.05401
56297.67954 19.25346 0.05251
56297.68076 19.30577 0.0513
56297.6819 19.15281 0.04792
56297.68325 19.23593 0.04589
56297.68541 19.32946 0.05098
56297.68786 19.33085 0.05371
56297.69171 19.27308 0.05359
56297.69635 19.30789 0.04671
56297.69767 19.35572 0.04863
56297.70113 19.3242 0.05231
56297.70743 19.28576 0.051
56297.71084 19.18738 0.05019
56297.71401 19.21792 0.05103
56297.71668 19.21647 0.05589
56297.7179 19.24168 0.05469
56297.72049 19.26482 0.05378
56297.72327 19.1853 0.05881
56297.72448 19.30614 0.05353
56297.72584 19.22785 0.04883
56297.72772 19.24089 0.05729
56297.72894 19.24514 0.0517
56297.74317 19.35277 0.06289
56297.74683 19.35983 0.06262
56297.74996 19.27146 0.05517
56297.75123 19.27873 0.0542
56297.75493 19.29519 0.05689
56297.75709 19.27741 0.05802
56297.7583 19.30546 0.06378
56297.76047 19.27874 0.0576
56297.76167 19.26165 0.06376
56297.76388 19.20802 0.05479
56297.76506 19.18764 0.05678
56297.76834 19.26162 0.05669
56297.77069 19.35999 0.06609
56297.77185 19.199 0.06039
56297.77383 19.22723 0.05968
56297.79199 19.15941 0.07201
56297.79318 19.27179 0.07148
56297.79645 19.53678 0.07388
56297.79838 19.5208 0.08338
56297.79953 19.25906 0.07521
56297.80077 19.38058 0.0762
56297.80192 19.42939 0.08438
56297.80312 19.53655 0.08109
56297.80437 19.4429 0.08471
56297.80564 19.19454 0.0714
56297.80864 19.27554 0.0766
56298.58895 19.41442 0.07371
56298.59013 19.1818 0.06216
56298.59235 19.27575 0.10201
56298.59354 19.27765 0.0885
56298.59724 19.1906 0.08095
56298.59842 19.38742 0.08521
56298.60089 19.27354 0.08684
56298.6021 19.54661 0.08747
56298.60332 19.29006 0.08059
56298.60466 19.24473 0.08291
56298.60701 19.22375 0.09495
56298.60823 19.36594 0.08892
56298.61034 19.19046 0.08714
56298.61272 19.22519 0.07679
56298.61595 19.33694 0.05992
56298.61811 19.23994 0.05493
56298.62047 19.2755 0.06008
56298.62171 19.2391 0.07729
56298.62426 19.2121 0.05419
56298.62643 19.30782 0.06708
56298.62762 19.44773 0.09151
56298.63098 19.302 0.06968
56298.63219 19.27009 0.05986
56298.63473 19.31688 0.06403
56298.63687 19.31924 0.06561
56298.63807 19.332 0.06846
56298.63935 19.30763 0.07305
56298.64364 19.25455 0.05205
56298.64578 19.26485 0.05451
56298.64695 19.13712 0.06064
56298.6481 19.22163 0.05496
56298.65082 19.21268 0.06089
56298.65294 19.26635 0.05308
56298.65509 19.25634 0.04804
56298.65745 19.17991 0.06692
56298.65865 19.30547 0.04918
56298.66081 19.25928 0.05427
56298.66198 19.22659 0.0468
56298.66411 19.19778 0.05053
56298.66639 19.20374 0.04853
56298.6699 19.32385 0.05019
56298.68256 19.19649 0.05644
56298.68492 19.30964 0.06894
56298.68729 19.38507 0.09325
56298.68852 19.39779 0.0931
56298.6908 19.63054 0.14322
56301.59099 19.1735 0.05146
56302.5927 19.53516 0.15965
56302.62153 19.23259 0.06677
56305.59416 19.29605 0.05242
56305.62276 19.21201 0.04819
56307.63151 19.32497 0.06581
56308.60019 19.30709 0.0661
56308.63015 19.56735 0.08328
56310.60466 19.37254 0.07182
56310.63503 19.37566 0.07011
56311.59823 19.31835 0.06279
56311.62777 19.40504 0.07457
56313.60478 19.24261 0.06928
56313.63593 19.31681 0.0701
56314.61498 19.44024 0.075
56314.64504 19.37628 0.09973
56322.60046 19.42317 0.07621
56322.63022 19.35113 0.06525
56323.59943 19.28486 0.05709
56323.60059 19.30589 0.05749
56323.60172 19.26 0.0611
56323.60284 19.16778 0.05199
56323.60396 19.27214 0.05298
56323.60508 19.23539 0.054
56323.60621 19.25893 0.0504
56323.60734 19.18938 0.05029
56323.60846 19.20437 0.05168
56323.60959 19.2723 0.05151
56323.61071 19.28006 0.05301
56323.61183 19.34354 0.05359
56323.61297 19.29864 0.05278
56323.61409 19.34644 0.05517
56323.61521 19.28999 0.0558
56323.61635 19.32011 0.0548
56323.61747 19.19079 0.04912
56323.61859 19.33473 0.05468
56323.61971 19.26807 0.05268
56323.62085 19.14652 0.0482
56323.62197 19.23807 0.0523
56323.62309 19.23084 0.05097
56323.62423 19.32298 0.05567
56323.62535 19.29078 0.05277
56323.62647 19.24428 0.05368
56323.62759 19.18063 0.05539
56323.62872 19.33848 0.05748
56323.62985 19.31936 0.0542
56323.63097 19.29663 0.0543
56323.6321 19.21939 0.05077
56323.63322 19.22007 0.05188
56323.63435 19.29202 0.05858
56323.63549 19.3184 0.05588
56323.63661 19.22181 0.05237
56323.63773 19.1924 0.05188
56323.63887 19.36175 0.05579
56323.63999 19.20345 0.05449
56323.64112 19.22742 0.04959
56323.64225 19.2656 0.05378
56323.64338 19.15944 0.0511
56323.6445 19.09647 0.0511
56323.64563 19.27499 0.05559
56323.64676 19.3083 0.05838
56323.64789 19.19358 0.05088
56323.64902 19.28427 0.06846
56323.65014 19.22221 0.05649
56323.65127 19.32053 0.05848
56323.6524 19.33723 0.05798
56323.65352 19.26545 0.05787
56323.65465 19.15666 0.05168
56323.65577 19.20662 0.05229
56323.65691 19.30825 0.05837
56323.65803 19.23459 0.05498
56323.65917 19.37586 0.05589
56323.66029 19.27322 0.06201
56323.66142 19.29892 0.06477
56323.66255 19.23154 0.06201
56323.66367 19.30209 0.06269
56323.6648 19.5037 0.07266
56323.66594 19.28308 0.0608
56323.66706 19.38643 0.0652
56323.66819 19.40229 0.07089
56323.66932 19.37016 0.07064
56323.67045 19.31634 0.06798
56323.67158 19.42946 0.06379
56323.67271 19.28511 0.06707
56323.67384 19.18241 0.05908
56323.67496 19.47069 0.06711
56323.67613 19.37026 0.0685
56323.67725 19.33632 0.06541
56323.67838 19.42883 0.07087
56323.67951 19.22005 0.06199
56323.68065 19.32491 0.06489
56323.68177 19.45178 0.07148
56323.6829 19.35929 0.06738
56323.68402 19.29447 0.06598
56323.68516 19.62658 0.07738
56323.68628 19.27597 0.06448
56323.68742 19.34358 0.06572
56323.68855 19.26999 0.06508
56323.68967 19.36688 0.06787
56323.69081 19.26938 0.07047
56323.69194 19.36497 0.07138
56323.69306 19.42257 0.07489
56323.6942 19.53799 0.08182
56323.69532 19.28486 0.07141
56323.69644 19.46806 0.08846
56323.69758 19.48562 0.08421
56323.6987 19.44335 0.07704
56323.69982 19.59017 0.08291
56323.70094 19.36513 0.08517
56323.70208 19.34167 0.07912
56323.7032 19.42498 0.0818
56323.70434 19.36218 0.08093
56323.70546 19.53298 0.09408
56323.70659 19.37283 0.08567
56323.70772 19.48821 0.10951
56323.70887 19.5231 0.09501
56323.71001 19.52967 0.09644
56323.71114 19.38931 0.10121
56323.71226 19.6311 0.10939
56323.7134 19.56129 0.11541
56323.71453 19.57469 0.10465
56323.71565 19.45535 0.11465
56323.71791 19.54096 0.13199
56323.71905 19.652 0.13873
56323.72242 19.55817 0.13647
56323.72356 19.46346 0.12278
56323.72468 19.60004 0.15811
56323.72582 19.51608 0.13498
56323.72921 19.5596 0.13368
56323.73034 19.60559 0.12677
56323.73485 19.44798 0.17158
56324.6344 19.38184 0.06308
56324.67356 19.30066 0.05978
56328.60109 19.39501 0.06347
56328.63041 19.16471 0.04493
56329.6158 19.3531 0.08041
56330.60568 19.28963 0.05574
56330.63442 19.22927 0.06267
56336.60557 19.28147 0.07118
56336.6347 19.32606 0.08428
56337.61678 19.21345 0.05362
56337.646 19.25083 0.0589
56339.61462 19.51101 0.12818
56339.64973 19.39981 0.13481
56340.62168 19.14541 0.06602
56340.65261 19.53674 0.08203
56341.63432 19.22664 0.07204
56342.61542 19.39825 0.09717
56342.64414 19.56248 0.10604
56431.98143 19.32123 0.15062
56432.97832 19.35167 0.11906
56433.97522 19.29298 0.07539
56434.97306 19.6632 0.09726
56441.9545 19.23411 0.11255
56442.95121 19.16843 0.0748
56443.94843 19.32152 0.07497
56444.94545 19.52153 0.12453
56444.97977 19.26061 0.11402
56446.9404 19.34591 0.06979
56446.9746 19.39227 0.08048
56447.93827 19.30734 0.06124
56447.97245 19.52943 0.08549
56448.93551 19.32749 0.06099
56448.97043 19.40202 0.0716
56449.9322 19.3029 0.05689
56449.96744 19.36931 0.05628
56450.93056 19.33285 0.05591
56450.96471 19.44691 0.0669
56451.92757 19.33614 0.07589
56451.96268 19.48612 0.0668
56452.92487 19.25689 0.0565
56452.95905 19.29422 0.05138
56453.9223 19.39663 0.07171
56453.95718 19.65346 0.08122
56454.91904 19.2952 0.05979
56454.9531 19.30393 0.05499
56455.91706 19.09066 0.05556
56455.95123 19.26613 0.05011
56456.91361 19.49067 0.06597
56456.94859 19.33211 0.05519
56457.91086 19.43379 0.06268
56457.9457 19.39237 0.05941
56458.90893 19.46115 0.06154
56458.94334 19.39499 0.05436
56459.90596 19.39644 0.06048
56459.94092 19.39387 0.05499
56460.9034 19.23325 0.05614
56460.93791 19.34227 0.05268
56461.90107 19.24203 0.0554
56461.93811 19.48364 0.05638
56462.89824 19.36747 0.0681
56462.93439 19.44897 0.06771
56463.89576 19.54925 0.09809
56463.93218 19.22093 0.0505
56469.87982 19.35347 0.08699
56469.91685 19.24038 0.077
56471.87375 19.35748 0.09295
56471.91001 19.32785 0.07782
56473.90477 19.39311 0.11178
56475.86334 19.24953 0.09892
56475.9008 19.47234 0.08432
56476.86102 19.68027 0.10743
56476.89765 19.56002 0.11375
56477.85777 19.16929 0.1329
56485.83631 19.34818 0.06621
56486.83403 19.2909 0.05972
56486.87106 19.25741 0.05121
56488.83006 19.29992 0.07061
56488.86647 19.37635 0.05612
56489.82698 19.38683 0.07144
56489.86366 19.43076 0.05591
56491.8581 19.76059 0.11414
56498.83888 19.45972 0.10095
56502.79167 19.4729 0.07556
56502.82864 19.4084 0.07275
56503.78903 19.30395 0.05241
56503.82769 19.3913 0.05841
56504.82017 19.50368 0.07383
56504.86992 19.30571 0.0541
56504.90811 19.45351 0.05991
56505.81768 19.59366 0.07172
56505.9509 19.29488 0.05084
56505.98842 19.58468 0.08041
56506.89349 19.24481 0.06257
56507.80198 19.43258 0.0602
56507.84712 19.46091 0.05603
56507.99891 19.38475 0.05725
56508.90167 19.32175 0.04211
56509.79634 19.33512 0.05212
56509.83877 19.44142 0.05164
56510.8262 19.36527 0.04821
56511.79111 19.41336 0.05568
56511.84089 19.38686 0.05274
56512.78788 19.30863 0.05714
56512.82519 19.34214 0.05594
56513.78624 19.33102 0.05596
56513.82352 19.36497 0.04665
56514.7834 19.47336 0.05701
56514.82081 19.39577 0.0499
56515.78106 19.22365 0.05285
56515.82231 19.43337 0.05203
56516.77774 19.39984 0.05299
56516.81437 19.32577 0.04525
56517.77605 19.3396 0.05474
56517.81715 19.29659 0.04593
56517.97309 19.44261 0.05038
56518.87478 19.52026 0.04802
56518.96686 19.32035 0.04741
56519.00311 19.39479 0.05221
56519.90443 19.42017 0.04259
56519.96504 19.39739 0.04382
56520.00171 19.42517 0.04586
56520.90327 19.30339 0.04516
56520.95521 19.34919 0.04561
56520.99262 19.32512 0.04634
56521.89446 19.41398 0.04512
56521.95772 19.4134 0.04682
56521.99393 19.38009 0.04357
56527.76434 19.42432 0.13629
56527.80142 19.09148 0.17401
56528.72198 19.26418 0.13333
56528.81982 19.60403 0.10321
56528.87422 19.36948 0.10304
56529.90241 19.44627 0.08725
56529.93849 19.33605 0.12018
56529.97462 19.33329 0.08105
56532.71221 19.42737 0.06589
56532.85928 19.26112 0.05187
56532.89645 19.31542 0.04943
56533.79895 19.42366 0.05071
56533.93493 19.33741 0.05591
56533.97228 19.36155 0.05312
56537.84525 19.27814 0.04197
56537.9874 19.32618 0.04375
56539.69386 19.54547 0.07292
56539.88447 19.28934 0.04268
56539.9215 19.4378 0.04639
56540.97669 19.32392 0.04189
56541.6883 19.317 0.06279
56541.83165 19.41511 0.12137
56542.96698 19.40302 0.04952
56543.00294 19.35361 0.05296
56543.90463 19.39536 0.08055
56543.97085 19.38333 0.04942
56544.00787 19.34305 0.04709
56546.67441 19.32447 0.06712
56546.75907 19.30317 0.05008
56546.94639 19.37 0.04696
56547.84788 19.35568 0.04845
56548.0057 19.27363 0.04705
56548.66959 19.27231 0.08277
56548.70582 19.45153 0.07362
56548.74172 19.38844 0.06771
56549.66591 19.5289 0.08617
56549.70273 19.51064 0.07912
56549.73967 19.39181 0.0632
56550.66388 19.50359 0.11079
56550.6994 19.31853 0.09611
56550.73216 19.51023 0.07868
56551.66063 19.35084 0.13566
56551.72202 19.4562 0.10219
56551.75862 19.4159 0.07557
56552.66117 19.47218 0.1084
56552.71291 19.34607 0.12397
56552.74635 19.51214 0.09518
56561.66061 19.7051 0.07408
56561.89034 19.63189 0.08336
56561.92356 19.68049 0.08119
56562.93459 19.69186 0.0729
56563.02169 19.573 0.07733
56563.6524 19.56548 0.07517
56563.6893 19.62049 0.0705
56563.77494 19.60019 0.06057
56564.72602 19.49828 0.06442
56564.99301 19.3586 0.05902
56565.02672 19.36648 0.06839
56565.92832 19.52506 0.05577
56565.98151 19.53432 0.06279
56566.01544 19.41886 0.06787
56566.91724 19.47066 0.05189
56566.96287 19.52614 0.0599
56566.99591 19.43652 0.06171
56567.8986 19.45689 0.05016
56567.96702 19.49563 0.05096
56568.00039 19.42404 0.05297
56568.90245 19.48647 0.04984
56568.96343 19.40552 0.05162
56568.99843 19.68952 0.07159
56569.90084 19.53345 0.06119
56569.99803 19.48145 0.06988
56570.03082 19.66784 0.08947
56571.72419 19.72592 0.09487
56572.62632 19.58463 0.07432
56572.66032 19.34586 0.05896
56572.69287 19.6657 0.07864
56573.61429 19.46888 0.07338
56573.64765 19.46002 0.0596
56573.77817 19.5063 0.05919
56576.83948 19.35153 0.05568
56577.00541 19.46633 0.07128
56577.60601 19.59323 0.08633
56577.63144 19.58344 0.08538
56577.77306 19.66104 0.07201
56578.67217 19.47342 0.07069
56578.69674 19.65027 0.08061
56578.75347 19.59734 0.06756
56579.73584 19.42696 0.07205
56579.85963 19.6426 0.07922
56579.88516 19.64699 0.07792
56580.7875 19.73351 0.0895
56580.8553 19.46343 0.08256
56580.88022 19.45097 0.08087
56581.78167 19.57684 0.12798
56581.83883 19.86648 0.13176
56581.86464 19.52118 0.09809
56587.62864 19.48019 0.05769
56587.78993 19.45241 0.0729
56587.81475 19.41579 0.07143
56588.71625 19.817 0.11096
56588.86644 19.60477 0.11853
56588.89281 19.83269 0.12287
56589.79481 19.3913 0.058
56589.81959 19.57379 0.06106
56589.84642 19.51007 0.06819
56590.76387 19.48927 0.0606
56590.8749 19.61216 0.0657
56590.89969 19.53311 0.06498
56591.80204 19.50789 0.09262
56591.86057 19.42894 0.05607
56591.88508 19.51264 0.06916
56592.81972 19.42726 0.05393
56592.91348 19.50165 0.06749
56592.93852 19.43709 0.06664
56596.59731 19.83154 0.07629
56596.81771 19.57236 0.07537
56596.84238 19.56519 0.0699
56597.74425 19.54327 0.06993
56597.82393 19.63559 0.07658
56597.84943 19.71807 0.08412
56598.75163 19.63539 0.07106
56598.82179 19.53139 0.07608
56598.84855 19.53327 0.0641
56599.75014 19.55578 0.05829
56599.79577 19.47829 0.05533
56599.82112 19.54918 0.05878
56600.77441 19.52138 0.0556
56600.8753 19.48144 0.0625
56602.59024 19.42045 0.09848
56602.78065 19.86924 0.09147
56603.68227 19.37457 0.06282
56603.74296 19.44556 0.07239
56603.81581 19.37241 0.05663
56604.73691 19.48895 0.05888
56604.92616 19.53981 0.06479
56605.64733 19.55623 0.06518
56605.67213 19.41501 0.05739
56606.58401 19.57511 0.12697
56606.60932 19.76738 0.08656
56606.64241 19.71731 0.14423
56607.82225 19.80472 0.08938
56607.84927 19.39547 0.06489
56608.75086 19.5916 0.08269
56608.81398 19.71282 0.08946
56608.84048 19.46891 0.12668
56609.8617 19.74922 0.09578
56609.88847 19.53953 0.09957
56621.79766 19.65674 0.0766
56622.58588 19.43703 0.06114
56623.58717 19.36559 0.07877
56624.57999 19.54231 0.0666
56624.60429 19.38958 0.0604
56625.70494 19.49789 0.05842
56625.74386 19.5744 0.06271
56626.64578 19.55536 0.06299
56626.67007 19.60927 0.06081
56627.83411 19.80721 0.16593
56628.73144 19.78651 0.07139
56628.76212 19.66025 0.07279
56637.58042 19.62325 0.08306
56637.60549 19.68348 0.08772
56639.58002 19.76402 0.11279
56639.60438 19.59381 0.12756
56640.58279 19.54667 0.09158
56640.61699 19.48935 0.11449
56648.58277 19.70372 0.08387
56648.61266 19.63487 0.09538
56649.57885 19.50388 0.09415
56649.60387 19.59118 0.0727
56650.58762 19.60699 0.0765
56658.58519 19.44755 0.05789
56658.62914 19.49099 0.05672
56659.58605 19.53244 0.0625
56659.61086 19.66152 0.06499
56660.58569 19.62517 0.06803
56660.61029 19.57007 0.06857
56661.58623 19.30508 0.15523
56662.58587 19.68538 0.07867
56663.59143 19.62687 0.07428
56663.6171 19.46457 0.06618
56664.58594 19.70422 0.16872
56664.6104 19.51899 0.08408
56668.58721 19.72048 0.15485
56668.61177 19.60014 0.08736
56669.61423 19.54014 0.15699
56675.5969 19.64049 0.06969
56675.6459 19.57644 0.08729
56676.59181 19.63012 0.07602
56676.61781 19.41016 0.06619
56677.60718 19.44767 0.12389
56678.61458 19.60801 0.0633
56678.64019 19.44087 0.0645
56680.60724 19.61144 0.07249
56683.59693 19.60711 0.06618
56683.63252 19.44254 0.06411
56685.59847 19.55368 0.10733
56685.6471 19.4984 0.08843
56686.63379 19.91026 0.20234
56687.59886 19.64079 0.06996
56687.64144 19.56817 0.07089
56690.60286 19.87301 0.10061
56690.64549 19.51368 0.0718
56697.60505 19.60676 0.092
56699.60928 19.51365 0.10259
56816.96412 19.3844 0.06798
56816.97531 19.53973 0.11227
56817.96427 19.43855 0.06257
56817.97654 19.6711 0.11368
56818.96227 19.55205 0.05823
56818.97512 19.48071 0.08577
56819.96647 19.76196 0.12976
56820.96625 19.65443 0.12418
56820.97769 19.49444 0.16096
56821.96237 19.81422 0.11669
56821.9727 19.47899 0.126
56822.96143 19.6135 0.10518
56822.97681 19.7053 0.11657
56823.97346 19.70807 0.13439
56824.96428 19.72887 0.09927
56824.97573 19.49539 0.09959
56826.96127 19.65754 0.11288
56826.97472 19.41915 0.10697
56827.96384 19.5011 0.0719
56827.97622 19.63865 0.09887
56828.9654 19.38994 0.06902
56828.97804 19.62942 0.11928
56829.96383 19.52387 0.06198
56829.97653 19.52671 0.0773
56830.96102 19.50238 0.06308
56830.97338 19.68101 0.07119
56832.9648 19.52034 0.05152
56832.97563 19.67875 0.06663
56833.96568 19.54197 0.05922
56833.97644 19.6724 0.07948
56834.96484 19.65829 0.05608
56834.9776 19.56988 0.08251
56835.96569 19.45044 0.06177
56835.97723 19.41131 0.08351
56836.96625 19.4656 0.04961
56836.97711 19.57274 0.0689
56837.96638 19.52454 0.05113
56837.98211 19.51996 0.0904
56838.96389 19.50013 0.04641
56838.9786 19.4529 0.0667
56839.96511 19.42698 0.04893
56839.97834 19.55028 0.07297
56840.96951 19.4855 0.05194
56840.98137 19.65451 0.0773
56841.96857 19.39172 0.05135
56841.98075 19.53898 0.07173
56844.96636 19.61686 0.06157
56844.97887 19.40151 0.05834
56845.96726 19.42634 0.04645
56845.98002 19.53512 0.07238
56846.96666 19.50981 0.05331
56846.98115 19.63505 0.06306
56847.96648 19.50385 0.04851
56847.98151 19.6248 0.06011
56848.96743 19.48262 0.04892
56848.98312 19.43758 0.06263
56849.96813 19.50377 0.08449
56849.98235 19.79045 0.09047
56850.98368 19.79101 0.13035
56851.97048 19.47734 0.08054
56851.98675 19.3516 0.08118
56854.96165 19.44911 0.09891
56854.98771 19.54333 0.09017
56855.96071 19.51432 0.0686
56855.98393 19.5729 0.0764
56856.96087 19.59145 0.12113
56856.98328 19.56755 0.08711
56858.96243 19.58637 0.05635
56858.98507 19.47522 0.05901
56859.96515 19.49778 0.04882
56859.98697 19.60145 0.05861
56861.96231 19.54531 0.05073
56861.98508 19.56305 0.05237
56862.9659 19.54749 0.04947
56862.98227 19.46242 0.05401
56863.94981 19.58116 0.04869
56864.94576 19.53702 0.06028
56864.96947 19.53228 0.06618
56865.92975 19.4938 0.0694
56865.96089 19.52696 0.04551
56867.98799 19.43831 0.05074
56868.96536 19.51239 0.05186
56868.98567 19.40785 0.05005
56869.96092 19.49945 0.05008
56869.98231 19.53931 0.04739
56870.96467 19.49353 0.0466
56870.98635 19.57213 0.04846
56874.97428 19.40889 0.04164
56874.99622 19.54422 0.05271
56875.98151 19.42035 0.04984
56875.99752 19.5783 0.05713
56876.91773 19.41982 0.0431
56876.94717 19.43957 0.04213
56877.9745 19.49935 0.04581
56877.9957 19.41305 0.04744
56878.00741 19.59081 0.09229
56878.9086 19.47786 0.06756
56878.93847 19.51716 0.07011
56879.92838 19.53191 0.09217
56879.95816 19.39438 0.08778
56880.95792 19.4481 0.1823
56880.9882 19.39112 0.09362
56882.96877 19.60863 0.11627
56882.98848 19.52581 0.13554
56883.9421 19.38369 0.07143
56883.98158 19.49095 0.06824
56884.99956 19.48249 0.07003
56885.96448 19.56559 0.06438
56885.98159 19.43044 0.06313
56886.91453 19.52389 0.0618
56886.94264 19.56281 0.05663
56887.91623 19.53565 0.05466
56887.94902 19.53394 0.05203
56888.86519 19.48515 0.04437
56888.89905 19.45023 0.04725
56888.91008 19.46158 0.04629
56888.94196 19.48018 0.04811
56890.94091 19.53186 0.04852
56890.97479 19.45327 0.04962
56895.83087 19.37641 0.05453
56895.86667 19.46202 0.06548
56972.71463 19.5341 0.08876
56972.73749 19.69262 0.07758
56978.74407 19.37925 0.05695
56978.79927 19.53387 0.08565
56979.72374 19.60727 0.08734
56980.71766 19.62863 0.07022
56980.83416 19.53753 0.06342
56981.71538 19.62787 0.06612
56981.77818 19.58539 0.06461
56984.71333 19.73984 0.10335
56984.78092 19.51029 0.09296
56986.72544 19.67431 0.07161
56986.79095 19.74532 0.08842
56987.70535 19.65898 0.0704
56987.76948 19.42265 0.0686
56988.66321 19.53482 0.0825
56989.60286 19.60105 0.06782
56989.66828 19.59429 0.06682
56990.59847 19.54879 0.06471
56990.66232 19.60116 0.06811
57000.62591 19.48705 0.06452
57000.65668 19.55416 0.08282
57001.60725 19.53975 0.05751
57001.63454 19.60632 0.05581
57011.62365 19.53892 0.06322
57011.65019 19.64193 0.06574
57014.60229 19.66382 0.0659
57014.62433 19.22967 0.04611
57015.60026 19.67674 0.08196
57015.6199 19.60408 0.06949
57018.60146 19.61822 0.07011
57018.62586 19.57233 0.06928
57019.59637 19.66446 0.08214
57019.61004 19.78828 0.08798
57030.59868 19.56604 0.0644
57037.60179 19.49996 0.06262
57039.60447 19.50081 0.06649
57040.60372 19.56365 0.06702
57040.65327 19.70644 0.08122
57041.64649 19.51787 0.06633
57042.59979 19.51072 0.06576
57042.64647 19.56004 0.06754
57043.60053 19.45949 0.05926
57043.64542 19.53982 0.06394
57044.59961 19.54088 0.07949
57046.59907 19.55041 0.07724
57046.64082 19.83703 0.09201
57047.65127 19.66978 0.07884
57047.65361 19.68767 0.07693
57059.60766 19.50451 0.0631
57059.61723 19.47653 0.06131
57063.60738 19.6554 0.07635
57063.61933 19.49682 0.074
57064.61072 19.75354 0.08237
57064.62756 19.7915 0.09541
57065.60805 19.88076 0.10213
57065.62471 19.89805 0.10364
57066.61485 19.69762 0.16851
57067.60784 19.72031 0.08253
57067.62545 19.50463 0.07217
57069.61019 19.60941 0.07476
57069.6409 19.61789 0.08597
57070.61078 19.54881 0.07554
57070.6277 19.63001 0.07662
57071.61023 19.4924 0.07721
57071.6267 19.5152 0.08088
57089.61859 19.70079 0.142
57089.62798 19.60219 0.10969
57090.63028 19.26575 0.12113
57091.62051 19.5874 0.1374
57091.62877 19.94939 0.14647
57179.97424 19.33142 0.12152
57180.95646 19.36706 0.09699
57185.96692 19.35897 0.07611
57187.96362 19.46642 0.0801
57188.93765 19.39334 0.06014
57188.96808 19.32079 0.06329
57189.95594 19.46488 0.0634
57190.94422 19.58948 0.07221
57190.9766 19.26082 0.1198
57191.9217 19.52555 0.06966
57191.95614 19.29881 0.07373
57192.94672 19.48228 0.07943
57193.93573 19.57627 0.0734
57193.96862 19.36005 0.08077
57194.94374 19.47651 0.05891
57194.97431 19.53337 0.07868
57195.94595 19.50507 0.07275
57195.97546 19.37588 0.0916
57196.92539 19.49818 0.08696
57196.97637 19.55186 0.10196
57197.91796 19.44486 0.06855
57197.96971 19.59782 0.07247
57198.93165 19.53733 0.07308
57198.96479 19.56009 0.07702
57199.9472 19.42079 0.06977
57199.9815 19.39486 0.11374
57207.95261 19.32188 0.08457
57207.98422 19.4297 0.08659
57208.90735 19.61755 0.09772
57208.94607 19.51471 0.08224
57209.93937 19.68861 0.08289
57209.97959 19.50754 0.08749
57210.9363 19.58647 0.07552
57210.97519 19.56824 0.06681
57211.94997 19.48081 0.07381
57211.98409 19.38027 0.08479
57212.9376 19.81052 0.10971
57212.97329 19.36089 0.09956
57214.96163 19.54248 0.0627
57216.93262 19.46058 0.05828
57216.97994 19.44364 0.06862
57218.92712 19.48507 0.05505
57218.977 19.58981 0.0637
57219.94247 19.47001 0.04957
57219.97077 19.49933 0.04377
57220.92305 19.46318 0.04752
57220.98129 19.49684 0.05353
57225.95176 19.48248 0.04473
57226.95332 19.53783 0.0489
57227.93417 19.45859 0.05593
57227.97035 19.44451 0.04845
57231.91879 19.45997 0.05451
57231.96902 19.52133 0.0476
57232.8829 19.62915 0.07786
57232.9489 19.51495 0.0642
57237.93379 19.5368 0.08763
57237.98326 19.48941 0.09385
57238.91268 19.54589 0.06331
57238.96563 19.42462 0.06113
57239.93796 19.40211 0.05811
57239.98313 19.50001 0.06599
57240.95317 19.43633 0.05966
57241.93368 19.68292 0.07762
57242.93933 19.36423 0.0492
57242.98523 19.39282 0.05001
57244.91131 19.5521 0.05116
57244.96611 19.44508 0.04486
57245.87591 19.43603 0.04696
57245.91376 19.46101 0.04573
57246.89995 19.47501 0.04289
57246.93423 19.49494 0.04396
57247.92574 19.49947 0.04591
57247.95614 19.35906 0.04031
57248.84393 19.477 0.05142
57248.8782 19.40812 0.04808
57249.88436 19.53219 0.04696
57249.9163 19.50743 0.04997
57250.88236 19.37272 0.04925
57250.92114 19.40826 0.05472
57251.8693 19.4202 0.04938
57251.91419 19.42509 0.04492
57267.93864 19.56359 0.10445
57267.9816 19.58166 0.08712
57554.97044 19.57656 0.09298
57555.93989 19.57326 0.06837
57555.96363 19.50016 0.06286
57564.94449 19.85551 0.09702
57564.95195 19.51397 0.10324
57565.94418 19.7354 0.09374
57567.951 19.88183 0.09196
57567.97572 19.56367 0.08712
57568.92119 19.83316 0.0915
57568.97479 19.64021 0.08745
57569.92685 19.63128 0.06758
57570.93954 19.75395 0.07391
57571.91515 19.71087 0.07762
57571.96845 19.63888 0.07795
57572.94 19.747 0.07493
57572.961 19.58402 0.07804
57573.95955 19.72674 0.07059
57574.96997 19.65745 0.06443
57575.96076 19.66793 0.05948
57576.95096 19.61895 0.06767
57577.97714 19.88998 0.08388
57578.93031 19.77181 0.07304
57578.9597 19.69713 0.07013
57579.93833 19.59997 0.06494
57579.96636 19.68663 0.07146
57580.94991 19.73546 0.07288
57580.97641 19.67896 0.07406
57581.93908 19.62527 0.06403
57581.96061 19.62647 0.05897
57582.96612 19.60123 0.06027
57582.9889 19.69649 0.11404
57583.93612 19.70984 0.06006
57583.97225 19.6325 0.06365
57584.92871 19.66002 0.06155
57584.97404 19.52652 0.05864
57585.92275 19.66472 0.07245
57585.96134 19.75 0.06635
57586.91575 19.66725 0.09801
57592.99636 19.55817 0.09764
57595.9848 19.8489 0.08746
57596.95384 19.61987 0.09214
57596.98786 19.41819 0.07274
57597.93735 19.51182 0.06772
57597.9794 19.72479 0.0691
57598.9281 19.52877 0.06595
57598.97263 19.77238 0.06585
57599.94579 19.63043 0.07325
57600.96483 19.66029 0.06532
57601.9531 19.56142 0.06544
57601.99102 19.49467 0.06615
57602.95616 19.62334 0.06799
57602.99208 19.7098 0.07082
57603.95654 19.50046 0.06064
57603.99274 19.54145 0.06668
57604.96148 19.68498 0.05979
57604.99535 19.75352 0.07825
57605.93926 19.63358 0.06384
57605.97693 19.54911 0.05543
57606.94732 19.65384 0.05841
57606.99101 19.64939 0.06335
57607.92659 19.62883 0.05829
57607.97806 19.62325 0.06613
57608.92515 19.58176 0.06463
57608.96585 19.45949 0.05924
57609.94301 19.73257 0.07516
57610.89516 19.79613 0.07641
57610.92695 19.69218 0.06603
57611.90199 19.62407 0.07039
57611.93252 19.43491 0.06293
57612.88937 19.52617 0.06266
57612.93148 19.64463 0.05773
57613.84046 19.70352 0.08257
57613.87193 19.51653 0.06588
57613.90353 19.44063 0.05826
57614.96436 19.62004 0.0584
57614.99496 19.62769 0.06102
57615.90761 19.63725 0.087
57615.95637 19.6317 0.06353
57622.98808 19.94054 0.20477
57624.97236 19.74185 0.11251
57624.99829 19.87597 0.1213
57625.94454 19.5313 0.09568
