#mjd mag magerr
55061.92501 17.79983 0.01374
55061.95573 17.77575 0.01339
55063.91987 17.77254 0.01467
55063.9639 17.75951 0.01395
55064.92128 17.75945 0.02312
55064.9656 17.76996 0.02314
55066.91014 17.79386 0.01753
55066.95474 17.7815 0.01609
55067.91649 17.81677 0.02618
55067.96099 17.77673 0.02721
55069.90324 17.79432 0.01359
55069.94786 17.79403 0.01334
55080.87449 17.81447 0.02871
55080.95988 17.87098 0.03572
55084.86328 17.77839 0.01969
55087.85609 17.81124 0.01382
55087.90101 17.81019 0.0139
55088.96983 17.82391 0.01375
55089.01521 17.7957 0.01407
55089.94574 17.82276 0.01439
55089.99042 17.80082 0.01427
55093.83741 17.77649 0.01341
55093.88196 17.79776 0.01345
55096.8292 17.79272 0.01634
55097.00858 17.82318 0.01792
55104.99862 17.82799 0.0181
55107.79764 17.85792 0.02812
55114.88125 17.82399 0.02312
55114.92522 17.75804 0.0369
55119.89538 17.83113 0.016
55119.95365 17.8355 0.01676
55123.75696 17.81025 0.01457
55123.81523 17.83486 0.01444
55126.97957 17.83582 0.01955
55127.83329 17.8762 0.01611
55127.87706 17.86861 0.01778
55135.82555 17.85652 0.02848
55135.86926 17.93844 0.03133
55138.71472 17.8675 0.03222
55138.75871 17.90135 0.03414
55142.7036 17.86144 0.01631
55142.75219 17.84807 0.01757
55144.77886 17.8492 0.01547
55144.82305 17.86671 0.01752
55151.72943 17.88962 0.01713
55151.77257 17.86082 0.01605
55166.70473 17.84681 0.03013
55166.74897 17.86783 0.03169
55168.63378 17.84824 0.0251
55168.6775 17.85817 0.02551
55175.61224 17.85028 0.02174
55175.65684 17.81581 0.02161
55181.59421 17.89003 0.0243
55181.63825 17.90214 0.02111
55183.59204 17.85797 0.02828
55183.64253 17.83058 0.01779
55189.58054 17.87489 0.02016
55189.62557 17.84021 0.01765
55194.59026 17.79251 0.03181
55199.58559 17.8483 0.0158
55201.58642 17.89312 0.0426
55380.87684 17.91575 0.02622
55380.92078 17.91607 0.02359
55381.89606 17.89533 0.01908
55381.93934 17.87934 0.01775
55386.86524 17.85566 0.016
55386.90867 17.84799 0.01564
55391.80613 17.88527 0.02337
55391.87538 17.88127 0.01608
55396.79527 17.88534 0.02881
55396.83932 17.83665 0.0235
55401.78133 17.93231 0.04469
55401.82518 17.8768 0.0357
55407.7691 17.93509 0.03696
55407.83003 17.96549 0.03405
55413.75577 17.96336 0.0385
55413.79945 17.97781 0.03029
55416.75096 17.89048 0.03172
55416.79342 17.87519 0.02639
55419.75121 17.89112 0.03377
55419.79504 17.8381 0.02578
55422.75115 17.84883 0.01804
55422.79487 17.88589 0.01647
55426.80123 17.76274 0.03531
55426.8444 17.82037 0.03323
55429.8142 17.82779 0.02301
55429.85716 17.8414 0.02104
55432.73907 17.88066 0.0322
55432.78359 17.82001 0.02809
55435.69148 17.91515 0.04611
55438.88857 17.86267 0.02361
55438.89169 17.8484 0.02332
55438.89485 17.82422 0.02179
55438.89798 17.86161 0.02276
55438.90086 17.86509 0.02189
55438.90371 17.82755 0.02166
55438.9065 17.84568 0.02094
55438.90927 17.84935 0.02168
55438.91204 17.87212 0.02112
55438.91487 17.92159 0.02285
55438.91763 17.88287 0.02221
55438.92084 17.89622 0.02444
55438.92394 17.85077 0.02457
55438.92672 17.83007 0.02539
55438.92954 17.86419 0.02553
55438.93259 17.86159 0.02636
55438.93551 17.85756 0.02324
55438.93833 17.9044 0.02502
55438.94106 17.84656 0.02481
55438.94411 17.8751 0.02499
55438.94678 17.80741 0.02419
55438.95017 17.88624 0.02376
55438.95913 17.84817 0.02251
55438.96141 17.88849 0.02443
55441.87301 17.83951 0.01436
55441.87592 17.79943 0.0138
55441.88645 17.85139 0.01398
55441.88962 17.8358 0.01409
55441.89254 17.84957 0.01445
55441.89542 17.83016 0.01446
55441.89828 17.86221 0.01464
55441.90107 17.84294 0.01439
55441.9037 17.85674 0.01393
55441.90634 17.85019 0.01415
55441.90906 17.83249 0.01396
55441.9118 17.84993 0.01402
55441.91445 17.84744 0.01386
55441.91722 17.87466 0.01413
55441.91981 17.83307 0.01556
55441.92242 17.84355 0.01482
55441.92546 17.86705 0.01409
55441.9281 17.85863 0.01454
55441.93183 17.88323 0.01444
55441.93458 17.83272 0.01412
55441.93727 17.85609 0.01479
55441.94048 17.82266 0.01373
55441.94326 17.84028 0.01397
55441.94546 17.83485 0.01435
55441.94852 17.81933 0.01388
55441.95194 17.85321 0.014
55441.95469 17.82338 0.01391
55441.95786 17.85219 0.01425
55441.96081 17.83762 0.01462
55441.96392 17.83061 0.01441
55441.96715 17.84249 0.01369
55441.97012 17.80228 0.01378
55441.97294 17.82769 0.01403
55441.97532 17.83957 0.01388
55441.97757 17.83247 0.01408
55441.9798 17.84342 0.01471
55441.9835 17.82818 0.01387
55441.9863 17.83239 0.01498
55441.98852 17.8414 0.01505
55441.99078 17.83736 0.0148
55441.99382 17.84502 0.01481
55442.00593 17.8495 0.01585
55442.00906 17.85766 0.01696
55442.01216 17.84307 0.01627
55442.01486 17.86466 0.01859
55442.01753 17.90385 0.02141
55442.02001 17.87475 0.02523
55442.02226 17.87107 0.02995
55444.66648 17.80968 0.0229
55444.67221 17.86624 0.02149
55444.67727 17.86052 0.02197
55444.68857 17.82209 0.01871
55444.69526 17.85728 0.01894
55444.70198 17.84796 0.01902
55444.7091 17.87738 0.01925
55444.71487 17.8512 0.01812
55444.72103 17.80182 0.01653
55444.72796 17.84671 0.01696
55444.73377 17.854 0.01584
55444.74094 17.83106 0.01503
55444.74655 17.86365 0.01536
55444.75167 17.81833 0.01535
55444.75678 17.82478 0.01435
55444.76225 17.84529 0.01483
55444.7673 17.83485 0.01474
55444.77353 17.83563 0.01489
55444.77876 17.82247 0.0146
55444.78368 17.80561 0.01467
55444.79848 17.8301 0.01457
55444.80403 17.82124 0.01445
55444.81599 17.8143 0.01403
55444.8213 17.82197 0.01383
55444.83332 17.82038 0.01384
55444.83854 17.84559 0.01407
55444.84549 17.8424 0.0139
55444.85161 17.87395 0.01443
55444.85679 17.83876 0.0133
55444.86267 17.90395 0.01588
55444.86777 17.88553 0.01686
55444.87321 17.85769 0.01397
55444.87872 17.84533 0.01399
55444.88467 17.86252 0.01476
55444.89016 17.8639 0.01526
55444.89581 17.8488 0.01637
55444.90153 17.8435 0.01393
55444.90845 17.85114 0.01478
55444.91349 17.86032 0.01409
55444.92279 17.83755 0.01404
55444.93139 17.84375 0.01373
55444.94041 17.82524 0.01385
55444.94568 17.8203 0.01391
55444.951 17.86592 0.01512
55444.95724 17.8532 0.01461
55444.96289 17.83572 0.01432
55444.96923 17.84284 0.01392
55444.97411 17.8558 0.01459
55444.98062 17.8565 0.01461
55444.98915 17.83228 0.01496
55444.99553 17.84906 0.01462
55445.00157 17.8347 0.01423
55445.00779 17.83342 0.01483
55445.01282 17.84564 0.01656
55445.01777 17.83729 0.01945
55445.02227 17.86264 0.02581
55448.65527 17.85038 0.02313
55448.70146 17.893 0.01978
55451.65338 17.83771 0.02108
55451.70095 17.85711 0.01686
55454.64058 17.86845 0.02474
55454.68793 17.87159 0.02309
55457.63067 17.84898 0.02861
55457.6732 17.82348 0.02084
55460.63624 17.85246 0.02957
55460.72453 17.82506 0.02164
55463.63005 17.8615 0.04888
55463.71104 17.89007 0.03542
55466.61784 17.77521 0.02366
55466.61959 17.81759 0.02128
55466.62134 17.82298 0.0206
55466.6231 17.84108 0.02047
55466.62486 17.80456 0.02034
55466.62661 17.81469 0.01978
55466.62943 17.83705 0.02074
55466.63143 17.85317 0.02153
55466.63348 17.81774 0.02029
55466.67604 17.8744 0.02658
55471.77466 17.81857 0.01401
55471.82993 17.80979 0.03456
55477.66775 17.83823 0.01554
55477.71276 17.80845 0.01524
55480.61506 17.82797 0.01865
55480.65805 17.87128 0.01668
55484.66377 17.85271 0.01832
55484.70695 17.83292 0.01663
55485.61939 17.7881 0.02676
55485.66329 17.7871 0.02572
55497.84041 17.88885 0.02446
55497.89223 17.87595 0.0249
55514.69377 17.88072 0.01855
55514.73749 17.84028 0.01984
55516.67238 17.88142 0.02344
55516.71654 17.88151 0.02246
55517.61497 17.81701 0.02192
55517.6584 17.84065 0.02138
55518.61481 17.82599 0.02386
55518.6578 17.86073 0.02862
55527.74242 17.85725 0.02082
55532.78408 17.8068 0.01522
55532.82836 17.83502 0.01933
55537.58157 17.83016 0.02657
55537.62557 17.83109 0.01736
55538.57995 17.82139 0.01671
55538.62381 17.83743 0.01511
56469.87982 17.64157 0.02251
56469.91685 17.60281 0.01855
56471.87375 17.64237 0.02653
56471.91001 17.6287 0.02222
56473.86804 17.7071 0.03674
56473.90477 17.63419 0.02547
56475.86334 17.68401 0.02511
56475.9008 17.71519 0.02355
56476.86102 17.69818 0.03087
56476.89765 17.62314 0.02844
56477.85777 17.57657 0.03204
56485.83631 17.64693 0.0219
56486.83403 17.65426 0.01562
56486.87106 17.63696 0.01396
56488.83006 17.64673 0.01737
56488.86647 17.66815 0.01445
56489.82698 17.66892 0.0178
56489.86366 17.65789 0.01454
56491.82149 17.74269 0.05333
56491.8581 17.66054 0.03196
56498.802 17.67378 0.03054
56498.83888 17.694 0.02722
56502.79167 17.67055 0.01798
56502.82864 17.69128 0.0178
56503.78903 17.69319 0.016
56503.82769 17.66822 0.01648
56504.82017 17.72365 0.01786
56504.86992 17.66743 0.01444
56504.90811 17.68174 0.01434
56505.81768 17.65412 0.01723
56505.9509 17.66413 0.01434
56505.98842 17.72369 0.01848
56506.89349 17.67592 0.01897
56507.80198 17.65135 0.01544
56507.84712 17.65371 0.0142
56507.99891 17.66533 0.01523
56508.90167 17.6412 0.01219
56509.79634 17.65651 0.0141
56509.83877 17.65294 0.01296
56510.8262 17.62959 0.01275
56511.79111 17.65514 0.01404
56511.84089 17.66241 0.01327
56512.78788 17.68041 0.01566
56512.82519 17.66316 0.01423
56513.78624 17.66773 0.01395
56513.82352 17.65763 0.01309
56514.7834 17.66219 0.01423
56514.82081 17.66718 0.01332
56515.78106 17.65069 0.01453
56515.82231 17.64155 0.01357
56516.77774 17.65009 0.01379
56516.81437 17.68153 0.01255
56517.77605 17.67454 0.01523
56517.81715 17.66211 0.01227
56517.97309 17.66968 0.0127
56518.87478 17.67233 0.01232
56518.96686 17.68344 0.01281
56519.00311 17.65957 0.01266
56519.90443 17.67754 0.01193
56519.96504 17.66488 0.01184
56520.00171 17.68001 0.01268
56520.90327 17.63651 0.01184
56520.95521 17.64758 0.01209
56520.99262 17.64128 0.01224
56537.84525 17.65203 0.01202
56537.9874 17.66547 0.01217
56551.66063 17.68137 0.02748
56551.72202 17.64623 0.02288
56551.75862 17.62584 0.01893
56565.92832 17.66401 0.01319
56565.98151 17.65769 0.01465
56566.01544 17.63959 0.01572
56579.73584 17.65685 0.0186
56579.85963 17.67931 0.01689
56579.88516 17.65978 0.01737
56596.59731 17.66767 0.01694
56596.81771 17.66006 0.0163
56596.84238 17.62741 0.01514
56625.70494 17.6529 0.01345
56625.74386 17.6617 0.01361
56639.58002 17.67262 0.02221
56639.60438 17.68222 0.02197
56653.61955 17.73494 0.02565
56697.60505 17.72314 0.02093
56699.60928 17.76361 0.02586
56816.96412 17.74461 0.01796
56816.97531 17.73273 0.02418
56818.96227 17.74436 0.01348
56818.97512 17.70196 0.02117
56819.96647 17.76621 0.02843
56819.97765 17.65758 0.03006
56820.96625 17.75574 0.02674
56820.97769 17.74527 0.03389
56821.96237 17.77581 0.0321
56821.9727 17.78379 0.03322
56822.96143 17.73498 0.02509
56822.97681 17.67372 0.03015
56823.96094 17.748 0.02777
56823.97346 17.72031 0.03048
56824.96428 17.83377 0.0228
56824.97573 17.72691 0.02383
56826.96127 17.72379 0.02088
56826.97472 17.78029 0.02572
56827.96384 17.74856 0.01854
56827.97622 17.73882 0.02582
56828.9654 17.73615 0.01785
56828.97804 17.75021 0.0241
56829.96383 17.69888 0.0151
56829.97653 17.72549 0.01768
56830.96102 17.75733 0.01537
56830.97338 17.76443 0.01634
56831.96161 17.74925 0.01339
56831.97427 17.74887 0.01666
56832.9648 17.75871 0.01469
56832.97563 17.72609 0.01503
56833.96568 17.75114 0.01421
56833.97644 17.74272 0.01809
56834.96484 17.75207 0.01374
56834.9776 17.73122 0.01935
56835.96569 17.71311 0.01489
56835.97723 17.7768 0.02143
56836.96625 17.74292 0.01337
56836.97711 17.71209 0.01679
56837.96638 17.72477 0.01309
56837.98211 17.70346 0.02245
56838.96389 17.73104 0.01279
56838.9786 17.70493 0.01755
56840.96951 17.7416 0.01414
56840.98137 17.74323 0.01883
56844.96636 17.7191 0.01475
56844.97887 17.7267 0.0156
56847.96648 17.73952 0.01277
56847.98151 17.72453 0.01441
56851.97048 17.75166 0.02145
56851.98675 17.72491 0.02358
56856.96087 17.77851 0.0274
56856.98328 17.7845 0.02398
56859.96515 17.76578 0.01285
56859.98697 17.76515 0.01524
56863.94981 17.76418 0.01308
56867.98799 17.73744 0.01371
56868.96536 17.70917 0.01329
56868.98567 17.73538 0.01342
56874.97428 17.74103 0.01214
56874.99622 17.74081 0.01333
56875.98151 17.78453 0.01344
56875.99752 17.75958 0.01449
56878.9086 17.70148 0.01812
56878.93847 17.75703 0.01783
56879.92838 17.73763 0.02054
56879.95816 17.74305 0.0218
56882.96877 17.70642 0.02796
56882.98848 17.79909 0.02776
56884.99956 17.75456 0.01825
56890.94091 17.72547 0.01236
56890.97479 17.74778 0.01352
56972.71463 17.75586 0.01652
56972.73749 17.78531 0.01716
56979.72374 17.76295 0.02259
56980.71766 17.72425 0.0159
56980.83416 17.76232 0.01633
56981.71538 17.74208 0.01491
56981.77818 17.77638 0.01529
56984.71333 17.77786 0.02251
56984.78092 17.72681 0.02521
56986.72544 17.77403 0.01715
56986.79095 17.75953 0.02076
56987.70535 17.76195 0.0171
56987.76948 17.77681 0.01735
56988.66321 17.7672 0.01681
56989.60286 17.75123 0.017
56989.66828 17.76054 0.01685
56990.59847 17.75272 0.0171
56990.66232 17.75717 0.01574
56991.66882 17.78648 0.04081
57000.62591 17.74494 0.01504
57000.65668 17.77749 0.02022
57011.62365 17.71756 0.01556
57011.65019 17.75138 0.01604
57018.60146 17.72571 0.01679
57018.62586 17.74849 0.01704
57030.59868 17.73036 0.01607
57040.60372 17.7265 0.01621
57040.65327 17.74081 0.01879
57059.60766 17.75255 0.01537
57059.61723 17.73529 0.01552
57064.61072 17.73538 0.01874
57064.62756 17.76622 0.01979
57069.61019 17.76086 0.01819
57069.6409 17.79215 0.02142
57089.61859 17.76539 0.0269
57089.62798 17.7952 0.02766
57179.97424 17.8077 0.03356
57180.95646 17.74677 0.02416
57185.96692 17.71988 0.02023
57187.96362 17.74107 0.01632
57188.93765 17.75093 0.01603
57188.96808 17.74183 0.01653
57189.95594 17.71844 0.01529
57190.94422 17.73663 0.01694
57190.9766 17.75767 0.02868
57191.9217 17.72592 0.01775
57191.95614 17.7354 0.01661
57192.94672 17.7467 0.01708
57192.97846 17.78839 0.03125
57193.93573 17.74108 0.01676
57193.96862 17.71492 0.01893
57194.94374 17.76102 0.01643
57194.97431 17.73707 0.02049
57195.94595 17.75631 0.01902
57195.97546 17.74787 0.02466
57196.92539 17.72455 0.02182
57196.97637 17.77043 0.02613
57197.91796 17.74154 0.01666
57197.96971 17.79533 0.01799
57198.93165 17.74073 0.01663
57198.96479 17.7458 0.01661
57199.9472 17.73832 0.01754
57199.9815 17.69771 0.03046
57207.95261 17.79266 0.02417
57207.98422 17.73886 0.02279
57208.90735 17.76857 0.02382
57208.94607 17.75115 0.02073
57209.93937 17.78076 0.02191
57209.97959 17.75969 0.02166
57210.9363 17.71955 0.01916
57210.97519 17.74998 0.01783
57211.98409 17.75645 0.02393
57212.9376 17.75102 0.02545
57212.97329 17.81491 0.02792
57214.96163 17.7752 0.01589
57216.93262 17.75572 0.01503
57216.97994 17.73295 0.0158
57218.92712 17.76484 0.01445
57218.977 17.76882 0.01521
57219.94247 17.74922 0.01293
57219.97077 17.73469 0.01247
57220.92305 17.7573 0.01317
57220.98129 17.74973 0.01391
57225.95176 17.74754 0.01295
57226.95332 17.75982 0.01276
57227.93417 17.77647 0.01375
57227.97035 17.76071 0.01296
57231.91879 17.7724 0.01433
57231.96902 17.75305 0.01288
57232.8829 17.73967 0.01845
57237.93379 17.75727 0.02135
57237.98326 17.74981 0.02258
57238.91268 17.77758 0.01709
57238.96563 17.76459 0.01631
57239.93796 17.75379 0.01577
57239.98313 17.75515 0.01687
57240.95317 17.75033 0.01618
57241.93368 17.78033 0.01648
57242.93933 17.7791 0.01427
57242.98523 17.77147 0.01415
57244.91131 17.79044 0.01392
57244.96611 17.78431 0.0131
57245.87591 17.77237 0.01308
57245.91376 17.77318 0.01286
57246.89995 17.73784 0.0129
57246.93423 17.7981 0.01306
57247.92574 17.76344 0.0125
57247.95614 17.75838 0.01261
57248.84393 17.77441 0.01354
57248.8782 17.75874 0.01326
57249.88436 17.76341 0.0129
57249.9163 17.74335 0.01282
57250.88236 17.78005 0.01318
57250.92114 17.77847 0.01383
57251.8693 17.75274 0.01275
57251.91419 17.74522 0.01303
57267.93864 17.77756 0.02874
57267.9816 17.75305 0.01986
57554.97044 17.78908 0.02065
57555.93989 17.79394 0.0168
57555.96363 17.7614 0.01703
57564.94449 17.78358 0.02419
57564.95195 17.84859 0.02601
57565.94418 17.81766 0.02043
57567.951 17.76632 0.0216
57567.97572 17.80618 0.02414
57569.92685 17.75145 0.01649
57570.93954 17.72203 0.0168
57571.91515 17.75377 0.01805
57571.96845 17.78077 0.01914
57572.94 17.75846 0.01676
57572.961 17.78094 0.01877
57573.95955 17.72104 0.0156
57574.96997 17.76192 0.01953
57575.96076 17.77629 0.01848
57576.95096 17.77295 0.01999
57577.97714 17.76292 0.0209
57578.93031 17.80355 0.01626
57578.9597 17.73937 0.01585
57579.93833 17.7874 0.02147
57579.96636 17.80392 0.02146
57580.94991 17.75218 0.01883
57580.97641 17.79162 0.01944
57581.93908 17.76688 0.01622
57581.96061 17.76076 0.01593
57582.96612 17.73755 0.0147
57582.9889 17.78854 0.0272
57583.93612 17.77214 0.01414
57583.97225 17.77241 0.01531
57584.92871 17.7801 0.01507
57584.97404 17.75426 0.01504
57585.92275 17.79347 0.01824
57585.96134 17.77734 0.01596
57586.91575 17.803 0.02348
57592.99636 17.81051 0.02706
57595.9848 17.72317 0.02016
57596.95384 17.74562 0.01906
57596.98786 17.75905 0.02087
57597.93735 17.7878 0.01667
57597.9794 17.78143 0.01731
57598.9281 17.75397 0.01578
57598.97263 17.74709 0.01627
57599.94579 17.7451 0.01709
57600.96483 17.75292 0.01651
57601.9531 17.77903 0.01563
57601.99102 17.77356 0.01742
57602.95616 17.71429 0.01656
57602.99208 17.69385 0.01696
57603.95654 17.74976 0.01609
57603.99274 17.71537 0.01681
57604.96148 17.72354 0.0157
57604.99535 17.75006 0.01717
57605.93926 17.74798 0.01406
57605.97693 17.74626 0.01376
57606.94732 17.75182 0.01481
57606.99101 17.75686 0.01537
57607.92659 17.75063 0.0157
57607.97806 17.76404 0.01604
57608.92515 17.77226 0.01558
57608.96585 17.77353 0.01592
57609.94301 17.77156 0.01715
57610.89516 17.7541 0.01697
57610.92695 17.73691 0.01543
57611.90199 17.74753 0.01566
57611.93252 17.76773 0.0167
57612.88937 17.76134 0.0151
57612.93148 17.75051 0.0153
57613.84046 17.74087 0.01855
57613.87193 17.78524 0.01601
57613.90353 17.76601 0.01506
57614.96436 17.73431 0.01485
57614.99496 17.75915 0.01503
57615.90761 17.79468 0.02042
57615.95637 17.75451 0.01529
57621.98607 17.80312 0.04035
57622.01291 17.85615 0.04828
57622.96114 17.86504 0.03625
57622.98808 17.83876 0.03573
57623.99038 17.79218 0.03116
57624.01266 17.81056 0.03582
57624.97236 17.79569 0.02793
57624.99829 17.80119 0.0277
57625.94454 17.77628 0.01977
