#mjd mag magerr
61.92501 19.35681 0.04277
61.95573 19.24377 0.03914
63.91987 19.26808 0.0406
63.9639 19.23349 0.03954
64.92128 19.20886 0.0424
64.9656 19.24241 0.04109
66.91014 19.23333 0.04295
66.95474 19.241 0.04091
67.91649 19.28845 0.06579
67.96099 19.2772 0.05622
69.90324 19.32157 0.04537
69.94786 19.2459 0.04378
80.87449 19.51839 0.11016
80.95988 19.19291 0.10468
84.86328 19.21438 0.05895
87.85609 19.23958 0.04434
87.90101 19.2615 0.04299
88.96983 19.18026 0.04237
89.01521 19.30814 0.04637
89.94574 19.35396 0.04541
89.99042 19.23342 0.04669
93.83741 19.27319 0.04668
93.88196 19.21486 0.04309
96.8292 19.33836 0.0481
97.00858 19.24155 0.05357
104.99862 19.28383 0.06
107.79764 19.00833 0.08782
114.88125 19.29159 0.05842
114.92522 19.64207 0.13915
119.89538 19.43093 0.05525
119.95365 19.21859 0.05378
123.75696 19.30468 0.04696
123.81523 19.21775 0.04575
126.97957 19.32339 0.06362
127.83329 19.25781 0.04927
127.87706 19.34469 0.05731
135.82555 19.26552 0.10692
135.86926 19.40908 0.11465
138.71472 19.2235 0.09807
138.75871 19.41052 0.11759
142.7036 19.33395 0.05168
142.75219 19.27592 0.05851
144.77886 19.35783 0.04955
144.82305 19.25928 0.05363
151.72943 19.22158 0.05494
151.77257 19.28946 0.05172
166.70473 19.22562 0.09
166.74897 19.26551 0.101
168.63378 19.20808 0.07664
168.6775 19.49605 0.10422
175.61224 19.14129 0.04312
175.65684 19.25067 0.04189
181.59421 19.23185 0.07114
181.63825 19.26897 0.05982
183.59204 19.3008 0.08014
183.64253 19.23828 0.0517
189.58054 19.37511 0.06307
189.62557 19.24476 0.05451
194.59026 19.1561 0.10076
199.58559 19.35864 0.05176
201.58642 19.36054 0.16362
202.58667 19.15788 0.05332
203.71441 19.26566 0.05795
203.75743 19.21459 0.05979
207.63092 19.19291 0.05061
207.67514 19.2456 0.04878
209.5968 19.2772 0.04425
209.64149 19.16803 0.04319
213.63312 19.25637 0.05988
213.6798 19.1056 0.06562
377.85123 19.58879 0.12798
377.89535 19.48098 0.09809
378.90615 19.50928 0.10978
379.8591 19.37723 0.08029
379.92482 19.31985 0.0655
380.87684 19.3659 0.08301
380.92078 19.13137 0.07049
381.89606 19.37895 0.06011
381.93934 19.30643 0.05523
384.82671 19.25058 0.05561
384.87028 19.33558 0.05123
385.87021 19.34216 0.04942
385.91339 19.28317 0.04683
386.86524 19.43911 0.05209
386.90867 19.35224 0.05021
387.87002 19.40793 0.05368
387.91342 19.33145 0.0462
388.86609 19.43314 0.06935
388.91005 19.36395 0.0472
390.80957 19.68143 0.08489
390.85393 19.48368 0.06012
391.80613 19.60122 0.0839
391.87538 19.35532 0.05343
392.83258 19.36283 0.05792
392.87538 19.34592 0.05069
394.79908 19.47663 0.06653
394.8431 19.41736 0.05874
395.79551 19.59186 0.10642
395.84215 19.24265 0.05394
396.79527 19.50202 0.08701
396.83932 19.31183 0.04903
397.79163 19.49399 0.09521
397.83526 19.34944 0.05361
398.78764 19.54253 0.09371
398.83124 19.52296 0.07388
399.78802 19.23156 0.08831
399.83261 19.31738 0.07594
400.78534 19.4341 0.10811
400.8289 19.34295 0.08518
401.78133 19.49972 0.1165
401.82518 19.33667 0.10366
402.77979 19.26213 0.20329
402.8246 19.59422 0.16125
403.77642 19.69972 0.1869
403.81973 19.48871 0.13788
404.77424 19.35921 0.11292
404.84266 19.25603 0.0891
405.8416 19.52727 0.10579
407.7691 19.42991 0.11279
407.83003 19.42619 0.11444
408.78389 19.02272 0.16245
411.79896 19.32685 0.07038
412.75232 19.20956 0.11497
412.79539 19.37368 0.08798
413.75577 19.71878 0.12431
413.79945 19.47087 0.09635
414.75161 19.44932 0.13748
414.79555 19.30537 0.07437
415.75266 19.49483 0.1135
415.79727 19.25559 0.1062
416.75096 19.35023 0.11105
416.79342 19.293 0.09075
417.75979 19.22578 0.09776
417.84511 19.44244 0.09632
418.79843 19.37067 0.08993
418.84121 19.31959 0.07459
419.75121 19.58252 0.12078
419.79504 19.3841 0.08905
420.78929 19.40417 0.13234
420.83264 19.34426 0.08645
421.73664 19.3018 0.05948
421.79901 19.33437 0.04594
422.75115 19.26024 0.0594
422.79487 19.21457 0.0478
423.74742 19.29534 0.0534
423.79284 19.31648 0.05144
424.75349 19.19226 0.06533
424.80178 19.27516 0.04702
425.76166 19.3528 0.07121
425.80573 19.28613 0.04725
426.80123 19.24534 0.063
426.8444 19.2938 0.04387
427.79708 19.23065 0.05849
427.8408 19.31644 0.05521
428.79281 19.39915 0.06927
428.83703 19.22237 0.0535
429.8142 19.39038 0.07136
429.85716 19.32584 0.05955
430.75769 19.54162 0.08318
430.80485 19.41794 0.07459
431.75639 19.44333 0.08931
431.80024 19.15702 0.06638
432.73907 19.18563 0.09727
432.78359 19.22667 0.09399
433.70425 19.16013 0.153
433.7493 19.5261 0.11969
434.73769 19.24581 0.13544
435.69148 19.40665 0.13962
436.88575 19.5887 0.09367
436.88891 19.38676 0.0839
436.8919 19.54287 0.09029
436.89501 19.39976 0.08118
436.89797 19.28669 0.085
436.90109 19.50243 0.09108
436.9042 19.31936 0.07711
436.90728 19.55779 0.09338
436.91041 19.45654 0.0949
436.91351 19.42366 0.09297
436.91641 19.55624 0.09898
436.92221 19.29332 0.08448
436.92514 19.24222 0.09965
436.92806 19.36804 0.08489
436.93096 19.39897 0.09017
436.93413 19.56235 0.09537
436.93703 19.31669 0.08368
436.93974 19.38468 0.08428
436.94297 19.61832 0.0933
436.94613 19.44787 0.08548
436.94915 19.53848 0.09507
436.95231 19.43432 0.08849
436.9553 19.53262 0.09649
436.95826 19.46074 0.09158
436.96116 19.35718 0.08837
436.96403 19.29361 0.0811
436.96671 19.30333 0.07963
438.88857 19.52179 0.0751
438.89169 19.57563 0.0784
438.89485 19.40138 0.0807
438.89798 19.25286 0.07039
438.90086 19.46322 0.07677
438.90371 19.36072 0.07359
438.9065 19.52919 0.07857
438.90927 19.30718 0.06715
438.91204 19.31048 0.07071
438.91487 19.42781 0.07829
438.91763 19.28609 0.07169
438.92084 19.53781 0.08539
438.92394 19.2689 0.07489
438.92672 19.1796 0.07717
438.92954 19.45297 0.08258
438.93259 19.39529 0.08709
438.93551 19.19743 0.08889
438.93833 19.3862 0.08039
438.94106 19.26132 0.07687
438.94411 19.54744 0.09278
438.94678 19.36162 0.10028
438.95017 19.25885 0.07159
438.95913 19.39448 0.0881
438.96141 19.23487 0.07278
440.87507 19.23807 0.0555
440.87823 19.20629 0.04951
440.88428 19.34246 0.0559
440.88675 19.35535 0.05398
440.8894 19.317 0.05668
440.89205 19.29514 0.05548
440.89518 19.30952 0.04961
440.89832 19.31385 0.05208
440.90145 19.48222 0.05596
440.90439 19.29996 0.05508
440.90729 19.25348 0.05051
440.91025 19.31971 0.05343
440.91316 19.3019 0.0549
440.91591 19.3605 0.0565
440.9187 19.32998 0.05508
440.92149 19.28051 0.05986
440.92426 19.20292 0.04921
440.93095 19.32569 0.05469
440.93364 19.31856 0.05199
440.93623 19.38814 0.05667
440.9395 19.31369 0.05669
440.94264 19.43804 0.05519
440.94582 19.41614 0.05751
440.94883 19.37717 0.06007
440.95182 19.40086 0.05618
440.95489 19.28563 0.0522
440.95791 19.37065 0.05809
441.87301 19.26842 0.04563
441.87592 19.26259 0.04416
441.88645 19.27327 0.04356
441.88962 19.31226 0.04365
441.89254 19.20908 0.04477
441.89542 19.23304 0.04566
441.89828 19.29002 0.04305
441.90107 19.3258 0.04534
441.9037 19.29452 0.04414
441.90634 19.26355 0.04648
441.90906 19.36559 0.04444
441.9118 19.29019 0.04664
441.91445 19.37563 0.04791
441.91722 19.28971 0.04671
441.91981 19.4493 0.0563
441.92242 19.35837 0.05032
441.92546 19.28971 0.04543
441.9281 19.34472 0.04904
441.93183 19.17711 0.04484
441.93458 19.25308 0.04545
441.93727 19.29476 0.04803
441.94048 19.39718 0.04767
441.94326 19.34211 0.04426
441.94546 19.29401 0.04664
441.94852 19.31066 0.04763
441.95194 19.29717 0.04785
441.95469 19.3156 0.04675
441.95786 19.29923 0.04452
441.96081 19.23721 0.04683
441.96392 19.2964 0.04724
441.96715 19.3471 0.04558
441.97012 19.30483 0.04692
441.97294 19.28354 0.04193
441.97532 19.22938 0.04434
441.97757 19.20527 0.04323
441.9798 19.20865 0.04835
441.9835 19.26529 0.0473
441.9863 19.30179 0.04628
441.98852 19.27261 0.04915
441.99078 19.28052 0.04812
441.99382 19.34138 0.05056
442.00593 19.35436 0.05623
442.00906 19.52472 0.0588
442.01216 19.20714 0.05295
442.01486 19.45194 0.05742
442.01753 19.25558 0.07025
442.02001 19.60733 0.0965
442.02226 19.28583 0.09624
442.70382 19.34623 0.05621
442.70734 19.22642 0.04904
442.71097 19.22521 0.05181
442.71448 19.27038 0.05199
442.71808 19.32371 0.05179
442.72168 19.24845 0.04789
442.72527 19.32398 0.04933
442.73272 19.22473 0.04512
442.74184 19.40347 0.05042
442.74882 19.26617 0.04534
442.75572 19.22667 0.0422
442.76147 19.24571 0.04483
442.76615 19.25699 0.04474
442.77616 19.28618 0.04861
442.78135 19.16552 0.0421
442.78615 19.34206 0.04588
442.79145 19.30326 0.04315
442.79615 19.23887 0.04243
442.80186 19.27963 0.04441
442.8093 19.29559 0.04265
442.81443 19.31445 0.04592
442.81939 19.3023 0.04151
442.82447 19.3083 0.04371
442.8293 19.41152 0.04541
442.83541 19.33678 0.04281
442.84012 19.33464 0.04591
442.84597 19.26583 0.04424
442.85112 19.24037 0.04302
442.85657 19.24434 0.04193
442.86387 19.24743 0.04812
442.87002 19.2029 0.04002
442.87503 19.32035 0.04427
442.88048 19.24805 0.0417
442.88617 19.23626 0.04182
442.89221 19.3054 0.04246
442.89785 19.29238 0.04384
442.90297 19.26548 0.04218
442.90871 19.19464 0.04135
442.91368 19.26773 0.04372
442.91875 19.23833 0.04491
442.92384 19.35485 0.04521
442.93037 19.49541 0.05262
442.93642 19.29983 0.04314
442.94588 19.43737 0.05721
442.95166 19.27166 0.04381
442.95754 19.29282 0.04603
442.96246 19.34476 0.04672
442.96833 19.34541 0.05072
442.97317 19.32311 0.04591
442.97782 19.34636 0.04172
442.98206 19.22076 0.04136
442.9872 19.32309 0.04521
442.99348 19.29504 0.0453
442.99858 19.24304 0.04187
443.00329 19.27449 0.04513
443.01002 19.28854 0.04666
443.01702 19.26963 0.05544
443.02387 19.58977 0.10204
443.67742 19.43549 0.06673
443.68488 19.37456 0.07511
443.69287 19.37875 0.06722
443.70415 19.42299 0.06691
443.71028 19.2941 0.05711
443.71632 19.32369 0.05708
443.72231 19.20909 0.05269
443.72832 19.34548 0.05651
443.736 19.27744 0.0515
443.74306 19.28839 0.04779
443.74812 19.26831 0.04949
443.75372 19.2777 0.04931
443.75946 19.40825 0.05458
443.76526 19.27859 0.05101
443.77007 19.35609 0.05229
443.78027 19.34161 0.05561
443.78539 19.24391 0.04889
443.79156 19.28584 0.0465
443.79717 19.35406 0.04473
443.80302 19.35078 0.04743
443.80895 19.36699 0.04609
443.81493 19.32392 0.04891
443.8204 19.34205 0.04757
443.82634 19.275 0.0443
443.83239 19.37167 0.04968
443.83783 19.33116 0.04632
443.84415 19.37455 0.04622
443.84958 19.24733 0.0455
443.85553 19.25946 0.04402
443.86252 19.36581 0.04939
443.87576 19.40617 0.04768
443.88141 19.28082 0.04496
443.88892 19.39492 0.04781
443.89412 19.40512 0.05296
443.90077 19.43835 0.05038
443.90658 19.39176 0.04752
443.91235 19.40339 0.04789
443.91779 19.32846 0.05388
443.92403 19.35548 0.052
443.92967 19.33826 0.05129
443.93496 19.43776 0.0487
443.94073 19.40266 0.04959
443.94779 19.4301 0.04959
443.95355 19.37131 0.0477
443.95925 19.28186 0.0453
443.9693 19.28444 0.05288
443.97555 19.39009 0.04799
443.98144 19.38159 0.04619
443.98725 19.35751 0.05641
443.99456 19.39636 0.0503
444.00093 19.29323 0.0471
444.0061 19.25885 0.04881
444.01187 19.27118 0.04991
444.0175 19.26808 0.063
444.02231 19.39272 0.0871
444.66648 19.18037 0.06986
444.67221 19.50735 0.08864
444.67727 19.31402 0.06956
444.68199 19.43616 0.10942
444.68857 19.3383 0.06331
444.69526 19.24906 0.06346
444.70198 19.32686 0.06134
444.7091 19.34351 0.07292
444.71487 19.27652 0.0563
444.72103 19.38277 0.06278
444.72796 19.31112 0.05764
444.73377 19.25519 0.05081
444.74094 19.31212 0.05045
444.74655 19.32383 0.05514
444.75167 19.21761 0.052
444.75678 19.38078 0.05321
444.76225 19.2348 0.04761
444.7673 19.24284 0.04683
444.77353 19.24126 0.04712
444.77876 19.29315 0.04674
444.78368 19.39061 0.04964
444.79848 19.2981 0.04822
444.80403 19.31007 0.0488
444.81599 19.31591 0.04553
444.8213 19.37568 0.04768
444.83332 19.27179 0.04852
444.83854 19.27571 0.04291
444.84549 19.36649 0.0478
444.85161 19.27546 0.04707
444.85679 19.35041 0.04693
444.86267 19.40076 0.05534
444.86777 19.46904 0.05806
444.87321 19.32391 0.04555
444.87872 19.36731 0.04734
444.88467 19.30295 0.04702
444.89016 19.33202 0.05124
444.89581 19.47002 0.05614
444.90153 19.23355 0.04544
444.90845 19.38294 0.05303
444.91349 19.27265 0.04492
444.92279 19.31663 0.04383
444.93139 19.30616 0.04531
444.94041 19.27983 0.04331
444.94568 19.33671 0.04553
444.951 19.35911 0.05332
444.95724 19.20941 0.04673
444.96289 19.2459 0.04373
444.96923 19.30115 0.04585
444.97411 19.30604 0.05002
444.98062 19.26769 0.04724
444.98915 19.39546 0.05685
444.99553 19.24594 0.04766
445.00157 19.39318 0.05036
445.00779 19.38365 0.05064
445.01282 19.26599 0.05204
445.01777 19.30478 0.06131
445.02227 19.34487 0.08312
445.66261 19.30842 0.07436
445.66749 19.24205 0.06763
445.67244 19.25165 0.06535
445.67731 19.24627 0.05633
445.68422 19.26933 0.058
445.6905 19.35671 0.05581
445.69681 19.3121 0.0555
445.70294 19.2483 0.05387
445.70921 19.27477 0.06051
445.71534 19.41631 0.07552
445.72141 19.52757 0.07291
445.72791 19.38528 0.06022
445.73457 19.18995 0.0532
445.74013 19.46212 0.05648
445.7456 19.32217 0.05491
445.75096 19.36909 0.05663
445.75643 19.31081 0.05012
445.76191 19.32535 0.05524
445.76784 19.32893 0.05148
445.7737 19.36506 0.04384
445.779 19.46934 0.05099
445.78479 19.27972 0.04693
445.79025 19.39063 0.04669
445.79613 19.29482 0.04332
445.81095 19.37305 0.05062
445.81845 19.26677 0.04552
445.82455 19.20576 0.04455
445.83024 19.27916 0.04202
445.84021 19.35501 0.04803
445.84549 19.32392 0.04441
445.85174 19.28867 0.04223
445.85762 19.2667 0.04113
445.8636 19.29419 0.04145
445.86963 19.24472 0.04052
445.87567 19.29035 0.04004
445.88207 19.33355 0.04464
445.88844 19.30886 0.04224
445.89432 19.33927 0.04509
445.89983 19.35245 0.04262
445.90668 19.33791 0.04255
445.91299 19.27646 0.04086
445.91722 19.29391 0.04482
445.92351 19.26371 0.04204
445.92915 19.31536 0.04255
445.93496 19.25488 0.04182
445.94048 19.26088 0.0412
445.95216 19.29911 0.04613
445.95886 19.36471 0.04628
445.97191 19.28223 0.04342
445.97872 19.22079 0.03992
445.98437 19.36888 0.04151
445.98972 19.31541 0.04336
445.99581 19.30477 0.04363
446.00245 19.30835 0.04158
446.00827 19.23503 0.04103
446.01324 19.30849 0.04752
446.01787 19.3644 0.0586
446.0233 19.30623 0.07449
446.66046 19.36845 0.07504
446.66501 19.43278 0.07432
446.67089 19.35546 0.06181
446.67601 19.48524 0.07562
446.6814 19.4193 0.06701
446.68915 19.35288 0.06001
446.70044 19.4101 0.0614
446.70781 19.37782 0.05932
446.71375 19.37947 0.05741
446.71998 19.23253 0.05274
446.7269 19.31582 0.05426
446.73768 19.28779 0.05541
446.74263 19.33263 0.05125
446.74841 19.25714 0.05222
446.75986 19.24258 0.04297
446.76487 19.29269 0.04596
446.77004 19.20972 0.04158
446.77518 19.30857 0.04606
446.78018 19.27918 0.04424
446.78654 19.34509 0.04504
446.79243 19.27898 0.04321
446.79818 19.28268 0.04512
446.80822 19.33821 0.04916
446.81336 19.30412 0.04557
446.81934 19.36831 0.05015
446.82569 19.24663 0.04154
446.83186 19.24657 0.04407
446.83803 19.39112 0.04715
446.84316 19.24271 0.04178
446.84946 19.26121 0.04323
446.85529 19.40481 0.06201
446.86132 19.35565 0.055
446.86741 19.28095 0.07269
446.87321 19.3173 0.04345
446.87945 19.26603 0.04223
446.88583 19.29157 0.04361
446.89176 19.26162 0.04418
446.89901 19.41552 0.05453
446.90569 19.22661 0.04542
446.91293 19.32069 0.04355
446.91958 19.37003 0.04402
446.92538 19.32177 0.04247
446.93113 19.32281 0.04279
446.93686 19.3258 0.04426
446.94237 19.47238 0.04965
446.94842 19.25872 0.03984
446.95451 19.26491 0.04132
446.96034 19.35521 0.04486
446.96641 19.30148 0.04232
446.97287 19.35009 0.04495
446.97827 19.30528 0.0438
446.98464 19.31432 0.04338
446.99026 19.28636 0.04025
446.99646 19.23527 0.04427
447.00329 19.26512 0.04433
447.02248 19.32603 0.0712
448.00377 19.32389 0.0438
448.65527 19.39363 0.07836
448.70146 19.58923 0.07371
449.82958 19.30956 0.04735
449.87259 19.33006 0.04984
450.82585 19.3077 0.04974
450.86998 19.38512 0.04591
451.65338 19.40848 0.07816
451.70095 19.30795 0.05209
452.64792 19.15988 0.07113
452.69243 19.29718 0.05977
453.64519 19.24645 0.06688
453.6895 19.3232 0.0569
454.64058 19.3559 0.07755
454.68793 19.18791 0.06383
455.63923 19.34338 0.08256
455.7154 19.41759 0.06829
456.63346 19.52875 0.09783
456.67702 19.24583 0.07038
457.63067 19.22934 0.09109
457.6732 19.29272 0.07597
458.66069 19.46261 0.08208
458.7057 19.41393 0.07552
459.63016 19.55592 0.14655
459.69034 19.34538 0.11631
460.63624 19.33596 0.0971
460.72453 19.28193 0.09347
461.62523 19.50607 0.1347
461.67649 19.41078 0.0861
462.76573 19.11705 0.10001
462.80848 19.46265 0.1086
463.63005 19.10009 0.14351
463.71104 19.29876 0.10681
466.61784 19.46677 0.08601
466.61959 19.30607 0.0739
466.62134 19.43401 0.07212
466.6231 19.36607 0.06355
466.62486 19.50531 0.07632
466.62661 19.47108 0.0674
466.62943 19.33503 0.07362
466.63143 19.35022 0.08337
466.63348 19.31653 0.0693
466.67604 19.44098 0.09698
467.62749 19.33128 0.07377
468.7394 19.2223 0.05602
468.78277 19.34565 0.06647
469.73472 19.35275 0.07904
469.80235 19.43325 0.14399
470.77885 19.1987 0.09725
470.82246 19.46299 0.06091
471.77466 19.24788 0.0444
471.82993 19.37991 0.08255
472.62548 19.25107 0.06227
472.66936 19.37222 0.05455
473.62096 19.33379 0.08599
477.66775 19.278 0.05071
477.71276 19.30725 0.05186
478.62384 19.28791 0.06499
478.66775 19.29368 0.0583
479.61565 19.489 0.06517
479.65968 19.27519 0.05131
480.61506 19.36292 0.07074
480.65805 19.39594 0.06061
481.61182 19.2827 0.05938
481.69382 19.28555 0.04451
482.61769 19.3468 0.06421
482.66188 19.38113 0.051
482.67843 19.22313 0.04543
483.61039 19.41524 0.06852
483.66512 19.19322 0.05382
484.66377 19.35939 0.06224
484.70695 19.23501 0.05616
485.61939 19.31212 0.06852
485.66329 19.39247 0.0661
486.61418 19.39182 0.10413
497.84041 19.40945 0.0832
497.89223 19.38472 0.10128
498.71756 19.20927 0.05122
498.79 19.20943 0.06303
499.59404 19.34918 0.06126
499.63881 19.3722 0.05674
501.66259 19.27714 0.06045
501.75706 19.26981 0.05134
502.72145 19.24073 0.0539
502.82148 19.39328 0.0635
503.77762 19.25286 0.05218
503.8732 19.39886 0.0617
504.82418 19.29337 0.05312
504.91868 19.10037 0.06173
506.68972 19.34806 0.05881
506.73387 19.24197 0.04856
507.81368 19.36165 0.0602
507.89267 19.26707 0.0735
513.658 19.3586 0.05459
513.7418 19.2482 0.05381
514.69377 19.30393 0.06149
514.73749 19.40642 0.06678
515.69951 19.27612 0.06314
515.74236 19.4297 0.06978
516.67238 19.46439 0.08906
516.71654 19.11849 0.08046
517.61497 19.33078 0.07369
517.6584 19.26109 0.06679
518.61481 19.34043 0.07857
518.6578 19.49524 0.10318
527.74242 19.28967 0.06888
530.70615 19.59497 0.07792
530.75072 19.45933 0.08689
531.77418 19.39048 0.07273
531.81743 19.33465 0.11989
532.78408 19.36411 0.0539
532.82836 19.45814 0.0659
535.68432 19.36517 0.05259
537.58157 19.52178 0.09611
537.62557 19.34427 0.05943
538.57995 19.31648 0.05771
538.62381 19.27088 0.05018
539.58012 19.43042 0.06106
539.62283 19.27106 0.05241
540.61811 19.3498 0.05269
540.66215 19.31644 0.05027
541.61644 19.53182 0.06764
541.65945 19.4701 0.07418
544.59603 19.18637 0.05868
544.64191 19.54161 0.06236
545.59598 19.54834 0.10826
545.63939 19.34242 0.07384
558.69892 19.30524 0.12029
558.75663 19.40544 0.06438
559.7264 19.6451 0.11419
561.73304 19.34972 0.06632
561.77682 19.58867 0.08183
567.59621 19.28472 0.06477
575.6386 19.23491 0.10517
577.59504 19.35154 0.11338
577.63849 19.5674 0.13707
579.61368 19.37633 0.07138
579.65687 19.20276 0.10226
580.66998 19.31852 0.08397
580.71648 19.74125 0.16245
583.61703 19.45841 0.05982
583.66119 19.32778 0.07228
584.63985 19.37091 0.05621
584.68286 19.44846 0.0681
586.61685 19.25632 0.04978
586.66038 19.34474 0.06107
588.66264 19.29371 0.09665
588.70647 19.62249 0.12023
722.89872 19.41823 0.07138
723.91976 19.2876 0.06859
723.9634 19.41471 0.06489
730.92322 19.37876 0.1155
733.86776 19.34289 0.08858
733.91212 19.35552 0.06568
750.83279 19.22534 0.07051
750.87598 19.28329 0.05941
753.86132 19.28531 0.08202
756.88391 19.67234 0.1278
756.93392 19.37612 0.08913
759.84878 19.31767 0.08639
759.89212 19.27439 0.0746
762.79606 19.07928 0.08293
762.8402 19.35483 0.07508
766.7805 19.47463 0.07829
766.83041 19.15908 0.06013
768.77509 19.23225 0.07791
768.82037 19.28976 0.06972
769.80074 19.35269 0.06118
769.84468 19.201 0.04782
770.78189 19.23202 0.05901
770.82573 19.19979 0.05039
771.78074 19.35872 0.06231
771.82449 19.18722 0.04853
774.75968 19.32944 0.06554
774.80363 19.21621 0.05181
775.7599 19.31858 0.07919
775.80332 19.23456 0.09344
779.7464 19.28619 0.07292
779.79086 19.18483 0.05043
780.74948 19.28771 0.09869
780.79415 19.29905 0.05852
782.7508 19.26914 0.08133
782.7956 19.19983 0.06988
783.7573 19.58104 0.13561
783.80103 19.07774 0.07115
784.74207 19.13536 0.12786
789.73736 19.57683 0.11793
789.78039 19.19931 0.0936
790.73125 19.59976 0.11678
790.77463 19.26619 0.08788
791.73123 19.20692 0.08262
791.77527 19.31388 0.08979
793.74743 19.34743 0.08172
793.79097 19.2214 0.08111
794.75972 19.34964 0.061
794.81629 19.27145 0.07202
809.66644 19.36304 0.10711
809.7101 19.26035 0.07639
811.66044 19.64408 0.11935
811.7042 19.28259 0.08238
812.65876 19.25267 0.10672
812.70198 19.26117 0.07849
813.66257 19.20786 0.11813
813.70671 19.15754 0.07902
818.70874 19.3342 0.18671
820.63925 19.20865 0.09163
820.68324 19.22337 0.1408
821.63464 19.25781 0.06636
822.63132 19.27224 0.07636
822.67415 19.33383 0.05918
823.62908 19.2603 0.07989
823.67275 19.39386 0.06261
824.62608 19.40894 0.10959
824.6697 19.1823 0.05998
838.61464 19.25013 0.07942
838.65944 19.39689 0.07662
842.66208 19.34474 0.09488
843.61073 19.58255 0.15168
843.65444 19.09989 0.1079
844.60924 19.2337 0.11562
844.65374 18.99547 0.10169
849.60547 19.29169 0.0665
849.65079 19.34157 0.088
850.60468 19.39124 0.0654
850.64918 19.27435 0.06978
851.60318 19.1278 0.06327
851.64641 19.29653 0.05872
852.60416 19.32026 0.0658
852.6481 19.27786 0.05321
853.60163 19.24247 0.06189
853.6463 19.12363 0.05016
854.60164 19.25118 0.06204
854.64607 19.24518 0.05345
866.5884 19.26404 0.06958
866.64679 19.20618 0.0578
867.58757 19.36571 0.09839
867.63053 19.4374 0.07898
868.5865 19.15475 0.07483
868.63002 19.20467 0.06989
880.87841 19.15808 0.0968
880.92255 19.31543 0.0969
882.86968 19.3298 0.06494
882.87146 19.31185 0.06802
882.91495 19.12632 0.07424
883.86679 19.23686 0.06623
883.91496 19.15048 0.09563
887.63181 19.27632 0.05962
887.68352 19.39897 0.06653
888.8957 19.36505 0.12186
889.80049 19.13149 0.04452
889.84447 19.35762 0.0578
891.57974 19.12565 0.0656
891.6225 19.16705 0.05341
893.58261 19.2868 0.06521
893.62546 19.34882 0.06528
894.58144 19.19665 0.07335
894.62473 19.25827 0.14202
896.58202 19.46765 0.08226
898.82137 19.10663 0.0833
898.86551 19.39855 0.09347
899.80997 19.58086 0.1721
902.58519 19.38278 0.11777
902.64414 19.37739 0.14203
903.58342 19.3703 0.10561
903.62024 19.45593 0.11513
904.58683 19.03118 0.10742
906.58378 19.22382 0.08092
906.64029 19.22365 0.08946
916.59575 19.2384 0.0648
916.64026 19.26092 0.05741
922.6423 19.31236 0.05828
923.59751 19.28053 0.06779
923.64145 19.20426 0.05129
924.60837 19.25822 0.0574
925.59941 19.19868 0.08462
925.67897 19.20275 0.05064
926.58279 19.22686 0.0564
926.62543 19.21404 0.05404
930.58585 19.31349 0.10513
930.62499 19.31837 0.09693
931.58458 19.49987 0.09165
931.62692 19.2161 0.09046
932.62858 19.21603 0.0753
936.60917 19.43636 0.09626
936.65247 19.22029 0.0713
937.58951 19.16575 0.07676
937.63319 19.5273 0.27309
939.64879 19.26002 0.06271
939.6851 19.37127 0.06527
940.59145 19.28563 0.092
940.64013 19.33175 0.10891
941.59048 19.42178 0.13662
943.69972 19.21676 0.05931
943.74446 19.2942 0.07619
944.64379 19.2435 0.05624
944.67224 19.2383 0.06041
946.63797 19.4768 0.14306
947.59349 19.30703 0.06273
947.63713 19.60141 0.10589
949.64923 19.19887 0.0656
952.60617 19.24385 0.06434
952.64932 19.25405 0.06613
953.59751 19.11159 0.07879
953.64127 19.08565 0.05572
954.59787 19.30015 0.11553
954.64157 19.26003 0.10412
958.61566 19.26978 0.07663
958.67117 19.13642 0.07854
959.64574 19.23438 0.09105
960.60205 19.20039 0.11357
962.61935 19.23127 0.07772
962.69096 19.48121 0.1178
1059.98484 19.1489 0.09445
1060.97134 19.11848 0.0853
1061.96903 19.09654 0.10662
1063.96519 19.12987 0.10693
1065.96588 19.27406 0.12086
1066.96916 18.98216 0.08562
1067.96802 19.22404 0.07559
1068.98301 19.10122 0.17674
1070.97101 19.26332 0.10193
1071.95528 19.30567 0.08847
1075.93073 19.18002 0.07275
1075.96117 19.17276 0.06471
1076.96161 19.28259 0.0692
1077.97941 19.21415 0.11419
1078.92335 19.32668 0.07811
1078.95394 19.29028 0.07255
1079.91957 19.27756 0.08842
1079.94994 19.15116 0.06002
1081.9528 19.31378 0.1131
1084.95914 19.02279 0.1123
1085.9361 19.22648 0.13181
1085.9661 19.29662 0.09049
1086.90079 19.17188 0.0996
1086.9317 19.21735 0.0809
1086.96186 19.18174 0.07791
1087.95118 19.03107 0.07454
1088.93216 19.05897 0.06792
1088.96298 19.23422 0.07263
1089.90743 18.97589 0.08061
1089.9375 19.14888 0.06821
1090.89626 19.4918 0.1086
1091.93224 19.13798 0.0665
1091.96189 19.19201 0.0635
1092.88532 19.08977 0.06404
1092.91513 19.07068 0.0722
1092.94551 19.13181 0.05851
1093.88544 19.12607 0.07873
1093.91605 19.26261 0.07012
1093.95942 19.17371 0.06128
1094.8793 19.24599 0.08297
1094.90895 19.31186 0.07313
1094.93794 19.2914 0.05982
1095.89413 19.24193 0.07282
1095.92394 19.21275 0.07332
1095.95378 19.26304 0.06883
1096.8846 18.95625 0.06821
1096.91464 19.21575 0.06942
1096.94475 19.08235 0.05553
1097.90204 19.19869 0.06599
1099.86796 19.10797 0.05912
1099.8979 19.14577 0.05372
1099.92867 19.16522 0.04944
1100.87134 19.25949 0.07949
1100.9014 19.13844 0.0648
1100.93113 19.16246 0.0584
1101.86099 19.27459 0.08564
1101.89166 19.18195 0.07381
1101.92164 19.05524 0.06679
1102.85884 19.16664 0.07159
1102.88948 19.26734 0.063
1102.91975 19.11655 0.05078
1103.85688 19.19526 0.08239
1103.89198 19.20399 0.07107
1103.92203 19.23599 0.06179
1104.86298 19.13596 0.068
1104.89266 19.22314 0.06176
1104.92258 19.18898 0.06068
1105.87772 19.05845 0.05822
1105.90846 19.08557 0.05579
1105.93782 19.08297 0.05213
1106.84826 19.08031 0.06342
1106.87859 19.09552 0.05788
1106.90907 19.06982 0.04973
1107.84497 19.07228 0.09268
1107.87579 18.98512 0.0582
1107.90655 19.07875 0.05531
1108.86703 19.08943 0.09997
1108.89669 19.20773 0.0696
1108.92686 19.19881 0.0551
1109.93363 19.14576 0.0693
1110.86774 19.5049 0.11228
1110.89782 19.15082 0.09046
1110.92786 19.15978 0.07428
1111.86949 18.93203 0.11485
1111.91431 18.96033 0.09978
1111.94457 18.91087 0.07589
1113.8878 19.47262 0.1179
1113.93235 18.97956 0.07718
1113.96218 19.22 0.08039
1114.87108 19.34569 0.097
1114.92357 19.12066 0.08286
1114.95378 19.13496 0.06931
1115.85803 19.16606 0.09839
1115.88797 19.1335 0.08172
1115.9179 19.19786 0.09578
1116.90131 19.11551 0.07282
1116.93261 19.20931 0.07193
1116.96078 19.18004 0.0748
1117.86349 19.10002 0.08363
1117.89333 19.13915 0.06992
1117.92405 19.16901 0.06904
1118.82762 19.22209 0.10355
1118.85812 19.00138 0.08475
1118.8884 19.12475 0.07358
1119.81535 19.05526 0.09127
1119.84536 19.35507 0.10341
1120.95573 18.99858 0.10695
1123.80269 19.08336 0.06442
1123.8333 18.95063 0.05838
1123.86323 18.97126 0.04718
1124.8239 19.05498 0.0832
1124.85579 19.24185 0.07622
1124.90647 19.19227 0.05891
1125.83541 19.2994 0.06548
1125.8655 19.17589 0.05859
1125.89611 19.03112 0.05348
1126.79674 19.10018 0.06573
1126.82683 19.22684 0.07024
1126.85662 19.41712 0.12825
1127.84219 19.10824 0.06173
1127.87262 19.06853 0.0572
1128.79045 19.34642 0.09438
1128.8202 19.0589 0.05464
1128.8509 19.03938 0.04852
1129.81763 19.09908 0.0627
1129.84839 19.0543 0.05185
1130.78415 19.14277 0.07718
1130.81619 19.06479 0.06737
1130.84603 19.06612 0.05445
1131.81956 19.19696 0.06341
1131.84966 19.13883 0.05775
1131.87991 19.0969 0.05159
1132.81342 19.04686 0.05121
1132.85526 19.13874 0.05478
1133.77702 19.07116 0.06173
1133.80732 19.00015 0.04973
1133.83817 19.09866 0.05491
1135.77548 19.06531 0.06779
1135.80558 19.1242 0.05213
1135.8357 19.06348 0.03891
1136.78168 19.04453 0.06947
1136.81139 19.03028 0.0555
1136.84105 19.066 0.05161
1137.77719 19.13823 0.07147
1137.8165 19.11845 0.10726
1137.84943 19.04399 0.07178
1138.79423 19.48971 0.13523
1143.75013 19.12934 0.10974
1143.77946 19.17282 0.10529
1143.81202 19.00921 0.07869
1144.79078 19.21627 0.10407
1144.82138 19.16212 0.06793
1145.74531 19.29083 0.1556
1145.77477 19.22184 0.11512
1145.80436 19.15013 0.11147
1146.77217 19.03282 0.0879
1146.83591 19.04776 0.06493
1147.75046 19.03946 0.06461
1147.78019 19.12417 0.07435
1147.81614 19.0704 0.0653
1148.73743 19.04065 0.06098
1148.76798 19.07977 0.05841
1148.79928 19.054 0.05995
1151.84315 19.02317 0.03801
1151.87618 19.0482 0.03706
1151.91621 19.00157 0.03503
1164.86055 19.00102 0.03654
1164.89061 19.0176 0.03541
1164.92052 19.09089 0.03379
1165.82275 19.09036 0.04432
1165.85221 19.06252 0.03733
1165.88255 19.06723 0.03616
1166.78411 19.06418 0.05203
1166.82415 19.21851 0.04868
1166.85436 19.05229 0.04359
1167.76082 19.18457 0.06061
1167.79008 18.92941 0.05183
1167.82893 19.10026 0.05171
1168.73084 19.10944 0.07783
1168.76135 19.04474 0.06517
1168.79094 19.05191 0.05937
1169.70528 18.95738 0.13679
1169.73488 19.07121 0.09595
1169.78208 19.33771 0.10272
1170.70609 19.20218 0.12118
1170.73648 19.0637 0.09672
1170.76821 19.25993 0.12636
1176.74473 19.11591 0.06447
1176.77537 19.00761 0.06569
1177.67775 19.09458 0.04525
1177.71467 19.12452 0.04565
1177.7448 19.07909 0.04226
1178.65701 19.29798 0.07243
1178.7245 19.03718 0.04748
1178.75548 19.06303 0.04445
1189.71737 19.08146 0.05439
1189.74707 19.06044 0.0513
1194.65274 18.94462 0.0721
1194.68156 18.8503 0.0597
1194.73072 19.05283 0.0496
1195.63238 19.38002 0.08324
1195.68489 19.08882 0.0695
1195.74387 19.06991 0.05931
1196.64868 19.13187 0.06763
1196.67925 19.06852 0.069
1196.70945 19.20357 0.07466
1197.62224 19.29945 0.08824
1197.65122 18.9567 0.11189
1197.68048 19.13409 0.08148
1198.63271 19.17581 0.10587
1198.66294 19.14616 0.10748
1198.69225 19.02326 0.08161
1202.61563 18.99538 0.10399
1202.70169 19.08342 0.08839
1207.71676 19.09609 0.0792
1207.82773 18.93874 0.09064
1224.66207 19.09072 0.06042
1224.69182 19.10247 0.06804
1225.74851 18.99387 0.06208
1225.84088 19.19638 0.0623
1226.75858 19.28626 0.13433
1227.72154 19.16568 0.08016
1227.75148 19.17118 0.08829
1228.67316 18.98878 0.06754
1228.71 19.12722 0.08032
1229.61202 18.91886 0.08021
1229.68338 19.20539 0.08921
1230.64599 19.16024 0.09776
1230.73676 18.91738 0.07832
1231.86041 19.08468 0.08187
1232.82116 19.00842 0.05885
1233.75399 19.18701 0.07207
1233.78371 19.04556 0.09591
1234.68453 19.08327 0.05128
1234.71313 19.08984 0.05739
1235.61461 18.88265 0.04744
1235.64419 19.03021 0.04162
1236.58514 19.12887 0.0768
1236.61561 19.0436 0.04999
1237.58477 19.09715 0.0562
1237.61509 19.0819 0.04523
1238.58334 19.11208 0.0589
1238.61531 19.03625 0.04573
1239.58294 19.15655 0.05913
1239.61141 19.07795 0.04622
1251.83071 19.05094 0.04563
1251.86073 19.1364 0.05212
1252.58576 19.07156 0.04635
1252.60631 18.88556 0.04366
1252.62487 19.01583 0.04741
1252.64555 19.11868 0.05242
1252.66096 18.99259 0.0447
1252.69879 19.0811 0.04766
1252.71706 18.97713 0.04741
1252.73499 19.15788 0.04525
1252.75258 19.13726 0.04444
1252.76856 18.98432 0.04698
1252.78929 19.10917 0.05573
1252.80517 19.00047 0.05014
1252.821 19.00822 0.04621
1252.83831 19.10571 0.04759
1252.85634 19.05923 0.04602
1253.58621 19.06744 0.05348
1253.60335 19.06183 0.05769
1253.62054 19.05561 0.05521
1253.63682 19.1244 0.05112
1253.6539 19.23925 0.05818
1253.6721 19.0818 0.0593
1253.70902 19.03831 0.06099
1253.7307 19.10666 0.06137
1253.75003 19.19718 0.07923
1253.76637 19.13866 0.06372
1253.78832 19.02135 0.05727
1253.8078 19.13171 0.06558
1253.82956 18.9877 0.0597
1253.85372 19.02031 0.05934
1254.74613 19.06403 0.05224
1254.77889 19.07937 0.0678
1255.68248 19.18142 0.0756
1255.7252 19.21414 0.07267
1256.62657 19.10663 0.06679
1256.6557 19.1845 0.07489
1257.58763 19.16588 0.07772
1257.64219 18.96165 0.08111
1258.58614 19.3224 0.10971
1258.61848 18.85802 0.07539
1259.59443 19.14905 0.09582
1259.62495 18.99553 0.08042
1265.629 18.98545 0.04115
1265.6592 19.17094 0.05448
1266.58222 19.00485 0.06266
1266.6126 19.01157 0.12473
1267.58751 19.09608 0.04331
1267.61751 19.1471 0.04998
1268.59364 19.04038 0.04141
1268.62314 18.98903 0.03707
1269.58319 19.13457 0.04933
1269.58435 19.0094 0.03831
1269.58546 19.02336 0.03972
1269.58657 19.06716 0.04031
1269.58771 18.97019 0.03975
1269.58893 18.96737 0.04111
1269.59006 19.05044 0.03855
1269.59133 19.03312 0.04139
1269.59245 18.98956 0.03842
1269.59364 19.05447 0.03983
1269.59478 19.04809 0.0416
1269.596 19.07592 0.03991
1269.59713 19.01994 0.03891
1269.59843 19.03564 0.03866
1269.59956 18.98256 0.03982
1269.60977 18.92386 0.0415
1269.61093 19.03077 0.03778
1269.6121 19.08692 0.04031
1269.61321 19.0976 0.04064
1269.61434 19.06037 0.03972
1269.61547 19.04876 0.03891
1269.61659 19.13307 0.04213
1269.61773 19.08736 0.04032
1269.61884 19.06825 0.039
1269.61995 19.08725 0.03924
1269.62115 19.06276 0.04097
1269.6223 19.04021 0.03991
1269.62343 19.0699 0.03782
1269.62457 18.99098 0.03672
1269.62569 18.99812 0.03683
1269.62688 19.119 0.04033
1269.628 19.08886 0.0402
1269.6375 19.02541 0.03946
1269.63881 18.99799 0.03886
1269.64001 19.03493 0.03634
1269.64114 19.0386 0.03781
1269.64226 19.05524 0.03664
1269.64337 19.15602 0.03813
1269.6445 18.98678 0.03598
1269.64562 19.04635 0.03924
1269.64675 19.0793 0.03876
1269.64789 19.14997 0.04124
1269.64905 19.0117 0.03662
1269.65017 19.03759 0.03742
1269.65129 19.11353 0.03903
1269.65247 19.08328 0.03831
1269.65359 19.01333 0.03626
1269.65473 19.11406 0.04101
1269.65585 19.08353 0.03813
1269.65698 19.08044 0.03793
1269.65819 19.07227 0.03909
1269.65932 19.04663 0.03695
1269.66055 19.05666 0.03802
1269.66167 19.05535 0.03865
1269.66279 19.06322 0.03755
1269.66393 19.06433 0.03763
1269.66595 19.02743 0.03929
1269.66717 19.07999 0.03913
1269.66829 19.04825 0.03733
1269.66952 19.04068 0.03754
1269.67064 19.09533 0.03912
1269.67184 19.05661 0.03652
1269.673 19.06475 0.03683
1269.67412 19.05667 0.03492
1269.67533 19.05288 0.03793
1269.67646 19.09438 0.03771
1269.6776 19.03743 0.03601
1269.67883 19.02029 0.03556
1269.67997 18.99069 0.03383
1269.6812 19.0335 0.03573
1269.68232 19.03627 0.03658
1269.68343 19.06044 0.03585
1269.68473 19.00447 0.03579
1269.68592 19.0343 0.03536
1269.68705 19.01731 0.03689
1269.68816 19.08273 0.03906
1269.68929 19.04653 0.03701
1269.69041 19.13833 0.03844
1269.69157 19.00166 0.03631
1269.69269 19.04748 0.03711
1269.69383 19.05832 0.03764
1269.69496 19.02835 0.03719
1269.69608 19.06399 0.03839
1269.69898 18.99936 0.03374
1269.70011 19.13469 0.03769
1269.70126 19.07657 0.03673
1269.70241 19.04032 0.03706
1269.70357 19.09625 0.0373
1269.70468 19.14222 0.03974
1269.70581 19.08072 0.03622
1269.70705 19.00858 0.03681
1269.70816 19.01091 0.03683
1269.70937 18.96261 0.03531
1269.7105 19.03453 0.03694
1269.71167 18.98216 0.03593
1269.7128 19.06729 0.0379
1269.71403 19.06901 0.03653
1269.71516 18.9986 0.03789
1269.7163 19.02341 0.03871
1269.72641 19.04087 0.03914
1269.72763 19.09731 0.03702
1269.72875 19.07801 0.03654
1269.72987 19.02225 0.03793
1269.731 19.0198 0.03782
1269.73213 19.05579 0.03842
1269.73326 19.1373 0.03966
1269.73438 19.08253 0.03952
1269.73557 19.06668 0.04002
1269.73682 19.0298 0.03804
1269.73796 19.04422 0.0389
1269.73911 19.00416 0.03605
1269.74036 19.08314 0.03853
1269.74147 19.03551 0.03848
1269.74272 19.09838 0.03896
1269.74391 18.92216 0.03774
1269.74502 18.98935 0.03733
1269.7462 19.10748 0.04068
1269.74734 19.02036 0.04062
1269.74846 19.07158 0.04021
1269.74961 19.01881 0.03671
1269.75074 19.09914 0.0403
1269.75201 19.0345 0.03801
1269.75316 18.97742 0.03703
1269.75429 19.05212 0.03955
1269.75553 18.9946 0.037
1269.75665 19.03492 0.03789
1269.75779 19.12991 0.04422
1269.75895 19.03365 0.04053
1269.76008 19.05661 0.03999
1269.76123 19.00982 0.0399
1269.76235 19.09268 0.0421
1269.76348 19.04243 0.03961
1269.76459 19.04258 0.04062
1269.76573 18.99651 0.0384
1269.78036 19.10167 0.04456
1269.78151 19.04055 0.04373
1269.78271 19.10078 0.0442
1269.78391 18.98614 0.0417
1269.78511 19.06177 0.04163
1269.78751 19.0813 0.04282
1269.78876 19.10359 0.0418
1269.78989 19.07 0.04231
1269.79108 19.03919 0.04135
1269.79227 19.03884 0.04214
1269.79356 19.02737 0.04099
1269.79478 19.07676 0.0432
1269.7959 18.9952 0.04091
1269.79701 19.08438 0.045
1269.79816 19.08657 0.04252
1269.79928 18.9609 0.03921
1269.80041 18.93721 0.04149
1269.80156 19.04588 0.0406
1269.80276 19.07694 0.04272
1269.80404 19.00526 0.04081
1269.80517 19.03133 0.03931
1269.80638 18.96534 0.03968
1269.80752 19.04264 0.04425
1269.80866 19.12731 0.04514
1270.57931 19.0108 0.0447
1270.58058 19.0257 0.04147
1270.58188 19.07659 0.03988
1270.58305 19.12349 0.04015
1270.58429 19.08569 0.04163
1270.58556 18.96645 0.03813
1270.58671 19.06263 0.04019
1270.58798 18.9849 0.03794
1270.58926 19.01083 0.03764
1270.59051 19.03478 0.03826
1270.59176 19.05229 0.03772
1270.59301 19.0689 0.03691
1270.59588 19.02321 0.03697
1270.59719 18.99037 0.03401
1270.59846 19.04379 0.03633
1270.59973 19.02227 0.03719
1270.60101 19.01138 0.03628
1270.60229 19.02193 0.03735
1270.60361 19.04096 0.0363
1270.60484 19.04345 0.03645
1270.60617 19.05401 0.03666
1270.60733 19.0206 0.03486
1270.60868 19.13523 0.03675
1270.60993 19.04928 0.03576
1270.61121 19.0348 0.03669
1270.61244 18.98663 0.0359
1270.61368 19.10923 0.03663
1270.61481 19.07825 0.03558
1270.61593 19.04659 0.03461
1270.61713 19.16316 0.03889
1270.61835 19.02396 0.0362
1270.61963 19.00734 0.03478
1270.62082 19.00963 0.03326
1270.62212 19.06059 0.03481
1270.62324 19.03953 0.03343
1270.62438 18.9896 0.03555
1270.6255 18.99593 0.03594
1270.62668 19.05026 0.03757
1270.62781 19.07864 0.03852
1270.62895 19.08502 0.03818
1270.63017 18.9999 0.03528
1270.6313 18.99098 0.03499
1270.63259 19.03773 0.03634
1270.63372 19.11982 0.03895
1270.63484 19.05197 0.03607
1270.64581 19.1481 0.0416
1270.64713 18.97443 0.03678
1270.64825 19.03044 0.03719
1270.6495 18.95162 0.03591
1270.65082 19.02618 0.03687
1270.65222 19.05662 0.03549
1270.65336 19.05171 0.03894
1270.6545 18.99297 0.03581
1270.65562 18.98948 0.0359
1270.65697 19.06823 0.03735
1270.65832 19.05298 0.03631
1270.65959 18.97971 0.03569
1270.66092 19.02387 0.03677
1270.66217 18.98964 0.03824
1270.66351 19.08485 0.0373
1270.66477 19.03236 0.03552
1270.67891 18.98777 0.03725
1270.68008 19.02928 0.03615
1270.68122 19.08059 0.03768
1270.68243 19.06905 0.03732
1270.68382 19.03822 0.03852
1270.68508 19.01567 0.03632
1270.68653 19.11514 0.03726
1270.68784 19.01955 0.03592
1270.68912 19.02599 0.03606
1270.69114 19.03734 0.03479
1270.69232 19.02766 0.03541
1270.69365 18.97527 0.03251
1270.6948 19.03293 0.0348
1270.69617 19.03978 0.0358
1270.69746 19.01462 0.0358
1270.6986 19.05152 0.03696
1270.6999 19.00276 0.03623
1270.70121 18.95516 0.03458
1270.70235 19.1051 0.03846
1270.70349 19.09698 0.03736
1270.70482 19.05093 0.03766
1270.70613 19.08325 0.03555
1270.70726 19.0495 0.03707
1270.7086 19.08233 0.04076
1270.70972 19.04466 0.03708
1270.71103 18.97821 0.0344
1270.71235 18.98582 0.03523
1270.71347 19.08046 0.03676
1270.71481 19.03018 0.03614
1270.71608 19.03984 0.03599
1270.71722 19.10876 0.0375
1270.71853 19.07528 0.03637
1270.71967 19.03294 0.03642
1270.72098 19.01546 0.03376
1270.72302 18.96747 0.0351
1270.72439 19.05619 0.0348
1270.72553 18.98514 0.03425
1270.72665 19.02605 0.03665
1270.72793 19.06153 0.03563
1270.72927 19.04025 0.03797
1270.73043 19.00599 0.03616
1270.73161 18.97258 0.03458
1270.73292 19.02327 0.03697
1270.73506 19.03662 0.03718
1270.73622 19.08051 0.03802
1270.73753 19.03983 0.03756
1270.73887 18.99118 0.03797
1270.74001 19.0238 0.03652
1270.74126 19.07759 0.03739
1270.7424 19.12317 0.03799
1270.74369 18.97547 0.0357
1270.74498 19.12245 0.03966
1270.74609 19.03105 0.03917
1270.74744 19.05632 0.03789
1270.7486 18.97385 0.03839
1270.74995 18.9901 0.0381
1270.75121 19.03735 0.03953
1270.75241 18.99899 0.03833
1270.75372 19.08563 0.03986
1270.75502 19.0182 0.03755
1270.75706 18.99162 0.03631
1270.75826 19.10261 0.03981
1270.75948 19.03214 0.04005
1270.76078 18.99173 0.03889
1270.76208 19.04229 0.04003
1270.77223 19.05436 0.04412
1270.77464 18.98738 0.03884
1270.77775 19.07757 0.03998
1270.77887 19.00995 0.03949
1270.78012 19.07159 0.04174
1270.78147 19.02551 0.03933
1270.78273 18.94567 0.03963
1270.784 19.02045 0.04179
1270.78526 19.04267 0.04649
1270.78661 19.03036 0.04151
1270.78776 19.09074 0.04336
1270.7891 19.04335 0.04301
1270.79021 19.10524 0.04615
1270.79151 19.03223 0.04334
1270.7928 19.0488 0.04177
1270.79391 18.9271 0.04128
1270.79508 19.12693 0.04567
1270.79619 19.02494 0.04147
1270.7975 19.0521 0.04353
1270.79862 19.14352 0.04642
1270.79991 19.04749 0.04605
1270.80111 19.10062 0.04584
1270.80249 19.0743 0.04334
1270.80509 18.9981 0.04308
1270.80715 19.03725 0.04387
1270.80837 19.04767 0.04202
1270.80963 19.0277 0.04115
1271.71236 18.94973 0.04829
1271.74462 19.1941 0.05133
1272.64495 19.17779 0.05288
1272.7082 19.02724 0.04794
1273.60993 19.07921 0.04817
1273.63946 19.08618 0.05019
1281.58737 19.0559 0.07401
1281.61668 19.29657 0.07026
1282.58095 19.05137 0.05611
1282.61036 19.06152 0.0545
1282.62819 19.0975 0.05631
1297.58897 19.03103 0.04648
1297.59019 19.1093 0.04136
1297.5937 19.00603 0.0397
1297.59722 19.06034 0.04152
1297.59904 18.9973 0.03764
1297.60164 18.96023 0.03976
1297.60284 19.06482 0.04332
1297.6053 19.04854 0.04014
1297.61734 18.92487 0.04126
1297.61965 19.00549 0.03961
1297.62198 18.95291 0.04024
1297.62474 19.00657 0.04042
1297.62597 19.0971 0.0409
1297.62818 19.01805 0.0383
1297.63051 19.09406 0.04012
1297.63246 19.09832 0.04451
1297.6337 18.95264 0.04013
1297.63597 19.07007 0.04343
1297.63722 19.08755 0.04317
1297.63944 19.08403 0.04294
1297.64162 19.10581 0.04388
1297.64281 19.07071 0.04254
1297.64393 19.02357 0.0412
1297.64612 18.98456 0.04021
1297.64742 19.04588 0.04295
1297.64964 19.03377 0.04082
1297.65084 19.08664 0.04171
1297.65434 19.01627 0.04121
1297.65811 19.04322 0.04045
1297.65988 19.0027 0.04312
1297.66121 19.07876 0.04554
1297.66483 19.00787 0.04231
1297.66714 19.00295 0.0401
1297.67315 19.11629 0.04382
1297.67547 19.02054 0.04682
1297.67954 19.03946 0.04144
1297.68076 18.99677 0.04232
1297.6819 19.02081 0.04233
1297.68325 19.05293 0.04349
1297.68541 19.01846 0.04469
1297.68786 19.04085 0.04324
1297.69171 19.04008 0.04332
1297.69635 19.00989 0.04043
1297.69767 18.96972 0.04165
1297.70113 19.0032 0.04373
1297.70743 19.05575 0.04222
1297.71084 18.94338 0.04281
1297.71401 18.99992 0.04365
1297.71668 18.96147 0.04522
1297.7179 19.06768 0.04451
1297.72049 19.20982 0.0469
1297.72327 19.0403 0.04784
1297.72448 19.02714 0.04645
1297.72584 19.02485 0.04723
1297.72772 19.03289 0.04731
1297.72894 19.01914 0.04691
1297.74317 18.96676 0.04812
1297.74683 19.03283 0.04965
1297.74996 19.08346 0.04858
1297.75123 19.06273 0.04891
1297.75493 19.03518 0.05031
1297.75709 19.03141 0.05064
1297.7583 18.95946 0.04761
1297.76047 19.02174 0.05101
1297.76167 19.02165 0.05118
1297.76388 19.05302 0.05199
1297.76506 19.05264 0.05109
1297.76834 18.96762 0.04781
1297.77069 19.01199 0.05262
1297.77185 18.945 0.0539
1297.77383 18.95623 0.05309
1297.79199 19.05741 0.06253
1297.79318 18.94579 0.05291
1297.79645 19.00678 0.06049
1297.79838 19.0008 0.06671
1297.79953 19.13806 0.06523
1297.80077 19.14359 0.06901
1297.80192 19.13239 0.06391
1297.80312 19.06056 0.0732
1297.80437 19.0669 0.06145
1297.80564 18.88354 0.05853
1297.80864 19.12453 0.06781
1298.58895 19.04142 0.05356
1298.59013 19.0528 0.05768
1298.59235 19.00676 0.08553
1298.59354 19.10665 0.08391
1298.59724 19.0196 0.07747
1298.59842 19.00442 0.06854
1298.60089 19.14554 0.08115
1298.6021 19.05261 0.06513
1298.60332 18.95306 0.07103
1298.60466 18.97773 0.09328
1298.60701 19.07075 0.07469
1298.60823 19.04094 0.07514
1298.61034 19.11046 0.07228
1298.61272 19.14418 0.06941
1298.61595 19.01595 0.05347
1298.61811 19.03994 0.04641
1298.62047 18.9875 0.0481
1298.62171 18.9941 0.06204
1298.62426 18.92909 0.04705
1298.62643 19.09882 0.06224
1298.62762 19.00673 0.07136
1298.63098 19.061 0.05477
1298.63219 18.98409 0.05163
1298.63473 19.03787 0.05861
1298.63687 18.93425 0.05195
1298.63807 18.876 0.05475
1298.63935 18.90363 0.05578
1298.64364 18.99354 0.04395
1298.64578 19.00685 0.0496
1298.64695 19.01112 0.05447
1298.6481 19.00063 0.04677
1298.65082 19.02869 0.05473
1298.65294 19.00635 0.04905
1298.65509 18.93734 0.03945
1298.65745 18.91491 0.06107
1298.65865 18.98147 0.04118
1298.66081 19.04428 0.04364
1298.66198 18.97359 0.04143
1298.66411 18.97078 0.0438
1298.66639 19.00874 0.0433
1298.6699 18.99986 0.04298
1298.68256 19.01949 0.04967
1298.68492 19.12564 0.05672
1298.68729 18.96006 0.07706
1298.68852 19.10179 0.09022
1298.6908 19.20554 0.15518
1301.59099 18.9875 0.04339
1302.5927 19.13616 0.12434
1302.62153 19.03959 0.05568
1305.59416 19.01105 0.04464
1305.62276 18.96201 0.0424
1307.60089 19.29318 0.08188
1307.63151 19.20697 0.05812
1308.60019 19.00009 0.05433
1308.63015 19.11535 0.06662
1310.60466 19.22454 0.06024
1310.63503 19.05166 0.05734
1311.59823 18.96835 0.05311
1311.62777 19.18604 0.06858
1312.59699 18.99829 0.08306
1312.63396 19.31031 0.09921
1313.60478 19.09461 0.06009
1313.63593 18.97981 0.06021
1314.61498 19.02724 0.06422
1314.64504 19.19828 0.08456
1322.60046 19.36117 0.07351
1322.63022 19.02913 0.06564
1323.59943 18.97486 0.0504
1323.60059 19.15289 0.04981
1323.60172 19.012 0.04613
1323.60284 18.96578 0.04411
1323.60396 18.95013 0.0413
1323.60508 18.93638 0.04213
1323.60621 19.02493 0.04431
1323.60734 18.98438 0.04351
1323.60846 18.95337 0.04129
1323.60959 19.0603 0.04523
1323.61071 19.04106 0.04443
1323.61183 19.00954 0.04232
1323.61297 19.02364 0.0438
1323.61409 18.98644 0.04559
1323.61521 19.10098 0.04503
1323.61635 18.96111 0.04292
1323.61747 19.04478 0.04543
1323.61859 19.04773 0.044
1323.61971 18.95808 0.04459
1323.62085 18.91352 0.04202
1323.62197 18.93707 0.04292
1323.62309 18.94184 0.04169
1323.62423 18.99398 0.04548
1323.62535 18.99978 0.04549
1323.62647 19.04428 0.0439
1323.62759 19.00063 0.04401
1323.62872 18.94048 0.0448
1323.62985 19.10435 0.04911
1323.63097 19.00863 0.04432
1323.6321 18.97539 0.04698
1323.63322 19.00107 0.04339
1323.63435 19.02602 0.04769
1323.63549 19.1834 0.05119
1323.63661 19.04981 0.04977
1323.63773 18.9974 0.0427
1323.63887 19.00075 0.04461
1323.63999 18.94345 0.04391
1323.64112 18.99642 0.04281
1323.64225 19.0236 0.04739
1323.64338 19.08644 0.04471
1323.6445 18.94747 0.04461
1323.64563 19.11499 0.0498
1323.64676 18.9273 0.04301
1323.64789 19.08958 0.04489
1323.64902 19.09527 0.04919
1323.65014 19.08721 0.0489
1323.65127 19.05753 0.047
1323.6524 18.93123 0.0465
1323.65352 18.99845 0.04628
1323.65465 18.96765 0.04669
1323.65577 19.15462 0.04839
1323.65691 18.99925 0.04589
1323.65803 19.05559 0.04649
1323.65917 19.02886 0.0491
1323.66029 18.88922 0.04824
1323.66255 18.98553 0.04535
1323.66367 18.93909 0.04981
1323.6648 19.0647 0.05169
1323.66594 19.05708 0.05122
1323.66706 19.20843 0.05732
1323.66819 19.09229 0.05632
1323.66932 19.17217 0.05667
1323.67045 19.01234 0.0532
1323.67158 19.18746 0.05441
1323.67271 19.01311 0.05478
1323.67384 19.06741 0.05109
1323.67496 19.06469 0.05343
1323.67613 19.09626 0.05722
1323.67725 19.21032 0.06022
1323.67838 19.07483 0.05619
1323.67951 18.95805 0.0522
1323.68065 19.05691 0.05551
1323.68177 19.00678 0.0542
1323.6829 18.99429 0.0554
1323.68402 18.94347 0.0522
1323.68516 19.01258 0.05611
1323.68628 19.11597 0.05739
1323.68742 19.01558 0.05255
1323.68855 18.95799 0.0516
1323.68967 18.99688 0.05589
1323.69081 19.03138 0.05399
1323.69194 18.94898 0.05661
1323.69306 19.25657 0.06421
1323.6942 18.992 0.06665
1323.69532 19.12786 0.0742
1323.69644 19.02406 0.06098
1323.69758 19.17862 0.06474
1323.6987 19.16735 0.06447
1323.69982 19.07917 0.07172
1323.70094 19.30113 0.07869
1323.70208 19.21367 0.06774
1323.7032 19.03098 0.06443
1323.70434 19.15818 0.07055
1323.70546 19.07199 0.07231
1323.70659 19.09883 0.07219
1323.70772 19.16221 0.08244
1323.70887 19.1751 0.07803
1323.71001 19.32767 0.09374
1323.71114 19.30032 0.09152
1323.71226 19.0511 0.07603
1323.7134 18.92229 0.08305
1323.71565 19.23935 0.08919
1323.71679 19.24786 0.10636
1323.71791 19.21297 0.09118
1323.71905 18.941 0.11096
1323.72017 19.18072 0.09862
1323.7213 19.25875 0.10347
1323.72242 18.80017 0.09621
1323.72356 19.33546 0.11589
1323.72468 19.13904 0.12134
1323.72582 19.27308 0.1184
1323.72695 19.2051 0.09678
1323.72921 19.0346 0.09345
1323.73034 19.23859 0.107
1323.73259 19.12458 0.12115
1323.73485 18.99198 0.1344
1324.6344 19.05184 0.04941
1324.67356 19.09166 0.05129
1328.60109 19.07401 0.05469
1328.63041 18.99871 0.04034
1329.6158 19.0931 0.06647
1330.60568 19.05063 0.05026
1330.63442 19.04627 0.04899
1336.60557 19.15447 0.0586
1336.6347 19.06706 0.06091
1337.61678 18.92145 0.04813
1337.646 18.96383 0.04972
1339.61462 18.72201 0.07868
1339.64973 19.01781 0.09076
1340.62168 19.09441 0.05427
1340.65261 18.91674 0.06061
1341.63432 19.01764 0.06517
1342.61542 19.12225 0.07193
1342.64414 18.84949 0.06951
1431.98143 19.02523 0.12384
1432.97832 19.19467 0.08899
1433.97522 18.92898 0.05951
1434.97306 19.0892 0.06548
1440.95678 19.24768 0.10276
1441.9545 19.11011 0.10786
1442.95121 18.93743 0.07609
1443.94843 18.95652 0.05473
1444.94545 18.90553 0.08279
1444.97977 18.81961 0.11302
1446.9404 19.03591 0.05481
1446.9746 18.99527 0.0693
1447.93827 19.07233 0.04649
1447.97245 18.97043 0.07211
1448.93551 18.92049 0.04542
1448.97043 18.91502 0.05184
1449.9322 18.8519 0.04472
1449.96744 18.94231 0.0473
1450.93056 18.99885 0.04624
1450.96471 18.98191 0.05113
1451.92757 19.02414 0.05094
1451.96268 19.01712 0.05114
1452.92487 18.93689 0.04762
1452.95905 18.89522 0.0403
1453.9223 19.12362 0.05874
1453.95718 19.05846 0.05507
1454.91904 19.0022 0.05031
1454.9531 18.95293 0.04351
1455.91706 18.99666 0.04689
1455.95123 18.92613 0.03944
1456.91361 18.94168 0.04799
1456.94859 18.96811 0.04082
1457.91086 18.97179 0.0484
1457.9457 19.04437 0.04703
1458.90893 19.02715 0.04908
1458.94334 18.94499 0.04029
1459.90596 19.01144 0.0491
1459.94092 19.03487 0.04161
1460.9034 18.94825 0.04597
1460.93791 18.98727 0.04091
1461.90107 19.00803 0.04871
1461.93811 18.97564 0.04041
1462.89824 19.00147 0.04864
1462.93439 19.17897 0.05504
1463.89576 18.96025 0.06804
1463.93218 18.94193 0.04153
1469.87982 18.93947 0.06691
1469.91685 18.87238 0.05733
1471.87375 18.97349 0.06805
1471.91001 19.23285 0.06555
1473.86804 19.29762 0.1201
1473.90477 19.08211 0.0828
1475.86334 19.00553 0.07226
1475.9008 19.05633 0.07513
1476.86102 19.18927 0.07659
1476.89765 18.98702 0.0817
1477.85777 18.94929 0.09843
1485.83631 18.95718 0.04943
1486.83403 18.9239 0.04396
1486.87106 19.01941 0.04363
1488.83006 18.92592 0.04667
1488.86647 18.89335 0.03908
1489.82698 18.80483 0.049
1489.86366 18.95675 0.04254
1491.8581 19.17659 0.08618
1498.802 18.85106 0.08519
1498.83888 18.91772 0.0741
1502.79167 19.0709 0.06097
1502.82864 18.8294 0.0515
1503.78903 18.85395 0.0435
1503.82769 18.9073 0.04487
1504.82017 19.00469 0.05247
1504.86992 18.95771 0.04076
1504.90811 18.98651 0.04396
1505.81768 19.08166 0.05121
1505.9509 18.85188 0.03769
1505.98842 18.99969 0.05695
1506.89349 18.99981 0.05011
1507.80198 18.92357 0.04115
1507.84712 18.88391 0.03839
1507.99891 18.98375 0.04479
1508.90167 18.91475 0.03128
1509.79634 18.94312 0.03936
1509.83877 18.86042 0.03442
1510.8262 18.87827 0.03499
1511.79111 18.89236 0.03956
1511.84089 18.88886 0.036
1512.78788 19.00463 0.04558
1512.82519 18.90514 0.04089
1513.78624 18.96302 0.04082
1513.82352 18.86397 0.034
1514.7834 18.85536 0.04085
1514.82081 18.91677 0.03774
1515.78106 18.94166 0.04079
1515.82231 18.91937 0.03739
1516.77774 18.88485 0.03896
1516.81437 18.92477 0.03231
1517.77605 18.8846 0.04198
1517.81715 18.86559 0.03209
1517.97309 18.86261 0.03367
1518.87478 18.89226 0.03178
1518.96686 18.95435 0.03485
1519.00311 18.90179 0.03547
1519.90443 18.83718 0.02978
1519.96504 18.89639 0.03127
1520.00171 18.88817 0.03322
1520.90327 18.8424 0.03292
1520.95521 18.90119 0.03255
1520.99262 18.91012 0.0322
1521.89446 18.91998 0.03267
1521.95772 18.8934 0.03476
1521.99393 18.89309 0.03282
1527.76434 18.74232 0.09866
1527.80142 19.08448 0.10637
1528.72198 18.86018 0.10347
1528.81982 18.92603 0.06866
1528.87422 19.01149 0.08128
1529.90241 18.96827 0.06086
1529.93849 18.97305 0.06265
1529.97462 19.10029 0.0692
1532.71221 18.97737 0.04827
1532.85928 18.84312 0.03833
1532.89645 18.89442 0.03741
1533.79895 18.90766 0.03645
1533.93493 18.96641 0.04284
1533.97228 18.91755 0.04205
1537.84525 18.93614 0.03212
1537.9874 18.93718 0.03151
1539.69386 18.97647 0.04857
1539.88447 18.88934 0.02946
1539.9215 18.8798 0.03178
1540.97669 18.83392 0.03076
1541.6883 18.89 0.04759
1541.83165 18.8651 0.09997
1542.96698 18.95302 0.03611
1543.00294 18.89861 0.03802
1543.90463 18.90536 0.07011
1543.97085 18.83032 0.03218
1544.00787 18.93605 0.03694
1546.67441 18.87047 0.04687
1546.75907 18.89017 0.03741
1546.94639 18.86001 0.03283
1547.84788 18.92368 0.03611
1548.0057 18.89363 0.03599
1548.66959 19.03831 0.06469
1548.70582 18.86753 0.04748
1548.74172 18.87644 0.04586
1549.66591 18.7609 0.05341
1549.70273 19.05264 0.05667
1549.73967 18.94381 0.04834
1550.66388 18.97759 0.07223
1550.6994 18.72653 0.06476
1550.73216 18.95123 0.05891
1551.66063 19.06184 0.087
1551.72202 19.1352 0.07642
1551.75862 18.96189 0.05779
1552.66117 19.02118 0.08034
1552.71291 19.04207 0.07731
1552.74635 18.93214 0.06322
1561.66061 19.0211 0.04543
1561.89034 19.16089 0.05912
1561.92356 18.97549 0.05114
1562.93459 18.97086 0.04437
1563.02169 19.03 0.05379
1563.6524 19.00748 0.04662
1563.6893 18.87648 0.04675
1563.77494 18.97119 0.04
1564.72602 19.01028 0.04388
1564.99301 18.9166 0.04167
1565.02672 18.91348 0.04663
1565.92832 18.98606 0.0397
1565.98151 18.95832 0.04224
1566.01544 18.80086 0.04091
1566.91724 18.95765 0.03683
1566.96287 18.93814 0.03806
1566.99591 18.87952 0.03927
1567.8986 18.89289 0.0333
1567.96702 18.84363 0.03324
1568.00039 18.96004 0.0382
1568.90245 18.94847 0.03301
1568.96343 19.00652 0.03807
1568.99843 19.04452 0.04594
1569.90084 18.96945 0.04043
1569.99803 18.83445 0.04902
1570.03082 18.89384 0.0623
1571.62526 19.00356 0.06432
1571.69052 18.96034 0.07207
1571.72419 19.12292 0.06196
1572.62632 18.95463 0.04479
1572.66032 18.90286 0.04342
1572.69287 18.9357 0.05061
1573.61429 18.92788 0.05181
1573.64765 18.90002 0.04304
1573.77817 18.8963 0.03505
1576.83948 18.94453 0.03732
1577.00541 18.84133 0.04673
1577.60601 18.91023 0.05789
1577.63144 19.01144 0.05932
1577.77306 18.96504 0.04517
1578.67217 18.88243 0.05472
1578.69674 18.91127 0.04888
1578.75347 18.76434 0.041
1579.73584 18.95396 0.05001
1579.85963 18.9746 0.05259
1579.88516 18.90499 0.04898
1580.7875 18.95051 0.05167
1580.8553 18.99843 0.0527
1580.88022 18.85597 0.0543
1581.78167 19.19083 0.08402
1581.83883 19.13948 0.07781
1581.86464 18.99019 0.07182
1587.62864 18.85319 0.03973
1587.78993 18.88341 0.05204
1587.81475 18.8278 0.05198
1588.71625 19.013 0.07254
1588.86644 18.84977 0.06495
1588.89281 18.97869 0.07378
1589.79481 18.8783 0.03874
1589.81959 18.95079 0.04029
1589.84642 18.89707 0.04235
1590.76387 18.84527 0.03926
1590.8749 18.89516 0.04315
1590.89969 18.91411 0.04302
1591.80204 18.84189 0.07026
1591.86057 18.87994 0.03965
1591.88508 18.81364 0.04117
1592.81972 18.83626 0.03541
1592.91348 18.91064 0.04343
1592.93852 18.88709 0.04541
1596.59731 18.78554 0.04466
1596.81771 18.86536 0.04442
1596.84238 18.87319 0.04436
1597.74425 18.88627 0.04361
1597.82393 18.77458 0.05591
1597.84943 18.88907 0.06147
1598.75163 18.88339 0.04191
1598.82179 18.85939 0.04553
1598.84855 18.90027 0.04065
1599.75014 18.87178 0.03545
1599.79577 18.87229 0.03281
1599.82112 18.91918 0.03902
1600.77441 18.93638 0.03556
1600.8753 18.83344 0.03886
1602.59024 18.94245 0.05334
1602.75501 19.06052 0.07741
1602.78065 18.91825 0.05289
1603.68227 18.85657 0.04427
1603.74296 18.93056 0.04485
1603.81581 18.79141 0.0364
1604.73691 18.85194 0.03808
1604.92616 18.91181 0.04299
1605.64733 18.82323 0.03724
1605.67213 18.84801 0.03793
1606.58401 18.7581 0.07316
1606.60932 18.84437 0.05249
1606.64241 18.85231 0.09456
1607.82225 18.97972 0.05403
1607.84927 18.94147 0.04513
1608.75086 18.8146 0.04985
1608.81398 18.88083 0.05301
1608.84048 18.81991 0.06465
1609.8617 18.84922 0.05354
1609.88847 18.85553 0.05762
1621.79766 18.88274 0.04676
1622.58588 18.97803 0.0426
1623.58717 18.98759 0.05136
1624.57999 18.81931 0.04112
1624.60429 18.73258 0.03417
1625.70494 18.95989 0.03952
1625.74386 18.9104 0.03658
1626.64578 18.88436 0.03854
1626.67007 18.89327 0.03749
1627.83411 18.69021 0.1033
1628.73144 18.90751 0.04106
1628.76212 18.93825 0.04434
1637.58042 18.84024 0.05175
1637.60549 18.96448 0.05768
1639.58002 18.86202 0.06556
1639.60438 18.91981 0.06013
1640.58279 18.89067 0.06401
1640.61699 19.00935 0.07015
1648.58277 18.94472 0.05212
1648.61266 18.93087 0.05285
1649.57885 18.87788 0.05376
1649.60387 18.85618 0.0437
1650.58762 18.98199 0.04814
1653.61955 19.06736 0.06796
1658.58519 18.81855 0.03719
1658.62914 18.80799 0.03559
1659.58605 18.80544 0.03744
1659.61086 18.86052 0.03902
1660.58569 18.76517 0.03925
1660.61029 18.88207 0.03975
1661.58623 18.85108 0.10503
1662.58587 18.89938 0.04665
1662.61038 18.8815 0.05412
1663.59143 18.89187 0.04065
1663.6171 18.86357 0.04133
1664.58594 18.91922 0.10788
1664.6104 18.81599 0.05135
1668.58721 19.14347 0.11997
1668.61177 18.92514 0.0531
1669.61423 18.68614 0.07001
1670.58877 18.90761 0.10556
1675.5969 18.83449 0.04056
1675.6459 18.87543 0.05125
1676.59181 18.78212 0.04271
1676.61781 18.86116 0.04145
1677.60718 18.86267 0.08732
1678.61458 18.82301 0.03987
1678.64019 18.79587 0.04056
1680.60724 18.91544 0.04823
1683.59693 18.87111 0.04367
1683.63252 18.83255 0.04057
1685.59847 18.91668 0.06352
1685.6471 18.7754 0.05671
1686.63379 19.11726 0.089
1687.59886 18.87479 0.04257
1687.64144 18.89417 0.04182
1690.60286 18.87701 0.04882
1690.64549 18.89168 0.04865
1697.60505 18.95076 0.05896
1699.60928 18.95065 0.07123
1816.96412 18.9344 0.04731
1816.97531 18.99173 0.06412
1817.96427 18.91755 0.04201
1817.97654 18.8991 0.05906
1818.96227 18.87105 0.03691
1818.97512 18.84571 0.05212
1819.96647 19.16696 0.07659
1819.97765 19.03787 0.0872
1820.96625 18.73143 0.06775
1820.97769 19.09644 0.0901
1821.96237 18.93623 0.07824
1821.9727 19.01899 0.08854
1822.96143 18.7345 0.05965
1822.97681 18.9233 0.0811
1823.96094 18.88326 0.07126
1823.97346 18.88707 0.09183
1824.96428 18.96287 0.0685
1824.97573 19.03639 0.06523
1826.96127 18.86354 0.05167
1826.97472 18.96115 0.06641
1827.96384 18.9171 0.04596
1827.97622 18.80464 0.0619
1828.9654 18.85594 0.04548
1828.97804 18.94842 0.06165
1829.96383 18.90687 0.04058
1829.97653 18.84871 0.04793
1830.96102 18.93638 0.04122
1830.97338 18.91301 0.04344
1832.9648 18.89034 0.03359
1832.97563 18.90375 0.04022
1833.96568 18.86996 0.03769
1833.97644 18.8314 0.04633
1834.96484 18.92429 0.03443
1834.9776 18.88288 0.05019
1835.96569 18.89244 0.03941
1835.97723 18.93931 0.05317
1836.96625 18.8826 0.03267
1836.97711 18.91474 0.04555
1837.96638 18.88154 0.0322
1837.98211 18.80195 0.05836
1838.96389 18.89813 0.03157
1838.9786 18.9049 0.04803
1839.96511 18.90298 0.03269
1839.97834 18.90828 0.04132
1840.96951 18.7935 0.03392
1840.98137 18.91352 0.05265
1841.96857 18.86572 0.03273
1841.98075 18.96898 0.05137
1844.96636 18.93286 0.03778
1844.97887 18.89951 0.04006
1845.96726 18.89734 0.03493
1845.98002 18.87111 0.03904
1846.96666 18.91281 0.03413
1846.98115 18.86305 0.03796
1847.96648 18.88485 0.03167
1847.98151 18.8868 0.03608
1848.96743 18.86962 0.03188
1848.98312 18.92658 0.0414
1849.96813 18.87877 0.05394
1849.98235 18.79745 0.05043
1850.96941 18.94125 0.08333
1850.98368 19.10001 0.0998
1851.97048 18.86834 0.05352
1851.98675 18.9156 0.05891
1854.96165 18.88511 0.04853
1854.98771 18.87233 0.04838
1855.96071 18.81432 0.04386
1855.98393 18.8989 0.04727
1856.96087 19.07645 0.07028
1856.98328 18.95955 0.05634
1858.96243 18.81237 0.03521
1858.98507 19.04122 0.0407
1859.96515 18.86478 0.03045
1859.98697 18.86245 0.03608
1861.96231 18.92331 0.0333
1861.98508 18.84105 0.03347
1862.9659 18.8345 0.03449
1862.98227 18.81642 0.03266
1863.94981 18.86716 0.0319
1864.94576 18.79902 0.03528
1864.96947 18.82028 0.03905
1865.92975 18.9828 0.04862
1865.96089 18.94396 0.0323
1867.98799 18.85631 0.03297
1868.96536 18.8784 0.03335
1868.98567 18.89285 0.03561
1869.96092 18.88945 0.03332
1869.98231 18.84231 0.03006
1870.96467 18.83753 0.02907
1870.98635 18.88513 0.03048
1874.97428 18.88789 0.02934
1874.99622 18.87822 0.03428
1875.98151 18.91635 0.0342
1875.99752 18.9063 0.0376
1876.91773 18.86982 0.03003
1876.94717 18.90557 0.03081
1877.9745 18.90635 0.03016
1877.9957 18.89905 0.03251
1878.00741 18.98981 0.05486
1878.9086 18.97886 0.04839
1878.93847 18.89316 0.04926
1879.92838 18.96791 0.05792
1879.95816 18.93038 0.05713
1880.95792 19.0851 0.10395
1880.9882 18.90312 0.06508
1882.96877 18.82763 0.07537
1882.98848 18.96981 0.07923
1883.9421 18.94969 0.05049
1883.98158 18.93095 0.0491
1884.99956 18.9225 0.04729
1885.96448 18.90359 0.04178
1885.98159 18.83044 0.03822
1886.91453 18.90889 0.03795
1886.94264 18.88481 0.0381
1887.91623 18.90765 0.03416
1887.94902 18.87894 0.03425
1888.86519 18.87815 0.03135
1888.89905 18.87823 0.03252
1888.91008 18.89858 0.03069
1888.94196 18.91118 0.03326
1890.94091 18.85586 0.03049
1890.97479 18.89327 0.03342
1895.83087 18.86041 0.03834
1895.86667 18.89103 0.04426
1972.71463 19.0441 0.04541
1972.73749 19.15162 0.04892
1978.74407 19.08025 0.05209
1978.79927 19.32187 0.07439
1979.72374 19.13627 0.06439
1980.71766 19.17463 0.05066
1980.83416 18.98654 0.04786
1981.71538 19.07188 0.04319
1981.77818 19.08339 0.04337
1984.71333 19.16484 0.06295
1984.78092 19.3033 0.09176
1986.72544 19.19431 0.05195
1986.79095 19.23232 0.06596
1987.70535 19.13398 0.05193
1987.76948 19.12265 0.05422
1988.66321 19.18782 0.05396
1989.60286 19.10905 0.04817
1989.66828 19.11129 0.05166
1990.59847 19.04579 0.04924
1990.66232 19.06116 0.04617
1991.66882 19.36931 0.1121
2000.62591 19.06305 0.04696
2000.65668 19.05016 0.05807
2001.60725 19.00476 0.04375
2001.63454 19.06832 0.03935
2002.61812 19.1357 0.13907
2011.62365 18.99492 0.04268
2011.65019 19.01693 0.04759
2014.60229 19.12682 0.04963
2014.62433 19.12067 0.0481
2015.60026 19.15274 0.05513
2015.6199 19.11108 0.05132
2018.60146 19.17122 0.04945
2018.62586 19.18033 0.05221
2019.59637 19.10846 0.0587
2019.61004 19.15928 0.05363
2030.59868 19.15404 0.05135
2037.60179 19.02096 0.04766
2039.60447 19.10681 0.04962
2040.60372 19.07265 0.04757
2040.65327 19.08244 0.06077
2041.64649 18.97487 0.04349
2042.59979 18.97972 0.04185
2042.64647 19.02804 0.04392
2043.60053 19.02549 0.04601
2043.64542 19.04482 0.04291
2044.59961 19.37089 0.06273
2044.64222 19.17429 0.06437
2046.59907 19.14541 0.05699
2046.64082 19.32503 0.07244
2047.65127 19.23478 0.05958
2047.65361 19.03567 0.05618
2059.60766 19.03751 0.04623
2059.61723 19.12353 0.04864
2063.60738 19.0054 0.05381
2063.61933 19.00282 0.05248
2064.61072 19.08154 0.05337
2064.62756 19.1415 0.05679
2065.60805 19.32076 0.07628
2065.62471 19.24404 0.07349
2066.61485 19.35262 0.12368
2067.60784 19.08831 0.0546
2067.62545 19.20363 0.06151
2069.61019 19.12441 0.05551
2069.6409 19.11489 0.073
2070.61078 19.13781 0.05898
2070.6277 19.07301 0.05427
2071.61023 19.0594 0.05695
2071.6267 19.1042 0.05412
2089.61859 18.98379 0.09166
2089.62798 18.90119 0.08592
2090.63028 19.00576 0.1008
2091.62051 19.0194 0.09874
2091.62877 19.14439 0.09161
2179.97424 18.65642 0.09915
2180.95646 19.10806 0.07275
2185.96692 19.20197 0.06835
2187.96362 18.96143 0.04875
2188.93765 18.90734 0.04155
2188.96808 18.90979 0.04649
2189.95594 19.08188 0.04369
2190.94422 18.98048 0.04826
2190.9766 19.11182 0.08165
2191.9217 19.00355 0.04788
2191.95614 19.04481 0.04954
2192.94672 18.88528 0.04612
2192.97846 18.96049 0.08246
2193.93573 19.07926 0.04691
2193.96862 19.07005 0.05659
2194.94374 19.03151 0.04418
2194.97431 19.12038 0.06183
2195.94595 19.13507 0.05305
2195.97546 19.09988 0.07046
2196.92539 18.99818 0.05824
2196.97637 19.14685 0.08259
2197.91796 19.08786 0.04905
2197.96971 19.02982 0.04865
2198.93165 18.98533 0.04708
2198.96479 18.9951 0.04621
2199.9472 18.81479 0.04427
2199.9815 18.67886 0.11174
2207.95261 18.87888 0.06473
2207.98422 19.1507 0.06872
2208.90735 18.89355 0.061
2208.94607 19.00171 0.0568
2209.93937 18.99162 0.0713
2209.97959 18.93354 0.05833
2210.9363 18.97047 0.04849
2210.97519 19.01724 0.05244
2211.94997 19.00681 0.0516
2211.98409 19.03927 0.06953
2212.9376 19.04652 0.07037
2212.97329 18.92089 0.07431
2214.96163 18.97448 0.04288
2216.93262 18.99858 0.04254
2216.97994 18.93264 0.04448
2218.92712 18.97607 0.0405
2218.977 18.90981 0.04236
2219.94247 19.00501 0.03468
2219.97077 19.00933 0.03408
2220.92305 19.03419 0.03603
2220.98129 18.93684 0.03842
2225.95176 19.04148 0.03348
2226.95332 18.97783 0.03409
2227.93417 19.00559 0.037
2227.97035 19.02451 0.0367
2231.91879 19.00797 0.03949
2231.96902 18.97333 0.03448
2232.8829 18.82615 0.04825
2232.9489 18.97795 0.04235
2237.93379 18.9858 0.05959
2237.98326 19.14341 0.06203
2238.91268 18.89589 0.04336
2238.96563 18.99162 0.04488
2239.93796 18.93611 0.04434
2239.98313 19.05701 0.04892
2240.95317 18.98033 0.04621
2241.93368 19.11792 0.05267
2242.93933 19.01823 0.03727
2242.98523 18.95182 0.03718
2244.91131 18.97409 0.03542
2244.96611 18.91108 0.03243
2245.87591 18.98203 0.03372
2245.91376 18.92501 0.03179
2246.89995 19.01201 0.03768
2246.93423 18.99494 0.03511
2247.92574 18.96147 0.0326
2247.95614 18.96306 0.03206
2248.84393 18.926 0.03596
2248.8782 19.00012 0.03558
2249.88436 18.88119 0.03406
2249.9163 18.95544 0.03518
2250.88236 18.88572 0.03529
2250.92114 18.94826 0.03911
2251.8693 18.94321 0.03381
2251.91419 18.94909 0.03293
2267.93864 18.8046 0.08129
2267.9816 19.04466 0.05479
2554.97044 19.15356 0.06063
2555.93989 19.03126 0.04784
2555.96363 18.96816 0.04731
2564.94449 19.11951 0.06971
2564.95195 19.13197 0.07533
2565.94418 19.11539 0.06047
2567.951 18.89483 0.05986
2567.97572 19.14567 0.06764
2568.92119 18.94316 0.05718
2568.97479 19.15821 0.06656
2569.92685 19.00229 0.04547
2570.93954 18.92095 0.04643
2571.91515 19.02087 0.0503
2571.96845 19.06788 0.05163
2572.94 19.024 0.04604
2572.961 19.05302 0.04983
2573.95955 19.01574 0.04203
2574.96997 18.97445 0.04874
2575.96076 19.04893 0.04192
2576.95096 19.02695 0.04318
2577.97714 19.02598 0.04943
2578.93031 19.02481 0.04579
2578.9597 19.12414 0.04609
2579.93833 19.00197 0.0443
2579.96636 18.97063 0.04781
2580.94991 19.06246 0.04834
2580.97641 19.00596 0.05212
2581.93908 18.94227 0.04127
2581.96061 19.07247 0.04334
2582.96612 19.01223 0.0408
2582.9889 19.08048 0.07755
2583.93612 19.05584 0.04064
2583.97225 19.0175 0.04312
2584.92871 18.93902 0.04093
2584.97404 18.92452 0.0416
2585.92275 19.03972 0.04992
2585.96134 18.963 0.04352
2586.91575 19.17525 0.06886
2592.99636 19.28117 0.08007
2595.9848 19.0749 0.05525
2596.95384 19.06987 0.05384
2596.98786 19.00319 0.05239
2597.93735 18.95782 0.0439
2597.9794 18.98179 0.04487
2598.9281 19.07977 0.04482
2598.97263 18.95638 0.04104
2599.94579 19.03343 0.04913
2600.96483 19.04829 0.04487
2601.9531 19.00242 0.04535
2601.99102 18.94067 0.04383
2602.95616 18.92634 0.04316
2602.99208 19.0608 0.05409
2603.95654 19.07546 0.04285
2603.99274 18.98545 0.04179
2604.96148 18.87598 0.03805
2604.99535 19.03452 0.04416
2605.93926 18.92458 0.03496
2605.97693 18.92011 0.0362
2606.94732 18.98883 0.04079
2606.99101 19.00539 0.04272
2607.92659 18.95483 0.03899
2607.97806 19.03525 0.04251
2608.92515 19.07976 0.04319
2608.96585 19.00449 0.03971
2609.94301 19.01857 0.04725
2610.89516 18.97113 0.05047
2610.92695 18.93018 0.0417
2611.90199 18.98706 0.04145
2611.93252 19.01091 0.04448
2612.88937 19.03617 0.04462
2612.93148 18.96663 0.0385
2613.84046 18.97352 0.05292
2613.87193 19.08253 0.04731
2613.90353 18.93863 0.03824
2614.96436 18.96104 0.03905
2614.99496 19.01669 0.03918
2615.90761 19.07625 0.06004
2615.95637 19.0217 0.0395
2621.98607 18.89446 0.10099
2622.96114 19.19164 0.11102
2622.98808 19.15654 0.10883
2623.99038 19.30373 0.1181
2624.01266 19.06053 0.10269
2624.97236 18.88985 0.06858
2624.99829 18.91597 0.07466
2625.94454 18.9943 0.05425
