#mjd mag magerr
55061.92501 19.62281 0.06059
55061.95573 19.53176 0.04917
55063.91987 19.49608 0.0601
55063.9639 19.51849 0.05039
55064.92128 19.61486 0.05366
55064.9656 19.58141 0.0529
55066.91014 19.46533 0.05928
55066.95474 19.503 0.05114
55067.91649 19.69045 0.07518
55067.96099 19.6802 0.07669
55069.90324 19.50057 0.04996
55069.94786 19.5219 0.05444
55080.87449 19.1354 0.13103
55084.86328 19.43338 0.07711
55087.85609 19.58658 0.0594
55087.90101 19.5125 0.05385
55088.96983 19.52126 0.05553
55089.01521 19.56414 0.05415
55089.94574 19.62496 0.05786
55089.99042 19.54943 0.05416
55093.83741 19.58619 0.05884
55093.88196 19.46786 0.04987
55096.8292 19.40636 0.05298
55097.00858 19.35155 0.07519
55104.99862 19.52983 0.07314
55107.79764 19.56333 0.1098
55114.88125 19.56459 0.06492
55114.92522 19.42608 0.16757
55119.89538 19.49693 0.06102
55119.95365 19.44559 0.06215
55123.75696 19.41568 0.05573
55123.81523 19.54775 0.05472
55126.97957 19.53039 0.0747
55127.83329 19.44081 0.06829
55127.87706 19.42169 0.07099
55135.82555 19.47452 0.1233
55135.86926 19.48708 0.11795
55138.71472 19.79049 0.12905
55142.7036 19.44895 0.05967
55142.75219 19.44692 0.07649
55144.77886 19.45783 0.05853
55144.82305 19.33428 0.05951
55151.72943 19.38958 0.0787
55151.77257 19.43546 0.06619
55166.70473 19.66763 0.15376
55166.74897 19.62151 0.14297
55168.63378 19.44508 0.08902
55168.6775 19.52005 0.09494
55175.61224 19.46829 0.05133
55175.65684 19.53967 0.05112
55181.59421 19.39785 0.08328
55181.63825 19.51197 0.07553
55183.59204 19.6718 0.11216
55183.64253 19.51628 0.07414
55189.58054 19.62611 0.10101
55189.62557 19.40376 0.07652
55194.59026 19.4521 0.11304
55199.58559 19.40364 0.07046
55201.58642 19.20354 0.14329
55202.58667 19.38588 0.06629
55203.71441 19.35065 0.0661
55203.75743 19.51159 0.07155
55207.63092 19.37191 0.05699
55207.67514 19.4726 0.05995
55209.5968 19.5732 0.0558
55209.64149 19.36803 0.04986
55213.63312 19.59737 0.0663
55213.6798 19.5496 0.07908
55377.85123 19.76279 0.12678
55377.89535 19.83598 0.11358
55378.90615 19.62428 0.12826
55379.8591 19.57823 0.09408
55379.92482 19.52585 0.07539
55380.87684 19.7209 0.10739
55380.92078 19.57537 0.12765
55381.89606 19.34395 0.0693
55381.93934 19.42943 0.06341
55384.82671 19.59459 0.06549
55384.87028 19.43058 0.0616
55385.87021 19.46216 0.05511
55385.91339 19.60817 0.05971
55386.86524 19.43811 0.07816
55386.90867 19.53624 0.06029
55387.87002 19.44293 0.06959
55387.91342 19.44845 0.05016
55388.86609 19.39114 0.07952
55388.91005 19.42895 0.06492
55390.80957 19.64443 0.09638
55390.85393 19.46568 0.0739
55391.80613 19.37621 0.10568
55391.87538 19.64032 0.06651
55392.83258 19.46183 0.07739
55392.87538 19.44292 0.06957
55394.79908 19.63363 0.11508
55394.8431 19.62736 0.083
55395.79551 19.76286 0.10423
55395.84215 19.65065 0.06931
55396.79527 19.51302 0.10539
55396.83932 19.42883 0.05392
55397.79163 19.39899 0.1052
55397.83526 19.64444 0.06878
55398.78764 19.61953 0.15767
55398.83124 19.60596 0.08038
55399.78802 19.26456 0.15117
55399.83261 19.59638 0.12298
55400.78534 19.6001 0.1171
55400.8289 19.52895 0.09896
55401.78133 19.34572 0.15368
55401.82518 19.73067 0.11875
55402.8246 19.63322 0.20794
55403.77642 19.82972 0.16342
55403.81973 19.52571 0.12309
55404.77424 19.74021 0.14019
55404.84266 19.48403 0.11348
55405.8416 19.66527 0.13967
55407.83003 19.70819 0.12383
55411.79896 19.50785 0.09461
55412.75232 19.87856 0.13128
55412.79539 19.90868 0.11699
55413.75577 19.83378 0.16647
55413.79945 19.59787 0.12034
55414.79555 19.83037 0.10405
55415.75266 19.63183 0.16225
55415.79727 19.96959 0.13664
55417.84511 19.66544 0.12128
55418.84121 19.87159 0.10994
55419.75121 19.68652 0.14198
55421.73664 19.7528 0.09082
55421.79901 19.52537 0.0636
55422.75115 19.61824 0.09237
55422.79487 19.53157 0.06727
55423.74742 19.63934 0.09086
55423.79284 19.61648 0.06771
55424.75349 19.48426 0.09366
55424.80178 19.67116 0.06409
55425.76166 19.7428 0.08789
55425.80573 19.61913 0.06021
55426.80123 19.58934 0.07697
55426.8444 19.6668 0.06229
55427.79708 19.67465 0.08526
55427.8408 19.55044 0.06879
55428.79281 19.74916 0.08746
55428.83703 19.74937 0.08117
55429.8142 19.60639 0.08016
55429.85716 19.62784 0.0847
55430.75769 19.37662 0.10876
55430.80485 19.63594 0.09128
55431.75639 19.66233 0.10939
55431.80024 19.66402 0.14404
55432.73907 19.32263 0.12446
55432.78359 19.83767 0.13396
55433.7493 19.7931 0.14538
55434.73769 19.35281 0.1592
55435.69148 19.71965 0.18499
55436.88575 19.4567 0.12685
55436.88891 19.28576 0.12657
55436.8919 19.88587 0.12876
55436.89501 19.81075 0.13625
55436.89797 19.53169 0.14086
55436.90109 19.69243 0.11926
55436.9042 19.88936 0.11707
55436.90728 19.74479 0.12626
55436.91041 19.63553 0.12778
55436.91351 19.81366 0.11276
55436.91641 19.77124 0.13996
55436.91931 19.83905 0.12446
55436.92221 19.71832 0.11106
55436.92514 19.75022 0.12184
55436.92806 19.54604 0.12766
55436.93096 19.78097 0.12535
55436.93413 19.60635 0.11316
55436.93703 19.77769 0.12865
55436.93974 20.01567 0.16944
55436.94613 19.77587 0.11206
55436.94915 19.69948 0.13695
55436.95231 19.63231 0.13056
55436.9553 19.66962 0.14046
55436.95826 19.67374 0.10997
55436.96116 19.77518 0.11356
55436.96403 19.54161 0.09488
55436.96671 19.80533 0.11929
55438.88857 19.56779 0.12806
55438.89169 19.90663 0.11037
55438.89485 19.58238 0.09818
55438.89798 19.93986 0.09886
55438.90086 19.58122 0.08836
55438.90371 19.47872 0.09327
55438.9065 19.93019 0.09017
55438.90927 19.80719 0.10659
55438.91204 19.68148 0.09298
55438.91487 19.70581 0.14825
55438.91763 19.37909 0.08717
55438.92084 19.52781 0.12876
55438.92394 19.8149 0.14125
55438.92672 19.6116 0.11635
55438.92954 19.41897 0.12656
55438.93259 20.00929 0.13096
55438.93551 19.63143 0.13176
55438.93833 19.8562 0.10567
55438.94106 19.69232 0.15014
55438.94411 19.62044 0.11646
55438.94678 19.70162 0.13266
55438.95017 19.56585 0.11526
55438.95913 19.59848 0.10178
55438.96141 19.68187 0.12975
55440.87507 19.71307 0.08616
55440.87823 19.55629 0.08067
55440.88428 19.70446 0.07298
55440.88675 19.67335 0.08226
55440.8894 19.554 0.08346
55440.89205 19.63014 0.07486
55440.89518 19.35252 0.06318
55440.89832 19.58985 0.08765
55440.90145 19.67222 0.08314
55440.90439 19.28995 0.08275
55440.90729 19.77948 0.07488
55440.91025 19.55171 0.07429
55440.91316 19.6249 0.07937
55440.91591 19.5925 0.08217
55440.9187 19.55398 0.06746
55440.92149 19.45651 0.07814
55440.92426 19.49893 0.09056
55440.93095 19.67369 0.08695
55440.93364 19.44357 0.07506
55440.93623 19.60214 0.09074
55440.9395 19.81869 0.08166
55440.94264 19.54504 0.08765
55440.94582 19.72514 0.08697
55440.94883 19.74117 0.07995
55440.95182 19.65586 0.08165
55440.95489 19.77363 0.07997
55440.95791 19.65465 0.08746
55441.87301 19.66142 0.0639
55441.87592 19.78659 0.06351
55441.88645 19.71127 0.06421
55441.88962 19.68326 0.0638
55441.89254 19.63509 0.07081
55441.89542 19.76004 0.05962
55441.89828 19.66402 0.0659
55441.90107 19.6248 0.06759
55441.9037 19.72852 0.05821
55441.90634 19.59655 0.07225
55441.90906 19.60459 0.05521
55441.9118 19.67319 0.0643
55441.91445 19.74063 0.06168
55441.91722 19.60471 0.05659
55441.91981 19.7473 0.06829
55441.92242 19.68337 0.06769
55441.92546 19.69771 0.0625
55441.9281 19.41971 0.05822
55441.93183 19.56611 0.0611
55441.93458 19.65308 0.05891
55441.93727 19.68576 0.07189
55441.94048 19.77618 0.06532
55441.94326 19.69612 0.06341
55441.94546 19.78901 0.0639
55441.94852 19.50866 0.05801
55441.95194 19.77117 0.06302
55441.95469 19.7576 0.06071
55441.95786 19.75323 0.06738
55441.96081 19.51321 0.07328
55441.96392 19.6804 0.0646
55441.96715 19.5291 0.05814
55441.97012 19.69283 0.06549
55441.97294 19.75854 0.06428
55441.97532 19.62338 0.0607
55441.97757 19.80827 0.06648
55441.9798 19.66665 0.06372
55441.9835 19.58829 0.06018
55441.9863 19.70879 0.084
55441.98852 19.59061 0.06102
55441.99078 19.65852 0.06469
55441.99382 19.66838 0.06782
55442.00593 19.76436 0.0719
55442.00906 19.68372 0.07547
55442.01216 19.64114 0.0743
55442.01486 19.61294 0.08378
55442.01753 19.58858 0.11309
55442.02001 19.78033 0.10769
55442.02226 20.05983 0.1396
55442.70382 19.57022 0.07079
55442.70734 19.52242 0.07299
55442.71097 19.60721 0.08497
55442.71448 19.46838 0.06357
55442.71808 19.66271 0.06627
55442.72168 19.59345 0.06976
55442.72527 19.54498 0.05841
55442.73272 19.61073 0.06698
55442.74184 19.67047 0.06729
55442.74882 19.59317 0.05771
55442.75572 19.56167 0.06217
55442.76147 19.6517 0.0593
55442.76615 19.69299 0.0645
55442.77616 19.71618 0.06758
55442.78135 19.77152 0.06057
55442.78615 19.60006 0.05647
55442.79145 19.70325 0.05831
55442.79615 19.54887 0.05211
55442.80186 19.54863 0.06108
55442.8093 19.65859 0.0622
55442.81443 19.57345 0.06259
55442.81939 19.5413 0.05379
55442.82447 19.67429 0.06058
55442.8293 19.64952 0.05769
55442.83541 19.58878 0.05239
55442.84012 19.75264 0.06089
55442.84597 19.58883 0.058
55442.85112 19.56237 0.06608
55442.85657 19.64934 0.05899
55442.86387 19.69742 0.06419
55442.87002 19.6029 0.05748
55442.87503 19.62435 0.05942
55442.88048 19.71805 0.06187
55442.88617 19.59926 0.06008
55442.89221 19.5934 0.05842
55442.89785 19.76038 0.0618
55442.90297 19.62548 0.05536
55442.90871 19.72264 0.0629
55442.91368 19.64673 0.05988
55442.91875 19.69033 0.05788
55442.92384 19.61885 0.05959
55442.93037 19.65741 0.07189
55442.93642 19.73483 0.0591
55442.94588 19.74837 0.07319
55442.95166 19.69266 0.05706
55442.95754 19.70982 0.07118
55442.96246 19.61476 0.06
55442.96833 19.80441 0.08777
55442.97317 19.71511 0.06448
55442.97782 19.66536 0.05769
55442.98206 19.68176 0.06081
55442.9872 19.72109 0.06228
55442.99348 19.67504 0.06167
55442.99858 19.72604 0.06491
55443.00329 19.74149 0.07478
55443.01002 19.60555 0.05883
55443.01702 19.56263 0.07031
55443.02387 19.78677 0.13441
55443.67742 19.70548 0.13536
55443.68488 19.69156 0.09269
55443.69287 19.65875 0.0812
55443.70415 19.67099 0.0768
55443.71028 19.7961 0.08178
55443.71632 19.62269 0.07796
55443.72231 19.33009 0.07426
55443.72832 19.75348 0.07588
55443.736 19.71344 0.08226
55443.74306 19.61739 0.08115
55443.74812 19.70631 0.08306
55443.75372 19.6327 0.06947
55443.75946 19.66325 0.07436
55443.76526 19.55358 0.06668
55443.77007 19.53709 0.07396
55443.78027 19.77061 0.07448
55443.78539 19.70891 0.07556
55443.79156 19.62584 0.06707
55443.79717 19.73206 0.06239
55443.80302 19.69778 0.0647
55443.80895 19.65399 0.06616
55443.81493 19.59692 0.06918
55443.8204 19.80105 0.07002
55443.82634 19.557 0.06736
55443.83239 19.63467 0.05937
55443.83783 19.73916 0.06788
55443.84415 19.66355 0.05879
55443.84958 19.65633 0.07136
55443.85553 19.69946 0.06908
55443.86252 19.67182 0.06707
55443.87576 19.60517 0.06286
55443.88141 19.49182 0.05842
55443.88892 19.64792 0.06558
55443.89412 19.75612 0.07761
55443.90077 19.42635 0.08385
55443.90658 19.73876 0.06479
55443.91235 19.71339 0.07096
55443.91779 19.66746 0.08435
55443.92403 19.72248 0.07357
55443.92967 19.45726 0.06747
55443.93496 19.54675 0.06048
55443.94073 19.66066 0.06867
55443.94779 19.7551 0.07416
55443.95355 19.77431 0.06607
55443.95925 19.63586 0.06287
55443.9693 19.79544 0.10034
55443.97555 19.72208 0.07436
55443.98144 19.68859 0.07036
55443.98725 19.83351 0.08028
55443.99456 19.61537 0.07267
55444.00093 19.71423 0.06947
55444.0061 19.63585 0.05719
55444.01187 19.75918 0.06798
55444.0175 19.78208 0.08867
55444.02231 19.91672 0.12127
55444.66648 19.87538 0.14578
55444.67221 19.76535 0.13409
55444.67727 19.50002 0.10511
55444.68857 19.6473 0.10367
55444.69526 19.80906 0.09061
55444.70198 19.57286 0.08261
55444.7091 19.56051 0.09899
55444.71487 19.56351 0.08687
55444.72103 19.60677 0.07387
55444.72796 19.72212 0.0792
55444.73377 19.69219 0.06948
55444.74094 19.73412 0.08329
55444.74655 19.49984 0.06951
55444.75167 19.70561 0.06907
55444.75678 19.65478 0.06669
55444.76225 19.7678 0.07327
55444.7673 19.72184 0.06979
55444.77353 19.76726 0.07548
55444.77876 19.67315 0.07019
55444.78368 19.74861 0.06461
55444.79848 19.6531 0.06339
55444.80403 19.63907 0.07107
55444.81599 19.57792 0.07308
55444.8213 19.59468 0.05807
55444.83332 19.60579 0.0605
55444.83854 19.58871 0.06957
55444.84549 19.61649 0.05869
55444.85161 19.65446 0.06362
55444.85679 19.67141 0.05551
55444.86267 19.79576 0.07201
55444.86777 19.75704 0.08221
55444.87321 19.73591 0.05882
55444.87872 19.66031 0.0676
55444.88467 19.61395 0.07547
55444.89016 19.76802 0.08219
55444.89581 19.68502 0.0829
55444.90153 19.61555 0.05901
55444.90845 19.73094 0.07629
55444.91349 19.68765 0.06418
55444.92279 19.65563 0.06529
55444.93139 19.63616 0.05888
55444.94041 19.72582 0.06347
55444.94568 19.70471 0.0595
55444.951 19.75311 0.08987
55444.95724 19.59841 0.0596
55444.96289 19.7809 0.07048
55444.96923 19.65315 0.05722
55444.97411 19.64604 0.0608
55444.98062 19.7867 0.068
55444.98915 19.75046 0.07891
55444.99553 19.56794 0.06222
55445.00157 19.68918 0.06732
55445.00779 19.70265 0.0707
55445.01282 19.51299 0.07839
55445.01777 19.62878 0.08438
55445.02227 19.77487 0.11639
55445.66261 19.74142 0.12
55445.66749 19.66105 0.0844
55445.67244 19.71865 0.08682
55445.67731 19.81727 0.08878
55445.68422 19.53833 0.07038
55445.6905 19.68571 0.07488
55445.69681 19.5911 0.08876
55445.70294 19.5153 0.06976
55445.70921 19.72678 0.07699
55445.71534 19.81031 0.0903
55445.72141 19.66057 0.11157
55445.72791 19.44828 0.09907
55445.73457 19.53795 0.08466
55445.74013 19.75412 0.06976
55445.7456 19.79617 0.07019
55445.75096 19.68809 0.06491
55445.75643 19.70581 0.07948
55445.76191 19.72635 0.07939
55445.76784 19.65893 0.06534
55445.7737 19.57206 0.07598
55445.779 19.76134 0.06796
55445.78479 19.60972 0.0628
55445.79025 19.57663 0.07186
55445.79613 19.70882 0.06488
55445.81095 19.72005 0.0641
55445.81845 19.55877 0.056
55445.82455 19.68976 0.05761
55445.83024 19.67016 0.05939
55445.84021 19.71202 0.06629
55445.84549 19.71992 0.06078
55445.85174 19.67067 0.057
55445.85762 19.7357 0.05779
55445.8636 19.85418 0.0614
55445.86963 19.68072 0.06038
55445.87567 19.60935 0.0552
55445.88207 19.75155 0.05701
55445.88844 19.78986 0.0604
55445.89432 19.75527 0.06956
55445.89983 19.66245 0.05849
55445.90668 19.63191 0.05931
55445.91299 19.74047 0.05771
55445.91722 19.60991 0.06049
55445.92351 19.70871 0.06869
55445.92915 19.59536 0.05891
55445.93496 19.61088 0.05749
55445.94048 19.67088 0.05707
55445.95216 19.84511 0.06709
55445.95886 19.58871 0.06736
55445.97191 19.67423 0.06139
55445.97872 19.66879 0.05798
55445.98437 19.56988 0.06028
55445.98972 19.72441 0.07589
55445.99581 19.71377 0.06259
55446.00245 19.76335 0.06485
55446.00827 19.71803 0.05999
55446.01324 19.6885 0.06409
55446.01787 19.8044 0.07917
55446.0233 19.66924 0.11376
55446.66046 19.79745 0.12329
55446.66501 19.69278 0.0879
55446.67089 19.74746 0.09018
55446.67601 19.38424 0.0935
55446.6814 19.6243 0.07889
55446.68915 19.50988 0.08118
55446.70044 19.8241 0.08258
55446.70781 19.66182 0.0698
55446.71375 19.49447 0.07698
55446.71998 19.71154 0.0727
55446.7269 19.71082 0.07072
55446.73768 19.84479 0.08967
55446.74263 19.65462 0.08019
55446.74841 19.78015 0.07908
55446.75986 19.69158 0.06231
55446.76487 19.75169 0.06441
55446.77004 19.72573 0.06561
55446.77518 19.80357 0.06262
55446.78018 19.72918 0.0613
55446.78654 19.65409 0.0633
55446.79243 19.69098 0.06068
55446.79818 19.71168 0.06328
55446.80822 19.71321 0.06522
55446.81336 19.62612 0.05813
55446.81934 19.83931 0.06072
55446.82569 19.73863 0.06809
55446.83186 19.78357 0.05933
55446.83803 19.70912 0.0691
55446.84316 19.73371 0.06152
55446.84946 19.79121 0.06479
55446.85529 19.60081 0.08061
55446.86132 19.76065 0.07205
55446.86741 19.80195 0.1038
55446.87321 19.80731 0.05722
55446.87945 19.58503 0.06029
55446.88583 19.70457 0.06028
55446.89176 19.68362 0.05594
55446.89901 19.82552 0.07779
55446.90569 19.71761 0.06968
55446.91293 19.59269 0.0662
55446.91958 19.55303 0.06428
55446.92538 19.64277 0.05523
55446.93113 19.64581 0.06566
55446.93686 19.7928 0.06151
55446.94237 19.69338 0.06112
55446.94842 19.68972 0.05969
55446.95451 19.65391 0.05849
55446.96034 19.70221 0.05603
55446.96641 19.65648 0.05909
55446.97287 19.87309 0.06101
55446.97827 19.62628 0.06377
55446.98464 19.64032 0.05574
55446.99026 19.69636 0.0624
55446.99646 19.53227 0.06232
55447.00329 19.65912 0.0571
55447.02248 19.89703 0.10467
55448.00377 19.62689 0.05638
55448.65527 19.56163 0.1248
55448.70146 19.73523 0.08889
55449.82958 19.60556 0.07716
55449.87259 19.52706 0.06171
55450.82585 19.5837 0.08028
55450.86998 19.62012 0.06295
55451.65338 19.71248 0.09223
55451.70095 19.54795 0.07374
55452.64792 19.90088 0.0909
55452.69243 19.43718 0.07746
55453.64519 19.93745 0.11045
55453.6895 19.6502 0.08017
55454.64058 19.5239 0.13849
55454.68793 19.51891 0.101
55455.63923 19.78538 0.1266
55455.7154 19.88259 0.09357
55456.63346 19.94475 0.13919
55456.67702 19.52283 0.10825
55457.63067 19.48235 0.13706
55457.6732 19.62073 0.11365
55458.66069 19.75061 0.11016
55458.7057 19.77793 0.13456
55459.63016 19.36292 0.13606
55459.69034 19.73138 0.15428
55460.63624 19.63696 0.11459
55460.72453 19.69292 0.10366
55461.67649 19.82478 0.14126
55462.76573 19.64805 0.17086
55462.80848 19.66665 0.14527
55463.63005 19.33709 0.1552
55466.61784 19.85977 0.12298
55466.61959 19.69907 0.12256
55466.62134 19.58901 0.10768
55466.6231 19.63807 0.08551
55466.62486 19.64831 0.11528
55466.62661 19.58708 0.10286
55466.62943 19.93303 0.10599
55466.63143 19.87422 0.09646
55466.63348 19.57453 0.09657
55466.67604 20.02398 0.20374
55467.62749 19.65728 0.11441
55468.7394 19.7453 0.08358
55468.78277 19.71165 0.09052
55469.73472 19.47775 0.11259
55470.77885 19.9927 0.1371
55470.82246 19.73299 0.07793
55471.77466 19.71788 0.06587
55471.82993 19.66491 0.10585
55472.62548 19.55107 0.08326
55472.66936 19.56221 0.07461
55473.62096 19.67079 0.1038
55477.66775 19.934 0.08922
55477.71276 19.80825 0.08709
55478.62384 19.95391 0.09076
55478.66775 19.87568 0.09136
55479.61565 19.494 0.08126
55479.65968 19.62319 0.07657
55480.61506 19.73492 0.11069
55480.65805 19.62294 0.07449
55481.61182 19.74269 0.09835
55481.69382 19.76455 0.06048
55482.61769 19.6448 0.09867
55482.66188 19.60313 0.07686
55482.67843 19.69013 0.06819
55483.61039 19.66524 0.0839
55483.66512 19.69622 0.08438
55484.66377 19.81839 0.0872
55484.70695 19.61601 0.09779
55485.61939 19.72512 0.09069
55485.66329 19.58947 0.07648
55486.61418 19.63482 0.09554
55497.89223 19.89372 0.16215
55498.71756 19.69127 0.07376
55498.79 19.69643 0.08141
55499.59404 19.69218 0.07701
55499.63881 19.6302 0.08166
55501.66259 19.74913 0.088
55501.75706 19.71981 0.08208
55502.72145 19.58373 0.08446
55502.82148 19.68828 0.10216
55503.77762 19.56386 0.08991
55503.8732 19.78986 0.08907
55504.82418 19.66437 0.07708
55504.91868 19.66637 0.10438
55506.68972 19.68006 0.09483
55506.73387 19.64497 0.08299
55507.81368 19.80565 0.07608
55507.89267 19.63707 0.10737
55513.658 19.8886 0.08555
55513.7418 19.66019 0.09056
55514.69377 19.89393 0.10045
55514.73749 19.65942 0.09466
55515.69951 19.74812 0.08591
55515.74236 19.7337 0.09546
55516.71654 19.6435 0.13563
55517.61497 19.66778 0.10286
55517.6584 19.60209 0.11036
55518.61481 19.95444 0.11185
55518.6578 19.87924 0.13936
55527.74242 19.39767 0.09326
55530.70615 19.73897 0.08231
55530.75072 19.66133 0.10575
55531.77418 19.98548 0.11514
55531.81743 19.73465 0.16837
55532.78408 19.67611 0.06598
55532.82836 19.73014 0.09637
55535.68432 19.42217 0.06987
55537.58157 19.87178 0.11349
55537.62557 19.68727 0.0751
55538.57995 19.69448 0.08508
55538.62381 19.59888 0.06896
55539.58012 19.79842 0.08369
55539.62283 19.59306 0.06983
55540.61811 19.5848 0.06605
55540.66215 19.64844 0.06743
55541.61644 19.57882 0.0818
55541.65945 19.5661 0.09654
55544.59603 19.82137 0.08652
55544.64191 19.72161 0.07653
55545.59598 19.59634 0.08849
55545.63939 19.56442 0.09139
55558.69892 19.29224 0.16744
55558.75663 19.77544 0.10145
55559.7264 20.0071 0.13894
55561.73304 19.51572 0.09529
55561.77682 19.67867 0.14218
55567.59621 19.55772 0.07632
55575.595 19.56923 0.13366
55575.6386 19.62991 0.13106
55577.59504 19.43054 0.16665
55579.61368 19.32833 0.09256
55579.65687 19.67776 0.11486
55580.66998 19.60152 0.10866
55583.61703 19.61841 0.06951
55583.66119 19.68178 0.08767
55584.63985 19.55191 0.06779
55584.68286 19.58946 0.10676
55586.61685 19.56832 0.07915
55586.66038 19.38574 0.07556
55588.66264 19.55571 0.12172
55588.70647 19.82349 0.14031
55722.89872 19.34523 0.09536
55723.91976 19.2266 0.08278
55723.9634 19.32071 0.07667
55730.92322 19.62476 0.15328
55733.86776 19.18089 0.08119
55733.91212 19.37952 0.07207
55750.83279 19.44634 0.07181
55750.87598 19.30329 0.0666
55753.86132 19.53731 0.10759
55756.88391 19.51534 0.13079
55756.93392 19.27412 0.08603
55759.84878 19.28667 0.08449
55759.89212 19.35239 0.09358
55762.79606 19.05828 0.11299
55762.8402 19.34983 0.08667
55766.7805 19.25463 0.07819
55766.83041 19.38508 0.0722
55768.77509 19.29925 0.083
55768.82037 19.41076 0.10058
55769.80074 19.31969 0.07317
55769.84468 19.277 0.05032
55770.78189 19.32801 0.06758
55770.82573 19.26279 0.06006
55771.78074 19.24772 0.07359
55771.82449 19.26722 0.04993
55774.75968 19.22644 0.08421
55774.80363 19.33621 0.05939
55775.7599 19.35158 0.08065
55775.80332 19.24456 0.08936
55779.7464 19.46819 0.0931
55779.79086 19.29683 0.0644
55780.74948 19.25771 0.07831
55780.79415 19.33305 0.06641
55782.7508 19.45014 0.09311
55782.7956 19.07483 0.10545
55783.7573 19.44204 0.12532
55783.80103 19.17874 0.1096
55789.73736 19.38683 0.18638
55789.78039 19.53031 0.15636
55790.73125 19.32876 0.16116
55790.77463 19.54219 0.10177
55791.73123 19.36492 0.11339
55791.77527 19.27188 0.09239
55793.74743 19.31943 0.08792
55793.79097 19.37539 0.11567
55794.75972 19.21864 0.07406
55794.81629 19.33746 0.09427
55809.66644 19.35404 0.14503
55809.7101 19.34435 0.07888
55811.66044 19.44208 0.12015
55811.7042 19.2726 0.08228
55812.65876 19.20067 0.11371
55812.70198 19.35217 0.09098
55813.66257 19.22886 0.11683
55813.70671 19.32454 0.08751
55818.70874 19.1842 0.15163
55820.63925 19.63465 0.10641
55821.63464 19.40481 0.08223
55822.63132 19.23724 0.07985
55822.67415 19.27583 0.06567
55823.62908 19.1643 0.0771
55823.67275 19.38986 0.07289
55824.62608 19.55394 0.10489
55824.6697 19.2423 0.06058
55838.61464 19.46713 0.10559
55838.65944 19.58889 0.0915
55842.61856 19.59314 0.13737
55842.66208 19.41974 0.14865
55843.61073 19.50555 0.12499
55843.65444 19.69589 0.20205
55844.60924 19.3797 0.15339
55844.65374 19.45347 0.18095
55849.60547 19.44969 0.07307
55849.65079 19.44857 0.10509
55850.60468 19.35524 0.07918
55850.64918 19.42135 0.07248
55851.60318 19.3218 0.07256
55851.64641 19.37153 0.05853
55852.60416 19.31326 0.07389
55852.6481 19.48186 0.06389
55853.60163 19.30247 0.08227
55853.6463 19.37563 0.05994
55854.60164 19.32318 0.0879
55854.64607 19.47817 0.05944
55866.5884 19.37104 0.08197
55866.64679 19.35118 0.08247
55867.58757 19.11971 0.0952
55867.63053 19.5354 0.08837
55868.5865 19.48975 0.0987
55868.63002 19.30567 0.07209
55880.87841 19.39008 0.1015
55880.92255 19.31143 0.10609
55882.86968 19.51781 0.08167
55882.87146 19.39985 0.07969
55882.91495 19.43132 0.08122
55883.86679 19.34386 0.0746
55883.91496 19.64148 0.15064
55887.63181 19.52232 0.06799
55887.68352 19.51997 0.0905
55888.8957 19.56105 0.1055
55889.80049 19.38849 0.05989
55889.84447 19.34962 0.06599
55891.57974 19.40265 0.08448
55891.6225 19.53205 0.07388
55893.58261 19.4408 0.07709
55893.62546 19.49582 0.07627
55894.58144 19.40265 0.07721
55896.58202 19.40965 0.09381
55898.82137 19.39963 0.13336
55898.86551 19.69155 0.12845
55899.80997 19.30286 0.13823
55902.58519 19.59178 0.14933
55902.64414 19.4674 0.13484
55903.58342 19.5633 0.12209
55903.62024 19.48993 0.1279
55904.58683 19.64919 0.16168
55906.58378 19.39982 0.104
55906.64029 19.49665 0.10065
55916.59575 19.4694 0.07967
55916.64026 19.46992 0.08018
55922.6423 19.32236 0.07547
55923.59751 19.34653 0.08627
55923.64145 19.20926 0.07636
55924.60837 19.36822 0.06349
55925.59941 19.55668 0.09691
55925.67897 19.48875 0.06691
55926.58279 19.31686 0.06679
55926.62543 19.44704 0.0747
55930.58585 19.37649 0.1329
55930.62499 19.34437 0.11631
55931.58458 19.61287 0.12528
55931.62692 19.3311 0.16059
55932.62858 19.76003 0.12292
55936.60917 19.41436 0.10924
55936.65247 19.59628 0.10523
55937.58951 19.43275 0.08746
55939.64879 19.43402 0.07769
55939.6851 19.29827 0.09152
55941.59048 19.30278 0.15313
55943.69972 19.24276 0.08028
55943.74446 19.5412 0.08828
55944.64379 19.3265 0.07141
55944.67224 19.4263 0.0702
55946.63797 19.2288 0.14706
55947.59349 19.37003 0.07272
55947.63713 19.44741 0.10231
55949.64923 19.38787 0.07456
55949.6924 19.78953 0.16217
55952.60617 19.26285 0.0846
55952.64932 19.34505 0.0834
55953.59751 19.30858 0.10027
55953.64127 19.46765 0.07499
55954.59787 19.58915 0.12992
55954.64157 19.53003 0.11001
55958.61566 19.49179 0.09721
55958.67117 19.42141 0.11509
55959.64574 19.36838 0.1363
55960.60205 19.06639 0.10808
55960.64497 19.61531 0.17969
55962.61935 19.45627 0.11878
56059.98484 19.6989 0.15579
56060.97134 19.97849 0.14516
56061.96903 19.85554 0.13569
56063.96519 19.95887 0.15979
56065.96588 19.97506 0.17102
56066.96916 19.37216 0.13738
56067.96802 19.85505 0.11646
56070.97101 19.73832 0.12031
56071.95528 19.55567 0.10776
56075.93073 19.38302 0.1083
56075.96117 19.64076 0.11966
56076.96161 19.67959 0.09088
56077.97941 19.64714 0.14197
56078.92335 19.89768 0.15216
56078.95394 19.60828 0.13668
56079.91957 20.02556 0.14907
56079.94994 19.64316 0.09098
56079.97946 19.39326 0.16106
56085.9661 19.63162 0.12697
56086.90079 19.53788 0.15466
56086.9317 19.36935 0.10528
56087.95118 19.50407 0.104
56088.93216 19.72097 0.13496
56088.96298 19.40522 0.0994
56089.90743 19.62489 0.11907
56089.9375 19.47788 0.10977
56091.93224 19.58998 0.13335
56091.96189 19.65001 0.08527
56092.88532 19.53977 0.0862
56092.91513 19.56668 0.08888
56092.94551 19.79681 0.10356
56093.88544 19.63907 0.15267
56093.91605 19.57761 0.12377
56093.95942 19.59671 0.07726
56094.8793 19.51799 0.15265
56094.90895 19.65787 0.095
56094.93794 19.9054 0.09777
56095.89413 19.70193 0.12747
56095.92394 19.48375 0.11408
56095.95378 19.57504 0.10159
56096.8846 19.63525 0.09478
56096.91464 19.55075 0.0833
56096.94475 19.51535 0.08628
56097.90204 19.44969 0.08018
56099.86796 19.46696 0.07969
56099.8979 19.55177 0.07718
56099.92867 19.47322 0.0705
56100.87134 19.66749 0.13186
56100.9014 19.47943 0.09417
56100.93113 19.38546 0.08537
56101.86099 19.66359 0.14438
56101.89166 19.67195 0.13286
56101.92164 19.41224 0.11045
56102.85884 19.51464 0.11206
56102.88948 19.67834 0.11446
56102.91975 19.53555 0.07193
56103.85688 19.59026 0.11376
56103.89198 19.65099 0.10671
56103.92203 19.48899 0.08426
56104.86298 19.74896 0.12265
56104.89266 19.54714 0.09454
56104.92258 19.66998 0.08966
56105.87772 19.53945 0.08628
56105.90846 19.60957 0.07986
56105.93782 19.43197 0.08278
56106.84826 19.40231 0.08958
56106.87859 19.79752 0.11744
56106.90907 19.43682 0.0659
56107.84497 19.56827 0.1676
56107.87579 19.56112 0.08846
56107.90655 19.67075 0.08617
56108.86703 19.69643 0.15505
56108.89669 19.63473 0.13275
56108.92686 19.43181 0.10105
56109.93363 19.71076 0.09627
56110.92786 19.87978 0.12105
56111.91431 19.63333 0.13176
56111.94457 19.37187 0.10937
56113.8878 19.97462 0.17357
56113.93235 19.42456 0.11296
56113.96218 19.781 0.13445
56114.87108 19.57569 0.14987
56114.92357 19.66066 0.14589
56114.95378 19.73596 0.09658
56115.85803 19.61506 0.18015
56115.88797 19.3275 0.12538
56115.9179 19.49586 0.11087
56116.90131 19.60651 0.09719
56116.93261 19.49231 0.0958
56116.96078 19.57004 0.13435
56117.86349 19.20502 0.12219
56117.89333 19.19315 0.10079
56117.92405 19.57401 0.0999
56118.82762 19.56109 0.18664
56118.8884 19.53174 0.10293
56119.81535 19.59226 0.1525
56119.84536 19.63407 0.17395
56123.80269 19.59436 0.09278
56123.8333 19.55363 0.10514
56123.86323 19.64826 0.0858
56124.8239 19.58398 0.09509
56124.85579 19.69485 0.13227
56124.90647 19.50527 0.09567
56125.83541 19.5224 0.08336
56125.8655 19.49289 0.08686
56125.89611 19.76612 0.07695
56126.79674 19.69318 0.11708
56126.82683 19.52084 0.08915
56126.85662 19.48512 0.16979
56127.84219 19.61024 0.11186
56127.87262 19.59154 0.09408
56128.79045 19.77642 0.14935
56128.8202 19.4549 0.0722
56128.8509 19.54638 0.07428
56129.81763 19.61708 0.10246
56129.84839 19.3503 0.09698
56130.78415 19.82177 0.16578
56130.81619 19.44579 0.09911
56130.84603 19.56112 0.08399
56131.81956 19.54196 0.10297
56131.84966 19.80283 0.10448
56131.87991 19.64689 0.07283
56132.81342 19.63786 0.08637
56132.85526 19.88874 0.11304
56133.77702 19.68616 0.09708
56133.80732 19.59215 0.07629
56133.83817 19.57866 0.09186
56135.80558 19.5772 0.09627
56135.8357 19.69948 0.06536
56136.78168 19.99353 0.13164
56136.81139 19.65428 0.09756
56136.84105 19.667 0.08357
56137.77719 19.52423 0.13239
56137.8165 19.89345 0.15162
56137.84943 19.87599 0.11783
56138.79423 19.41971 0.15258
56143.77946 19.74582 0.13887
56143.81202 19.4782 0.13595
56144.79078 19.72327 0.15925
56144.82138 19.64312 0.11978
56145.80436 19.66313 0.17434
56146.77217 19.75082 0.13216
56146.83591 19.52076 0.10278
56147.75046 19.67346 0.10826
56147.78019 19.85717 0.1101
56147.81614 19.5134 0.13255
56148.73743 19.76165 0.11679
56148.76798 19.69877 0.12785
56148.79928 19.652 0.12847
56151.84315 19.71517 0.06482
56151.87618 19.7292 0.06529
56151.91621 19.64257 0.05784
56164.86055 19.72702 0.06098
56164.89061 19.8406 0.06661
56164.92052 19.66089 0.07164
56165.82275 19.82236 0.08296
56165.85221 19.69852 0.06078
56165.88255 19.71123 0.06069
56166.78411 19.77518 0.08907
56166.82415 19.93651 0.08685
56166.85436 19.84229 0.06956
56167.76082 20.09457 0.11645
56167.79008 19.76041 0.11186
56167.82893 19.77526 0.08197
56168.73084 19.56944 0.13107
56168.76135 19.82074 0.12829
56168.79094 19.48791 0.11339
56169.70528 19.98338 0.18067
56169.73488 19.51821 0.18627
56170.76821 19.34193 0.16185
56176.74473 19.65291 0.14683
56176.77537 19.90861 0.15584
56177.67775 19.74858 0.08718
56177.71467 19.80151 0.07868
56177.7448 19.72209 0.07958
56178.65701 20.02098 0.14816
56178.7245 19.76518 0.08742
56178.75548 19.89403 0.07539
56189.71737 19.93246 0.09935
56189.74707 19.91644 0.08426
56194.65274 19.95762 0.17894
56194.68156 20.0233 0.11016
56194.73072 19.90883 0.09475
56195.68489 20.10982 0.18904
56195.74387 19.98791 0.12155
56196.64868 20.10487 0.13017
56196.67925 19.94852 0.19774
56196.70945 19.88757 0.12919
56202.61563 19.54438 0.17611
56202.70169 19.85942 0.13206
56207.71676 19.71609 0.12997
56207.82773 19.82874 0.14089
56224.66207 20.07472 0.11471
56224.69182 19.83347 0.18185
56225.74851 19.74487 0.12284
56225.84088 19.80038 0.09597
56227.72154 19.76968 0.12221
56228.67316 20.00078 0.13737
56228.71 19.70822 0.16416
56229.68338 19.71439 0.14207
56230.64599 20.19924 0.14721
56231.86041 20.04368 0.14004
56232.82116 19.75842 0.11608
56233.75399 19.87001 0.12446
56233.78371 20.14057 0.14894
56234.68453 19.83128 0.12483
56234.71313 19.85884 0.10835
56235.61461 19.67565 0.10147
56235.64419 19.74721 0.07807
56236.58514 19.69887 0.14635
56236.61561 20.0246 0.09455
56237.58477 20.06215 0.11025
56237.61509 19.9599 0.09247
56238.58334 19.78208 0.12495
56238.61531 19.98526 0.09216
56239.58294 19.89855 0.10148
56239.61141 19.87696 0.07797
56251.83071 19.78894 0.07788
56251.86073 19.9074 0.08108
56252.58576 19.54956 0.07655
56252.60631 19.63857 0.0785
56252.62487 19.71284 0.09166
56252.64555 19.94268 0.09033
56252.66096 19.89959 0.08366
56252.69879 20.0351 0.09728
56252.71706 19.80813 0.11878
56252.73499 19.80688 0.07795
56252.75258 19.82227 0.08103
56252.76856 19.92332 0.08964
56252.78929 19.73816 0.10692
56252.80517 19.75447 0.08774
56252.821 19.79522 0.08361
56252.83831 19.75271 0.09015
56252.85634 19.78623 0.07899
56253.58621 19.83544 0.10144
56253.60335 19.97383 0.12064
56253.62054 19.85561 0.11155
56253.63682 19.8244 0.07928
56253.6539 19.93025 0.10595
56253.6721 19.6538 0.13984
56253.70902 19.67231 0.09266
56253.7307 19.63466 0.12314
56253.75003 20.08618 0.17926
56253.76637 19.71866 0.11506
56253.78832 20.08235 0.10544
56253.8078 20.01271 0.11125
56253.82956 19.9407 0.10716
56253.85372 19.90731 0.09528
56254.74613 20.06203 0.10687
56254.77889 19.96937 0.18114
56255.68248 19.51242 0.12486
56255.7252 19.62514 0.11664
56256.62657 19.85963 0.12855
56256.6557 19.7215 0.13905
56257.58763 19.53288 0.11638
56257.64219 19.73065 0.16365
56258.58614 20.1184 0.15558
56258.61848 19.62702 0.11286
56259.59443 19.94305 0.12789
56259.62495 19.93053 0.18415
56265.629 19.77344 0.07288
56265.6592 19.74394 0.09774
56266.58222 20.11685 0.14069
56267.58751 19.80908 0.07509
56267.61751 19.7471 0.09321
56268.59364 19.79638 0.0837
56268.62314 19.69102 0.06559
56269.58319 19.65157 0.07259
56269.58435 19.8024 0.08025
56269.58546 19.74836 0.06458
56269.58657 19.75716 0.06847
56269.58771 19.57919 0.06389
56269.58893 19.52938 0.07326
56269.59006 19.73144 0.08047
56269.59133 19.61112 0.06746
56269.59245 19.66956 0.06527
56269.59364 19.57447 0.08286
56269.59478 19.69109 0.06746
56269.596 19.83792 0.06866
56269.59713 19.75094 0.06906
56269.59843 19.67664 0.07458
56269.59956 19.76956 0.06567
56269.60977 19.86786 0.08145
56269.61093 19.74477 0.0703
56269.6121 19.72492 0.06757
56269.61321 19.6826 0.07987
56269.61434 19.80537 0.06947
56269.61547 19.61176 0.07565
56269.61659 19.63807 0.07687
56269.61773 19.69336 0.06717
56269.61884 19.74725 0.06906
56269.61995 19.76625 0.07268
56269.62115 19.63776 0.07424
56269.6223 19.59721 0.07116
56269.62343 19.5889 0.07276
56269.62457 19.82698 0.06966
56269.62569 19.71212 0.06877
56269.62688 19.641 0.06898
56269.628 19.51886 0.07366
56269.6375 19.69541 0.07279
56269.63881 19.77899 0.06649
56269.64001 19.73294 0.06368
56269.64114 19.6056 0.06596
56269.64226 19.77524 0.06218
56269.64337 19.71202 0.07567
56269.6445 19.70578 0.0616
56269.64562 19.72835 0.06129
56269.64675 19.6433 0.0625
56269.64789 19.68298 0.07618
56269.64905 19.7277 0.06886
56269.65017 19.72859 0.05628
56269.65129 19.80153 0.07007
56269.65247 19.72428 0.09095
56269.65359 19.69233 0.06409
56269.65473 19.65306 0.07116
56269.65585 19.70853 0.06467
56269.65698 19.83644 0.06348
56269.65819 19.62227 0.05706
56269.65932 19.72663 0.06099
56269.66055 19.79766 0.06827
56269.66167 19.69035 0.06758
56269.66279 19.73322 0.0599
56269.66393 19.70733 0.08476
56269.66595 19.72443 0.06421
56269.66717 19.66799 0.07806
56269.66829 19.68125 0.06068
56269.66952 19.64968 0.06638
56269.67064 19.73933 0.06288
56269.67184 19.69661 0.06067
56269.673 19.70675 0.07097
56269.67412 19.74566 0.06327
56269.67533 19.69188 0.06887
56269.67646 19.70638 0.06696
56269.6776 19.73843 0.06446
56269.67883 19.76129 0.0576
56269.67997 19.63669 0.05748
56269.6812 19.7575 0.06537
56269.68232 19.74427 0.0646
56269.68343 19.62144 0.05939
56269.68473 19.61547 0.05522
56269.68592 19.7183 0.06379
56269.68705 19.70531 0.06435
56269.68816 19.68273 0.07368
56269.68929 19.74652 0.06037
56269.69041 19.74533 0.06019
56269.69157 19.77365 0.06976
56269.69269 19.74248 0.06336
56269.69383 19.83032 0.06548
56269.69496 19.73535 0.07984
56269.69608 19.92599 0.07655
56269.69898 19.75336 0.06303
56269.70011 19.66969 0.06286
56269.70126 19.77057 0.06557
56269.70241 19.90032 0.06539
56269.70357 19.74925 0.06436
56269.70468 19.67122 0.06179
56269.70581 19.66372 0.06157
56269.70705 19.69658 0.06576
56269.70816 19.77691 0.06417
56269.70937 19.70961 0.06047
56269.7105 19.73254 0.06019
56269.71167 19.90916 0.07197
56269.7128 19.70129 0.07785
56269.71403 19.64001 0.05568
56269.71516 19.6806 0.06496
56269.7163 19.75441 0.06467
56269.72641 19.74387 0.06518
56269.72763 19.71631 0.07516
56269.72875 19.74401 0.07567
56269.72987 19.67825 0.07157
56269.731 19.7718 0.06677
56269.73213 19.75279 0.06087
56269.73326 19.8073 0.06789
56269.73438 19.75153 0.06967
56269.73557 19.73568 0.06418
56269.73682 19.7348 0.06249
56269.73796 19.75022 0.06276
56269.73911 19.75716 0.05929
56269.74036 19.74614 0.07337
56269.74147 19.63651 0.05962
56269.74272 19.82538 0.07199
56269.74391 19.72116 0.06748
56269.74502 19.72635 0.06807
56269.7462 19.85248 0.06911
56269.74734 19.70536 0.07147
56269.74846 19.74958 0.06667
56269.74961 19.73481 0.06027
56269.75074 19.82114 0.06326
56269.75201 19.7385 0.06406
56269.75316 19.78042 0.06827
56269.75429 19.74112 0.06109
56269.75553 19.7266 0.08305
56269.75665 19.84392 0.06995
56269.75779 19.58291 0.08197
56269.75895 19.67565 0.06268
56269.76008 19.73661 0.06955
56269.76123 19.77082 0.06486
56269.76235 19.65068 0.07306
56269.76348 19.87243 0.07496
56269.76459 19.63458 0.06967
56269.76573 19.79351 0.07235
56269.78036 19.77868 0.0734
56269.78151 19.85655 0.07697
56269.78271 19.80778 0.08105
56269.78391 19.43714 0.09035
56269.78511 19.73577 0.07707
56269.78751 19.58831 0.08026
56269.78876 19.75159 0.07216
56269.78989 19.636 0.06967
56269.79108 19.75519 0.07029
56269.79227 19.70584 0.07088
56269.79356 19.70837 0.07125
56269.79478 19.78576 0.07376
56269.7959 19.7592 0.07506
56269.79701 19.70738 0.06976
56269.79816 19.74057 0.07017
56269.79928 19.7959 0.07636
56269.80041 19.60921 0.07915
56269.80156 19.63088 0.06476
56269.80276 19.71294 0.06967
56269.80404 19.70326 0.06707
56269.80517 19.75233 0.06646
56269.80638 19.72834 0.07604
56269.80752 19.75564 0.07269
56269.80866 19.74431 0.07618
56270.57931 19.9578 0.08196
56270.58058 19.7577 0.0686
56270.58188 19.71359 0.06641
56270.58305 19.81948 0.07208
56270.58429 19.72869 0.07337
56270.58556 19.82345 0.07027
56270.58671 19.63563 0.06931
56270.58798 19.6389 0.07287
56270.58926 19.73383 0.07827
56270.59051 19.68878 0.0618
56270.59176 19.80828 0.06792
56270.59301 19.6849 0.05993
56270.59588 19.75021 0.0618
56270.59719 19.70136 0.05822
56270.59846 19.76779 0.06333
56270.59973 19.73427 0.06002
56270.60101 19.79438 0.0636
56270.60229 19.73493 0.07647
56270.60361 19.63496 0.06731
56270.60484 19.72945 0.06139
56270.60617 19.73001 0.0599
56270.60733 19.8016 0.06698
56270.60868 19.73123 0.06464
56270.60993 19.77428 0.0585
56270.61121 19.7898 0.05922
56270.61244 19.68263 0.05872
56270.61368 19.68123 0.05868
56270.61481 19.74425 0.0648
56270.61593 19.76759 0.06292
56270.61713 19.70416 0.06801
56270.61835 19.68596 0.06012
56270.61963 19.73734 0.05931
56270.62082 19.81063 0.06478
56270.62212 19.61859 0.05643
56270.62324 19.79653 0.06232
56270.62438 19.8126 0.06148
56270.6255 19.82093 0.06228
56270.62668 19.80726 0.0667
56270.62781 19.66263 0.07076
56270.62895 19.78602 0.06411
56270.63017 19.7019 0.06216
56270.6313 19.90098 0.0685
56270.63259 19.79673 0.06234
56270.63372 19.84782 0.06349
56270.63484 19.68397 0.0582
56270.64581 19.6971 0.06962
56270.64713 19.84243 0.0659
56270.64825 19.72744 0.07809
56270.6495 19.70262 0.06961
56270.65082 19.76418 0.0645
56270.65222 19.67362 0.0689
56270.65336 19.57071 0.07047
56270.6545 19.78197 0.0717
56270.65562 19.68648 0.07
56270.65697 19.81323 0.06189
56270.65832 19.79598 0.06296
56270.65959 19.66671 0.06241
56270.66092 19.83687 0.06849
56270.66217 19.78564 0.06548
56270.66351 19.70685 0.05653
56270.66477 19.73836 0.06282
56270.67891 19.85177 0.07547
56270.68008 19.68928 0.05989
56270.68122 19.66858 0.0641
56270.68243 19.62405 0.06762
56270.68382 19.74822 0.06597
56270.68508 19.63367 0.05674
56270.68653 19.65014 0.05781
56270.68784 19.80855 0.06292
56270.68912 19.71399 0.0565
56270.69114 19.77534 0.06111
56270.69232 19.69566 0.05883
56270.69365 19.52927 0.05582
56270.6948 19.70693 0.05632
56270.69617 19.74978 0.06172
56270.69746 19.83962 0.06132
56270.6986 19.59952 0.0597
56270.6999 19.71676 0.07032
56270.70121 19.59816 0.05661
56270.70235 19.7261 0.06649
56270.70349 19.62998 0.0609
56270.70482 19.66693 0.0606
56270.70613 19.82025 0.06409
56270.70726 19.7165 0.06051
56270.7086 19.73533 0.07009
56270.70972 19.71466 0.05951
56270.71103 19.73721 0.0666
56270.71235 19.66781 0.06148
56270.71347 19.75446 0.0584
56270.71481 19.71818 0.06308
56270.71608 19.69984 0.05792
56270.71722 19.76476 0.06332
56270.71853 19.68628 0.0589
56270.71967 19.73794 0.05997
56270.72098 19.69347 0.06069
56270.72302 19.59947 0.06915
56270.72439 19.77019 0.0691
56270.72553 19.74014 0.07037
56270.72665 19.71305 0.05969
56270.72793 19.78553 0.06857
56270.72927 19.67625 0.07249
56270.73043 19.73698 0.06419
56270.73161 19.74158 0.0616
56270.73292 19.77727 0.06859
56270.73506 19.88762 0.0661
56270.73622 19.74451 0.06657
56270.73753 19.69384 0.0609
56270.73887 19.80519 0.06709
56270.74001 19.8938 0.06892
56270.74126 19.70359 0.05992
56270.7424 19.79117 0.05932
56270.74369 19.69847 0.06261
56270.74498 19.62245 0.06031
56270.74609 19.60605 0.06381
56270.74744 19.68032 0.0732
56270.7486 19.71085 0.06771
56270.74995 19.46609 0.06771
56270.75121 19.68735 0.06608
56270.75241 19.65199 0.06947
56270.75372 19.75863 0.05701
56270.75502 19.7762 0.06838
56270.75706 19.82763 0.06651
56270.75826 19.66461 0.06244
56270.75948 19.73014 0.07258
56270.76078 19.70273 0.06851
56270.76208 19.77329 0.07477
56270.77223 19.73736 0.07957
56270.77464 19.82638 0.07038
56270.77775 19.66357 0.06391
56270.77887 19.73195 0.0729
56270.78012 19.6266 0.07248
56270.78147 19.7935 0.08076
56270.78273 19.71867 0.08136
56270.784 19.57145 0.0756
56270.78526 19.83767 0.07502
56270.78661 19.72236 0.0871
56270.78776 19.65774 0.08039
56270.7891 19.89335 0.08166
56270.79021 19.72324 0.08768
56270.79151 19.69223 0.07329
56270.7928 19.6418 0.08588
56270.79391 19.6491 0.0739
56270.79508 19.65793 0.08859
56270.79619 19.68594 0.0729
56270.7975 19.6691 0.07528
56270.79862 19.66152 0.08637
56270.79991 19.69949 0.08668
56270.80111 19.89062 0.09827
56270.80249 19.5643 0.06689
56270.80509 19.5921 0.0758
56270.80715 19.75025 0.06861
56270.80837 19.77067 0.07422
56270.80963 19.8957 0.07588
56271.71236 19.87973 0.0866
56271.74462 19.8441 0.12905
56272.64495 19.98479 0.08635
56272.7082 19.76324 0.09237
56273.60993 19.75521 0.07865
56273.63946 19.74118 0.11364
56281.61668 19.87257 0.12289
56282.58095 19.79037 0.09217
56282.61036 19.47352 0.12234
56282.62819 19.7415 0.08587
56297.58897 19.70303 0.0862
56297.59019 19.6963 0.06899
56297.5937 19.69603 0.06756
56297.59722 19.86234 0.07147
56297.59904 19.79131 0.08107
56297.60164 19.85223 0.07538
56297.60284 19.73582 0.07677
56297.6053 19.72354 0.07078
56297.61734 19.84887 0.07599
56297.61965 19.85549 0.06377
56297.62198 19.80691 0.07638
56297.62474 19.73757 0.09125
56297.62597 19.66409 0.08275
56297.62818 19.73505 0.07195
56297.63051 19.59106 0.06837
56297.63246 19.77832 0.08156
56297.6337 19.75764 0.08186
56297.63597 19.66907 0.06528
56297.63722 19.91655 0.0762
56297.63944 19.80003 0.07918
56297.64162 19.72781 0.0761
56297.64281 19.67971 0.07618
56297.64393 19.75057 0.09574
56297.64612 19.62056 0.07646
56297.64742 20.02988 0.08358
56297.64964 19.74777 0.08016
56297.65084 19.96364 0.08115
56297.65434 19.87827 0.07336
56297.65811 19.61222 0.07718
56297.65988 19.82969 0.09695
56297.66121 19.75476 0.07039
56297.66483 19.62987 0.08525
56297.66714 19.69995 0.06696
56297.67315 19.9213 0.08247
56297.67547 19.51554 0.08397
56297.67675 19.84993 0.08027
56297.67954 19.62546 0.09516
56297.68076 19.85177 0.07347
56297.6819 19.84881 0.08826
56297.68325 19.69293 0.07166
56297.68541 19.77446 0.07485
56297.68786 19.87285 0.08617
56297.69171 19.94308 0.09215
56297.69635 19.78789 0.10015
56297.69767 19.70971 0.06739
56297.70113 19.5112 0.08067
56297.70743 19.65275 0.08536
56297.71084 19.81138 0.08076
56297.71401 19.79192 0.07788
56297.71668 19.83347 0.10635
56297.7179 19.77768 0.07267
56297.72049 19.74782 0.08405
56297.72327 19.7763 0.07609
56297.72448 19.83915 0.08968
56297.72584 19.70985 0.07598
56297.72772 19.91289 0.09235
56297.72894 19.78514 0.09526
56297.74317 19.69576 0.08886
56297.74683 19.61783 0.09388
56297.74996 19.59046 0.08704
56297.75123 19.69273 0.08586
56297.75493 19.73818 0.08596
56297.75709 19.81341 0.07659
56297.7583 19.82246 0.08866
56297.76047 19.78773 0.10546
56297.76167 19.83365 0.09624
56297.76388 19.71102 0.09165
56297.76506 19.65164 0.08516
56297.76834 19.88762 0.07857
56297.77069 19.78998 0.08537
56297.77185 19.792 0.08606
56297.77383 19.66123 0.08945
56297.79199 19.99241 0.10638
56297.79318 19.91379 0.10496
56297.79645 19.66478 0.10176
56297.79838 19.9798 0.11606
56297.79953 19.92006 0.12167
56297.80077 19.98658 0.12176
56297.80192 19.88839 0.11926
56297.80312 19.85855 0.14285
56297.80437 19.8229 0.13077
56297.80564 19.64754 0.11916
56297.80864 19.37354 0.10927
56298.58895 19.81442 0.09779
56298.59013 19.7318 0.09607
56298.59235 19.61076 0.13538
56298.59354 20.01165 0.12414
56298.59724 19.64359 0.14714
56298.59842 19.61942 0.11049
56298.60089 19.79254 0.13979
56298.6021 19.73561 0.11483
56298.60332 19.60106 0.10732
56298.60466 20.02073 0.16051
56298.60701 19.53175 0.10943
56298.60823 19.85594 0.12658
56298.61034 19.74146 0.12716
56298.61272 19.88218 0.12312
56298.61595 19.67794 0.08575
56298.61811 19.73194 0.0849
56298.62047 19.6845 0.08412
56298.62171 19.5701 0.10743
56298.62426 19.6381 0.06846
56298.62643 19.64682 0.12352
56298.62762 19.50473 0.12886
56298.63098 19.759 0.09201
56298.63219 19.66209 0.07969
56298.63473 19.86788 0.12612
56298.63687 19.55225 0.09771
56298.63807 19.649 0.09355
56298.63935 19.70963 0.11685
56298.64364 19.65055 0.06751
56298.64578 19.66785 0.08885
56298.64695 19.72112 0.10734
56298.6481 19.69064 0.08267
56298.65082 19.73568 0.09595
56298.65294 19.79235 0.08141
56298.65509 19.79934 0.0749
56298.65745 19.80191 0.10605
56298.65865 19.78647 0.07464
56298.66081 19.67028 0.06519
56298.66198 19.64759 0.06393
56298.66411 19.71978 0.07357
56298.66639 19.62874 0.07063
56298.6699 19.73485 0.0676
56298.68256 19.62849 0.08512
56298.68492 19.71764 0.08954
56298.68729 19.42607 0.10787
56298.68852 20.10879 0.17282
56301.59099 19.6505 0.07401
56302.62153 19.80859 0.12029
56305.59416 19.69205 0.07558
56305.62276 19.609 0.07666
56307.63151 19.84797 0.09837
56308.60019 19.78309 0.10876
56308.63015 19.75335 0.11353
56310.60466 19.47354 0.0869
56310.63503 19.83666 0.12176
56311.62777 19.58004 0.11015
56313.60478 19.62661 0.09276
56313.63593 19.86881 0.12026
56314.61498 19.99524 0.14555
56314.64504 19.76928 0.16318
56322.60046 19.72617 0.12467
56322.63022 20.01213 0.12827
56323.59943 19.74486 0.08496
56323.60059 19.78289 0.08286
56323.60172 19.607 0.07318
56323.60284 19.43278 0.08266
56323.60396 19.70914 0.07716
56323.60508 19.68638 0.07147
56323.60621 19.56893 0.08606
56323.60734 19.64738 0.07486
56323.60846 19.66638 0.07076
56323.60959 19.8773 0.08077
56323.61071 19.70006 0.09416
56323.61183 19.55354 0.06947
56323.61297 19.70464 0.07656
56323.61409 19.53544 0.07685
56323.61521 19.63999 0.08287
56323.61635 19.67111 0.07887
56323.61747 19.74679 0.07028
56323.61859 19.78373 0.08245
56323.61971 19.49807 0.08125
56323.62085 19.91553 0.08606
56323.62197 19.72607 0.08326
56323.62309 19.67184 0.06955
56323.62423 19.46398 0.08035
56323.62535 19.60178 0.08295
56323.62647 19.69728 0.07126
56323.62759 19.71763 0.08616
56323.62872 19.61048 0.08535
56323.62985 19.82536 0.07807
56323.63097 19.74963 0.07857
56323.6321 19.64339 0.09074
56323.63322 19.71007 0.07615
56323.63435 19.75602 0.08655
56323.63549 19.5174 0.08286
56323.63661 19.64581 0.07755
56323.63773 19.7934 0.08245
56323.63887 19.51075 0.08616
56323.63999 19.62045 0.08466
56323.64112 19.67442 0.08895
56323.64225 19.7346 0.09255
56323.64338 19.70544 0.09345
56323.6445 19.68247 0.08096
56323.64563 19.67699 0.09705
56323.64676 19.8193 0.08776
56323.64789 19.66458 0.09874
56323.64902 19.90427 0.08835
56323.65014 19.54921 0.08066
56323.65127 19.89653 0.11264
56323.6524 19.55623 0.07456
56323.65352 19.65745 0.09494
56323.65465 19.78265 0.08175
56323.65577 19.76461 0.11284
56323.65691 19.92525 0.08635
56323.65803 19.87959 0.10084
56323.65917 19.72786 0.07906
56323.66029 19.63822 0.09137
56323.66142 19.75492 0.10205
56323.66255 19.60854 0.09997
56323.66367 19.52409 0.09366
56323.6648 19.6817 0.09595
56323.66594 19.60508 0.08357
56323.66706 19.64543 0.10576
56323.66819 19.58729 0.10037
56323.66932 19.89817 0.11898
56323.67045 19.79834 0.10805
56323.67158 19.61446 0.10216
56323.67271 19.56011 0.10015
56323.67384 19.68641 0.11364
56323.67496 19.64969 0.09348
56323.67613 20.11326 0.11246
56323.67725 19.69832 0.10207
56323.67838 19.77183 0.12354
56323.67951 19.82205 0.11555
56323.68065 19.46991 0.10725
56323.68177 19.66578 0.09136
56323.6829 19.58129 0.11585
56323.68402 19.72247 0.13304
56323.68516 20.00558 0.11015
56323.68628 19.80397 0.11435
56323.68742 19.77858 0.10787
56323.68855 19.60299 0.11175
56323.68967 19.60988 0.09695
56323.69081 19.38638 0.11244
56323.69194 19.59598 0.10856
56323.69306 19.94057 0.11876
56323.6942 19.46099 0.0995
56323.69532 19.87786 0.14865
56323.69644 20.06606 0.11194
56323.69758 20.00462 0.11708
56323.6987 19.78335 0.12409
56323.69982 19.64717 0.09829
56323.70094 19.77413 0.12282
56323.70208 19.84367 0.14267
56323.7032 19.66098 0.12706
56323.70434 19.98818 0.13638
56323.70546 19.35498 0.10887
56323.70659 20.00183 0.13045
56323.70772 19.63321 0.14308
56323.71001 19.61767 0.14659
56323.71226 19.6251 0.15447
56323.7134 19.88929 0.21386
56324.6344 19.58684 0.07497
56324.67356 19.47266 0.11364
56328.60109 19.57501 0.08006
56328.63041 19.45971 0.07268
56329.6158 19.8601 0.11771
56330.60568 19.73463 0.0772
56330.63442 19.82727 0.08575
56336.60557 19.53147 0.10166
56336.6347 19.76406 0.09947
56337.61678 19.69545 0.10196
56337.646 19.77683 0.08957
56339.61462 19.77501 0.1545
56339.64973 20.01881 0.20284
56340.62168 19.80741 0.08956
56340.65261 19.58474 0.12824
56341.63432 19.55364 0.14312
56342.61542 19.87125 0.13462
56342.64414 20.04048 0.15919
56432.97832 19.78567 0.12486
56433.97522 19.60798 0.09567
56434.97306 19.6212 0.12744
56442.95121 19.76443 0.10217
56443.94843 19.65052 0.13299
56444.94545 19.68554 0.12703
56444.97977 19.58961 0.18808
56446.9404 19.32291 0.10156
56446.9746 19.64827 0.14465
56447.93827 19.69234 0.07452
56447.97245 19.78143 0.10947
56448.93551 19.65649 0.08107
56448.97043 19.66002 0.08778
56449.9322 19.5669 0.07587
56449.96744 19.58531 0.07146
56450.93056 19.61685 0.07628
56450.96471 19.53791 0.09197
56451.92757 19.87614 0.11626
56451.96268 19.73512 0.10037
56452.92487 19.38489 0.09037
56452.95905 19.67122 0.07685
56453.9223 19.66063 0.11437
56453.95718 19.91346 0.13727
56454.91904 19.5742 0.08197
56454.9531 19.61793 0.08396
56455.91706 19.72466 0.07941
56455.95123 19.71013 0.08576
56456.91361 19.55368 0.09305
56456.94859 19.61011 0.08206
56457.91086 19.59779 0.09115
56457.9457 19.62737 0.08288
56458.90893 19.71214 0.09329
56458.94334 19.57698 0.06355
56459.90596 19.61244 0.07767
56459.94092 19.46987 0.08226
56460.9034 19.66625 0.08949
56460.93791 19.70527 0.06866
56461.90107 19.59703 0.09266
56461.93811 19.60264 0.06977
56462.89824 19.81947 0.13415
56462.93439 19.66297 0.11227
56463.89576 19.58625 0.10799
56463.93218 19.73693 0.08896
56469.87982 19.64347 0.12626
56469.91685 19.51038 0.09048
56471.87375 19.95249 0.1714
56471.91001 19.60685 0.09091
56473.90477 19.48511 0.10148
56475.86334 19.92853 0.15507
56475.9008 19.61433 0.12898
56476.86102 19.53627 0.14713
56476.89765 19.78002 0.15244
56485.83631 19.63118 0.09146
56486.83403 19.5469 0.09807
56486.87106 19.60541 0.08357
56488.83006 19.58192 0.11137
56488.86647 19.72535 0.08218
56489.82698 19.65383 0.10759
56489.86366 19.76275 0.09566
56491.8581 19.82458 0.12101
56498.802 19.58606 0.14111
56502.79167 19.9749 0.09865
56502.82864 19.8624 0.08919
56503.78903 19.99795 0.09613
56503.82769 19.8433 0.10798
56504.82017 19.77769 0.10643
56504.86992 19.53771 0.08742
56504.90811 19.72251 0.08668
56505.81768 19.71766 0.10106
56505.9509 19.74688 0.07679
56505.98842 19.66268 0.09379
56506.89349 19.80181 0.09394
56507.80198 19.61558 0.09017
56507.84712 19.71991 0.10637
56507.99891 19.62275 0.09329
56508.90167 19.73775 0.06264
56509.79634 19.63111 0.08347
56509.83877 19.80942 0.08119
56510.8262 19.81927 0.06815
56511.79111 19.74636 0.07843
56511.84089 19.86486 0.07859
56512.78788 19.74563 0.09768
56512.82519 19.76714 0.07231
56513.78624 19.78302 0.0922
56513.82352 19.65897 0.07539
56514.7834 19.59236 0.08048
56514.82081 19.76277 0.06877
56515.78106 19.79765 0.0753
56515.82231 19.73937 0.07769
56516.77774 19.80285 0.08692
56516.81437 19.78277 0.0714
56517.77605 19.8906 0.08519
56517.81715 19.82859 0.06529
56517.97309 19.70361 0.07702
56518.87478 19.73426 0.06828
56518.96686 19.83235 0.08776
56519.00311 19.78379 0.07128
56519.90443 19.70418 0.07161
56519.96504 19.81539 0.06548
56520.00171 19.64917 0.05822
56520.90327 19.75739 0.0707
56520.95521 19.88519 0.06917
56520.99262 19.78012 0.05811
56521.89446 19.70999 0.06528
56521.95772 19.7144 0.06458
56521.99393 19.71609 0.05932
56528.72198 19.82718 0.15572
56528.81982 20.09203 0.19886
56528.87422 19.78549 0.15169
56529.90241 19.55727 0.12797
56529.93849 19.60405 0.13117
56529.97462 19.87529 0.12766
56532.71221 19.69337 0.10782
56532.85928 19.71512 0.0901
56532.89645 19.73942 0.06887
56533.79895 19.74466 0.07327
56533.93493 19.74841 0.07518
56533.97228 19.67755 0.07658
56537.84525 19.81514 0.06131
56537.9874 19.73318 0.05422
56539.69386 19.95747 0.09459
56539.88447 19.79234 0.06122
56539.9215 19.7498 0.05705
56540.97669 19.80792 0.05744
56541.6883 19.825 0.10108
56541.83165 19.75611 0.14968
56542.96698 19.83802 0.06238
56543.00294 19.68761 0.0807
56543.90463 19.78936 0.09432
56543.97085 19.59633 0.07648
56544.00787 19.67805 0.06563
56546.67441 19.79847 0.10358
56546.75907 19.63217 0.08024
56546.94639 19.69501 0.06292
56547.84788 19.77568 0.06451
56548.0057 19.81064 0.08168
56548.66959 19.68831 0.10916
56548.70582 19.81753 0.09719
56548.74172 19.87044 0.08528
56549.66591 19.8449 0.09456
56549.70273 19.88164 0.0984
56549.73967 19.75281 0.07988
56550.66388 20.14859 0.12977
56550.6994 19.85053 0.12638
56550.73216 19.83323 0.13045
56551.72202 20.1262 0.13957
56551.75862 19.9159 0.11375
56552.66117 19.68818 0.16367
56552.71291 19.69707 0.14646
56552.74635 19.83214 0.12956
56561.66061 19.90709 0.08637
56561.89034 19.59489 0.12051
56561.92356 19.92249 0.11816
56562.93459 19.57086 0.09158
56563.02169 20.079 0.11849
56563.6524 19.79348 0.11365
56563.6893 19.83748 0.08898
56563.77494 19.76019 0.09225
56564.72602 19.60328 0.09698
56564.99301 19.8676 0.08768
56565.02672 19.76648 0.09946
56565.92832 19.75906 0.10054
56565.98151 19.90332 0.08147
56566.01544 19.61586 0.07276
56566.91724 19.76266 0.07106
56566.96287 19.69514 0.08717
56566.99591 19.63952 0.0703
56567.8986 19.75989 0.07964
56567.96702 19.82863 0.07061
56568.00039 19.78504 0.07395
56568.90245 19.60047 0.05961
56568.96343 19.90352 0.06889
56568.99843 19.94252 0.10316
56569.90084 19.79445 0.08696
56569.99803 19.75145 0.09426
56570.03082 19.82184 0.11016
56571.62526 19.85457 0.10827
56571.69052 19.93634 0.15008
56571.72419 19.80192 0.14431
56572.62632 19.56863 0.11268
56572.66032 19.77886 0.08691
56572.69287 19.7907 0.10055
56573.61429 19.73188 0.10456
56573.64765 19.96702 0.09496
56573.77817 19.79329 0.08037
56576.83948 19.72053 0.06207
56577.00541 19.66733 0.10895
56577.60601 19.82423 0.11619
56577.63144 19.65044 0.16624
56577.77306 19.92004 0.08779
56578.67217 19.62543 0.08917
56578.69674 19.70627 0.08441
56578.75347 19.82434 0.08455
56579.73584 19.73896 0.12049
56579.85963 19.6546 0.08971
56579.88516 20.01599 0.11318
56580.7875 19.72751 0.0876
56580.8553 19.95743 0.12774
56580.88022 20.02897 0.13854
56581.83883 19.62648 0.13986
56581.86464 19.58018 0.18275
56587.62864 19.78519 0.08286
56587.78993 19.53741 0.10997
56587.81475 19.7268 0.0936
56588.71625 19.761 0.11335
56588.89281 19.67469 0.14384
56589.79481 19.6763 0.07218
56589.81959 19.65079 0.07805
56589.84642 19.87607 0.08607
56590.76387 19.53827 0.08138
56590.8749 19.68516 0.09726
56590.89969 19.71211 0.07917
56591.80204 20.01489 0.22335
56591.86057 19.88994 0.07783
56591.88508 19.68764 0.08024
56592.81972 19.62226 0.0749
56592.91348 19.77365 0.09116
56592.93852 19.84709 0.0902
56596.59731 19.76554 0.09008
56596.81771 19.78836 0.09946
56596.84238 19.97819 0.09318
56597.74425 19.80727 0.09899
56597.82393 19.85458 0.11256
56597.84943 19.86607 0.14777
56598.75163 19.55439 0.07676
56598.82179 19.60539 0.10586
56598.84855 19.76227 0.07778
56599.75014 19.86978 0.09206
56599.79577 19.71729 0.0693
56599.82112 19.84818 0.07776
56600.77441 19.83338 0.07108
56600.8753 19.69344 0.09137
56602.59024 20.09745 0.12576
56602.78065 19.83825 0.13601
56603.68227 19.69857 0.08619
56603.74296 19.93156 0.09477
56603.81581 19.81541 0.10907
56604.73691 19.56094 0.07045
56604.92616 19.74881 0.10012
56605.64733 19.76523 0.07417
56605.67213 19.73001 0.08536
56606.60932 20.07737 0.12436
56606.64241 19.71731 0.15121
56607.82225 20.08072 0.11686
56607.84927 19.48948 0.08707
56608.75086 19.9436 0.11207
56608.81398 19.74983 0.11785
56608.84048 19.82891 0.16064
56609.8617 19.93622 0.11577
56609.88847 19.71553 0.17354
56621.79766 19.58874 0.08718
56622.58588 19.80403 0.09549
56623.58717 20.04959 0.10233
56624.57999 19.51431 0.09404
56624.60429 19.86558 0.07897
56625.70494 19.96489 0.08565
56625.74386 19.7714 0.09947
56626.64578 19.54936 0.08816
56626.67007 19.67927 0.07819
56628.73144 19.72551 0.10446
56628.76212 19.76525 0.09637
56637.58042 19.66824 0.11261
56637.60549 19.73748 0.12908
56639.58002 20.19002 0.13618
56639.60438 20.04681 0.14615
56640.61699 19.76835 0.15557
56648.58277 19.89372 0.11695
56648.61266 20.14887 0.16085
56649.57885 19.79988 0.18034
56649.60387 19.82318 0.10757
56658.58519 19.86055 0.08613
56658.62914 19.86399 0.07929
56659.58605 19.59744 0.09354
56659.61086 19.90752 0.08235
56660.58569 20.00817 0.09501
56660.61029 19.84307 0.08122
56662.58587 20.01438 0.09831
56662.61038 19.8995 0.12542
56663.59143 19.75387 0.10376
56663.6171 20.09057 0.09825
56664.6104 19.74999 0.12049
56668.61177 19.79514 0.12554
56669.61423 19.80414 0.16739
56675.5969 19.82549 0.08877
56675.6459 19.77443 0.13206
56676.59181 20.02812 0.11038
56676.61781 19.95516 0.10546
56678.61458 19.68201 0.09397
56678.64019 19.78287 0.08078
56680.60724 19.88444 0.12685
56683.59693 19.97811 0.09672
56683.63252 19.77955 0.10706
56685.59847 20.16768 0.13085
56685.6471 19.6734 0.13086
56687.59886 19.85979 0.09412
56687.64144 20.06717 0.10063
56690.60286 19.87401 0.14188
56690.64549 19.84168 0.12026
56697.60505 20.08076 0.13927
56699.60928 19.93665 0.14946
56816.96412 20.0614 0.09765
56816.97531 20.00073 0.13136
56817.96427 20.13254 0.13004
56818.96227 20.00305 0.11726
56818.97512 19.88271 0.15174
56819.97765 20.10287 0.18325
56820.96625 20.44444 0.16076
56824.96428 19.81687 0.15715
56824.97573 20.0164 0.17815
56826.96127 20.31854 0.15746
56827.96384 20.0671 0.13496
56827.97622 20.36964 0.16944
56828.9654 20.05394 0.11777
56828.97804 20.07642 0.17685
56829.96383 20.10087 0.10311
56829.97653 20.25672 0.11883
56830.96102 20.18838 0.09365
56830.97338 20.33501 0.14814
56832.9648 20.15034 0.08787
56832.97563 20.02475 0.10049
56833.96568 20.10497 0.10567
56833.97644 20.1624 0.14354
56834.96484 20.16529 0.09755
56834.9776 20.14087 0.14846
56835.96569 19.94844 0.11254
56835.97723 20.17631 0.19115
56836.96625 20.0036 0.08217
56836.97711 20.33774 0.17394
56837.96638 19.90154 0.08078
56837.98211 20.10496 0.18015
56838.96389 20.06713 0.07517
56838.9786 20.1139 0.13525
56839.96511 20.00498 0.07119
56839.97834 20.40028 0.12874
56840.96951 19.9295 0.09768
56840.98137 20.01052 0.15665
56841.96857 19.93672 0.09068
56844.96636 19.98786 0.1019
56844.97887 20.15851 0.1431
56845.96726 20.10734 0.08044
56845.98002 20.23112 0.10643
56846.96666 20.14481 0.09522
56846.98115 20.39405 0.1015
56847.96648 19.96285 0.08336
56847.98151 20.0348 0.08248
56848.96743 19.91762 0.09006
56848.98312 20.00558 0.11677
56849.96813 20.40577 0.15655
56850.98368 19.79401 0.17032
56851.97048 20.08434 0.12439
56851.98675 19.9146 0.14634
56854.96165 20.23911 0.12774
56854.98771 20.13133 0.10421
56855.96071 20.15032 0.11286
56855.98393 19.9209 0.10298
56856.98328 19.92655 0.12758
56858.96243 20.32037 0.09485
56858.98507 20.12222 0.08974
56859.96515 19.99478 0.08013
56859.98697 20.18845 0.09467
56861.96231 20.05931 0.07779
56861.98508 20.06505 0.08331
56862.9659 20.2155 0.08885
56862.98227 19.99442 0.08683
56863.94981 20.02016 0.06904
56864.94576 19.82502 0.08779
56864.96947 19.94128 0.0823
56865.92975 20.0498 0.09806
56865.96089 19.91396 0.08741
56867.98799 19.88831 0.07466
56868.96536 19.9944 0.07371
56868.98567 20.08585 0.078
56869.96092 19.88545 0.07927
56869.98231 19.97531 0.07418
56870.96467 19.99353 0.07069
56870.98635 19.98813 0.08011
56874.97428 20.00488 0.06196
56874.99622 19.84922 0.07328
56875.98151 20.02435 0.07739
56875.99752 19.8823 0.09158
56876.91773 19.99483 0.07896
56876.94717 20.07257 0.07373
56877.9745 20.05535 0.06957
56877.9957 19.96105 0.07219
56878.00741 20.19481 0.12297
56878.9086 19.97486 0.10224
56878.93847 20.12016 0.16725
56879.95816 19.88938 0.14945
56880.9882 19.94812 0.17906
56883.9421 20.24369 0.11328
56883.98158 19.99795 0.13487
56884.99956 20.03049 0.11228
56885.96448 19.87359 0.10052
56885.98159 19.63844 0.07401
56886.91453 20.08689 0.09735
56886.94264 19.86781 0.08323
56887.91623 19.90365 0.07851
56887.94902 19.95294 0.08055
56888.86519 19.98615 0.06921
56888.89905 20.01523 0.0714
56888.91008 19.83359 0.07152
56888.94196 19.82018 0.07887
56890.94091 20.00286 0.06928
56890.97479 19.91127 0.07714
56895.83087 19.97141 0.0992
56895.86667 19.96803 0.11356
56972.71463 20.0211 0.12804
56972.73749 20.18962 0.09496
56978.74407 20.18726 0.09756
56980.71766 20.18663 0.15385
56980.83416 19.99754 0.11627
56981.71538 19.85287 0.10618
56981.77818 20.15039 0.12776
56984.71333 19.90684 0.11823
56984.78092 19.96729 0.20067
56986.72544 19.97131 0.10997
56986.79095 20.20632 0.13907
56987.70535 19.92999 0.11316
56987.76948 20.33565 0.11356
56988.66321 19.97583 0.10958
56989.60286 20.02705 0.11407
56989.66828 19.90529 0.08749
56990.59847 20.00979 0.09637
56990.66232 19.93416 0.11117
57000.62591 19.98305 0.08809
57000.65668 20.08416 0.16976
57001.60725 19.74876 0.09377
57001.63454 19.88032 0.09906
57011.62365 19.94092 0.09398
57011.65019 20.04893 0.14086
57014.60229 20.07082 0.11066
57014.62433 20.00667 0.09465
57015.60026 19.95974 0.11581
57015.6199 19.86008 0.11395
57018.60146 20.02722 0.09148
57018.62586 19.93433 0.12285
57019.59637 20.03846 0.13549
57019.61004 19.83528 0.11186
57030.59868 19.97104 0.10023
57037.60179 19.86896 0.09918
57039.60447 19.93481 0.09726
57040.60372 19.68665 0.10808
57040.65327 19.86044 0.1023
57041.64649 19.90687 0.10628
57042.59979 19.81872 0.07764
57042.64647 19.76204 0.11249
57043.60053 20.01449 0.10529
57043.64542 19.80082 0.0904
57044.59961 20.11889 0.12098
57046.59907 19.84441 0.11619
57046.64082 19.82003 0.13997
57047.65127 19.92878 0.14118
57047.65361 19.68967 0.10909
57059.60766 19.76651 0.08987
57059.61723 19.84753 0.07809
57063.60738 19.9864 0.12459
57063.61933 19.70982 0.12022
57064.61072 19.56754 0.11043
57064.62756 19.78751 0.11879
57065.60805 19.98076 0.15299
57065.62471 19.97804 0.1433
57067.60784 19.95631 0.12868
57069.61019 19.96741 0.09293
57069.6409 20.04089 0.12142
57070.61078 20.03781 0.1078
57070.6277 20.00701 0.13727
57071.61023 19.9904 0.10059
57071.6267 19.9872 0.10346
57089.61859 20.01479 0.18128
57089.62798 20.17119 0.19915
57091.62877 19.85339 0.15206
57180.95646 19.49706 0.11166
57185.96692 19.63497 0.09585
57187.96362 19.59642 0.07582
57188.93765 19.64234 0.06861
57188.96808 19.55479 0.07474
57189.95594 19.65388 0.07567
57190.94422 19.60048 0.08865
57190.9766 19.64482 0.14405
57191.9217 19.88855 0.08182
57191.95614 19.50081 0.06984
57192.94672 19.70428 0.09551
57192.97846 19.96449 0.14359
57193.93573 19.68727 0.08856
57193.96862 19.70105 0.08496
57194.94374 19.76951 0.07067
57194.97431 19.56438 0.08596
57195.94595 19.47107 0.0905
57195.97546 19.78188 0.10537
57196.92539 19.49718 0.09551
57196.97637 19.69785 0.10295
57197.91796 19.50086 0.08131
57197.96971 19.62382 0.07845
57198.93165 19.46333 0.07218
57198.96479 19.6571 0.07583
57199.9472 19.57279 0.07735
57199.9815 19.75986 0.14851
57207.95261 19.73988 0.12971
57207.98422 19.4047 0.11647
57208.90735 19.76655 0.09902
57208.94607 19.50071 0.08563
57209.93937 19.56461 0.09268
57209.97959 19.53854 0.12976
57210.9363 19.60447 0.07582
57210.97519 19.47224 0.072
57211.94997 19.49581 0.0794
57211.98409 19.66026 0.11614
57212.9376 19.77252 0.1165
57212.97329 19.66389 0.13372
57214.96163 19.44848 0.06111
57216.93262 19.57358 0.06336
57216.97994 19.43664 0.06393
57218.92712 19.42007 0.05704
57218.977 19.42381 0.05911
57219.94247 19.45401 0.05156
57219.97077 19.46833 0.05012
57220.92305 19.47018 0.0511
57220.98129 19.38684 0.05592
57225.95176 19.45448 0.0484
57226.95332 19.48683 0.04841
57227.93417 19.49359 0.05743
57227.97035 19.44251 0.05144
57231.91879 19.48397 0.0581
57231.96902 19.40833 0.05079
57232.8829 19.46315 0.07826
57232.9489 19.49895 0.06639
57237.93379 19.6098 0.10391
57237.98326 19.72941 0.09255
57238.91268 19.39089 0.0669
57238.96563 19.50862 0.06482
57239.93796 19.46111 0.0623
57239.98313 19.46501 0.06868
57240.95317 19.23933 0.07044
57241.93368 19.37092 0.0798
57242.93933 19.40123 0.05329
57242.98523 19.41282 0.06157
57244.91131 19.43209 0.05245
57244.96611 19.38207 0.04845
57245.87591 19.49203 0.04915
57245.91376 19.36801 0.04623
57246.89995 19.35201 0.05355
57246.93423 19.40594 0.06059
57247.92574 19.39747 0.04621
57247.95614 19.37006 0.0426
57248.84393 19.427 0.055
57248.8782 19.32312 0.05624
57249.88436 19.42119 0.04895
57249.9163 19.40244 0.05484
57250.88236 19.48972 0.05054
57250.92114 19.34726 0.05512
57251.8693 19.45621 0.05644
57251.91419 19.38909 0.04671
57267.93864 19.4836 0.14091
57267.9816 19.48066 0.08503
57554.97044 19.54856 0.10527
57555.93989 19.41726 0.08374
57555.96363 19.54816 0.08192
57564.95195 19.60997 0.10993
57565.94418 19.5864 0.09913
57567.951 19.72983 0.10582
57567.97572 19.62767 0.13337
57568.92119 19.76216 0.08761
57568.97479 19.70521 0.11437
57569.92685 19.89029 0.07913
57570.93954 19.63995 0.0773
57571.91515 19.58087 0.10135
57571.96845 19.68687 0.08652
57572.94 19.525 0.07523
57572.961 19.80702 0.09229
57573.95955 19.57574 0.07608
57574.96997 19.61745 0.08121
57575.96076 19.57293 0.06422
57576.95096 19.60995 0.07697
57577.97714 19.67298 0.0927
57578.93031 19.67682 0.09149
57578.9597 19.71414 0.07072
57579.93833 19.55797 0.07647
57579.96636 19.49863 0.09203
57580.94991 19.76446 0.07873
57580.97641 19.50896 0.08673
57581.93908 19.46027 0.08194
57581.96061 19.56147 0.07248
57582.96612 19.48923 0.07233
57582.9889 19.38949 0.11095
57583.93612 19.48484 0.07144
57583.97225 19.6305 0.07043
57584.92871 19.79902 0.08541
57584.97404 19.60152 0.0849
57585.92275 19.80372 0.11499
57585.96134 19.502 0.08721
57586.91575 19.85824 0.10501
57595.9848 19.7729 0.09435
57596.95384 19.71387 0.10952
57596.98786 19.64419 0.12328
57597.93735 19.80982 0.07669
57597.9794 19.47579 0.07358
57598.9281 19.57077 0.06475
57598.97263 19.51638 0.08581
57599.94579 19.73543 0.09971
57600.96483 19.50829 0.08156
57601.9531 19.61042 0.07122
57601.99102 19.60167 0.07184
57602.95616 19.47134 0.08284
57602.99208 19.5478 0.07292
57603.95654 19.53146 0.08008
57603.99274 19.61846 0.08554
57604.96148 19.51098 0.06367
57604.99535 19.64752 0.07785
57605.93926 19.62658 0.06763
57605.97693 19.56812 0.0722
57606.94732 19.52383 0.07462
57606.99101 19.59839 0.08486
57607.92659 19.57883 0.06714
57607.97806 19.50925 0.07588
57608.92515 19.32676 0.06972
57608.96585 19.55049 0.07471
57609.94301 19.51657 0.07855
57610.89516 19.61413 0.0829
57610.92695 19.53118 0.07032
57611.90199 19.55306 0.07079
57611.93252 19.48092 0.07251
57612.88937 19.52317 0.07274
57612.93148 19.62163 0.07291
57613.84046 19.68752 0.09786
57613.87193 19.50153 0.07527
57613.90353 19.63863 0.06394
57614.96436 19.55704 0.08407
57614.99496 19.35269 0.05962
57615.90761 19.65325 0.12177
57615.95637 19.7527 0.08609
57621.98607 19.63046 0.15762
57622.96114 19.72865 0.18138
57622.98808 19.63254 0.16829
57623.99038 19.72873 0.13868
57624.01266 19.41053 0.14483
57624.97236 19.69485 0.1221
57624.99829 19.73997 0.14648
57625.94454 19.6613 0.11667
