#mjd mag magerr
55063.91987 20.9221 0.13783
55063.9639 20.5338 0.17173
55064.92128 20.56285 0.17499
55069.90324 20.86831 0.23869
55069.94786 20.49092 0.13181
55087.85609 20.72302 0.16037
55087.90101 20.36884 0.11245
55088.96983 20.64462 0.15267
55089.01521 20.53377 0.14949
55089.94574 20.68168 0.15352
55089.99042 20.6818 0.1641
55093.83741 20.42168 0.15412
55093.88196 20.67622 0.15068
55097.00858 21.01914 0.16178
55114.88125 20.8428 0.16869
55119.89538 20.62338 0.176
55123.75696 20.92604 0.15817
55126.97957 20.35924 0.15501
55127.83329 20.5495 0.21077
55127.87706 20.31851 0.16118
55142.7036 20.94836 0.22016
55142.75219 20.18354 0.22007
55144.82305 20.8598 0.17566
55151.72943 20.53856 0.18285
55151.77257 20.55307 0.15955
55175.61224 20.57972 0.13719
55175.65684 20.69064 0.13703
55181.59421 20.39983 0.19429
55181.63825 20.58867 0.21233
55183.59204 20.26307 0.16445
55183.64253 20.65776 0.18209
55199.58559 20.53596 0.16021
55202.58667 20.59201 0.18629
55207.63092 20.71181 0.16096
55207.67514 20.44492 0.1262
55209.5968 20.44877 0.15178
55209.64149 20.37103 0.13158
55213.63312 20.61418 0.12637
55379.92482 20.56263 0.18836
55381.93934 20.77254 0.20384
55384.82671 20.68504 0.17845
55384.87028 20.7805 0.15109
55385.87021 20.59325 0.16925
55385.91339 20.5587 0.13728
55386.90867 20.44175 0.16684
55387.91342 20.64219 0.1489
55388.91005 20.81404 0.13794
55392.83258 20.5482 0.21686
55392.87538 20.38486 0.17168
55394.79908 20.89152 0.20516
55394.8431 20.82715 0.17765
55395.84215 20.41391 0.18026
55396.83932 20.61965 0.15587
55397.83526 20.53708 0.19106
55400.8289 20.54689 0.19029
55420.83264 20.47764 0.19875
55421.79901 20.75528 0.13856
55422.75115 20.60839 0.16626
55422.79487 20.593 0.17565
55423.79284 20.45307 0.16695
55425.80573 20.78577 0.17018
55426.8444 20.54277 0.16171
55427.8408 20.60272 0.14658
55428.83703 20.94004 0.20324
55430.80485 20.43928 0.22937
55432.78359 20.25417 0.15898
55438.90086 20.48077 0.21278
55438.90927 20.25215 0.18902
55440.87507 20.61879 0.17966
55440.88428 20.38729 0.18197
55440.88675 20.65185 0.14546
55440.8894 20.69188 0.18216
55440.89205 20.75084 0.17276
55440.89518 20.96539 0.21914
55440.89832 20.85872 0.15786
55440.90145 20.43895 0.10869
55440.90439 20.63896 0.17129
55440.91025 20.60125 0.18057
55440.91316 20.86856 0.21625
55440.9187 20.55622 0.18455
55440.92149 20.89672 0.16355
55440.92426 20.5726 0.17557
55440.93095 20.50171 0.15087
55440.93364 20.82131 0.21936
55440.93623 20.65261 0.20584
55440.9395 20.72306 0.16026
55440.94264 20.43481 0.20924
55440.94582 20.7047 0.20745
55440.94883 20.5882 0.17876
55440.95182 20.63942 0.18814
55440.95489 20.36214 0.15936
55440.95791 20.54549 0.13179
55441.87592 20.5896 0.15781
55441.88645 20.23486 0.148
55441.88962 20.58287 0.12742
55441.89254 20.76337 0.16799
55441.89828 20.41427 0.13719
55441.90107 20.48349 0.16041
55441.9037 20.81622 0.19766
55441.90634 20.9511 0.17728
55441.90906 20.35483 0.15459
55441.91445 20.80217 0.15228
55441.91722 20.52701 0.15638
55441.91981 20.7656 0.19335
55441.92546 20.49071 0.15236
55441.9281 20.65722 0.16987
55441.93183 20.37175 0.1341
55441.93458 20.90853 0.14839
55441.93727 20.47318 0.15857
55441.94048 20.44524 0.12341
55441.94326 20.47776 0.14861
55441.94546 20.53159 0.14707
55441.94852 20.81903 0.14149
55441.95194 20.59007 0.16729
55441.95469 20.60821 0.1548
55441.95786 20.8784 0.1344
55441.96392 20.75895 0.14569
55441.96715 20.57667 0.16151
55441.97012 20.60077 0.12931
55441.97294 20.56614 0.20228
55441.97532 20.33612 0.1502
55441.9798 20.57178 0.14376
55441.9835 20.80516 0.17841
55441.9863 20.63172 0.15729
55441.98852 20.82611 0.21407
55441.99078 20.7345 0.14308
55441.99382 20.76909 0.17787
55442.01486 20.35613 0.18078
55442.70382 20.99232 0.14689
55442.70734 20.92958 0.16699
55442.71097 20.85921 0.16286
55442.71808 20.70123 0.15106
55442.72168 20.50245 0.15676
55442.72527 20.82036 0.20426
55442.73272 20.57302 0.14908
55442.74184 20.55869 0.1291
55442.74882 20.75446 0.19985
55442.75572 20.59153 0.12898
55442.76147 20.43008 0.14686
55442.76615 20.93806 0.15403
55442.77616 20.47663 0.15031
55442.78135 20.63768 0.15708
55442.78615 20.55691 0.11332
55442.79145 20.44919 0.13962
55442.79615 20.76387 0.16549
55442.80186 20.44843 0.14483
55442.8093 20.70439 0.13777
55442.81939 20.79528 0.18102
55442.82447 20.43458 0.15112
55442.8293 20.5947 0.16174
55442.83541 20.55367 0.15044
55442.84012 20.75597 0.15711
55442.84597 20.96453 0.14473
55442.85112 20.67772 0.12205
55442.85657 20.61118 0.11575
55442.86387 20.76892 0.18029
55442.87002 20.50378 0.1273
55442.88048 20.63579 0.15412
55442.88617 20.88928 0.13534
55442.89221 20.36714 0.14202
55442.89785 20.61221 0.14489
55442.90297 20.66125 0.1362
55442.90871 20.56655 0.15087
55442.91368 20.47224 0.14195
55442.91875 20.45715 0.14559
55442.92384 20.64671 0.16667
55442.93037 20.80608 0.13741
55442.93642 20.5805 0.15249
55442.95166 20.57217 0.12894
55442.95754 20.81279 0.21547
55442.96246 20.93862 0.1853
55442.96833 20.78653 0.16065
55442.97317 20.60899 0.15057
55442.97782 20.83543 0.13697
55442.9872 20.71833 0.16661
55442.99348 20.63249 0.1422
55442.99858 20.48886 0.1445
55443.00329 20.67194 0.1712
55443.01002 20.63987 0.16027
55443.01702 20.78783 0.15198
55443.69287 20.62782 0.18954
55443.70415 20.75559 0.21605
55443.72832 20.86413 0.16617
55443.736 20.53664 0.15956
55443.74306 20.37817 0.15126
55443.74812 20.7838 0.12669
55443.75372 20.5406 0.18046
55443.75946 20.81019 0.13201
55443.76526 20.44338 0.17266
55443.78027 20.6958 0.18215
55443.78539 20.66385 0.16306
55443.79717 20.76607 0.14355
55443.80302 20.53173 0.16437
55443.80895 20.50347 0.18885
55443.81493 20.70845 0.16516
55443.8204 20.46993 0.17365
55443.82634 20.45414 0.14855
55443.83239 20.555 0.13639
55443.83783 20.44806 0.13987
55443.84415 20.53431 0.15506
55443.84958 20.47252 0.14816
55443.85553 20.97666 0.15595
55443.86252 20.89888 0.19025
55443.87576 20.29829 0.13937
55443.88141 20.43646 0.1219
55443.88892 20.46765 0.13159
55443.89412 20.93038 0.15657
55443.90077 20.79491 0.13817
55443.91235 20.47201 0.15085
55443.92967 20.88731 0.20284
55443.93496 20.64197 0.15516
55443.94073 20.29124 0.15835
55443.95355 20.60859 0.13626
55443.95925 20.73446 0.18266
55443.9693 20.58762 0.13576
55443.97555 20.59875 0.13547
55443.98144 20.87712 0.15906
55443.98725 20.94874 0.16998
55443.99456 20.63846 0.15465
55444.00093 20.7282 0.18935
55444.0061 20.52569 0.16136
55444.01187 20.73252 0.20885
55444.70198 20.56359 0.21193
55444.7091 20.38956 0.16494
55444.72103 20.45606 0.17577
55444.73377 20.66709 0.17636
55444.74094 20.58002 0.16715
55444.74655 20.66623 0.15474
55444.75678 20.76238 0.18785
55444.77353 20.8502 0.17937
55444.77876 20.50168 0.14518
55444.79848 20.43113 0.15868
55444.80403 20.67239 0.15218
55444.81599 20.58261 0.1897
55444.8213 20.50355 0.141
55444.83332 20.68606 0.16967
55444.83854 20.43947 0.1261
55444.84549 20.81205 0.1554
55444.85161 20.37148 0.12132
55444.85679 20.6707 0.15898
55444.86267 20.55544 0.14896
55444.86777 20.2231 0.13733
55444.87872 20.58102 0.18967
55444.89016 20.85218 0.19485
55444.90153 20.67227 0.13508
55444.90845 20.81633 0.17537
55444.91349 20.72613 0.17904
55444.92279 20.47842 0.13106
55444.93139 20.42244 0.15027
55444.94041 20.90772 0.15025
55444.94568 20.66716 0.15558
55444.951 20.58513 0.17555
55444.95724 20.77412 0.16696
55444.96923 20.6155 0.1351
55444.97411 20.46938 0.12137
55444.98062 20.93126 0.14149
55444.98915 20.55785 0.16116
55444.99553 20.54531 0.16956
55445.00157 20.36859 0.15278
55445.00779 20.89306 0.15699
55445.01282 20.37054 0.17735
55445.01777 20.62737 0.19487
55445.67731 20.24749 0.15508
55445.68422 20.66401 0.19675
55445.6905 20.38413 0.16729
55445.69681 20.59204 0.17036
55445.70294 20.53343 0.17928
55445.70921 20.32769 0.17927
55445.7456 20.8206 0.17517
55445.75096 20.55853 0.1486
55445.75643 20.78158 0.17767
55445.76784 20.66135 0.18057
55445.7737 20.82508 0.19875
55445.779 20.52178 0.1618
55445.78479 20.94012 0.15528
55445.79613 20.30272 0.12804
55445.81095 20.7426 0.13554
55445.81845 20.85255 0.15608
55445.82455 20.41066 0.14221
55445.83024 20.80276 0.1672
55445.84021 20.6171 0.1417
55445.84549 20.47079 0.15337
55445.85174 20.57157 0.14027
55445.85762 20.78493 0.17607
55445.8636 20.48905 0.14037
55445.86963 20.38502 0.15138
55445.87567 20.43975 0.14903
55445.88207 20.65893 0.14799
55445.88844 20.71127 0.20307
55445.89432 20.31924 0.13136
55445.89983 20.52099 0.14556
55445.90668 20.46895 0.12787
55445.91299 20.91201 0.15735
55445.91722 20.46142 0.15268
55445.92351 20.8573 0.1694
55445.92915 20.76238 0.15816
55445.93496 20.42916 0.1362
55445.94048 20.24238 0.1166
55445.95216 20.45079 0.15628
55445.95886 20.53374 0.12747
55445.97191 20.60228 0.16528
55445.97872 20.4637 0.16177
55445.98437 20.47533 0.14328
55445.98972 20.64557 0.15799
55445.99581 20.60089 0.14892
55446.00245 20.49512 0.17119
55446.00827 20.56457 0.14828
55446.01787 20.49982 0.13338
55446.67089 20.23061 0.16007
55446.68915 20.899 0.18316
55446.71375 20.61906 0.16467
55446.71998 20.42939 0.17386
55446.7269 20.62551 0.15707
55446.73768 20.64263 0.15899
55446.74263 20.45229 0.19179
55446.76487 20.55111 0.1576
55446.77004 20.32756 0.12924
55446.78018 20.48562 0.13924
55446.78654 20.31319 0.15789
55446.79243 20.53201 0.14531
55446.79818 20.28661 0.11572
55446.80822 20.29548 0.12766
55446.81934 20.50542 0.14458
55446.82569 20.43675 0.15649
55446.83186 20.68934 0.16009
55446.83803 20.51045 0.11704
55446.84316 20.6445 0.16704
55446.84946 20.57253 0.14811
55446.86132 20.72328 0.17036
55446.87321 20.48813 0.18787
55446.87945 20.66277 0.16316
55446.88583 20.79148 0.13092
55446.89176 20.41467 0.13319
55446.89901 20.50047 0.15877
55446.91293 20.88365 0.15307
55446.91958 20.33715 0.13188
55446.92538 20.49514 0.15175
55446.93113 20.69058 0.13883
55446.93686 20.59491 0.14229
55446.94237 20.42223 0.15441
55446.94842 20.5474 0.15444
55446.95451 20.22079 0.12577
55446.96034 20.46103 0.1512
55446.96641 20.4347 0.15029
55446.97287 20.55501 0.15267
55446.97827 20.28647 0.12338
55446.98464 20.61067 0.15094
55446.99026 20.52045 0.14129
55446.99646 20.60308 0.15307
55447.00329 20.38376 0.15111
55448.00377 20.57805 0.12268
55449.82958 20.64332 0.17706
55449.87259 20.27809 0.13327
55450.82585 20.63401 0.15368
55450.86998 20.77619 0.12321
55452.69243 20.4584 0.19617
55455.7154 20.73309 0.18186
55456.67702 20.32327 0.17247
55457.6732 20.64235 0.21827
55466.62486 20.55468 0.19038
55466.62661 20.4412 0.19027
55470.82246 20.7242 0.16853
55471.77466 20.58894 0.15408
55472.66936 20.41826 0.15588
55477.71276 20.71172 0.14617
55478.62384 20.33472 0.15649
55478.66775 20.6857 0.14987
55479.65968 20.45937 0.19805
55480.65805 20.97811 0.15797
55481.69382 20.4851 0.12141
55482.61769 20.63582 0.18726
55482.66188 20.63668 0.15868
55484.66377 20.69744 0.17958
55485.66329 20.7961 0.16919
55497.89223 20.64023 0.20056
55498.71756 20.28277 0.16693
55499.59404 20.50538 0.18641
55501.66259 20.82304 0.19907
55501.75706 20.48752 0.18247
55502.72145 20.77203 0.20904
55504.82418 20.73463 0.18316
55506.73387 20.4805 0.15277
55507.89267 20.91413 0.22275
55513.658 20.65826 0.18815
55515.69951 20.42383 0.17076
55532.78408 20.73696 0.17089
55535.68432 20.59389 0.21228
55538.62381 20.56985 0.13495
55539.58012 20.87991 0.22638
55539.62283 20.27502 0.16583
55540.61811 20.84173 0.21075
55541.61644 20.45233 0.16712
55558.75663 20.5747 0.18516
55561.73304 20.7438 0.21455
55583.61703 20.71201 0.19664
55584.63985 20.51443 0.16165
55586.61685 20.75674 0.15305
55733.91212 20.46396 0.17614
55766.83041 20.6533 0.15396
55768.82037 20.37679 0.18874
55769.80074 20.54087 0.18214
55770.82573 20.26235 0.13487
55771.78074 20.60955 0.22163
55771.82449 20.42409 0.15526
55774.80363 20.62737 0.17557
55779.7464 20.90867 0.18819
55779.79086 20.83027 0.15766
55793.79097 20.28278 0.17667
55794.75972 20.48195 0.18036
55822.67415 20.53195 0.16586
55850.60468 20.86727 0.21326
55851.60318 20.61544 0.16689
55853.60163 20.90103 0.18627
55882.86968 20.58993 0.16811
55887.63181 20.53504 0.19456
55891.6225 20.70618 0.22204
55894.58144 20.92316 0.19875
55926.62543 20.61802 0.17871
55944.64379 20.56389 0.17776
55944.67224 20.63794 0.21165
55949.64923 20.43503 0.16462
56067.96802 20.48948 0.19306
56079.91957 20.26291 0.17028
56079.94994 20.05766 0.15965
56088.96298 20.52467 0.19098
56092.91513 20.68362 0.18026
56099.86796 20.42073 0.16635
56099.92867 20.39268 0.1242
56100.93113 20.39644 0.17396
56102.85884 20.50011 0.20736
56102.88948 20.04978 0.16244
56102.91975 20.3607 0.16927
56104.86298 20.46069 0.18905
56104.92258 20.38277 0.18035
56105.90846 20.57298 0.15805
56106.84826 20.19951 0.16087
56106.87859 20.47215 0.19326
56106.90907 20.42073 0.14347
56107.87579 20.4457 0.19484
56108.89669 20.19732 0.16846
56108.92686 20.46613 0.21783
56116.93261 20.31826 0.21027
56117.89333 20.57448 0.17069
56123.80269 20.68335 0.19746
56123.8333 20.65004 0.19604
56123.86323 20.18567 0.14049
56124.8239 20.31203 0.18597
56124.90647 20.82682 0.18146
56125.83541 20.51552 0.15016
56125.8655 20.12678 0.15766
56125.89611 20.49459 0.14805
56126.82683 20.33645 0.18567
56127.87262 20.78063 0.15348
56128.8509 20.42621 0.16137
56129.81763 20.50338 0.18105
56129.84839 20.3293 0.15277
56130.78415 20.28615 0.20085
56130.84603 20.52788 0.16633
56131.81956 20.27458 0.14009
56131.84966 20.3699 0.14697
56131.87991 20.6201 0.14549
56132.81342 20.48431 0.17845
56133.77702 20.19765 0.18586
56133.80732 20.19547 0.14066
56133.83817 20.47334 0.14165
56135.80558 20.25445 0.17585
56135.8357 20.25655 0.12235
56136.81139 20.44379 0.14856
56136.84105 20.43058 0.15075
56137.77719 20.18129 0.17338
56144.79078 19.96537 0.18251
56144.82138 19.99249 0.18356
56146.83591 20.18829 0.20858
56147.78019 19.92504 0.15597
56148.76798 20.15173 0.1649
56148.79928 20.19499 0.18905
56151.84315 20.25688 0.12929
56151.87618 20.2525 0.09969
56151.91621 20.33345 0.10648
56164.86055 20.23624 0.10918
56164.89061 20.25852 0.08495
56164.92052 20.40687 0.09654
56165.82275 20.17348 0.11955
56165.85221 19.98605 0.10167
56165.88255 20.14543 0.11965
56166.78411 20.2307 0.15126
56166.82415 20.19286 0.13426
56166.85436 20.43258 0.15875
56167.79008 20.22025 0.17615
56167.82893 20.33737 0.1192
56168.76135 20.57381 0.15858
56176.77537 20.03056 0.11618
56177.67775 19.87749 0.13856
56177.71467 19.95949 0.12656
56177.7448 20.07849 0.11306
56178.65701 20.29343 0.17367
56178.7245 20.48268 0.12319
56178.75548 20.16403 0.12875
56189.71737 20.17248 0.12966
56189.74707 20.2298 0.11387
56194.65274 20.38562 0.20484
56194.68156 20.56193 0.17734
56194.73072 20.23237 0.16625
56195.68489 20.12963 0.16517
56195.74387 20.41408 0.15386
56196.64868 20.38102 0.15669
56196.70945 20.26295 0.16246
56207.71676 19.91749 0.12531
56224.66207 20.13335 0.11513
56224.69182 20.43621 0.19088
56225.74851 20.09688 0.17105
56225.84088 20.1213 0.16425
56227.72154 20.12217 0.20448
56232.82116 20.31033 0.19007
56233.78371 19.83389 0.17206
56234.68453 20.19547 0.13835
56234.71313 20.24543 0.17194
56235.61461 20.11187 0.12601
56235.64419 20.25986 0.10615
56236.58514 20.13148 0.18685
56236.61561 20.33495 0.13113
56237.58477 19.99933 0.13285
56237.61509 19.80164 0.12885
56238.58334 19.98069 0.16286
56238.61531 19.8904 0.12726
56239.58294 20.1223 0.13465
56239.61141 20.08744 0.10046
56251.83071 20.13276 0.10377
56251.86073 20.0259 0.10878
56252.58576 20.05671 0.1425
56252.60631 19.96636 0.1172
56252.62487 20.27097 0.11542
56252.64555 19.75644 0.12968
56252.66096 20.0186 0.09502
56252.69879 19.88489 0.10459
56252.71706 20.09565 0.13255
56252.73499 19.75196 0.10899
56252.75258 20.1373 0.10602
56252.76856 20.42493 0.14296
56252.78929 20.34124 0.19207
56252.80517 20.07759 0.12889
56252.821 20.17811 0.10953
56252.83831 20.1198 0.09834
56252.85634 20.03013 0.13227
56253.58621 20.2297 0.1375
56253.60335 20.03125 0.14369
56253.62054 20.20187 0.15436
56253.63682 19.92308 0.11917
56253.6539 19.76075 0.11885
56253.6721 20.11304 0.13005
56253.70902 20.1793 0.15565
56253.7307 19.93586 0.15418
56253.8078 20.40227 0.15119
56253.82956 20.14767 0.13358
56253.85372 20.40968 0.13284
56254.74613 20.20903 0.13309
56254.77889 20.40158 0.16275
56255.68248 19.72684 0.14059
56256.62657 20.08131 0.15459
56256.6557 20.02669 0.17666
56257.64219 20.44717 0.16618
56265.629 19.9797 0.12319
56265.6592 20.06621 0.14255
56267.58751 20.0905 0.11064
56267.61751 20.16883 0.1039
56268.59364 20.0462 0.09406
56268.62314 20.00426 0.10066
56269.58319 20.14401 0.12016
56269.58435 20.06678 0.10688
56269.58546 19.89926 0.10537
56269.58657 19.93941 0.11827
56269.58771 20.13032 0.09266
56269.58893 19.99167 0.12156
56269.59006 19.89473 0.09657
56269.59133 20.043 0.09606
56269.59245 20.26449 0.10416
56269.59364 19.92581 0.09388
56269.59478 19.84409 0.08079
56269.596 20.05365 0.09205
56269.59713 20.27323 0.09745
56269.59843 20.02968 0.09167
56269.59956 19.93957 0.10024
56269.60977 20.1766 0.09727
56269.61093 20.10502 0.09204
56269.6121 19.96302 0.08356
56269.61321 19.98359 0.08476
56269.61434 20.01187 0.10559
56269.61547 20.04505 0.10485
56269.61659 20.0263 0.11046
56269.61773 20.16284 0.09378
56269.61884 19.98631 0.11046
56269.61995 19.97589 0.08127
56269.62115 20.12702 0.08996
56269.6223 20.00476 0.08847
56269.62343 19.92587 0.09816
56269.62457 20.27624 0.12246
56269.62569 19.9763 0.09065
56269.62688 20.22404 0.10477
56269.628 20.12748 0.08767
56269.6375 20.11948 0.11265
56269.63881 20.04486 0.09085
56269.64001 20.11415 0.10326
56269.64114 20.15362 0.10165
56269.64226 20.00049 0.11316
56269.64337 20.20278 0.11116
56269.6445 20.10089 0.07848
56269.64562 20.09902 0.10415
56269.64675 20.02823 0.09927
56269.64789 20.1135 0.09016
56269.64905 19.99018 0.09254
56269.65017 19.91601 0.08489
56269.65129 20.20019 0.09187
56269.65247 19.95818 0.09518
56269.65359 19.866 0.09737
56269.65473 20.06222 0.08867
56269.65585 20.15025 0.09028
56269.65698 20.10626 0.09026
56269.65819 20.1773 0.08998
56269.65932 20.00216 0.08209
56269.66055 20.00399 0.08458
56269.66167 20.41972 0.11116
56269.66279 20.05359 0.08555
56269.66393 19.76169 0.09046
56269.66595 20.02147 0.08338
56269.66717 20.02749 0.07966
56269.66829 20.18005 0.08468
56269.66952 19.9583 0.10117
56269.67064 20.11953 0.09066
56269.67184 20.10146 0.09737
56269.673 20.1314 0.10448
56269.67412 20.00393 0.08927
56269.67533 19.93486 0.08606
56269.67646 20.27929 0.12735
56269.6776 20.01742 0.09259
56269.67883 20.1092 0.09585
56269.67997 20.22162 0.09086
56269.6812 19.93383 0.11047
56269.68232 20.04924 0.08596
56269.68343 20.03323 0.09429
56269.68473 20.41029 0.09999
56269.68592 20.15871 0.11057
56269.68705 20.17489 0.0912
56269.68816 20.22113 0.09157
56269.68929 20.21126 0.09947
56269.69041 19.93891 0.08278
56269.69157 20.17618 0.12666
56269.69269 20.10908 0.10639
56269.69383 19.98092 0.0817
56269.69496 20.21253 0.11105
56269.69608 20.14525 0.0916
56269.69898 20.04535 0.09379
56269.70011 20.36617 0.09636
56269.70126 20.04195 0.08099
56269.70241 20.16873 0.09305
56269.70357 19.96923 0.08577
56269.70468 20.0684 0.08589
56269.70581 20.29272 0.10877
56269.70705 20.17805 0.11876
56269.70816 20.13081 0.11316
56269.70937 19.85035 0.10138
56269.7105 19.98622 0.09769
56269.71167 20.03284 0.09217
56269.7128 20.00677 0.08139
56269.71403 20.03522 0.08907
56269.71516 19.84017 0.09247
56269.7163 19.89412 0.08837
56269.72641 20.10512 0.11326
56269.72763 20.14278 0.09047
56269.72875 19.84909 0.08409
56269.72987 20.19557 0.11546
56269.731 20.04605 0.11376
56269.73213 19.96096 0.08899
56269.73326 20.04123 0.12726
56269.73438 19.79784 0.09077
56269.73557 19.84625 0.11036
56269.73682 20.17591 0.09665
56269.73796 20.0263 0.09366
56269.73911 20.08196 0.10035
56269.74036 19.69752 0.09068
56269.74147 19.83383 0.09947
56269.74272 19.99917 0.09777
56269.74391 20.16836 0.11459
56269.74502 20.41759 0.11106
56269.7462 20.0615 0.09755
56269.74734 19.94355 0.09878
56269.74846 20.05094 0.10387
56269.74961 20.08486 0.11486
56269.75074 19.86421 0.10366
56269.75201 19.91455 0.10736
56269.75316 20.18007 0.0958
56269.75429 20.05425 0.10286
56269.75553 19.89333 0.09108
56269.75665 20.06653 0.11227
56269.75895 19.98389 0.10954
56269.76008 20.12842 0.10227
56269.76123 20.41336 0.17056
56269.76235 19.92714 0.10745
56269.76348 20.1461 0.12206
56269.76459 19.93456 0.08866
56269.76573 19.80337 0.10847
56269.78036 20.05156 0.12044
56269.78151 20.17237 0.09137
56269.78271 19.92965 0.10117
56269.78391 20.15318 0.08967
56269.78511 20.01199 0.10275
56269.78751 20.00276 0.11115
56269.78876 20.03019 0.08685
56269.78989 19.81655 0.10286
56269.79108 19.99325 0.10865
56269.79227 19.94028 0.09916
56269.79356 20.11556 0.10247
56269.79478 20.1701 0.13335
56269.7959 20.15642 0.10105
56269.79701 20.12427 0.12035
56269.79816 20.09419 0.12275
56269.79928 20.03306 0.11395
56269.80041 20.0693 0.12915
56269.80156 20.10738 0.10115
56269.80276 19.95759 0.11986
56269.80404 20.28681 0.11486
56269.80517 19.86071 0.11315
56269.80638 19.73837 0.10006
56269.80752 20.19156 0.13775
56269.80866 20.09006 0.14465
56270.57931 20.01978 0.12746
56270.58058 20.14643 0.10309
56270.58188 20.21231 0.10099
56270.58305 20.29496 0.10728
56270.58429 20.14725 0.10397
56270.58556 20.02456 0.10022
56270.58671 19.94097 0.11357
56270.58798 20.11409 0.0926
56270.58926 20.17394 0.09038
56270.59051 20.15064 0.13276
56270.59176 20.11049 0.0901
56270.59301 19.96726 0.08843
56270.59588 20.05399 0.0818
56270.59719 20.34532 0.09849
56270.59846 19.98182 0.1007
56270.59973 19.9361 0.10369
56270.60101 20.00077 0.10988
56270.60229 20.12263 0.0869
56270.60361 20.24471 0.09001
56270.60484 19.98454 0.08422
56270.60617 20.13891 0.12338
56270.60733 19.88942 0.09749
56270.60868 20.02998 0.09408
56270.60993 19.91031 0.1013
56270.61121 20.1892 0.09177
56270.61244 20.27282 0.0921
56270.61368 20.00658 0.08478
56270.61481 20.03263 0.09638
56270.61593 19.79584 0.09368
56270.61713 20.15791 0.10766
56270.61835 20.02791 0.08869
56270.61963 20.01518 0.09268
56270.62082 20.09419 0.08329
56270.62212 20.08549 0.10277
56270.62324 20.17652 0.0896
56270.62438 20.10056 0.08948
56270.6255 20.10434 0.10797
56270.62668 20.1434 0.09198
56270.62781 20.23669 0.09728
56270.62895 20.15892 0.10398
56270.63017 20.08767 0.11098
56270.6313 20.09 0.08032
56270.63259 20.04631 0.08748
56270.63372 20.23913 0.09502
56270.63484 20.22193 0.09011
56270.64581 19.93525 0.11129
56270.64713 20.16646 0.08599
56270.64825 20.33074 0.09242
56270.6495 20.17563 0.08929
56270.65082 20.20953 0.08562
56270.65222 19.98242 0.09493
56270.65336 20.03612 0.08878
56270.6545 20.16143 0.10717
56270.65562 20.19561 0.09099
56270.65697 20.14756 0.08492
56270.65832 20.12012 0.0943
56270.65959 20.23609 0.08525
56270.66092 20.12693 0.0858
56270.66217 20.06029 0.09556
56270.66351 20.22217 0.09069
56270.66477 19.94751 0.07792
56270.67891 20.07014 0.08829
56270.68008 19.9731 0.08189
56270.68122 19.94004 0.09561
56270.68243 20.13192 0.09218
56270.68382 19.87435 0.07523
56270.68508 20.08842 0.09371
56270.68653 20.1587 0.09219
56270.68784 20.13937 0.08811
56270.68912 20.3007 0.09067
56270.69114 20.02448 0.08633
56270.69232 19.8915 0.08299
56270.69365 20.13181 0.08128
56270.6948 20.22204 0.09158
56270.69617 20.1756 0.09331
56270.69746 20.03591 0.07993
56270.6986 19.98908 0.09656
56270.6999 19.86723 0.09477
56270.70121 20.00313 0.0869
56270.70235 20.00918 0.10459
56270.70349 20.05015 0.08609
56270.70482 20.02781 0.0872
56270.70613 19.79128 0.09756
56270.70726 20.10224 0.08769
56270.7086 20.155 0.10466
56270.70972 20.21613 0.12107
56270.71103 20.18344 0.09647
56270.71235 19.85152 0.08738
56270.71347 20.12808 0.0918
56270.71481 20.08059 0.08599
56270.71608 20.19069 0.08559
56270.71722 20.10251 0.09338
56270.71853 19.91971 0.08579
56270.71967 20.0882 0.08129
56270.72098 19.97141 0.08903
56270.72302 20.0563 0.08909
56270.72439 20.04705 0.10717
56270.72553 20.12034 0.09841
56270.72665 20.13919 0.11318
56270.72793 19.8997 0.08558
56270.72927 20.0769 0.08278
56270.73043 20.16632 0.08387
56270.73161 20.34682 0.10876
56270.73292 19.96057 0.08647
56270.73506 19.94345 0.09572
56270.73622 20.01112 0.08359
56270.73753 19.98664 0.10066
56270.73887 20.02987 0.08231
56270.74001 20.1777 0.09057
56270.74126 20.16983 0.10717
56270.7424 19.96517 0.10446
56270.74369 20.08636 0.09678
56270.74498 20.13363 0.09297
56270.74609 20.11095 0.10806
56270.74744 20.02215 0.10736
56270.7486 20.07966 0.11706
56270.74995 20.06008 0.10727
56270.75121 19.98894 0.08598
56270.75241 20.0253 0.08868
56270.75372 20.17116 0.10616
56270.75706 20.00443 0.08805
56270.75826 20.13791 0.0941
56270.75948 20.13513 0.1023
56270.76078 19.82869 0.09616
56270.76208 20.23041 0.12576
56270.77223 20.0059 0.11226
56270.77464 19.94971 0.11207
56270.77887 20.0353 0.12085
56270.78012 19.91372 0.09287
56270.78147 19.93141 0.11567
56270.78273 19.9224 0.10086
56270.784 19.92287 0.11974
56270.78526 19.70465 0.10016
56270.78661 19.8869 0.09537
56270.78776 20.03012 0.09148
56270.7891 20.01002 0.0976
56270.79021 20.19732 0.11535
56270.79151 20.01129 0.11027
56270.7928 19.95041 0.09929
56270.79391 20.0683 0.11427
56270.79508 19.98651 0.08688
56270.79619 20.09908 0.1186
56270.7975 19.92882 0.11318
56270.79862 19.79449 0.09537
56270.79991 20.02904 0.09478
56270.80111 19.93639 0.10478
56270.80249 20.29118 0.10198
56270.80509 19.92195 0.11378
56270.80715 20.01895 0.11918
56270.80837 19.96313 0.10739
56270.80963 20.27878 0.10286
56271.71236 20.28848 0.12034
56271.74462 20.15084 0.12269
56272.64495 20.29341 0.11265
56272.7082 20.26242 0.13276
56273.60993 19.73318 0.09877
56273.63946 20.21711 0.15076
56281.61668 20.25572 0.17166
56282.58095 20.2635 0.13038
56282.62819 20.44863 0.21544
56297.58897 19.99393 0.10217
56297.59019 20.00004 0.09757
56297.5937 20.10937 0.0989
56297.59722 20.02691 0.08828
56297.59904 20.11101 0.12308
56297.60164 20.23083 0.17013
56297.60284 20.16471 0.09926
56297.6053 20.08463 0.12416
56297.61734 20.20339 0.12928
56297.61965 20.07201 0.12146
56297.62198 19.9593 0.11288
56297.62474 20.15484 0.09577
56297.62597 20.17126 0.10067
56297.62818 19.82434 0.09728
56297.63051 20.18396 0.13575
56297.63246 19.99193 0.12866
56297.6337 20.03696 0.11686
56297.63597 19.97814 0.14134
56297.63722 19.99625 0.11415
56297.63944 20.19448 0.10029
56297.64162 20.12384 0.12327
56297.64281 20.02913 0.12065
56297.64393 19.92353 0.10598
56297.64612 20.07324 0.09576
56297.64742 20.2145 0.12155
56297.64964 19.93482 0.10367
56297.65084 20.07547 0.09897
56297.65434 20.20576 0.09728
56297.65811 20.22787 0.10717
56297.65988 19.88145 0.08788
56297.66121 20.29133 0.11319
56297.66483 20.07032 0.10788
56297.67315 19.89301 0.09147
56297.67547 20.0158 0.11716
56297.67675 20.21884 0.11927
56297.67954 20.18563 0.11346
56297.68076 20.09968 0.09518
56297.6819 20.30558 0.0967
56297.68325 19.92462 0.09788
56297.68541 19.98044 0.1026
56297.68786 20.31214 0.10686
56297.69171 20.11194 0.11566
56297.69635 19.89276 0.11117
56297.69767 20.02696 0.11036
56297.70113 19.84409 0.10518
56297.70743 20.07823 0.1056
56297.71084 19.874 0.09349
56297.71401 19.95242 0.12536
56297.71668 20.05853 0.10978
56297.7179 20.33448 0.11408
56297.72049 20.08839 0.11936
56297.72327 19.99221 0.12096
56297.72448 19.92833 0.10627
56297.72584 20.1074 0.10778
56297.72772 19.96241 0.09559
56297.72894 19.96177 0.13406
56297.74317 19.93715 0.1287
56297.74683 20.02579 0.10816
56297.74996 19.95832 0.10798
56297.75123 20.28465 0.12726
56297.75493 19.93677 0.11158
56297.75709 20.01238 0.12026
56297.7583 20.02308 0.10527
56297.76047 20.18248 0.11767
56297.76167 20.13947 0.11876
56297.76388 20.12805 0.11886
56297.76506 20.10305 0.12178
56297.76834 20.13149 0.1187
56297.77069 20.04503 0.13209
56297.77185 20.36745 0.13076
56297.77383 19.98829 0.11382
56297.79199 19.89341 0.12411
56297.79318 20.0646 0.1407
56297.79645 20.01132 0.11384
56297.79838 20.27941 0.1521
56297.79953 20.14789 0.14357
56297.80077 20.14424 0.15519
56297.80192 20.30237 0.13396
56297.80312 20.07839 0.13346
56297.80437 20.20361 0.15078
56298.58895 20.11176 0.17864
56298.59013 19.93461 0.12003
56298.59235 19.92647 0.19089
56298.59354 19.67839 0.14872
56298.59724 20.3128 0.22712
56298.59842 19.85931 0.17099
56298.6021 20.41905 0.17228
56298.60332 20.26189 0.1722
56298.60701 20.06039 0.17936
56298.61595 20.11684 0.15983
56298.61811 19.89939 0.10894
56298.62047 19.68515 0.12785
56298.62171 20.17859 0.14334
56298.62426 19.99857 0.13975
56298.62643 20.21704 0.14637
56298.62762 20.46291 0.14856
56298.63098 20.27088 0.14338
56298.63219 19.87956 0.11531
56298.63473 20.30314 0.18205
56298.63687 19.85579 0.12207
56298.64364 19.96064 0.10633
56298.64578 19.82287 0.13407
56298.64695 20.19136 0.12022
56298.6481 20.24145 0.12162
56298.65082 19.90043 0.1319
56298.65294 20.02489 0.09904
56298.65509 19.89224 0.08803
56298.65865 20.13356 0.1043
56298.66081 20.06959 0.09747
56298.66198 19.92685 0.10129
56298.66411 19.98921 0.11531
56298.66639 19.88645 0.09949
56298.6699 19.98699 0.09175
56298.68256 20.10446 0.11115
56298.68492 19.75875 0.14134
56298.68852 20.13351 0.22749
56301.59099 20.12008 0.10661
56302.62153 19.83329 0.16407
56305.59416 19.95879 0.09667
56305.62276 20.14564 0.10529
56307.63151 19.87133 0.14035
56308.60019 20.04757 0.15856
56310.60466 20.39331 0.16155
56310.63503 20.03678 0.106
56311.59823 20.25643 0.13486
56311.62777 20.10308 0.16736
56313.60478 20.17668 0.13486
56314.61498 19.86345 0.11958
56314.64504 20.29786 0.1736
56322.60046 20.21795 0.1702
56322.63022 20.39813 0.15849
56323.59943 20.00325 0.13835
56323.60059 20.12035 0.13165
56323.60172 19.90187 0.11185
56323.60284 20.12115 0.09869
56323.60396 20.21082 0.09806
56323.60508 20.18665 0.10347
56323.60621 19.99426 0.11625
56323.60734 19.85297 0.10616
56323.60846 20.14265 0.0983
56323.60959 19.82869 0.10267
56323.61071 19.97556 0.10745
56323.61183 20.263 0.14764
56323.61297 19.77266 0.11355
56323.61409 20.24594 0.13135
56323.61521 20.13021 0.14215
56323.61635 20.26626 0.10848
56323.61747 20.0822 0.0983
56323.61859 19.94826 0.11816
56323.61971 20.18919 0.13456
56323.62085 19.99721 0.09168
56323.62197 19.91036 0.10586
56323.62309 20.02859 0.10557
56323.62423 19.85093 0.11267
56323.62535 19.95839 0.11145
56323.62647 20.05815 0.10327
56323.62759 20.18794 0.11946
56323.62872 20.25745 0.12075
56323.62985 20.20761 0.12195
56323.63097 20.29649 0.13225
56323.6321 19.90005 0.10597
56323.63322 20.02703 0.12886
56323.63435 20.08259 0.11135
56323.63549 20.14201 0.10597
56323.63661 19.95749 0.12115
56323.63773 20.11712 0.12006
56323.63887 19.74449 0.10726
56323.63999 19.93373 0.10386
56323.64112 20.26387 0.11168
56323.64225 20.08156 0.09197
56323.64338 20.1718 0.13894
56323.6445 20.08599 0.12036
56323.64563 20.25415 0.14656
56323.64676 20.08101 0.11107
56323.64789 20.18631 0.10869
56323.64902 20.35983 0.15134
56323.65014 20.20685 0.11447
56323.65127 19.88967 0.13886
56323.6524 20.45392 0.11836
56323.65352 20.02532 0.11456
56323.65465 20.04995 0.13786
56323.65577 20.29293 0.14614
56323.65691 19.96149 0.10356
56323.65803 20.23143 0.11055
56323.65917 20.09312 0.13344
56323.66029 20.12957 0.12766
56323.66142 20.25531 0.13927
56323.66255 20.26444 0.11466
56323.66367 20.22359 0.14204
56323.6648 20.01936 0.12425
56323.66594 20.0901 0.15014
56323.66706 20.22736 0.15715
56323.66819 20.384 0.17546
56323.66932 20.24064 0.14271
56323.67045 19.97289 0.11376
56323.67158 20.09459 0.11108
56323.67271 20.15053 0.12737
56323.67384 20.33085 0.12966
56323.67496 20.10033 0.13505
56323.67613 20.07204 0.15295
56323.67725 20.11908 0.13487
56323.67838 20.13316 0.15523
56323.67951 20.41671 0.15215
56323.68065 20.16665 0.12891
56323.68177 19.79917 0.13395
56323.6829 20.30277 0.16305
56323.68402 20.45304 0.13996
56323.68516 20.30172 0.13796
56323.68628 20.02754 0.13327
56323.68742 20.16028 0.14004
56323.68855 20.13369 0.14046
56323.68967 19.9788 0.14684
56323.69194 20.0259 0.13814
56323.69306 20.11267 0.11877
56323.6942 20.46804 0.18696
56323.69532 19.71725 0.13504
56323.69644 19.9531 0.12505
56323.6987 20.46881 0.18345
56323.69982 20.11779 0.15415
56323.7032 20.16904 0.19215
56323.70434 20.19866 0.16056
56323.70659 19.89492 0.14586
56324.6344 20.32718 0.16255
56324.67356 20.01667 0.13108
56328.60109 20.35653 0.17115
56328.63041 20.19447 0.11439
56329.6158 20.02033 0.1576
56330.60568 19.90452 0.12367
56330.63442 19.92698 0.1113
56336.6347 20.02896 0.11737
56337.61678 20.37337 0.12157
56337.646 19.89216 0.10631
56339.61462 20.05566 0.19383
56340.62168 20.12235 0.20167
56340.65261 19.91306 0.19665
56341.63432 19.75432 0.16626
56342.64414 19.9724 0.19543
56434.97306 19.95167 0.14581
56442.95121 20.32732 0.18226
56443.94843 20.26594 0.16541
56446.9404 20.21318 0.14407
56446.9746 20.20765 0.1686
56447.93827 20.19002 0.1313
56447.97245 20.31372 0.18126
56448.93551 19.99772 0.11138
56448.97043 19.90866 0.1289
56449.9322 20.1938 0.11921
56449.96744 20.10024 0.13558
56450.93056 20.03251 0.1096
56450.96471 20.25852 0.12267
56451.92757 20.19979 0.1379
56451.96268 20.19581 0.1203
56452.92487 19.93443 0.11807
56452.95905 19.95527 0.10347
56453.9223 20.13177 0.11499
56453.95718 19.91756 0.13192
56454.9531 20.02691 0.11819
56455.91706 19.92128 0.12822
56455.95123 20.13208 0.11181
56456.91361 19.84035 0.12538
56456.94859 20.01649 0.11777
56457.91086 20.14896 0.14116
56457.9457 20.3393 0.12197
56458.90893 20.05607 0.10979
56458.94334 19.99759 0.11458
56459.90596 20.32181 0.15125
56459.94092 20.33376 0.10787
56460.9034 19.98611 0.12458
56460.93791 19.89519 0.12666
56461.90107 20.27475 0.1198
56461.93811 19.97964 0.10409
56462.89824 20.17518 0.15276
56462.93439 20.107 0.14578
56463.93218 20.09757 0.11106
56469.91685 20.08142 0.15767
56471.87375 20.23808 0.1594
56471.91001 20.16223 0.14527
56473.90477 19.76784 0.19873
56475.86334 19.98204 0.177
56476.86102 20.27535 0.1995
56485.83631 20.04708 0.11265
56486.83403 19.77651 0.11358
56486.87106 19.94132 0.1096
56488.83006 20.36551 0.13188
56488.86647 19.99478 0.10199
56489.82698 20.04864 0.1389
56489.86366 20.22774 0.11088
56498.802 19.77746 0.16738
56502.79167 19.77181 0.14482
56502.82864 20.05382 0.13464
56503.78903 19.84574 0.12588
56503.82769 20.00031 0.10804
56504.82017 20.09756 0.14125
56504.86992 20.12891 0.12837
56504.90811 20.34452 0.1054
56505.81768 20.12933 0.12433
56505.9509 20.43978 0.12066
56506.89349 20.23219 0.14969
56507.80198 20.05619 0.12287
56507.84712 20.33081 0.1115
56507.99891 20.0681 0.13659
56508.90167 20.02276 0.09422
56509.79634 19.85958 0.10326
56509.83877 20.21879 0.09346
56510.8262 19.83047 0.0939
56511.79111 20.01713 0.09772
56511.84089 20.1083 0.11365
56512.78788 20.19917 0.1365
56512.82519 20.04278 0.09824
56513.78624 20.21359 0.10772
56513.82352 20.03022 0.10436
56514.7834 19.92988 0.12372
56514.82081 20.10506 0.09379
56515.78106 20.12029 0.1137
56515.82231 20.05318 0.10382
56516.77774 20.33326 0.13936
56516.81437 20.06112 0.10486
56517.77605 20.07848 0.11508
56517.81715 19.96164 0.10356
56517.97309 20.29889 0.09309
56518.87478 20.12093 0.08859
56518.96686 20.28153 0.09982
56519.00311 20.03237 0.09898
56519.90443 20.15653 0.08148
56519.96504 20.08691 0.10218
56520.00171 19.96416 0.08908
56520.90327 20.02312 0.09458
56520.95521 20.01852 0.08863
56520.99262 19.96936 0.10221
56521.89446 20.02291 0.11202
56521.95772 20.01251 0.08972
56521.99393 19.88212 0.09649
56528.87422 20.04746 0.21398
56529.97462 19.88629 0.17468
56532.71221 20.35311 0.15986
56532.85928 19.87432 0.11289
56532.89645 20.31266 0.1029
56533.79895 20.01582 0.1033
56533.93493 20.25977 0.09448
56533.97228 19.80971 0.09672
56537.84525 20.12208 0.08519
56537.9874 20.2371 0.11268
56539.69386 19.84865 0.14067
56539.88447 20.09298 0.08761
56539.9215 20.33758 0.10121
56540.97669 19.91415 0.09726
56541.6883 20.0857 0.11747
56542.96698 20.09957 0.11477
56543.00294 20.00667 0.1266
56543.90463 19.92333 0.11034
56543.97085 20.19439 0.09174
56544.00787 20.20092 0.09274
56546.67441 20.24684 0.16537
56546.75907 20.02567 0.11611
56546.94639 20.35787 0.103
56547.84788 20.28572 0.10081
56548.0057 20.06884 0.12187
56548.66959 20.08324 0.16035
56548.70582 20.36414 0.14107
56548.74172 20.12135 0.12916
56549.66591 20.06385 0.13638
56549.70273 20.35419 0.13648
56549.73967 20.26876 0.16356
56550.6994 20.27805 0.20607
56550.73216 20.38191 0.14229
56551.75862 20.49646 0.16704
56552.71291 19.91927 0.17177
56552.74635 20.22876 0.17588
56561.66061 20.41411 0.14787
56561.89034 20.15342 0.1634
56561.92356 20.45365 0.1432
56562.93459 20.15445 0.10991
56563.02169 20.5117 0.15198
56563.6524 20.24115 0.11945
56563.6893 20.10575 0.13755
56563.77494 20.12724 0.10918
56564.72602 20.00539 0.13097
56564.99301 20.52658 0.12175
56565.92832 20.02048 0.0978
56566.01544 20.12645 0.11909
56566.91724 20.13629 0.10029
56566.96287 19.94389 0.13316
56566.99591 20.35898 0.12204
56567.8986 20.18686 0.09861
56567.96702 19.97101 0.10526
56568.00039 20.20869 0.09757
56568.90245 20.13487 0.08948
56568.96343 20.16215 0.11652
56568.99843 20.3851 0.12986
56569.90084 19.88034 0.13257
56569.99803 20.53618 0.13846
56572.62632 20.00258 0.15492
56572.66032 20.29939 0.12336
56572.69287 20.26412 0.15781
56573.61429 20.48666 0.16566
56573.64765 20.36007 0.15955
56573.77817 20.25782 0.13285
56576.83948 19.90007 0.09639
56577.00541 20.20322 0.12548
56577.60601 20.41974 0.21265
56577.63144 19.92336 0.16775
56577.77306 19.8292 0.09956
56578.67217 20.0761 0.14655
56578.69674 20.21764 0.14716
56578.75347 19.91704 0.11806
56579.73584 20.2691 0.13096
56579.85963 20.47386 0.13395
56579.88516 20.0447 0.13396
56580.7875 20.06078 0.17155
56580.8553 20.15543 0.16049
56581.78167 19.96804 0.1807
56587.62864 20.37439 0.12657
56587.81475 20.34182 0.15295
56589.79481 20.46946 0.17565
56589.81959 20.45904 0.11516
56589.84642 20.24796 0.14656
56590.76387 20.18572 0.10194
56590.8749 20.17697 0.10786
56590.89969 19.93838 0.11596
56591.80204 20.08797 0.19601
56591.86057 20.29309 0.10481
56591.88508 20.13099 0.10483
56592.81972 20.34575 0.10549
56592.91348 20.1974 0.10537
56592.93852 20.17524 0.11886
56596.59731 20.13067 0.10597
56596.81771 20.23065 0.14275
56596.84238 20.04298 0.14635
56597.74425 20.0024 0.11278
56597.82393 20.43166 0.13457
56597.84943 19.89726 0.15568
56598.75163 20.0606 0.11819
56598.82179 20.26145 0.12369
56598.84855 20.36148 0.12614
56599.75014 20.01292 0.09787
56599.79577 20.1661 0.11038
56599.82112 20.03147 0.12768
56600.77441 20.07452 0.10182
56600.8753 19.99079 0.11227
56602.59024 20.51409 0.20025
56603.68227 20.22172 0.13508
56603.74296 19.76993 0.12558
56603.81581 20.31998 0.11508
56604.73691 20.14083 0.12152
56604.92616 20.35778 0.11782
56605.64733 20.0544 0.09487
56605.67213 19.92595 0.11677
56606.60932 20.36171 0.13794
56607.84927 19.8989 0.12916
56608.75086 19.95449 0.15906
56608.84048 19.91184 0.17409
56609.8617 20.1079 0.21566
56621.79766 19.77894 0.1202
56622.58588 19.97829 0.12318
56623.58717 19.90628 0.11462
56624.57999 20.10819 0.12345
56624.60429 20.09239 0.11546
56625.70494 20.27546 0.1248
56625.74386 20.12545 0.10135
56626.64578 20.15391 0.11806
56626.67007 20.10432 0.10438
56628.73144 19.92295 0.0967
56628.76212 20.20548 0.14897
56637.58042 20.17532 0.14001
56637.60549 20.22286 0.16948
56639.58002 20.42 0.20015
56648.61266 20.15385 0.13638
56649.57885 20.16831 0.18549
56649.60387 20.15797 0.13217
56650.58762 20.38383 0.15975
56658.58519 19.96222 0.10832
56658.62914 20.13014 0.12859
56659.58605 19.88553 0.11718
56659.61086 20.27763 0.11854
56660.58569 20.23033 0.15498
56660.61029 19.97968 0.11922
56662.58587 19.99265 0.12216
56662.61038 20.09747 0.13116
56663.59143 20.35518 0.11439
56663.6171 20.07572 0.14186
56668.61177 20.07699 0.17007
56669.61423 20.16378 0.18873
56675.5969 20.21403 0.13468
56675.6459 20.1279 0.13101
56676.59181 20.22381 0.11527
56676.61781 20.32462 0.13417
56678.61458 20.5555 0.18044
56678.64019 20.02069 0.12677
56680.60724 20.22994 0.12866
56683.59693 20.19615 0.11583
56683.63252 20.15315 0.11198
56685.6471 20.13554 0.17411
56687.59886 19.97763 0.09793
56697.60505 20.1418 0.18494
56699.60928 20.24577 0.15825
56816.96412 20.19922 0.14036
56816.97531 20.52072 0.18465
56818.96227 19.96442 0.11387
56818.97512 20.17833 0.18934
56822.96143 20.2311 0.16216
56822.97681 20.12238 0.15982
56823.96094 20.48699 0.17386
56824.96428 20.38461 0.15746
56824.97573 19.95929 0.18505
56825.96455 20.36971 0.17495
56826.96127 20.01027 0.15105
56827.96384 19.8368 0.15994
56828.9654 20.01259 0.12748
56829.96383 19.95188 0.12386
56829.97653 20.24993 0.1247
56830.96102 20.19494 0.10796
56830.97338 20.22872 0.12097
56831.96161 19.96426 0.10578
56831.97427 20.19911 0.13235
56832.9648 20.0126 0.10349
56832.97563 20.16119 0.13351
56833.96568 20.17615 0.12936
56833.97644 20.13288 0.15497
56834.96484 20.26371 0.08952
56834.9776 20.58364 0.15018
56836.96625 20.05066 0.09437
56836.97711 20.05632 0.13037
56837.96638 20.34051 0.10257
56837.98211 20.00204 0.15241
56838.96389 20.31024 0.10695
56838.9786 20.00368 0.1248
56839.96511 20.04427 0.08399
56839.97834 20.24927 0.15655
56840.96951 20.04277 0.0955
56840.98137 20.2589 0.18915
56841.96857 20.29505 0.13898
56841.98075 20.53878 0.1448
56844.96636 20.253 0.1341
56844.97887 19.97083 0.11679
56845.96726 20.28485 0.09865
56845.98002 19.94797 0.1257
56846.96666 20.13749 0.10309
56846.98115 20.02101 0.11108
56847.96648 20.21504 0.10082
56847.98151 20.22325 0.10381
56848.96743 20.09696 0.11052
56848.98312 20.36881 0.11553
56849.96813 20.30187 0.17655
56849.98235 20.06263 0.14427
56851.97048 20.43127 0.22475
56854.96165 20.31768 0.16029
56855.96071 20.3728 0.15097
56855.98393 20.01267 0.13261
56856.98328 20.17418 0.13439
56858.96243 20.12223 0.11734
56858.98507 20.48267 0.13862
56859.96515 20.30742 0.1013
56859.98697 20.15899 0.12678
56861.96231 20.21561 0.09149
56861.98508 20.28173 0.12777
56862.9659 20.08211 0.1104
56862.98227 20.07773 0.11109
56863.94981 19.97525 0.08435
56864.94576 20.10142 0.11346
56864.96947 20.16307 0.10629
56865.92975 20.34934 0.11121
56865.96089 20.03307 0.09834
56867.98799 20.19254 0.11315
56868.96536 20.09369 0.10232
56868.98567 20.2585 0.10013
56869.96092 20.18122 0.0952
56869.98231 19.9216 0.10537
56870.96467 20.0126 0.10013
56870.98635 19.94066 0.08518
56874.97428 20.11222 0.08322
56874.99622 20.11121 0.09549
56875.98151 20.28204 0.0893
56875.99752 20.2805 0.15677
56876.91773 20.01697 0.08374
56876.94717 20.1116 0.10581
56877.9745 19.94505 0.08507
56877.9957 20.03039 0.10076
56878.00741 20.15551 0.17207
56878.9086 19.98413 0.15648
56878.93847 20.25401 0.12537
56879.92838 19.97339 0.17437
56879.95816 20.13808 0.17926
56880.9882 20.31909 0.17251
56882.98848 20.44972 0.1953
56883.9421 20.07959 0.16758
56883.98158 20.04845 0.15256
56884.99956 20.171 0.16698
56885.96448 19.83182 0.10732
56885.98159 19.87575 0.1105
56886.91453 20.05275 0.13614
56886.94264 20.09879 0.12673
56887.91623 19.7506 0.09535
56887.94902 20.19874 0.1044
56888.86519 20.05912 0.08299
56888.89905 20.28865 0.0937
56888.91008 20.21092 0.11216
56888.94196 20.08083 0.108
56890.94091 19.98347 0.09842
56890.97479 20.03717 0.09502
56895.83087 20.12517 0.10474
56895.86667 20.028 0.1198
56972.71463 20.10105 0.11188
56972.73749 20.27845 0.13678
56978.74407 19.99285 0.13443
56978.79927 20.3076 0.19002
56980.71766 19.99848 0.10873
56980.83416 20.46833 0.11831
56981.71538 20.11626 0.0984
56981.77818 19.89177 0.10521
56986.72544 20.47477 0.15437
56986.79095 19.95322 0.1335
56987.70535 20.49932 0.15067
56987.76948 19.98187 0.13311
56988.66321 20.29222 0.17328
56989.60286 19.90553 0.13666
56989.66828 20.2877 0.13877
56990.59847 20.51227 0.13616
56990.66232 20.56439 0.12529
57000.62591 20.26316 0.15515
57000.65668 20.02093 0.17058
57001.60725 20.25932 0.10938
57001.63454 20.42544 0.11167
57011.62365 20.20167 0.11716
57014.60229 20.32168 0.12719
57014.62433 20.31827 0.112
57015.60026 20.46449 0.16138
57015.6199 20.22518 0.12162
57018.60146 20.17809 0.14287
57018.62586 20.07787 0.12215
57019.59637 20.28026 0.17408
57019.61004 20.03484 0.17648
57030.59868 20.4053 0.15603
57037.60179 20.02047 0.142
57039.60447 20.4039 0.12767
57040.60372 20.29174 0.14597
57040.65327 20.34294 0.1665
57041.64649 20.37022 0.14319
57042.59979 20.40528 0.1467
57042.64647 20.5785 0.1355
57043.60053 20.48533 0.12801
57043.64542 20.58855 0.12656
57046.59907 20.32991 0.16808
57047.65361 20.25804 0.15157
57059.60766 20.14772 0.11754
57059.61723 20.55018 0.16818
57063.60738 20.59599 0.14753
57064.62756 20.46538 0.18039
57067.60784 20.54246 0.20215
57067.62545 20.48297 0.19011
57069.61019 20.17851 0.1896
57070.61078 20.18858 0.18168
57070.6277 20.71244 0.17047
57071.61023 20.237 0.15141
57071.6267 20.47 0.1503
57187.96362 20.52495 0.12539
57188.93765 20.28992 0.17164
57188.96808 20.55799 0.20935
57190.94422 20.25806 0.14469
57191.9217 20.36739 0.17488
57191.95614 20.43143 0.14078
57192.94672 20.3024 0.15561
57193.93573 20.4946 0.18184
57194.94374 20.67384 0.14118
57195.94595 20.66672 0.16403
57196.92539 20.32269 0.18875
57196.97637 20.42485 0.21144
57197.96971 20.73215 0.20267
57198.93165 20.41625 0.1397
57198.96479 20.75733 0.18937
57208.94607 20.543 0.16589
57214.96163 20.29992 0.16218
57216.93262 20.34287 0.16032
57218.92712 20.56851 0.13918
57218.977 20.66708 0.14239
57219.94247 20.33023 0.13398
57219.97077 20.47486 0.15335
57220.92305 20.22536 0.11711
57220.98129 20.51068 0.1225
57225.95176 20.4209 0.13775
57226.95332 20.24852 0.13255
57227.93417 20.58821 0.15158
57227.97035 20.41129 0.12342
57231.91879 20.7993 0.17717
57231.96902 20.48258 0.14038
57232.9489 20.56012 0.20047
57238.91268 20.18093 0.14548
57238.96563 20.1223 0.15897
57239.93796 20.29829 0.18437
57239.98313 20.3136 0.18844
57240.95317 20.34553 0.15348
57241.93368 20.24479 0.13299
57242.93933 20.72563 0.16075
57242.98523 20.35545 0.14887
57244.91131 20.28625 0.141
57244.96611 20.38824 0.1222
57245.87591 20.57784 0.12042
57245.91376 20.37665 0.138
57247.92574 20.57413 0.1683
57247.95614 20.62861 0.1243
57248.84393 20.66397 0.12928
57248.8782 20.49993 0.12976
57249.88436 20.50695 0.10844
57249.9163 20.55698 0.11589
57250.88236 20.3898 0.10888
57250.92114 20.46506 0.13349
57251.8693 20.45565 0.1451
57251.91419 20.31493 0.15735
57554.97044 20.74854 0.18477
57555.93989 20.65535 0.14201
57555.96363 20.71637 0.18709
57564.94449 20.1331 0.18099
57567.97572 20.21576 0.19679
57568.92119 20.12508 0.16967
57569.92685 20.33255 0.16062
57570.93954 20.36155 0.14956
57571.91515 20.48959 0.17436
57572.94 20.1148 0.13909
57572.961 20.21985 0.15753
57573.95955 20.54867 0.13484
57574.96997 20.50008 0.1701
57575.96076 20.45787 0.18103
57576.95096 20.53055 0.17685
57578.93031 20.3967 0.16821
57578.9597 20.3814 0.17719
57579.93833 20.49014 0.16779
57579.96636 20.26187 0.17911
57580.94991 20.42653 0.17331
57580.97641 20.71892 0.18909
57581.93908 20.27644 0.15247
57581.96061 20.64608 0.14049
57582.96612 20.46454 0.15431
57583.93612 20.48237 0.15949
57583.97225 20.31387 0.15342
57584.92871 20.11063 0.12479
57584.97404 20.22588 0.147
57586.91575 20.31974 0.1912
57595.9848 20.45574 0.18681
57597.93735 20.69685 0.19642
57598.9281 20.42554 0.15461
57599.94579 20.48147 0.17141
57600.96483 20.194 0.16045
57601.9531 20.5879 0.148
57603.99274 20.1635 0.1441
57604.96148 20.6178 0.17682
57604.99535 20.2663 0.15102
57605.93926 20.65657 0.17091
57606.94732 20.40886 0.14082
57606.99101 20.3534 0.16235
57607.92659 20.36849 0.1672
57607.97806 20.6179 0.19519
57608.92515 20.34705 0.15599
57608.96585 20.69876 0.17649
57609.94301 20.13721 0.13255
57610.89516 20.8124 0.1873
57610.92695 20.30893 0.1372
57611.90199 20.23536 0.15981
57612.88937 20.51895 0.17777
57612.93148 20.40765 0.15109
57613.87193 20.58654 0.15901
57613.90353 20.38076 0.17339
57614.96436 20.60413 0.18138
57614.99496 20.53008 0.15462
57615.95637 20.39148 0.14947
57625.94454 20.37375 0.19176
