#mjd mag magerr
55061.92501 20.10099 0.07619
55061.95573 20.0948 0.07506
55063.91987 20.0161 0.0657
55063.9639 19.97952 0.07099
55064.92128 19.8653 0.07121
55064.9656 19.80662 0.08708
55066.91014 20.03522 0.07034
55066.95474 19.97323 0.08079
55067.91649 19.71987 0.11541
55067.96099 19.75245 0.11096
55069.90324 19.96961 0.06441
55069.94786 20.10179 0.075
55080.87449 20.1514 0.17473
55080.95988 20.39823 0.20463
55084.86328 20.00261 0.09339
55087.85609 19.85135 0.06772
55087.90101 19.99417 0.08009
55088.96983 20.13117 0.07579
55089.01521 19.93454 0.07441
55089.94574 19.96868 0.07383
55089.99042 20.21047 0.09121
55093.83741 19.94175 0.06561
55093.88196 19.91287 0.0668
55096.8292 20.06124 0.07446
55097.00858 20.01336 0.10633
55104.99862 20.32236 0.11957
55114.88125 20.18955 0.08607
55114.92522 20.16312 0.22176
55119.89538 19.97158 0.09286
55119.95365 20.0974 0.08444
55123.75696 20.18612 0.09127
55123.81523 20.0428 0.06907
55126.97957 19.95924 0.09318
55127.83329 20.04614 0.07482
55127.87706 19.98851 0.08392
55135.82555 19.99069 0.14419
55135.86926 20.37938 0.17209
55138.71472 19.88301 0.14548
55142.7036 19.94057 0.07869
55142.75219 19.83401 0.08727
55144.77886 19.83376 0.07977
55144.82305 19.9164 0.0766
55151.72943 20.09155 0.0873
55151.77257 19.8571 0.07297
55166.70473 20.23598 0.15495
55166.74897 20.07998 0.16649
55168.63378 20.15671 0.12997
55175.61224 19.85541 0.06003
55175.65684 19.99778 0.06253
55181.59421 19.86893 0.09616
55181.63825 20.02069 0.11718
55183.59204 19.92849 0.11463
55183.64253 19.97752 0.08712
55189.58054 20.08509 0.10008
55189.62557 19.93214 0.09958
55194.59026 19.58597 0.14546
55199.58559 19.84854 0.07102
55202.58667 19.95298 0.07977
55203.71441 19.8688 0.10635
55203.75743 19.73013 0.08711
55207.63092 19.79882 0.06417
55207.67514 19.66376 0.06961
55209.5968 19.77115 0.06431
55209.64149 19.87294 0.06609
55213.63312 19.75324 0.08199
55213.6798 19.74569 0.09598
55377.85123 20.0099 0.14607
55377.89535 20.05982 0.11762
55378.90615 19.68986 0.16356
55379.8591 20.03533 0.16189
55379.92482 19.75331 0.08427
55380.87684 19.98756 0.1204
55380.92078 19.94187 0.10747
55381.89606 19.87488 0.08297
55381.93934 19.88944 0.07287
55384.82671 19.77915 0.07498
55384.87028 19.88293 0.07807
55385.87021 19.73513 0.06976
55385.91339 19.88142 0.06065
55386.86524 19.85636 0.06977
55386.90867 19.86616 0.06848
55387.87002 19.75372 0.06391
55387.91342 19.7963 0.05781
55388.86609 20.07028 0.0946
55388.91005 19.85754 0.0607
55390.80957 19.79816 0.08929
55390.85393 20.07338 0.09199
55391.80613 19.75815 0.10989
55391.87538 19.81593 0.07747
55392.83258 19.832 0.08557
55392.87538 19.68085 0.06411
55394.79908 19.96622 0.10129
55394.8431 19.85743 0.06629
55395.79551 19.6836 0.10059
55395.84215 19.74954 0.07289
55396.79527 20.25987 0.13677
55396.83932 19.67882 0.066
55397.79163 19.79795 0.11937
55397.83526 19.80843 0.07502
55398.78764 19.95662 0.13541
55398.83124 19.96926 0.11378
55399.78802 19.94222 0.13629
55399.83261 19.78896 0.10377
55400.78534 20.18179 0.16207
55400.8289 19.76478 0.1019
55401.78133 20.23196 0.18991
55401.82518 19.95917 0.14135
55402.8246 19.91557 0.17916
55405.8416 19.94392 0.14537
55407.83003 19.86279 0.16146
55411.79896 19.75526 0.09568
55412.75232 19.95007 0.13506
55412.79539 19.91088 0.11627
55413.75577 20.16414 0.12927
55413.79945 19.96659 0.11818
55414.75161 19.65962 0.16783
55414.79555 19.95127 0.09652
55415.75266 20.09794 0.17136
55415.79727 20.21517 0.16046
55416.75096 19.97133 0.18493
55416.79342 19.64537 0.09862
55417.75979 19.90472 0.14214
55417.84511 20.15765 0.13742
55418.79843 19.69135 0.11264
55418.84121 19.75976 0.09674
55419.79504 19.82645 0.0991
55420.78929 19.93895 0.13382
55420.83264 20.25937 0.13203
55421.73664 19.81056 0.08259
55421.79901 19.77711 0.06357
55422.75115 19.93178 0.08378
55422.79487 19.80314 0.08118
55423.74742 19.91072 0.07889
55423.79284 19.85287 0.06539
55424.75349 19.82908 0.11068
55424.80178 19.75736 0.06941
55425.76166 19.84179 0.09249
55425.80573 19.84208 0.06391
55426.80123 19.89373 0.09017
55426.8444 19.72603 0.05795
55427.79708 19.76933 0.08537
55427.8408 19.86092 0.07617
55428.79281 19.8605 0.09335
55428.83703 19.89067 0.08446
55429.8142 19.97858 0.09777
55429.85716 19.90581 0.11546
55430.75769 19.86788 0.11741
55430.80485 19.73248 0.10031
55431.75639 20.04496 0.11688
55431.80024 19.78153 0.09127
55432.78359 20.0578 0.16886
55433.7493 20.23024 0.17377
55434.73769 19.81284 0.16965
55436.88575 20.06735 0.11315
55436.88891 19.86867 0.13785
55436.8919 20.13464 0.13915
55436.89501 19.47742 0.10197
55436.89797 19.87326 0.13266
55436.90109 19.9414 0.10636
55436.9042 19.89528 0.11238
55436.90728 19.88754 0.13126
55436.91041 19.64114 0.11936
55436.91351 19.92004 0.12845
55436.91641 19.89988 0.12189
55436.91931 19.85136 0.13346
55436.92221 20.02696 0.13625
55436.92514 20.17595 0.14945
55436.92806 19.94721 0.11546
55436.93413 19.80609 0.17375
55436.93703 19.8688 0.13075
55436.93974 19.63459 0.10275
55436.94297 20.0906 0.12525
55436.94613 19.62338 0.11066
55436.94915 19.6841 0.10628
55436.95231 20.00352 0.12517
55436.9553 19.69123 0.15394
55436.95826 19.78876 0.12615
55436.96116 19.84002 0.11207
55436.96403 19.78218 0.14875
55436.96671 19.98744 0.16775
55438.88857 19.96762 0.11608
55438.89169 20.00925 0.11046
55438.89485 20.05855 0.11347
55438.89798 19.88069 0.12776
55438.90086 19.96711 0.10097
55438.90371 20.01022 0.11205
55438.9065 19.9197 0.10227
55438.90927 20.03117 0.10299
55438.91204 19.80233 0.10198
55438.91487 19.97348 0.10096
55438.91763 20.06376 0.11296
55438.92084 20.15888 0.13157
55438.92954 20.04834 0.19044
55438.93259 19.76213 0.15336
55438.93551 19.94548 0.11749
55438.94106 19.75878 0.13056
55438.94411 19.9091 0.10547
55438.94678 19.7969 0.16196
55438.95017 20.14845 0.11358
55438.95913 19.82187 0.10817
55438.96141 19.98797 0.09928
55440.87507 19.62863 0.06997
55440.87823 19.89364 0.07508
55440.88428 19.84814 0.06851
55440.88675 19.8273 0.06923
55440.8894 19.85356 0.07319
55440.89205 19.81573 0.07277
55440.89518 19.82962 0.06969
55440.89832 19.87219 0.08646
55440.90145 19.70655 0.0679
55440.90439 19.99081 0.08188
55440.90729 19.93258 0.09106
55440.91025 19.75039 0.07028
55440.91316 19.7931 0.0768
55440.91591 19.69225 0.07518
55440.9187 19.82193 0.06868
55440.92149 19.80085 0.07538
55440.92426 19.91021 0.07428
55440.93095 19.84819 0.07876
55440.93364 19.84192 0.07639
55440.93623 19.68439 0.08385
55440.9395 19.80891 0.08496
55440.94264 19.80275 0.07786
55440.94582 19.91798 0.07777
55440.94883 19.74411 0.08027
55440.95182 20.0065 0.10506
55440.95489 20.05152 0.08427
55440.95791 19.88137 0.07846
55441.87301 19.77838 0.06319
55441.87592 19.93657 0.06783
55441.88645 19.88952 0.06658
55441.88962 19.76273 0.06
55441.89254 19.85279 0.06639
55441.89542 19.85093 0.0627
55441.89828 19.83204 0.05989
55441.90107 19.88982 0.0648
55441.9037 19.7651 0.05789
55441.90634 19.79303 0.0625
55441.90906 19.77773 0.0584
55441.9118 19.80372 0.06131
55441.91445 19.84671 0.06169
55441.91722 19.77459 0.05992
55441.91981 19.93758 0.07407
55441.92242 19.88299 0.06579
55441.92546 19.91576 0.06383
55441.9281 19.91769 0.06799
55441.93183 19.91638 0.06559
55441.93458 19.77264 0.0615
55441.93727 19.78736 0.0697
55441.94048 19.8824 0.06728
55441.94326 19.92784 0.06417
55441.94546 19.85944 0.06593
55441.94852 19.8532 0.06568
55441.95194 19.80436 0.06121
55441.95469 19.8879 0.0621
55441.95786 19.81808 0.06849
55441.96081 19.89877 0.06819
55441.96392 19.79903 0.0687
55441.96715 19.65094 0.05543
55441.97012 19.79883 0.06298
55441.97294 19.87755 0.06201
55441.97532 19.78211 0.06279
55441.97757 19.75945 0.0603
55441.9798 19.74339 0.05941
55441.9835 19.719 0.0604
55441.9863 19.76431 0.06339
55441.98852 19.7324 0.0619
55441.99078 19.83728 0.06608
55441.99382 19.74774 0.0667
55442.00593 19.7226 0.0676
55442.00906 19.9868 0.08979
55442.01216 19.94442 0.07423
55442.01486 19.94119 0.0887
55442.01753 20.05293 0.1039
55442.02001 19.84287 0.1115
55442.70382 19.79759 0.07242
55442.70734 19.84424 0.07469
55442.71097 19.89893 0.07759
55442.71448 19.77526 0.07228
55442.71808 19.82436 0.06669
55442.72168 19.82147 0.07147
55442.72527 19.80132 0.067
55442.73272 19.849 0.06493
55442.74184 19.82302 0.06561
55442.74882 19.79636 0.05911
55442.75572 19.80468 0.06042
55442.76147 19.82623 0.05891
55442.76615 19.77323 0.0624
55442.77616 19.67771 0.06164
55442.78135 19.8208 0.06041
55442.78615 19.81692 0.06181
55442.79145 19.80343 0.05564
55442.79615 19.8431 0.0605
55442.80186 19.79463 0.05873
55442.8093 19.73579 0.05413
55442.81443 19.80927 0.0589
55442.81939 19.66387 0.053
55442.82447 19.75906 0.05302
55442.8293 19.63445 0.05251
55442.83541 19.69156 0.05823
55442.84012 19.74363 0.05553
55442.84597 19.74084 0.05572
55442.85112 19.86913 0.06481
55442.85657 19.70799 0.05761
55442.86387 19.81582 0.06423
55442.87002 19.87228 0.06142
55442.87503 19.74571 0.06021
55442.88048 19.73767 0.05733
55442.88617 19.72977 0.05453
55442.89221 19.66261 0.05386
55442.89785 19.83007 0.05941
55442.90297 19.81983 0.06251
55442.90871 19.89183 0.06
55442.91368 19.80078 0.05819
55442.91875 19.84206 0.06205
55442.92384 19.83379 0.05832
55442.93037 19.88309 0.06444
55442.93642 19.7664 0.06033
55442.94588 19.83798 0.08077
55442.95166 19.85378 0.0608
55442.95754 19.96964 0.0638
55442.96246 19.83079 0.06534
55442.96833 19.84952 0.06328
55442.97317 19.71129 0.06171
55442.97782 19.75182 0.05731
55442.98206 19.79746 0.05983
55442.9872 19.75064 0.06162
55442.99348 19.72756 0.05973
55442.99858 19.76512 0.06223
55443.00329 19.72301 0.06191
55443.01002 19.82128 0.06412
55443.01702 19.89031 0.07453
55443.02387 19.97205 0.12442
55443.67742 19.70948 0.09648
55443.68488 19.92298 0.09127
55443.69287 19.84736 0.0813
55443.70415 19.70288 0.07457
55443.71028 20.00966 0.08825
55443.71632 19.73114 0.06889
55443.72231 19.87366 0.07286
55443.72832 19.93694 0.07767
55443.736 19.82929 0.06876
55443.74306 19.87385 0.07229
55443.74812 19.7449 0.06377
55443.75372 19.83427 0.07639
55443.75946 19.90619 0.07159
55443.76526 19.91821 0.08566
55443.77007 19.8232 0.08946
55443.78027 20.09011 0.08177
55443.78539 19.92297 0.06588
55443.79156 19.96682 0.06768
55443.79717 19.7778 0.06268
55443.80302 19.8257 0.06499
55443.80895 19.86797 0.06527
55443.81493 19.86331 0.06879
55443.8204 19.90943 0.06657
55443.82634 19.73217 0.05889
55443.83239 19.72806 0.05991
55443.83783 19.87177 0.06189
55443.84415 19.87255 0.05988
55443.84958 19.85864 0.06068
55443.85553 19.73201 0.05908
55443.86252 19.6788 0.05908
55443.87576 19.88528 0.06777
55443.88141 19.85622 0.05878
55443.88892 19.91856 0.06432
55443.89412 19.94401 0.07239
55443.90077 20.02718 0.06877
55443.90658 19.82927 0.06518
55443.91235 19.92285 0.06298
55443.91779 19.97036 0.07087
55443.92403 19.97314 0.07129
55443.92967 19.83115 0.0656
55443.93496 19.86744 0.06826
55443.94073 20.09093 0.07559
55443.94779 19.92204 0.06559
55443.95355 19.78132 0.06008
55443.95925 19.80835 0.06227
55443.9693 19.80867 0.06888
55443.97555 19.741 0.063
55443.98144 19.66949 0.06457
55443.98725 19.87757 0.08391
55443.99456 19.90506 0.07
55444.00093 19.9803 0.07328
55444.0061 19.84516 0.06639
55444.01187 20.0046 0.07538
55444.0175 19.98633 0.08855
55444.02231 19.80547 0.12207
55444.66648 19.83357 0.1093
55444.67221 20.16067 0.10838
55444.67727 19.93937 0.14376
55444.68857 20.06553 0.10136
55444.69526 19.96433 0.08817
55444.70198 19.91097 0.08167
55444.7091 19.73206 0.07998
55444.71487 19.83515 0.08356
55444.72103 19.94768 0.08637
55444.72796 19.66329 0.07925
55444.73377 19.7509 0.07247
55444.74094 19.80113 0.06917
55444.74655 19.84013 0.06938
55444.75167 19.69787 0.06359
55444.75678 19.75912 0.06528
55444.76225 19.80938 0.06416
55444.7673 19.74564 0.06537
55444.77353 19.90135 0.08435
55444.77876 19.78835 0.06337
55444.78368 19.86577 0.06599
55444.79848 19.83565 0.0631
55444.80403 19.79401 0.06797
55444.81599 19.74754 0.0588
55444.8213 19.73545 0.06248
55444.83332 19.73749 0.05862
55444.83854 19.8431 0.06188
55444.84549 19.87027 0.059
55444.85161 19.8724 0.06602
55444.85679 19.83571 0.06498
55444.86267 19.75712 0.06513
55444.86777 19.93149 0.07526
55444.87321 19.91735 0.06314
55444.87872 19.8459 0.06289
55444.88467 19.95113 0.07227
55444.89016 19.93307 0.0714
55444.89581 19.97185 0.07353
55444.90153 19.80088 0.05659
55444.90845 19.97606 0.07467
55444.91349 19.83073 0.06338
55444.92279 19.82768 0.06176
55444.93139 19.91348 0.05909
55444.94041 19.90917 0.05927
55444.94568 19.81202 0.05869
55444.951 19.81164 0.06869
55444.95724 19.65327 0.06331
55444.96289 19.88599 0.06366
55444.96923 19.7803 0.05716
55444.97411 19.76435 0.06107
55444.98062 19.98119 0.06907
55444.98915 19.87298 0.07166
55444.99553 19.78353 0.0661
55445.00157 19.87549 0.06769
55445.00779 19.7861 0.07259
55445.01282 19.92026 0.07699
55445.01777 19.9017 0.08875
55445.02227 19.72988 0.10718
55445.66261 19.86761 0.10059
55445.66749 19.91556 0.08668
55445.67244 19.84546 0.08228
55445.67731 19.94629 0.09708
55445.68422 19.76655 0.07028
55445.6905 19.79713 0.08685
55445.69681 19.71736 0.06799
55445.70294 19.82788 0.07327
55445.70921 19.9073 0.07716
55445.71534 19.89335 0.08358
55445.72141 19.9611 0.09409
55445.72791 19.81126 0.07427
55445.73457 19.88426 0.07718
55445.74013 19.84295 0.07326
55445.7456 19.84414 0.07007
55445.75096 19.80079 0.0694
55445.75643 19.86587 0.0644
55445.76191 19.80714 0.07
55445.76784 19.73128 0.06159
55445.7737 19.86328 0.06309
55445.779 19.70854 0.05739
55445.78479 19.91507 0.06948
55445.79025 19.81954 0.05999
55445.79613 19.7258 0.0557
55445.81095 19.95599 0.06679
55445.81845 19.88462 0.05937
55445.82455 19.84734 0.05561
55445.83024 19.86302 0.05776
55445.84021 19.84315 0.05811
55445.84549 19.81106 0.0568
55445.85174 19.78184 0.0568
55445.85762 19.73759 0.05477
55445.8636 19.87109 0.06149
55445.86963 19.7495 0.05332
55445.87567 19.80207 0.05402
55445.88207 19.86756 0.057
55445.88844 19.75991 0.05529
55445.89432 19.83264 0.06219
55445.89983 19.86474 0.0592
55445.90668 19.72891 0.05911
55445.91299 19.84383 0.05559
55445.91722 19.83487 0.05909
55445.92351 19.78559 0.05441
55445.92915 19.75244 0.05917
55445.93496 19.84143 0.0565
55445.94048 19.67262 0.05488
55445.95216 19.81561 0.06059
55445.95886 19.87781 0.06118
55445.97191 19.93255 0.06079
55445.97872 19.84273 0.06048
55445.98437 19.84484 0.05639
55445.98972 19.79038 0.05689
55445.99581 19.79993 0.05569
55446.00245 19.85213 0.06017
55446.00827 19.87295 0.06018
55446.01324 19.79082 0.06091
55446.01787 19.9008 0.08118
55446.0233 20.12936 0.13766
55446.66046 19.67623 0.10082
55446.66501 19.88139 0.08736
55446.67089 19.89591 0.08859
55446.67601 19.87199 0.11177
55446.6814 19.94864 0.08949
55446.68915 19.74947 0.07267
55446.70044 20.09044 0.08686
55446.70781 19.73767 0.07375
55446.71375 19.87475 0.08648
55446.71998 19.86761 0.07387
55446.7269 19.78033 0.06728
55446.73768 19.93825 0.08855
55446.74263 19.93145 0.07086
55446.74841 19.87773 0.06859
55446.75986 19.83556 0.06718
55446.76487 19.89338 0.06449
55446.77004 19.85337 0.06318
55446.77518 19.80511 0.05868
55446.78018 19.81416 0.0622
55446.78654 19.80317 0.05769
55446.79243 19.78468 0.05722
55446.79818 19.78597 0.06138
55446.80822 19.78551 0.06319
55446.81336 19.83074 0.05868
55446.81934 19.88153 0.06678
55446.82569 19.84508 0.05741
55446.83186 19.84526 0.06448
55446.83803 19.75521 0.05948
55446.84316 19.80225 0.05837
55446.84946 19.77961 0.06117
55446.85529 19.79736 0.07614
55446.86132 19.96274 0.06768
55446.87321 19.85178 0.05638
55446.87945 19.88552 0.05759
55446.88583 19.85039 0.05819
55446.89176 19.86767 0.0589
55446.89901 19.81808 0.0647
55446.90569 19.85542 0.06928
55446.91293 19.84052 0.05818
55446.91958 19.84846 0.05907
55446.92538 19.80034 0.05963
55446.93113 19.85438 0.0591
55446.93686 19.74018 0.05423
55446.94237 19.78828 0.05561
55446.94842 19.78899 0.05289
55446.95451 19.77756 0.05879
55446.96034 19.79673 0.05837
55446.96641 19.79727 0.0606
55446.97287 19.82108 0.05639
55446.97827 19.93874 0.06159
55446.98464 19.68662 0.05788
55446.99026 19.83399 0.0587
55446.99646 19.84505 0.06058
55447.00329 19.75853 0.05679
55447.02248 20.08275 0.10676
55448.00377 19.74574 0.05367
55448.65527 20.06866 0.1087
55448.70146 19.97454 0.08709
55449.82958 19.84744 0.06422
55449.87259 19.83877 0.06021
55450.82585 19.82991 0.06458
55450.86998 19.88776 0.05906
55451.65338 19.86449 0.11966
55451.70095 19.75773 0.06699
55452.64792 19.96386 0.09307
55452.69243 19.86681 0.08178
55453.64519 19.94042 0.10357
55453.6895 19.84929 0.08216
55454.64058 20.03213 0.12506
55454.68793 20.0124 0.10921
55455.63923 19.90964 0.12617
55455.7154 19.71458 0.08208
55456.63346 20.0236 0.14566
55456.67702 19.89461 0.09457
55457.63067 19.82091 0.12557
55457.6732 19.87346 0.10207
55458.66069 19.84842 0.11454
55458.7057 20.14242 0.12678
55459.69034 20.21173 0.17697
55460.63624 19.85027 0.12187
55460.72453 20.0223 0.09808
55461.62523 19.80444 0.2046
55461.67649 19.72178 0.11547
55462.76573 19.89551 0.19934
55462.80848 19.84329 0.14068
55463.71104 19.82204 0.17765
55466.61784 20.13557 0.12727
55466.61959 19.88813 0.09899
55466.62134 19.79527 0.08659
55466.6231 19.93821 0.09129
55466.62486 19.83473 0.09226
55466.62661 19.72617 0.08639
55466.62943 19.99419 0.10019
55466.63143 20.07423 0.11117
55466.63348 19.97 0.10707
55466.67604 20.07814 0.13387
55467.62749 20.12418 0.10651
55468.7394 20.04266 0.08313
55468.78277 19.94982 0.1142
55469.73472 19.75316 0.11808
55470.77885 20.23976 0.16626
55470.82246 19.78595 0.07176
55471.77466 19.7845 0.06041
55471.82993 19.84755 0.12101
55472.62548 19.8282 0.08238
55472.66936 19.83347 0.07775
55473.62096 20.03819 0.11365
55477.66775 19.7873 0.07157
55477.71276 19.86445 0.07116
55478.62384 19.97566 0.10355
55478.66775 19.96218 0.08936
55479.61565 20.03362 0.10146
55479.65968 19.91558 0.10315
55480.61506 19.75123 0.08385
55480.65805 19.93012 0.08185
55481.61182 19.70298 0.07485
55481.69382 19.65076 0.05918
55482.61769 19.92125 0.09817
55482.66188 19.82781 0.07065
55482.67843 19.71492 0.06898
55483.61039 19.78497 0.09016
55483.66512 19.96136 0.07556
55484.66377 19.975 0.09319
55484.70695 19.77304 0.07539
55485.61939 19.9545 0.09517
55485.66329 19.87626 0.07551
55486.61418 20.04212 0.12128
55486.658 19.76689 0.15227
55497.84041 20.17455 0.12589
55497.89223 19.92918 0.10896
55498.71756 19.70863 0.06789
55498.79 19.71009 0.08637
55499.59404 19.85817 0.0818
55499.63881 19.86281 0.07328
55501.66259 19.87599 0.078
55501.75706 19.77723 0.06671
55502.72145 19.78686 0.075
55502.82148 19.84494 0.0795
55503.77762 19.90862 0.07614
55503.8732 19.86319 0.0871
55504.82418 19.7653 0.07068
55504.91868 19.9258 0.08557
55506.68972 19.93147 0.07654
55506.73387 19.79776 0.06348
55507.81368 19.71486 0.07022
55507.89267 20.09053 0.0991
55513.658 19.86058 0.08035
55513.7418 19.75635 0.07509
55514.69377 19.74099 0.07522
55514.73749 19.82107 0.09139
55515.69951 19.70785 0.07796
55515.74236 19.92478 0.08879
55516.67238 19.83854 0.10038
55516.71654 19.70641 0.13496
55517.61497 19.82392 0.10676
55517.6584 20.04282 0.11186
55518.61481 19.84634 0.10328
55518.6578 20.11174 0.1387
55527.74242 19.91517 0.10878
55530.70615 19.92026 0.08322
55531.77418 20.11028 0.11344
55531.81743 20.00054 0.12172
55532.78408 19.85965 0.07358
55532.82836 19.87023 0.09273
55535.68432 19.814 0.06643
55537.58157 19.94219 0.10689
55537.62557 19.95314 0.08279
55538.57995 19.70222 0.07297
55538.62381 19.78381 0.07097
55539.58012 19.83853 0.08269
55539.62283 19.85768 0.06909
55540.61811 19.82168 0.07115
55540.66215 19.86258 0.06687
55541.61644 19.85181 0.08566
55541.65945 19.95778 0.11177
55544.59603 19.98623 0.0958
55544.64191 19.92529 0.08094
55545.59598 20.05629 0.11898
55545.63939 20.1481 0.11334
55558.75663 19.86522 0.08187
55559.7264 19.82534 0.13684
55561.73304 20.0742 0.12636
55561.77682 20.02074 0.13087
55567.59621 19.96239 0.0898
55575.595 19.89843 0.145
55575.6386 19.81912 0.12126
55579.61368 20.15907 0.11536
55579.65687 19.97378 0.15417
55580.66998 19.84859 0.10987
55580.71648 19.91651 0.19387
55583.61703 19.78294 0.06758
55583.66119 19.77957 0.09615
55584.63985 19.93177 0.0735
55584.68286 20.10266 0.10467
55586.61685 19.7792 0.07668
55586.66038 19.90469 0.10977
55588.66264 19.86401 0.13646
55722.89872 19.93647 0.10058
55723.91976 20.03291 0.12615
55723.9634 19.95117 0.09307
55730.92322 20.09761 0.18902
55733.86776 19.87251 0.11987
55733.91212 19.93676 0.09798
55750.83279 19.62392 0.088
55750.87598 19.7513 0.06927
55753.86132 20.22732 0.13778
55756.93392 20.12555 0.11879
55759.84878 19.77792 0.10997
55759.89212 20.10024 0.11648
55762.79606 19.96001 0.20184
55762.8402 19.80727 0.1342
55766.7805 20.07953 0.11198
55766.83041 19.97852 0.12385
55768.77509 20.06922 0.12156
55768.82037 19.74318 0.12296
55769.80074 19.82708 0.08177
55769.84468 19.90823 0.07479
55770.78189 19.81559 0.08725
55770.82573 19.89353 0.07719
55771.78074 19.83688 0.08908
55771.82449 19.76513 0.06892
55774.75968 19.77795 0.09117
55774.80363 19.76015 0.07798
55775.7599 19.98372 0.11272
55775.80332 20.05722 0.1174
55779.7464 19.95654 0.11378
55779.79086 19.96575 0.08248
55780.74948 20.02097 0.10328
55780.79415 19.89129 0.08517
55782.7508 20.12412 0.13808
55782.7956 19.90377 0.11065
55783.7573 19.98148 0.15307
55783.80103 20.34031 0.13478
55784.74207 20.3254 0.19178
55789.78039 19.96332 0.13964
55790.73125 19.73175 0.18795
55790.77463 19.85229 0.12299
55791.77527 20.08955 0.15856
55793.74743 19.90277 0.10878
55793.79097 19.74301 0.1419
55794.75972 19.8539 0.09287
55794.81629 20.05769 0.10199
55809.7101 20.02075 0.12651
55811.66044 20.24708 0.14467
55811.7042 19.59498 0.13875
55812.65876 20.07625 0.16598
55812.70198 20.01878 0.12396
55813.70671 19.76283 0.11387
55820.63925 20.18341 0.13184
55820.68324 19.93173 0.14419
55821.63464 19.89185 0.10578
55822.63132 20.00129 0.12187
55822.67415 19.86589 0.08287
55823.62908 20.13615 0.12136
55823.67275 19.85746 0.09015
55824.62608 19.80248 0.14876
55824.6697 19.83403 0.10066
55838.61464 19.98804 0.13627
55838.65944 19.85056 0.14105
55842.61856 19.96864 0.15605
55842.66208 20.01031 0.18156
55849.60547 19.95522 0.09949
55849.65079 19.96828 0.13031
55850.60468 19.9079 0.09327
55850.64918 19.81358 0.13005
55851.60318 19.98574 0.09848
55851.64641 19.96812 0.08481
55852.60416 19.72269 0.10699
55852.6481 19.94788 0.0803
55853.60163 19.79832 0.08889
55853.6463 19.7532 0.07535
55854.60164 20.04693 0.10231
55854.64607 19.85276 0.07853
55866.5884 19.96673 0.11155
55866.64679 19.99187 0.09548
55867.58757 20.21634 0.14325
55867.63053 20.3233 0.12676
55868.5865 19.91936 0.13306
55868.63002 20.07824 0.11095
55882.86968 20.03376 0.11489
55882.87146 19.94148 0.10629
55882.91495 20.11008 0.12672
55883.86679 20.15101 0.10793
55887.63181 19.87553 0.08262
55887.68352 19.97198 0.09151
55889.80049 19.8791 0.07727
55889.84447 20.13575 0.10155
55891.57974 20.07314 0.10919
55891.6225 20.12641 0.09396
55893.58261 19.97244 0.09977
55893.62546 19.84348 0.11096
55894.58144 19.93862 0.10685
55896.58202 20.17827 0.12366
55898.82137 20.08904 0.20497
55898.86551 20.01632 0.15199
55903.58342 19.73916 0.1553
55903.62024 19.80716 0.18229
55906.58378 19.83397 0.14497
55916.59575 19.78707 0.09743
55916.64026 19.68688 0.09815
55922.6423 19.73623 0.09496
55923.59751 19.9445 0.09331
55923.64145 19.83203 0.09988
55924.60837 20.00042 0.08618
55925.59941 20.05351 0.11436
55925.67897 19.80822 0.07709
55926.58279 19.90789 0.09086
55926.62543 19.88915 0.08743
55930.58585 19.81575 0.1798
55931.58458 19.92229 0.1286
55931.62692 19.87711 0.18167
55932.62858 19.89589 0.12798
55936.60917 20.15475 0.15169
55936.65247 20.05112 0.11897
55937.58951 19.9921 0.12125
55939.64879 19.87699 0.10657
55940.64013 20.20946 0.17432
55943.69972 20.09313 0.09129
55944.64379 19.85829 0.08558
55944.67224 19.87711 0.10897
55947.59349 19.94435 0.1025
55947.63713 20.09828 0.17637
55949.64923 20.22307 0.12743
55952.60617 19.85261 0.09367
55952.64932 20.25634 0.11467
55953.59751 19.96893 0.13567
55953.64127 19.69082 0.09588
55954.59787 19.76401 0.1558
55954.64157 20.35629 0.19579
55958.61566 20.0885 0.13287
55958.67117 20.34981 0.14567
55962.61935 20.01801 0.13047
55962.69096 20.047 0.22189
56060.97134 20.19156 0.16045
56061.96903 20.30159 0.16117
56065.96588 20.29481 0.15093
56066.96916 20.39691 0.15617
56067.96802 20.08222 0.13946
56070.97101 20.30815 0.14917
56075.93073 19.97227 0.10946
56075.96117 20.04893 0.11515
56076.96161 20.02453 0.11357
56078.92335 20.12367 0.12739
56078.95394 20.58738 0.17577
56079.91957 19.95909 0.13847
56079.94994 19.8825 0.09899
56084.95914 20.15795 0.15149
56085.9661 20.04889 0.19548
56086.9317 19.93851 0.14825
56086.96186 19.82247 0.12048
56087.95118 20.33974 0.13576
56088.93216 20.08113 0.13035
56088.96298 20.19321 0.19853
56089.90743 20.18765 0.12936
56089.9375 19.91237 0.10906
56090.89626 20.35593 0.19228
56091.93224 20.0104 0.12724
56091.96189 20.25428 0.12096
56092.88532 20.19179 0.13055
56092.91513 20.39194 0.13455
56092.94551 20.1258 0.10975
56093.88544 20.4448 0.14439
56093.91605 20.03583 0.11969
56093.95942 20.25936 0.11526
56094.8793 20.22593 0.15749
56094.90895 20.1284 0.12087
56094.93794 20.4423 0.12425
56095.89413 20.21315 0.13138
56095.92394 20.51493 0.15987
56095.95378 20.21233 0.12545
56096.8846 20.49349 0.16665
56096.91464 20.12225 0.11026
56096.94475 20.25896 0.10647
56097.90204 20.10827 0.11127
56099.86796 20.2104 0.12145
56099.8979 20.0715 0.08777
56099.92867 20.06495 0.09096
56100.87134 20.13722 0.12628
56100.9014 20.03859 0.11345
56100.93113 20.08585 0.10396
56101.86099 20.30705 0.16789
56101.92164 20.18686 0.10794
56102.85884 19.81199 0.12874
56102.88948 20.0508 0.10246
56102.91975 20.28523 0.10475
56103.89198 20.20095 0.14875
56103.92203 20.13882 0.11704
56104.86298 20.32008 0.15667
56104.89266 20.03485 0.10586
56104.92258 20.01104 0.09077
56105.87772 19.87652 0.10047
56105.90846 20.12628 0.10236
56105.93782 20.13277 0.09477
56106.84826 19.98579 0.10645
56106.87859 20.32692 0.09947
56106.90907 19.92857 0.08276
56107.87579 20.15253 0.13205
56107.90655 20.39128 0.11616
56108.89669 20.15701 0.11615
56108.92686 20.09744 0.11105
56109.93363 20.04007 0.13025
56110.89782 20.38505 0.16097
56110.92786 20.31454 0.15605
56111.94457 19.89905 0.16475
56113.96218 19.77436 0.16224
56114.92357 20.35839 0.14426
56114.95378 20.31753 0.14925
56115.88797 20.19766 0.15475
56115.9179 20.01078 0.16475
56116.93261 20.16916 0.11936
56116.96078 20.33785 0.14174
56117.89333 20.28404 0.12555
56117.92405 19.97092 0.12307
56118.82762 20.46789 0.19746
56118.8884 20.08238 0.12948
56123.80269 19.96892 0.11887
56123.8333 19.98786 0.10086
56123.86323 19.97263 0.08897
56124.8239 20.11463 0.12898
56124.90647 20.14231 0.12866
56125.83541 19.96697 0.12725
56125.8655 20.00234 0.08856
56125.89611 19.99565 0.08636
56126.79674 20.01969 0.11974
56126.82683 20.12059 0.12869
56127.84219 20.13651 0.16928
56127.87262 19.88738 0.08939
56128.79045 20.09141 0.15058
56128.8202 20.24792 0.10186
56128.8509 19.97096 0.08657
56129.81763 20.31636 0.11616
56129.84839 20.08463 0.10426
56130.78415 20.16769 0.12869
56130.81619 20.01688 0.10546
56130.84603 20.411 0.12986
56131.81956 20.27954 0.13166
56131.84966 20.05987 0.09878
56131.87991 20.28167 0.10554
56132.81342 20.13296 0.11296
56132.85526 20.00578 0.09647
56133.77702 20.29207 0.11705
56133.80732 19.81415 0.08606
56133.83817 20.26326 0.12475
56135.77548 20.30847 0.13585
56135.80558 20.01711 0.09717
56135.8357 19.9582 0.06576
56136.78168 20.00968 0.11757
56136.81139 20.15744 0.11085
56136.84105 20.12267 0.11267
56137.77719 20.3462 0.20879
56143.81202 19.9457 0.15657
56146.77217 20.01462 0.13846
56146.83591 19.96426 0.13035
56147.75046 20.15888 0.16136
56147.78019 20.06362 0.16854
56147.81614 20.11621 0.12575
56148.73743 20.10117 0.12558
56148.76798 20.20601 0.11505
56151.84315 20.00181 0.06878
56151.87618 19.96617 0.0719
56151.91621 20.04233 0.06737
56164.86055 20.02299 0.06388
56164.89061 19.99828 0.05708
56164.92052 19.97235 0.05559
56165.82275 19.92872 0.07465
56165.85221 20.03246 0.06519
56165.88255 19.96581 0.06128
56166.78411 20.04287 0.11524
56166.82415 20.01751 0.08977
56166.85436 20.01978 0.07805
56167.76082 20.07119 0.12085
56167.79008 20.21048 0.10957
56167.82893 20.09412 0.10666
56168.76135 20.11652 0.12271
56168.79094 20.20308 0.12948
56170.73648 20.13272 0.19926
56176.74473 20.158 0.11265
56176.77537 20.20324 0.12186
56177.67775 20.31658 0.09358
56177.71467 20.02826 0.07998
56177.7448 19.88581 0.07399
56178.65701 20.0449 0.13518
56178.7245 19.90873 0.07899
56178.75548 19.73264 0.0634
56189.71737 20.17683 0.10777
56189.74707 20.19201 0.09717
56194.65274 20.3559 0.15795
56194.73072 20.10381 0.11065
56195.63238 20.47204 0.16647
56195.68489 20.33165 0.18665
56195.74387 20.07795 0.12055
56196.64868 19.96825 0.11401
56196.70945 20.32395 0.19786
56197.68048 20.25901 0.15148
56207.71676 20.10679 0.1183
56207.82773 20.54308 0.16051
56224.66207 19.86847 0.13134
56224.69182 20.13703 0.15341
56225.74851 19.99736 0.11076
56225.84088 20.30452 0.12305
56227.72154 20.33228 0.16459
56227.75148 20.26829 0.1445
56228.67316 20.17999 0.18204
56228.71 19.99211 0.13888
56229.61202 20.20574 0.15376
56229.68338 20.08811 0.15557
56230.64599 20.15552 0.14755
56230.73676 20.37571 0.16687
56232.82116 20.26021 0.13878
56233.75399 20.15182 0.11566
56234.68453 20.03612 0.10334
56234.71313 20.14439 0.10014
56235.61461 19.95747 0.09196
56235.64419 19.97666 0.07656
56236.58514 20.15937 0.12867
56236.61561 19.96777 0.08966
56237.58477 20.0052 0.10256
56237.61509 20.08034 0.08556
56238.58334 20.02856 0.11806
56238.61531 19.96407 0.08455
56239.58294 20.10993 0.10385
56239.61141 20.00443 0.08956
56251.83071 19.98639 0.08987
56251.86073 20.08596 0.09246
56252.58576 19.93144 0.08976
56252.60631 19.89756 0.08545
56252.62487 19.95482 0.09074
56252.64555 20.04579 0.10092
56252.66096 20.11759 0.09822
56252.69879 20.11526 0.102
56252.71706 20.12872 0.0911
56252.73499 19.80679 0.07596
56252.75258 19.933 0.08342
56252.76856 20.01487 0.08681
56252.78929 20.05019 0.1212
56252.80517 19.98972 0.10411
56252.821 20.10719 0.08824
56252.83831 19.9786 0.08349
56252.85634 20.13237 0.09696
56253.58621 20.23916 0.10516
56253.60335 20.1381 0.11245
56253.62054 20.00696 0.12616
56253.63682 20.13225 0.09676
56253.6539 20.08982 0.11745
56253.6721 20.1778 0.11445
56253.70902 20.19186 0.13385
56253.7307 20.20025 0.11726
56253.75003 19.96903 0.15294
56253.76637 20.18785 0.15604
56253.78832 19.94519 0.12194
56253.8078 19.84051 0.09928
56253.82956 20.08803 0.11453
56253.85372 19.93208 0.09976
56254.74613 19.99572 0.09896
56254.77889 20.35023 0.13985
56255.68248 20.25354 0.11605
56256.62657 20.02535 0.1139
56257.58763 20.18567 0.17387
56257.64219 20.1327 0.15717
56259.59443 20.03909 0.14747
56259.62495 20.08124 0.16825
56265.629 20.0682 0.07717
56265.6592 19.99041 0.11588
56266.58222 20.10831 0.13467
56267.58751 19.9613 0.07319
56267.61751 20.00489 0.09045
56268.59364 20.012 0.09008
56268.62314 19.88463 0.06876
56269.58319 20.16025 0.08585
56269.58435 19.87954 0.07036
56269.58546 20.10235 0.07806
56269.58657 20.12631 0.08196
56269.58771 20.10557 0.07527
56269.58893 20.09163 0.08157
56269.59006 20.09613 0.07648
56269.59133 19.99131 0.07377
56269.59245 20.03142 0.07166
56269.59364 19.93531 0.06799
56269.59478 20.10822 0.07616
56269.596 19.93036 0.06916
56269.59713 19.96173 0.07826
56269.59843 19.96115 0.07119
56269.59956 20.01307 0.07416
56269.60977 19.98835 0.09015
56269.61093 19.97658 0.06927
56269.6121 20.07605 0.07537
56269.61321 20.07886 0.07127
56269.61434 19.98725 0.07407
56269.61547 20.09661 0.08954
56269.61659 19.95485 0.07368
56269.61773 20.15674 0.07855
56269.61884 20.11805 0.07568
56269.61995 20.06686 0.07208
56269.62115 20.03446 0.07458
56269.6223 20.02202 0.07586
56269.62343 20.08129 0.07306
56269.62457 20.06439 0.07189
56269.62569 19.94936 0.07077
56269.62688 20.04795 0.07307
56269.628 20.05535 0.07608
56269.6375 20.12698 0.08146
56269.63881 19.91375 0.06998
56269.64001 19.81581 0.06717
56269.64114 20.0396 0.07168
56269.64226 19.85122 0.06706
56269.64337 20.00987 0.07567
56269.6445 19.89861 0.06668
56269.64562 20.07019 0.07336
56269.64675 20.07494 0.07116
56269.64789 20.21647 0.08056
56269.64905 20.09843 0.07715
56269.65017 19.92331 0.06811
56269.65129 20.07054 0.07096
56269.65247 20.02788 0.07059
56269.65359 19.9302 0.07555
56269.65473 19.9418 0.0694
56269.65585 19.85974 0.06566
56269.65698 20.07754 0.07169
56269.65819 19.98398 0.06768
56269.65932 20.01516 0.07726
56269.66055 19.93976 0.06868
56269.66167 19.92437 0.06837
56269.66279 19.99774 0.06848
56269.66393 20.12083 0.07458
56269.66595 19.90889 0.06708
56269.66717 20.03092 0.06897
56269.66829 20.09516 0.06817
56269.66952 20.00547 0.06918
56269.67064 20.15495 0.06317
56269.67184 20.01136 0.0692
56269.673 20.01983 0.06537
56269.67412 19.99603 0.06677
56269.67533 19.87895 0.06526
56269.67646 20.10833 0.07287
56269.6776 20.04746 0.06721
56269.67883 20.00908 0.07137
56269.67997 20.0033 0.07078
56269.6812 19.94857 0.07169
56269.68232 19.93081 0.0645
56269.68343 20.05423 0.07037
56269.68473 19.85249 0.06049
56269.68592 20.02044 0.06796
56269.68705 20.10715 0.07668
56269.68816 19.94463 0.07041
56269.68929 19.95661 0.0629
56269.69041 20.02125 0.06599
56269.69157 19.91637 0.07466
56269.69269 19.95926 0.06697
56269.69383 20.16054 0.07477
56269.69496 20.06047 0.06827
56269.69608 20.08144 0.07427
56269.69898 19.92186 0.0666
56269.70011 20.08217 0.06987
56269.70126 20.09989 0.07888
56269.70241 20.02209 0.07538
56269.70357 20.04008 0.07619
56269.70468 20.02091 0.06967
56269.70581 19.97485 0.07198
56269.70705 19.94065 0.06678
56269.70816 19.93174 0.06627
56269.70937 19.87904 0.067
56269.7105 19.9579 0.06499
56269.71167 20.10872 0.07926
56269.7128 19.80187 0.06196
56269.71403 20.01526 0.07055
56269.71516 19.87789 0.06427
56269.7163 20.13281 0.07078
56269.72641 20.05108 0.07668
56269.72763 19.99778 0.06919
56269.72875 19.82606 0.06577
56269.72987 19.93106 0.06957
56269.731 19.96655 0.07258
56269.73213 19.99317 0.07198
56269.73326 19.91507 0.06999
56269.73438 19.87872 0.06818
56269.73557 20.19157 0.08426
56269.73682 19.92799 0.08247
56269.73796 20.03841 0.07788
56269.73911 19.95664 0.07178
56269.74036 20.10356 0.07296
56269.74147 19.9029 0.06447
56269.74272 19.96576 0.06688
56269.74391 19.82818 0.07417
56269.74502 20.03743 0.06946
56269.7462 19.9925 0.06726
56269.74734 20.05864 0.07377
56269.74846 20.01195 0.08075
56269.74961 20.09773 0.07636
56269.75074 19.85154 0.06836
56269.75201 20.02858 0.08195
56269.75316 19.94514 0.07417
56269.75429 20.02737 0.06748
56269.75553 19.93601 0.07314
56269.75665 19.9505 0.06757
56269.75779 19.96421 0.08007
56269.75895 19.94205 0.07026
56269.76008 20.13475 0.07827
56269.76123 19.97032 0.07837
56269.76235 19.99174 0.08076
56269.76348 20.04702 0.07376
56269.76459 20.13512 0.08646
56269.76573 20.10753 0.07566
56269.78036 19.84238 0.09805
56269.78151 20.07961 0.07977
56269.78271 20.02415 0.08025
56269.78391 20.22861 0.09443
56269.78511 19.98329 0.09275
56269.78751 20.10137 0.08127
56269.78876 19.92876 0.09215
56269.78989 19.7548 0.07555
56269.79108 20.09204 0.10725
56269.79227 19.94603 0.07437
56269.79356 19.99258 0.07456
56269.79478 19.94751 0.07415
56269.7959 19.92957 0.08615
56269.79701 20.06841 0.09694
56269.79816 20.00553 0.08126
56269.79928 20.04354 0.07386
56269.80041 20.0304 0.08116
56269.80156 19.81558 0.09017
56269.80276 19.94069 0.07707
56269.80404 19.89542 0.07836
56269.80517 19.90405 0.07487
56269.80638 20.05336 0.08426
56269.80752 19.92001 0.08156
56269.80866 19.9533 0.07876
56270.57931 20.19018 0.09476
56270.58058 20.06879 0.07809
56270.58188 19.97951 0.07948
56270.58305 19.91089 0.0771
56270.58429 20.08438 0.07768
56270.58556 20.0535 0.0749
56270.58671 20.01576 0.08048
56270.58798 19.95641 0.06901
56270.58926 20.10781 0.07088
56270.59051 19.98531 0.06818
56270.59176 19.92332 0.06998
56270.59301 19.97814 0.06529
56270.59588 20.028 0.06958
56270.59719 19.97945 0.06642
56270.59846 19.98692 0.06661
56270.59973 20.07899 0.07238
56270.60101 19.94073 0.0642
56270.60229 19.89534 0.06562
56270.60361 19.93062 0.06141
56270.60484 19.95748 0.0653
56270.60617 19.97731 0.0616
56270.60733 20.00792 0.06768
56270.60868 19.9367 0.06759
56270.60993 20.04592 0.07039
56270.61121 19.95266 0.07222
56270.61244 19.9606 0.06524
56270.61368 19.97313 0.06751
56270.61481 19.97498 0.0674
56270.61593 20.00359 0.07123
56270.61713 20.07084 0.06859
56270.61835 19.92179 0.06819
56270.61963 19.86553 0.06319
56270.62082 20.01155 0.06251
56270.62212 19.9323 0.0688
56270.62324 19.95722 0.06223
56270.62438 19.81062 0.06429
56270.6255 20.08071 0.08357
56270.62668 19.83952 0.0697
56270.62781 20.084 0.08585
56270.62895 19.93964 0.07459
56270.63017 19.93467 0.06993
56270.6313 19.98198 0.0658
56270.63259 19.93117 0.0648
56270.63372 20.01634 0.06562
56270.63484 20.01217 0.07098
56270.64581 20.04557 0.06962
56270.64713 19.95781 0.06452
56270.64825 19.9134 0.06751
56270.6495 19.98837 0.06829
56270.65082 19.96123 0.06819
56270.65222 19.97139 0.06718
56270.65336 19.90615 0.06491
56270.6545 19.93293 0.06704
56270.65562 19.98079 0.0714
56270.65697 19.89947 0.07029
56270.65832 19.89552 0.0668
56270.65959 19.9332 0.07267
56270.66092 19.86388 0.06928
56270.66217 19.89622 0.07319
56270.66351 20.15522 0.0738
56270.66477 19.90262 0.06339
56270.67891 19.96126 0.06942
56270.68008 20.00096 0.07269
56270.68122 19.98249 0.0651
56270.68243 19.90783 0.0716
56270.68382 19.92721 0.06818
56270.68508 19.80566 0.07001
56270.68653 19.95601 0.06792
56270.68784 19.9497 0.06391
56270.68912 20.02333 0.06591
56270.69114 19.92392 0.06632
56270.69232 19.97335 0.06889
56270.69365 20.08549 0.07162
56270.6948 20.06134 0.06575
56270.69617 19.96177 0.06585
56270.69746 20.02034 0.07123
56270.6986 20.03435 0.0678
56270.6999 20.06837 0.06961
56270.70121 19.93841 0.06211
56270.70235 19.88301 0.06305
56270.70349 19.92497 0.06341
56270.70482 19.99759 0.06552
56270.70613 19.92834 0.0619
56270.70726 20.04761 0.06431
56270.7086 19.8878 0.06509
56270.70972 19.9809 0.06272
56270.71103 20.01712 0.0669
56270.71235 20.07672 0.0705
56270.71347 20.13477 0.0743
56270.71481 20.04885 0.06902
56270.71608 20.06902 0.06801
56270.71722 19.89236 0.06432
56270.71853 19.97676 0.06513
56270.71967 19.9631 0.06419
56270.72098 19.95584 0.06919
56270.72302 20.12579 0.07598
56270.72439 20.05567 0.07118
56270.72553 20.04147 0.07018
56270.72665 19.88298 0.06275
56270.72793 19.95608 0.06311
56270.72927 20.10274 0.07161
56270.73043 19.87729 0.0627
56270.73161 20.01494 0.06838
56270.73292 19.96329 0.06771
56270.73506 19.89971 0.0641
56270.73622 20.03236 0.0681
56270.73753 20.03189 0.07043
56270.73887 20.10939 0.07258
56270.74001 20.06862 0.0706
56270.74126 19.94467 0.0671
56270.7424 19.89463 0.06073
56270.74369 19.88877 0.0709
56270.74498 19.96656 0.0687
56270.74609 20.01642 0.07602
56270.74744 20.0035 0.07339
56270.7486 20.13437 0.07349
56270.74995 20.07166 0.06972
56270.75121 19.94223 0.07198
56270.75241 19.99933 0.06798
56270.75372 19.96207 0.06957
56270.75502 20.06805 0.07181
56270.75706 19.9826 0.07106
56270.75826 19.94386 0.06499
56270.75948 19.97795 0.07147
56270.76078 20.02635 0.07717
56270.76208 19.99034 0.071
56270.77223 20.03052 0.07898
56270.77464 19.9188 0.07227
56270.77775 20.0347 0.0733
56270.77887 19.93026 0.07427
56270.78012 19.96999 0.06881
56270.78147 19.92465 0.07281
56270.78273 20.04032 0.08048
56270.784 20.00551 0.07179
56270.78526 19.76922 0.07069
56270.78661 20.08058 0.07762
56270.78776 20.06433 0.07878
56270.7891 20.30146 0.09465
56270.79021 20.0991 0.08442
56270.79151 20.06021 0.08148
56270.7928 19.95526 0.07689
56270.79391 19.86269 0.07628
56270.79508 20.14436 0.09117
56270.79619 20.12287 0.08449
56270.7975 20.08585 0.08167
56270.79862 20.06577 0.08538
56270.79991 20.08416 0.07671
56270.80111 20.16097 0.08258
56270.80249 20.17931 0.08428
56270.80509 19.81034 0.07291
56270.80715 19.97118 0.08069
56270.80837 20.07961 0.08637
56270.80963 20.04213 0.08648
56271.71236 20.08723 0.09406
56271.74462 20.13407 0.09836
56272.64495 20.06752 0.11354
56272.7082 20.15169 0.09769
56273.60993 20.04333 0.10575
56273.63946 20.10536 0.09636
56281.58737 20.35129 0.17745
56281.61668 20.05848 0.1251
56282.58095 20.33068 0.11725
56282.61036 19.99486 0.12094
56282.62819 20.04608 0.10585
56297.58897 19.91665 0.08675
56297.59019 19.9657 0.07605
56297.5937 19.84752 0.06951
56297.59722 20.0673 0.07534
56297.59904 20.10595 0.08676
56297.60164 20.01651 0.07208
56297.60284 20.04544 0.07665
56297.6053 19.8749 0.06847
56297.61734 19.83319 0.07198
56297.61965 19.97254 0.07429
56297.62198 19.82859 0.09356
56297.62474 20.00663 0.07688
56297.62597 19.86559 0.06766
56297.62818 19.9539 0.07607
56297.63051 19.91815 0.07647
56297.63246 19.85189 0.07258
56297.6337 20.09488 0.08496
56297.63597 19.90067 0.07536
56297.63722 20.13551 0.08705
56297.63944 19.90296 0.07546
56297.64162 19.92647 0.07286
56297.64281 20.10745 0.08515
56297.64393 19.92304 0.07854
56297.64612 20.02179 0.07625
56297.64742 19.96137 0.07456
56297.64964 19.98359 0.08064
56297.65084 19.9059 0.07556
56297.65434 19.88224 0.07817
56297.65811 20.00917 0.08356
56297.65988 20.17663 0.11395
56297.66121 20.06038 0.07947
56297.66483 20.16796 0.08816
56297.66714 19.94261 0.07666
56297.67315 20.02412 0.07845
56297.67547 19.88347 0.08697
56297.67675 20.05493 0.08635
56297.67954 19.99541 0.07976
56297.68076 20.14101 0.08096
56297.6819 19.81839 0.06986
56297.68325 19.91431 0.07387
56297.68541 19.99023 0.08446
56297.68786 19.92633 0.07547
56297.69171 19.83473 0.08426
56297.69635 19.8598 0.07336
56297.69767 20.03338 0.08336
56297.70113 20.03358 0.08724
56297.70743 19.92378 0.07695
56297.71084 19.95298 0.08886
56297.71401 19.96708 0.08146
56297.71668 19.98913 0.09245
56297.7179 20.00545 0.08467
56297.72049 19.87856 0.08166
56297.72327 20.08613 0.08595
56297.72448 19.89855 0.10524
56297.72584 19.82869 0.07877
56297.72772 19.90575 0.08807
56297.72894 20.13778 0.09928
56297.74317 20.14842 0.09636
56297.74683 20.16997 0.10675
56297.74996 20.02767 0.08786
56297.75123 20.01425 0.09355
56297.75493 19.82973 0.08257
56297.75709 20.03794 0.09776
56297.7583 19.90858 0.12174
56297.76047 19.87195 0.09845
56297.76167 19.7974 0.09036
56297.76388 20.11015 0.09585
56297.76506 19.95568 0.11394
56297.76834 20.20208 0.10605
56297.77069 20.23736 0.11135
56297.77185 19.9631 0.11664
56297.77383 19.79684 0.11506
56297.79199 20.17672 0.11755
56297.79318 20.04006 0.15595
56297.79645 19.99939 0.11446
56297.79838 20.13931 0.13597
56297.79953 19.98487 0.12766
56297.80077 20.22077 0.13275
56297.80192 20.32628 0.13387
56297.80312 20.27895 0.12987
56297.80437 20.12469 0.12588
56297.80564 20.12733 0.12127
56297.80864 20.21144 0.15235
56298.58895 19.91811 0.10952
56298.59013 20.20329 0.12334
56298.59235 19.85119 0.12611
56298.59354 19.91427 0.11779
56298.59842 20.1603 0.14396
56298.60089 19.86612 0.13105
56298.6021 20.00035 0.14084
56298.60332 20.329 0.14575
56298.60701 19.91106 0.12104
56298.60823 20.0412 0.15299
56298.61034 19.73665 0.10416
56298.61272 19.82525 0.11012
56298.61595 20.12603 0.12174
56298.61811 20.1223 0.09009
56298.62047 19.83798 0.08667
56298.62171 20.25201 0.15941
56298.62426 20.0138 0.10762
56298.62643 19.97189 0.12409
56298.62762 19.79428 0.11602
56298.63098 20.03067 0.10148
56298.63219 19.92909 0.09474
56298.63473 19.93283 0.12441
56298.63687 20.12839 0.11328
56298.63807 19.78965 0.08596
56298.63935 19.72717 0.11181
56298.64364 19.83888 0.0778
56298.64578 20.07915 0.09892
56298.64695 19.82792 0.12779
56298.6481 19.92762 0.0919
56298.65082 19.87081 0.09073
56298.65294 19.95562 0.08115
56298.65509 19.99019 0.07507
56298.65745 19.70272 0.11469
56298.65865 19.91094 0.07358
56298.66081 19.72241 0.07542
56298.66198 20.07972 0.08464
56298.66411 19.84053 0.0778
56298.66639 19.79999 0.07748
56298.6699 19.94186 0.08304
56298.68256 19.90994 0.08368
56298.68492 19.98805 0.10036
56298.68852 19.93099 0.20943
56301.59099 19.91064 0.10391
56302.62153 19.86632 0.10605
56305.59416 19.94296 0.07898
56305.62276 20.01845 0.09486
56307.63151 20.30534 0.11677
56308.60019 20.38374 0.13729
56310.60466 20.20764 0.14035
56310.63503 20.00676 0.10727
56311.59823 20.10178 0.10166
56311.62777 20.02118 0.12365
56313.60478 19.89246 0.10196
56313.63593 19.95439 0.11267
56314.61498 20.18843 0.11397
56314.64504 19.96143 0.14641
56322.60046 20.26447 0.17563
56322.63022 20.15507 0.13948
56323.59943 19.95383 0.09775
56323.60059 19.88306 0.07934
56323.60172 19.98743 0.08734
56323.60284 20.04538 0.08506
56323.60396 19.90577 0.08085
56323.60508 20.16419 0.08914
56323.60621 19.93893 0.07966
56323.60734 19.90642 0.07685
56323.60846 20.06437 0.07696
56323.60959 19.89697 0.08394
56323.61071 19.93437 0.07308
56323.61183 19.96665 0.08626
56323.61297 19.997 0.08206
56323.61409 20.02354 0.07658
56323.61521 19.9532 0.10105
56323.61635 19.93192 0.08194
56323.61747 19.845 0.08327
56323.61859 19.996 0.08935
56323.61971 20.02897 0.07447
56323.62085 19.94004 0.08076
56323.62197 19.98127 0.07384
56323.62309 20.05465 0.08466
56323.62423 19.99306 0.08276
56323.62535 19.90427 0.07667
56323.62647 20.03334 0.08016
56323.62759 19.91382 0.07936
56323.62872 19.98192 0.07926
56323.62985 19.98794 0.08736
56323.63097 19.79394 0.09465
56323.6321 19.7167 0.07566
56323.63322 20.01212 0.08185
56323.63435 20.03697 0.08686
56323.63549 19.91337 0.09225
56323.63661 19.91814 0.08096
56323.63773 20.10082 0.08374
56323.63887 19.85983 0.07937
56323.63999 19.87008 0.09106
56323.64112 19.95336 0.08145
56323.64225 19.88288 0.07477
56323.64338 19.77776 0.07407
56323.6445 19.9234 0.09867
56323.64563 19.89417 0.08046
56323.64676 20.0148 0.09195
56323.64789 19.92521 0.08276
56323.64902 19.91111 0.07517
56323.65014 20.09373 0.08856
56323.65127 20.01592 0.08585
56323.6524 19.75388 0.07945
56323.65352 19.85181 0.08066
56323.65465 19.917 0.08346
56323.65577 20.05855 0.08405
56323.65691 20.16599 0.09905
56323.65803 19.90222 0.08108
56323.65917 19.94672 0.08216
56323.66029 20.2045 0.11055
56323.66142 20.04983 0.12496
56323.66255 19.84677 0.08706
56323.66367 20.02423 0.08916
56323.6648 20.00875 0.08847
56323.66594 20.02165 0.09944
56323.66706 19.88796 0.12496
56323.66819 20.07629 0.13407
56323.66932 20.09157 0.10678
56323.67045 20.14261 0.12745
56323.67158 19.96254 0.11565
56323.67271 20.19221 0.10635
56323.67384 19.83312 0.08616
56323.67496 19.98773 0.09219
56323.67613 19.88301 0.12895
56323.67725 20.1377 0.10637
56323.67838 20.00369 0.10975
56323.67951 20.11652 0.10784
56323.68065 20.08362 0.11935
56323.68177 20.23242 0.11097
56323.6829 19.98722 0.10016
56323.68402 19.89494 0.09497
56323.68516 20.07072 0.12087
56323.68628 19.91337 0.11375
56323.68742 20.12045 0.10156
56323.68855 19.69892 0.10634
56323.68967 19.99622 0.11457
56323.69081 20.02052 0.10917
56323.69194 20.1374 0.10986
56323.69306 20.29859 0.12256
56323.6942 20.19765 0.12569
56323.69532 19.88847 0.12237
56323.69644 19.91359 0.1026
56323.69758 19.66575 0.13038
56323.6987 20.08971 0.11977
56323.69982 19.99484 0.16537
56323.70094 20.16887 0.14919
56323.70208 20.16022 0.14196
56323.7032 20.30388 0.16047
56323.70546 19.91767 0.14587
56323.70659 20.06334 0.12538
56323.70772 20.17238 0.19149
56323.71001 20.0845 0.12943
56323.71114 20.18247 0.17749
56323.71453 19.96772 0.16649
56323.71905 20.23719 0.17662
56323.72017 19.80381 0.18852
56323.72695 20.1059 0.20561
56324.6344 20.15374 0.10497
56324.67356 19.97923 0.09415
56328.60109 19.97086 0.09505
56328.63041 19.95231 0.07948
56329.6158 19.89835 0.13207
56330.60568 19.89573 0.08288
56330.63442 20.02776 0.09205
56336.60557 20.33831 0.11916
56336.6347 20.07978 0.15275
56337.61678 19.91357 0.08629
56337.646 20.01455 0.16634
56339.64973 20.36289 0.20786
56340.62168 20.11245 0.1204
56340.65261 20.2109 0.14168
56341.63432 20.23898 0.12647
56342.61542 20.05648 0.15411
56342.64414 20.13142 0.17479
56431.98143 20.03516 0.18399
56432.97832 20.31434 0.16605
56433.97522 20.13131 0.16854
56434.97306 19.84635 0.11196
56442.95121 20.11917 0.13538
56443.94843 20.03907 0.12079
56444.94545 20.06395 0.1787
56446.9404 20.1135 0.11797
56446.9746 20.35944 0.14776
56447.93827 19.97762 0.08908
56447.97245 20.2006 0.11747
56448.93551 19.84131 0.08678
56448.97043 19.96564 0.10217
56449.9322 19.78426 0.07549
56449.96744 19.84049 0.07907
56450.93056 19.86855 0.07879
56450.96471 19.97319 0.09499
56451.92757 20.16021 0.10661
56451.96268 20.01771 0.09881
56452.92487 19.877 0.08449
56452.95905 20.0265 0.08606
56453.9223 20.09971 0.10071
56453.95718 20.03362 0.09747
56454.91904 19.89915 0.1134
56454.9531 19.80688 0.07528
56455.91706 20.03809 0.09918
56455.95123 19.86029 0.07283
56456.91361 19.9034 0.08716
56456.94859 19.98035 0.08074
56457.91086 20.18701 0.11468
56457.9457 19.76315 0.07788
56458.90893 19.78982 0.07172
56458.94334 20.09953 0.0731
56459.90596 19.99118 0.08518
56459.94092 20.01649 0.08218
56460.9034 19.96625 0.08387
56460.93791 19.86509 0.07457
56461.90107 19.84285 0.09484
56461.93811 19.85598 0.07625
56462.89824 19.78564 0.09607
56462.93439 20.30792 0.11088
56463.89576 19.9389 0.11326
56463.93218 20.02806 0.08206
56469.91685 19.78433 0.12716
56471.87375 19.95397 0.1485
56471.91001 20.07457 0.11829
56473.86804 19.76608 0.22398
56473.90477 19.79161 0.12707
56475.86334 20.05582 0.14156
56475.9008 19.72847 0.11359
56476.86102 19.74371 0.15274
56476.89765 20.28192 0.17965
56485.83631 20.07196 0.09657
56486.83403 19.93931 0.09316
56486.87106 19.88621 0.07475
56488.83006 19.88157 0.09388
56488.86647 19.86895 0.07719
56489.82698 19.86817 0.10257
56489.86366 19.88383 0.07268
56491.8581 20.22948 0.19544
56498.802 20.06792 0.1555
56502.79167 20.09872 0.10367
56503.78903 19.87912 0.07556
56503.82769 19.93532 0.08233
56504.86992 19.75187 0.07661
56504.90811 19.85902 0.07029
56505.81768 20.01364 0.09221
56505.9509 19.79018 0.0731
56505.98842 19.84566 0.08281
56506.89349 19.86544 0.08033
56507.80198 19.94611 0.08817
56507.84712 19.85759 0.07688
56507.99891 19.74557 0.0772
56508.90167 19.82115 0.05488
56509.79634 19.7143 0.06292
56509.83877 19.90761 0.06678
56510.8262 19.92529 0.06097
56511.79111 19.92086 0.07911
56511.84089 19.79659 0.06475
56512.78788 19.92146 0.08203
56512.82519 19.90317 0.0741
56513.78624 19.76176 0.07042
56513.82352 19.86431 0.06603
56514.7834 19.7684 0.06758
56514.82081 19.75209 0.06655
56515.78106 19.81192 0.0784
56515.82231 19.81554 0.0654
56516.77774 19.8616 0.0739
56516.81437 19.83116 0.06064
56517.77605 19.84741 0.08969
56517.81715 19.83101 0.06744
56517.97309 19.78487 0.06102
56518.87478 19.73479 0.06101
56518.96686 19.82211 0.06491
56519.00311 19.73596 0.0624
56519.90443 19.77032 0.05411
56519.96504 19.79596 0.05384
56520.00171 19.779 0.06298
56520.90327 19.80806 0.0572
56520.95521 19.73697 0.05602
56520.99262 19.77929 0.05483
56521.89446 19.72098 0.06553
56521.95772 19.94072 0.06986
56521.99393 20.05282 0.06667
56528.72198 19.77436 0.19788
56528.81982 20.05895 0.19335
56528.87422 19.94147 0.13728
56529.90241 20.03235 0.11868
56529.93849 19.72426 0.10437
56529.97462 20.04164 0.13895
56532.71221 19.85946 0.08849
56532.85928 19.90675 0.0762
56532.89645 19.87253 0.06929
56533.79895 19.89952 0.0712
56533.97228 19.78288 0.06799
56537.84525 19.77702 0.0572
56537.9874 19.87431 0.0574
56539.69386 19.83637 0.08731
56539.88447 19.84891 0.05629
56539.9215 19.78153 0.0594
56540.97669 19.75901 0.05624
56541.6883 19.73568 0.09628
56541.83165 19.91607 0.17939
56542.96698 19.959 0.06515
56544.00787 19.88032 0.06992
56546.67441 19.87758 0.09778
56546.75907 19.97636 0.0818
56546.94639 19.76239 0.06075
56547.84788 19.77791 0.06057
56548.0057 19.82228 0.06619
56548.66959 19.83557 0.14875
56548.70582 19.77706 0.09856
56548.74172 19.76332 0.08647
56549.66591 19.60355 0.11658
56549.70273 19.82259 0.08938
56549.73967 19.89987 0.09407
56550.66388 20.19925 0.15836
56550.6994 19.96955 0.12315
56550.73216 20.00578 0.10046
56551.66063 19.67787 0.15686
56551.75862 19.7798 0.11066
56552.66117 19.80839 0.13299
56552.74635 19.6976 0.12106
56561.66061 19.95184 0.0841
56561.89034 20.15175 0.10045
56561.92356 20.1289 0.1163
56562.93459 19.83204 0.08297
56563.02169 19.86144 0.10058
56563.6524 19.89644 0.09005
56563.6893 19.79555 0.08485
56563.77494 19.89098 0.07587
56564.72602 19.76192 0.08288
56564.99301 19.83169 0.07985
56565.02672 20.09562 0.10705
56565.92832 19.73257 0.06277
56565.98151 19.80985 0.07777
56566.01544 19.84081 0.08067
56566.91724 19.7289 0.06215
56566.96287 19.83742 0.07377
56566.99591 19.92546 0.07925
56567.8986 19.729 0.05837
56567.96702 19.82754 0.05777
56568.00039 19.7815 0.06788
56568.90245 19.79091 0.05585
56568.96343 19.8433 0.067
56568.99843 19.89528 0.08293
56569.90084 20.12998 0.0871
56569.99803 19.88241 0.08987
56570.03082 19.66945 0.11859
56571.62526 20.16585 0.19225
56571.69052 20.03612 0.12222
56571.72419 20.25401 0.11013
56572.62632 19.88496 0.09271
56572.66032 19.90575 0.07941
56572.69287 20.00126 0.10508
56573.61429 19.9152 0.09717
56573.64765 19.87726 0.07715
56573.77817 19.96845 0.06958
56576.83948 19.85399 0.06328
56577.00541 19.90353 0.09698
56577.60601 20.12462 0.16854
56577.63144 20.16046 0.15876
56577.77306 19.94509 0.08485
56578.69674 19.9743 0.09654
56578.75347 19.8699 0.08616
56579.73584 19.68487 0.09378
56579.85963 19.98291 0.10189
56579.88516 19.88893 0.0914
56580.7875 19.6923 0.09737
56580.8553 19.78925 0.09616
56580.88022 19.8161 0.10606
56581.78167 19.62566 0.16486
56581.86464 19.80741 0.16347
56587.62864 20.0165 0.08057
56587.78993 20.01945 0.10605
56588.71625 20.07173 0.1312
56588.86644 19.58837 0.12384
56588.89281 20.02255 0.1362
56589.79481 19.95116 0.07527
56589.81959 19.86708 0.07628
56589.84642 20.02192 0.09008
56590.76387 19.75178 0.07008
56590.8749 19.77846 0.07848
56590.89969 19.75274 0.08657
56591.80204 20.10228 0.13166
56591.86057 19.87295 0.08721
56591.88508 19.8175 0.07944
56592.81972 19.93591 0.07219
56592.91348 19.87185 0.09777
56592.93852 19.88725 0.0891
56596.59731 19.99909 0.09409
56596.81771 20.01861 0.09214
56597.74425 19.81663 0.09388
56597.84943 20.14265 0.12229
56598.75163 19.90351 0.08587
56598.82179 19.97353 0.10748
56598.84855 19.91308 0.08785
56599.75014 19.81129 0.06677
56599.79577 19.87369 0.06619
56599.82112 20.0112 0.07547
56600.77441 19.84087 0.06679
56600.8753 19.82599 0.08875
56602.59024 20.19982 0.12368
56602.78065 20.06041 0.11631
56603.68227 19.95728 0.08969
56603.74296 19.85071 0.08564
56603.81581 19.86768 0.0815
56604.73691 19.77024 0.07819
56604.92616 19.80133 0.08067
56605.64733 19.84396 0.07479
56605.67213 19.84019 0.07308
56606.58401 20.17716 0.14331
56606.60932 19.83445 0.11206
56606.64241 19.94819 0.18973
56607.84927 19.90119 0.09858
56608.75086 19.99338 0.10138
56608.81398 20.18117 0.11568
56608.84048 19.78038 0.15199
56609.8617 20.01122 0.13915
56609.88847 19.80893 0.10367
56621.79766 19.95828 0.09108
56622.58588 20.01778 0.08108
56623.58717 20.02674 0.10571
56624.57999 19.94577 0.08109
56624.60429 19.97801 0.07246
56625.70494 19.86932 0.07046
56625.74386 19.8308 0.06693
56626.64578 19.92662 0.07287
56628.73144 20.01286 0.08577
56628.76212 19.8227 0.0859
56637.58042 20.098 0.1142
56637.60549 19.95179 0.11429
56639.58002 19.90218 0.11986
56639.60438 20.00708 0.12475
56640.58279 19.73549 0.12248
56640.61699 20.18709 0.14281
56648.58277 20.01382 0.10349
56648.61266 19.87414 0.1117
56649.57885 20.05099 0.10379
56649.60387 20.02868 0.08596
56650.58762 20.15477 0.09269
56658.58519 20.0185 0.0761
56658.62914 19.8059 0.069
56659.58605 19.91973 0.0765
56659.61086 19.87842 0.07278
56660.58569 19.72618 0.0721
56660.61029 20.06153 0.07313
56662.58587 19.58696 0.07572
56662.61038 19.86875 0.11182
56663.59143 19.84398 0.07618
56663.6171 20.04444 0.0755
56664.6104 19.79824 0.10915
56668.58721 19.73857 0.14468
56668.61177 19.84609 0.10068
56669.61423 19.95221 0.16813
56675.5969 19.72598 0.06367
56675.6459 20.00974 0.12238
56676.59181 19.96699 0.09166
56676.61781 19.89009 0.07529
56677.60718 19.89284 0.16787
56678.61458 19.80888 0.07429
56678.64019 19.88414 0.07166
56680.60724 19.85051 0.086
56683.59693 19.85448 0.07079
56683.63252 19.72489 0.07331
56685.59847 19.79009 0.11015
56685.6471 19.77793 0.10335
56686.63379 19.88845 0.14303
56687.59886 19.97274 0.09187
56687.64144 19.87076 0.07819
56690.60286 20.18203 0.11597
56690.64549 19.80295 0.08744
56697.60505 19.99309 0.10509
56699.60928 19.62096 0.1051
56816.96412 19.86156 0.08167
56816.97531 19.729 0.10568
56817.96427 19.78599 0.08005
56817.97654 19.92021 0.11307
56818.96227 19.6557 0.06067
56818.97512 19.61827 0.09806
56819.96647 19.88134 0.14328
56819.97765 20.09996 0.17447
56820.96625 20.01406 0.14606
56820.97769 20.03712 0.14935
56821.96237 19.58079 0.14257
56821.9727 20.09749 0.13019
56822.96143 19.79495 0.10958
56822.97681 19.92222 0.13717
56823.96094 19.76044 0.12236
56823.97346 19.93941 0.15886
56824.96428 19.79856 0.11257
56824.97573 19.84193 0.13675
56825.96455 19.81246 0.10167
56826.96127 19.97257 0.10459
56826.97472 20.05418 0.13926
56827.96384 19.60963 0.07527
56827.97622 19.56495 0.1151
56828.9654 19.97513 0.12928
56828.97804 19.39084 0.11238
56829.96383 19.76203 0.07091
56829.97653 19.58014 0.07689
56830.96102 19.7395 0.0675
56830.97338 19.82038 0.08018
56831.96161 19.84983 0.06267
56831.97427 19.87764 0.07836
56832.9648 19.78815 0.06669
56832.97563 19.76263 0.06959
56833.96568 19.8333 0.06678
56833.97644 19.98126 0.08969
56834.96484 19.71183 0.05769
56834.9776 19.7222 0.0908
56835.96569 19.77642 0.06987
56835.97723 19.79255 0.10078
56836.96625 19.67689 0.05475
56836.97711 19.61788 0.08877
56837.96638 19.713 0.05854
56837.98211 19.90216 0.10759
56838.96389 19.74665 0.0597
56838.9786 19.92046 0.09061
56839.96511 19.75863 0.05194
56839.97834 19.81311 0.0787
56840.96951 19.54819 0.05888
56840.98137 19.62319 0.0872
56841.96857 19.73031 0.05872
56841.98075 19.77805 0.08689
56845.96726 19.78156 0.05613
56845.98002 19.69398 0.06932
56846.96666 19.80108 0.05591
56846.98115 19.7643 0.06687
56847.96648 19.73862 0.05457
56847.98151 19.80317 0.07257
56848.96743 19.69395 0.05362
56848.98312 19.81704 0.07596
56849.96813 19.78298 0.09143
56849.98235 19.52792 0.09452
56850.96941 19.88183 0.17234
56850.98368 19.97967 0.17194
56851.97048 19.7082 0.09453
56851.98675 19.84126 0.10176
56854.96165 19.95152 0.0939
56854.98771 19.83029 0.0914
56855.96071 19.83559 0.08724
56855.98393 19.90779 0.09138
56856.96087 19.75812 0.11875
56856.98328 19.78876 0.093
56858.96243 19.83954 0.0666
56858.98507 19.71941 0.0636
56859.96515 19.63783 0.05569
56859.98697 19.61815 0.06401
56861.96231 19.73326 0.06102
56861.98508 19.80844 0.05963
56862.9659 19.70145 0.05321
56862.98227 19.6376 0.06125
56863.94981 19.76794 0.05385
56864.94576 19.74138 0.06228
56864.96947 19.64818 0.06913
56865.92975 19.69084 0.05984
56865.96089 19.73945 0.0526
56867.98799 19.59264 0.0512
56868.96536 19.6019 0.05128
56868.98567 19.66318 0.05625
56869.96092 19.74245 0.05498
56869.98231 19.91191 0.05964
56870.96467 19.684 0.04923
56870.98635 19.6236 0.04989
56874.97428 19.73272 0.04841
56874.99622 19.68046 0.05808
56875.98151 19.79662 0.05535
56875.99752 19.76122 0.0639
56876.91773 19.67463 0.04984
56876.94717 19.63162 0.05105
56877.9745 19.71436 0.05073
56877.9957 19.7345 0.05872
56878.00741 19.70276 0.09208
56878.9086 19.71112 0.08271
56878.93847 19.87299 0.08418
56879.92838 19.55935 0.11348
56879.95816 19.87423 0.10877
56880.95792 19.87685 0.21533
56880.9882 19.86184 0.12314
56882.96877 19.56897 0.15365
56883.9421 19.73516 0.08383
56883.98158 19.77332 0.08781
56884.99956 19.58003 0.07483
56885.96448 19.64385 0.06394
56885.98159 19.69682 0.06863
56886.91453 19.65291 0.0611
56886.94264 19.63508 0.06732
56887.91623 19.67519 0.05941
56887.94902 19.66382 0.05767
56888.86519 19.78521 0.05352
56888.89905 19.66628 0.05089
56888.91008 19.65012 0.05005
56888.94196 19.77913 0.05557
56890.94091 19.73572 0.05223
56890.97479 19.75105 0.05731
56895.83087 19.76872 0.0612
56895.86667 19.62112 0.0661
56972.71463 19.6167 0.07356
56972.73749 19.75879 0.09527
56978.74407 19.88649 0.0733
56978.79927 19.99146 0.1101
56979.72374 19.90277 0.12781
56980.71766 19.77196 0.07252
56980.83416 19.84707 0.07881
56981.71538 19.73256 0.06361
56981.77818 19.7605 0.0708
56984.71333 19.91235 0.10037
56984.78092 20.12418 0.13702
56986.72544 19.87525 0.08422
56986.79095 19.96142 0.0943
56987.70535 19.79198 0.07595
56987.76948 19.93686 0.08178
56988.66321 19.86852 0.08179
56989.60286 19.79431 0.07871
56989.66828 20.05337 0.09019
56990.59847 19.8505 0.08825
56990.66232 19.63455 0.0738
57067.60784 20.02057 0.09921
57067.62545 19.66726 0.11419
57180.95646 19.7662 0.11205
57185.96692 20.06316 0.1028
57187.96362 19.75838 0.07552
57188.93765 19.9249 0.08095
57188.96808 19.67249 0.07157
57189.95594 19.79354 0.07439
57190.94422 19.91522 0.0843
57191.9217 19.69612 0.10559
57191.95614 19.93568 0.08245
57192.94672 19.73304 0.0886
57192.97846 20.00579 0.14717
57193.93573 19.69467 0.07233
57193.96862 19.91763 0.09371
57194.94374 19.73548 0.06962
57194.97431 19.72143 0.11908
57195.94595 19.89617 0.08739
57195.97546 19.77738 0.13652
57196.92539 19.59103 0.08669
57196.97637 19.60169 0.13702
57197.91796 19.82 0.08444
57197.96971 19.7926 0.08066
57198.93165 19.75053 0.07393
57198.96479 19.81006 0.0762
57199.9472 19.87449 0.08471
57199.9815 20.18019 0.17945
57207.95261 19.47936 0.10487
57207.98422 19.83022 0.10937
57208.90735 19.87943 0.11911
57208.94607 19.97704 0.1148
57209.93937 19.82759 0.1021
57209.97959 19.85652 0.11033
57210.9363 19.65288 0.07813
57210.97519 19.74328 0.07974
57211.94997 19.57496 0.07326
57211.98409 20.09425 0.13019
57212.97329 19.80498 0.12741
57214.96163 19.80332 0.06596
57216.93262 19.77554 0.06248
57216.97994 19.73444 0.06863
57218.92712 19.86733 0.06844
57218.977 19.85847 0.06742
57219.94247 19.84243 0.06025
57219.97077 19.78683 0.05812
57220.92305 19.80607 0.05624
57220.98129 19.82161 0.06494
57225.95176 19.72126 0.05272
57226.95332 19.64021 0.05013
57227.93417 19.73027 0.05815
57227.97035 19.68453 0.05572
57231.91879 19.82809 0.0662
57231.96902 19.8558 0.0555
57232.8829 19.96267 0.09948
57232.9489 19.67749 0.07115
57237.93379 19.89166 0.12188
57237.98326 20.0746 0.11735
57238.91268 19.77923 0.0822
57238.96563 19.83087 0.08178
57239.93796 19.65741 0.07318
57239.98313 19.81531 0.08698
57240.95317 19.9243 0.07834
57241.93368 19.74131 0.07972
57242.93933 19.77098 0.06035
57242.98523 19.75647 0.05706
57244.91131 19.68715 0.05837
57244.96611 19.82403 0.05656
57245.87591 19.77575 0.05556
57245.91376 19.7383 0.05823
57246.89995 19.74092 0.05889
57246.93423 19.80067 0.07022
57247.92574 19.76719 0.05738
57247.95614 19.84464 0.05513
57248.84393 19.79255 0.05824
57248.8782 19.67999 0.06113
57249.88436 19.84376 0.05711
57249.9163 19.76755 0.05942
57250.88236 19.74595 0.05884
57250.92114 19.77702 0.06482
57251.8693 19.78482 0.06083
57251.91419 19.73844 0.05623
57267.93864 19.49913 0.15929
57267.9816 20.03446 0.10213
57554.97044 19.91539 0.09367
57555.93989 19.78118 0.07291
57555.96363 19.96703 0.0868
57564.94449 19.65766 0.12832
57564.95195 19.80914 0.15276
57565.94418 19.74579 0.10199
57567.951 19.84046 0.10312
57567.97572 19.84534 0.12031
57568.92119 19.86654 0.10921
57568.97479 19.8334 0.11495
57569.92685 20.08859 0.08995
57570.93954 19.80903 0.08938
57571.91515 19.68315 0.0871
57571.96845 20.28199 0.09798
57572.94 19.95846 0.07742
57572.961 20.12572 0.09139
57573.95955 19.97437 0.07952
57574.96997 20.1206 0.07847
57575.96076 19.91193 0.07258
57576.95096 19.91399 0.07235
57577.97714 20.05739 0.08962
57578.93031 19.906 0.07372
57578.9597 19.91441 0.08476
57579.93833 20.078 0.07776
57579.96636 20.09265 0.0886
57580.94991 20.03461 0.07952
57580.97641 19.98302 0.09217
57581.93908 19.98401 0.07084
57581.96061 19.72457 0.06791
57582.96612 19.9131 0.06673
57582.9889 20.07438 0.13667
57583.93612 19.84999 0.06864
57583.97225 20.08213 0.08625
57584.92871 20.04158 0.07812
57584.97404 19.88896 0.07334
57585.92275 20.05589 0.09142
57585.96134 19.85176 0.08455
57586.91575 19.79386 0.13179
57595.9848 20.06227 0.09565
57596.95384 20.1694 0.11028
57596.98786 19.84758 0.09879
57597.93735 19.91898 0.08437
57597.9794 19.77361 0.09015
57598.9281 19.71561 0.08048
57598.97263 19.85246 0.08076
57599.94579 20.06424 0.09733
57600.96483 19.80194 0.07073
57601.9531 20.07189 0.09588
57601.99102 19.96053 0.0808
57602.95616 20.00191 0.08091
57602.99208 20.15064 0.09366
57603.95654 19.97451 0.07955
57603.99274 19.96555 0.07889
57604.96148 19.94541 0.07854
57604.99535 19.9133 0.088
57605.93926 19.98447 0.07261
57605.97693 19.7924 0.06892
57606.94732 20.08041 0.07974
57606.99101 19.79776 0.07438
57607.92659 19.97777 0.07791
57607.97806 20.00495 0.08468
57608.92515 19.94934 0.08189
57608.96585 19.99869 0.08017
57609.94301 19.95494 0.07902
57610.89516 20.12267 0.08758
57610.92695 20.07458 0.088
57611.90199 20.08265 0.07684
57611.93252 19.83964 0.07931
57612.88937 19.92834 0.07612
57612.93148 19.76443 0.07125
57613.84046 20.04449 0.09698
57613.87193 19.83278 0.07897
57613.90353 19.87118 0.08026
57614.96436 19.79646 0.06638
57614.99496 19.75275 0.07598
57615.90761 19.98166 0.10715
57615.95637 19.85347 0.08526
57623.99038 20.06404 0.15139
57624.97236 19.89833 0.14737
57624.99829 19.99183 0.13976
57625.94454 19.96564 0.09748
