#mjd mag magerr
55061.92501 20.02046 0.06302
55061.95573 19.89886 0.06072
55063.91987 19.94369 0.05927
55063.9639 20.07285 0.0645
55064.92128 19.86841 0.06339
55064.9656 19.99898 0.07108
55066.91014 19.7774 0.06049
55066.95474 19.92464 0.05742
55067.96099 20.06349 0.08731
55069.90324 19.9651 0.0655
55069.94786 19.92497 0.07109
55080.87449 20.16138 0.15078
55080.95988 20.10337 0.22838
55084.86328 20.01479 0.0998
55087.85609 19.99075 0.06838
55087.90101 19.77615 0.06697
55088.96983 19.93899 0.06417
55089.01521 19.79144 0.06339
55089.94574 20.07364 0.07049
55089.99042 19.92367 0.06489
55093.83741 19.98266 0.0738
55093.88196 19.9381 0.0681
55096.8292 20.06135 0.07714
55097.00858 20.00379 0.08293
55104.99862 20.21044 0.12507
55107.79764 19.96202 0.12709
55114.88125 19.73294 0.09652
55119.89538 20.06091 0.1054
55119.95365 19.87931 0.08711
55123.75696 20.07294 0.07647
55123.81523 19.9247 0.09007
55126.97957 19.95113 0.10629
55127.83329 19.95469 0.09416
55127.87706 19.87799 0.09491
55135.82555 20.10882 0.1529
55135.86926 20.12184 0.1767
55142.7036 19.83874 0.10714
55142.75219 19.7367 0.12235
55144.77886 19.87158 0.11919
55144.82305 19.90372 0.11057
55151.72943 20.14931 0.0876
55151.77257 20.15144 0.07559
55166.74897 19.88374 0.21947
55168.63378 19.97097 0.13316
55168.6775 20.1695 0.13978
55175.61224 19.93853 0.08272
55175.65684 20.09328 0.06743
55181.59421 20.37423 0.12572
55181.63825 19.97693 0.09912
55183.59204 20.22517 0.11045
55183.64253 20.07656 0.10191
55189.58054 20.13203 0.10646
55189.62557 20.02022 0.08657
55199.58559 20.14168 0.08789
55202.58667 19.76754 0.08458
55203.71441 20.14038 0.10524
55203.75743 19.91047 0.10935
55207.63092 19.9345 0.08824
55207.67514 20.03068 0.07589
55209.5968 20.11155 0.07231
55209.64149 20.14391 0.07599
55213.63312 19.94612 0.10919
55213.6798 20.10307 0.13334
55377.89535 20.18639 0.16375
55378.90615 20.31936 0.16806
55379.8591 20.00066 0.12814
55379.92482 20.10838 0.11685
55380.87684 20.38665 0.14348
55380.92078 19.91593 0.10348
55381.89606 20.08569 0.09216
55381.93934 20.10689 0.09767
55384.82671 20.12426 0.0858
55384.87028 20.33947 0.08978
55385.87021 20.09302 0.07127
55385.91339 20.36585 0.08158
55386.86524 19.99994 0.0793
55386.90867 20.13827 0.08405
55387.87002 19.97217 0.06996
55387.91342 19.85451 0.07142
55388.86609 20.09487 0.12966
55388.91005 20.0655 0.09652
55389.97252 20.13629 0.18846
55390.80957 19.86624 0.09925
55390.85393 20.20206 0.09419
55391.80613 20.23944 0.14015
55391.87538 19.86153 0.11415
55392.83258 19.95683 0.12329
55392.87538 20.07471 0.10427
55394.79908 20.22025 0.10417
55394.8431 20.10155 0.08049
55395.79551 19.89687 0.1349
55395.84215 20.50728 0.09818
55396.79527 20.03296 0.17634
55396.83932 20.34447 0.10805
55397.79163 20.2376 0.18516
55397.83526 20.0523 0.10687
55398.83124 20.33048 0.12354
55399.78802 19.9562 0.15568
55399.83261 20.15744 0.15334
55400.8289 20.04857 0.15615
55404.84266 20.06163 0.15449
55405.8416 19.84048 0.20584
55411.79896 20.02947 0.10703
55412.79539 20.50784 0.16174
55413.79945 20.30148 0.16167
55414.75161 20.24549 0.1673
55414.79555 19.98606 0.11318
55415.75266 20.12155 0.2074
55415.79727 20.29957 0.14812
55416.75096 20.31698 0.18787
55416.79342 20.35547 0.17156
55417.75979 20.07646 0.19266
55417.84511 20.33099 0.12759
55418.79843 20.26195 0.11888
55418.84121 19.96569 0.12214
55419.75121 20.11187 0.20036
55419.79504 20.12319 0.13633
55420.83264 20.19366 0.16074
55421.73664 20.28108 0.17375
55421.79901 20.10141 0.09197
55422.75115 20.55899 0.12266
55423.74742 20.30664 0.11095
55423.79284 20.29055 0.10147
55424.75349 20.80122 0.14286
55424.80178 20.11678 0.10757
55425.76166 20.41777 0.13084
55426.8444 20.29226 0.11646
55427.79708 20.33056 0.11595
55427.8408 20.25469 0.10025
55428.79281 20.27128 0.15824
55428.83703 20.49467 0.12814
55429.8142 20.45947 0.14084
55429.85716 20.36071 0.10826
55430.75769 20.12637 0.16316
55431.75639 20.45981 0.16065
55431.80024 20.45664 0.14187
55436.88575 20.62292 0.18266
55436.88891 20.54744 0.19945
55436.89501 20.31845 0.18653
55436.90109 20.33953 0.18403
55436.91351 20.33589 0.16065
55436.92806 20.32803 0.15166
55436.93096 20.48364 0.16765
55436.93703 20.68193 0.22784
55436.93974 20.64459 0.15187
55436.95231 20.62696 0.18846
55436.96116 20.46433 0.21484
55436.96403 20.14356 0.13626
55438.89169 20.71304 0.15425
55438.89485 20.45389 0.20834
55438.89798 20.44954 0.15505
55438.90086 20.72071 0.17604
55438.90371 20.65861 0.17806
55438.9065 20.51087 0.18215
55438.90927 20.73104 0.14866
55438.91204 20.32144 0.17944
55438.91763 20.16949 0.12875
55438.92394 20.54915 0.22893
55438.92672 20.67409 0.21064
55438.92954 20.39138 0.14385
55438.94106 20.68441 0.16234
55438.94678 20.5361 0.14976
55438.95913 20.43131 0.16124
55438.96141 20.39952 0.18294
55440.87507 20.27834 0.12795
55440.87823 20.1328 0.11314
55440.88428 20.69159 0.13165
55440.88675 20.5041 0.10626
55440.8894 20.53783 0.11466
55440.89205 20.48213 0.10888
55440.89518 20.41033 0.10558
55440.89832 20.53088 0.15143
55440.90145 20.19655 0.10475
55440.90439 20.52549 0.14403
55440.90729 20.74913 0.13135
55440.91025 20.34569 0.11935
55440.91316 20.51891 0.14613
55440.91591 20.42396 0.15195
55440.9187 20.51321 0.10666
55440.92149 20.60849 0.11576
55440.92426 20.29379 0.13394
55440.93095 20.4119 0.10075
55440.93364 20.54493 0.10945
55440.93623 20.55507 0.15703
55440.9395 20.78121 0.13564
55440.94264 20.20715 0.12844
55440.94582 20.54514 0.17894
55440.94883 20.52369 0.12975
55440.95182 20.38534 0.10855
55440.95489 20.59474 0.17173
55441.87301 20.59188 0.10276
55441.87592 20.23358 0.11305
55441.88645 20.09837 0.11725
55441.88962 20.48551 0.10177
55441.89254 20.51487 0.10517
55441.89542 20.71561 0.09855
55441.89828 20.32086 0.11255
55441.90107 20.4893 0.11216
55441.9037 20.36508 0.09117
55441.90634 20.39422 0.08737
55441.90906 20.67666 0.10795
55441.9118 20.46743 0.10766
55441.91445 20.49045 0.09746
55441.91722 20.49002 0.09797
55441.91981 20.50089 0.13706
55441.92546 20.25778 0.09176
55441.9281 20.52703 0.10826
55441.93183 20.5899 0.09628
55441.93458 20.54209 0.10026
55441.93727 20.54857 0.10738
55441.94048 20.43649 0.09045
55441.94326 20.5504 0.10668
55441.94546 20.53309 0.11164
55441.94852 20.52038 0.10086
55441.95194 20.5851 0.12945
55441.95469 20.71557 0.10296
55441.95786 20.47603 0.09697
55441.96081 20.77117 0.10756
55441.96392 20.56485 0.11169
55441.96715 20.63577 0.13336
55441.97012 20.69821 0.12655
55441.97294 20.67197 0.10856
55441.97532 20.31476 0.09377
55441.97757 20.40252 0.09296
55441.9798 20.26755 0.11056
55441.9835 20.53677 0.09498
55441.9863 20.36921 0.09505
55441.98852 20.44611 0.13274
55441.99078 20.20165 0.11225
55441.99382 20.33036 0.09696
55442.00593 20.56264 0.13984
55442.01216 20.55478 0.12337
55442.01486 20.65123 0.17174
55442.70382 20.36438 0.12115
55442.70734 20.51096 0.10906
55442.71097 20.42467 0.13085
55442.71448 20.51139 0.11025
55442.71808 20.37933 0.09296
55442.72168 20.36603 0.10077
55442.72527 20.3778 0.09327
55442.73272 20.40148 0.09076
55442.74184 20.60235 0.11424
55442.74882 20.47193 0.11086
55442.75572 20.36971 0.11366
55442.76147 20.49043 0.10324
55442.76615 20.28495 0.08347
55442.77616 20.50805 0.09807
55442.78135 20.30504 0.08297
55442.78615 20.34226 0.10195
55442.79145 20.23426 0.10336
55442.79615 20.43574 0.10687
55442.80186 20.34665 0.11506
55442.8093 20.44779 0.08786
55442.81443 20.27257 0.10016
55442.81939 20.49561 0.08539
55442.82447 20.46074 0.09158
55442.8293 20.46503 0.09129
55442.83541 20.48437 0.09046
55442.84012 20.35988 0.08387
55442.84597 20.57788 0.0917
55442.85112 20.45961 0.09908
55442.85657 20.50707 0.09787
55442.86387 20.32305 0.10956
55442.87002 20.66226 0.09778
55442.87503 20.49459 0.09369
55442.88048 20.31272 0.09117
55442.88617 20.47155 0.08899
55442.89221 20.52499 0.09009
55442.89785 20.56415 0.09645
55442.90297 20.4938 0.09708
55442.90871 20.31296 0.10426
55442.91368 20.71997 0.10375
55442.91875 20.44202 0.11445
55442.92384 20.67548 0.09208
55442.93037 20.46961 0.12674
55442.93642 20.53488 0.09727
55442.94588 20.17331 0.11287
55442.95166 20.62353 0.09938
55442.95754 20.60809 0.09845
55442.96246 20.49314 0.09238
55442.96833 20.33752 0.09608
55442.97317 20.46134 0.09004
55442.97782 20.48577 0.09547
55442.98206 20.44964 0.09538
55442.9872 20.3333 0.09306
55442.99348 20.62854 0.15723
55442.99858 20.34974 0.09846
55443.00329 20.5078 0.10325
55443.01002 20.54313 0.09945
55443.01702 20.44386 0.11395
55443.67742 20.47795 0.16154
55443.68488 20.65318 0.14645
55443.69287 20.78822 0.15343
55443.70415 20.53776 0.12735
55443.71028 20.40451 0.12165
55443.71632 20.64803 0.14694
55443.72231 20.26636 0.10516
55443.72832 20.55963 0.12473
55443.736 20.48526 0.12604
55443.74306 20.59968 0.11306
55443.74812 20.42195 0.12096
55443.75372 20.57915 0.10054
55443.75946 20.65903 0.10647
55443.76526 20.61531 0.10854
55443.77007 20.5249 0.10226
55443.78027 20.39742 0.10257
55443.78539 20.60715 0.10495
55443.79156 20.28034 0.13614
55443.79717 20.43037 0.10177
55443.80302 20.41175 0.11445
55443.80895 20.55457 0.10053
55443.81493 20.64974 0.10545
55443.8204 20.64206 0.11276
55443.82634 20.54533 0.09865
55443.83239 20.50012 0.13133
55443.83783 20.68987 0.10673
55443.84415 20.40669 0.09096
55443.84958 20.65135 0.11045
55443.85553 20.39827 0.12004
55443.86252 20.84124 0.11307
55443.87576 20.66999 0.10346
55443.88141 20.63877 0.10035
55443.88892 20.59459 0.11545
55443.89412 20.52282 0.10746
55443.90077 20.4167 0.10636
55443.90658 20.39243 0.09336
55443.91235 20.39714 0.10945
55443.91779 20.80976 0.10836
55443.92403 20.6615 0.17143
55443.92967 20.53955 0.10967
55443.93496 20.3814 0.11326
55443.94073 20.66569 0.13674
55443.94779 20.61777 0.10208
55443.95355 20.34609 0.10555
55443.95925 20.53724 0.10316
55443.9693 20.58406 0.12234
55443.97555 20.82904 0.14474
55443.98144 20.62192 0.14323
55443.98725 20.51525 0.11526
55443.99456 20.44173 0.12254
55444.00093 20.58231 0.11375
55444.0061 20.57188 0.10175
55444.01187 20.45766 0.10598
55444.0175 20.68757 0.15235
55444.67221 20.68501 0.17705
55444.68199 20.66429 0.18395
55444.68857 20.44023 0.15115
55444.69526 20.65349 0.12063
55444.70198 20.78486 0.13934
55444.71487 20.22262 0.15393
55444.72103 20.36285 0.13634
55444.72796 20.63518 0.12474
55444.73377 20.3837 0.10097
55444.74094 20.38805 0.12214
55444.74655 20.31196 0.10376
55444.75167 20.25708 0.10844
55444.75678 20.50182 0.10107
55444.76225 20.46799 0.10086
55444.7673 20.40791 0.13633
55444.77353 20.64555 0.10875
55444.77876 20.55066 0.10236
55444.78368 20.36751 0.09016
55444.79848 20.47001 0.09707
55444.80403 20.42408 0.09187
55444.81599 20.47115 0.09766
55444.8213 20.27844 0.11216
55444.83332 20.45042 0.08876
55444.83854 20.4199 0.09058
55444.84549 20.54649 0.10045
55444.85161 20.28967 0.10858
55444.85679 20.45041 0.09998
55444.86267 20.71313 0.10095
55444.86777 20.73717 0.10757
55444.87321 20.58707 0.10356
55444.87872 20.55226 0.09235
55444.88467 20.41811 0.09764
55444.89016 20.58201 0.13084
55444.89581 20.31026 0.13775
55444.90153 20.45607 0.09457
55444.90845 20.6556 0.11235
55444.91349 20.56355 0.09515
55444.92279 20.67697 0.11005
55444.93139 20.56062 0.10296
55444.94041 20.32763 0.09328
55444.94568 20.78303 0.11446
55444.951 20.53922 0.11678
55444.95724 20.45031 0.11667
55444.96289 20.51645 0.11327
55444.96923 20.55424 0.10765
55444.97411 20.25578 0.10155
55444.98062 20.23183 0.10475
55444.98915 20.50261 0.10946
55444.99553 20.33664 0.08767
55445.00157 20.54341 0.10855
55445.00779 20.41182 0.08949
55445.01282 20.38827 0.10914
55445.01777 20.61872 0.12935
55445.66749 20.42019 0.12335
55445.67244 20.41206 0.14365
55445.67731 20.80437 0.14513
55445.68422 20.64109 0.13126
55445.6905 20.72509 0.14734
55445.69681 20.44834 0.11334
55445.70294 20.75324 0.11476
55445.70921 20.87158 0.15454
55445.71534 20.87517 0.18154
55445.72141 20.80369 0.14044
55445.72791 20.78612 0.13145
55445.73457 20.62132 0.12755
55445.7456 20.62048 0.10426
55445.75096 20.70355 0.14824
55445.75643 20.60631 0.10496
55445.76191 20.4729 0.13025
55445.76784 20.45316 0.10386
55445.7737 20.3743 0.11657
55445.779 20.58092 0.11325
55445.78479 20.48618 0.10877
55445.79025 20.37766 0.09286
55445.79613 20.40341 0.09196
55445.81095 20.67159 0.10037
55445.81845 20.29823 0.10524
55445.82455 20.58351 0.09447
55445.83024 20.47765 0.11675
55445.84021 20.57507 0.09238
55445.84549 20.67048 0.09956
55445.85174 20.46569 0.08995
55445.85762 20.47644 0.09865
55445.8636 20.49583 0.10855
55445.86963 20.60962 0.08596
55445.87567 20.51495 0.09276
55445.88207 20.44923 0.07721
55445.88844 20.53222 0.09496
55445.89432 20.33055 0.09608
55445.89983 20.52279 0.09946
55445.90668 20.41863 0.10736
55445.91299 20.26889 0.09975
55445.91722 20.52428 0.09996
55445.92351 20.31211 0.0852
55445.92915 20.54733 0.09615
55445.93496 20.75121 0.10905
55445.94048 20.53929 0.09396
55445.95216 20.44604 0.10697
55445.95886 20.20769 0.10296
55445.97191 20.56845 0.09886
55445.97872 20.39553 0.08346
55445.98437 20.48445 0.10304
55445.98972 20.52435 0.11317
55445.99581 20.45474 0.09447
55446.00245 20.31359 0.0844
55446.00827 20.57379 0.09755
55446.01324 20.48315 0.10187
55446.01787 20.44843 0.11324
55446.66046 20.48041 0.17367
55446.66501 20.82725 0.16926
55446.67089 20.5158 0.11976
55446.67601 20.57173 0.12354
55446.6814 20.36745 0.14516
55446.68915 20.53279 0.12416
55446.70044 20.79806 0.19124
55446.70781 20.35914 0.13395
55446.71375 20.38105 0.10985
55446.71998 20.87776 0.12164
55446.7269 20.43213 0.12245
55446.73768 20.6362 0.14284
55446.74263 20.43367 0.09697
55446.74841 20.55093 0.10594
55446.75986 20.44138 0.09096
55446.76487 20.36255 0.08498
55446.77004 20.60517 0.09747
55446.77518 20.37177 0.10196
55446.78018 20.47187 0.10265
55446.78654 20.39863 0.08797
55446.79243 20.36746 0.10505
55446.79818 20.31695 0.09527
55446.80822 20.51521 0.09818
55446.81336 20.57569 0.10517
55446.81934 20.41977 0.09157
55446.82569 20.47401 0.08779
55446.83186 20.44179 0.11325
55446.83803 20.65164 0.09865
55446.84316 20.62751 0.10095
55446.84946 20.70832 0.10696
55446.85529 20.69994 0.12511
55446.86132 20.40875 0.12377
55446.87321 20.37486 0.10125
55446.87945 20.26867 0.09048
55446.88583 20.42482 0.10423
55446.89176 20.38833 0.08617
55446.89901 20.56214 0.10105
55446.90569 20.61059 0.12215
55446.91293 20.73224 0.11405
55446.91958 20.63443 0.09304
55446.92538 20.30402 0.07769
55446.93113 20.36395 0.09257
55446.93686 20.42333 0.08728
55446.94237 20.40775 0.08256
55446.94842 20.3005 0.07911
55446.95451 20.52347 0.09398
55446.96034 20.44763 0.10884
55446.96641 20.45701 0.12305
55446.97287 20.33574 0.08857
55446.97827 20.39867 0.10386
55446.98464 20.37177 0.09055
55446.99026 20.50401 0.10535
55446.99646 20.43158 0.10747
55447.00329 20.41383 0.11176
55448.00377 20.42346 0.08287
55448.65527 20.84648 0.16468
55448.70146 20.45671 0.15948
55449.82958 20.65163 0.11974
55449.87259 20.52352 0.09187
55450.82585 20.2776 0.10986
55450.86998 20.35771 0.10494
55451.65338 20.42485 0.14839
55451.70095 20.45625 0.10908
55452.64792 20.4057 0.13507
55452.69243 20.45047 0.10824
55453.6895 20.47568 0.12413
55454.64058 20.55114 0.17535
55454.68793 20.59294 0.16173
55455.63923 20.48438 0.18616
55455.7154 20.60239 0.13336
55456.67702 20.49467 0.18803
55458.66069 20.44716 0.21353
55460.72453 20.67642 0.17145
55466.61959 20.45468 0.16847
55466.6231 20.74548 0.14378
55466.62486 20.63671 0.17416
55466.62661 20.75204 0.13297
55466.63143 20.53998 0.14187
55466.63348 20.59686 0.17118
55468.7394 20.35564 0.12342
55470.82246 20.26191 0.10859
55471.77466 20.48614 0.10318
55472.62548 20.80865 0.13284
55472.66936 20.7071 0.12095
55477.66775 20.89167 0.13134
55477.71276 20.69753 0.11984
55478.66775 20.55427 0.12915
55480.65805 20.73187 0.13034
55481.61182 20.20875 0.13116
55481.69382 20.71503 0.11405
55482.61769 20.79818 0.18733
55482.66188 20.90074 0.12773
55482.67843 20.95028 0.13534
55483.61039 20.39484 0.15695
55483.66512 20.77498 0.19123
55484.66377 20.40373 0.14956
55484.70695 20.67954 0.13996
55485.61939 20.71185 0.15634
55485.66329 20.51438 0.13973
55498.79 20.79541 0.14463
55499.63881 20.56941 0.10575
55501.66259 20.83763 0.14155
55501.75706 20.35821 0.13164
55502.82148 20.75952 0.16344
55503.77762 20.88007 0.16957
55503.8732 20.94808 0.18816
55506.68972 20.61404 0.12881
55506.73387 20.53817 0.13305
55507.81368 21.09838 0.13525
55513.658 20.90354 0.14365
55513.7418 20.92975 0.15673
55514.69377 20.52121 0.14594
55514.73749 20.82681 0.18894
55517.61497 20.68955 0.15305
55530.70615 20.6411 0.16089
55531.77418 20.42614 0.1568
55532.78408 20.23079 0.09398
55532.82836 20.54694 0.13656
55535.68432 20.44812 0.09371
55537.62557 20.44374 0.11722
55538.57995 20.50122 0.11646
55538.62381 20.43842 0.10966
55539.58012 20.22792 0.13155
55539.62283 20.52874 0.10649
55540.61811 20.47823 0.10027
55540.66215 20.42106 0.10235
55541.61644 20.54095 0.14127
55541.65945 20.53003 0.14509
55544.59603 20.46887 0.12215
55544.64191 20.37445 0.10987
55545.59598 20.18961 0.14836
55545.63939 20.54029 0.13773
55558.75663 20.26482 0.12377
55561.73304 20.30272 0.13577
55561.77682 20.42414 0.18108
55567.59621 20.83191 0.15244
55575.595 20.06714 0.15268
55577.59504 20.32265 0.19328
55579.61368 20.73974 0.18184
55579.65687 20.1779 0.15345
55580.66998 20.6104 0.14738
55583.61703 20.09638 0.13597
55583.66119 20.5031 0.20044
55584.63985 20.3875 0.10706
55584.68286 20.10121 0.13926
55586.61685 20.10051 0.12494
55586.66038 20.35531 0.12856
55722.89872 20.09694 0.10768
55723.91976 20.07217 0.10168
55723.9634 20.18008 0.12885
55733.91212 20.21402 0.10368
55750.83279 20.09557 0.10908
55750.87598 19.90753 0.09755
55753.86132 20.20869 0.14411
55756.88391 19.68784 0.15685
55756.93392 19.98195 0.12459
55759.84878 19.9483 0.13486
55759.89212 20.13332 0.11587
55762.79606 20.23769 0.1365
55762.8402 19.98978 0.16055
55766.83041 19.90955 0.0907
55768.77509 20.29862 0.14396
55769.80074 19.73678 0.08905
55769.84468 19.83994 0.08805
55770.78189 19.85007 0.08046
55770.82573 20.09 0.09186
55771.78074 19.8113 0.10216
55771.82449 19.93657 0.07576
55774.75968 19.9868 0.09119
55774.80363 19.97891 0.08467
55775.7599 20.03052 0.10452
55775.80332 20.06865 0.12946
55779.7464 20.01444 0.10359
55779.79086 19.79679 0.0772
55780.74948 19.98974 0.11458
55780.79415 19.93878 0.08339
55782.7956 20.26338 0.10967
55783.7573 19.81183 0.15249
55783.80103 19.91508 0.11676
55784.74207 20.21828 0.21416
55789.78039 20.2438 0.15697
55790.77463 20.05295 0.13457
55791.73123 19.96873 0.12935
55793.74743 20.22285 0.13108
55793.79097 20.27926 0.16936
55794.75972 20.02409 0.0973
55794.81629 20.06717 0.12262
55809.7101 19.63125 0.13486
55811.66044 20.25622 0.19785
55811.7042 20.02717 0.14995
55812.65876 20.04411 0.15767
55812.70198 19.91182 0.11997
55813.66257 20.18758 0.14769
55813.70671 19.78735 0.12608
55820.63925 19.9033 0.15668
55820.68324 19.79055 0.20945
55821.63464 19.98793 0.13626
55822.63132 20.26088 0.15156
55822.67415 20.19608 0.09896
55823.62908 20.24322 0.13086
55823.67275 20.16714 0.12465
55824.62608 20.20073 0.21725
55824.6697 20.07748 0.14674
55838.61464 19.97636 0.16807
55838.65944 20.39091 0.13647
55842.61856 19.9916 0.17956
55842.66208 20.2372 0.15635
55849.60547 20.09426 0.13101
55850.60468 20.07813 0.09277
55850.64918 20.07901 0.10405
55851.60318 19.95526 0.13075
55851.64641 20.26551 0.09496
55852.60416 19.98603 0.09908
55852.6481 20.05919 0.0799
55853.60163 20.12609 0.10258
55853.6463 20.23468 0.14395
55854.60164 19.98788 0.1072
55854.64607 20.25986 0.09907
55866.5884 20.28139 0.11897
55866.64679 19.85158 0.09586
55867.58757 20.16638 0.13557
55867.63053 20.35722 0.15886
55868.63002 20.29907 0.11176
55880.87841 20.37471 0.15185
55880.92255 19.88432 0.16177
55882.86968 20.00291 0.11099
55882.87146 20.1259 0.10439
55882.91495 19.99718 0.11702
55887.63181 20.14922 0.09137
55889.80049 20.15108 0.08838
55889.84447 20.25524 0.10748
55891.57974 19.97194 0.15685
55891.6225 19.9432 0.10756
55893.58261 19.80582 0.12845
55893.62546 20.12269 0.11196
55894.58144 19.92794 0.10419
55896.58202 20.10833 0.11173
55898.82137 19.89263 0.13838
55903.58342 19.88561 0.14642
55916.59575 20.18511 0.12644
55916.64026 20.17856 0.11534
55922.6423 20.14662 0.09287
55923.59751 20.20891 0.11804
55923.64145 20.14686 0.09166
55924.60837 19.95825 0.10276
55925.59941 20.33379 0.11913
55925.67897 19.98161 0.08781
55926.58279 19.77226 0.10203
55926.62543 20.0059 0.08652
55930.62499 20.51024 0.1554
55931.58458 20.11352 0.15674
55932.62858 20.23307 0.15236
55936.60917 20.30405 0.16925
55936.65247 19.97795 0.13905
55937.58951 19.98761 0.13686
55939.64879 20.13102 0.1126
55939.6851 20.24974 0.11778
55943.69972 20.016 0.10331
55943.74446 20.2362 0.13547
55944.64379 20.24887 0.0926
55944.67224 20.32106 0.1067
55947.59349 20.19168 0.14193
55949.64923 19.98691 0.13979
55952.60617 20.12973 0.10426
55952.64932 20.0692 0.12226
55953.59751 20.2346 0.15198
55953.64127 20.06914 0.11165
55958.61566 20.2723 0.17376
55958.67117 20.31721 0.15076
55962.61935 20.37385 0.16944
56061.96903 20.44991 0.17865
56066.96916 20.27668 0.20254
56075.96117 20.34555 0.16325
56076.96161 20.23304 0.13576
56078.92335 19.98591 0.13497
56079.91957 20.55153 0.18126
56079.94994 20.29823 0.13657
56079.97946 20.27266 0.26507
56084.95914 20.02019 0.21666
56086.9317 20.07648 0.15115
56086.96186 20.30714 0.17643
56087.95118 20.38654 0.18704
56089.90743 20.04928 0.17725
56089.9375 20.36062 0.16175
56091.93224 20.29126 0.11479
56091.96189 20.30199 0.12737
56092.91513 19.99157 0.12085
56092.94551 20.20701 0.17243
56093.95942 20.43385 0.19973
56094.8793 20.13684 0.1637
56094.90895 20.35201 0.16785
56094.93794 20.40001 0.11648
56095.89413 20.19764 0.16816
56095.92394 20.49171 0.18256
56095.95378 20.47075 0.15727
56096.8846 20.19375 0.14498
56096.91464 20.56181 0.13966
56096.94475 20.14912 0.11857
56097.90204 20.39675 0.15385
56099.86796 19.84482 0.10048
56099.8979 20.38836 0.11574
56099.92867 20.05692 0.08825
56100.87134 20.13748 0.15925
56100.9014 19.90221 0.11836
56100.93113 20.28426 0.10806
56101.92164 20.18468 0.10676
56102.85884 20.16921 0.11238
56102.88948 20.03331 0.13554
56102.91975 20.12112 0.11875
56103.89198 20.16644 0.14006
56103.92203 20.37606 0.11404
56104.86298 20.54963 0.13968
56104.89266 20.00911 0.10058
56104.92258 20.10908 0.10806
56105.87772 20.26992 0.13304
56105.90846 20.12483 0.0984
56105.93782 20.17807 0.11537
56106.84826 20.30176 0.12416
56106.87859 20.17994 0.10906
56107.87579 20.40857 0.12494
56107.90655 20.43936 0.11825
56108.89669 20.21747 0.16313
56108.92686 20.23366 0.10014
56109.93363 20.27464 0.12766
56110.86774 20.30217 0.19776
56110.92786 20.15457 0.14227
56113.8878 20.05154 0.19846
56113.93235 20.37858 0.21865
56113.96218 20.29088 0.14797
56114.92357 19.88504 0.17495
56114.95378 20.06925 0.13797
56115.9179 19.98553 0.17853
56116.90131 20.37708 0.15194
56116.93261 20.45912 0.15636
56116.96078 20.32674 0.16144
56117.92405 19.88513 0.10446
56118.85812 20.54329 0.16707
56118.8884 20.29159 0.17766
56119.81535 20.23671 0.18421
56120.95573 20.0235 0.18618
56123.80269 20.16635 0.12488
56123.8333 20.16727 0.14954
56123.86323 19.98151 0.11475
56124.8239 20.1245 0.13298
56124.85579 20.38343 0.14041
56124.90647 20.36407 0.11209
56125.83541 20.02141 0.10916
56125.8655 20.21132 0.10078
56125.89611 20.1405 0.08976
56126.79674 20.05248 0.16974
56127.84219 20.14568 0.12056
56127.87262 19.96446 0.11556
56128.8202 20.20581 0.10765
56128.8509 20.09314 0.09587
56129.81763 20.36736 0.13486
56129.84839 20.28032 0.11618
56130.78415 20.22977 0.12609
56130.81619 19.86294 0.12625
56131.81956 20.10922 0.11257
56131.84966 19.94787 0.10098
56131.87991 20.23895 0.09038
56132.81342 20.01067 0.11618
56132.85526 20.20329 0.10817
56133.77702 20.26445 0.12435
56133.80732 20.07578 0.09888
56133.83817 19.925 0.09125
56135.77548 20.2767 0.14018
56135.80558 19.9179 0.11255
56135.8357 20.05325 0.06685
56136.78168 20.03559 0.13745
56136.81139 20.10835 0.09895
56136.84105 20.09199 0.09965
56137.77719 19.95632 0.15806
56137.84943 20.01016 0.1546
56144.79078 19.86534 0.15285
56144.82138 20.29442 0.21764
56145.80436 20.04311 0.15098
56146.77217 20.0198 0.18671
56146.83591 20.3564 0.16032
56147.75046 20.29572 0.19023
56147.78019 20.31602 0.15515
56147.81614 20.18497 0.17874
56148.73743 20.0414 0.11426
56148.76798 20.44205 0.12075
56148.79928 20.28023 0.12077
56151.84315 19.93238 0.07229
56151.87618 19.77733 0.07756
56151.91621 20.07844 0.0628
56164.86055 19.98794 0.07555
56164.89061 20.07128 0.06581
56164.92052 20.0886 0.06191
56165.82275 20.00801 0.09785
56165.85221 20.05533 0.07297
56165.88255 19.96189 0.05968
56166.78411 20.39699 0.09966
56166.82415 20.06661 0.08727
56166.85436 19.68632 0.08816
56167.76082 20.33629 0.15984
56167.79008 20.32461 0.11247
56167.82893 19.87388 0.09316
56168.73084 19.98812 0.18705
56168.76135 19.94283 0.15504
56168.79094 19.99835 0.17675
56169.73488 20.08752 0.1351
56169.78208 20.10748 0.17767
56170.76821 20.3679 0.17067
56176.74473 20.25702 0.13086
56176.77537 19.9328 0.15394
56177.67775 19.91086 0.08279
56177.71467 20.19773 0.07698
56177.7448 19.9352 0.0754
56178.65701 20.3107 0.13028
56178.7245 19.93629 0.07367
56178.75548 19.9971 0.07398
56189.71737 19.89345 0.08617
56189.74707 19.99809 0.09396
56194.65274 19.79786 0.10577
56194.68156 20.16511 0.11116
56194.73072 20.00072 0.09625
56195.63238 20.20514 0.15067
56195.68489 20.28458 0.16775
56195.74387 20.04646 0.11106
56196.64868 19.88646 0.12857
56196.67925 20.30663 0.13565
56196.70945 20.07583 0.11466
56197.65122 20.33993 0.15998
56197.68048 20.04373 0.14128
56198.69225 19.98203 0.14511
56202.70169 20.18631 0.19085
56207.71676 20.00424 0.14267
56207.82773 20.22185 0.14434
56224.66207 19.97686 0.10443
56224.69182 20.10454 0.13618
56225.74851 19.92047 0.12516
56225.84088 20.08683 0.15385
56228.71 20.05433 0.16144
56230.64599 19.95233 0.19535
56231.86041 20.36482 0.18396
56232.82116 19.76958 0.13774
56233.75399 20.18294 0.13957
56234.68453 20.21417 0.13464
56234.71313 19.99104 0.09406
56235.61461 19.96875 0.08989
56235.64419 19.94566 0.07396
56236.61561 20.12315 0.09295
56237.58477 20.39014 0.12186
56237.61509 20.18125 0.09424
56238.58334 20.23771 0.10487
56238.61531 20.03157 0.08516
56239.58294 20.0099 0.09456
56239.61141 20.19471 0.10009
56251.83071 20.01291 0.08418
56251.86073 20.18226 0.09344
56252.58576 19.87044 0.08883
56252.60631 19.90795 0.07982
56252.62487 19.92704 0.08912
56252.64555 19.9489 0.08339
56252.66096 19.94746 0.10549
56252.69879 20.25268 0.11015
56252.71706 20.21246 0.10287
56252.73499 20.09794 0.09797
56252.75258 20.0673 0.11478
56252.76856 20.41291 0.11547
56252.78929 20.04453 0.13486
56252.80517 20.23381 0.13187
56252.821 20.15119 0.09711
56252.83831 19.90501 0.10199
56252.85634 20.24322 0.09354
56253.58621 20.09544 0.11307
56253.60335 20.01908 0.10747
56253.62054 20.30239 0.11974
56253.63682 20.07105 0.10658
56253.6539 20.31407 0.12436
56253.6721 20.05235 0.10296
56253.70902 20.25856 0.15425
56253.7307 20.1429 0.11657
56253.75003 20.02297 0.16788
56253.76637 19.98537 0.1139
56253.78832 20.01774 0.14095
56253.8078 19.89161 0.12976
56253.82956 19.98509 0.13035
56253.85372 19.90832 0.10988
56254.74613 19.83822 0.11706
56254.77889 20.07638 0.14165
56255.68248 20.02807 0.16684
56256.62657 20.38708 0.11836
56257.58763 20.11295 0.17646
56257.64219 20.26525 0.1445
56258.61848 19.96793 0.15348
56265.629 20.09562 0.08005
56265.6592 20.11614 0.09953
56267.58751 20.21958 0.08845
56267.61751 20.23932 0.08844
56268.59364 20.03054 0.07337
56268.62314 20.12687 0.07327
56269.58319 20.08595 0.08577
56269.58435 20.06585 0.0739
56269.58546 20.08438 0.08097
56269.58657 20.12102 0.07866
56269.58771 19.98762 0.06975
56269.58893 20.10043 0.07485
56269.59006 20.29288 0.07765
56269.59133 20.15251 0.07318
56269.59245 20.142 0.07467
56269.59364 20.02713 0.06729
56269.59478 20.02078 0.07626
56269.596 20.10151 0.07977
56269.59713 19.9971 0.07277
56269.59843 20.06297 0.07366
56269.59956 20.09188 0.10023
56269.60977 19.99024 0.07327
56269.61093 20.22897 0.08007
56269.6121 20.14524 0.07437
56269.61321 20.17523 0.07648
56269.61434 20.27494 0.08345
56269.61547 20.12539 0.08328
56269.61659 20.19311 0.08385
56269.61773 20.17008 0.10145
56269.61884 20.18613 0.07895
56269.61995 20.18058 0.07367
56269.62115 20.07874 0.08507
56269.6223 20.11682 0.07417
56269.62343 20.04119 0.07328
56269.62457 20.12086 0.07226
56269.62569 19.99847 0.06838
56269.62688 20.22143 0.08785
56269.628 20.11466 0.07626
56269.6375 19.92994 0.07018
56269.63881 20.18985 0.07609
56269.64001 20.13305 0.06768
56269.64114 20.03829 0.08217
56269.64226 20.01674 0.07814
56269.64337 20.16371 0.08157
56269.6445 20.09319 0.07495
56269.64562 20.14658 0.07658
56269.64675 20.03979 0.06528
56269.64789 20.0521 0.07888
56269.64905 20.07289 0.09335
56269.65017 19.99764 0.0719
56269.65129 20.07106 0.06945
56269.65247 20.10796 0.07167
56269.65359 20.09382 0.07678
56269.65698 19.94228 0.06353
56269.66055 20.09106 0.07807
56269.66167 20.01057 0.07417
56269.66279 19.99015 0.07457
56269.66393 20.04913 0.07188
56269.66595 20.09169 0.07258
56269.66717 20.12555 0.0776
56269.66829 20.12535 0.07545
56269.66952 19.98685 0.06611
56269.67064 20.0752 0.06956
56269.67184 20.05535 0.06827
56269.673 19.95441 0.07048
56269.67412 20.08899 0.07232
56269.67533 20.00773 0.06758
56269.67646 20.12223 0.07249
56269.6776 20.04446 0.06571
56269.67883 20.23115 0.07749
56269.67997 20.05517 0.07027
56269.6812 20.10703 0.06727
56269.68232 20.03599 0.06898
56269.68343 19.93136 0.07398
56269.68473 19.83112 0.07399
56269.68592 19.991 0.0652
56269.68705 20.13752 0.07439
56269.68816 20.09553 0.09607
56269.68929 19.96197 0.06706
56269.69041 19.99958 0.06718
56269.69157 20.05444 0.07428
56269.69269 20.08056 0.06836
56269.69383 20.19069 0.08207
56269.69496 20.0869 0.08526
56269.69608 19.99321 0.06528
56269.69898 19.98447 0.06324
56269.70011 20.03282 0.06997
56269.70126 20.08079 0.06671
56269.70241 20.05651 0.07148
56269.70357 20.08629 0.07738
56269.70468 19.95086 0.08247
56269.70581 20.08841 0.0757
56269.70705 20.00598 0.06857
56269.70816 20.12498 0.07568
56269.70937 20.13712 0.07018
56269.7105 19.94843 0.07141
56269.71167 20.16183 0.07577
56269.7128 19.79763 0.07369
56269.71403 19.95124 0.06328
56269.71516 20.12276 0.08157
56269.7163 20.02747 0.07315
56269.72641 20.00945 0.07217
56269.72763 19.86656 0.05972
56269.72875 20.01772 0.0702
56269.72987 20.01715 0.06817
56269.731 19.91776 0.06926
56269.73213 20.12201 0.07076
56269.73326 20.10407 0.07187
56269.73438 19.93696 0.07547
56269.73557 19.98637 0.06717
56269.73682 19.85548 0.08017
56269.73796 20.06579 0.07179
56269.73911 19.93003 0.06856
56269.74036 20.00874 0.07328
56269.74147 20.08901 0.07469
56269.74272 20.06301 0.07884
56269.74391 20.05546 0.07265
56269.74502 20.18142 0.07946
56269.7462 20.11513 0.07918
56269.74734 19.99189 0.07807
56269.74846 20.21021 0.07917
56269.74961 19.91577 0.0631
56269.75074 20.1711 0.08356
56269.75201 20.05122 0.07516
56269.75316 19.95942 0.07257
56269.75429 19.99679 0.06989
56269.75553 19.9817 0.07077
56269.75665 20.04155 0.07077
56269.75779 20.08525 0.07787
56269.75895 20.14454 0.07745
56269.76008 20.0767 0.07316
56269.76123 19.92884 0.07437
56269.76235 20.13815 0.08965
56269.76348 19.9454 0.07556
56269.76459 20.16726 0.07796
56269.76573 20.11703 0.08314
56269.78036 20.01469 0.08825
56269.78151 20.02564 0.07618
56269.78271 20.1074 0.09605
56269.78391 20.1466 0.07995
56269.78511 20.02589 0.07405
56269.78751 20.03787 0.07725
56269.78876 19.94701 0.09328
56269.78989 20.07358 0.08245
56269.79108 20.07693 0.07879
56269.79227 20.16576 0.09015
56269.79356 20.14779 0.09386
56269.79478 20.18363 0.08745
56269.7959 20.13396 0.07888
56269.79701 20.22328 0.10157
56269.79816 20.186 0.08877
56269.79928 20.03028 0.07729
56269.80041 20.15764 0.09395
56269.80156 20.11445 0.08855
56269.80276 20.00039 0.07997
56269.80404 20.01019 0.07876
56269.80517 19.97244 0.07639
56269.80638 20.20844 0.09456
56269.80752 19.97528 0.10026
56269.80866 20.03884 0.08405
56270.57931 20.1065 0.09167
56270.58058 20.01075 0.0743
56270.58188 20.23778 0.08039
56270.58305 20.06754 0.07463
56270.58429 20.26542 0.08532
56270.58556 20.19283 0.07616
56270.58671 19.98078 0.06292
56270.58798 19.945 0.07262
56270.58926 20.06991 0.0672
56270.59051 20.24896 0.0782
56270.59176 20.05855 0.07231
56270.59301 19.89664 0.06255
56270.59588 20.10566 0.07642
56270.59719 20.00094 0.06562
56270.59846 19.88855 0.06243
56270.59973 20.15436 0.06813
56270.60101 20.05812 0.0672
56270.60229 20.1541 0.07282
56270.60361 20.06736 0.06752
56270.60484 19.93369 0.06349
56270.60617 20.01714 0.08891
56270.60733 20.05182 0.06663
56270.60868 19.97893 0.0677
56270.60993 20.17255 0.07621
56270.61121 20.02512 0.06495
56270.61244 20.17664 0.07368
56270.61368 20.12973 0.07071
56270.61481 20.0854 0.0717
56270.61593 20.1351 0.07693
56270.61713 19.92223 0.06811
56270.61835 19.99323 0.06771
56270.61963 20.03098 0.06983
56270.62082 20.079 0.07041
56270.62212 20.08063 0.06712
56270.62324 19.98977 0.06544
56270.62438 19.9701 0.06884
56270.6255 20.15812 0.07584
56270.62668 19.93204 0.071
56270.62781 19.91866 0.07053
56270.62895 20.26263 0.07601
56270.63017 20.11631 0.07279
56270.6313 20.15002 0.06649
56270.63259 20.05045 0.06703
56270.63372 20.06268 0.06777
56270.63484 19.95095 0.05964
56270.64581 19.93742 0.07605
56270.64713 20.08113 0.06775
56270.64825 19.93751 0.06287
56270.6495 19.98483 0.06865
56270.65082 20.03146 0.07303
56270.65222 19.97759 0.06626
56270.65336 20.0749 0.08239
56270.6545 20.2115 0.07271
56270.65562 20.16989 0.07015
56270.65697 19.97471 0.0649
56270.65832 20.11269 0.07346
56270.65959 20.07664 0.07464
56270.66092 20.04321 0.0666
56270.66217 19.98003 0.0727
56270.66351 20.05914 0.06954
56270.66477 20.065 0.06421
56270.67891 19.95197 0.0833
56270.68008 20.21483 0.07321
56270.68122 20.12139 0.06701
56270.68243 19.96366 0.06045
56270.68382 20.10019 0.0722
56270.68508 19.98423 0.06871
56270.68653 20.07998 0.07282
56270.68784 19.93398 0.06602
56270.68912 19.97038 0.06622
56270.69114 20.05912 0.06591
56270.69232 20.06159 0.06587
56270.69365 19.96253 0.07063
56270.6948 19.99833 0.06275
56270.69617 20.01895 0.06583
56270.69746 19.91752 0.06812
56270.6986 19.98402 0.06172
56270.6999 19.91894 0.06291
56270.70121 20.08995 0.06531
56270.70235 20.11613 0.06919
56270.70349 20.02001 0.074
56270.70482 19.97696 0.06311
56270.70613 20.11278 0.06505
56270.70726 20.06644 0.07023
56270.7086 20.09973 0.07021
56270.70972 20.04895 0.06723
56270.71103 20.17804 0.0753
56270.71235 20.01436 0.07221
56270.71347 20.0762 0.08503
56270.71481 19.92785 0.06253
56270.71608 20.11844 0.07005
56270.71722 20.03748 0.0693
56270.71853 19.88864 0.06953
56270.71967 20.04039 0.069
56270.72098 20.02975 0.07011
56270.72302 20.06986 0.07597
56270.72439 19.92023 0.06951
56270.72553 20.12309 0.06763
56270.72665 20.01273 0.06489
56270.72793 19.98776 0.08089
56270.72927 20.04558 0.07071
56270.73043 19.96058 0.06573
56270.73161 20.0861 0.07154
56270.73292 19.98413 0.07229
56270.73506 20.09013 0.06994
56270.73622 20.03402 0.08497
56270.73753 19.9426 0.06709
56270.73887 19.97291 0.07009
56270.74001 20.02651 0.0665
56270.74126 20.04336 0.06567
56270.7424 19.96524 0.06699
56270.74369 20.13478 0.07139
56270.74498 19.94711 0.0708
56270.74609 20.14835 0.0792
56270.74744 20.07927 0.07274
56270.7486 20.03596 0.07757
56270.74995 20.14775 0.08428
56270.75121 20.04448 0.07501
56270.75241 20.00153 0.07248
56270.75372 20.10736 0.0755
56270.75502 20.0475 0.06739
56270.75706 20.03478 0.08487
56270.75826 20.00051 0.07278
56270.75948 20.03612 0.07748
56270.76078 20.03747 0.07987
56270.76208 20.14863 0.07786
56270.77223 19.96224 0.07578
56270.77464 20.03522 0.0786
56270.77775 20.06117 0.07419
56270.77887 20.18703 0.08012
56270.78012 20.09959 0.07873
56270.78147 20.03295 0.07228
56270.78273 20.02792 0.07629
56270.784 20.06984 0.07727
56270.78526 19.9113 0.07481
56270.78661 20.05961 0.07935
56270.78776 20.09927 0.07557
56270.7891 20.15275 0.08687
56270.79021 19.9239 0.07103
56270.79151 20.07057 0.08309
56270.7928 20.02407 0.07989
56270.79391 20.08211 0.0823
56270.79508 20.1072 0.08017
56270.79619 20.12821 0.08149
56270.7975 19.98609 0.08667
56270.79862 20.01105 0.0816
56270.79991 20.19861 0.08458
56270.80111 20.10752 0.07816
56270.80249 20.13157 0.098
56270.80509 20.00456 0.07902
56270.80715 20.12612 0.08638
56270.80837 20.10722 0.08287
56270.80963 20.14609 0.09051
56271.71236 20.26873 0.13544
56271.74462 20.09872 0.09318
56272.64495 20.2366 0.09186
56272.7082 20.1822 0.09578
56273.60993 20.17855 0.11875
56273.63946 20.07651 0.11616
56281.58737 20.41555 0.13346
56281.61668 20.17764 0.1512
56282.58095 20.20926 0.11484
56282.61036 20.01294 0.10266
56282.62819 19.92268 0.13486
56297.58897 20.04221 0.10975
56297.59019 20.06021 0.08716
56297.5937 19.95831 0.07199
56297.59722 20.12706 0.09036
56297.59904 20.00643 0.09055
56297.60164 19.93205 0.08407
56297.60284 20.22275 0.07908
56297.6053 19.94554 0.08705
56297.61734 20.10967 0.09196
56297.61965 19.94631 0.07111
56297.62198 20.16145 0.08597
56297.62474 20.12118 0.07807
56297.62597 20.08077 0.08009
56297.62818 20.03574 0.08349
56297.63051 19.88624 0.07
56297.63246 20.01746 0.08356
56297.6337 19.91073 0.08166
56297.63597 20.1209 0.08165
56297.63722 19.96155 0.10115
56297.63944 20.04913 0.07918
56297.64162 20.12035 0.08157
56297.64281 19.85204 0.06998
56297.64393 19.97257 0.07117
56297.64612 20.05258 0.07708
56297.64742 19.96389 0.08466
56297.64964 19.96146 0.08257
56297.65084 19.92134 0.07399
56297.65434 19.97637 0.07817
56297.65811 20.09916 0.09145
56297.65988 20.12916 0.08219
56297.66121 20.02463 0.08176
56297.66483 20.24322 0.08295
56297.66714 19.86451 0.08748
56297.67315 19.99511 0.07936
56297.67547 20.07208 0.07756
56297.67675 20.07689 0.08526
56297.67954 20.01066 0.08076
56297.68076 20.11019 0.10177
56297.6819 19.88721 0.08678
56297.68325 20.1956 0.09047
56297.68541 20.10093 0.08577
56297.68786 20.11352 0.08679
56297.69171 20.05366 0.08008
56297.69635 20.03943 0.07956
56297.69767 19.76586 0.08927
56297.70113 20.0546 0.07948
56297.70743 19.85072 0.07739
56297.71084 20.07718 0.08267
56297.71401 20.04781 0.08378
56297.71668 20.14375 0.11046
56297.7179 20.14184 0.09186
56297.72049 20.16173 0.09346
56297.72327 20.07203 0.09168
56297.72448 20.04864 0.08206
56297.72584 20.23837 0.09106
56297.72772 19.97047 0.12044
56297.72894 19.90447 0.08496
56297.74317 20.21297 0.10274
56297.74683 20.01626 0.09775
56297.74996 20.04385 0.08937
56297.75123 20.10952 0.09158
56297.75493 20.15821 0.11575
56297.75709 20.37358 0.09976
56297.7583 20.00734 0.10026
56297.76047 20.05714 0.11664
56297.76167 19.92288 0.10399
56297.76388 20.17129 0.08579
56297.76506 20.07176 0.09687
56297.76834 19.9589 0.09288
56297.77069 20.24845 0.11037
56297.77185 19.99241 0.09816
56297.77383 20.40635 0.12377
56297.79199 19.80531 0.10727
56297.79318 20.3618 0.16067
56297.79645 20.2801 0.13798
56297.79838 20.08102 0.11215
56297.79953 20.01864 0.1119
56297.80077 19.98607 0.14417
56297.80192 20.12646 0.12976
56297.80312 19.88582 0.15486
56297.80437 20.25063 0.12646
56297.80564 20.1411 0.12568
56297.80864 20.07827 0.15965
56298.58895 20.08171 0.11632
56298.59013 20.09545 0.11554
56298.59235 20.394 0.15804
56298.59354 20.03495 0.18021
56298.59724 20.41624 0.14545
56298.60332 20.38377 0.15648
56298.60701 20.24828 0.14127
56298.60823 19.7787 0.15315
56298.61034 20.0671 0.12744
56298.61272 20.4447 0.16006
56298.61595 20.16055 0.09381
56298.61811 20.03075 0.08632
56298.62047 20.14163 0.10769
56298.62171 20.2358 0.13289
56298.62426 20.29274 0.09446
56298.62643 19.91021 0.11883
56298.62762 20.21137 0.14299
56298.63098 20.02877 0.1178
56298.63219 20.00359 0.09169
56298.63473 19.94602 0.10894
56298.63687 20.11808 0.10151
56298.63807 20.02531 0.1391
56298.63935 20.09553 0.12857
56298.64364 20.03745 0.08456
56298.64578 20.2498 0.09157
56298.64695 20.08815 0.14039
56298.6481 20.01311 0.09016
56298.65082 20.16889 0.10004
56298.65294 20.00337 0.09122
56298.65509 19.97271 0.07782
56298.65865 20.12325 0.08156
56298.66081 20.00437 0.08055
56298.66198 19.98927 0.08309
56298.66411 20.1256 0.09095
56298.66639 19.7888 0.08681
56298.6699 20.01489 0.07937
56298.68256 19.99201 0.0955
56298.68492 20.10356 0.09772
56298.68729 20.25113 0.16156
56301.59099 20.14848 0.09239
56302.62153 20.19827 0.12614
56305.59416 19.87053 0.09251
56305.62276 19.95732 0.09293
56308.60019 20.0121 0.11241
56310.60466 20.21026 0.10611
56310.63503 20.15209 0.13139
56311.59823 19.71185 0.12425
56311.62777 20.26997 0.12057
56313.60478 20.02575 0.11228
56313.63593 19.98031 0.10877
56314.61498 20.31429 0.12786
56322.60046 20.10587 0.14982
56322.63022 20.26401 0.13327
56323.59943 19.99813 0.11505
56323.60059 20.01574 0.08617
56323.60172 19.95012 0.11205
56323.60284 20.11004 0.09018
56323.60396 20.07744 0.08315
56323.60508 19.84101 0.07246
56323.60621 19.92835 0.08356
56323.60734 20.08516 0.07928
56323.60846 20.08113 0.08575
56323.60959 19.94158 0.07578
56323.61071 20.07125 0.08234
56323.61183 20.06927 0.07989
56323.61297 20.03619 0.08196
56323.61409 20.04498 0.08506
56323.61521 20.14137 0.09033
56323.61635 20.10574 0.08975
56323.61747 20.02973 0.07728
56323.61859 20.16281 0.08714
56323.61971 19.86679 0.09555
56323.62085 19.91322 0.07976
56323.62197 19.9105 0.07578
56323.62309 20.07072 0.08506
56323.62423 20.1748 0.12134
56323.62535 19.87769 0.10126
56323.62647 19.96564 0.08177
56323.62759 19.99226 0.08197
56323.62872 20.13999 0.09095
56323.62985 20.0358 0.08306
56323.63097 20.04411 0.08815
56323.6321 19.89908 0.10376
56323.63322 19.90973 0.0784
56323.63435 19.91451 0.09124
56323.63549 20.07625 0.08655
56323.63661 19.98467 0.08634
56323.63773 20.1463 0.08716
56323.63887 19.96836 0.08126
56323.63999 20.1287 0.08866
56323.64112 19.81281 0.09467
56323.64225 20.0003 0.08638
56323.64338 19.79222 0.08647
56323.6445 20.0698 0.09465
56323.64563 19.8677 0.07326
56323.64676 20.06432 0.09186
56323.64789 20.12978 0.09006
56323.64902 20.1544 0.10527
56323.65014 20.09904 0.09596
56323.65127 20.03009 0.09506
56323.6524 20.10108 0.09187
56323.65352 19.85128 0.08129
56323.65465 20.13948 0.08986
56323.65577 20.11908 0.08866
56323.65691 20.15618 0.09764
56323.65803 19.9945 0.10195
56323.65917 20.09578 0.09336
56323.66029 20.04409 0.11385
56323.66142 20.07059 0.12094
56323.66255 20.18526 0.12037
56323.66367 20.11623 0.14204
56323.6648 19.93581 0.10625
56323.66594 20.19531 0.10084
56323.66706 20.07376 0.10414
56323.66819 20.33486 0.15895
56323.66932 20.06511 0.10987
56323.67045 20.07891 0.11318
56323.67158 20.13944 0.10865
56323.67271 20.35215 0.12634
56323.67384 20.0865 0.09914
56323.67496 20.42067 0.11996
56323.67613 20.33764 0.11176
56323.67725 20.23578 0.11258
56323.67838 20.06989 0.09699
56323.67951 20.08243 0.12254
56323.68065 19.78753 0.09948
56323.68177 19.9607 0.10727
56323.68402 20.32444 0.12206
56323.68516 19.82695 0.11148
56323.68628 20.17528 0.10798
56323.68742 20.24853 0.10815
56323.68855 20.40658 0.11586
56323.68967 20.0955 0.10737
56323.69081 20.1394 0.09898
56323.69194 19.90662 0.09607
56323.69306 20.21327 0.10297
56323.6942 20.26402 0.13209
56323.69532 19.87167 0.12078
56323.69644 19.96989 0.12618
56323.69758 20.30496 0.121
56323.6987 20.36294 0.14048
56323.69982 19.81563 0.1388
56323.70094 20.40461 0.16618
56323.70208 20.40688 0.13637
56323.70434 20.01874 0.13359
56323.70546 20.19289 0.17719
56323.70887 20.20811 0.17276
56323.7134 20.12819 0.16919
56323.72468 20.24018 0.19649
56324.6344 20.0708 0.0985
56324.67356 20.23029 0.09707
56328.60109 19.89637 0.11806
56328.63041 20.02286 0.08437
56329.6158 20.08051 0.1458
56330.60568 20.17831 0.10337
56330.63442 19.86726 0.10625
56336.60557 20.03336 0.10796
56336.6347 19.97325 0.13536
56337.61678 20.11656 0.09995
56337.646 20.26003 0.11414
56339.61462 20.30541 0.18796
56340.62168 19.86514 0.12309
56340.65261 19.82873 0.15278
56341.63432 19.75636 0.13898
56342.61542 20.3011 0.14461
56342.64414 20.29329 0.2095
56432.97832 19.63376 0.12304
56433.97522 19.61874 0.12107
56434.97306 19.68019 0.12845
56441.9545 20.02191 0.14876
56442.95121 20.09417 0.15748
56443.94843 19.96299 0.1063
56444.94545 19.81127 0.11212
56446.9404 19.93008 0.09178
56446.9746 19.83129 0.13176
56447.93827 19.92621 0.08098
56447.97245 19.88923 0.11537
56448.93551 19.61598 0.06641
56448.97043 19.77918 0.09248
56449.9322 19.67942 0.06958
56449.96744 19.71362 0.06797
56450.93056 19.67089 0.06818
56450.96471 20.04374 0.10027
56451.92757 19.87543 0.08641
56451.96268 19.7956 0.0847
56452.92487 19.98905 0.07607
56452.95905 19.70317 0.06278
56453.9223 19.9833 0.08941
56453.95718 19.66285 0.09776
56454.91904 19.96828 0.08533
56454.9531 19.65343 0.08298
56455.91706 19.68634 0.07579
56455.95123 19.78523 0.06967
56456.91361 19.96089 0.09285
56456.94859 19.77106 0.06818
56457.91086 19.89453 0.08742
56457.9457 19.68072 0.06898
56458.90893 19.73163 0.07369
56458.94334 19.78139 0.06223
56459.90596 19.81511 0.07902
56459.94092 19.78584 0.05958
56460.9034 19.90391 0.07588
56460.93791 19.76344 0.06093
56461.90107 19.78031 0.07788
56461.93811 19.69973 0.06269
56462.89824 20.00301 0.10757
56462.93439 19.7555 0.07686
56463.89576 19.7982 0.12518
56463.93218 19.79298 0.07227
56469.87982 19.70979 0.13805
56469.91685 19.73901 0.0894
56471.87375 20.14494 0.13299
56471.91001 19.68161 0.09926
56473.86804 19.80595 0.15319
56473.90477 19.62368 0.15437
56475.86334 20.02206 0.13769
56475.9008 19.83875 0.12041
56476.86102 20.10605 0.12487
56476.89765 19.7759 0.1357
56477.85777 19.92713 0.13582
56485.83631 19.8676 0.09422
56486.83403 19.73595 0.07341
56486.87106 19.85028 0.07098
56488.83006 19.62507 0.09377
56488.86647 19.8789 0.07869
56489.82698 19.69714 0.08999
56489.86366 19.79425 0.07315
56498.83888 20.04502 0.14558
56502.79167 19.81675 0.08523
56502.82864 19.67612 0.08239
56503.78903 19.66976 0.08509
56503.82769 19.82917 0.0756
56504.82017 19.64432 0.07205
56504.86992 19.81231 0.07251
56504.90811 19.79918 0.07637
56505.81768 20.06961 0.09022
56505.9509 19.91784 0.07149
56505.98842 19.58654 0.07382
56506.89349 19.73323 0.07554
56507.80198 19.85158 0.068
56507.84712 19.79405 0.06458
56507.99891 19.84271 0.0737
56508.90167 19.67455 0.0513
56509.79634 19.66074 0.06418
56509.83877 19.90178 0.06476
56510.8262 19.90453 0.05851
56511.79111 19.80663 0.06718
56511.84089 19.8614 0.06522
56512.78788 19.80618 0.07156
56512.82519 19.81848 0.0629
56513.78624 19.69217 0.06782
56513.82352 19.72374 0.05771
56514.7834 19.79561 0.06604
56514.82081 19.66318 0.05642
56515.78106 19.83496 0.07297
56515.82231 19.73082 0.07047
56516.77774 19.75302 0.06722
56516.81437 19.77521 0.05744
56517.77605 19.72745 0.06708
56517.81715 19.63836 0.05423
56517.97309 19.7974 0.05732
56518.87478 19.75007 0.05888
56518.96686 19.89588 0.05944
56519.00311 19.84857 0.06219
56519.90443 19.73881 0.0506
56519.96504 19.7509 0.05012
56520.00171 19.56511 0.05898
56520.90327 19.78164 0.06017
56520.95521 19.7892 0.05578
56520.99262 19.71802 0.05458
56521.89446 19.73923 0.0587
56521.95772 19.90836 0.06589
56521.99393 19.74995 0.05542
56527.76434 19.789 0.18223
56527.80142 19.95685 0.1954
56528.72198 19.7561 0.13113
56528.81982 20.09863 0.12885
56528.87422 19.96869 0.11608
56529.90241 19.71985 0.11801
56529.93849 19.67301 0.10075
56529.97462 20.15028 0.1243
56532.71221 19.76724 0.07852
56532.85928 19.68157 0.06036
56532.89645 19.69619 0.05933
56533.79895 19.57698 0.05761
56533.93493 19.70976 0.06237
56533.97228 19.8456 0.07555
56537.84525 19.65586 0.05411
56537.9874 19.69166 0.05552
56539.69386 19.82528 0.08348
56539.88447 19.70543 0.05354
56539.9215 19.71246 0.05348
56540.97669 19.84801 0.05811
56541.6883 19.68183 0.09002
56542.96698 19.67175 0.06463
56543.00294 19.75346 0.06397
56543.90463 19.76305 0.06613
56543.97085 19.71631 0.0556
56544.00787 19.71624 0.06668
56546.67441 19.75037 0.07858
56546.75907 19.88264 0.08469
56546.94639 19.70575 0.05718
56547.84788 19.74368 0.05939
56548.0057 19.97139 0.07206
56548.66959 19.88468 0.10476
56548.70582 19.68733 0.09837
56548.74172 19.63737 0.08666
56549.66591 19.82489 0.10246
56549.70273 19.95676 0.08787
56549.73967 19.83786 0.08637
56550.66388 19.66783 0.12337
56550.6994 19.78815 0.12774
56550.73216 19.55112 0.10365
56551.66063 19.63553 0.13387
56551.72202 19.84772 0.12767
56551.75862 19.49724 0.08828
56552.71291 19.73532 0.14258
56552.74635 19.84433 0.11177
56561.66061 19.95609 0.0828
56561.89034 20.08235 0.09492
56561.92356 19.756 0.08047
56562.93459 19.68982 0.07801
56563.02169 19.84846 0.1192
56563.6524 19.6533 0.06937
56563.6893 19.89756 0.08175
56563.77494 19.76508 0.06417
56564.72602 19.64019 0.0669
56564.99301 19.68568 0.06907
56565.02672 19.64758 0.08002
56565.92832 19.61102 0.06099
56565.98151 19.65936 0.08616
56566.01544 19.74855 0.09706
56566.91724 19.72406 0.06477
56566.96287 19.70635 0.06387
56566.99591 19.73544 0.07147
56567.8986 19.70532 0.05702
56567.96702 19.80852 0.05511
56568.00039 19.73248 0.05812
56568.90245 19.78792 0.05527
56568.96343 19.75758 0.06162
56568.99843 19.65802 0.08083
56569.90084 19.70583 0.07959
56569.99803 19.98729 0.08969
56570.03082 19.55721 0.10979
56571.62526 20.06067 0.1423
56571.69052 19.85199 0.10082
56571.72419 20.0104 0.13106
56572.62632 19.68135 0.0923
56572.66032 19.74288 0.06784
56572.69287 19.61923 0.10177
56573.61429 19.8098 0.09016
56573.64765 19.85611 0.07766
56573.77817 19.53737 0.0701
56576.83948 19.68818 0.0596
56577.00541 19.79493 0.0812
56577.60601 19.83759 0.10518
56577.63144 19.74942 0.09237
56577.77306 19.67128 0.08756
56578.67217 20.06797 0.09158
56578.69674 19.94714 0.0814
56578.75347 19.92752 0.08168
56579.73584 19.67989 0.09735
56579.85963 19.86802 0.08787
56579.88516 19.54178 0.08177
56580.7875 19.71915 0.08787
56580.8553 19.95243 0.10089
56580.88022 19.86721 0.10729
56581.78167 19.87479 0.13683
56581.83883 19.69374 0.12718
56581.86464 19.84977 0.11872
56587.62864 19.85891 0.07866
56587.78993 20.1082 0.11573
56587.81475 19.91268 0.12555
56588.71625 19.95391 0.12047
56588.86644 19.88929 0.14178
56589.79481 19.68603 0.08678
56589.81959 19.74105 0.07976
56589.84642 19.96029 0.12165
56590.76387 19.8824 0.06946
56590.8749 19.96461 0.08165
56590.89969 19.86311 0.08078
56591.80204 20.01288 0.12396
56591.86057 19.87562 0.07563
56591.88508 19.96917 0.08244
56592.81972 19.8301 0.06742
56592.91348 19.83848 0.08436
56592.93852 19.65569 0.07938
56596.59731 20.03383 0.08866
56596.81771 19.8266 0.10648
56596.84238 19.83513 0.08149
56597.74425 19.67435 0.08265
56597.82393 19.80072 0.08341
56597.84943 19.79313 0.10978
56598.75163 19.96166 0.07829
56598.82179 19.87343 0.1064
56598.84855 19.9275 0.08461
56599.75014 19.78891 0.06541
56599.79577 19.80603 0.06252
56599.82112 19.94078 0.07629
56600.77441 19.94802 0.07127
56600.8753 19.64226 0.07927
56602.59024 20.16362 0.11139
56602.78065 20.04634 0.10753
56603.68227 19.94842 0.08194
56603.74296 19.78808 0.10172
56603.81581 19.99821 0.08341
56604.73691 19.9946 0.08191
56604.92616 19.72772 0.11732
56605.64733 19.84996 0.07208
56605.67213 19.96646 0.07766
56606.58401 19.82574 0.15796
56606.60932 19.79311 0.11343
56607.82225 20.12352 0.10621
56607.84927 20.096 0.10226
56608.75086 19.86442 0.09708
56608.81398 19.95236 0.117
56608.84048 20.23545 0.15309
56609.8617 20.18585 0.12301
56609.88847 20.29491 0.13122
56621.79766 20.15566 0.12027
56622.58588 20.10996 0.09538
56623.58717 20.03066 0.11133
56624.57999 19.92148 0.08609
56624.60429 19.93569 0.07369
56625.70494 19.95774 0.09303
56625.74386 20.01898 0.07799
56626.64578 20.06383 0.07636
56626.67007 19.98809 0.07257
56628.73144 20.0624 0.08808
56628.76212 20.31785 0.10342
56637.58042 20.32052 0.13211
56637.60549 20.256 0.11927
56639.58002 20.08357 0.13815
56639.60438 19.91947 0.10101
56640.58279 19.98838 0.15444
56640.61699 20.08195 0.1498
56648.58277 19.95194 0.1106
56648.61266 20.19166 0.14828
56649.60387 20.31403 0.10875
56650.58762 19.9157 0.09967
56658.58519 19.78141 0.06501
56658.62914 19.91844 0.06644
56659.58605 19.95546 0.08043
56659.61086 19.82516 0.06869
56660.58569 20.1188 0.08144
56660.61029 19.94642 0.07342
56662.58587 19.95086 0.12278
56662.61038 20.06453 0.12798
56663.59143 20.14694 0.08616
56663.6171 19.86564 0.09907
56664.6104 19.74543 0.12064
56668.58721 20.15436 0.1461
56668.61177 19.62741 0.10879
56669.61423 20.28342 0.11599
56675.5969 19.90337 0.07052
56675.6459 19.98728 0.10224
56676.59181 19.93758 0.09147
56676.61781 19.8535 0.07469
56677.60718 19.99051 0.16121
56678.61458 19.93311 0.07487
56678.64019 19.79452 0.07418
56680.60724 19.69117 0.10278
56683.59693 19.95333 0.08129
56683.63252 19.85383 0.0885
56685.59847 19.84411 0.14806
56685.6471 20.00714 0.1363
56686.63379 19.82453 0.14693
56687.59886 19.75901 0.07457
56687.64144 19.67113 0.08376
56690.60286 20.08277 0.16148
56690.64549 20.14696 0.11922
56697.60505 20.11272 0.14127
56699.60928 19.90408 0.13466
56816.96412 19.99199 0.11627
56816.97531 19.92611 0.15896
56818.96227 20.16028 0.10444
56818.97512 20.06777 0.14724
56819.96647 20.36699 0.16646
56824.97573 20.12537 0.20524
56826.96127 20.40237 0.16725
56826.97472 19.97463 0.1432
56828.9654 20.18052 0.13334
56828.97804 20.6138 0.17785
56829.96383 20.28392 0.10067
56829.97653 19.98042 0.11361
56830.96102 20.11275 0.12454
56830.97338 20.34029 0.10936
56831.96161 20.24286 0.08827
56831.97427 20.25673 0.09345
56833.96568 20.37306 0.09008
56833.97644 20.0998 0.12547
56835.96569 20.05359 0.08423
56836.96625 20.28839 0.08372
56836.97711 20.23939 0.10442
56837.96638 20.09774 0.09557
56837.98211 20.37891 0.17486
56838.96389 20.23574 0.07674
56838.9786 20.20345 0.1116
56839.96511 20.41973 0.09038
56839.97834 20.52869 0.11679
56840.96951 20.22201 0.09347
56840.98137 20.51404 0.21539
56841.96857 20.23728 0.09147
56841.98075 20.39289 0.12121
56844.96636 20.2154 0.08662
56844.97887 20.14676 0.09904
56845.96726 20.42659 0.08497
56845.98002 20.2998 0.09287
56846.96666 20.21239 0.09608
56846.98115 20.3649 0.0941
56847.96648 20.28045 0.0767
56847.98151 20.42023 0.09469
56848.96743 20.38235 0.0895
56848.98312 20.41867 0.10369
56849.96813 20.71403 0.16499
56851.97048 20.43661 0.15285
56854.96165 20.4452 0.11858
56854.98771 20.31591 0.17988
56855.96071 20.4552 0.11556
56855.98393 20.5516 0.17304
56858.96243 20.48031 0.10513
56858.98507 20.40172 0.11005
56859.96515 20.20124 0.09739
56859.98697 20.50014 0.10769
56861.96231 20.34565 0.08635
56861.98508 20.34697 0.1068
56862.9659 20.33758 0.08509
56862.98227 20.53401 0.09779
56863.94981 20.37405 0.09031
56864.94576 20.38466 0.11171
56864.96947 20.57019 0.12971
56865.92975 20.16648 0.08114
56865.96089 20.55611 0.09213
56867.98799 20.30172 0.08814
56868.96536 20.61641 0.08662
56868.98567 20.49922 0.0988
56869.96092 20.50639 0.09623
56869.98231 20.36223 0.0769
56870.96467 20.5198 0.08164
56870.98635 20.39301 0.07801
56874.97428 20.45367 0.08549
56874.99622 20.22711 0.09553
56875.98151 20.07979 0.10922
56875.99752 20.54487 0.10847
56876.91773 20.40444 0.08721
56876.94717 20.31198 0.07491
56877.9745 20.42181 0.09098
56877.9957 20.59825 0.09417
56878.00741 20.68679 0.14427
56878.9086 20.56871 0.17887
56878.93847 20.75719 0.22686
56879.92838 20.36513 0.18837
56883.9421 20.8069 0.16748
56884.99956 20.26117 0.14196
56885.96448 20.4337 0.12066
56885.98159 20.49597 0.11497
56886.91453 20.36785 0.09339
56886.94264 20.44475 0.14166
56887.91623 20.4242 0.0941
56887.94902 20.42608 0.1224
56888.86519 20.53921 0.08147
56888.89905 20.38415 0.10267
56888.91008 20.48287 0.08928
56888.94196 20.2398 0.087
56890.94091 20.39361 0.0828
56890.97479 20.37989 0.09536
56895.83087 20.48898 0.11015
56895.86667 20.34777 0.10412
56972.71463 20.98839 0.15194
56972.73749 20.97156 0.14564
56980.83416 21.21465 0.21383
56981.71538 20.76552 0.13164
56981.77818 20.89375 0.16774
56987.70535 20.49087 0.14375
56988.66321 20.90594 0.18936
56990.59847 20.68168 0.16774
56990.66232 20.693 0.16944
57001.60725 20.6509 0.16123
57001.63454 20.60365 0.14405
57011.62365 20.80249 0.13017
57011.65019 20.83261 0.13895
57014.60229 21.09081 0.19974
57014.62433 20.81126 0.13876
57015.6199 21.17379 0.20283
57018.60146 21.07625 0.19785
57019.59637 20.92228 0.24424
57030.59868 20.92096 0.1332
57039.60447 20.728 0.17014
57040.60372 21.06129 0.15096
57041.64649 20.84857 0.14964
57042.64647 20.82679 0.14996
57043.60053 21.01928 0.14454
57047.65361 21.24021 0.17365
57059.60766 20.81313 0.13938
57059.61723 21.15878 0.15517
57063.60738 20.80956 0.15604
57063.61933 20.83459 0.15456
57064.61072 20.72083 0.17226
57180.95646 20.35359 0.15885
57187.96362 20.26827 0.13421
57188.93765 20.27251 0.11534
57188.96808 20.29688 0.12671
57189.95594 20.27304 0.12412
57191.9217 20.33626 0.12467
57191.95614 20.49728 0.1162
57193.96862 20.6186 0.14843
57194.97431 20.41857 0.13069
57195.94595 20.68571 0.17237
57197.91796 20.40139 0.14006
57197.96971 20.29503 0.16983
57198.93165 20.36167 0.10164
57198.96479 20.30658 0.11333
57199.9472 20.32702 0.17201
57207.95261 20.11054 0.17797
57207.98422 20.48546 0.15711
57208.94607 20.4872 0.15797
57209.97959 20.16812 0.15185
57210.9363 20.30072 0.16767
57210.97519 20.08494 0.12989
57211.94997 20.12417 0.11687
57211.98409 20.16421 0.12462
57214.96163 20.2788 0.10306
57216.93262 20.36334 0.09949
57216.97994 20.60005 0.11699
57218.92712 20.25117 0.09342
57218.977 20.17327 0.09928
57219.94247 20.17813 0.08275
57219.97077 20.34735 0.07847
57220.92305 20.38488 0.08343
57220.98129 20.53985 0.10631
57225.95176 20.29008 0.07327
57226.95332 20.1018 0.07973
57227.93417 20.27744 0.07882
57227.97035 20.40964 0.0953
57231.91879 20.16013 0.10859
57231.96902 20.33593 0.083
57232.8829 20.24387 0.12259
57232.9489 20.42515 0.09791
57237.93379 20.23602 0.14389
57237.98326 20.19406 0.14935
57238.91268 20.26905 0.12166
57238.96563 20.18765 0.10009
57239.93796 20.11146 0.09566
57239.98313 20.18851 0.13745
57240.95317 20.25897 0.10346
57241.93368 20.48178 0.10068
57242.93933 20.2278 0.09305
57242.98523 20.24236 0.07834
57244.91131 20.31669 0.0978
57244.96611 20.21896 0.07941
57245.87591 20.01699 0.06899
57245.91376 20.29729 0.07498
57246.89995 20.30065 0.09574
57246.93423 20.22435 0.09518
57247.92574 20.02159 0.06795
57247.95614 20.20888 0.07377
57248.84393 20.15193 0.07982
57248.8782 20.17528 0.0826
57249.88436 20.11382 0.07827
57249.9163 20.26891 0.09174
57250.88236 20.16397 0.07901
57250.92114 20.15883 0.08508
57251.8693 20.30038 0.07543
57251.91419 20.07436 0.09382
57267.93864 20.41052 0.17352
57267.9816 20.11161 0.12133
57554.97044 20.54255 0.13675
57555.93989 20.46125 0.13848
57555.96363 20.43036 0.13237
57565.94418 20.43202 0.18642
57567.951 20.41019 0.1346
57567.97572 20.54162 0.19913
57568.92119 20.47038 0.15014
57569.92685 20.35065 0.10286
57570.93954 20.51242 0.14869
57571.91515 20.49366 0.12579
57571.96845 20.64374 0.13698
57572.94 20.72375 0.16893
57574.96997 20.39897 0.12863
57575.96076 20.60153 0.13202
57576.95096 20.37766 0.13126
57577.97714 20.73727 0.16551
57578.9597 20.81919 0.12693
57579.93833 20.6786 0.11326
57579.96636 20.90001 0.1304
57580.94991 20.67577 0.11952
57580.97641 20.58464 0.11446
57581.93908 20.20403 0.12333
57581.96061 20.4489 0.11537
57583.93612 20.8089 0.13505
57583.97225 20.72042 0.11917
57584.92871 20.5212 0.10279
57584.97404 20.89913 0.17155
57585.92275 20.82424 0.15018
57585.96134 20.45059 0.12982
57596.95384 20.78314 0.14955
57596.98786 20.48483 0.14336
57597.93735 20.53808 0.14407
57598.9281 20.80351 0.21919
57599.94579 20.51707 0.15273
57600.96483 20.36834 0.15186
57601.9531 20.54036 0.15214
57601.99102 20.71907 0.19711
57602.95616 20.6357 0.15384
57602.99208 20.60976 0.15726
57603.95654 20.43745 0.13864
57604.96148 20.54996 0.14078
57604.99535 21.02523 0.20626
57605.93926 20.47536 0.11536
57605.97693 20.95901 0.14916
57606.94732 20.56385 0.13745
57607.92659 20.84391 0.19623
57608.92515 20.67062 0.17258
57608.96585 20.6295 0.13849
57610.92695 20.90988 0.17574
57612.88937 20.62826 0.14346
57612.93148 20.93929 0.14805
57613.90353 20.68871 0.15585
57614.96436 20.9437 0.12056
57614.99496 20.98554 0.18485
57615.95637 20.77945 0.21813
