#mjd mag magerr
55061.92501 20.52821 0.13219
55061.95573 20.47797 0.11472
55063.91987 20.3031 0.12005
55063.9639 20.5498 0.13716
55064.92128 20.08285 0.12792
55064.9656 20.37475 0.11561
55066.91014 20.15303 0.12581
55066.95474 20.36477 0.10864
55069.90324 20.11031 0.12167
55069.94786 20.09692 0.11413
55084.86328 20.36228 0.20744
55087.85609 20.49702 0.15118
55087.90101 20.19584 0.12004
55088.96983 20.20363 0.1152
55089.01521 20.30577 0.12161
55089.94574 20.19968 0.11497
55089.99042 20.20881 0.10924
55093.88196 20.28422 0.1191
55096.8292 19.98816 0.1027
55097.00858 20.25314 0.14689
55104.99862 20.41385 0.13248
55114.88125 20.3258 0.10874
55119.89538 20.41938 0.12763
55119.95365 20.55962 0.13243
55123.75696 19.96504 0.11409
55123.81523 20.13066 0.1067
55126.97957 20.31924 0.14352
55127.83329 19.9415 0.12242
55127.87706 20.25951 0.1323
55142.7036 19.96236 0.10452
55142.75219 19.92254 0.12911
55144.77886 19.97969 0.1129
55144.82305 20.2688 0.12179
55151.72943 20.06455 0.11728
55151.77257 20.04807 0.12057
55168.63378 20.16414 0.1517
55168.6775 20.06874 0.18091
55175.61224 19.78072 0.07984
55175.65684 19.98164 0.07934
55181.59421 20.15684 0.20257
55181.63825 20.11767 0.12532
55183.59204 20.38106 0.13917
55183.64253 20.02976 0.09997
55189.58054 20.10823 0.12923
55189.62557 20.23734 0.15329
55199.58559 19.82596 0.10997
55202.58667 19.95801 0.13781
55203.71441 20.18846 0.11309
55203.75743 19.81378 0.11762
55207.63092 19.73481 0.10794
55207.67514 19.82792 0.09304
55209.5968 19.89777 0.07915
55209.64149 19.79103 0.07992
55213.63312 19.81418 0.10799
55377.85123 19.91718 0.18759
55377.89535 19.35918 0.11943
55379.8591 19.69531 0.10312
55379.92482 19.56063 0.10781
55380.87684 19.51238 0.10341
55380.92078 19.63425 0.12396
55381.89606 19.61278 0.09993
55381.93934 19.63554 0.09748
55384.82671 19.48504 0.07482
55384.87028 19.7225 0.07648
55385.87021 19.55225 0.06943
55385.91339 19.7417 0.08004
55386.86524 19.78414 0.07598
55386.90867 19.61775 0.0697
55387.87002 19.55615 0.07825
55387.91342 19.65719 0.06892
55388.86609 19.71446 0.08978
55388.91005 19.61404 0.07288
55390.80957 19.8647 0.1065
55390.85393 19.41496 0.08264
55391.80613 19.56101 0.09733
55391.87538 19.54914 0.0842
55392.83258 19.6562 0.08506
55392.87538 19.68586 0.09494
55394.79908 19.71052 0.08803
55394.8431 19.67015 0.08561
55395.79551 19.68115 0.10375
55395.84215 19.62091 0.07773
55396.79527 19.61485 0.10042
55396.83932 19.57465 0.07515
55397.79163 19.46855 0.11332
55397.83526 19.72708 0.08155
55398.78764 19.66618 0.16378
55398.83124 19.50885 0.09703
55399.78802 19.85925 0.13053
55399.83261 19.82631 0.1119
55400.78534 19.6208 0.13712
55400.8289 19.64389 0.13972
55401.78133 19.75342 0.16766
55401.82518 19.72821 0.11858
55403.81973 19.93637 0.15067
55404.77424 19.7291 0.18902
55404.84266 19.91271 0.12773
55405.8416 19.90773 0.1717
55407.7691 19.42498 0.17162
55407.83003 19.62109 0.15507
55411.79896 19.81788 0.10845
55412.75232 19.57244 0.1181
55412.79539 19.7175 0.11504
55413.75577 19.36223 0.14471
55413.79945 19.45838 0.1177
55414.75161 19.6359 0.16703
55415.75266 19.93524 0.14473
55415.79727 19.77082 0.20383
55416.75096 19.83345 0.13852
55416.79342 19.53853 0.12785
55417.75979 19.65215 0.16619
55417.84511 19.72962 0.1187
55418.79843 19.55448 0.10219
55418.84121 19.55223 0.10851
55419.75121 19.71334 0.19907
55419.79504 19.68331 0.11917
55420.78929 19.32535 0.17459
55420.83264 19.82564 0.11411
55421.73664 19.40923 0.07633
55421.79901 19.71228 0.07092
55422.75115 19.56739 0.08672
55422.79487 19.609 0.07552
55423.74742 19.74143 0.08373
55423.79284 19.50507 0.06991
55424.75349 19.54672 0.08355
55424.80178 19.43571 0.07173
55425.76166 19.4057 0.10794
55425.80573 19.62076 0.06859
55426.80123 19.31182 0.08921
55426.8444 19.69777 0.06876
55427.79708 19.65666 0.08722
55427.8408 19.57473 0.06318
55428.79281 19.65165 0.0895
55428.83703 19.72204 0.08501
55429.8142 19.54825 0.10321
55429.85716 19.51903 0.09352
55430.75769 19.81504 0.12611
55430.80485 19.72828 0.08987
55431.75639 19.47756 0.09938
55431.80024 19.52826 0.09402
55432.73907 19.80994 0.14293
55432.78359 19.69617 0.15598
55433.7493 19.79632 0.16652
55434.69401 19.25194 0.16483
55434.73769 19.88882 0.14281
55435.69148 19.673 0.18586
55436.88575 19.57018 0.11901
55436.88891 19.96861 0.12112
55436.8919 19.31358 0.13062
55436.89501 19.83913 0.11583
55436.89797 19.59737 0.1176
55436.90109 19.59881 0.11623
55436.9042 19.60015 0.11032
55436.90728 19.67227 0.1592
55436.91041 19.5515 0.13692
55436.91351 19.82066 0.12781
55436.91641 19.31515 0.11698
55436.91931 19.51352 0.13041
55436.92221 19.74776 0.15542
55436.92514 19.49856 0.13758
55436.92806 19.49032 0.1426
55436.93096 19.85971 0.1063
55436.93413 19.7583 0.1496
55436.93703 19.87809 0.167
55436.93974 19.74939 0.12761
55436.94297 19.58726 0.14439
55436.94613 19.40805 0.11362
55436.94915 19.63736 0.11463
55436.95231 19.90699 0.1156
55436.9553 19.71254 0.14568
55436.95826 19.46615 0.1279
55436.96116 19.46523 0.09303
55436.96403 19.9052 0.14699
55436.96671 19.59222 0.12578
55438.88857 19.80152 0.10559
55438.89169 19.77808 0.11131
55438.89485 19.7666 0.13549
55438.89798 19.4449 0.10276
55438.90086 19.60877 0.10086
55438.90371 19.72426 0.09714
55438.9065 19.77067 0.09914
55438.90927 19.63815 0.13067
55438.91204 19.73967 0.11032
55438.91487 19.66487 0.09568
55438.91763 19.77869 0.09591
55438.92084 19.59997 0.11142
55438.92394 19.6808 0.11341
55438.92672 19.57004 0.10322
55438.92954 19.65936 0.11533
55438.93259 19.38304 0.12433
55438.93551 19.7502 0.11293
55438.93833 19.70642 0.10585
55438.94106 19.69938 0.12143
55438.94411 19.66975 0.10207
55438.94678 19.70655 0.11132
55438.95017 19.61588 0.09988
55438.95913 19.52857 0.09953
55438.96141 19.84072 0.11622
55440.87507 19.45678 0.09372
55440.87823 19.77544 0.0703
55440.88428 19.69929 0.08496
55440.88675 19.49685 0.08161
55440.8894 19.72388 0.07614
55440.89205 19.30584 0.07104
55440.89518 19.67839 0.07732
55440.89832 19.65872 0.08032
55440.90145 19.68095 0.08013
55440.90439 19.83496 0.08059
55440.90729 19.60092 0.09173
55440.91025 19.68225 0.07486
55440.91316 19.71356 0.08422
55440.91591 19.69775 0.08272
55440.9187 19.52322 0.07253
55440.92149 19.60872 0.07491
55440.92426 19.6356 0.07536
55440.93095 19.87271 0.08812
55440.93364 19.60032 0.08745
55440.93623 19.62662 0.0761
55440.9395 19.61706 0.08371
55440.94264 19.54181 0.08749
55440.94582 19.8437 0.08791
55440.94883 19.5932 0.07993
55440.95182 19.64942 0.09498
55440.95489 19.55114 0.07482
55440.95791 19.47548 0.07325
55441.87301 19.57237 0.06782
55441.87592 19.57561 0.06737
55441.88645 19.56286 0.06672
55441.88962 19.65788 0.06614
55441.89254 19.62337 0.06634
55441.89542 19.57189 0.06155
55441.89828 19.69427 0.07048
55441.90107 19.66949 0.0848
55441.9037 19.63722 0.06539
55441.90634 19.6531 0.06931
55441.90906 19.64683 0.06612
55441.9118 19.48777 0.06849
55441.91445 19.79617 0.07316
55441.91722 19.75101 0.06489
55441.91981 19.6556 0.07443
55441.92242 19.63752 0.07995
55441.92546 19.60671 0.06443
55441.9281 19.70622 0.07266
55441.93183 19.77575 0.07718
55441.93458 19.46753 0.07617
55441.93727 19.60318 0.06787
55441.94048 19.73824 0.07188
55441.94326 19.62677 0.06634
55441.94546 19.43859 0.06865
55441.94852 19.50003 0.07088
55441.95194 19.59407 0.06105
55441.95469 19.44121 0.06155
55441.95786 19.6744 0.06591
55441.96081 19.70566 0.06778
55441.96392 19.59195 0.07418
55441.96715 19.75067 0.06767
55441.97012 19.60877 0.0713
55441.97294 19.55514 0.07383
55441.97532 19.76412 0.06971
55441.97757 19.63737 0.0805
55441.9798 19.65778 0.06943
55441.9835 19.57316 0.06311
55441.9863 19.56672 0.06431
55441.98852 19.61111 0.0763
55441.99078 19.5405 0.07666
55441.99382 19.55909 0.06998
55442.00593 19.47676 0.06868
55442.00906 19.71758 0.07904
55442.01216 19.58088 0.09562
55442.01486 19.94613 0.08666
55442.01753 19.79979 0.10428
55442.02001 19.4981 0.12585
55442.70382 19.68332 0.07668
55442.70734 19.54258 0.08568
55442.71097 19.58021 0.06874
55442.71448 19.5693 0.08116
55442.71808 19.57123 0.07033
55442.72168 19.62345 0.06994
55442.72527 19.48436 0.06637
55442.73272 19.38303 0.07695
55442.74184 19.41769 0.06499
55442.74882 19.46146 0.06425
55442.75572 19.54253 0.06106
55442.76147 19.73207 0.06664
55442.76615 19.45606 0.06481
55442.77616 19.55463 0.06625
55442.78135 19.58568 0.0674
55442.78615 19.75391 0.0682
55442.79145 19.53319 0.06077
55442.79615 19.54687 0.06065
55442.80186 19.69443 0.07116
55442.8093 19.65439 0.07234
55442.81443 19.62881 0.06303
55442.81939 19.72628 0.05976
55442.82447 19.49358 0.05979
55442.8293 19.6327 0.06007
55442.83541 19.54466 0.05896
55442.84012 19.59497 0.06108
55442.84597 19.49953 0.06717
55442.85112 19.48572 0.06368
55442.85657 19.67818 0.06267
55442.86387 19.51392 0.05799
55442.87002 19.70878 0.0651
55442.87503 19.61559 0.0632
55442.88048 19.48479 0.06428
55442.88617 19.51628 0.07047
55442.89221 19.56714 0.06228
55442.89785 19.53922 0.06161
55442.90297 19.70625 0.06261
55442.90871 19.60255 0.05978
55442.91368 19.54324 0.05822
55442.91875 19.48014 0.07827
55442.92384 19.72171 0.07137
55442.93037 19.61808 0.073
55442.93642 19.6785 0.06231
55442.94588 19.82985 0.0764
55442.95166 19.71017 0.06249
55442.95754 19.61279 0.06711
55442.96246 19.58062 0.08094
55442.96833 19.63153 0.06703
55442.97317 19.59899 0.06008
55442.97782 19.68443 0.06524
55442.98206 19.56061 0.06308
55442.9872 19.66933 0.06727
55442.99348 19.56149 0.06541
55442.99858 19.68687 0.06951
55443.00329 19.61094 0.06665
55443.01002 19.50687 0.07116
55443.01702 19.60083 0.07736
55443.02387 19.53034 0.1399
55443.68488 19.87512 0.09543
55443.69287 19.56482 0.0815
55443.70415 19.68859 0.08642
55443.71028 19.60416 0.08112
55443.71632 19.62455 0.09711
55443.72231 19.49905 0.07662
55443.72832 19.28513 0.06918
55443.736 19.68664 0.07473
55443.74306 19.53217 0.06204
55443.74812 19.5748 0.06498
55443.75372 19.5046 0.07794
55443.75946 19.60219 0.06572
55443.76526 19.61338 0.07185
55443.77007 19.53593 0.07599
55443.78027 19.56879 0.06764
55443.78539 19.51785 0.07514
55443.79156 19.54269 0.06518
55443.79717 19.59507 0.07261
55443.80302 19.73373 0.07455
55443.80895 19.55247 0.07163
55443.81493 19.73845 0.08123
55443.8204 19.64493 0.07202
55443.82634 19.45214 0.06482
55443.83239 19.634 0.06629
55443.83783 19.56306 0.06117
55443.84415 19.63931 0.06843
55443.84958 19.58551 0.06844
55443.85553 19.72066 0.06781
55443.86252 19.56988 0.07063
55443.87576 19.64829 0.08043
55443.88141 19.67746 0.06249
55443.88892 19.55465 0.07576
55443.89412 19.58338 0.07156
55443.90077 19.58791 0.07803
55443.90658 19.52463 0.06476
55443.91235 19.52101 0.07301
55443.91779 19.66838 0.06985
55443.92403 19.48251 0.06922
55443.92967 19.54631 0.0768
55443.93496 19.60697 0.06724
55443.94073 19.48624 0.06333
55443.94779 19.6109 0.06864
55443.95355 19.59459 0.07321
55443.95925 19.49046 0.07214
55443.9693 19.59562 0.06434
55443.97555 19.53575 0.06973
55443.98144 19.48212 0.06705
55443.98725 19.82274 0.09244
55443.99456 19.63946 0.06952
55444.00093 19.6912 0.08052
55444.0061 19.59669 0.08512
55444.01187 19.72352 0.08253
55444.0175 19.59484 0.08727
55444.02231 19.77993 0.11884
55444.67221 19.55359 0.10139
55444.67727 19.80077 0.10531
55444.68199 19.5623 0.13677
55444.68857 19.59549 0.10817
55444.69526 19.51217 0.09365
55444.70198 19.53759 0.07989
55444.7091 19.45656 0.08109
55444.71487 19.66458 0.09248
55444.72103 19.75006 0.08655
55444.72796 19.64158 0.081
55444.74094 19.51002 0.07272
55444.74655 19.79823 0.08028
55444.75167 19.58903 0.07885
55444.75678 19.51738 0.06674
55444.76225 19.68451 0.06724
55444.7673 19.7871 0.07084
55444.77353 19.5882 0.06558
55444.77876 19.55068 0.08105
55444.78368 19.6763 0.0696
55444.79848 19.51313 0.06649
55444.80403 19.73939 0.07576
55444.81599 19.65661 0.0662
55444.8213 19.50855 0.0724
55444.83332 19.50706 0.0612
55444.83854 19.53047 0.0648
55444.84549 19.51204 0.06583
55444.85161 19.59648 0.06444
55444.85679 19.6997 0.0657
55444.86267 19.43344 0.07092
55444.86777 19.7411 0.0858
55444.87321 19.56626 0.06573
55444.87872 19.57502 0.06819
55444.88467 19.56609 0.07803
55444.89016 19.68418 0.07194
55444.89581 19.66183 0.08322
55444.90153 19.37627 0.06925
55444.90845 19.60133 0.07676
55444.91349 19.50213 0.06831
55444.92279 19.56342 0.06392
55444.93139 19.67844 0.07096
55444.94041 19.61972 0.0654
55444.94568 19.50216 0.06768
55444.951 19.76413 0.07582
55444.95724 19.67912 0.07264
55444.96289 19.4431 0.07416
55444.96923 19.5965 0.06161
55444.97411 19.61838 0.06942
55444.98062 19.73926 0.07198
55444.98915 19.56985 0.06994
55444.99553 19.78131 0.07244
55445.00157 19.62959 0.07117
55445.00779 19.54306 0.08068
55445.01282 19.48854 0.07072
55445.01777 19.60737 0.08616
55445.02227 19.55808 0.10407
55445.66261 19.66028 0.1141
55445.66749 19.6738 0.10257
55445.67244 19.67909 0.10702
55445.67731 19.57748 0.09634
55445.68422 19.58501 0.07833
55445.6905 19.64013 0.07491
55445.69681 19.67604 0.07892
55445.70294 19.60143 0.0692
55445.70921 19.53969 0.07635
55445.71534 19.53643 0.0764
55445.72141 19.77452 0.09681
55445.72791 19.62289 0.08085
55445.73457 19.5285 0.08454
55445.74013 19.72392 0.07586
55445.7456 19.67561 0.07487
55445.75096 19.49052 0.06792
55445.75643 19.71859 0.07706
55445.76191 19.7415 0.07466
55445.76784 19.70634 0.07217
55445.7737 19.62008 0.08151
55445.779 19.67478 0.06874
55445.78479 19.76712 0.06729
55445.79025 19.65738 0.06385
55445.79613 19.62773 0.06348
55445.81095 19.6286 0.06131
55445.81845 19.54955 0.0607
55445.82455 19.60666 0.06823
55445.83024 19.76776 0.06505
55445.84021 19.6161 0.07917
55445.84549 19.61079 0.06337
55445.85174 19.71757 0.06456
55445.85762 19.51093 0.06011
55445.8636 19.53805 0.05787
55445.86963 19.65302 0.06439
55445.87567 19.58875 0.06172
55445.88207 19.65793 0.06381
55445.88844 19.53027 0.06332
55445.89432 19.66324 0.06682
55445.89983 19.68099 0.06224
55445.90668 19.37395 0.06804
55445.91299 19.58301 0.06781
55445.91722 19.81642 0.07307
55445.92351 19.6033 0.06117
55445.92915 19.59838 0.06615
55445.93496 19.66316 0.06372
55445.94048 19.63338 0.06438
55445.95216 19.66679 0.06649
55445.95886 19.71574 0.06504
55445.97191 19.68328 0.0631
55445.97872 19.6247 0.06517
55445.98437 19.70433 0.06319
55445.98972 19.54857 0.07129
55445.99581 19.67989 0.06149
55446.00245 19.64312 0.06463
55446.00827 19.66857 0.06848
55446.01324 19.6384 0.06575
55446.01787 19.66681 0.10261
55446.0233 19.55013 0.13885
55446.66046 19.77386 0.09816
55446.66501 19.7204 0.11533
55446.67089 19.74561 0.1071
55446.67601 19.5781 0.08277
55446.6814 19.70896 0.0875
55446.68915 19.58601 0.07326
55446.70044 19.67364 0.07918
55446.70781 19.62524 0.07872
55446.71375 19.34306 0.08404
55446.71998 19.62539 0.07813
55446.7269 19.59351 0.07116
55446.73768 19.47063 0.07738
55446.74263 19.76129 0.07403
55446.74841 19.75146 0.07116
55446.75986 19.72204 0.06881
55446.76487 19.64611 0.06893
55446.77004 19.59156 0.06588
55446.77518 19.70691 0.06897
55446.78018 19.39962 0.05922
55446.78654 19.60519 0.06513
55446.79243 19.81402 0.06934
55446.79818 19.70761 0.0692
55446.80822 19.58247 0.06073
55446.81336 19.73331 0.06925
55446.81934 19.50643 0.06419
55446.82569 19.68875 0.06591
55446.83186 19.69834 0.06481
55446.83803 19.73345 0.07103
55446.84316 19.4205 0.06476
55446.84946 19.66753 0.07203
55446.85529 19.63288 0.07841
55446.86132 19.76728 0.08303
55446.87321 19.58713 0.05811
55446.87945 19.69777 0.06686
55446.88583 19.61548 0.06534
55446.89176 19.63667 0.06499
55446.89901 19.64547 0.07116
55446.90569 19.59064 0.0788
55446.91293 19.64565 0.06617
55446.91958 19.45915 0.05777
55446.92538 19.55914 0.06594
55446.93113 19.62658 0.06537
55446.93686 19.65691 0.06808
55446.94237 19.55323 0.06993
55446.94842 19.6894 0.06772
55446.95451 19.51879 0.05867
55446.96034 19.63204 0.07669
55446.96641 19.77369 0.0691
55446.97287 19.75601 0.06777
55446.97827 19.61747 0.06713
55446.98464 19.65368 0.06343
55446.99026 19.67745 0.06549
55446.99646 19.50108 0.05879
55447.00329 19.65076 0.06565
55447.02248 19.63647 0.0908
55448.00377 19.55005 0.06065
55448.65527 19.66203 0.12754
55448.70146 19.65892 0.10234
55449.82958 19.65532 0.06785
55449.87259 19.6361 0.06625
55450.82585 19.80401 0.07486
55450.86998 19.62419 0.06272
55451.65338 19.95273 0.12459
55451.70095 19.63267 0.07366
55452.64792 19.72139 0.09714
55452.69243 19.6914 0.07888
55453.64519 19.81216 0.12259
55453.6895 19.59419 0.09542
55454.64058 19.49171 0.09751
55454.68793 19.73222 0.09987
55455.63923 19.87258 0.11871
55455.7154 19.89709 0.1012
55456.63346 19.4239 0.11084
55456.67702 19.89027 0.11061
55457.6732 19.92935 0.10255
55458.66069 19.60607 0.10413
55458.7057 19.92161 0.1088
55459.69034 19.95351 0.15841
55460.63624 19.60736 0.16169
55460.72453 19.60935 0.10993
55461.62523 19.75838 0.20218
55461.67649 19.71687 0.14938
55462.76573 19.64782 0.16839
55462.80848 19.58537 0.17276
55463.71104 19.71072 0.16529
55466.61784 19.5694 0.11733
55466.61959 19.69652 0.09789
55466.62134 19.58068 0.11068
55466.6231 19.74478 0.10361
55466.62486 19.77968 0.09567
55466.62661 19.7762 0.08954
55466.62943 19.72913 0.09702
55466.63143 19.2482 0.09455
55466.63348 19.72412 0.09394
55466.67604 19.67503 0.11884
55467.62749 19.61906 0.09144
55468.7394 19.63813 0.08527
55468.78277 19.68888 0.09223
55469.73472 19.59441 0.14081
55470.82246 19.7592 0.08476
55471.77466 19.66194 0.07278
55471.82993 19.55812 0.11495
55472.62548 19.65476 0.08324
55472.66936 19.60925 0.07177
55473.62096 19.67963 0.12258
55477.66775 19.79097 0.08341
55477.71276 19.78372 0.08032
55478.62384 19.63572 0.09784
55478.66775 19.6057 0.0977
55479.61565 19.73503 0.09421
55479.65968 19.68837 0.0952
55480.61506 19.72132 0.10451
55480.65805 19.83711 0.08673
55481.61182 19.66742 0.08183
55481.69382 19.6831 0.06769
55482.61769 19.60982 0.11101
55482.66188 19.77868 0.07347
55482.67843 19.72034 0.07658
55483.66512 19.60483 0.08414
55484.66377 19.76044 0.10074
55484.70695 19.77337 0.0965
55485.61939 19.80734 0.09275
55485.66329 19.5921 0.07939
55486.61418 19.7892 0.12268
55486.658 19.58246 0.17259
55497.84041 19.48077 0.10468
55497.89223 19.51423 0.1133
55498.71756 19.77477 0.08197
55498.79 19.74065 0.09842
55499.59404 19.62938 0.08414
55499.63881 19.71388 0.07838
55501.66259 19.44304 0.10004
55501.75706 19.57452 0.07676
55502.72145 19.58403 0.10218
55502.82148 19.44758 0.08296
55503.77762 19.69471 0.09507
55503.8732 19.49651 0.08128
55504.82418 19.69763 0.08322
55504.91868 19.58004 0.09333
55506.68972 19.65251 0.08955
55506.73387 19.6555 0.06935
55507.81368 19.5442 0.07969
55507.89267 19.68513 0.09242
55513.658 19.88826 0.09669
55513.7418 19.49425 0.08319
55514.69377 19.68314 0.07968
55514.73749 19.77015 0.09771
55515.69951 19.67483 0.0999
55515.74236 19.41414 0.1027
55516.71654 19.85742 0.13008
55517.61497 19.62764 0.10123
55517.6584 19.52769 0.10079
55518.61481 19.64078 0.10763
55518.6578 19.60285 0.1349
55527.74242 20.00544 0.1069
55530.70615 19.98221 0.10624
55530.75072 19.69876 0.11831
55531.77418 19.78565 0.10279
55531.81743 19.98915 0.14901
55532.78408 19.68996 0.0736
55532.82836 19.68907 0.08742
55535.68432 19.48289 0.07075
55537.58157 19.50279 0.11143
55537.62557 19.5374 0.08933
55538.57995 19.68096 0.0933
55538.62381 19.67285 0.0725
55539.58012 19.77291 0.0879
55539.62283 19.61102 0.06942
55540.61811 19.57173 0.06607
55540.66215 19.70733 0.07687
55541.61644 19.58133 0.07825
55541.65945 19.57289 0.13174
55544.59603 19.89978 0.0942
55544.64191 19.60738 0.08733
55545.59598 19.64205 0.1339
55545.63939 20.00453 0.11402
55558.75663 19.5337 0.08274
55559.7264 19.55037 0.11129
55561.73304 19.5858 0.10011
55561.77682 19.67455 0.11223
55567.59621 19.85321 0.10449
55575.595 19.40989 0.13231
55575.6386 19.88492 0.13676
55577.59504 19.96166 0.15099
55579.61368 19.96211 0.113
55579.65687 19.68837 0.09574
55580.66998 19.6291 0.14692
55580.71648 19.38544 0.1418
55583.61703 19.51601 0.08599
55583.66119 19.70328 0.10082
55584.63985 19.49843 0.0842
55584.68286 19.55109 0.08291
55586.61685 19.53674 0.07479
55586.66038 19.59318 0.08658
55588.66264 19.93647 0.16477
55588.70647 19.86703 0.16475
55722.89872 20.17453 0.13675
55723.91976 20.01577 0.1337
55723.9634 19.93873 0.1114
55733.86776 20.06118 0.17535
55733.91212 19.91996 0.13776
55750.83279 20.36629 0.15428
55750.87598 19.87547 0.11248
55756.88391 19.89928 0.18273
55756.93392 20.13033 0.18792
55759.84878 19.94526 0.13484
55759.89212 20.28297 0.14477
55762.79606 20.43078 0.15902
55762.8402 19.7066 0.14972
55766.7805 19.73353 0.1256
55766.83041 19.9393 0.12218
55768.77509 19.77898 0.14048
55768.82037 19.77579 0.12726
55769.80074 20.21387 0.11917
55769.84468 20.07123 0.08909
55770.78189 20.05388 0.11252
55770.82573 19.94435 0.09829
55771.78074 20.15955 0.12235
55771.82449 19.98009 0.09679
55774.75968 19.97142 0.13018
55774.80363 19.88837 0.09562
55775.7599 20.20229 0.11938
55775.80332 20.04485 0.14984
55779.7464 20.14767 0.14691
55779.79086 20.04827 0.10569
55780.74948 20.3092 0.1411
55780.79415 20.08824 0.1152
55782.7956 20.18094 0.13979
55783.80103 19.722 0.13339
55789.78039 20.08567 0.20583
55790.77463 20.27916 0.15159
55791.73123 20.14285 0.1664
55791.77527 19.74145 0.14497
55793.74743 20.38077 0.17696
55793.79097 20.16078 0.16837
55794.75972 19.87495 0.12319
55811.7042 20.46973 0.15828
55813.70671 19.97451 0.13578
55820.63925 20.05452 0.1771
55821.63464 19.79717 0.14218
55822.63132 20.08162 0.15689
55822.67415 20.08496 0.12388
55823.62908 20.37378 0.17229
55824.62608 20.19351 0.15047
55824.6697 20.00752 0.18064
55838.61464 20.28296 0.19518
55842.66208 20.30236 0.18057
55843.65444 20.02059 0.22807
55849.60547 20.27024 0.12724
55850.60468 19.91427 0.15039
55850.64918 19.80812 0.09794
55851.60318 19.92144 0.1483
55851.64641 19.68123 0.12666
55852.60416 20.07239 0.12319
55852.6481 19.81272 0.08512
55853.60163 19.97403 0.11691
55853.6463 20.15239 0.10007
55854.60164 20.08202 0.11342
55854.64607 19.94548 0.09272
55866.5884 20.01758 0.12437
55866.64679 19.89447 0.12177
55867.58757 19.9625 0.17355
55867.63053 20.09542 0.17797
55868.5865 20.06853 0.15697
55868.63002 20.01561 0.14475
55880.87841 20.08556 0.20429
55880.92255 20.08943 0.15426
55882.86968 20.07993 0.15522
55882.87146 20.13887 0.12846
55882.91495 19.90964 0.11725
55883.86679 20.18811 0.13128
55883.91496 20.38916 0.23013
55887.63181 19.79404 0.1102
55887.68352 19.95852 0.1211
55888.8957 20.26143 0.21023
55889.80049 19.93401 0.0963
55889.84447 19.92585 0.11327
55891.57974 19.94167 0.16386
55891.6225 19.74018 0.0924
55893.58261 20.04777 0.12606
55893.62546 19.96221 0.15835
55894.58144 20.08916 0.11818
55896.58202 20.19618 0.16487
55903.58342 20.33448 0.19202
55904.58683 19.82999 0.18531
55906.58378 19.87818 0.12249
55906.64029 20.12835 0.1588
55916.59575 19.68757 0.10483
55916.64026 19.9805 0.13767
55922.6423 19.83381 0.0891
55923.59751 20.06618 0.19165
55923.64145 19.69332 0.11628
55924.60837 19.94696 0.1128
55925.59941 19.84698 0.17165
55925.67897 19.9254 0.10247
55926.58279 20.22368 0.13652
55926.62543 19.80302 0.09837
55930.58585 20.03034 0.14221
55931.62692 20.13264 0.19261
55932.62858 20.07882 0.1382
55936.60917 20.14114 0.17606
55937.58951 19.69936 0.10893
55939.64879 19.87211 0.13177
55939.6851 19.6798 0.12058
55940.59145 20.1004 0.19296
55943.69972 19.77871 0.12948
55943.74446 19.73018 0.14817
55944.64379 19.93589 0.09241
55944.67224 19.74794 0.1086
55947.59349 20.18102 0.12108
55949.64923 20.30903 0.15124
55952.60617 20.15904 0.14746
55952.64932 19.82064 0.11448
55953.59751 19.92857 0.13017
55953.64127 19.93527 0.12087
55954.59787 20.15337 0.15362
55958.61566 19.70364 0.14019
55958.67117 19.83438 0.18678
55962.61935 19.73827 0.1374
56060.97134 20.11452 0.18277
56061.96903 19.77039 0.15958
56065.96588 19.92401 0.18039
56066.96916 19.76059 0.14669
56067.96802 20.31648 0.14039
56071.95528 20.27716 0.18976
56075.96117 19.65831 0.12476
56076.96161 20.23666 0.14797
56078.92335 19.79665 0.16478
56078.95394 20.26253 0.18236
56079.94994 19.91966 0.14246
56085.9661 19.94545 0.18949
56086.9317 19.92736 0.15177
56087.95118 19.80371 0.15798
56088.93216 19.9864 0.15028
56088.96298 20.09867 0.11863
56089.90743 19.70464 0.145
56089.9375 19.89823 0.1206
56091.93224 19.60486 0.13548
56091.96189 19.73257 0.1284
56092.88532 20.01698 0.17105
56092.91513 19.64062 0.11449
56092.94551 20.12792 0.12329
56093.88544 20.34918 0.14297
56093.91605 20.1709 0.14237
56093.95942 19.95195 0.11498
56094.8793 20.14134 0.1528
56094.90895 19.85003 0.12755
56094.93794 20.08335 0.13149
56095.89413 19.71243 0.13197
56095.95378 19.90277 0.12427
56096.91464 20.24144 0.15597
56096.94475 20.00121 0.09987
56097.90204 20.04045 0.12497
56099.86796 19.95774 0.13256
56099.8979 20.02121 0.0974
56099.92867 19.98169 0.09723
56100.87134 19.95766 0.14748
56100.93113 20.20044 0.12029
56101.89166 20.077 0.16005
56101.92164 19.75573 0.11448
56102.85884 19.97311 0.128
56102.88948 20.07378 0.12556
56102.91975 20.0687 0.10801
56103.85688 20.09568 0.17876
56103.89198 19.82717 0.12558
56103.92203 19.55856 0.12736
56104.86298 19.71169 0.13368
56104.89266 19.8415 0.10482
56104.92258 19.77577 0.10588
56105.87772 19.90032 0.11217
56105.90846 19.72098 0.13485
56105.93782 19.88245 0.12119
56106.84826 19.67252 0.12549
56106.87859 19.94415 0.1136
56106.90907 20.02973 0.0975
56107.84497 20.14975 0.20608
56107.87579 20.0137 0.12107
56107.90655 20.0926 0.10591
56108.86703 19.95615 0.17917
56108.89669 19.90632 0.13777
56108.92686 20.14812 0.11005
56109.93363 19.78077 0.1005
56110.92786 19.5951 0.13668
56111.91431 20.12517 0.20201
56111.94457 20.03351 0.19429
56113.93235 19.63866 0.19276
56113.96218 20.11285 0.1441
56114.92357 20.1109 0.19487
56114.95378 19.89387 0.12551
56115.88797 19.81927 0.14779
56115.9179 20.33032 0.16127
56116.90131 20.01571 0.1659
56116.93261 19.74826 0.17808
56116.96078 19.77029 0.1195
56117.86349 19.94543 0.15193
56117.89333 20.01548 0.12502
56117.92405 19.92803 0.1394
56119.81535 19.74656 0.17189
56119.84536 19.77497 0.20302
56123.80269 19.62435 0.12349
56123.8333 20.01504 0.11047
56123.86323 19.76567 0.10981
56124.8239 19.55403 0.10462
56124.85579 20.09618 0.15779
56124.90647 20.04882 0.12458
56125.83541 20.21052 0.12127
56125.8655 19.87878 0.13857
56125.89611 19.88858 0.14365
56126.79674 19.7335 0.14853
56126.82683 19.83745 0.12979
56127.84219 20.08402 0.16937
56127.87262 19.72564 0.11291
56128.8202 19.72763 0.11341
56128.8509 19.70221 0.10321
56129.81763 19.85938 0.13357
56129.84839 19.7173 0.12208
56130.78415 19.86915 0.15487
56130.81619 20.15765 0.13606
56130.84603 20.22188 0.18865
56131.81956 20.09558 0.14888
56131.84966 19.9409 0.10909
56131.87991 19.7581 0.09065
56132.81342 20.04831 0.11727
56132.85526 20.28236 0.12538
56133.77702 19.96665 0.15567
56133.80732 20.00247 0.12897
56133.83817 19.66434 0.10577
56135.77548 20.23166 0.17836
56135.80558 20.13745 0.11767
56135.8357 19.92755 0.09916
56136.78168 19.87874 0.13008
56136.81139 19.81079 0.14497
56136.84105 19.82858 0.10187
56137.77719 19.67829 0.1432
56137.84943 20.29292 0.16841
56143.77946 20.19702 0.16699
56143.81202 20.00717 0.20826
56144.79078 20.10537 0.1953
56144.82138 20.22649 0.16517
56146.77217 19.72121 0.19296
56146.83591 19.95029 0.17579
56147.75046 20.31409 0.16697
56147.78019 19.99204 0.19736
56148.73743 20.15432 0.13016
56148.76798 19.95473 0.14291
56148.79928 20.30199 0.12978
56151.84315 19.87588 0.08324
56151.87618 19.9385 0.0842
56151.91621 19.67645 0.081
56164.86055 19.92923 0.07142
56164.89061 19.81552 0.06968
56164.92052 19.91187 0.07229
56165.82275 19.81248 0.10586
56165.85221 20.03905 0.09817
56165.88255 19.83943 0.07897
56166.78411 19.8397 0.13367
56166.82415 19.88286 0.10847
56166.85436 19.92858 0.08849
56167.76082 20.04687 0.12208
56167.79008 20.04926 0.12037
56167.82893 19.95737 0.12399
56168.73084 20.17473 0.1498
56168.76135 20.22482 0.1403
56168.79094 19.66629 0.11834
56169.73488 19.98792 0.1958
56169.78208 19.94561 0.20418
56176.66101 20.22249 0.16478
56176.74473 20.37585 0.13647
56176.77537 19.78656 0.13397
56177.67775 20.06949 0.11567
56177.71467 19.98949 0.13105
56177.7448 19.90449 0.08298
56178.65701 20.24343 0.18706
56178.7245 20.06068 0.09849
56178.75548 20.09003 0.09966
56189.71737 20.03148 0.12486
56189.74707 20.12081 0.12526
56194.68156 20.13993 0.16075
56194.73072 19.89737 0.14496
56195.63238 20.05054 0.19029
56195.68489 20.11163 0.13089
56195.74387 20.16007 0.11858
56196.64868 19.94902 0.12211
56196.67925 19.97224 0.16946
56196.70945 20.00395 0.12848
56207.71676 19.87449 0.13777
56224.66207 20.29235 0.15937
56225.74851 20.25088 0.17935
56225.84088 20.0233 0.14366
56228.71 19.84733 0.1536
56229.68338 20.0757 0.16696
56232.82116 20.24233 0.15029
56233.75399 20.14226 0.18828
56234.68453 20.50147 0.13705
56234.71313 19.81843 0.12826
56235.61461 20.11486 0.10742
56235.64419 20.22586 0.15814
56236.61561 20.03295 0.12063
56237.58477 20.43933 0.14195
56237.61509 20.15764 0.10806
56238.58334 20.02769 0.13027
56238.61531 19.89141 0.10288
56239.58294 19.8583 0.10997
56239.61141 20.18944 0.11416
56251.83071 20.05276 0.11296
56251.86073 20.2669 0.12477
56252.58576 19.91471 0.10424
56252.60631 20.10237 0.10671
56252.62487 19.87097 0.11362
56252.64555 20.19844 0.11659
56252.66096 20.2476 0.10941
56252.69879 19.87589 0.0973
56252.71706 20.30065 0.11156
56252.73499 20.11496 0.1027
56252.75258 20.1883 0.14459
56252.78929 20.26524 0.1372
56252.80517 20.04659 0.1154
56252.821 19.68111 0.10623
56252.83831 20.2918 0.11602
56252.85634 19.99713 0.12788
56253.58621 20.1547 0.12861
56253.60335 20.40825 0.15869
56253.62054 20.17188 0.11178
56253.63682 20.35708 0.13736
56253.6539 20.03175 0.14624
56253.6721 19.78703 0.11976
56253.70902 19.9093 0.12167
56253.7307 20.29186 0.15658
56253.78832 19.69992 0.13237
56253.8078 20.33827 0.17108
56253.82956 19.69967 0.12868
56253.85372 20.01168 0.15073
56254.74613 20.28903 0.16997
56254.77889 20.26058 0.13276
56255.68248 19.86984 0.14329
56255.7252 20.32092 0.15686
56256.62657 19.91631 0.16299
56256.6557 19.96469 0.16347
56257.64219 20.12317 0.13929
56259.59443 20.00169 0.1609
56259.62495 19.85103 0.1793
56265.629 20.0767 0.09186
56265.6592 20.23521 0.11558
56267.58751 19.8285 0.10605
56267.61751 20.18883 0.10719
56268.59364 20.0732 0.09166
56268.62314 20.00926 0.10666
56269.58319 19.94101 0.11486
56269.58435 20.03978 0.09988
56269.58546 19.73026 0.10097
56269.58657 19.89141 0.10328
56269.58771 19.87732 0.10475
56269.58893 19.76967 0.10976
56269.59006 19.99073 0.10137
56269.59133 19.926 0.11585
56269.59245 20.00549 0.09097
56269.59364 20.04181 0.09508
56269.59478 20.05509 0.09298
56269.596 20.16566 0.09645
56269.59713 19.76523 0.09775
56269.59843 19.96268 0.08677
56269.59956 20.08457 0.09655
56269.60977 20.1456 0.08508
56269.61093 20.10402 0.10004
56269.6121 20.25902 0.09636
56269.61321 19.80359 0.10455
56269.61434 19.90487 0.08511
56269.61547 19.93405 0.10925
56269.61659 20.1533 0.08957
56269.61773 20.08984 0.11426
56269.61884 19.87631 0.10037
56269.61995 19.97189 0.09226
56269.62115 20.00303 0.08326
56269.6223 20.17876 0.09806
56269.62343 19.97387 0.08656
56269.62457 19.96824 0.09918
56269.62569 20.0593 0.09315
56269.62688 19.99205 0.10037
56269.628 19.99648 0.08807
56269.6375 20.05048 0.08856
56269.63881 20.03186 0.08525
56269.64001 20.17115 0.10107
56269.64114 20.01862 0.09036
56269.64226 20.07149 0.10946
56269.64337 20.08378 0.10896
56269.6445 20.00989 0.08528
56269.64562 19.88502 0.09995
56269.64675 20.03723 0.08938
56269.64789 20.0375 0.09796
56269.64905 20.03117 0.09384
56269.65017 19.83101 0.08609
56269.65129 19.93719 0.08008
56269.65247 20.02318 0.08618
56269.65359 19.943 0.09977
56269.65473 19.92322 0.10126
56269.65585 20.26225 0.09378
56269.65698 20.19326 0.09506
56269.65819 20.0203 0.08348
56269.65932 20.13215 0.10957
56269.66055 19.93099 0.08758
56269.66167 20.10372 0.10166
56269.66279 20.0366 0.08206
56269.66393 20.13169 0.09256
56269.66595 19.99948 0.09907
56269.66717 20.09749 0.08776
56269.66829 19.93505 0.08249
56269.66952 20.0023 0.08258
56269.67064 19.94453 0.08017
56269.67184 20.10746 0.09817
56269.673 19.9494 0.085
56269.67412 19.91893 0.08697
56269.67533 19.91986 0.10965
56269.67646 19.90029 0.07958
56269.6776 19.90542 0.08799
56269.67883 19.8662 0.08336
56269.67997 20.01262 0.09276
56269.6812 19.92583 0.08738
56269.68232 20.08924 0.11844
56269.68343 19.84423 0.07621
56269.68473 20.07829 0.0863
56269.68592 19.98471 0.08869
56269.68705 19.76389 0.0936
56269.68816 20.07513 0.08878
56269.68929 19.98226 0.0764
56269.69041 20.04891 0.08907
56269.69157 20.02218 0.08479
56269.69269 19.97208 0.08801
56269.69383 20.21791 0.0886
56269.69496 20.09352 0.09736
56269.69608 19.87425 0.08251
56269.69898 19.79235 0.08689
56269.70011 19.82417 0.09686
56269.70126 19.99495 0.08968
56269.70241 19.91873 0.09845
56269.70357 20.13023 0.11805
56269.70468 20.2594 0.09548
56269.70581 20.02372 0.08079
56269.70705 20.03405 0.08638
56269.70816 20.01381 0.08907
56269.70937 19.87535 0.09909
56269.7105 20.06322 0.08849
56269.71167 19.88383 0.10346
56269.7128 19.93477 0.07899
56269.71403 20.00422 0.09586
56269.71516 19.95917 0.09167
56269.7163 20.18512 0.09596
56269.72641 19.89812 0.09427
56269.72763 20.11678 0.08887
56269.72875 19.96309 0.09358
56269.72987 19.94557 0.10047
56269.731 19.98405 0.09557
56269.73213 19.64296 0.09059
56269.73326 19.95723 0.08388
56269.73438 20.13884 0.09836
56269.73557 20.05325 0.09467
56269.73682 19.82791 0.10175
56269.73796 19.8913 0.09896
56269.73911 19.90096 0.08336
56269.74036 19.99252 0.09727
56269.74147 19.98583 0.07729
56269.74272 20.07417 0.08947
56269.74391 19.75036 0.09202
56269.74502 20.03559 0.09057
56269.7462 19.9105 0.09375
56269.74734 20.04455 0.12906
56269.74846 20.03194 0.10007
56269.74961 20.05186 0.08938
56269.75074 20.0472 0.08378
56269.75201 20.09655 0.09547
56269.75316 19.97006 0.10479
56269.75429 20.15625 0.10755
56269.75553 19.95033 0.08948
56269.75665 20.11953 0.09938
56269.75779 20.15675 0.10386
56269.75895 20.13989 0.09425
56269.76008 19.95042 0.10687
56269.76123 20.23436 0.1025
56269.76235 20.22814 0.10156
56269.76348 19.9281 0.09838
56269.76459 19.89656 0.09855
56269.76573 20.07037 0.11057
56269.78036 20.00555 0.11334
56269.78151 20.11537 0.10516
56269.78271 19.92465 0.09027
56269.78391 19.88018 0.09747
56269.78511 20.24999 0.09786
56269.78751 19.84576 0.12274
56269.78876 19.97119 0.09545
56269.78989 20.13355 0.10746
56269.79108 19.99925 0.09036
56269.79227 20.21828 0.10625
56269.79356 19.99956 0.10007
56269.79478 19.95911 0.12565
56269.7959 20.25742 0.09615
56269.79701 19.99327 0.09296
56269.79816 19.83219 0.08957
56269.79928 19.93706 0.11085
56269.80041 19.9753 0.10845
56269.80156 19.99838 0.09725
56269.80276 20.07759 0.09007
56269.80404 19.73481 0.10936
56269.80517 19.84271 0.10306
56269.80638 20.07636 0.09627
56269.80752 20.27056 0.10656
56269.80866 20.05406 0.09497
56270.57931 20.10778 0.10957
56270.58058 20.08143 0.0946
56270.58188 20.02632 0.11098
56270.58305 19.96396 0.10138
56270.58429 19.83225 0.09797
56270.58556 20.23156 0.1155
56270.58671 20.15497 0.10088
56270.58798 20.16209 0.10569
56270.58926 20.13994 0.09408
56270.59051 19.96464 0.08938
56270.59176 19.92349 0.10099
56270.59301 19.91926 0.09872
56270.59588 20.01099 0.11517
56270.59719 19.81831 0.07681
56270.59846 19.92682 0.08262
56270.59973 19.9081 0.0911
56270.60101 20.03577 0.09559
56270.60229 19.82364 0.10018
56270.60361 20.03771 0.08112
56270.60484 19.79554 0.08072
56270.60617 20.10591 0.1033
56270.60733 20.23042 0.096
56270.60868 19.95098 0.09978
56270.60993 20.08031 0.0946
56270.61121 20.0702 0.10046
56270.61244 19.95782 0.0907
56270.61368 20.04558 0.09527
56270.61481 19.91463 0.0832
56270.61593 20.00184 0.08279
56270.61713 19.9269 0.09357
56270.61835 19.82191 0.10148
56270.61963 19.86918 0.0798
56270.62082 19.75319 0.08099
56270.62212 19.90249 0.0711
56270.62324 20.12252 0.10809
56270.62438 19.87056 0.09827
56270.6255 19.87534 0.10707
56270.62668 19.9194 0.08959
56270.62781 20.0147 0.08949
56270.62895 19.99192 0.0835
56270.63017 19.88267 0.07812
56270.6313 20.079 0.09281
56270.63259 19.98831 0.10367
56270.63372 19.88613 0.07834
56270.63484 20.06093 0.10459
56270.64581 19.83325 0.1007
56270.64713 20.01246 0.08768
56270.64825 19.98974 0.07954
56270.6495 20.18363 0.09069
56270.65082 20.17553 0.09281
56270.65222 19.99742 0.08415
56270.65336 19.95612 0.08728
56270.6545 20.04743 0.09738
56270.65562 19.88561 0.09598
56270.65697 20.04956 0.08083
56270.65832 19.91612 0.0999
56270.65959 19.92809 0.10053
56270.66092 19.99193 0.09219
56270.66217 19.96629 0.08407
56270.66351 20.01517 0.10288
56270.66477 20.16951 0.08951
56270.67891 19.92513 0.08719
56270.68008 19.9761 0.08479
56270.68122 19.94804 0.08093
56270.68243 19.95292 0.08129
56270.68382 19.83535 0.1055
56270.68508 19.82243 0.09151
56270.68653 20.0717 0.09339
56270.68784 20.17837 0.08541
56270.68912 19.9147 0.09997
56270.69114 19.99848 0.08473
56270.69232 19.9255 0.10067
56270.69365 20.06881 0.09057
56270.6948 19.92804 0.07999
56270.69617 19.9246 0.08771
56270.69746 19.86591 0.08852
56270.6986 20.03408 0.08017
56270.6999 20.10223 0.09517
56270.70121 19.95213 0.07432
56270.70235 20.14617 0.08571
56270.70349 19.96415 0.08439
56270.70482 19.82681 0.07701
56270.70613 20.01028 0.08357
56270.70726 19.93024 0.09958
56270.7086 20.221 0.10046
56270.70972 19.88613 0.0848
56270.71103 19.85744 0.09737
56270.71235 19.99852 0.08738
56270.71347 20.02108 0.07881
56270.71481 19.99759 0.0777
56270.71608 19.97469 0.09198
56270.71722 19.99951 0.08319
56270.71853 20.06571 0.08849
56270.71967 19.8822 0.09548
56270.72098 19.85241 0.07666
56270.72302 19.8793 0.09638
56270.72439 19.95405 0.09887
56270.72553 19.95434 0.09881
56270.72665 20.0232 0.08461
56270.72793 19.8127 0.09687
56270.72927 20.0749 0.08588
56270.73043 20.07532 0.08867
56270.73161 19.94682 0.08318
56270.73292 20.07257 0.08327
56270.73506 19.94145 0.07925
56270.73622 19.88912 0.09777
56270.73753 19.98364 0.07947
56270.73887 20.06687 0.08541
56270.74001 19.9807 0.09217
56270.74126 20.10883 0.08619
56270.7424 20.05317 0.08458
56270.74369 20.17636 0.09129
56270.74498 19.97763 0.10766
56270.74609 19.86595 0.10346
56270.74744 20.06515 0.10336
56270.7486 19.85866 0.10726
56270.74995 19.73708 0.10777
56270.75121 19.88494 0.08339
56270.75241 20.0703 0.09008
56270.75372 19.91116 0.08237
56270.75502 20.04379 0.0899
56270.75706 20.19543 0.10185
56270.75826 20.1579 0.0961
56270.75948 20.25813 0.1019
56270.76078 19.97769 0.10266
56270.76208 19.74141 0.09268
56270.77223 20.0769 0.11316
56270.77464 20.02871 0.09528
56270.77775 19.70858 0.0957
56270.77887 20.22029 0.10626
56270.78012 20.03572 0.10387
56270.78147 19.63641 0.09928
56270.78273 20.0204 0.09117
56270.784 20.05287 0.09975
56270.78526 19.88565 0.08388
56270.78661 20.0969 0.09717
56270.78776 20.02312 0.10148
56270.7891 20.10402 0.0923
56270.79021 20.15432 0.09306
56270.79151 20.10429 0.11546
56270.7928 20.26641 0.12027
56270.79391 20.2913 0.10268
56270.79508 20.16551 0.09907
56270.79619 20.06508 0.1133
56270.7975 19.85882 0.09589
56270.79862 20.01049 0.11426
56270.79991 19.75504 0.10347
56270.80111 20.03339 0.09808
56270.80249 20.15518 0.10408
56270.80509 20.00195 0.0961
56270.80715 20.00294 0.08641
56270.80837 19.94313 0.0924
56270.80963 20.02278 0.10206
56271.71236 19.89848 0.10685
56271.74462 19.82884 0.1069
56272.64495 20.05041 0.14644
56272.7082 20.18642 0.11037
56273.60993 20.05018 0.11966
56273.63946 19.94111 0.10249
56281.61668 20.28972 0.16086
56282.58095 20.2385 0.14417
56282.61036 20.13953 0.14078
56282.62819 20.34463 0.17115
56297.58897 20.03094 0.10327
56297.59019 19.95704 0.10646
56297.5937 19.92137 0.08391
56297.59722 20.08491 0.10227
56297.59904 19.77501 0.08392
56297.60164 20.03283 0.13904
56297.60284 20.00771 0.11645
56297.6053 19.81563 0.08428
56297.61734 19.99339 0.1001
56297.61965 19.92201 0.08369
56297.62198 20.1523 0.09879
56297.62474 19.98685 0.09647
56297.62597 19.81726 0.10406
56297.62818 19.82334 0.08778
56297.63051 19.98596 0.09997
56297.63246 19.94193 0.10088
56297.6337 19.81896 0.11886
56297.63597 19.93114 0.10625
56297.63722 20.06325 0.10416
56297.63944 19.99747 0.11538
56297.64162 19.91684 0.09139
56297.64281 20.01213 0.11245
56297.64393 20.07553 0.09899
56297.64612 20.10424 0.09895
56297.64742 20.0505 0.09127
56297.64964 19.96282 0.09757
56297.65084 19.93347 0.08748
56297.65434 20.20975 0.11887
56297.65811 19.64487 0.09448
56297.65988 19.80745 0.08688
56297.66121 19.95333 0.10181
56297.66483 19.95232 0.11937
56297.66714 20.01039 0.09216
56297.67315 19.826 0.08438
56297.67547 19.7568 0.08348
56297.67675 19.98984 0.12597
56297.67954 19.87064 0.09777
56297.68076 19.96268 0.10367
56297.6819 19.98758 0.09291
56297.68541 19.77345 0.10819
56297.68786 19.81314 0.12405
56297.69171 19.86694 0.09568
56297.69635 20.07676 0.11057
56297.69767 20.10096 0.10016
56297.70113 19.72809 0.09879
56297.70743 19.91923 0.08942
56297.71084 19.917 0.09509
56297.71401 19.88042 0.10188
56297.71668 19.95153 0.12537
56297.7179 20.14248 0.12647
56297.72049 20.02939 0.10916
56297.72327 19.85621 0.10587
56297.72448 19.76533 0.10297
56297.72584 19.7854 0.11278
56297.72772 19.94041 0.11038
56297.72894 19.99477 0.11367
56297.74317 20.03015 0.10443
56297.74683 19.74579 0.11796
56297.74996 19.97232 0.10029
56297.75123 20.05265 0.10778
56297.75493 20.05477 0.10798
56297.75709 19.70038 0.10217
56297.7583 19.79508 0.12016
56297.76047 20.15748 0.12007
56297.76167 20.01947 0.11766
56297.76388 19.99905 0.09907
56297.76506 19.99504 0.10769
56297.77069 19.82203 0.1217
56297.77185 19.80945 0.10817
56297.77383 19.78729 0.1438
56297.79199 19.87841 0.15729
56297.79645 19.98932 0.14621
56297.79838 20.36641 0.14431
56297.79953 19.98589 0.15716
56297.80077 20.28124 0.15199
56297.80192 20.11237 0.18924
56297.80437 20.06161 0.18287
56297.80564 20.11968 0.13491
56297.80864 19.83395 0.14939
56298.58895 20.21076 0.15068
56298.59013 20.15161 0.16062
56298.59354 20.30539 0.15372
56298.59724 20.06479 0.15163
56298.6021 20.29605 0.20845
56298.60332 19.89789 0.17739
56298.60466 20.08504 0.16582
56298.60701 19.61239 0.16398
56298.60823 19.6095 0.14539
56298.61034 19.83155 0.14734
56298.61595 19.82784 0.13096
56298.61811 19.89438 0.09748
56298.62047 19.81515 0.09564
56298.62171 20.16359 0.11931
56298.62426 19.90157 0.11141
56298.62762 19.99791 0.1289
56298.63098 19.95988 0.14747
56298.63219 20.21456 0.11691
56298.63473 19.95314 0.1124
56298.63687 19.87279 0.11061
56298.63807 19.92734 0.11532
56298.63935 20.01063 0.13709
56298.64364 19.75164 0.09477
56298.64578 19.92287 0.10674
56298.64695 19.99636 0.11563
56298.6481 19.77045 0.10158
56298.65082 20.22443 0.11036
56298.65294 19.8459 0.12385
56298.65509 19.78124 0.10259
56298.65745 20.26794 0.14332
56298.65865 20.20856 0.11128
56298.66081 19.85559 0.08054
56298.66198 19.75485 0.11325
56298.66411 19.7502 0.09717
56298.66639 19.68945 0.10776
56298.6699 19.86899 0.09205
56298.68256 19.72746 0.1264
56298.68492 20.14175 0.13984
56298.68729 19.87294 0.18735
56298.68852 19.87251 0.19272
56301.59099 20.37608 0.1156
56302.62153 19.63029 0.12068
56305.59416 20.14579 0.13595
56305.62276 19.87264 0.09411
56307.63151 20.00133 0.12455
56308.60019 19.66657 0.11258
56308.63015 19.9711 0.15982
56310.60466 20.03731 0.11497
56310.63503 20.23378 0.13588
56311.59823 19.67643 0.12786
56313.60478 19.71868 0.11208
56313.63593 19.79979 0.14568
56314.61498 19.95245 0.14706
56314.64504 20.01887 0.1707
56322.60046 20.12595 0.1651
56322.63022 19.97112 0.13201
56323.59943 20.02425 0.10536
56323.60059 19.54235 0.08878
56323.60172 19.73487 0.10266
56323.60284 20.01115 0.10269
56323.60396 20.01582 0.09326
56323.60508 19.81265 0.10198
56323.60621 19.69526 0.09975
56323.60734 19.59597 0.08657
56323.60846 19.84165 0.1053
56323.60959 19.74169 0.09238
56323.61071 19.78956 0.08576
56323.61183 19.751 0.11626
56323.61297 19.71866 0.09006
56323.61409 19.90194 0.11236
56323.61521 19.73121 0.09817
56323.61635 19.88726 0.12168
56323.61747 19.7112 0.11509
56323.61859 19.63526 0.09458
56323.61971 19.76919 0.10388
56323.62085 19.72621 0.12136
56323.62197 19.93236 0.08747
56323.62309 19.73559 0.09178
56323.62423 19.82293 0.09158
56323.62535 20.11439 0.09676
56323.62647 19.92815 0.10047
56323.62759 19.83294 0.09868
56323.62872 19.78445 0.09266
56323.62985 19.9306 0.11035
56323.63097 19.86248 0.09048
56323.6321 19.59805 0.09079
56323.63322 20.01203 0.09537
56323.63435 20.02359 0.08927
56323.63549 19.80101 0.08849
56323.63661 19.79949 0.10466
56323.63773 19.94512 0.09627
56323.63887 19.73349 0.10607
56323.63999 19.63073 0.10376
56323.64112 19.71887 0.09649
56323.64225 19.79956 0.10816
56323.64338 19.7878 0.11064
56323.6445 19.66999 0.11266
56323.64563 19.82915 0.09699
56323.64676 19.86001 0.08769
56323.64789 19.88131 0.092
56323.64902 19.68583 0.10746
56323.65014 19.87885 0.10168
56323.65127 19.76567 0.09239
56323.6524 19.76292 0.10697
56323.65352 19.78432 0.11446
56323.65465 19.87995 0.08989
56323.65577 19.69293 0.10386
56323.65691 19.86949 0.10336
56323.65803 19.98843 0.09926
56323.65917 19.87912 0.10685
56323.66029 19.83657 0.12496
56323.66142 19.86231 0.12557
56323.66255 19.57544 0.08838
56323.66367 19.99759 0.10895
56323.6648 19.84636 0.13924
56323.66594 19.7081 0.12985
56323.66706 20.06736 0.11187
56323.66819 20.136 0.13248
56323.66932 19.68764 0.12632
56323.67045 19.78289 0.11866
56323.67158 19.50159 0.11808
56323.67271 20.00053 0.13547
56323.67384 19.72185 0.09988
56323.67496 19.89833 0.11746
56323.67613 19.88504 0.10747
56323.67725 19.88108 0.10489
56323.67838 19.76716 0.12964
56323.67951 19.87671 0.10987
56323.68065 19.71465 0.11422
56323.68177 19.92117 0.12305
56323.6829 19.97677 0.11428
56323.68402 20.03704 0.14356
56323.68516 19.91172 0.10977
56323.68628 20.08054 0.13197
56323.68742 19.71527 0.10115
56323.68855 19.82169 0.11627
56323.68967 19.9778 0.12155
56323.69081 20.10185 0.12196
56323.69194 19.8109 0.13194
56323.69306 20.07666 0.18005
56323.6942 20.18504 0.17636
56323.69532 20.27225 0.20913
56323.69644 19.8381 0.13015
56323.69758 20.23199 0.17277
56323.6987 19.79981 0.14886
56323.69982 19.67779 0.12546
56323.70094 20.19217 0.16636
56323.70208 20.24241 0.15559
56323.70434 19.98266 0.15696
56323.70546 19.83313 0.14528
56323.70659 19.76992 0.12927
56323.70887 20.17692 0.18969
56323.71453 20.11679 0.1735
56323.72468 20.00353 0.18424
56324.6344 19.73118 0.10918
56324.67356 19.67967 0.11019
56328.60109 19.98153 0.10558
56328.63041 19.71147 0.1002
56330.60568 19.60852 0.10568
56330.63442 20.08898 0.1067
56336.60557 19.88991 0.13777
56336.6347 19.92896 0.13206
56337.61678 19.66537 0.10538
56337.646 19.89016 0.1164
56340.65261 19.82006 0.13607
56341.63432 20.00632 0.15566
56342.61542 19.72167 0.16307
56342.64414 19.7734 0.15691
56432.97832 19.75862 0.17566
56433.97522 20.27623 0.15146
56434.97306 20.16967 0.14232
56440.95678 19.90258 0.19055
56442.95121 19.89532 0.18316
56443.94843 20.28893 0.19559
56444.94545 20.10237 0.18481
56446.9404 20.02618 0.12448
56446.9746 20.31065 0.14761
56447.93827 19.96402 0.10263
56447.97245 19.83973 0.14648
56448.93551 19.65472 0.11388
56448.97043 19.70667 0.11591
56449.9322 19.9818 0.10842
56449.96744 20.06224 0.10141
56450.93056 19.81451 0.102
56450.96471 19.80452 0.13586
56451.92757 19.69779 0.1349
56451.96268 20.01481 0.1168
56452.92487 19.75743 0.11317
56452.95905 19.94927 0.09048
56453.9223 20.22278 0.13997
56453.95718 19.81956 0.12573
56454.91904 20.08332 0.12655
56454.9531 19.88591 0.1024
56455.91706 19.95128 0.09996
56455.95123 19.88508 0.09014
56456.91361 20.03935 0.10889
56456.94859 19.62249 0.10528
56457.91086 19.87096 0.11407
56457.9457 19.8623 0.09609
56458.90893 20.20607 0.11148
56458.94334 19.80459 0.10139
56459.90596 19.87381 0.10718
56459.94092 20.11176 0.10357
56460.9034 20.27211 0.11808
56460.93791 19.88519 0.10507
56461.90107 19.67875 0.1162
56461.93811 20.02364 0.11089
56462.89824 20.19618 0.12147
56462.93439 19.866 0.14108
56463.89576 20.3345 0.20595
56463.93218 20.21557 0.09567
56469.91685 19.87142 0.15527
56471.87375 20.09907 0.18831
56471.91001 19.86123 0.14229
56475.86334 19.95904 0.1629
56475.9008 20.12073 0.15251
56476.86102 20.33035 0.18434
56477.85777 20.16909 0.22738
56485.83631 19.83208 0.131
56486.83403 19.90851 0.12457
56486.87106 19.87032 0.09941
56488.83006 20.04751 0.1031
56488.86647 20.10778 0.10119
56489.82698 20.04164 0.1373
56489.86366 20.20374 0.10769
56498.802 19.81646 0.20475
56498.83888 19.82493 0.16687
56502.79167 19.60081 0.12027
56502.82864 20.05782 0.15361
56503.78903 20.11774 0.09983
56503.82769 20.10431 0.10125
56504.86992 20.28491 0.15386
56504.90811 19.90552 0.09141
56505.81768 20.16733 0.14291
56505.9509 20.00678 0.10557
56505.98842 20.11319 0.11759
56506.89349 20.03819 0.12481
56507.80198 20.05919 0.11298
56507.84712 19.73681 0.1093
56507.99891 19.89709 0.09564
56508.90167 20.05176 0.08513
56509.79634 20.11758 0.09867
56509.83877 20.04679 0.10035
56510.8262 20.00047 0.0934
56511.79111 19.88112 0.09153
56511.84089 19.7443 0.09968
56512.78788 19.65917 0.10174
56512.82519 19.93278 0.10613
56513.78624 19.83959 0.09983
56513.82352 19.77522 0.09507
56514.7834 19.81288 0.10524
56514.82081 19.98606 0.10588
56515.78106 19.88429 0.1161
56515.82231 19.83518 0.09074
56516.77774 19.99726 0.14885
56516.81437 20.03412 0.09737
56517.77605 19.84348 0.12048
56517.81715 19.83764 0.09296
56517.97309 20.1699 0.11118
56518.87478 19.95193 0.08569
56519.00311 19.94737 0.11068
56519.90443 20.00453 0.09677
56519.96504 20.11891 0.09738
56520.00171 20.02016 0.09158
56520.90327 19.93612 0.078
56520.95521 20.12353 0.08803
56520.99262 19.97836 0.1121
56521.89446 19.97791 0.10263
56521.95772 19.97151 0.11939
56521.99393 20.15912 0.09259
56528.81982 20.0139 0.14505
56528.87422 19.92946 0.14831
56529.90241 20.04292 0.12387
56529.93849 20.19626 0.17304
56529.97462 19.92229 0.162
56532.71221 20.33911 0.14017
56532.85928 19.79632 0.08802
56532.89645 19.89166 0.1033
56533.79895 19.66282 0.09801
56533.93493 19.99677 0.09538
56533.97228 19.97171 0.10731
56537.84525 19.84508 0.07311
56537.9874 20.00311 0.0892
56539.69386 19.72065 0.09421
56539.88447 19.78998 0.07323
56539.9215 19.86158 0.07384
56540.97669 19.90816 0.0763
56541.6883 19.67369 0.11129
56542.96698 19.79057 0.09291
56543.00294 19.95867 0.10224
56543.90463 20.02733 0.12452
56543.97085 19.84339 0.08185
56544.00787 19.87992 0.08406
56546.67441 19.95683 0.14029
56546.75907 19.78167 0.09784
56546.94639 19.98687 0.08811
56547.84788 20.02972 0.08024
56548.0057 19.71484 0.09139
56548.66959 19.55524 0.17545
56548.70582 19.90215 0.13587
56548.74172 19.79835 0.11377
56549.66591 19.62685 0.13598
56549.70273 20.02119 0.1161
56549.73967 20.14276 0.16006
56550.66388 20.07929 0.20116
56550.6994 20.09805 0.13821
56550.73216 19.99191 0.11961
56551.66063 20.04914 0.23124
56551.72202 20.15103 0.13908
56551.75862 19.95346 0.11916
56552.66117 20.277 0.14898
56552.74635 20.29276 0.16748
56561.66061 19.99211 0.1014
56561.89034 19.94742 0.13453
56561.92356 20.09965 0.12801
56562.93459 19.97245 0.1267
56563.02169 19.8737 0.1266
56563.6524 20.00615 0.11885
56563.6893 19.95175 0.10516
56563.77494 19.85725 0.0858
56564.72602 19.74839 0.0918
56564.99301 19.88458 0.10025
56565.02672 19.87249 0.10487
56565.92832 19.64548 0.10709
56565.98151 19.767 0.10139
56566.01544 19.68945 0.08033
56566.91724 19.78429 0.0834
56566.96287 19.68489 0.10178
56566.99591 19.92399 0.09335
56567.8986 19.76486 0.09101
56567.96702 19.61701 0.07908
56568.00039 19.87569 0.08489
56568.90245 19.87687 0.07441
56568.96343 20.06115 0.08776
56568.99843 19.5501 0.09921
56569.90084 19.77734 0.0908
56569.99803 19.70318 0.11647
56570.03082 19.6715 0.1314
56571.62526 19.74554 0.15417
56571.69052 19.90415 0.13617
56572.62632 19.83658 0.10547
56572.66032 19.87739 0.09927
56572.69287 20.11312 0.12239
56573.61429 20.01966 0.11829
56573.64765 19.86407 0.0914
56573.77817 19.97182 0.10116
56576.83948 19.87107 0.0864
56577.00541 20.10822 0.11959
56577.60601 19.89474 0.15797
56577.63144 19.89335 0.12397
56577.77306 20.2362 0.11285
56578.67217 19.8251 0.13745
56578.69674 19.83364 0.09599
56578.75347 19.90804 0.10107
56579.73584 19.7811 0.09529
56579.85963 19.74886 0.12555
56579.88516 20.08171 0.12757
56580.7875 19.85078 0.14187
56580.8553 19.99043 0.16629
56580.88022 19.88249 0.12131
56581.78167 20.05104 0.1875
56581.83883 19.89248 0.1697
56581.86464 20.19249 0.19999
56587.62864 20.10339 0.11427
56587.78993 19.69263 0.12887
56587.81475 20.00582 0.11337
56588.71625 19.97332 0.16581
56589.79481 19.78246 0.09239
56589.81959 19.91603 0.11546
56589.84642 20.06996 0.10678
56590.76387 19.94571 0.11814
56590.8749 20.23797 0.13915
56590.89969 19.86038 0.12115
56591.80204 19.98397 0.17043
56591.86057 19.74509 0.08658
56591.88508 20.04398 0.1166
56592.81972 20.09675 0.09061
56592.91348 19.7114 0.12986
56592.93852 20.05224 0.14915
56596.59731 19.71367 0.12866
56596.84238 19.75998 0.10467
56597.74425 19.7684 0.10109
56597.84943 20.09726 0.15498
56598.75163 19.7846 0.1039
56598.82179 19.98545 0.12618
56598.84855 19.99148 0.11864
56599.75014 20.09792 0.08858
56599.79577 19.8531 0.10609
56599.82112 19.81947 0.08782
56600.77441 20.10852 0.09563
56600.8753 19.86779 0.12006
56602.59024 19.87409 0.12589
56602.78065 19.88889 0.13949
56603.68227 20.01072 0.1029
56603.74296 19.91993 0.11609
56603.81581 19.89798 0.10279
56604.73691 19.92683 0.09845
56604.92616 19.83278 0.09914
56605.64733 19.6934 0.09057
56605.67213 20.06696 0.08459
56606.60932 19.95571 0.13933
56607.82225 19.88663 0.15609
56607.84927 20.0499 0.13516
56608.75086 19.62149 0.14007
56608.81398 20.12479 0.11689
56608.84048 20.10684 0.22067
56609.8617 20.3139 0.16308
56609.88847 20.01353 0.18076
56622.58588 20.24529 0.11418
56623.58717 20.32728 0.17398
56624.57999 20.17419 0.10866
56624.60429 19.75739 0.08938
56625.70494 20.07846 0.11271
56625.74386 20.23145 0.10974
56626.64578 20.0319 0.12236
56626.67007 20.06932 0.11207
56628.73144 20.11295 0.13327
56628.76212 20.21348 0.14547
56637.58042 20.43032 0.19998
56637.60549 19.96987 0.16358
56639.60438 20.27541 0.19675
56649.57885 20.00931 0.14384
56649.60387 20.12597 0.14755
56650.58762 19.74483 0.14187
56658.58519 20.11222 0.13899
56658.62914 20.02014 0.12129
56659.58605 20.12353 0.09931
56659.61086 20.48263 0.14372
56660.58569 20.27433 0.1196
56662.58587 20.41465 0.13176
56662.61038 20.36346 0.16852
56663.59143 20.59818 0.16906
56663.6171 19.87472 0.13307
56669.61423 20.21178 0.18873
56675.5969 20.20703 0.1152
56676.59181 20.36281 0.12106
56676.61781 20.26362 0.11648
56678.61458 20.3385 0.11276
56678.64019 20.01169 0.12577
56680.60724 20.17794 0.13406
56683.59693 20.19915 0.17359
56683.63252 20.23915 0.11228
56687.59886 20.35263 0.14209
56687.64144 20.4188 0.12397
56690.64549 20.29771 0.16196
56697.60505 20.4008 0.15315
56816.96412 19.53722 0.11357
56818.96227 20.11742 0.10258
56818.97512 19.84332 0.10607
56820.96625 20.02659 0.19416
56820.97769 19.83059 0.21077
56821.96237 19.71961 0.17346
56821.9727 19.76477 0.15699
56822.97681 20.00238 0.1912
56823.97346 20.0221 0.17038
56824.96428 19.8806 0.12908
56824.97573 19.89429 0.16576
56825.96455 20.07571 0.14836
56825.97592 20.15741 0.19506
56826.96127 20.07627 0.12086
56826.97472 19.89084 0.1341
56827.96384 19.7058 0.12955
56827.97622 20.13954 0.22025
56828.9654 19.76359 0.09541
56828.97804 19.97605 0.15547
56829.96383 19.97088 0.09288
56829.97653 20.00593 0.10372
56830.96102 19.76894 0.08608
56830.97338 20.08472 0.09968
56831.96161 19.69726 0.08899
56831.97427 19.67111 0.10586
56832.9648 19.4856 0.07462
56832.97563 19.67719 0.09815
56833.96568 19.69315 0.08818
56833.97644 19.78088 0.11069
56834.96484 19.81771 0.08762
56834.9776 19.93864 0.10612
56836.96625 19.70366 0.08488
56836.97711 19.88632 0.09589
56837.96638 19.69151 0.09108
56837.98211 19.70304 0.16001
56838.96389 19.91124 0.07548
56838.9786 19.77168 0.11701
56839.96511 19.69927 0.06991
56839.97834 19.78927 0.08959
56840.96951 19.85277 0.08112
56840.98137 19.8559 0.1033
56841.96857 19.64105 0.08592
56841.98075 19.99678 0.13741
56844.96636 19.804 0.09184
56844.97887 19.87483 0.11759
56845.96726 19.91485 0.09535
56845.98002 19.80297 0.09214
56846.96666 19.78549 0.08211
56846.98115 19.61401 0.10199
56847.96648 19.87004 0.07646
56847.98151 19.85525 0.1092
56848.96743 19.51995 0.07522
56848.98312 19.74781 0.11194
56849.96813 19.98987 0.12158
56849.98235 19.81863 0.14147
56850.98368 19.60502 0.1569
56851.97048 19.84427 0.15037
56851.98675 19.5612 0.12689
56854.96165 19.89168 0.11422
56854.98771 19.88531 0.10803
56855.96071 19.98679 0.11279
56855.98393 19.93367 0.10244
56856.96087 19.65265 0.1327
56856.98328 20.04218 0.14238
56858.96243 19.62024 0.07192
56858.98507 19.93867 0.0875
56859.96515 19.78342 0.08592
56859.98697 20.19199 0.0981
56861.96231 19.82861 0.07091
56861.98508 19.86573 0.07203
56862.9659 19.86311 0.08103
56862.98227 19.86373 0.07683
56863.94981 19.67625 0.07816
56864.94576 19.94442 0.0915
56864.96947 19.55107 0.08082
56865.92975 19.77734 0.09104
56865.96089 19.83106 0.08626
56867.98799 19.67154 0.07124
56868.96536 19.70169 0.07097
56868.98567 19.99249 0.08196
56869.96092 19.77922 0.07359
56869.98231 19.9266 0.0716
56870.96467 19.81461 0.06759
56870.98635 19.74466 0.06345
56874.97428 19.70122 0.06325
56874.99622 19.71721 0.08452
56875.98151 19.54904 0.0924
56875.99752 19.6445 0.09361
56876.91773 19.73597 0.06809
56876.94717 19.7226 0.06658
56877.9745 19.61805 0.07828
56877.9957 19.43739 0.08078
56878.00741 19.59051 0.13319
56878.9086 19.75314 0.10982
56879.95816 20.07108 0.14168
56880.95792 20.01135 0.24003
56880.9882 19.69109 0.11387
56882.96877 19.50121 0.16315
56882.98848 19.57772 0.14734
56883.9421 19.61059 0.12741
56883.98158 19.81046 0.12367
56884.99956 19.804 0.12961
56885.96448 19.85782 0.09154
56885.98159 19.76075 0.1101
56886.91453 19.82375 0.10059
56886.94264 19.75179 0.10287
56887.91623 19.72561 0.09495
56887.94902 19.80174 0.07375
56888.86519 19.83512 0.07559
56888.89905 19.92565 0.07882
56888.91008 19.70892 0.07229
56888.94196 19.77083 0.06945
56890.94091 19.81247 0.07057
56890.97479 19.74517 0.07246
56895.83087 19.93617 0.08284
56895.86667 19.85999 0.08796
56972.71463 19.70105 0.0869
56972.73749 19.89045 0.08992
56978.74407 19.81985 0.09589
56978.79927 20.0046 0.14549
56979.72374 19.82363 0.12375
56980.71766 19.80348 0.10373
56980.83416 19.93633 0.09333
56981.71538 19.78126 0.07943
56981.77818 19.89777 0.09332
56984.71333 19.80628 0.11785
56984.78092 19.71436 0.14165
56986.72544 19.82877 0.09331
56986.79095 19.69922 0.10823
56987.70535 19.82433 0.1138
56987.76948 19.97687 0.09914
56988.66321 19.91623 0.10074
56989.60286 19.82453 0.10008
56989.66828 20.1017 0.0944
56990.59847 19.95427 0.10068
56990.66232 19.96539 0.08762
57000.62591 19.85316 0.09798
57000.65668 19.87593 0.11702
57001.60725 19.79632 0.09529
57001.63454 20.03944 0.08899
57011.62365 19.79767 0.09468
57011.65019 19.83526 0.09643
57014.60229 20.04068 0.09352
57014.62433 19.82727 0.08543
57015.60026 19.81748 0.09244
57015.6199 19.83618 0.09036
57018.60146 19.87809 0.09251
57018.62586 19.63787 0.0899
57019.59637 19.73626 0.12202
57019.61004 19.84984 0.12721
57030.59868 19.8233 0.09371
57037.60179 19.89747 0.09575
57039.60447 19.83889 0.0918
57040.60372 19.94674 0.09691
57040.65327 19.84694 0.14491
57041.64649 19.86222 0.11622
57042.59979 19.94228 0.09246
57042.64647 20.0705 0.09365
57043.60053 19.77033 0.09246
57043.64542 19.85954 0.08953
57044.59961 19.83436 0.12286
57044.64222 20.05171 0.18551
57046.59907 20.1359 0.15938
57046.64082 20.23626 0.15738
57047.65127 19.89534 0.13051
57047.65361 19.91204 0.11909
57059.60766 19.87472 0.09727
57059.61723 19.70918 0.08786
57063.60738 19.87999 0.0968
57063.61933 19.83306 0.09648
57064.61072 19.70047 0.09772
57064.62756 19.89438 0.11495
57065.60805 19.65059 0.13281
57065.62471 19.56471 0.14313
57066.61485 19.93882 0.21222
57067.60784 19.49446 0.09102
57067.62545 19.88096 0.12996
57069.61019 19.70651 0.10489
57069.6409 19.64946 0.11771
57070.61078 19.89858 0.1064
57070.6277 19.53944 0.12673
57071.61023 19.989 0.11874
57071.6267 19.524 0.10145
57089.61859 19.93321 0.17621
57089.62798 19.87223 0.20282
57091.62877 19.7485 0.18566
57185.96692 20.08285 0.15724
57187.96362 19.88595 0.09567
57188.93765 19.83691 0.08209
57188.96808 20.21299 0.11657
57189.95594 19.85344 0.09207
57190.94422 19.99906 0.12123
57191.9217 20.02839 0.11028
57191.95614 20.17543 0.11203
57192.94672 20.0194 0.10556
57192.97846 19.83031 0.16095
57193.93573 20.0176 0.10315
57193.96862 19.84697 0.14732
57194.94374 19.89483 0.11353
57194.97431 19.66718 0.1244
57195.94595 19.60271 0.11359
57195.97546 19.84842 0.13398
57196.92539 19.9087 0.12711
57196.97637 20.16385 0.1423
57197.91796 19.70889 0.10245
57197.96971 19.73915 0.11959
57198.93165 19.93625 0.10278
57198.96479 19.83633 0.10022
57199.9472 19.8333 0.11052
57207.95261 19.91097 0.15032
57207.98422 19.71122 0.13319
57208.90735 19.83776 0.16072
57208.94607 19.799 0.11883
57209.93937 19.93827 0.11537
57209.97959 19.87217 0.13232
57210.9363 19.68624 0.10912
57210.97519 20.09256 0.12292
57211.94997 19.93687 0.1033
57211.98409 19.88301 0.146
57212.97329 19.68545 0.15352
57214.96163 19.93392 0.09607
57216.93262 19.73587 0.08163
57216.97994 19.83705 0.09766
57218.92712 20.06951 0.09911
57218.977 19.78808 0.08784
57219.94247 19.89823 0.07123
57219.97077 19.81386 0.08706
57220.92305 19.73336 0.08336
57220.98129 19.96268 0.08254
57225.95176 19.7879 0.08764
57226.95332 19.74052 0.07577
57227.93417 19.81921 0.07964
57227.97035 20.0153 0.08408
57231.91879 19.8183 0.10902
57231.96902 19.92357 0.08852
57232.8829 19.9305 0.16546
57232.9489 19.74912 0.09684
57237.98326 20.17866 0.14711
57238.91268 19.98993 0.12829
57238.96563 19.9773 0.09442
57239.93796 19.94429 0.09554
57239.98313 19.97561 0.10248
57240.95317 19.91853 0.09882
57241.93368 19.76379 0.09873
57242.93933 19.86163 0.10283
57242.98523 20.05645 0.08669
57244.91131 19.99825 0.08037
57244.96611 19.69524 0.08693
57245.87591 20.01184 0.08517
57245.91376 19.86465 0.08636
57247.92574 19.86313 0.08311
57247.95614 19.71161 0.09713
57248.84393 19.84097 0.08193
57248.8782 19.83793 0.09219
57249.88436 19.71895 0.08328
57249.9163 19.86498 0.07364
57250.88236 19.8238 0.07432
57250.92114 19.93706 0.10941
57251.8693 19.85765 0.07639
57251.91419 19.75793 0.08139
57267.93864 19.92697 0.13423
57267.9816 19.68905 0.12824
