#mjd mag magerr
61.92501 18.99483 0.03618
61.95573 18.98375 0.03359
63.91987 18.99254 0.03267
63.9639 19.00051 0.03317
64.92128 18.96546 0.04132
64.9656 18.97896 0.04148
66.91014 18.99486 0.03902
66.95474 18.9675 0.03602
67.91649 19.13777 0.05627
67.96099 19.13673 0.05475
69.90324 19.00532 0.03025
69.94786 18.97803 0.03003
80.87449 19.02547 0.13587
80.95988 18.99298 0.14337
84.86328 18.97039 0.0465
87.85609 19.00724 0.03637
87.90101 18.99719 0.03208
88.96983 19.09491 0.03555
89.01521 18.9337 0.03288
89.94574 18.99576 0.03707
89.99042 18.99982 0.03477
93.83741 18.99049 0.02997
93.88196 19.00776 0.03018
96.8292 19.04072 0.03367
97.00858 19.13017 0.04141
104.99862 19.16399 0.04859
107.79764 18.98792 0.07071
114.88125 19.03399 0.04273
114.92522 19.01004 0.08485
119.89538 18.94613 0.03882
119.95365 19.1185 0.0416
123.75696 19.03325 0.0359
123.81523 19.05686 0.03675
126.97957 19.05582 0.04707
127.83329 19.0232 0.03863
127.87706 19.02662 0.04072
135.82555 19.15552 0.07705
135.86926 19.08444 0.07446
138.71472 19.2125 0.07991
138.75871 18.93235 0.08192
142.7036 18.96444 0.03911
142.75219 19.14607 0.04893
144.77886 19.0112 0.03617
144.82305 18.97371 0.04434
151.72943 19.03762 0.04178
151.77257 19.16082 0.03962
166.70473 19.02181 0.08974
166.74897 19.01584 0.08881
168.63378 18.95024 0.0746
168.6775 19.15018 0.06394
175.61224 19.10228 0.03755
175.65684 19.07481 0.03696
181.59421 19.10303 0.05876
181.63825 18.94914 0.04666
183.59204 19.18097 0.07337
183.64253 19.03858 0.04083
189.58054 19.06789 0.04979
189.62557 19.00721 0.04368
194.59026 19.1175 0.08467
199.58559 19.0423 0.04116
201.58642 19.04312 0.12509
380.87684 19.12275 0.06571
380.92078 18.96207 0.06527
381.89606 19.02633 0.04484
381.93934 19.01934 0.04289
386.86524 19.01665 0.03993
386.90867 19.11099 0.03933
391.80613 19.18027 0.06537
391.87538 19.15027 0.04474
396.79527 19.10233 0.06736
396.83932 19.00164 0.04097
401.78133 18.93631 0.09763
401.82518 18.87681 0.08209
407.7691 19.12509 0.10524
407.83003 18.99349 0.07986
413.75577 19.20536 0.08467
413.79945 18.97381 0.06545
416.75096 19.17548 0.08482
416.79342 19.11319 0.06178
419.75121 19.08012 0.08664
419.79504 19.0711 0.06324
422.75115 19.01682 0.05043
422.79487 19.05389 0.0412
426.80123 19.03175 0.05323
426.8444 19.00437 0.0441
429.8142 19.05379 0.05167
429.85716 18.9684 0.04196
432.73907 19.01266 0.0813
432.78359 19.04001 0.07295
435.69148 19.06815 0.10028
438.88857 19.08167 0.0583
438.89169 19.16541 0.06209
438.89485 18.96422 0.05509
438.89798 18.92261 0.05214
438.90086 19.04909 0.05649
438.90371 19.01255 0.04998
438.9065 18.90668 0.05012
438.90927 19.02735 0.05194
438.91204 19.04212 0.05406
438.91487 19.17959 0.05901
438.91763 18.96487 0.05226
438.92084 18.88622 0.05761
438.92394 19.09977 0.06478
438.92672 19.03007 0.063
438.92954 19.04819 0.06916
438.93259 18.93759 0.0613
438.93551 19.05756 0.05822
438.93833 19.0834 0.06666
438.94106 19.00656 0.05921
438.94411 18.9911 0.05606
438.94678 19.12241 0.06272
438.95017 19.03024 0.05946
438.95913 18.99717 0.0573
438.96141 19.13249 0.06209
441.87301 18.97451 0.03399
441.87592 18.86643 0.03027
441.88645 19.00839 0.03389
441.88962 18.9498 0.03198
441.89254 18.97457 0.03159
441.89542 18.89916 0.03169
441.89828 18.95621 0.03224
441.90107 18.92394 0.03166
441.9037 18.92274 0.03004
441.90634 18.95219 0.03254
441.90906 18.91049 0.03089
441.9118 18.97293 0.03131
441.91445 18.95144 0.0312
441.91722 18.91566 0.02944
441.91981 18.97207 0.03534
441.92242 19.00455 0.03511
441.92546 18.95705 0.03096
441.9281 18.97363 0.03343
441.93183 18.95022 0.032
441.93458 18.94972 0.03177
441.93727 18.93509 0.03212
441.94048 18.92166 0.03172
441.94326 19.01128 0.03233
441.94546 18.97985 0.03317
441.94852 18.99733 0.03314
441.95194 18.94521 0.03122
441.95469 18.94838 0.03214
441.95786 18.91819 0.03187
441.96081 18.97062 0.03293
441.96392 18.95061 0.03405
441.96715 18.96449 0.0304
441.97012 18.92028 0.03115
441.97294 18.97169 0.03271
441.97532 18.99757 0.03104
441.97757 18.93747 0.03141
441.9798 18.93742 0.03207
441.9835 18.92918 0.03016
441.9863 18.92039 0.03241
441.98852 18.9954 0.03507
441.99078 18.91636 0.03247
441.99382 18.93702 0.03321
442.00593 18.9695 0.03614
442.00906 18.98166 0.0387
442.01216 19.02106 0.03919
442.01486 19.02366 0.04649
442.01753 19.00685 0.0526
442.02001 19.04275 0.0771
442.02226 19.11507 0.06964
444.66648 18.92168 0.05764
444.67221 18.93424 0.05282
444.67727 19.05152 0.05204
444.68857 19.01909 0.04417
444.69526 19.03527 0.04823
444.70198 19.01996 0.04412
444.7091 19.03238 0.04599
444.71487 18.8902 0.0386
444.72103 18.93781 0.03888
444.72796 18.91171 0.03896
444.73377 18.932 0.03559
444.74094 19.01006 0.03727
444.74655 18.89065 0.03411
444.75167 18.97633 0.03673
444.75678 18.91378 0.03429
444.76225 18.88329 0.03204
444.7673 18.92785 0.03308
444.77353 18.89563 0.03441
444.77876 18.89547 0.03261
444.78368 18.91961 0.03414
444.79848 18.9161 0.03097
444.80403 18.93724 0.03175
444.81599 18.9233 0.03312
444.8213 18.92897 0.03053
444.83332 18.96138 0.03108
444.83854 18.98559 0.03216
444.84549 18.9014 0.03152
444.85161 18.96895 0.03174
444.85679 18.95477 0.03101
444.86267 18.97995 0.03621
444.86777 19.03253 0.04037
444.87321 18.93269 0.03006
444.87872 18.96733 0.0344
444.88467 18.91352 0.03275
444.89016 18.99289 0.03271
444.89581 18.9848 0.03669
444.90153 18.9435 0.03029
444.90845 18.95715 0.03381
444.91349 18.95232 0.03196
444.92279 18.97155 0.03168
444.93139 19.03875 0.03174
444.94041 18.96924 0.03148
444.94568 18.94129 0.03192
444.951 19.00191 0.03737
444.95724 18.99819 0.036
444.96289 18.89672 0.03118
444.96923 18.93884 0.03157
444.97411 18.8998 0.03247
444.98062 19.0145 0.03282
444.98915 18.98828 0.03668
444.99553 18.95106 0.03179
445.00157 18.9677 0.03193
445.00779 19.02742 0.03448
445.01282 18.95864 0.0382
445.01777 18.92929 0.05157
445.02227 19.01064 0.05992
448.65527 18.93538 0.05681
448.70146 18.976 0.04426
451.65338 18.92471 0.04452
451.70095 18.9041 0.03805
454.64058 19.05345 0.05809
457.63067 18.94798 0.06741
457.6732 18.97348 0.0483
460.63624 18.96746 0.06312
460.72453 19.04506 0.05437
463.63005 18.8715 0.08777
463.71104 18.89907 0.08661
466.61784 19.03221 0.06004
466.61959 18.99359 0.05263
466.62134 18.89598 0.04742
466.6231 18.96608 0.0481
466.62486 18.87456 0.04589
466.62661 19.02469 0.04815
466.62943 18.95905 0.0464
466.63143 18.95917 0.04739
466.63348 18.99374 0.04432
466.67604 19.0424 0.06928
471.77466 18.92157 0.02903
471.82993 18.95979 0.05425
477.66775 18.87923 0.03595
477.71276 18.90045 0.03444
480.61506 18.94197 0.04105
480.65805 18.85728 0.03602
484.66377 18.93171 0.04044
484.70695 18.92592 0.03539
485.61939 18.8891 0.04821
485.66329 18.87509 0.04347
497.84041 18.99585 0.05499
497.89223 18.99895 0.05179
514.69377 18.91172 0.04259
514.73749 18.94629 0.04663
516.67238 18.91342 0.05465
516.71654 18.87151 0.05225
517.61497 18.91801 0.05437
517.6584 18.88865 0.04712
518.61481 19.00199 0.06373
518.6578 19.14173 0.0728
527.74242 19.05425 0.05101
532.78408 18.8588 0.03321
532.82836 18.85202 0.03894
537.58157 18.90716 0.05996
537.62557 18.85809 0.03865
538.57995 18.88239 0.03867
538.62381 18.82443 0.03209
1469.87982 19.38257 0.07481
1469.91685 19.11581 0.06113
1471.87375 18.93237 0.06581
1471.91001 19.11171 0.06064
1473.86804 19.2501 0.11224
1473.90477 19.06219 0.07898
1475.86334 19.19201 0.07115
1475.9008 19.25219 0.07357
1476.86102 19.15618 0.06816
1476.89765 19.31914 0.08639
1477.85777 19.40357 0.09179
1485.83631 19.05294 0.04945
1486.83403 19.26726 0.05063
1486.87106 19.18596 0.04504
1488.83006 19.12173 0.05411
1488.86647 19.10614 0.04311
1489.82698 19.13092 0.05303
1489.86366 19.14189 0.04361
1491.8581 19.13354 0.08263
1498.802 18.99578 0.08136
1498.83888 19.04599 0.08696
1502.79167 19.20654 0.05687
1502.82864 19.21029 0.0554
1503.78903 19.08619 0.04113
1503.82769 19.04422 0.04594
1504.82017 19.36265 0.05974
1504.86992 19.18043 0.04232
1504.90811 19.17874 0.0454
1505.81768 19.25212 0.05283
1505.9509 19.13512 0.04228
1505.98842 19.2477 0.05884
1506.89349 19.15592 0.04806
1507.80198 19.13135 0.04726
1507.84712 19.12971 0.03974
1507.99891 19.20233 0.04537
1508.90167 19.1972 0.03361
1509.79634 19.10151 0.04293
1509.83877 19.12994 0.03872
1510.8262 19.10359 0.03563
1511.79111 19.09014 0.04015
1511.84089 19.11242 0.0376
1512.78788 19.22641 0.04662
1512.82519 19.19816 0.04237
1513.78624 19.12273 0.04042
1513.82352 19.14563 0.03714
1514.7834 19.12819 0.04231
1514.82081 19.08718 0.0354
1515.78106 19.04769 0.04036
1515.82231 19.13255 0.03883
1516.77774 19.09209 0.03844
1516.81437 19.08854 0.03443
1517.77605 19.12254 0.04282
1517.81715 19.12411 0.03417
1517.97309 19.16268 0.03736
1518.87478 19.10233 0.03511
1518.96686 19.08444 0.03572
1519.00311 19.08457 0.03467
1519.90443 19.02454 0.03012
1519.96504 19.05388 0.02966
1520.00171 19.05301 0.03231
1520.90327 19.07351 0.03273
1520.95521 19.10058 0.03467
1520.99262 19.12928 0.0332
1537.84525 19.10003 0.03368
1537.9874 19.09347 0.0316
1551.66063 19.06937 0.07468
1551.72202 19.34223 0.07831
1551.75862 19.15584 0.05837
1565.92832 19.16201 0.03734
1565.98151 19.14969 0.04584
1566.01544 19.03358 0.04647
1579.73584 19.16885 0.05503
1579.85963 19.12032 0.05182
1579.88516 19.16978 0.05142
1596.59731 19.14367 0.05525
1596.81771 19.17006 0.05311
1596.84238 19.17941 0.04564
1625.70494 19.1659 0.04015
1625.74386 19.1267 0.03911
1639.58002 19.15062 0.07113
1639.60438 19.13723 0.06802
1653.61955 19.29194 0.07635
1697.60505 19.09414 0.06251
1699.60928 19.16961 0.06771
1816.96412 19.29461 0.05219
1816.97531 19.22373 0.07273
1818.96227 19.22236 0.04155
1818.97512 19.09895 0.06189
1819.96647 19.10321 0.09845
1819.97765 19.32957 0.11345
1820.96625 19.21274 0.08467
1820.97769 19.24927 0.10509
1821.96237 19.41581 0.12313
1822.96143 19.23198 0.07656
1822.97681 19.20772 0.08745
1823.96094 19.41 0.09383
1823.97346 19.44931 0.09418
1824.96428 19.19877 0.07565
1824.97573 19.25791 0.0741
1826.96127 19.31979 0.06485
1826.97472 19.22229 0.08641
1827.96384 19.20056 0.05335
1827.97622 19.27382 0.0769
1828.9654 19.22215 0.05435
1828.97804 19.24821 0.06984
1829.96383 19.17488 0.0445
1829.97653 19.03149 0.04669
1830.96102 19.16833 0.04519
1830.97338 19.30443 0.05013
1831.96161 19.12225 0.03751
1831.97427 19.14087 0.04776
1832.9648 19.13471 0.0375
1832.97563 19.12109 0.04066
1833.96568 19.16514 0.03988
1833.97644 19.13272 0.05296
1834.96484 19.08207 0.03769
1834.9776 19.29522 0.06259
1835.96569 19.27411 0.04871
1835.97723 19.1648 0.0683
1836.96625 19.14492 0.03475
1836.97711 19.04009 0.04571
1837.96638 19.10277 0.03439
1837.98211 19.12346 0.06837
1838.96389 19.18804 0.03508
1838.9786 19.22493 0.05102
1840.96951 19.1166 0.03986
1840.98137 19.18923 0.05743
1844.96636 19.1241 0.0407
1844.97887 19.1287 0.0455
1847.96648 19.11652 0.03517
1847.98151 19.17154 0.04223
1851.97048 19.31165 0.06554
1851.98675 19.19091 0.06484
1856.96087 19.30851 0.07976
1856.98328 19.2025 0.06795
1859.96515 19.05778 0.0324
1859.98697 19.32915 0.04495
1863.94981 19.07418 0.03288
1867.98799 19.08344 0.03595
1868.96536 19.13517 0.03329
1868.98567 19.07838 0.03385
1874.97428 19.13403 0.03201
1874.99622 19.12081 0.03663
1875.98151 19.17953 0.03438
1875.99752 19.16958 0.04134
1878.9086 19.14448 0.05311
1878.93847 19.03303 0.04849
1879.92838 19.20863 0.06616
1879.95816 19.14205 0.06483
1882.96877 19.20642 0.08199
1882.98848 19.08909 0.07627
1884.99956 19.09856 0.05478
1890.94091 19.08847 0.03232
1890.97479 19.19878 0.03835
1972.71463 19.08286 0.04684
1972.73749 19.21831 0.04747
1979.72374 19.18896 0.06109
1980.71766 19.14825 0.04531
1980.83416 19.15432 0.04357
1981.71538 19.09708 0.04042
1981.77818 19.08138 0.04218
1984.71333 19.34586 0.06547
1984.78092 19.22181 0.0675
1986.72544 19.18703 0.04677
1986.79095 19.25552 0.05824
1987.70535 19.08595 0.0496
1987.76948 19.15281 0.04607
1988.66321 19.0462 0.04509
1989.60286 19.18223 0.05023
1989.66828 19.07154 0.04371
1990.59847 19.20172 0.04761
1990.66232 19.13817 0.04725
1991.66882 19.42148 0.11368
2000.62591 19.16294 0.04428
2000.65668 19.12149 0.05608
2011.62365 19.11255 0.04264
2011.65019 19.11839 0.04298
2018.60146 19.13971 0.05176
2018.62586 19.20049 0.04875
2030.59868 19.13136 0.04517
2040.60372 19.3005 0.04923
2040.65327 19.21081 0.0631
2059.60766 19.21655 0.04556
2059.61723 19.16929 0.04587
2064.61072 19.36838 0.05903
2064.62756 19.27722 0.05896
2069.61019 19.25786 0.05579
2069.6409 19.36015 0.06743
2089.61859 19.47839 0.09058
2089.62798 19.3272 0.09576
2179.97424 19.55169 0.12777
2180.95646 19.26777 0.08317
2185.96692 19.35288 0.07689
2187.96362 19.36107 0.05092
2188.93765 19.25593 0.04754
2188.96808 19.32883 0.05229
2189.95594 19.30244 0.04844
2190.94422 19.44163 0.05507
2190.9766 19.24467 0.08998
2191.9217 19.40192 0.05845
2191.95614 19.4044 0.05738
2192.94672 19.37871 0.05435
2192.97846 19.60339 0.11305
2193.93573 19.32608 0.05244
2193.96862 19.46992 0.06992
2194.94374 19.20602 0.04768
2194.97431 19.35607 0.07226
2195.94595 19.36231 0.06203
2195.97546 19.34187 0.07518
2196.92539 19.50055 0.07425
2196.97637 19.52043 0.0816
2197.91796 19.30954 0.05316
2197.96971 19.37833 0.05664
2198.93165 19.37173 0.05652
2198.96479 19.2458 0.05026
2199.9472 19.34132 0.0541
2199.9815 19.35871 0.10839
2207.95261 19.33366 0.07839
2207.98422 19.41486 0.10417
2208.90735 19.39857 0.0739
2208.94607 19.17315 0.06776
2209.93937 19.39776 0.09898
2209.97959 19.19769 0.06522
2210.9363 19.27155 0.06353
2210.97519 19.35098 0.06027
2211.94997 19.32875 0.05986
2211.98409 19.27545 0.07652
2212.9376 19.30802 0.0865
2212.97329 19.47691 0.09702
2214.96163 19.3782 0.05131
2216.93262 19.36972 0.05074
2216.97994 19.40695 0.05495
2218.92712 19.35985 0.04796
2218.977 19.31982 0.04759
2219.94247 19.41221 0.04443
2219.97077 19.39269 0.04057
2220.92305 19.3323 0.04096
2220.98129 19.26473 0.04283
2225.95176 19.35854 0.03908
2226.95332 19.31982 0.03517
2227.93417 19.32047 0.04183
2227.97035 19.35571 0.04206
2231.91879 19.3944 0.04582
2231.96902 19.38605 0.03879
2232.8829 19.38767 0.06373
2237.93379 19.40327 0.07146
2237.98326 19.31582 0.06885
2238.91268 19.33858 0.05783
2238.96563 19.23858 0.05683
2239.93796 19.35579 0.05366
2239.98313 19.45915 0.06961
2240.95317 19.43033 0.0552
2241.93368 19.44333 0.05226
2242.93933 19.3351 0.04162
2242.98523 19.43347 0.04509
2244.91131 19.40444 0.04415
2244.96611 19.33331 0.04184
2245.87591 19.38637 0.04148
2245.91376 19.33418 0.03815
2246.89995 19.48484 0.04264
2246.93423 19.3711 0.03945
2247.92574 19.44444 0.03901
2247.95614 19.42938 0.04073
2248.84393 19.41541 0.04425
2248.8782 19.31774 0.04167
2249.88436 19.38741 0.04211
2249.9163 19.40535 0.04164
2250.88236 19.42605 0.044
2250.92114 19.36547 0.04432
2251.8693 19.35674 0.04199
2251.91419 19.37822 0.04046
2267.93864 19.32356 0.09456
2267.9816 19.53805 0.06951
2554.97044 19.55808 0.06966
2555.93989 19.59494 0.06338
2555.96363 19.4414 0.05549
2564.94449 19.59958 0.10116
2564.95195 19.41958 0.11256
2565.94418 19.59866 0.09949
2567.951 19.55432 0.0765
2567.97572 19.92218 0.10374
2569.92685 19.55445 0.06213
2570.93954 19.50703 0.0572
2571.91515 19.58377 0.06501
2571.96845 19.63477 0.0717
2572.94 19.50347 0.05832
2572.961 19.60994 0.06916
2573.95955 19.47104 0.06003
2574.96997 19.43693 0.0539
2575.96076 19.51929 0.05665
2576.95096 19.33795 0.05339
2577.97714 19.54192 0.06819
2578.93031 19.63555 0.06042
2578.9597 19.51437 0.05215
2579.93833 19.4904 0.05693
2579.96636 19.52892 0.06207
2580.94991 19.63718 0.06102
2580.97641 19.46262 0.0708
2581.93908 19.53688 0.05192
2581.96061 19.54476 0.05699
2582.96612 19.58955 0.05197
2582.9889 19.33654 0.11489
2583.93612 19.55514 0.05337
2583.97225 19.49041 0.05287
2584.92871 19.4861 0.05451
2584.97404 19.60426 0.05585
2585.92275 19.40747 0.06281
2585.96134 19.40934 0.05416
2586.91575 19.63099 0.09175
2592.99636 19.49351 0.11607
2595.9848 19.51817 0.07435
2596.95384 19.51361 0.07082
2596.98786 19.58005 0.06964
2597.93735 19.5058 0.06006
2597.9794 19.46043 0.0601
2598.9281 19.58597 0.05818
2598.97263 19.51609 0.05933
2599.94579 19.5291 0.06064
2600.96483 19.45791 0.05591
2601.9531 19.51402 0.05734
2601.99102 19.52956 0.06143
2602.95616 19.54529 0.05914
2602.99208 19.53685 0.06104
2603.95654 19.50175 0.05221
2603.99274 19.48237 0.05844
2604.96148 19.48754 0.05587
2604.99535 19.48607 0.06413
2605.93926 19.49498 0.04866
2605.97693 19.60426 0.04963
2606.94732 19.44882 0.05446
2606.99101 19.61986 0.05877
2607.92659 19.40563 0.05162
2607.97806 19.55305 0.06166
2608.92515 19.41526 0.05412
2608.96585 19.49054 0.05479
2609.94301 19.53156 0.0602
2610.89516 19.6081 0.06231
2610.92695 19.40491 0.05856
2611.90199 19.44453 0.05451
2611.93252 19.62173 0.06179
2612.88937 19.51035 0.05394
2612.93148 19.54851 0.05519
2613.84046 19.40487 0.06825
2613.87193 19.61424 0.06467
2613.90353 19.43701 0.05116
2614.96436 19.51531 0.05774
2614.99496 19.51515 0.05614
2615.90761 19.60568 0.08155
2615.95637 19.5465 0.05317
2622.01291 19.57815 0.22528
2622.96114 19.43204 0.13927
2622.98808 19.62576 0.17031
2623.99038 19.35819 0.12387
2624.01266 19.73856 0.13251
2624.97236 19.60169 0.1236
2624.99829 19.57619 0.11115
2625.94454 19.54728 0.07323
