#mjd mag magerr
55061.92501 19.92083 0.05794
55061.95573 19.83875 0.05072
55063.91987 19.91154 0.05631
55063.9639 19.91851 0.05804
55064.92128 19.96846 0.07085
55064.9656 20.00996 0.07248
55066.91014 19.90686 0.06291
55066.95474 19.9155 0.06069
55067.91649 19.91477 0.09157
55067.96099 19.96173 0.09739
55069.90324 19.92832 0.05519
55069.94786 19.95403 0.05842
55084.86328 19.89639 0.08316
55087.85609 20.02224 0.06894
55087.90101 19.94119 0.05811
55088.96983 20.06891 0.06324
55089.01521 20.0977 0.07003
55089.94574 19.83176 0.06023
55089.99042 19.98882 0.06545
55093.83741 20.05449 0.06193
55093.88196 20.03176 0.05565
55096.8292 19.93072 0.0643
55097.00858 20.11118 0.07947
55104.99862 20.28399 0.10024
55107.79764 19.97392 0.13311
55114.88125 20.07199 0.08801
55114.92522 20.28104 0.15563
55119.89538 19.88913 0.07048
55119.95365 20.0735 0.08445
55123.75696 20.03825 0.07026
55123.81523 19.95086 0.06654
55126.97957 19.99982 0.08944
55127.83329 19.9982 0.07936
55127.87706 20.14861 0.09079
55135.82555 19.71752 0.13864
55138.71472 19.9705 0.13033
55138.75871 20.14535 0.22358
55142.7036 19.96944 0.0807
55142.75219 19.91307 0.10036
55144.77886 19.8012 0.08835
55144.82305 20.07771 0.08722
55151.72943 20.02962 0.07799
55151.77257 20.03382 0.07482
55166.70473 20.21981 0.14569
55168.63378 20.05324 0.10604
55168.6775 19.97218 0.1564
55175.61224 19.95228 0.0636
55175.65684 19.92281 0.06219
55181.59421 20.04303 0.11002
55181.63825 20.01114 0.10114
55183.59204 20.06997 0.11971
55183.64253 20.04658 0.08799
55189.58054 20.10789 0.0972
55189.62557 20.43721 0.11257
55194.59026 19.9755 0.13458
55199.58559 19.9623 0.07634
55380.87684 20.08575 0.14389
55380.92078 20.10607 0.13828
55381.89606 19.77433 0.07415
55381.93934 19.64234 0.08569
55386.86524 20.05666 0.07642
55386.90867 19.81799 0.06829
55391.80613 20.02927 0.11136
55391.87538 19.93827 0.07335
55396.79527 20.41233 0.1445
55396.83932 19.70564 0.07054
55401.82518 19.75481 0.15827
55407.83003 20.25149 0.14749
55413.75577 20.10136 0.15095
55413.79945 19.88681 0.10617
55416.75096 19.75948 0.12824
55416.79342 20.08419 0.15683
55419.75121 20.21612 0.20884
55419.79504 20.0591 0.1307
55422.75115 19.87782 0.10241
55422.79487 19.58289 0.07946
55426.80123 19.74174 0.08472
55426.8444 19.84237 0.07178
55429.8142 19.90279 0.10863
55429.85716 19.7384 0.07607
55432.73907 19.81866 0.13901
55438.88857 19.95567 0.14798
55438.89169 19.8884 0.1202
55438.89485 19.89122 0.1024
55438.89798 19.88261 0.09363
55438.90086 19.85809 0.12578
55438.90371 19.81955 0.09635
55438.9065 20.12568 0.1069
55438.90927 20.04535 0.10462
55438.91204 20.29712 0.11767
55438.91487 19.89559 0.11071
55438.91763 19.86487 0.10972
55438.92084 19.93022 0.10826
55438.92394 19.63777 0.09712
55438.92672 20.14607 0.1264
55438.92954 19.92619 0.14138
55438.93259 19.88459 0.15388
55438.93551 20.29356 0.1286
55438.93833 20.2464 0.13897
55438.94106 20.10856 0.1225
55438.94411 20.2021 0.11792
55438.94678 19.87741 0.12851
55438.95017 19.75324 0.12003
55438.95913 20.17117 0.13239
55438.96141 20.05149 0.11326
55441.87301 19.79651 0.05761
55441.87592 19.88743 0.06363
55441.88645 20.01539 0.07269
55441.88962 19.8928 0.06409
55441.89254 20.08257 0.07902
55441.89542 19.83716 0.06085
55441.89828 19.94921 0.06272
55441.90107 19.84294 0.06273
55441.9037 19.97974 0.06811
55441.90634 19.80719 0.05993
55441.90906 19.84449 0.05835
55441.9118 19.91193 0.06196
55441.91445 20.00444 0.06031
55441.91722 19.89666 0.05957
55441.91981 19.96307 0.07172
55441.92242 19.79355 0.06322
55441.92546 19.87305 0.06173
55441.9281 20.03563 0.06741
55441.93183 19.86623 0.05971
55441.93458 19.97573 0.06453
55441.93727 19.99209 0.0687
55441.94048 20.01466 0.0697
55441.94326 19.81228 0.05858
55441.94546 19.84985 0.05875
55441.94852 19.92633 0.06093
55441.95194 19.85921 0.06251
55441.95469 20.03638 0.07135
55441.95786 19.94719 0.06608
55441.96081 19.85762 0.06392
55441.96392 19.86461 0.06413
55441.96715 19.86549 0.06145
55441.97012 19.92528 0.06821
55441.97294 19.82469 0.05787
55441.97532 19.71057 0.07005
55441.97757 20.00147 0.07209
55441.9798 19.87742 0.06473
55441.9835 20.04018 0.06442
55441.9863 19.98239 0.06865
55441.98852 19.9584 0.06914
55441.99078 19.92236 0.06773
55441.99382 19.86502 0.06267
55442.00593 19.9905 0.07312
55442.00906 20.01866 0.06931
55442.01216 19.89407 0.08339
55442.01486 20.07466 0.08131
55442.01753 19.97585 0.10041
55442.02001 19.89475 0.10765
55442.02226 19.91507 0.12803
55444.66648 20.01768 0.16039
55444.67727 20.21852 0.11501
55444.68857 20.13509 0.09748
55444.69526 19.89027 0.08388
55444.70198 20.01696 0.0937
55444.7091 19.88538 0.09259
55444.71487 20.0052 0.08229
55444.72103 20.03382 0.08758
55444.72796 19.82671 0.07348
55444.73377 19.964 0.07429
55444.74094 20.00106 0.07698
55444.74655 19.92265 0.07549
55444.75167 20.00633 0.0852
55444.75678 19.86977 0.07399
55444.76225 19.92829 0.06462
55444.7673 19.90285 0.06664
55444.77353 20.05463 0.0737
55444.77876 19.87847 0.08082
55444.78368 19.91161 0.06942
55444.79848 19.8821 0.06113
55444.80403 19.95324 0.06582
55444.81599 19.9313 0.06541
55444.8213 19.89297 0.06002
55444.83332 19.73938 0.05596
55444.83854 19.8506 0.06368
55444.84549 19.8244 0.05892
55444.85161 19.89295 0.06122
55444.85679 19.84276 0.05791
55444.86267 19.90995 0.06481
55444.86777 20.07953 0.07594
55444.87321 19.83469 0.06223
55444.87872 19.79833 0.06251
55444.88467 19.99952 0.06922
55444.89016 19.92089 0.0713
55444.89581 20.0908 0.07824
55444.90153 19.99651 0.07148
55444.90845 19.88815 0.0688
55444.91349 19.93631 0.06133
55444.92279 19.83455 0.06753
55444.93139 19.90975 0.06267
55444.94041 19.78224 0.06164
55444.94568 19.8053 0.05593
55444.951 19.80991 0.07319
55444.95724 19.8492 0.06112
55444.96289 19.86572 0.05905
55444.96923 19.83484 0.05994
55444.97411 19.9278 0.06818
55444.98062 19.9285 0.06122
55444.98915 19.90128 0.0709
55444.99553 19.92306 0.06879
55445.00157 19.8607 0.06581
55445.00779 19.88442 0.0642
55445.01282 20.01364 0.0745
55445.01777 20.09329 0.0899
55445.02227 20.18664 0.11871
55448.65527 20.08138 0.12789
55448.70146 19.796 0.09312
55451.65338 19.95071 0.0973
55451.70095 20.0001 0.07512
55454.64058 20.26445 0.12818
55454.68793 19.87559 0.10928
55457.63067 19.88398 0.1443
55457.6732 19.83748 0.13534
55460.63624 19.94446 0.11752
55460.72453 19.92106 0.10229
55463.71104 20.06707 0.16491
55466.61784 20.08321 0.14166
55466.61959 20.21559 0.10262
55466.62134 20.04898 0.1044
55466.6231 20.01108 0.12128
55466.62486 19.89856 0.0919
55466.62661 20.18169 0.10007
55466.62943 20.24705 0.12747
55466.63143 19.66717 0.11278
55466.63348 20.00174 0.1019
55466.67604 19.8014 0.13679
55471.77466 19.93257 0.0632
55471.82993 19.85479 0.09367
55477.66775 19.88923 0.08205
55477.71276 19.93945 0.07451
55480.61506 19.94698 0.09041
55480.65805 19.95128 0.08
55484.66377 19.92871 0.08941
55484.70695 19.88392 0.07584
55485.61939 19.9401 0.09801
55485.66329 19.8711 0.0887
55497.84041 20.12685 0.11863
55497.89223 20.28794 0.13667
55514.69377 20.04672 0.09089
55514.73749 19.88528 0.08962
55516.67238 19.87042 0.11037
55517.61497 19.83701 0.0914
55517.6584 20.01566 0.09181
55518.61481 19.91199 0.14356
55518.6578 20.27473 0.18718
55527.74242 20.12825 0.13728
55532.78408 19.8258 0.0687
55532.82836 19.81002 0.07652
55537.58157 20.09616 0.13067
55537.62557 20.07409 0.08311
55538.57995 19.81039 0.07419
55538.62381 19.89343 0.06819
56469.87982 19.59857 0.10116
56469.91685 19.59182 0.09509
56471.87375 19.72737 0.0993
56471.91001 19.87671 0.08768
56473.86804 19.8551 0.17266
56473.90477 19.60919 0.11123
56475.86334 19.99801 0.12055
56475.9008 19.93719 0.10542
56476.86102 19.64818 0.11555
56476.89765 19.79514 0.12605
56477.85777 19.73857 0.11564
56485.83631 19.79193 0.07692
56486.83403 19.86326 0.07938
56486.87106 19.80896 0.0618
56488.83006 19.77073 0.08414
56488.86647 19.60314 0.05696
56489.82698 19.84192 0.09802
56489.86366 19.79089 0.06734
56491.8581 19.74454 0.12736
56498.802 19.88078 0.14799
56498.83888 19.849 0.12761
56502.79167 19.71255 0.07331
56502.82864 19.89828 0.08516
56503.78903 19.63719 0.0646
56503.82769 19.56822 0.06614
56504.82017 19.73265 0.07746
56504.86992 19.57643 0.05776
56504.90811 19.80174 0.06843
56505.81768 19.73912 0.08405
56505.9509 19.59612 0.05571
56505.98842 19.82669 0.07758
56506.89349 19.63292 0.09697
56507.80198 19.82435 0.07224
56507.84712 19.58971 0.05953
56507.99891 19.64133 0.06509
56508.90167 19.7022 0.0521
56509.79634 19.62651 0.05966
56509.83877 19.60194 0.05754
56510.8262 19.59559 0.04914
56511.79111 19.73314 0.06266
56511.84089 19.67441 0.05643
56512.78788 19.78641 0.06755
56512.82519 19.73016 0.06551
56513.78624 19.65073 0.06214
56513.82352 19.61763 0.05396
56514.7834 19.61119 0.06733
56514.82081 19.64218 0.06077
56515.78106 19.56969 0.07524
56515.82231 19.62955 0.05686
56516.77774 19.60009 0.05866
56516.81437 19.58854 0.05192
56517.77605 19.52754 0.06155
56517.81715 19.59011 0.05257
56517.97309 19.74268 0.05584
56518.87478 19.66333 0.05224
56518.96686 19.81444 0.05321
56519.00311 19.61357 0.05627
56519.90443 19.56854 0.04402
56519.96504 19.70688 0.04683
56520.00171 19.67501 0.05285
56520.90327 19.5515 0.04447
56520.95521 19.68958 0.05068
56520.99262 19.55528 0.04699
56537.84525 19.75003 0.04999
56537.9874 19.64947 0.04846
56551.66063 19.53237 0.11601
56551.72202 19.84323 0.10288
56551.75862 19.72684 0.0943
56565.92832 19.80701 0.06633
56565.98151 19.68569 0.07169
56566.01544 19.47159 0.0648
56579.73584 19.89485 0.0926
56579.85963 19.87931 0.09212
56579.88516 19.64178 0.08513
56596.59731 19.57367 0.0714
56596.81771 19.80606 0.07944
56596.84238 19.79341 0.07509
56625.70494 19.7419 0.05787
56625.74386 19.6477 0.05624
56639.58002 19.81062 0.11488
56639.60438 19.72023 0.10008
56697.60505 19.81414 0.09314
56699.60928 19.97761 0.10544
56816.96412 19.72261 0.07164
56816.97531 19.80972 0.10639
56818.96227 19.67236 0.05951
56818.97512 19.63195 0.10162
56819.96647 19.73022 0.10634
56819.97765 19.91357 0.1688
56820.96625 19.78874 0.12202
56820.97769 19.53626 0.13505
56821.96237 19.84081 0.1641
56821.9727 19.56079 0.15303
56822.96143 19.96898 0.13149
56822.97681 19.66672 0.12721
56823.96094 19.827 0.15154
56823.97346 19.79931 0.12933
56824.96428 19.99277 0.10111
56824.97573 19.72691 0.11253
56826.96127 19.62379 0.0977
56826.97472 19.83429 0.12994
56827.96384 19.57656 0.06972
56827.97622 19.42481 0.08189
56828.9654 19.68415 0.0814
56828.97804 19.51021 0.09697
56829.96383 19.65788 0.06943
56829.97653 19.62649 0.07448
56830.96102 19.48133 0.05994
56830.97338 19.63143 0.06638
56831.96161 19.64225 0.05404
56831.97427 19.62187 0.06372
56832.9648 19.62371 0.05441
56832.97563 19.47609 0.05539
56833.96568 19.59014 0.05181
56833.97644 19.63372 0.07189
56834.96484 19.71007 0.05134
56834.9776 19.67122 0.0883
56835.96569 19.68911 0.06665
56835.97723 19.7028 0.10323
56836.96625 19.64192 0.05456
56836.97711 19.58009 0.06525
56837.96638 19.56677 0.04801
56837.98211 19.53146 0.0917
56838.96389 19.50104 0.04532
56838.9786 19.61693 0.07415
56840.96951 19.6006 0.052
56840.98137 19.66323 0.07927
56844.96636 19.5201 0.05552
56844.97887 19.5667 0.0677
56847.96648 19.56152 0.05169
56847.98151 19.60454 0.05503
56851.97048 19.68465 0.09327
56851.98675 19.74691 0.10136
56856.96087 19.73751 0.1133
56856.98328 19.6235 0.08551
56859.96515 19.49478 0.04717
56859.98697 19.61115 0.05949
56863.94981 19.57619 0.04607
56867.98799 19.60844 0.04841
56868.96536 19.61517 0.04903
56868.98567 19.74238 0.05273
56874.97428 19.54503 0.0443
56874.99622 19.62481 0.05166
56875.98151 19.61153 0.05189
56875.99752 19.61058 0.05378
56878.9086 19.55648 0.07116
56878.93847 19.58903 0.06963
56879.92838 19.41863 0.09961
56879.95816 19.68905 0.09309
56882.96877 19.47742 0.09475
56882.98848 19.85109 0.11391
56884.99956 19.70356 0.0763
56890.94091 19.62147 0.04861
56890.97479 19.58578 0.05049
56972.71463 19.63386 0.0647
56972.73749 19.6503 0.07001
56979.72374 19.83696 0.09818
56980.71766 19.66225 0.06352
56980.83416 19.63732 0.06608
56981.71538 19.59908 0.05786
56981.77818 19.73738 0.06638
56984.71333 19.78486 0.10206
56984.78092 19.79981 0.102
56986.72544 19.69403 0.08096
56986.79095 19.87952 0.09081
56987.70535 19.77495 0.06955
56987.76948 19.55981 0.06901
56988.66321 19.7822 0.07302
56989.60286 19.61823 0.06538
56989.66828 19.66654 0.06694
56990.59847 19.66072 0.07054
56990.66232 19.64517 0.06481
57000.62591 19.77594 0.06462
57000.65668 19.67649 0.1011
57011.62365 19.73156 0.08212
57011.65019 19.69739 0.06306
57018.60146 19.87071 0.07301
57018.62586 19.64049 0.06639
57030.59868 19.65536 0.06479
57040.60372 19.6505 0.06886
57040.65327 19.66681 0.08575
57059.60766 19.76055 0.06598
57059.61723 19.88329 0.07556
57064.61072 19.83238 0.08775
57064.62756 19.85422 0.08768
57069.61019 19.63586 0.07264
57069.6409 19.61815 0.10275
57089.61859 20.12939 0.12722
57089.62798 19.9072 0.16799
57179.97424 19.9177 0.19141
57180.95646 19.64777 0.10352
57185.96692 19.78688 0.09316
57187.96362 19.81607 0.06993
57188.93765 19.84893 0.07146
57188.96808 19.75983 0.08687
57189.95594 19.77944 0.07576
57190.94422 19.85063 0.07766
57190.9766 20.07367 0.13468
57191.9217 19.74393 0.08487
57191.95614 19.8854 0.08619
57192.94672 19.8277 0.0836
57192.97846 19.99739 0.15411
57193.93573 19.88008 0.07407
57193.96862 20.12792 0.10564
57194.94374 19.76202 0.06959
57194.97431 19.80107 0.08354
57195.94595 20.01131 0.09961
57195.97546 19.74187 0.1065
57196.92539 19.85655 0.09292
57196.97637 19.82743 0.15372
57197.91796 19.90654 0.08496
57197.96971 19.87033 0.08403
57198.93165 19.89673 0.07425
57198.96479 19.9578 0.07537
57199.9472 19.71032 0.09297
57207.95261 19.75466 0.12418
57207.98422 19.72886 0.10826
57208.90735 19.97657 0.11063
57208.94607 19.77215 0.1076
57209.93937 19.84776 0.11126
57209.97959 19.78369 0.10114
57210.9363 20.15755 0.09675
57210.97519 19.75198 0.07392
57211.94997 19.85775 0.08059
57211.98409 19.97545 0.11655
57212.9376 19.88202 0.14918
57214.96163 19.76921 0.06244
57216.93262 19.83372 0.06698
57216.97994 19.86795 0.0704
57218.92712 19.75885 0.06203
57218.977 19.96982 0.07173
57219.94247 19.83622 0.05529
57219.97077 19.85769 0.05523
57220.92305 19.7753 0.05477
57220.98129 19.85173 0.06664
57225.95176 19.91754 0.05465
57226.95332 19.85182 0.05172
57227.93417 19.85048 0.06202
57227.97035 19.84671 0.05589
57231.91879 19.8484 0.06236
57231.96902 19.91105 0.05623
57232.8829 19.78767 0.07691
57237.98326 20.02482 0.11599
57238.91268 19.75958 0.0663
57238.96563 19.81658 0.07078
57239.93796 19.82179 0.07552
57239.98313 19.86615 0.08
57240.95317 19.88233 0.08373
57241.93368 19.84134 0.07097
57242.93933 19.9301 0.06391
57242.98523 19.90747 0.07228
57244.91131 19.82744 0.06487
57244.96611 19.86931 0.05758
57245.87591 19.78437 0.05783
57245.91376 19.86118 0.05527
57246.89995 19.74184 0.05638
57246.93423 19.7771 0.05767
57247.92574 19.83244 0.05462
57247.95614 19.75238 0.04788
57248.84393 19.78341 0.0567
57248.8782 19.75874 0.05623
57249.88436 19.74541 0.05416
57249.9163 19.83335 0.05538
57250.88236 19.83905 0.05576
57250.92114 19.82546 0.05936
57251.8693 19.75974 0.05345
57251.91419 19.72122 0.05359
57267.9816 19.74205 0.08867
57554.97044 19.99708 0.15137
57555.93989 19.82894 0.07525
57555.96363 19.6564 0.07674
57564.94449 19.63558 0.12134
57564.95195 19.96758 0.12654
57565.94418 20.01966 0.09999
57567.951 20.21432 0.09883
57567.97572 19.92218 0.09556
57569.92685 19.57145 0.06851
57570.93954 19.76203 0.06917
57571.91515 19.96077 0.09781
57571.96845 19.88977 0.07877
57572.94 19.90246 0.07974
57572.961 19.73694 0.082
57573.95955 19.97404 0.07239
57574.96997 19.81392 0.06808
57575.96076 19.74329 0.06519
57576.95096 19.88395 0.0691
57577.97714 19.85892 0.07976
57578.93031 19.75755 0.0667
57578.9597 20.03337 0.07158
57579.93833 19.9024 0.07199
57579.96636 20.06791 0.08422
57580.94991 19.73118 0.0756
57580.97641 19.64862 0.07159
57581.93908 19.69888 0.06123
57581.96061 19.72876 0.06046
57582.96612 19.78855 0.0712
57582.9889 19.88954 0.1098
57583.93612 19.82814 0.06304
57583.97225 19.69741 0.06125
57584.92871 19.8801 0.06557
57584.97404 19.66326 0.05883
57585.92275 19.80047 0.07508
57585.96134 19.88033 0.07112
57586.91575 19.72 0.09524
57592.99636 19.83351 0.11578
57595.9848 19.78017 0.08992
57596.95384 19.90761 0.0866
57596.98786 19.91705 0.10979
57597.93735 19.8018 0.07672
57597.9794 19.77843 0.08295
57598.9281 19.69797 0.06496
57598.97263 19.78309 0.0681
57599.94579 19.7251 0.0756
57600.96483 19.70292 0.06717
57601.9531 19.82803 0.07062
57601.99102 19.83656 0.0713
57602.95616 19.88729 0.08155
57602.99208 20.00185 0.08065
57603.95654 19.73676 0.06155
57603.99274 19.64837 0.06779
57604.96148 19.74354 0.06434
57604.99535 19.56606 0.07729
57605.93926 19.77498 0.06073
57605.97693 19.72326 0.05701
57606.94732 19.58882 0.06514
57606.99101 19.94686 0.07374
57607.92659 19.80663 0.06346
57607.97806 19.98405 0.08858
57608.92515 19.91026 0.07067
57608.96585 19.78253 0.06763
57609.94301 19.90156 0.06875
57610.89516 19.7211 0.07617
57610.92695 19.70991 0.06664
57611.90199 19.63653 0.07336
57611.93252 19.74973 0.07875
57612.88937 19.97835 0.073
57612.93148 19.72751 0.06237
57613.84046 19.96087 0.08662
57613.87193 19.67524 0.06617
57613.90353 19.67001 0.05715
57614.96436 19.77631 0.06872
57614.99496 19.73215 0.06143
57615.90761 19.94568 0.10132
57615.95637 19.74151 0.06264
57622.96114 19.89204 0.18952
57622.98808 19.85676 0.1898
57623.99038 20.12618 0.15523
57624.01266 19.78056 0.149
57624.97236 20.14569 0.12839
57624.99829 19.86819 0.11664
57625.94454 19.94028 0.08511
