#mjd mag magerr
55061.95573 17.72897 0.02791
55063.91987 17.7161 0.02826
55064.92128 17.73885 0.02973
55064.9656 17.71675 0.03054
55066.91014 17.44803 0.03274
55066.95474 17.45676 0.03252
55069.90324 17.93531 0.02023
55069.94786 17.97792 0.02022
55080.87449 17.81869 0.05187
55080.95988 17.75047 0.06786
55084.86328 17.98328 0.02773
55087.85609 17.91702 0.02127
55087.90101 17.94984 0.02061
55088.96983 17.87063 0.0225
55089.99042 17.86181 0.02513
55093.83741 17.98668 0.02039
55093.88196 17.98222 0.02022
55096.8292 17.95816 0.02099
55097.00858 17.98914 0.02464
55104.99862 18.02584 0.0272
55107.79764 17.99869 0.03903
55114.88125 18.0038 0.02356
55114.92522 18.06336 0.05468
55119.89538 17.98838 0.02333
55119.95365 17.96162 0.02424
55123.75696 17.93504 0.02131
55123.81523 17.96266 0.02129
55126.97957 17.98524 0.02989
55127.83329 17.9845 0.02237
55127.87706 17.94051 0.02452
55135.82555 18.03814 0.04192
55135.86926 17.97201 0.04713
55138.71472 17.9821 0.04207
55138.75871 17.94072 0.04714
55142.7036 17.92936 0.02412
55142.75219 17.92854 0.02577
55144.77886 17.97069 0.02464
55144.82305 17.9638 0.02563
55151.72943 17.93256 0.02349
55151.77257 17.96407 0.02188
55166.70473 18.0005 0.03966
55166.74897 17.98348 0.04822
55168.63378 17.99714 0.03555
55168.6775 17.91874 0.03413
55175.61224 17.97572 0.02318
55175.65684 18.00464 0.02228
55181.59421 17.98183 0.03318
55181.63825 17.98667 0.02744
55183.59204 18.02607 0.03147
55183.64253 17.97576 0.02403
55189.58054 17.95523 0.02724
55189.62557 17.98434 0.02447
55194.59026 17.94884 0.04669
55199.58559 17.90396 0.02263
55201.58642 17.87284 0.06539
55202.58667 18.04801 0.03304
55203.71441 17.87746 0.028
55203.75743 17.95378 0.0295
55207.63092 17.87981 0.02479
55207.67514 17.92592 0.02237
55209.5968 17.93077 0.02
55209.64149 17.95103 0.02068
55213.63312 17.85518 0.0361
55213.6798 17.85284 0.03861
55377.85123 17.89118 0.04073
55377.89535 17.86118 0.03416
55378.90615 17.77344 0.04082
55379.8591 17.93431 0.02921
55379.92482 17.91363 0.02489
55380.87684 17.89138 0.03531
55380.92078 17.83425 0.02908
55381.89606 17.91478 0.02403
55381.93934 17.92954 0.02273
55384.82671 17.88204 0.02151
55384.87028 17.8915 0.02056
55385.87021 17.94425 0.02015
55385.91339 17.8557 0.01978
55386.86524 17.86914 0.02258
55386.90867 17.85275 0.02092
55387.87002 17.87815 0.02039
55387.91342 17.83019 0.01958
55388.86609 17.79246 0.0272
55388.91005 17.84804 0.02126
55390.80957 17.8107 0.02728
55390.85393 17.78896 0.02595
55391.80613 17.82801 0.02955
55391.87538 17.77813 0.02327
55392.83258 17.8702 0.02457
55392.87538 17.80186 0.0229
55394.79908 17.88852 0.02643
55394.8431 17.87615 0.02293
55395.79551 17.88415 0.03095
55395.84215 17.92691 0.02186
55396.79527 17.87185 0.02795
55396.83932 17.84265 0.02125
55397.79163 17.92055 0.0348
55397.83526 17.92208 0.02333
55398.78764 17.84918 0.04014
55398.83124 17.87385 0.02679
55399.78802 17.94825 0.03973
55399.83261 17.86131 0.03017
55400.78534 17.9228 0.04071
55400.8289 17.86588 0.03272
55401.78133 17.93242 0.04568
55401.82518 17.81421 0.03707
55402.77979 17.88733 0.07139
55402.8246 17.88352 0.04305
55403.77642 18.04875 0.06225
55403.81973 17.93637 0.04872
55404.77424 17.9981 0.04937
55404.84266 17.87371 0.03635
55405.8416 17.92573 0.04041
55407.7691 17.91198 0.04884
55407.83003 17.86609 0.03946
55408.78389 17.93233 0.07411
55411.79896 17.87688 0.03277
55412.75232 17.97045 0.03904
55412.79539 17.9255 0.03319
55413.75577 18.07623 0.05911
55413.79945 17.96538 0.04983
55414.75161 17.9139 0.06789
55414.79555 17.91673 0.02994
55415.75266 17.91424 0.04245
55415.79727 17.90282 0.06261
55416.75096 17.89745 0.03916
55416.79342 17.90753 0.03452
55417.75979 17.89015 0.06374
55417.84511 17.92262 0.05302
55418.79843 17.83748 0.0352
55418.84121 17.93123 0.03243
55419.75121 17.92734 0.06239
55419.79504 17.87231 0.03454
55420.78929 17.89735 0.06344
55420.83264 17.91364 0.03846
55421.73664 17.79323 0.02726
55421.79901 17.86528 0.0218
55422.75115 17.85039 0.02561
55422.79487 17.836 0.02262
55423.74742 17.89042 0.02515
55423.79284 17.81707 0.02353
55424.75349 17.92172 0.02885
55424.80178 17.82071 0.02145
55425.76166 17.8217 0.02923
55425.80573 17.83977 0.02278
55426.80123 17.84882 0.02579
55426.8444 17.81277 0.02308
55427.79708 18.00166 0.02579
55427.8408 17.86073 0.02221
55428.79281 17.92665 0.02544
55428.83703 17.88904 0.02309
55429.8142 17.99025 0.02773
55429.85716 17.94403 0.02496
55430.75769 17.95204 0.03351
55430.80485 17.90728 0.02865
55431.75639 17.86756 0.03167
55431.80024 17.85626 0.03127
55432.73907 17.89294 0.04196
55432.78359 17.96217 0.03813
55433.70425 18.01622 0.06441
55433.7493 17.94732 0.0515
55434.69401 17.92094 0.05964
55434.73769 17.96882 0.04656
55435.69148 17.901 0.05009
55436.88575 17.89017 0.03154
55436.88891 17.94361 0.03174
55436.8919 17.90557 0.03102
55436.89501 17.92113 0.03435
55436.89797 17.94637 0.03455
55436.90109 17.93681 0.03377
55436.9042 17.99215 0.03381
55436.90728 17.94826 0.03436
55436.91041 17.9325 0.03666
55436.91351 17.88966 0.03364
55436.91641 17.97015 0.03629
55436.91931 17.94652 0.03531
55436.92221 17.93775 0.03571
55436.92514 18.03156 0.03731
55436.92806 17.87732 0.0345
55436.93096 17.90071 0.03323
55436.93413 17.8983 0.03422
55436.93703 17.92309 0.0351
55436.93974 17.92639 0.0337
55436.94297 17.91426 0.04002
55436.94613 17.89105 0.03251
55436.94915 17.97136 0.03435
55436.95231 17.88399 0.03297
55436.9553 17.96554 0.03285
55436.95826 17.94515 0.03379
55436.96116 17.82923 0.031
55436.96403 17.8432 0.03095
55436.96671 17.84322 0.03538
55438.88857 17.97352 0.03231
55438.89169 17.87708 0.03307
55438.89485 17.9826 0.03119
55438.89798 18.0109 0.03053
55438.90086 17.85377 0.02877
55438.90371 17.96126 0.02869
55438.9065 17.95967 0.02877
55438.90927 17.90515 0.02743
55438.91204 17.82467 0.02856
55438.91487 17.92987 0.02821
55438.91763 17.96169 0.03045
55438.92084 17.92197 0.03132
55438.92394 17.8758 0.03139
55438.92672 17.80204 0.03366
55438.92954 17.93136 0.03218
55438.93259 17.85704 0.03635
55438.93551 17.9342 0.03098
55438.93833 17.92341 0.03259
55438.94106 17.93838 0.03386
55438.94411 17.88075 0.03214
55438.94678 17.89955 0.0324
55438.95017 17.85188 0.03264
55438.95913 17.96758 0.03063
55438.96141 17.92273 0.03057
55440.87507 17.90379 0.023
55440.87823 17.96244 0.02281
55440.88428 17.95329 0.02241
55440.88675 17.88885 0.0222
55440.8894 17.89988 0.0225
55440.89205 17.86184 0.02383
55440.89518 17.92039 0.023
55440.89832 17.90372 0.02264
55440.90145 17.89895 0.02207
55440.90439 17.93896 0.02335
55440.90729 17.86292 0.02294
55440.91025 17.89025 0.02311
55440.91316 17.93256 0.02413
55440.91591 17.88275 0.02331
55440.9187 17.83322 0.02655
55440.92149 17.91172 0.02246
55440.92426 17.8676 0.02243
55440.93095 17.87471 0.02472
55440.93364 17.86731 0.02238
55440.93623 17.88961 0.02322
55440.9395 17.83206 0.02457
55440.94264 17.91981 0.02295
55440.94582 17.8837 0.02353
55440.94883 17.8462 0.02346
55440.95182 17.89243 0.02256
55440.95489 17.88514 0.0227
55440.95791 17.87449 0.02309
55441.87301 17.91737 0.02092
55441.87592 17.9076 0.02031
55441.88645 17.92686 0.02082
55441.88962 17.90987 0.02087
55441.89254 17.88837 0.02019
55441.89542 17.89789 0.02066
55441.89828 17.88327 0.02061
55441.90107 17.9095 0.02084
55441.9037 17.93522 0.02101
55441.90634 17.9241 0.02109
55441.90906 17.89983 0.02061
55441.9118 17.92277 0.01987
55441.91445 17.89417 0.02029
55441.91722 17.90401 0.02062
55441.91981 17.9336 0.02166
55441.92242 17.91452 0.02129
55441.92546 17.90571 0.01964
55441.9281 17.94022 0.02146
55441.93183 17.91875 0.02029
55441.93458 17.94553 0.02044
55441.93727 17.90618 0.0199
55441.94048 17.91824 0.01997
55441.94326 17.92676 0.02106
55441.94546 17.89059 0.02051
55441.94852 17.94903 0.02033
55441.95194 17.92207 0.01999
55441.95469 17.95121 0.02027
55441.95786 17.8994 0.0201
55441.96081 17.91666 0.02054
55441.96392 17.91294 0.02085
55441.96715 17.96167 0.02014
55441.97012 17.90177 0.0204
55441.97294 17.92014 0.02062
55441.97532 17.94312 0.02043
55441.97757 17.91236 0.02041
55441.9798 17.88878 0.02015
55441.9835 17.88516 0.02199
55441.9863 17.90372 0.02192
55441.98852 17.92511 0.02239
55441.99078 17.8805 0.02059
55441.99382 17.98909 0.02267
55442.00593 17.96877 0.02186
55442.00906 17.94958 0.02381
55442.01216 17.93788 0.02302
55442.01486 17.91013 0.02556
55442.01753 17.93378 0.02739
55442.02001 17.9571 0.0325
55442.02226 17.96846 0.03922
55442.70382 17.91532 0.02182
55442.70734 17.65458 0.01921
55442.71097 17.92521 0.02154
55442.71448 17.9293 0.02104
55442.71808 17.88923 0.02105
55442.72168 17.91245 0.02038
55442.72527 17.94336 0.02096
55442.73272 17.91302 0.02096
55442.74184 17.9437 0.02032
55442.74882 17.92546 0.01988
55442.75572 17.92653 0.0196
55442.76147 17.91908 0.01986
55442.76615 17.92206 0.02012
55442.77616 17.91263 0.01984
55442.78135 17.90368 0.01901
55442.78615 17.91391 0.01931
55442.79145 17.94719 0.01917
55442.79615 17.91687 0.01941
55442.80186 17.94043 0.01995
55442.8093 17.92739 0.01903
55442.81443 17.91681 0.01925
55442.81939 17.92828 0.01983
55442.82447 17.95758 0.01952
55442.8293 17.9357 0.01986
55442.83541 17.94367 0.01979
55442.84012 17.91197 0.01903
55442.84597 17.92453 0.02032
55442.85112 17.93072 0.01945
55442.85657 17.97318 0.0195
55442.86387 17.92492 0.01949
55442.87002 17.87378 0.01968
55442.87503 17.92059 0.0193
55442.88048 17.9368 0.01945
55442.88617 17.92128 0.0193
55442.89221 17.94414 0.01989
55442.89785 17.94722 0.02043
55442.90297 17.92525 0.01969
55442.90871 17.90255 0.01947
55442.91368 17.92924 0.01937
55442.91875 17.93214 0.01988
55442.92384 17.93571 0.01953
55442.93037 17.92908 0.02033
55442.93642 17.9425 0.01969
55442.94588 17.89985 0.02139
55442.95166 17.94518 0.01973
55442.95754 17.91379 0.0204
55442.96246 17.96962 0.02065
55442.96833 17.93753 0.02051
55442.97317 17.91599 0.02015
55442.97782 17.92043 0.01958
55442.98206 17.93861 0.01943
55442.9872 17.93533 0.02098
55442.99348 17.93749 0.02
55442.99858 17.98487 0.02014
55443.00329 17.95694 0.02004
55443.01002 17.90487 0.02115
55443.01702 17.92383 0.025
55443.02387 17.85234 0.04332
55443.67742 17.89212 0.02697
55443.68488 17.91012 0.02579
55443.69287 17.91382 0.02394
55443.70415 17.93659 0.02374
55443.71028 17.91016 0.02361
55443.71632 17.93855 0.02277
55443.72231 17.88104 0.02162
55443.72832 17.91913 0.02206
55443.736 17.92464 0.02165
55443.74306 17.92916 0.02063
55443.74812 17.9428 0.02056
55443.75372 17.9136 0.02082
55443.75946 17.94619 0.02063
55443.76526 17.88938 0.02162
55443.77007 17.92193 0.02217
55443.78027 17.96979 0.02164
55443.78539 17.96485 0.02061
55443.79156 17.99369 0.01971
55443.79717 17.95607 0.02058
55443.80302 17.89673 0.01967
55443.80895 17.90947 0.01976
55443.81493 17.95345 0.02118
55443.8204 17.93093 0.02072
55443.82634 17.86914 0.01892
55443.83239 17.904 0.01974
55443.83783 17.94506 0.02051
55443.84415 17.90532 0.01926
55443.84958 17.91951 0.01997
55443.85553 17.94366 0.02008
55443.86252 17.90888 0.02045
55443.87576 17.92029 0.01992
55443.88141 17.92546 0.0197
55443.88892 17.91865 0.02012
55443.89412 17.91838 0.02162
55443.90077 17.89791 0.02108
55443.90658 17.90263 0.02042
55443.91235 17.91601 0.02021
55443.91779 17.94438 0.0214
55443.92403 17.93251 0.02128
55443.92967 17.92132 0.02028
55443.93496 17.90397 0.02066
55443.94073 17.92524 0.02109
55443.94779 17.94491 0.02027
55443.95355 17.91259 0.01953
55443.95925 17.89946 0.02021
55443.9693 17.94662 0.02083
55443.97555 17.93975 0.02065
55443.98144 17.96112 0.02029
55443.98725 17.93974 0.02386
55443.99456 17.89546 0.02081
55444.00093 17.9262 0.02138
55444.0061 17.95569 0.02128
55444.01187 17.88852 0.0224
55444.0175 17.94684 0.02613
55444.02231 17.91593 0.03418
55444.66648 17.95059 0.03001
55444.67221 17.99459 0.02822
55444.67727 17.95177 0.02722
55444.68199 17.9063 0.03668
55444.68857 17.90349 0.02489
55444.69526 17.91018 0.02486
55444.70198 17.9166 0.02332
55444.7091 17.97256 0.02518
55444.71487 17.93358 0.02302
55444.72103 17.92606 0.02219
55444.72796 17.91257 0.02218
55444.73377 17.93309 0.02198
55444.74094 17.89302 0.02133
55444.74655 17.94323 0.02141
55444.75167 17.89803 0.02108
55444.75678 17.89738 0.02018
55444.76225 17.96051 0.02114
55444.7673 17.9001 0.02077
55444.77353 17.9452 0.02145
55444.77876 17.91568 0.02031
55444.78368 17.9323 0.02143
55444.79848 17.94813 0.02015
55444.80403 17.95739 0.01965
55444.81599 17.93261 0.02048
55444.8213 17.91555 0.02061
55444.83332 17.92606 0.01934
55444.83854 17.88747 0.01968
55444.84549 17.92404 0.01976
55444.85161 17.91748 0.01968
55444.85679 17.9527 0.01977
55444.86267 17.90344 0.02083
55444.86777 17.9481 0.02259
55444.87321 17.89526 0.02046
55444.87872 17.95002 0.02015
55444.88467 17.93109 0.02099
55444.89016 17.91718 0.02059
55444.89581 17.89083 0.02184
55444.90153 17.91627 0.01964
55444.90845 17.91033 0.02072
55444.91349 17.91413 0.0198
55444.92279 17.93142 0.02007
55444.93139 17.91644 0.02006
55444.94041 17.91772 0.01877
55444.94568 17.94916 0.02021
55444.951 17.89913 0.02053
55444.95724 17.94512 0.02051
55444.96289 17.93911 0.02009
55444.96923 17.9475 0.02015
55444.97411 17.91438 0.02022
55444.98062 17.91626 0.02025
55444.98915 17.94185 0.02058
55444.99553 17.90031 0.02032
55445.00157 17.92459 0.0201
55445.00779 17.94606 0.0206
55445.01282 17.92954 0.02119
55445.01777 17.90337 0.02497
55445.02227 17.97509 0.03266
55445.66261 17.98828 0.02889
55445.66749 17.9628 0.02635
55445.67244 17.92909 0.02494
55445.67731 17.90449 0.02523
55445.68422 17.91201 0.02293
55445.6905 17.93613 0.023
55445.69681 17.93504 0.02213
55445.70294 17.95143 0.02251
55445.70921 17.94569 0.02223
55445.71534 17.89544 0.02385
55445.72141 17.96052 0.0263
55445.72791 17.93889 0.02371
55445.73457 17.9485 0.02318
55445.74013 17.97392 0.02168
55445.7456 17.9496 0.0222
55445.75096 17.99053 0.02199
55445.75643 17.96358 0.02118
55445.76191 17.9305 0.02125
55445.76784 17.92535 0.02108
55445.7737 17.94009 0.01996
55445.779 17.96478 0.02014
55445.78479 17.91512 0.01994
55445.79025 17.92138 0.01964
55445.79613 17.92272 0.01952
55445.81095 17.9106 0.01977
55445.81845 17.93456 0.02012
55445.82455 17.91366 0.01942
55445.83024 17.92776 0.01954
55445.84021 17.9031 0.0196
55445.84549 17.92279 0.01868
55445.85174 17.95357 0.01962
55445.85762 17.92493 0.01908
55445.8636 17.87705 0.01943
55445.86963 17.92802 0.01895
55445.87567 17.92175 0.01934
55445.88207 17.90493 0.0191
55445.88844 17.94127 0.01915
55445.89432 17.86424 0.01931
55445.89983 17.87399 0.01869
55445.90668 17.91995 0.01881
55445.91299 17.90201 0.01812
55445.91722 17.94042 0.01955
55445.92351 17.9203 0.01947
55445.92915 17.93638 0.01942
55445.93496 17.92216 0.01896
55445.94048 17.94038 0.01961
55445.95216 17.92479 0.01946
55445.95886 17.87874 0.01889
55445.97191 17.94528 0.01907
55445.97872 17.9337 0.01871
55445.98437 17.92533 0.01884
55445.98972 17.91957 0.01981
55445.99581 17.93789 0.02
55446.00245 17.92112 0.0193
55446.00827 17.91657 0.01897
55446.01324 17.9444 0.02048
55446.01787 17.95482 0.02368
55446.0233 17.97213 0.03135
55446.66046 17.96885 0.02797
55446.66501 17.9564 0.02786
55446.67089 17.94761 0.02445
55446.67601 17.9921 0.02448
55446.6814 17.94396 0.02573
55446.68915 17.93501 0.02311
55446.70044 17.92564 0.02382
55446.70781 17.95824 0.02193
55446.71375 17.92306 0.02212
55446.71998 17.96038 0.02303
55446.7269 17.94751 0.02241
55446.73768 17.90363 0.0228
55446.74263 17.93129 0.02084
55446.74841 17.93446 0.02148
55446.75986 17.95304 0.02033
55446.76487 17.94311 0.02039
55446.77004 17.91456 0.0205
55446.77518 17.9449 0.01981
55446.78018 17.93362 0.01996
55446.78654 17.90819 0.02014
55446.79243 17.92702 0.01995
55446.79818 17.94361 0.0204
55446.80822 17.93547 0.02051
55446.81336 17.88532 0.01989
55446.81934 17.90142 0.02012
55446.82569 17.93176 0.01944
55446.83186 17.94534 0.02
55446.83803 17.93345 0.02004
55446.84316 17.8975 0.01971
55446.84946 17.90754 0.02024
55446.85529 17.96688 0.02916
55446.86132 17.90628 0.02074
55446.87321 17.92713 0.02022
55446.87945 17.94377 0.01974
55446.88583 17.90648 0.02029
55446.89176 17.92167 0.02022
55446.89901 17.90647 0.02077
55446.90569 17.94164 0.02099
55446.91293 17.91464 0.01918
55446.91958 17.94115 0.01962
55446.92538 17.92314 0.02004
55446.93113 17.90258 0.01935
55446.93686 17.90491 0.01925
55446.94237 17.91423 0.02013
55446.94842 17.9324 0.01924
55446.95451 17.92179 0.02001
55446.96034 17.90804 0.01947
55446.96641 17.91369 0.01902
55446.97287 17.90901 0.01969
55446.97827 17.90747 0.02022
55446.98464 17.89168 0.02017
55446.99026 17.89545 0.01995
55446.99646 17.95608 0.02045
55447.00329 17.88476 0.02004
55447.02248 17.95647 0.031
55448.00377 17.88505 0.01871
55448.65527 17.92903 0.03058
55448.70146 17.91292 0.02468
55449.82958 17.90532 0.02108
55449.87259 17.90509 0.01952
55450.82585 17.96501 0.02088
55450.86998 17.92419 0.02
55451.65338 17.92473 0.02536
55451.70095 17.93367 0.02273
55452.64792 17.96239 0.02692
55452.69243 17.9084 0.02359
55453.64519 17.93816 0.0286
55453.6895 17.92919 0.02319
55454.64058 17.98871 0.03174
55454.68793 17.97022 0.03034
55455.63923 17.93658 0.03104
55455.7154 17.92209 0.02551
55456.63346 17.9229 0.03415
55456.67702 17.92427 0.02834
55457.63067 17.94532 0.03544
55457.6732 17.98735 0.02785
55458.66069 17.93407 0.03115
55458.7057 17.99061 0.03106
55459.63016 18.14178 0.06228
55459.69034 17.89751 0.04717
55460.63624 17.89036 0.0363
55460.72453 17.98235 0.03165
55461.62523 17.98938 0.04646
55461.67649 17.96587 0.03862
55462.76573 17.95982 0.04155
55462.80848 18.02637 0.04464
55463.63005 18.0175 0.05538
55463.71104 17.99772 0.04821
55466.61784 17.9254 0.03109
55466.61959 17.99352 0.02915
55466.62134 17.93068 0.02673
55466.6231 17.95378 0.02701
55466.62486 17.99768 0.02798
55466.62661 17.9682 0.02579
55466.62943 17.92213 0.02507
55466.63143 17.8912 0.02693
55466.63348 17.92012 0.0266
55466.67604 17.98603 0.03765
55467.62749 17.93207 0.02736
55468.7394 17.95813 0.02377
55468.78277 17.95588 0.02758
55469.73472 17.91841 0.05312
55469.80235 17.93862 0.07096
55470.77885 18.05988 0.05278
55470.82246 17.8892 0.02389
55471.77466 17.96594 0.01996
55471.82993 17.94812 0.05943
55472.62548 17.90177 0.02321
55472.66936 17.96226 0.02265
55473.62096 17.97363 0.05953
55477.66775 17.92497 0.02135
55477.71276 17.95772 0.02136
55478.62384 17.90172 0.02525
55478.66775 17.9717 0.02391
55479.61565 17.89703 0.02503
55479.65968 17.95037 0.02389
55480.61506 17.94532 0.02525
55480.65805 17.93011 0.02213
55481.61182 17.89442 0.02394
55481.69382 17.9101 0.02015
55482.61769 17.92882 0.02567
55482.66188 17.93968 0.02225
55482.67843 17.94834 0.02146
55483.61039 17.91739 0.02548
55483.66512 17.95783 0.02251
55484.66377 17.91844 0.02518
55484.70695 17.91936 0.02293
55485.61939 17.92334 0.0272
55485.66329 17.9541 0.02579
55486.61418 17.91721 0.03277
55486.658 18.10546 0.04162
55497.84041 17.83277 0.03238
55497.89223 17.94023 0.03146
55498.71756 17.95077 0.02241
55498.79 17.94265 0.02767
55499.59404 17.89338 0.02444
55499.63881 17.89888 0.02245
55501.66259 17.91104 0.02399
55501.75706 17.91252 0.02138
55502.72145 17.94403 0.02346
55502.82148 17.93358 0.02329
55503.77762 17.91771 0.02397
55503.8732 17.94251 0.02577
55504.82418 17.91262 0.02216
55504.91868 17.92204 0.02637
55506.68972 17.93951 0.02699
55506.73387 17.9045 0.02071
55507.81368 17.9022 0.02242
55507.89267 17.88614 0.027
55513.658 17.92926 0.02349
55513.7418 17.92026 0.0245
55514.69377 17.88514 0.02417
55514.73749 17.90615 0.02749
55515.69951 17.90883 0.02489
55515.74236 17.93114 0.0261
55516.67238 17.90137 0.03045
55516.71654 17.93142 0.03122
55517.61497 17.90564 0.03015
55517.6584 18.00869 0.0292
55518.61481 17.93378 0.03085
55518.6578 17.98385 0.03904
55527.74242 17.82644 0.03026
55530.70615 17.92122 0.02705
55530.75072 17.95275 0.03423
55531.77418 17.87164 0.03075
55531.81743 17.89215 0.04418
55532.78408 17.86196 0.02179
55532.82836 17.86907 0.02575
55535.68432 17.87589 0.02163
55537.58157 17.93879 0.03521
55537.62557 17.8944 0.02351
55538.57995 17.91296 0.02201
55538.62381 17.91185 0.02026
55539.58012 17.88491 0.02376
55539.62283 17.93302 0.02242
55540.61811 17.88673 0.0223
55540.66215 17.88433 0.02161
55541.61644 17.85333 0.02462
55541.65945 17.91089 0.03079
55544.59603 17.88878 0.02568
55544.64191 17.89638 0.02487
55545.59598 17.93705 0.03245
55545.63939 17.88753 0.02906
55558.75663 17.8747 0.02289
55559.7264 17.91637 0.0426
55561.73304 17.8388 0.02602
55561.77682 17.89555 0.03195
55567.59621 17.84822 0.02492
55575.595 17.84189 0.03749
55575.6386 17.94991 0.03719
55577.59504 17.86866 0.04697
55577.63849 17.8095 0.0415
55579.61368 17.78111 0.02881
55579.65687 17.87937 0.03083
55580.66998 17.8301 0.03306
55580.71648 17.89444 0.04036
55583.61703 17.85302 0.02158
55583.66119 17.87928 0.02784
55584.63985 17.81943 0.0215
55584.68286 17.85309 0.02586
55586.61685 17.84574 0.02133
55586.66038 17.81118 0.02378
55588.66264 17.86947 0.03793
55588.70647 17.83803 0.03687
55722.89872 17.74253 0.0238
55723.91976 17.76377 0.0237
55723.9634 17.76473 0.02163
55730.87802 17.7147 0.05084
55730.92322 17.89418 0.03899
55733.86776 17.72819 0.03029
55733.91212 17.76596 0.02521
55750.83279 17.75929 0.02629
55750.87598 17.74647 0.0236
55753.86132 17.78901 0.02901
55756.88391 17.78128 0.03559
55756.93392 17.73433 0.03111
55759.84878 17.80426 0.03112
55759.89212 17.78597 0.02738
55762.79606 17.80978 0.03413
55762.8402 17.75561 0.02886
55766.7805 17.76053 0.02568
55766.83041 17.7463 0.02323
55768.77509 17.77299 0.02661
55768.82037 17.79079 0.02582
55769.80074 17.74887 0.02068
55769.84468 17.76423 0.01943
55770.78189 17.76888 0.0228
55770.82573 17.77535 0.01995
55771.78074 17.76855 0.0221
55771.82449 17.77109 0.01945
55774.75968 17.77542 0.02473
55774.80363 17.77337 0.02048
55775.7599 17.76729 0.02647
55775.80332 17.71085 0.02971
55779.7464 17.82267 0.02762
55779.79086 17.79927 0.02137
55780.74948 17.7542 0.02735
55780.79415 17.73924 0.02242
55782.7508 17.77243 0.03069
55782.7956 17.74494 0.02755
55783.7573 17.7594 0.03807
55783.80103 17.86899 0.03041
55784.74207 17.79144 0.03866
55789.73736 17.77804 0.04681
55789.78039 17.82467 0.0342
55790.73125 17.87379 0.03869
55790.77463 17.78316 0.03293
55791.73123 17.77485 0.03637
55791.77527 17.78945 0.0327
55793.74743 17.77077 0.02879
55793.79097 17.75178 0.02979
55794.75972 17.78095 0.02173
55794.81629 17.81987 0.02538
55809.66644 17.93743 0.04127
55809.7101 17.749 0.02917
55811.66044 17.73962 0.03766
55811.7042 17.82273 0.03071
55812.65876 17.86562 0.03768
55812.70198 17.78724 0.02945
55813.66257 17.79053 0.03652
55813.70671 17.73251 0.02928
55818.70874 17.95831 0.06483
55820.63925 17.78952 0.02991
55820.68324 17.85173 0.04894
55821.63464 17.79017 0.02584
55822.63132 17.83862 0.02819
55822.67415 17.78295 0.02333
55823.62908 17.80277 0.02746
55823.67275 17.80797 0.02277
55824.62608 17.88051 0.03144
55824.6697 17.77452 0.02183
55838.61464 17.79296 0.03069
55838.65944 17.74863 0.02676
55842.61856 17.77419 0.04021
55842.66208 17.80736 0.03415
55843.61073 17.82635 0.04676
55843.65444 17.78159 0.03754
55844.60924 17.86476 0.04642
55844.65374 17.67908 0.03842
55849.60547 17.69824 0.02497
55849.65079 17.81123 0.03381
55850.60468 17.76827 0.02348
55850.64918 17.76712 0.02494
55851.60318 17.73644 0.02401
55851.64641 17.78423 0.0206
55852.60416 17.73539 0.02436
55852.6481 17.81171 0.02082
55853.60163 17.74803 0.02539
55853.6463 17.74839 0.02055
55854.60164 17.76302 0.02474
55854.64607 17.79048 0.02074
55866.5884 17.80558 0.02682
55866.64679 17.78947 0.02337
55867.58757 17.82449 0.0303
55867.63053 17.76041 0.02715
55868.5865 17.80153 0.03058
55868.63002 17.77561 0.0252
55880.87841 17.86156 0.03669
55880.92255 17.84943 0.04243
55882.86968 17.78693 0.02631
55882.87146 17.77587 0.0256
55882.91495 17.79064 0.02959
55883.86679 17.78311 0.0265
55883.91496 17.78316 0.04199
55887.63181 17.77604 0.0228
55887.68352 17.80252 0.02305
55888.8957 17.79543 0.04102
55889.80049 17.78001 0.02128
55889.84447 17.77485 0.02217
55891.57974 17.78667 0.02576
55891.6225 17.79118 0.02299
55893.58261 17.77377 0.02391
55893.62546 17.82221 0.02432
55894.58144 17.79316 0.03017
55894.62473 17.84514 0.04783
55896.58202 17.77218 0.0309
55898.82137 17.81517 0.03695
55898.86551 17.856 0.03444
55899.80997 17.86569 0.06048
55902.58519 17.79649 0.04095
55902.64414 17.81222 0.0439
55903.58342 17.76948 0.04118
55903.62024 17.81822 0.04604
55904.58683 17.84999 0.04347
55906.58378 17.75818 0.03364
55906.64029 17.76335 0.03317
55916.59575 17.79457 0.02934
55916.64026 17.80349 0.02293
55922.6423 17.82181 0.0227
55923.59751 17.79618 0.02412
55923.64145 17.80032 0.02244
55924.60837 17.75396 0.02185
55925.59941 17.80598 0.03268
55925.67897 17.7974 0.0225
55926.58279 17.73368 0.02512
55926.62543 17.76002 0.02485
55930.58585 17.76734 0.03674
55930.62499 17.73026 0.03672
55931.58458 17.75672 0.03182
55931.62692 17.80863 0.03492
55932.62858 17.83182 0.03379
55936.60917 17.83615 0.03342
55936.65247 17.84916 0.0314
55937.58951 17.84036 0.03674
55937.63319 17.84169 0.06426
55939.64879 17.71511 0.02578
55939.6851 17.8378 0.02665
55940.59145 17.8004 0.04084
55940.64013 17.81876 0.04282
55943.69972 17.77871 0.02334
55943.74446 17.77118 0.02848
55944.64379 17.79589 0.02207
55944.67224 17.80494 0.02288
55946.63797 17.75979 0.04989
55947.59349 17.76901 0.02451
55947.63713 17.96441 0.03903
55949.64923 17.83003 0.02709
55949.6924 17.86988 0.04215
55952.60617 17.75805 0.02634
55952.64932 17.68364 0.02379
55953.59751 17.81057 0.02672
55953.64127 17.79327 0.02259
55954.59787 17.80237 0.0364
55954.64157 17.68783 0.03667
55958.61566 17.73364 0.03297
55958.67117 17.79138 0.03146
55959.64574 17.83941 0.04062
55960.60205 17.7882 0.03921
55960.64497 17.80494 0.0435
55962.61935 17.80927 0.03114
55962.69096 17.80588 0.04272
56059.98484 17.80369 0.04178
56060.97134 17.82652 0.03212
56061.96903 17.73439 0.0319
56063.96519 17.8062 0.03714
56065.96588 17.75101 0.03209
56066.96916 17.81159 0.03094
56067.96802 17.84048 0.02883
56068.98301 17.78845 0.05012
56070.97101 17.76153 0.02984
56071.95528 17.77516 0.03393
56075.93073 17.77116 0.02864
56075.96117 17.82231 0.02768
56076.96161 17.82066 0.02668
56077.97941 17.80633 0.0434
56078.92335 17.82866 0.02925
56078.95394 17.81153 0.02944
56079.91957 17.82291 0.03429
56079.94994 17.80266 0.02446
56079.97946 17.9053 0.04108
56081.92247 17.7426 0.05389
56081.9528 17.86466 0.04627
56084.95914 17.85809 0.03559
56085.9055 17.86997 0.05668
56085.9361 17.84764 0.04858
56085.9661 17.83945 0.03982
56086.90079 17.75039 0.03764
56086.9317 17.81736 0.03361
56086.96186 17.82759 0.03175
56087.95118 17.79271 0.0328
56088.93216 17.7744 0.02939
56088.96298 17.78067 0.02648
56089.90743 17.76064 0.03265
56089.9375 17.82423 0.02843
56090.89626 17.87281 0.04416
56091.93224 17.78886 0.02641
56091.96189 17.76958 0.02568
56092.88532 17.73598 0.02593
56092.91513 17.82162 0.0266
56092.94551 17.78192 0.02477
56093.88544 17.75418 0.02946
56093.91605 17.7059 0.0271
56093.95942 17.76695 0.02309
56094.8793 17.82434 0.03245
56094.90895 17.82603 0.02776
56094.93794 17.81935 0.02448
56095.89413 17.77843 0.02794
56095.92394 17.89522 0.02968
56095.95378 17.80378 0.02572
56096.8846 17.81001 0.02822
56096.91464 17.81744 0.02574
56096.94475 17.77721 0.02322
56097.90204 17.81744 0.02458
56099.86796 17.80674 0.02423
56099.8979 17.79921 0.02114
56099.92867 17.77869 0.02083
56100.87134 17.86166 0.0286
56100.9014 17.77393 0.02537
56100.93113 17.79144 0.02358
56101.86099 17.86177 0.03388
56101.89166 17.815 0.02697
56101.92164 17.75073 0.0227
56102.85884 17.73111 0.02647
56102.88948 17.76578 0.0239
56102.91975 17.77971 0.02293
56103.85688 17.79068 0.02947
56103.89198 17.73717 0.02688
56103.92203 17.80656 0.02553
56104.86298 17.83368 0.02836
56104.89266 17.8275 0.02519
56104.92258 17.81377 0.02356
56105.87772 17.74332 0.02434
56105.90846 17.76498 0.0237
56105.93782 17.78145 0.02335
56106.84826 17.80252 0.02583
56106.87859 17.78415 0.02348
56106.90907 17.76273 0.02136
56107.84497 17.72975 0.03588
56107.87579 17.7827 0.02494
56107.90655 17.7706 0.02368
56108.86703 17.86015 0.04299
56108.89669 17.81532 0.02706
56108.92686 17.81812 0.02296
56109.93363 17.78078 0.02639
56110.86774 17.73601 0.03865
56110.89782 17.79461 0.04017
56110.92786 17.7421 0.03038
56111.86949 17.85091 0.04677
56111.91431 17.76417 0.03642
56111.94457 17.81051 0.03883
56112.91217 17.83903 0.05537
56113.8878 17.84428 0.04066
56113.93235 17.75366 0.03386
56113.96218 17.84685 0.03382
56114.87108 17.78628 0.03658
56114.92357 17.8499 0.03322
56114.95378 17.73987 0.02907
56115.85803 17.93797 0.04247
56115.88797 17.83527 0.032
56115.9179 17.79032 0.03225
56116.90131 17.7837 0.02946
56116.93261 17.76926 0.02873
56116.96078 17.78829 0.02841
56117.86349 17.83043 0.03449
56117.89333 17.72648 0.0299
56117.92405 17.80103 0.02857
56118.82762 17.89175 0.04065
56118.85812 17.79691 0.03326
56118.8884 17.85052 0.03245
56119.81535 17.75457 0.04147
56119.84536 17.77597 0.05461
56120.95573 17.771 0.0363
56122.80682 17.82366 0.04505
56123.80269 17.78335 0.02635
56123.8333 17.83504 0.02411
56123.86323 17.80667 0.02197
56124.8239 17.75303 0.02744
56124.85579 17.74418 0.02858
56124.90647 17.78182 0.02344
56125.83541 17.78152 0.02544
56125.8655 17.75278 0.02163
56125.89611 17.72658 0.01996
56126.79674 17.7785 0.0273
56126.82683 17.72645 0.02696
56126.85662 17.8128 0.0434
56127.84219 17.77302 0.04079
56127.87262 17.72264 0.02373
56128.79045 17.76953 0.03115
56128.8202 17.76263 0.02371
56128.8509 17.75821 0.02241
56129.81763 17.78038 0.0245
56129.84839 17.8083 0.02333
56130.78415 17.76515 0.02926
56130.81619 17.78765 0.02622
56130.84603 17.80588 0.03044
56131.81956 17.78858 0.02608
56131.84966 17.7799 0.02344
56131.87991 17.7711 0.02201
56132.81342 17.78831 0.02306
56132.85526 17.76236 0.02301
56133.77702 17.77665 0.02407
56133.80732 17.74247 0.02211
56133.83817 17.71734 0.02233
56135.77548 17.78166 0.02671
56135.80558 17.79445 0.02139
56135.8357 17.75655 0.01608
56136.78168 17.77474 0.0271
56136.81139 17.72879 0.02518
56136.84105 17.73858 0.02103
56137.77719 17.77529 0.0287
56137.8165 17.88235 0.04982
56137.84943 17.73392 0.03349
56138.79423 17.88203 0.04982
56143.75013 17.86799 0.04706
56143.77946 17.80002 0.03897
56143.81202 17.75017 0.03416
56144.79078 17.75637 0.03172
56144.82138 17.80248 0.03037
56145.74531 17.81605 0.05806
56145.77477 17.77625 0.0445
56145.80436 17.78982 0.03864
56146.77217 17.83921 0.03544
56146.83591 17.75329 0.02898
56147.75046 17.77009 0.02793
56147.78019 17.79504 0.02959
56147.81614 17.83599 0.02932
56148.73743 17.73632 0.02365
56148.76798 17.73173 0.02348
56148.79928 17.77498 0.02659
56151.84315 17.73988 0.01728
56151.87618 17.7355 0.01663
56151.91621 17.71845 0.0166
56164.86055 17.74723 0.01634
56164.89061 17.74152 0.01648
56164.92052 17.73787 0.01644
56165.82275 17.76548 0.01885
56165.85221 17.74205 0.0167
56165.88255 17.74543 0.01595
56166.78411 17.7527 0.02114
56166.82415 17.75986 0.01929
56166.85436 17.76258 0.01855
56167.76082 17.76387 0.0242
56167.79008 17.74825 0.02338
56167.82893 17.72537 0.02086
56168.73084 17.76273 0.03057
56168.76135 17.74582 0.0272
56168.79094 17.72529 0.02566
56169.70528 17.84024 0.04327
56169.73488 17.78392 0.03685
56169.78208 17.77261 0.03645
56170.70609 17.69567 0.04355
56170.73648 17.78236 0.03988
56170.76821 17.76088 0.03986
56176.66101 17.70949 0.03437
56176.74473 17.74985 0.025
56176.77537 17.70756 0.02495
56177.67775 17.72549 0.0204
56177.71467 17.72049 0.01908
56177.7448 17.73149 0.01819
56178.65701 17.75043 0.02547
56178.7245 17.78468 0.02146
56178.75548 17.73203 0.01834
56189.71737 17.74848 0.02105
56189.74707 17.72681 0.01988
56194.65274 17.77262 0.02831
56194.68156 17.69393 0.0246
56194.73072 17.73637 0.0212
56195.63238 17.78454 0.03036
56195.68489 17.74363 0.0284
56195.74387 17.80507 0.02467
56196.64868 17.77302 0.02809
56196.67925 17.79924 0.02903
56196.70945 17.76295 0.02708
56197.62224 17.75454 0.03711
56197.65122 17.77799 0.03789
56197.68048 17.81344 0.03369
56198.63271 17.75312 0.03992
56198.66294 17.81471 0.03968
56198.69225 17.73216 0.03424
56202.61563 17.85792 0.04145
56202.64754 17.75398 0.04368
56202.70169 17.79806 0.03571
56207.71676 17.86549 0.03251
56207.74712 17.7531 0.07192
56207.82773 17.9165 0.04045
56224.66207 17.75935 0.02526
56224.69182 17.75021 0.02733
56225.74851 17.78588 0.02675
56225.84088 17.7313 0.02504
56226.75858 17.72003 0.04648
56226.79663 17.65936 0.04716
56227.72154 17.78917 0.03214
56227.75148 17.7409 0.0314
56228.67316 17.7447 0.03078
56228.71 17.79333 0.03151
56229.61202 17.73141 0.0346
56229.68338 17.8087 0.03546
56230.64599 17.79128 0.03522
56230.73676 17.67159 0.03664
56231.86041 17.72055 0.03357
56232.82116 17.68633 0.02551
56233.75399 17.68826 0.02484
56233.78371 17.82189 0.03662
56234.68453 17.74647 0.02291
56234.71313 17.70643 0.02293
56235.61461 17.76386 0.02104
56235.64419 17.70686 0.01782
56236.58514 17.75048 0.02684
56236.61561 17.71895 0.02031
56237.58477 17.74833 0.02202
56237.61509 17.74464 0.01935
56238.58334 17.73769 0.02477
56238.61531 17.7604 0.01943
56239.58294 17.7363 0.02331
56239.61141 17.74444 0.01944
56251.83071 17.69876 0.01897
56251.86073 17.7589 0.02044
56252.58576 17.74071 0.01984
56252.60631 17.72136 0.0197
56252.62487 17.74297 0.01998
56252.64555 17.74944 0.02117
56252.66096 17.7276 0.0201
56252.69879 17.72789 0.02048
56252.71706 17.74265 0.02131
56252.73499 17.74296 0.01943
56252.75258 17.7063 0.02033
56252.76856 17.73693 0.02239
56252.78929 17.78424 0.02557
56252.80517 17.72559 0.02322
56252.821 17.72511 0.02078
56252.83831 17.7658 0.02057
56252.85634 17.74113 0.02028
56253.58621 17.7507 0.02352
56253.60335 17.73625 0.02427
56253.62054 17.78288 0.02288
56253.63682 17.71208 0.02102
56253.6539 17.72375 0.02306
56253.6721 17.70004 0.02399
56253.70902 17.7533 0.02611
56253.7307 17.69186 0.02522
56253.75003 17.83282 0.02958
56253.76637 17.75966 0.02689
56253.78832 17.74292 0.02635
56253.8078 17.69927 0.0262
56253.82956 17.77467 0.02589
56253.85372 17.75668 0.02559
56254.74613 17.84303 0.02624
56254.77889 17.68857 0.02563
56255.68248 17.74584 0.02963
56255.7252 17.78292 0.02973
56256.62657 17.80331 0.02869
56256.6557 17.77869 0.03076
56257.58763 17.73333 0.03094
56257.64219 17.78216 0.02846
56258.58614 17.78402 0.03986
56258.61848 17.74018 0.0305
56259.59443 17.70969 0.03159
56259.62495 17.69803 0.03255
56265.629 17.7077 0.01956
56265.6592 17.69421 0.02189
56266.58222 17.77876 0.02998
56266.6126 17.74301 0.05475
56267.58751 17.7625 0.0207
56267.61751 17.78883 0.02077
56268.59364 17.7362 0.01703
56268.62314 17.72526 0.01767
56269.58319 17.74201 0.01955
56269.58435 17.75378 0.01903
56269.58546 17.75126 0.01848
56269.58657 17.73041 0.01855
56269.58771 17.70932 0.01832
56269.58893 17.71767 0.01848
56269.59006 17.73873 0.01739
56269.59133 17.727 0.01831
56269.59245 17.72449 0.01778
56269.59364 17.74681 0.01735
56269.59478 17.71109 0.0182
56269.596 17.72965 0.01795
56269.59713 17.72523 0.01729
56269.59843 17.75068 0.01795
56269.59956 17.73057 0.01775
56269.60977 17.7336 0.01767
56269.61093 17.71702 0.01812
56269.6121 17.73002 0.01731
56269.61321 17.73359 0.01728
56269.61434 17.76987 0.01852
56269.61547 17.76905 0.01841
56269.61659 17.7513 0.01826
56269.61773 17.71884 0.0179
56269.61884 17.72531 0.01778
56269.61995 17.72989 0.01792
56269.62115 17.72402 0.018
56269.6223 17.70776 0.01784
56269.62343 17.75387 0.01762
56269.62457 17.73724 0.01794
56269.62569 17.7053 0.01709
56269.62688 17.70205 0.01779
56269.628 17.73549 0.01754
56269.6375 17.72648 0.01782
56269.63881 17.73886 0.01783
56269.64001 17.74815 0.01788
56269.64114 17.71062 0.01691
56269.64226 17.72049 0.01759
56269.64337 17.74578 0.01805
56269.6445 17.68389 0.0166
56269.64562 17.76702 0.01709
56269.64675 17.76423 0.01733
56269.64789 17.7195 0.01713
56269.64905 17.70817 0.01684
56269.65017 17.71801 0.01667
56269.65129 17.69619 0.01668
56269.65247 17.73018 0.01791
56269.65359 17.711 0.01692
56269.65473 17.71222 0.01832
56269.65585 17.72825 0.01702
56269.65698 17.70026 0.01662
56269.65819 17.7533 0.0172
56269.65932 17.76315 0.01714
56269.66055 17.74199 0.01671
56269.66167 17.72872 0.01708
56269.66279 17.74259 0.01717
56269.66393 17.75969 0.01684
56269.66595 17.74047 0.01681
56269.66717 17.72749 0.01671
56269.66829 17.73005 0.01682
56269.66952 17.7383 0.01652
56269.67064 17.71053 0.01685
56269.67184 17.73546 0.01739
56269.673 17.7184 0.0174
56269.67412 17.72293 0.01715
56269.67533 17.73586 0.0171
56269.67646 17.75529 0.01756
56269.6776 17.75842 0.01726
56269.67883 17.7482 0.0168
56269.67997 17.71762 0.01713
56269.6812 17.70783 0.01684
56269.68232 17.72524 0.0172
56269.68343 17.75623 0.01759
56269.68473 17.73829 0.01721
56269.68592 17.72471 0.01754
56269.68705 17.71089 0.01716
56269.68816 17.74713 0.01749
56269.68929 17.73826 0.01753
56269.69041 17.74691 0.01707
56269.69157 17.73619 0.01685
56269.69269 17.74908 0.01806
56269.69383 17.75392 0.0174
56269.69496 17.74153 0.01743
56269.69608 17.73525 0.01781
56269.69898 17.75336 0.01737
56269.70011 17.77117 0.01732
56269.70126 17.72995 0.01723
56269.70241 17.76573 0.01758
56269.70357 17.72123 0.01695
56269.70468 17.7404 0.01714
56269.70581 17.76272 0.01714
56269.70705 17.75105 0.01712
56269.70816 17.73381 0.01678
56269.70937 17.72935 0.0173
56269.7105 17.76222 0.01748
56269.71167 17.74883 0.01747
56269.7128 17.74577 0.0174
56269.71403 17.72722 0.01755
56269.71516 17.74317 0.01719
56269.7163 17.77112 0.01735
56269.72641 17.72312 0.01789
56269.72763 17.77778 0.01767
56269.72875 17.75609 0.01724
56269.72987 17.74657 0.01771
56269.731 17.72905 0.01729
56269.73213 17.74496 0.01746
56269.73326 17.74223 0.0177
56269.73438 17.71484 0.01804
56269.73557 17.71125 0.01836
56269.73682 17.74592 0.01768
56269.73796 17.7473 0.01781
56269.73911 17.72596 0.01778
56269.74036 17.74552 0.01762
56269.74147 17.74283 0.0175
56269.74272 17.74017 0.01778
56269.74391 17.73836 0.01858
56269.74502 17.69059 0.01787
56269.7462 17.7305 0.01749
56269.74734 17.67555 0.01784
56269.74846 17.71894 0.01819
56269.74961 17.77386 0.0179
56269.75074 17.7602 0.01845
56269.75201 17.74255 0.01798
56269.75316 17.74106 0.01782
56269.75429 17.73925 0.01822
56269.75553 17.73333 0.0184
56269.75665 17.72153 0.01862
56269.75779 17.73575 0.01872
56269.75895 17.71089 0.01807
56269.76008 17.73542 0.01891
56269.76123 17.74836 0.01922
56269.76235 17.73414 0.0193
56269.76348 17.7391 0.01911
56269.76459 17.71456 0.01877
56269.76573 17.73837 0.01834
56269.78036 17.73355 0.01867
56269.78151 17.75037 0.01843
56269.78271 17.75165 0.01875
56269.78391 17.73518 0.01865
56269.78511 17.73999 0.01841
56269.78751 17.71176 0.01849
56269.78876 17.73719 0.01825
56269.78989 17.74055 0.01834
56269.79108 17.78125 0.01831
56269.79227 17.75428 0.019
56269.79356 17.76256 0.01866
56269.79478 17.7471 0.01866
56269.7959 17.77042 0.01828
56269.79701 17.71627 0.0187
56269.79816 17.74919 0.01913
56269.79928 17.74406 0.01878
56269.80041 17.7153 0.01823
56269.80156 17.72938 0.0178
56269.80276 17.77359 0.01905
56269.80404 17.74481 0.01878
56269.80517 17.74871 0.01822
56269.80638 17.81636 0.01933
56269.80752 17.72156 0.01906
56269.80866 17.71106 0.01865
56270.57931 17.73278 0.01988
56270.58058 17.73443 0.01862
56270.58188 17.72932 0.0177
56270.58305 17.71796 0.01787
56270.58429 17.71625 0.0181
56270.58556 17.73356 0.01776
56270.58671 17.70197 0.01836
56270.58798 17.72109 0.01756
56270.58926 17.76894 0.01752
56270.59051 17.72364 0.01743
56270.59176 17.7295 0.0177
56270.59301 17.75326 0.01718
56270.59588 17.72699 0.01709
56270.59719 17.70531 0.01693
56270.59846 17.75682 0.01718
56270.59973 17.7261 0.01675
56270.60101 17.70377 0.01672
56270.60229 17.73564 0.01719
56270.60361 17.72271 0.01717
56270.60484 17.73654 0.01689
56270.60617 17.72291 0.01664
56270.60733 17.72642 0.01705
56270.60868 17.74098 0.01677
56270.60993 17.77832 0.01707
56270.61121 17.7202 0.0166
56270.61244 17.72182 0.01685
56270.61368 17.71958 0.01652
56270.61481 17.77663 0.01728
56270.61593 17.71584 0.01656
56270.61713 17.71991 0.01659
56270.61835 17.73191 0.01688
56270.61963 17.72818 0.01657
56270.62082 17.73119 0.01666
56270.62212 17.74249 0.01646
56270.62324 17.73152 0.01687
56270.62438 17.71856 0.01703
56270.6255 17.74534 0.01713
56270.62668 17.7084 0.01716
56270.62781 17.71869 0.01736
56270.62895 17.73692 0.01749
56270.63017 17.72467 0.01665
56270.6313 17.698 0.0167
56270.63259 17.71431 0.01645
56270.63372 17.72913 0.01687
56270.63484 17.70593 0.01659
56270.64581 17.75125 0.01739
56270.64713 17.74146 0.01714
56270.64825 17.73174 0.01747
56270.6495 17.76763 0.01689
56270.65082 17.69653 0.01761
56270.65222 17.74442 0.01725
56270.65336 17.74312 0.0169
56270.6545 17.72243 0.01694
56270.65562 17.72061 0.01687
56270.65697 17.77156 0.01722
56270.65832 17.70312 0.01688
56270.65959 17.70309 0.01754
56270.66092 17.70293 0.01681
56270.66217 17.72029 0.01654
56270.66351 17.71217 0.01718
56270.66477 17.72851 0.01679
56270.67891 17.77213 0.01744
56270.68008 17.7401 0.01674
56270.68122 17.73504 0.01676
56270.68243 17.72792 0.01663
56270.68382 17.73535 0.0171
56270.68508 17.69842 0.01644
56270.68653 17.7237 0.01689
56270.68784 17.71737 0.01698
56270.68912 17.6987 0.0163
56270.69114 17.72648 0.01726
56270.69232 17.7135 0.01694
56270.69365 17.74181 0.01708
56270.6948 17.71904 0.01723
56270.69617 17.7146 0.01651
56270.69746 17.70891 0.01701
56270.6986 17.70908 0.01705
56270.6999 17.71823 0.01668
56270.70121 17.75013 0.01703
56270.70235 17.73417 0.01696
56270.70349 17.68515 0.01659
56270.70482 17.71281 0.01682
56270.70613 17.68228 0.01645
56270.70726 17.76924 0.01755
56270.7086 17.713 0.01718
56270.70972 17.74913 0.01709
56270.71103 17.72245 0.01703
56270.71235 17.71952 0.01662
56270.71347 17.71108 0.01743
56270.71481 17.72359 0.01685
56270.71608 17.73469 0.01685
56270.71722 17.73851 0.01717
56270.71853 17.72671 0.01668
56270.71967 17.7002 0.01714
56270.72098 17.71441 0.01769
56270.72302 17.7443 0.01679
56270.72439 17.73105 0.01704
56270.72553 17.70634 0.01741
56270.72665 17.72519 0.01649
56270.72793 17.7297 0.0169
56270.72927 17.7019 0.01651
56270.73043 17.71232 0.01686
56270.73161 17.74182 0.01689
56270.73292 17.70957 0.01726
56270.73506 17.74745 0.01701
56270.73622 17.74212 0.0179
56270.73753 17.74764 0.01774
56270.73887 17.72387 0.01725
56270.74001 17.6917 0.01676
56270.74126 17.72783 0.01688
56270.7424 17.73617 0.01671
56270.74369 17.74636 0.01706
56270.74498 17.73063 0.0172
56270.74609 17.70395 0.01778
56270.74744 17.70315 0.01716
56270.7486 17.69866 0.01796
56270.74995 17.70708 0.01731
56270.75121 17.75094 0.01873
56270.75241 17.7053 0.01751
56270.75372 17.68916 0.01696
56270.75502 17.70879 0.01702
56270.75706 17.70643 0.01697
56270.75826 17.7139 0.01793
56270.75948 17.74013 0.01815
56270.76078 17.74169 0.01782
56270.76208 17.71241 0.01859
56270.77223 17.7239 0.01816
56270.77464 17.70771 0.01853
56270.77775 17.72157 0.01816
56270.77887 17.6983 0.01882
56270.78012 17.71272 0.01779
56270.78147 17.75741 0.01866
56270.78273 17.7264 0.01813
56270.784 17.71287 0.018
56270.78526 17.71065 0.01846
56270.78661 17.7409 0.01878
56270.78776 17.72412 0.01862
56270.7891 17.68102 0.01949
56270.79021 17.73732 0.01849
56270.79151 17.75129 0.0183
56270.7928 17.74241 0.01897
56270.79391 17.7233 0.01866
56270.79508 17.73451 0.01899
56270.79619 17.74108 0.01872
56270.7975 17.72482 0.0184
56270.79862 17.71549 0.01779
56270.79991 17.72004 0.01859
56270.80111 17.76139 0.01884
56270.80249 17.71918 0.01875
56270.80509 17.75995 0.01841
56270.80715 17.73495 0.01931
56270.80837 17.72313 0.01891
56270.80963 17.74278 0.01825
56271.71236 17.73348 0.02134
56271.74462 17.74284 0.02239
56272.64495 17.75541 0.01997
56272.7082 17.70842 0.02049
56273.60993 17.75118 0.01977
56273.63946 17.70411 0.02066
56281.58737 17.73967 0.02926
56281.61668 17.75472 0.02775
56282.58095 17.7265 0.02355
56282.61036 17.74053 0.02448
56282.62819 17.76263 0.02299
56297.58897 17.72194 0.02015
56297.59019 17.71505 0.01877
56297.5937 17.72937 0.01881
56297.59722 17.7479 0.01857
56297.59904 17.74901 0.01875
56297.60164 17.69882 0.01869
56297.60284 17.7047 0.0182
56297.6053 17.71263 0.01877
56297.61734 17.75039 0.01981
56297.61965 17.72701 0.01802
56297.62198 17.7583 0.0186
56297.62474 17.72985 0.01776
56297.62597 17.72025 0.01847
56297.62818 17.71834 0.0185
56297.63051 17.73696 0.01866
56297.63246 17.69293 0.0195
56297.6337 17.76096 0.01934
56297.63597 17.69314 0.0189
56297.63722 17.74825 0.01941
56297.63944 17.71947 0.01959
56297.64162 17.73284 0.01913
56297.64281 17.73913 0.01951
56297.64393 17.71853 0.01876
56297.64612 17.72924 0.01869
56297.64742 17.7175 0.01913
56297.64964 17.72882 0.01829
56297.65084 17.72347 0.01879
56297.65434 17.71476 0.01921
56297.65811 17.73087 0.01932
56297.65988 17.77245 0.01936
56297.66121 17.68834 0.01956
56297.66483 17.74032 0.01995
56297.66714 17.71339 0.01919
56297.67315 17.748 0.01904
56297.67547 17.6988 0.01935
56297.67675 17.77584 0.01972
56297.67954 17.71564 0.01927
56297.68076 17.72668 0.0193
56297.6819 17.69958 0.01903
56297.68325 17.71362 0.01904
56297.68541 17.72744 0.01952
56297.68786 17.74514 0.01843
56297.69171 17.70494 0.0188
56297.69635 17.73376 0.01923
56297.69767 17.73096 0.01875
56297.70113 17.7471 0.01935
56297.70743 17.72923 0.01945
56297.71084 17.696 0.01895
56297.71401 17.73742 0.02018
56297.71668 17.69453 0.01965
56297.7179 17.74048 0.01965
56297.72049 17.77939 0.02035
56297.72327 17.73021 0.02037
56297.72448 17.76733 0.02026
56297.72584 17.7044 0.02005
56297.72772 17.74641 0.02025
56297.72894 17.73177 0.02069
56297.74317 17.71315 0.02201
56297.74683 17.70579 0.02113
56297.74996 17.74532 0.02132
56297.75123 17.72465 0.02129
56297.75493 17.72877 0.0216
56297.75709 17.72238 0.02126
56297.7583 17.73008 0.02144
56297.76047 17.67748 0.02119
56297.76167 17.73047 0.02204
56297.76388 17.77205 0.02192
56297.76506 17.71605 0.02215
56297.76834 17.71149 0.02197
56297.77069 17.70203 0.02206
56297.77185 17.77645 0.02254
56297.77383 17.70629 0.02252
56297.79199 17.75641 0.02448
56297.79318 17.80459 0.02596
56297.79645 17.73332 0.0268
56297.79838 17.72441 0.02709
56297.79953 17.75889 0.02687
56297.80077 17.75724 0.0272
56297.80192 17.72137 0.02719
56297.80312 17.77938 0.02868
56297.80437 17.78161 0.02767
56297.80564 17.75468 0.02558
56297.80864 17.73995 0.02914
56298.58895 17.70476 0.02589
56298.59013 17.71261 0.02772
56298.59235 17.69547 0.0341
56298.59354 17.74439 0.03342
56298.59724 17.73979 0.03398
56298.59842 17.76731 0.03329
56298.60089 17.67696 0.03511
56298.6021 17.67205 0.03139
56298.60332 17.75189 0.03282
56298.60466 17.82004 0.03708
56298.60701 17.71439 0.03304
56298.60823 17.7075 0.03529
56298.61034 17.72355 0.03314
56298.61272 17.69948 0.03251
56298.61595 17.72884 0.02284
56298.61811 17.72539 0.02233
56298.62047 17.70115 0.02249
56298.62171 17.71359 0.02858
56298.62426 17.75057 0.02314
56298.62643 17.65704 0.02607
56298.62762 17.70191 0.03204
56298.63098 17.71988 0.02657
56298.63219 17.69456 0.02311
56298.63473 17.71314 0.02626
56298.63687 17.68079 0.02601
56298.63807 17.75134 0.02853
56298.63935 17.75763 0.02668
56298.64364 17.70264 0.02092
56298.64578 17.71587 0.02333
56298.64695 17.73036 0.02544
56298.6481 17.72945 0.02275
56298.65082 17.74643 0.02437
56298.65294 17.74289 0.02271
56298.65509 17.68024 0.01966
56298.65745 17.73794 0.02908
56298.65865 17.70555 0.0202
56298.66081 17.69059 0.02079
56298.66198 17.70285 0.01971
56298.66411 17.68521 0.02125
56298.66639 17.69845 0.02122
56298.6699 17.75499 0.01951
56298.68256 17.74946 0.02391
56298.68492 17.71975 0.02557
56298.68729 17.75195 0.03523
56298.68852 17.77851 0.03903
56298.6908 17.74105 0.05554
56301.59099 17.73208 0.0204
56302.5927 17.80774 0.05365
56302.62153 17.76129 0.02948
56305.59416 17.76079 0.01936
56305.62276 17.76564 0.01961
56307.60089 17.67155 0.03424
56307.63151 17.73533 0.02299
56308.60019 17.74957 0.02369
56308.63015 17.6881 0.02779
56310.60466 17.79731 0.02452
56310.63503 17.73678 0.02366
56311.59823 17.77243 0.02453
56311.62777 17.72808 0.02745
56312.59699 17.72297 0.03782
56312.63396 17.71295 0.03992
56313.60478 17.72668 0.02455
56313.63593 17.77979 0.02573
56314.61498 17.74745 0.02644
56314.64504 17.79886 0.03242
56322.60046 17.70595 0.03133
56322.63022 17.68413 0.02589
56323.59943 17.76825 0.02221
56323.60059 17.76935 0.02034
56323.60172 17.78587 0.0198
56323.60284 17.75215 0.01908
56323.60396 17.72082 0.01958
56323.60508 17.73465 0.0192
56323.60621 17.76326 0.01997
56323.60734 17.75997 0.01923
56323.60846 17.75965 0.01933
56323.60959 17.72669 0.01918
56323.61071 17.74056 0.01968
56323.61183 17.749 0.01953
56323.61297 17.76266 0.0194
56323.61409 17.77394 0.02035
56323.61521 17.79721 0.02005
56323.61635 17.76026 0.01967
56323.61747 17.7622 0.01991
56323.61859 17.71926 0.01909
56323.61971 17.76119 0.0199
56323.62085 17.80021 0.01939
56323.62197 17.75236 0.01971
56323.62309 17.74859 0.01956
56323.62423 17.74993 0.01969
56323.62535 17.78939 0.01931
56323.62647 17.74215 0.01996
56323.62759 17.74094 0.02018
56323.62872 17.72945 0.02018
56323.62985 17.74961 0.01872
56323.63097 17.73648 0.01926
56323.6321 17.72805 0.02
56323.63322 17.73603 0.01937
56323.63435 17.76059 0.0202
56323.63549 17.74801 0.02088
56323.63661 17.74849 0.02023
56323.63773 17.75012 0.02014
56323.63887 17.73949 0.01956
56323.63999 17.75873 0.0191
56323.64112 17.76087 0.02023
56323.64225 17.72957 0.01972
56323.64338 17.7858 0.01965
56323.6445 17.74199 0.02014
56323.64563 17.74215 0.01983
56323.64676 17.75001 0.01921
56323.64789 17.69731 0.01997
56323.64902 17.72183 0.0199
56323.65014 17.76185 0.02039
56323.65127 17.74367 0.02042
56323.6524 17.75092 0.0196
56323.65352 17.73932 0.02023
56323.65465 17.77595 0.02009
56323.65577 17.75293 0.02049
56323.65691 17.76849 0.02068
56323.65803 17.75743 0.02057
56323.65917 17.76012 0.02016
56323.66029 17.74157 0.02168
56323.66142 17.75831 0.02173
56323.66255 17.76244 0.02132
56323.66367 17.74759 0.02114
56323.6648 17.73336 0.0207
56323.66594 17.7421 0.02063
56323.66706 17.78136 0.02243
56323.66819 17.778 0.02414
56323.66932 17.77364 0.02368
56323.67045 17.77989 0.02331
56323.67158 17.77959 0.02221
56323.67271 17.79253 0.02252
56323.67384 17.77885 0.02246
56323.67496 17.79833 0.02279
56323.67613 17.75704 0.02291
56323.67725 17.75508 0.02299
56323.67838 17.79316 0.0229
56323.67951 17.72871 0.02272
56323.68065 17.76164 0.02349
56323.68177 17.73217 0.02296
56323.6829 17.75877 0.02308
56323.68402 17.73504 0.02338
56323.68516 17.75172 0.02491
56323.68628 17.76954 0.02505
56323.68742 17.78927 0.02352
56323.68855 17.74569 0.02257
56323.68967 17.7288 0.02358
56323.69081 17.72885 0.02312
56323.69194 17.7499 0.02362
56323.69306 17.75167 0.02495
56323.6942 17.78004 0.02838
56323.69532 17.82225 0.02593
56323.69644 17.7731 0.02633
56323.69758 17.8 0.02703
56323.6987 17.78481 0.02883
56323.69982 17.70179 0.02581
56323.70094 17.78117 0.03035
56323.70208 17.73541 0.02749
56323.7032 17.70604 0.031
56323.70434 17.72266 0.02915
56323.70546 17.77313 0.02853
56323.70659 17.77692 0.02922
56323.70772 17.72078 0.03416
56323.70887 17.82992 0.03173
56323.71001 17.81321 0.03701
56323.71114 17.82007 0.03411
56323.71226 17.78413 0.0316
56323.7134 17.68699 0.03436
56323.71453 17.82379 0.03895
56323.71565 17.81625 0.0342
56323.71679 17.74906 0.03876
56323.71791 17.78232 0.04372
56323.71905 17.8085 0.03799
56323.72017 17.82169 0.0394
56323.7213 17.68246 0.04643
56323.72242 17.96451 0.04174
56323.72356 17.81756 0.04159
56323.72468 17.70153 0.04151
56323.72582 17.80456 0.04105
56323.72695 17.74185 0.04068
56323.72808 17.76053 0.05092
56323.72921 17.74779 0.04125
56323.73034 17.96578 0.05049
56323.73146 17.79095 0.04845
56323.73259 17.82138 0.04436
56323.73372 17.71933 0.05163
56323.73485 17.88066 0.04872
56324.6344 17.80818 0.02149
56324.67356 17.76767 0.02119
56328.60109 17.79953 0.02414
56328.63041 17.73747 0.01904
56329.6158 17.81833 0.03298
56330.60568 17.75552 0.02296
56330.63442 17.76298 0.02221
56336.60557 17.79491 0.02626
56336.6347 17.72496 0.0261
56337.61678 17.75036 0.02198
56337.646 17.76716 0.0238
56339.61462 17.73966 0.03324
56339.64973 17.59193 0.04174
56340.62168 17.74436 0.02514
56340.65261 17.77306 0.02824
56341.63432 17.76032 0.02872
56342.61542 17.74867 0.03108
56342.64414 17.8024 0.0348
56431.98143 17.83919 0.04403
56432.97832 17.80162 0.03511
56433.97522 17.76923 0.02671
56434.97306 17.77467 0.03064
56440.95678 17.90258 0.04385
56441.9545 17.78225 0.0509
56442.95121 17.76531 0.02831
56443.94843 17.77494 0.026
56444.94545 17.86537 0.03579
56444.97977 17.96211 0.04737
56446.9404 17.73918 0.02266
56446.9746 17.76365 0.02888
56447.93827 17.78402 0.02113
56447.97245 17.78972 0.02662
56448.93551 17.81772 0.02082
56448.97043 17.81067 0.02412
56449.9322 17.8108 0.02115
56449.96744 17.80124 0.02037
56450.93056 17.76051 0.02081
56450.96471 17.77252 0.02318
56451.92757 17.76879 0.02397
56451.96268 17.79181 0.02196
56452.92487 17.77943 0.02019
56452.95905 17.80627 0.01948
56453.9223 17.78278 0.02266
56453.95718 17.77956 0.02604
56454.91904 17.76132 0.02235
56454.9531 17.81591 0.01985
56455.91706 17.80128 0.02135
56455.95123 17.79608 0.01925
56456.91361 17.75635 0.02156
56456.94859 17.81249 0.01963
56457.91086 17.76196 0.02108
56457.9457 17.8163 0.01974
56458.90893 17.78307 0.02056
56458.94334 17.76359 0.01896
56459.90596 17.81081 0.02041
56459.94092 17.79476 0.01947
56460.9034 17.81711 0.02098
56460.93791 17.77119 0.01868
56461.90107 17.78874 0.02173
56461.93811 17.80465 0.0191
56462.89824 17.83918 0.0219
56462.93439 17.802 0.02292
56463.89576 17.8275 0.02982
56463.93218 17.78257 0.01933
56469.87982 17.86439 0.0298
56469.91685 17.82942 0.02664
56471.87375 17.81108 0.03487
56471.91001 17.83723 0.03121
56473.86804 17.89926 0.04832
56473.90477 17.80884 0.03532
56475.86334 17.88204 0.03332
56475.9008 17.88973 0.03152
56476.86102 17.83835 0.03377
56476.89765 17.84975 0.03992
56477.85777 17.79709 0.06077
56485.83631 17.84208 0.02315
56486.83403 17.85551 0.02182
56486.87106 17.82332 0.01949
56488.83006 17.80151 0.02228
56488.86647 17.82278 0.02015
56489.82698 17.82364 0.02332
56489.86366 17.85573 0.02108
56491.82149 17.9105 0.0685
56491.8581 17.85369 0.03673
56498.802 17.79146 0.04411
56498.83888 17.87693 0.03855
56502.79167 17.86981 0.0255
56502.82864 17.82882 0.02484
56503.78903 17.82874 0.02206
56503.82769 17.81731 0.02237
56504.82017 17.84455 0.02756
56504.86992 17.85291 0.02155
56504.90811 17.89752 0.02168
56505.81768 17.80533 0.02484
56505.9509 17.87178 0.02154
56505.98842 17.82919 0.02522
56506.89349 17.84019 0.02331
56507.80198 17.89819 0.02124
56507.84712 17.88581 0.02027
56507.99891 17.85709 0.02112
56508.90167 17.82776 0.01756
56509.79634 17.86858 0.02013
56509.83877 17.82479 0.01918
56510.8262 17.85147 0.01822
56511.79111 17.82912 0.01979
56511.84089 17.8163 0.01997
56512.78788 17.85417 0.02215
56512.82519 17.82278 0.02009
56513.78624 17.82959 0.01995
56513.82352 17.83222 0.0187
56514.7834 17.85788 0.02199
56514.82081 17.81506 0.01847
56515.78106 17.86129 0.02183
56515.82231 17.82618 0.01927
56516.77774 17.85426 0.0207
56516.81437 17.81612 0.01768
56517.77605 17.83548 0.02134
56517.81715 17.86364 0.01862
56517.97309 17.83389 0.01847
56518.87478 17.85993 0.01863
56518.96686 17.84153 0.01853
56519.00311 17.84037 0.01963
56519.90443 17.82753 0.01748
56519.96504 17.85391 0.01715
56520.00171 17.86016 0.01879
56520.90327 17.85912 0.019
56520.95521 17.87952 0.01881
56520.99262 17.86036 0.01902
56521.89446 17.82691 0.01861
56521.95772 17.79651 0.01927
56521.99393 17.85512 0.01895
56527.76434 17.82328 0.05334
56527.80142 17.91321 0.04781
56528.72198 17.84727 0.04584
56528.81982 17.9199 0.03769
56528.87422 17.83046 0.0346
56529.90241 17.91392 0.03003
56529.93849 17.90726 0.03315
56529.97462 17.94029 0.0359
56532.71221 17.82211 0.02283
56532.85928 17.86932 0.02021
56532.89645 17.84466 0.02022
56533.79895 17.85182 0.01915
56533.93493 17.85877 0.02108
56533.97228 17.87171 0.02253
56537.84525 17.84208 0.01833
56537.9874 17.81911 0.01838
56539.69386 17.85865 0.02413
56539.88447 17.87998 0.01794
56539.9215 17.84758 0.0182
56540.97669 17.86016 0.0193
56541.6883 17.8807 0.025
56541.83165 17.80657 0.07076
56542.96698 17.87457 0.01992
56543.00294 17.84467 0.02093
56543.90463 18.06233 0.03865
56543.97085 17.88439 0.01898
56544.00787 17.86592 0.01969
56546.67441 17.88883 0.02509
56546.75907 17.83467 0.02126
56546.94639 17.82687 0.01864
56547.84788 17.84372 0.0193
56548.0057 17.82584 0.01963
56548.66959 17.87724 0.02879
56548.70582 17.84615 0.0259
56548.74172 17.84535 0.0251
56549.66591 17.81785 0.02968
56549.70273 17.78919 0.02673
56549.73967 17.85176 0.0244
56550.66388 17.86629 0.03575
56550.6994 17.83105 0.03108
56550.73216 17.86791 0.027
56551.66063 17.88414 0.03617
56551.72202 17.89503 0.03134
56551.75862 17.83146 0.02834
56552.66117 17.883 0.0377
56552.71291 17.97927 0.03713
56552.74635 17.88976 0.03332
56561.66061 17.85111 0.02227
56561.89034 17.82842 0.02801
56561.92356 17.84765 0.02616
56562.93459 17.90545 0.02334
56563.02169 17.8927 0.02793
56563.6524 17.89815 0.02347
56563.6893 17.89975 0.0227
56563.77494 17.84825 0.021
56564.72602 17.86039 0.02122
56564.99301 17.84458 0.02126
56565.02672 17.88149 0.0243
56565.92832 17.82448 0.02058
56565.98151 17.866 0.02272
56566.01544 17.87745 0.02424
56566.91724 17.83329 0.01994
56566.96287 17.84689 0.02087
56566.99591 17.84898 0.02154
56567.8986 17.86286 0.01915
56567.96702 17.86401 0.01914
56568.00039 17.87169 0.01928
56568.90245 17.83687 0.01858
56568.96343 17.87115 0.02032
56568.99843 17.8731 0.0233
56569.90084 17.89834 0.02171
56569.99803 17.87218 0.02405
56570.03082 17.87051 0.02868
56571.62526 17.84554 0.02939
56571.69052 17.86415 0.03126
56571.72419 17.84939 0.03196
56572.62632 17.85358 0.02582
56572.66032 17.89539 0.02184
56572.69287 17.91112 0.0341
56573.61429 17.86666 0.0258
56573.64765 17.85407 0.02171
56573.77817 17.89582 0.01952
56576.83948 17.84507 0.01835
56577.00541 17.85623 0.02424
56577.60601 17.92374 0.03187
56577.63144 17.86436 0.02981
56577.77306 17.8792 0.02237
56578.67217 17.8141 0.0241
56578.69674 17.85764 0.02464
56578.75347 17.87903 0.02382
56579.73584 17.8811 0.02562
56579.85963 17.91286 0.02674
56579.88516 17.89271 0.02574
56580.7875 17.90779 0.02843
56580.8553 17.91543 0.02824
56580.88022 17.88849 0.02827
56581.78167 17.85305 0.04146
56581.83883 17.93248 0.03766
56581.86464 17.85849 0.03632
56587.62864 17.81539 0.02061
56587.78993 17.86863 0.02775
56587.81475 17.84082 0.0264
56588.71625 17.88932 0.03631
56588.86644 17.87407 0.03603
56588.89281 17.93077 0.03868
56589.79481 17.88646 0.02236
56589.81959 17.84404 0.02243
56589.84642 17.91296 0.02346
56590.76387 17.87671 0.02081
56590.8749 17.81897 0.0223
56590.89969 17.82138 0.02288
56591.80204 17.91997 0.03689
56591.86057 17.90509 0.02231
56591.88508 17.85599 0.02248
56592.81972 17.86075 0.02028
56592.91348 17.8764 0.02432
56592.93852 17.85625 0.02312
56596.59731 17.87867 0.02235
56596.81771 17.85265 0.0255
56596.84238 17.83798 0.02263
56597.74425 17.8744 0.0229
56597.82393 17.89966 0.02478
56597.84943 17.87926 0.03053
56598.75163 17.8306 0.02267
56598.82179 17.92345 0.02444
56598.84855 17.88948 0.02274
56599.75014 17.82992 0.02043
56599.79577 17.8351 0.01928
56599.82112 17.83946 0.02159
56600.77441 17.84052 0.0205
56600.8753 17.86379 0.02274
56602.59024 17.79509 0.02563
56602.78065 17.80089 0.0302
56603.68227 17.87272 0.02304
56603.74296 17.84293 0.02334
56603.81581 17.85298 0.02085
56604.73691 17.79383 0.02062
56604.92616 17.87778 0.02477
56605.64733 17.8634 0.02041
56605.67213 17.87995 0.02088
56606.58401 17.86214 0.04599
56606.60932 17.84471 0.03158
56606.64241 17.85363 0.04403
56607.82225 17.85263 0.02722
56607.84927 17.8839 0.02325
56608.75086 17.81949 0.02737
56608.81398 17.84278 0.02789
56608.84048 17.87185 0.03742
56609.8617 17.9019 0.03042
56609.88847 17.90553 0.03124
56621.79766 17.85494 0.02458
56622.58588 17.85229 0.02193
56623.58717 17.93028 0.02751
56624.57999 17.85019 0.02338
56624.60429 17.82339 0.01975
56625.70494 17.86046 0.02078
56625.74386 17.83745 0.02036
56626.64578 17.80991 0.02123
56626.67007 17.86332 0.0204
56627.83411 17.91099 0.0631
56628.73144 17.78395 0.02262
56628.76212 17.91248 0.02434
56637.58042 17.95232 0.02893
56637.60549 17.89287 0.02857
56639.58002 17.883 0.03241
56639.60438 17.85542 0.03054
56640.58279 17.88182 0.03121
56640.61699 17.7883 0.03337
56648.58277 17.81558 0.02718
56648.61266 17.83385 0.02779
56649.57885 17.86031 0.02788
56649.60387 17.82697 0.02349
56650.58762 17.81483 0.02489
56653.61955 17.8991 0.03609
56658.58519 17.80722 0.01966
56658.62914 17.82314 0.02064
56659.58605 17.80653 0.02093
56659.61086 17.79563 0.02101
56660.58569 17.84133 0.02213
56660.61029 17.77368 0.02015
56661.58623 17.79789 0.05293
56662.58587 17.80665 0.02373
56662.61038 17.81247 0.02726
56663.59143 17.82118 0.02118
56663.6171 17.79972 0.02171
56664.58594 17.8334 0.04845
56664.6104 17.82693 0.03015
56668.58721 17.84732 0.0373
56668.61177 17.87099 0.02775
56669.61423 17.84478 0.03372
56670.58877 17.9471 0.05311
56675.5969 17.82203 0.01996
56675.6459 17.8059 0.02674
56676.59181 17.80581 0.02314
56676.61781 17.79062 0.02183
56677.60718 17.84086 0.04998
56678.61458 17.8185 0.02082
56678.64019 17.83269 0.02173
56680.60724 17.80494 0.02362
56683.59693 17.83015 0.02295
56683.63252 17.84115 0.02003
56685.59847 17.83931 0.03582
56685.6471 17.82854 0.04871
56686.63379 17.88084 0.03898
56687.59886 17.80963 0.02298
56687.64144 17.8538 0.02283
56690.60286 17.79191 0.02776
56690.64549 17.79971 0.02609
56697.60505 17.8818 0.02886
56699.60928 17.95477 0.03382
56816.96412 17.79822 0.02276
56816.97531 17.84772 0.03038
56818.96227 17.84142 0.01901
56818.97512 17.89232 0.02699
56819.96647 17.8007 0.03606
56819.97765 17.98527 0.03729
56820.96625 17.92959 0.03483
56820.97769 17.92258 0.04156
56821.96237 17.90361 0.04243
56821.9727 17.93077 0.03967
56822.96143 17.8911 0.03297
56822.97681 17.87838 0.03722
56823.96094 17.849 0.03359
56823.97346 17.8351 0.03558
56824.96428 17.85061 0.02825
56824.97573 17.89229 0.0311
56825.96455 17.87971 0.02794
56825.97592 17.86541 0.03939
56826.96127 17.84127 0.02925
56826.97472 17.94584 0.03222
56827.96384 17.9088 0.02607
56827.97622 17.91754 0.03331
56828.9654 17.85159 0.02482
56828.97804 17.87505 0.03262
56829.96383 17.87288 0.02165
56829.97653 17.88493 0.02472
56830.96102 17.86994 0.02072
56830.97338 17.89672 0.02327
56831.96161 17.86826 0.01905
56831.97427 17.83011 0.02269
56832.9648 17.8786 0.01917
56832.97563 17.88119 0.02227
56833.96568 17.90215 0.02036
56833.97644 17.85888 0.02481
56834.96484 17.85971 0.01886
56834.9776 17.82164 0.0252
56836.96625 17.87266 0.01817
56836.97711 17.87232 0.02288
56837.96638 17.88852 0.0182
56837.98211 17.92504 0.03301
56838.96389 17.89424 0.01744
56838.9786 17.88968 0.02443
56839.96511 17.87727 0.01794
56839.97834 17.89427 0.02218
56840.96951 17.84177 0.0201
56840.98137 17.9959 0.02668
56841.96857 17.86105 0.01858
56841.98075 17.85778 0.0244
56844.96636 17.894 0.02015
56844.97887 17.86583 0.02113
56845.96726 17.86985 0.0187
56845.98002 17.85097 0.02081
56846.96666 17.89949 0.01919
56846.98115 17.91001 0.02193
56847.96648 17.88304 0.01827
56847.98151 17.90625 0.01997
56848.96743 17.85195 0.01931
56848.98312 17.87181 0.02182
56849.96813 17.83987 0.02774
56849.98235 17.88564 0.02805
56850.96941 17.94166 0.03966
56850.98368 18.00002 0.04079
56851.97048 17.92727 0.03165
56851.98675 17.8882 0.03177
56854.96165 17.91768 0.02565
56854.98771 17.89831 0.02695
56855.96071 17.88579 0.02385
56855.98393 17.88767 0.02439
56856.96087 17.90866 0.03298
56856.98328 17.88318 0.02776
56858.96243 17.89923 0.02213
56858.98507 17.86767 0.02229
56859.96515 17.88942 0.01877
56859.98697 17.93599 0.02108
56861.96231 17.91761 0.01921
56861.98508 17.89673 0.01909
56862.9659 17.85511 0.01937
56862.98227 17.92473 0.01971
56863.94981 17.89925 0.01831
56864.94576 17.89842 0.02168
56864.96947 17.92508 0.02391
56865.92975 17.91234 0.02505
56865.96089 17.87606 0.01894
56867.98799 17.92654 0.01923
56868.96536 17.90969 0.01923
56868.98567 17.9495 0.01998
56869.96092 17.88522 0.02027
56869.98231 17.9186 0.02025
56870.96467 17.8786 0.01893
56870.98635 17.89466 0.01996
56874.97428 17.92622 0.01757
56874.99622 17.88521 0.01936
56875.98151 17.95304 0.01908
56875.99752 17.8745 0.02052
56876.91773 17.93197 0.01832
56876.94717 17.90159 0.01739
56877.9745 17.94105 0.01863
56877.9957 17.95739 0.01903
56878.00741 18.01551 0.03179
56878.9086 17.92014 0.0265
56878.93847 17.86301 0.02632
56879.92838 17.96339 0.03209
56879.95816 17.93108 0.03176
56880.95792 17.90536 0.04514
56880.9882 17.98809 0.03733
56882.96877 17.86721 0.03826
56882.98848 17.96172 0.04238
56883.9421 17.91959 0.02712
56883.98158 17.96545 0.02731
56884.99956 17.923 0.02633
56885.96448 17.87282 0.02171
56885.98159 17.87075 0.02219
56886.91453 17.94675 0.02162
56886.94264 17.94479 0.02141
56887.91623 17.8896 0.0208
56887.94902 17.86074 0.01975
56888.86519 17.90212 0.01819
56888.89905 17.94565 0.0189
56888.91008 17.88592 0.01818
56888.94196 17.92583 0.01838
56890.94091 17.87847 0.01875
56890.97479 17.88717 0.01891
56895.83087 17.96817 0.02492
56895.86667 17.971 0.02648
56972.71463 17.93505 0.02317
56972.73749 17.99945 0.02485
56978.74407 17.91685 0.02434
56978.79927 18.0016 0.03455
56980.83416 17.90133 0.02569
56984.78092 17.97635 0.04102
56986.79095 17.96522 0.03005
56987.70535 17.89132 0.02859
56987.76948 17.94687 0.02575
56988.66321 17.94723 0.02662
56989.60286 17.94954 0.0265
56989.66828 17.9107 0.02695
56990.59847 17.99227 0.02612
56990.66232 17.95039 0.02523
56991.66882 17.89405 0.06147
57000.65668 17.92592 0.03006
57001.60725 17.98032 0.02348
57001.63454 17.91244 0.02325
57011.62365 17.93067 0.02282
57014.62433 17.96328 0.02349
57015.6199 17.84818 0.02608
57018.62586 17.90987 0.02543
57019.59637 17.72326 0.03147
57019.61004 17.90084 0.02763
57030.59868 17.9453 0.02567
57037.60179 17.91847 0.02791
57039.60447 17.9129 0.02361
57040.60372 17.92974 0.02434
57040.65327 17.95294 0.02986
57041.64649 17.96622 0.02348
57042.59979 17.96628 0.02343
57042.64647 17.9835 0.02448
57043.60053 17.97033 0.02285
57043.64542 17.92654 0.02331
57044.59961 17.94836 0.03649
57044.64222 17.94371 0.03725
57046.59907 17.94291 0.02796
57046.64082 17.91326 0.03172
57047.65127 17.97533 0.03016
57047.65361 18.00104 0.02859
57059.60766 17.98572 0.02363
57059.61723 17.96419 0.02419
57063.60738 18.01299 0.02645
57063.61933 17.96006 0.02577
57064.61072 17.95047 0.02912
57064.62756 17.95238 0.03016
57065.60805 17.95259 0.03442
57065.62471 18.01571 0.03387
57066.61485 17.87482 0.05576
57066.6433 17.93989 0.05937
57067.60784 17.94146 0.0278
57067.62545 17.97197 0.02803
57069.61019 17.95051 0.02997
57069.6409 17.89845 0.03202
57070.61078 17.94758 0.03027
57070.6277 17.87444 0.02836
57071.61023 17.962 0.0273
57071.6267 17.916 0.02649
57089.61859 17.93321 0.04692
57089.62798 17.91123 0.04495
57090.63028 18.00447 0.06029
57091.62051 17.9645 0.04828
57091.62877 17.9805 0.04593
57179.97424 18.07201 0.0445
57180.95646 17.90299 0.03416
57185.96692 18.00585 0.03008
57187.96362 17.95895 0.0246
57188.93765 17.94691 0.02249
57188.96808 17.97599 0.02444
57189.95594 17.89344 0.02289
57190.94422 17.91406 0.02397
57190.9766 17.94791 0.03907
57191.9217 17.93639 0.02592
57191.95614 17.91843 0.02341
57192.94672 17.9064 0.02509
57192.97846 18.05131 0.04208
57193.93573 17.9396 0.02477
57193.96862 17.97396 0.02695
57194.94374 17.89884 0.02266
57194.97431 17.91318 0.02792
57195.94595 17.90372 0.02438
57195.97546 17.94842 0.03225
57196.92539 17.90669 0.02968
57196.97637 17.93785 0.03509
57197.91796 17.93989 0.02433
57197.96971 17.93615 0.02521
57198.93165 17.94025 0.0241
57198.96479 17.89633 0.025
57199.9472 17.9673 0.02603
57199.9815 18.04383 0.04315
57207.95261 17.90997 0.0402
57207.98422 17.88223 0.03306
57208.90735 17.93376 0.03319
57208.94607 17.924 0.02962
57209.93937 17.96327 0.03045
57209.97959 17.88717 0.03143
57210.9363 17.89124 0.02575
57210.97519 17.91356 0.02579
57211.94997 17.92287 0.02412
57211.98409 17.88801 0.02869
57212.9376 17.96753 0.03257
57212.97329 17.88645 0.0317
57214.96163 17.89593 0.0234
57216.93262 17.90587 0.02225
57216.97994 17.94105 0.0227
57218.92712 17.9045 0.0222
57218.977 17.91608 0.02315
57219.94247 17.91723 0.02001
57219.97077 17.89787 0.01948
57220.92305 17.89636 0.0191
57220.98129 17.90268 0.02028
57225.95176 17.9469 0.01986
57226.95332 17.90052 0.01863
57227.93417 17.92821 0.02047
57227.97035 17.91629 0.01998
57231.91879 17.89429 0.02179
57231.96902 17.88458 0.01946
57232.8829 17.8975 0.02687
57232.9489 17.89912 0.02279
57237.93379 17.88621 0.03282
57237.98326 17.91766 0.0331
57238.91268 17.86593 0.02456
57238.96563 17.8673 0.02369
57239.93796 17.95929 0.02367
57239.98313 17.95661 0.02463
57240.95317 17.92953 0.02274
57241.93368 17.85279 0.02397
57242.93933 17.90963 0.01994
57242.98523 17.88645 0.01973
57244.91131 17.90425 0.01951
57244.96611 17.89624 0.01854
57245.87591 17.88784 0.01869
57245.91376 17.88765 0.01887
57247.92574 17.89713 0.01894
57247.95614 17.91361 0.01848
57248.84393 17.89396 0.01935
57248.8782 17.90793 0.01972
57249.88436 17.88595 0.019
57249.9163 17.90598 0.01914
57250.88236 17.9108 0.01936
57250.92114 17.92106 0.0204
57251.8693 17.88965 0.01852
57251.91419 17.91993 0.01813
57267.93864 17.99997 0.04192
57267.9816 17.90805 0.02892
57554.97044 17.79454 0.02646
57555.93989 17.72334 0.0236
57555.96363 17.79337 0.02224
57569.92685 17.74255 0.02314
57570.93954 17.76155 0.02335
57571.91515 17.75259 0.02497
57571.96845 17.69528 0.02425
57572.94 17.4678 0.02873
57572.961 17.72585 0.02452
57573.95955 17.72367 0.02199
57574.96997 17.76308 0.02152
57575.96076 17.71687 0.02187
57576.95096 17.76455 0.02568
57577.97714 17.78752 0.02457
57578.93031 17.7037 0.02482
57578.9597 17.6434 0.02549
57579.93833 17.64514 0.02812
57579.96636 17.74686 0.02649
57580.94991 17.71553 0.02607
57580.97641 17.70692 0.02615
57581.93908 17.72044 0.02241
57581.96061 17.76408 0.02249
57582.96612 17.75854 0.02168
57582.9889 17.81373 0.03623
57583.93612 17.72937 0.02081
57583.97225 17.74787 0.02156
57584.92871 17.73163 0.0225
57584.97404 17.74788 0.02088
57585.92275 17.77251 0.02363
57585.96134 17.80239 0.02291
57586.91575 17.76474 0.03267
