#mjd mag magerr
55061.92501 20.11981 0.11278
55061.95573 20.64051 0.15035
55063.91987 20.30176 0.13716
55063.9639 20.45504 0.15295
55064.92128 20.53455 0.16355
55064.9656 20.32191 0.14786
55066.91014 20.58862 0.15564
55066.95474 20.42958 0.12449
55067.91649 20.78815 0.20574
55069.90324 20.23536 0.12876
55069.94786 20.42813 0.13655
55142.7036 20.00889 0.13435
55144.77886 20.16452 0.1505
55144.82305 20.02998 0.13189
55151.72943 20.46726 0.15797
55151.77257 20.69326 0.20306
55168.63378 20.08021 0.19654
55168.6775 20.25608 0.17796
55175.61224 19.85817 0.11815
55181.59421 19.95141 0.1815
55181.63825 20.14817 0.18237
55183.59204 20.12392 0.17315
55183.64253 20.24515 0.17846
55189.58054 20.32521 0.20304
55189.62557 20.3288 0.19636
55199.58559 20.49478 0.19903
55202.58667 19.99572 0.11327
55203.71441 20.32783 0.14018
55203.75743 20.21345 0.16396
55207.63092 20.52463 0.18965
55207.67514 20.26301 0.15255
55209.5968 20.43481 0.13357
55209.64149 20.40848 0.15964
55213.63312 20.33989 0.15235
55213.6798 19.96122 0.17484
55379.92482 20.541 0.20195
55380.92078 20.10726 0.17904
55381.89606 20.75557 0.17186
55381.93934 20.55824 0.18614
55384.82671 20.14578 0.16396
55385.87021 20.48091 0.19156
55385.91339 20.49174 0.15325
55386.86524 20.21024 0.16877
55387.87002 20.20741 0.17409
55387.91342 20.65381 0.1854
55388.91005 20.50311 0.16627
55391.87538 20.52063 0.20434
55392.83258 20.71659 0.20953
55392.87538 20.19147 0.17475
55394.8431 20.16424 0.14086
55395.84215 20.64776 0.20644
55396.83932 20.24135 0.14224
55397.83526 20.53036 0.20663
55398.83124 20.50273 0.17813
55411.79896 20.73219 0.17031
55421.79901 20.42221 0.18632
55423.74742 20.71024 0.20252
55424.75349 20.69058 0.18865
55424.80178 20.74037 0.21433
55425.80573 20.67878 0.18274
55426.8444 20.82489 0.17046
55427.8408 20.68429 0.19773
55429.8142 20.54059 0.16014
55438.89798 20.31449 0.17833
55438.90086 20.81967 0.27443
55438.91763 20.37146 0.17654
55438.92672 20.50092 0.17645
55440.87823 20.95026 0.21943
55440.88675 20.83431 0.18475
55440.8894 20.49672 0.13725
55440.89205 20.70299 0.19873
55440.89518 20.77689 0.15416
55440.89832 20.95455 0.23104
55440.90145 20.28684 0.15215
55440.90439 20.66847 0.16484
55440.90729 20.54093 0.17474
55440.91025 20.78926 0.13204
55440.91316 20.62522 0.17664
55440.91591 20.69189 0.19534
55440.92426 20.97804 0.19234
55440.93364 20.96385 0.18024
55440.93623 20.33375 0.14794
55440.9395 20.84813 0.19295
55440.95182 20.70393 0.20114
55440.95489 20.77678 0.18565
55440.95791 20.74628 0.19184
55441.87301 20.77439 0.13017
55441.88645 20.49797 0.14556
55441.88962 20.80269 0.18896
55441.89828 20.5539 0.17027
55441.90107 20.44056 0.14256
55441.9037 20.84144 0.14859
55441.90634 20.83135 0.22393
55441.90906 20.93977 0.123
55441.9118 20.67803 0.14016
55441.91445 20.89935 0.13468
55441.91722 20.8369 0.13588
55441.9281 20.65848 0.14659
55441.93183 20.93992 0.13156
55441.94048 20.33629 0.15536
55441.94326 20.50466 0.14265
55441.94546 20.533 0.15116
55441.94852 20.70464 0.11979
55441.95469 20.33377 0.14236
55441.95786 20.54972 0.18248
55441.96081 20.48605 0.16008
55441.96392 20.98689 0.15196
55441.96715 20.4643 0.12819
55441.97012 20.49604 0.14257
55441.97294 20.51028 0.16706
55441.97532 20.23988 0.12738
55441.97757 20.61807 0.16915
55441.9835 20.61294 0.20165
55441.99078 20.37568 0.13646
55441.99382 20.87809 0.15225
55442.00593 20.67031 0.21104
55442.00906 20.69907 0.17488
55442.01216 20.59952 0.20356
55442.01753 20.52105 0.21638
55442.70382 20.61817 0.14884
55442.71097 20.34884 0.18554
55442.71448 20.96463 0.17203
55442.71808 20.76447 0.17695
55442.72168 20.36333 0.17414
55442.73272 20.57532 0.18904
55442.74184 20.91919 0.12398
55442.74882 20.87036 0.20105
55442.76147 20.55861 0.15484
55442.76615 20.57232 0.14845
55442.77616 20.54867 0.16025
55442.78615 20.58526 0.14895
55442.79145 20.50867 0.14986
55442.79615 20.89474 0.14345
55442.80186 20.60464 0.16525
55442.8093 20.57115 0.15344
55442.81939 20.22682 0.11998
55442.82447 20.46472 0.17765
55442.83541 20.56749 0.17965
55442.84012 20.5991 0.14018
55442.84597 20.70471 0.16196
55442.85112 20.19741 0.11151
55442.85657 20.32696 0.11708
55442.86387 20.44535 0.14696
55442.87002 20.37095 0.15917
55442.87503 20.69205 0.16577
55442.88048 20.59612 0.15028
55442.88617 20.40426 0.19405
55442.89221 20.68985 0.15027
55442.89785 20.65225 0.16035
55442.90297 20.6849 0.17543
55442.90871 20.23381 0.16125
55442.91368 20.61842 0.16543
55442.91875 20.22942 0.12376
55442.92384 20.41765 0.14514
55442.93037 20.30269 0.12778
55442.93642 20.39416 0.14829
55442.94588 20.98571 0.18127
55442.95166 20.45784 0.16097
55442.95754 20.48104 0.19576
55442.96246 20.62598 0.17386
55442.96833 20.33587 0.16436
55442.97782 20.34894 0.17076
55442.98206 20.30976 0.16935
55442.99348 20.2854 0.11708
55442.99858 20.70485 0.14239
55443.00329 20.35105 0.13385
55443.01002 20.84541 0.13735
55443.01702 20.80679 0.15696
55443.69287 20.76591 0.18514
55443.70415 20.3563 0.18834
55443.71632 20.73849 0.18693
55443.72231 20.73096 0.16984
55443.74306 20.80543 0.18533
55443.74812 20.82596 0.14694
55443.75372 20.22056 0.15045
55443.75946 20.21816 0.13908
55443.76526 20.72826 0.16824
55443.78539 20.28175 0.15464
55443.79156 20.36173 0.15124
55443.79717 20.64897 0.17445
55443.80302 20.5308 0.15436
55443.80895 20.65634 0.16776
55443.81493 20.61551 0.19034
55443.8204 20.3549 0.16206
55443.82634 20.58491 0.19614
55443.83239 20.45571 0.16715
55443.84958 20.61641 0.14805
55443.85553 20.21933 0.15186
55443.86252 20.63041 0.18385
55443.87576 20.86037 0.20114
55443.88141 20.44216 0.14285
55443.88892 20.69248 0.21204
55443.89412 20.24303 0.14197
55443.90077 20.47707 0.14465
55443.90658 20.51467 0.17944
55443.91779 20.57099 0.18725
55443.92403 20.37804 0.15305
55443.92967 20.48576 0.17763
55443.93496 20.45315 0.14614
55443.94073 20.89949 0.23392
55443.94779 20.2227 0.13154
55443.95355 20.45684 0.18024
55443.9693 20.50062 0.16515
55443.97555 20.6897 0.21574
55443.98725 20.39013 0.15316
55443.99456 20.63939 0.17185
55444.00093 20.93545 0.17324
55444.0061 20.72485 0.11859
55444.0175 20.52119 0.15099
55444.70198 20.48806 0.17484
55444.71487 20.45967 0.19604
55444.72796 20.48257 0.16354
55444.73377 20.67069 0.20163
55444.74094 20.72143 0.13774
55444.75167 20.64251 0.17933
55444.75678 20.90091 0.20293
55444.76225 20.79287 0.17283
55444.7673 20.45985 0.14074
55444.77876 20.6683 0.12215
55444.78368 20.5774 0.15894
55444.80403 20.24878 0.14676
55444.8213 20.70092 0.15306
55444.83332 20.80339 0.14555
55444.83854 20.20927 0.15105
55444.84549 20.36116 0.16326
55444.85161 20.52316 0.14786
55444.85679 20.21848 0.12947
55444.86267 20.71863 0.21214
55444.86777 20.26741 0.13206
55444.87872 20.31833 0.15466
55444.89016 20.88658 0.20643
55444.89581 20.78809 0.20346
55444.90153 20.79304 0.15965
55444.90845 20.95086 0.21253
55444.91349 20.6417 0.16753
55444.92279 20.61831 0.15994
55444.93139 20.9412 0.15783
55444.94568 20.62796 0.19796
55444.951 20.64138 0.18617
55444.96923 20.56702 0.19983
55444.98062 20.51103 0.19933
55444.98915 20.80578 0.17995
55444.99553 20.39984 0.16325
55445.00157 20.50004 0.16785
55445.00779 20.27976 0.14596
55445.01282 20.67259 0.16304
55445.6905 20.81232 0.17994
55445.69681 20.742 0.17656
55445.70294 20.70031 0.22935
55445.72791 20.98097 0.19884
55445.73457 20.38425 0.14209
55445.74013 20.42913 0.17555
55445.75643 20.53398 0.16375
55445.76191 20.21938 0.17086
55445.76784 20.52566 0.18785
55445.7737 20.28504 0.14635
55445.779 20.6922 0.18115
55445.78479 20.3158 0.16574
55445.79025 20.56524 0.15377
55445.79613 20.71801 0.18924
55445.81095 20.21988 0.11827
55445.82455 20.36453 0.10922
55445.83024 20.3468 0.14866
55445.84021 20.5493 0.14407
55445.85174 20.74976 0.15776
55445.85762 20.74994 0.16845
55445.8636 20.78423 0.19933
55445.86963 20.5955 0.17247
55445.87567 20.84378 0.19154
55445.88207 20.69343 0.16605
55445.88844 20.38244 0.11917
55445.89983 20.66159 0.15344
55445.90668 20.42702 0.15106
55445.91299 20.83465 0.17194
55445.91722 20.78321 0.17815
55445.92351 20.53804 0.12479
55445.92915 20.75599 0.17224
55445.93496 20.68712 0.17736
55445.94048 20.74672 0.15526
55445.95216 20.66753 0.15606
55445.95886 20.58712 0.13716
55445.97191 20.44669 0.13116
55445.97872 20.64938 0.14186
55445.98437 20.87013 0.19564
55445.98972 20.52483 0.13647
55445.99581 20.6264 0.15246
55446.00245 20.63876 0.14425
55446.00827 20.70745 0.16264
55446.01787 20.92992 0.20944
55446.67089 20.90375 0.18927
55446.67601 20.43108 0.16295
55446.70044 20.52173 0.17405
55446.7269 20.5138 0.19714
55446.74263 20.70895 0.22004
55446.75986 20.47304 0.14996
55446.76487 20.78851 0.14564
55446.77518 20.92819 0.16755
55446.78018 20.20809 0.14877
55446.79818 20.62374 0.15516
55446.80822 20.39069 0.16356
55446.81336 20.72347 0.18555
55446.81934 20.63506 0.20865
55446.82569 20.79726 0.17157
55446.83186 20.21352 0.15108
55446.83803 20.57492 0.12351
55446.84316 20.37595 0.16586
55446.84946 20.35715 0.17318
55446.85529 20.40727 0.1646
55446.86132 20.59757 0.16316
55446.87321 20.61103 0.15765
55446.87945 20.22035 0.16017
55446.88583 20.37033 0.17668
55446.89176 20.58655 0.16324
55446.89901 20.52766 0.16846
55446.90569 20.73234 0.16194
55446.91293 20.4579 0.16644
55446.91958 20.38116 0.15917
55446.92538 20.21033 0.11667
55446.93113 20.21533 0.14939
55446.93686 20.2069 0.11138
55446.94237 20.69984 0.17886
55446.95451 20.70423 0.18346
55446.97287 20.76873 0.16755
55446.97827 20.86543 0.23133
55446.98464 20.73103 0.17716
55446.99026 20.67326 0.21774
55446.99646 20.6546 0.15255
55448.00377 20.57482 0.13655
55449.82958 20.55467 0.19099
55450.82585 20.86791 0.23772
55450.86998 20.22125 0.15174
55451.70095 20.45692 0.17287
55452.64792 20.64935 0.20134
55452.69243 20.63108 0.13064
55453.6895 20.26918 0.19893
55455.7154 20.74392 0.23163
55456.67702 20.68661 0.20682
55466.62134 20.40946 0.15956
55466.63348 20.6423 0.19294
55466.67604 20.39511 0.19584
55468.7394 20.55992 0.1806
55471.77466 20.93629 0.23363
55472.62548 20.82571 0.17654
55472.66936 20.29048 0.12654
55477.66775 20.38719 0.15256
55478.62384 20.38874 0.22263
55478.66775 20.64923 0.18303
55479.65968 20.87133 0.21194
55481.61182 20.80191 0.21174
55481.69382 20.65666 0.16553
55482.61769 20.58416 0.22242
55482.66188 20.78724 0.15323
55482.67843 20.88514 0.16505
55484.70695 20.88814 0.17907
55485.61939 20.41644 0.19913
55499.59404 20.99966 0.15976
55499.63881 20.75464 0.23045
55501.75706 20.54737 0.16666
55504.91868 20.34457 0.19774
55507.81368 20.48918 0.18014
55513.7418 20.25782 0.16694
55514.69377 20.58184 0.20113
55517.6584 20.51438 0.17013
55532.78408 20.81771 0.19145
55532.82836 20.36775 0.18475
55535.68432 20.20008 0.12001
55537.62557 20.29315 0.16054
55538.57995 20.41636 0.14864
55538.62381 20.45593 0.15886
55539.62283 20.52613 0.16244
55540.61811 20.37773 0.14627
55540.66215 20.61036 0.13997
55541.61644 20.6462 0.19345
55541.65945 20.41729 0.16178
55544.59603 20.61838 0.19543
55567.59621 20.34548 0.18274
55575.6386 20.29732 0.20094
55583.61703 20.78197 0.18023
55583.66119 20.42849 0.20643
55586.61685 20.28248 0.14655
55733.91212 20.69995 0.16364
55768.82037 20.36912 0.18984
55769.80074 21.03101 0.19023
55769.84468 20.66209 0.15464
55770.78189 20.7702 0.22904
55770.82573 20.66738 0.17514
55771.82449 20.70338 0.20653
55780.79415 20.80362 0.18775
55783.80103 20.62527 0.21644
55793.79097 20.61425 0.18785
55809.7101 20.46278 0.19755
55813.70671 20.07652 0.19645
55838.61464 20.41333 0.20933
55866.64679 21.16471 0.18325
55887.68352 20.69775 0.19484
55889.84447 20.63679 0.21173
55894.58144 20.63322 0.23249
55944.67224 20.23035 0.15906
56093.95942 20.77758 0.24612
56102.91975 20.48713 0.23194
56124.8239 20.53512 0.20225
56151.84315 20.83174 0.23423
56151.87618 21.092 0.19123
56151.91621 20.53946 0.20704
56164.86055 20.9868 0.12704
56164.89061 20.86785 0.14393
56165.85221 20.73888 0.21053
56165.88255 20.83665 0.15803
56166.82415 20.94874 0.18813
56166.85436 20.75257 0.17604
56177.71467 20.82169 0.18283
56178.7245 20.67682 0.17355
56178.75548 21.06462 0.14845
56225.84088 20.91376 0.15724
56235.64419 20.96434 0.20214
56237.61509 21.24018 0.18223
56238.61531 21.29674 0.18443
56252.60631 20.92138 0.14635
56252.62487 20.97661 0.25433
56252.73499 20.77044 0.20154
56252.75258 20.82843 0.23685
56252.80517 20.73786 0.22225
56252.85634 20.68498 0.19164
56268.59364 20.61714 0.18894
56268.62314 20.9178 0.21114
56269.58435 20.87265 0.21793
56269.58546 20.68681 0.16484
56269.58771 20.84175 0.22073
56269.59843 21.20084 0.16923
56269.60977 20.82131 0.20263
56269.61093 20.94998 0.17314
56269.61659 21.22279 0.19144
56269.61884 20.85362 0.19174
56269.62343 20.72367 0.16583
56269.62457 20.71383 0.16034
56269.62569 20.75134 0.20523
56269.64001 20.75407 0.17744
56269.64226 21.1424 0.20203
56269.64337 20.93281 0.19153
56269.64789 20.7918 0.17973
56269.65017 20.94355 0.15605
56269.65129 20.51869 0.12496
56269.65247 21.12623 0.15464
56269.65359 20.75868 0.17763
56269.65473 20.7511 0.15305
56269.65585 20.7553 0.20393
56269.65819 21.10897 0.19004
56269.66055 20.79438 0.20004
56269.66167 21.14934 0.14704
56269.66279 20.78847 0.17125
56269.66393 21.11855 0.14434
56269.66717 21.00076 0.20763
56269.66952 20.98701 0.12878
56269.67064 20.93135 0.12075
56269.67184 20.56911 0.19664
56269.673 21.07295 0.13755
56269.67533 20.93006 0.18963
56269.6776 20.8061 0.16355
56269.67883 20.90298 0.19114
56269.67997 20.82678 0.21733
56269.6812 20.87457 0.13995
56269.68232 20.89486 0.14264
56269.68473 20.5378 0.12396
56269.68592 21.24677 0.17374
56269.68705 20.64241 0.17633
56269.68816 20.94708 0.15063
56269.68929 20.8205 0.16464
56269.69041 20.78709 0.12944
56269.69157 20.55582 0.16953
56269.69269 20.69594 0.16294
56269.69608 20.73363 0.11796
56269.69898 20.72566 0.15874
56269.70011 21.10707 0.23722
56269.70126 20.62548 0.11335
56269.70241 20.93076 0.13995
56269.70357 20.93122 0.21473
56269.70705 20.9722 0.15475
56269.70937 21.02494 0.13506
56269.7105 20.83474 0.16334
56269.71167 20.50495 0.15594
56269.71403 20.68002 0.14736
56269.71516 20.95123 0.12585
56269.7163 20.91803 0.12215
56269.72763 21.22445 0.16284
56269.72875 20.6263 0.16854
56269.73326 21.23727 0.16553
56269.73438 21.08116 0.14335
56269.73796 20.94152 0.21533
56269.74846 20.99558 0.16114
56269.75074 21.11674 0.14915
56269.75201 20.82715 0.17744
56269.75316 20.7708 0.18554
56269.75429 21.18591 0.15874
56269.75553 20.8065 0.19054
56269.75779 21.05972 0.22623
56269.75895 20.86266 0.17765
56269.76123 21.04663 0.17774
56269.76235 21.06464 0.24113
56269.76348 20.8309 0.21044
56269.76459 20.53203 0.17293
56269.78036 20.68631 0.17654
56269.78151 20.75296 0.19193
56269.78751 20.84353 0.21503
56269.79108 20.76523 0.21752
56269.79356 21.09681 0.20683
56269.79701 20.90582 0.22713
56269.79928 20.87 0.21443
56269.80404 20.88231 0.20424
56269.80517 20.69834 0.19744
56270.58058 20.90134 0.20024
56270.59051 21.1941 0.16786
56270.59301 21.02623 0.15455
56270.59588 21.09354 0.13007
56270.59846 21.25267 0.17433
56270.60229 20.63592 0.16554
56270.60484 20.91066 0.13757
56270.60617 20.94721 0.12338
56270.60733 20.87619 0.16105
56270.60868 20.90648 0.14465
56270.60993 20.78004 0.18325
56270.61121 20.76916 0.18144
56270.61244 20.84961 0.19564
56270.61368 20.48688 0.14674
56270.61481 20.79494 0.18503
56270.61593 20.95179 0.16324
56270.61713 21.07909 0.13765
56270.62212 21.16427 0.14806
56270.62324 20.79695 0.12178
56270.62438 20.94661 0.19844
56270.6255 21.15957 0.14556
56270.62781 20.97028 0.15664
56270.62895 20.9222 0.12688
56270.63017 20.96347 0.15035
56270.63259 21.09461 0.16884
56270.63372 20.61582 0.17405
56270.63484 20.81108 0.16624
56270.64713 20.75723 0.20193
56270.64825 21.16294 0.14965
56270.6495 20.53634 0.17515
56270.65082 20.88294 0.18365
56270.65562 20.57727 0.19594
56270.65697 20.68059 0.15375
56270.65832 21.04487 0.16305
56270.66092 20.52999 0.15514
56270.66217 20.94303 0.14785
56270.66351 20.55075 0.15325
56270.67891 20.93302 0.20123
56270.68243 20.79843 0.16694
56270.68784 20.84084 0.15136
56270.68912 20.74052 0.11937
56270.69114 20.60383 0.16924
56270.69232 20.64496 0.12566
56270.69365 20.79189 0.16265
56270.69746 21.04067 0.14466
56270.6986 20.73908 0.14245
56270.6999 20.69535 0.14786
56270.70121 20.53244 0.14824
56270.70235 20.96157 0.18954
56270.70349 20.84386 0.12926
56270.70482 20.46544 0.19374
56270.70726 20.80451 0.13255
56270.7086 20.48704 0.18855
56270.71103 20.78971 0.13065
56270.71235 20.53659 0.17375
56270.71347 20.85289 0.17644
56270.71481 21.0022 0.15854
56270.71608 21.01583 0.14327
56270.71722 21.1671 0.14066
56270.71853 20.87501 0.12705
56270.71967 21.11545 0.15594
56270.72302 20.73235 0.17823
56270.72439 20.89996 0.12837
56270.72553 20.89806 0.16473
56270.72665 20.85415 0.13946
56270.72793 20.86486 0.14015
56270.72927 20.93791 0.13356
56270.73043 20.52112 0.13256
56270.73161 21.00375 0.15077
56270.73292 20.92225 0.18424
56270.73506 21.05724 0.13995
56270.73622 20.85389 0.18624
56270.73753 20.6172 0.14376
56270.73887 20.89187 0.17195
56270.74001 20.72662 0.19634
56270.74126 20.63193 0.16854
56270.7424 20.81083 0.13495
56270.74609 20.86845 0.18464
56270.74744 20.71921 0.15885
56270.74995 20.7355 0.16603
56270.75121 21.20174 0.15805
56270.75241 21.18448 0.16825
56270.75502 21.05661 0.16814
56270.77223 20.73285 0.22185
56270.77775 20.79662 0.18454
56270.784 20.88139 0.20423
56270.78661 20.89121 0.20594
56270.78776 21.00955 0.27154
56270.79508 20.59064 0.15855
56270.79991 20.84619 0.21215
56270.80111 20.57401 0.16565
56270.80249 20.9542 0.21684
56270.80837 20.85879 0.20323
56272.7082 20.83276 0.19144
56282.58095 20.73028 0.19174
56297.58897 21.02311 0.18993
56297.59019 20.67975 0.18265
56297.5937 20.78485 0.18923
56297.62597 20.98103 0.19154
56297.63051 20.92623 0.18234
56297.66121 20.72074 0.12606
56297.67315 21.18149 0.18193
56297.68076 20.8727 0.21924
56297.68325 20.65721 0.19434
56297.68786 20.77526 0.20024
56297.69635 20.96438 0.27153
56297.70113 20.96009 0.17195
56297.71084 20.58241 0.16313
56297.71668 20.74609 0.21223
56297.72448 21.04884 0.21963
56297.77185 20.64619 0.17244
56298.63687 20.85547 0.15772
56298.65509 20.9431 0.16457
56298.66198 21.04757 0.14935
56305.59416 21.02621 0.22664
56323.60059 20.8497 0.15767
56323.60284 20.64842 0.20873
56323.60846 21.19989 0.18578
56323.61071 21.00329 0.18295
56323.61183 21.09572 0.18943
56323.61521 21.07549 0.21404
56323.61635 21.01241 0.23954
56323.61859 21.06926 0.20394
56323.62085 21.01883 0.21924
56323.62197 20.55258 0.17935
56323.62535 21.23566 0.17835
56323.62759 20.88061 0.18705
56323.63322 20.75333 0.19594
56323.63435 20.61002 0.16274
56323.63661 21.11156 0.17265
56323.63773 20.81568 0.17816
56323.64563 20.77244 0.20214
56323.64902 20.69456 0.14966
56323.65014 20.7619 0.20803
56323.6524 20.45921 0.16626
56323.65465 20.74083 0.22563
56323.65577 20.64749 0.17335
56323.65691 20.83103 0.21694
56323.65917 20.47374 0.18134
56323.69194 20.68303 0.20857
56324.67356 20.65149 0.21142
56330.63442 21.0803 0.24024
56449.9322 20.24349 0.15466
56455.95123 20.1854 0.2132
56486.83403 20.17922 0.17356
56488.86647 20.84528 0.25484
56507.80198 20.64968 0.17028
56507.84712 20.59133 0.19575
56509.79634 20.55895 0.18465
56509.83877 20.38339 0.17076
56510.8262 20.63132 0.18779
56511.84089 20.44411 0.18248
56513.82352 20.69385 0.19226
56514.7834 20.63788 0.15766
56516.77774 20.94286 0.22736
56516.81437 20.58309 0.16189
56518.87478 20.89933 0.19506
56518.96686 20.79375 0.21455
56519.90443 20.90196 0.14077
56520.95521 20.58279 0.21875
56520.99262 21.05078 0.14361
56532.89645 20.69195 0.18117
56533.93493 20.75347 0.21915
56533.97228 21.01183 0.14853
56537.84525 20.88637 0.13357
56539.88447 20.79053 0.15469
56540.97669 20.76472 0.16879
56543.00294 20.48082 0.20685
56544.00787 20.62221 0.19163
56546.75907 20.85006 0.28281
56546.94639 20.62583 0.21824
56547.84788 21.12716 0.15626
56548.0057 20.73675 0.18884
56549.70273 20.39794 0.20363
56550.66388 20.44507 0.23114
56551.75862 21.0583 0.20764
56566.99591 20.74929 0.18535
56568.96343 20.59262 0.19056
56573.61429 20.46804 0.16194
56573.77817 20.45995 0.18984
56578.69674 21.09273 0.20378
56578.75347 20.57586 0.21448
56589.79481 20.94546 0.23873
56590.89969 20.33212 0.18424
56591.86057 20.77608 0.14205
56599.75014 20.33969 0.13247
56599.79577 21.01634 0.21424
56605.64733 20.78531 0.21304
56606.60932 20.69234 0.21079
56625.70494 20.79041 0.24774
56626.67007 20.82517 0.22133
56649.60387 20.78445 0.21173
56659.61086 20.87558 0.22358
56660.58569 20.73013 0.18812
56660.61029 20.83185 0.17813
56663.6171 20.64779 0.18625
56678.61458 20.90775 0.20363
56687.64144 20.57196 0.16869
56829.96383 21.04374 0.21595
56831.96161 21.09774 0.21832
56837.96638 21.05227 0.13615
56839.96511 21.10899 0.13807
56839.97834 20.79145 0.2011
56841.96857 21.01703 0.15516
56844.96636 20.89822 0.17278
56845.96726 20.66847 0.18584
56846.96666 20.8144 0.20175
56846.98115 20.69659 0.20315
56847.96648 21.05573 0.23034
56848.96743 20.8407 0.20254
56848.98312 20.86835 0.27673
56858.96243 21.23836 0.15241
56862.98227 20.72913 0.18005
56863.94981 20.8933 0.16727
56864.94576 20.48599 0.13942
56864.96947 21.12746 0.19772
56865.96089 21.09806 0.13537
56867.98799 20.77337 0.19207
56868.96536 20.97784 0.16988
56868.98567 20.74579 0.19147
56869.98231 20.68634 0.21205
56870.96467 21.18963 0.13197
56874.97428 20.65918 0.18176
56875.98151 20.9411 0.18436
56875.99752 20.69062 0.14666
56876.91773 21.00497 0.18575
56876.94717 21.18974 0.15225
56877.9745 20.66398 0.18826
56877.9957 20.74825 0.16057
56885.96448 20.98709 0.14705
56885.98159 20.93816 0.14376
56886.91453 20.94198 0.1647
56887.91623 21.10289 0.19934
56888.89905 20.8176 0.15515
56888.91008 20.65989 0.18405
56888.94196 20.49209 0.19383
56890.97479 20.63268 0.15548
56980.71766 20.79283 0.20815
56990.59847 20.78128 0.22104
57018.62586 20.82381 0.22404
57042.59979 20.69115 0.18965
57043.64542 21.01602 0.18756
57059.60766 20.91849 0.20806
57189.95594 20.26484 0.13538
57190.94422 20.30243 0.18722
57191.9217 20.72443 0.18741
57198.93165 20.55372 0.18843
57218.92712 20.60006 0.17106
57219.94247 20.60184 0.17115
57219.97077 20.83823 0.20455
57220.92305 20.8733 0.19264
57220.98129 20.7342 0.19086
57225.95176 20.67816 0.19734
57226.95332 20.83272 0.1579
57227.93417 20.74707 0.16936
57227.97035 20.51255 0.13728
57231.96902 20.51298 0.1418
57238.96563 20.3876 0.14715
57239.98313 20.4227 0.16866
57240.95317 20.77009 0.17726
57241.93368 20.32215 0.17123
57242.93933 20.76011 0.17508
57242.98523 20.63933 0.14011
57244.91131 20.35461 0.18676
57244.96611 20.40296 0.17316
57245.87591 20.32428 0.22803
57247.92574 20.75352 0.12718
57247.95614 20.55931 0.15987
57248.8782 20.44934 0.15534
57249.88436 20.45064 0.18535
57249.9163 20.25836 0.15799
57250.92114 20.98315 0.16528
57251.91419 20.68325 0.21015
57267.9816 20.41809 0.17686
57555.93989 20.85419 0.16287
57565.94418 20.80936 0.23612
57573.95955 20.78462 0.21948
57581.93908 21.09381 0.23364
57583.97225 20.88512 0.23314
57586.91575 21.09031 0.19497
57597.9794 20.87146 0.24207
57604.96148 20.7199 0.22615
57607.97806 20.51143 0.18497
57608.96585 20.62889 0.18047
57612.88937 20.75315 0.19945
57613.84046 20.73448 0.19495
57614.96436 20.6905 0.18524
