#mjd mag magerr
55061.92501 20.41538 0.14789
55061.95573 20.45212 0.12242
55063.91987 20.27426 0.1332
55069.90324 20.49679 0.16436
55069.94786 20.53857 0.16089
55087.85609 20.31433 0.15541
55087.90101 20.55676 0.15981
55089.01521 20.713 0.19365
55089.94574 20.55737 0.17658
55093.83741 20.18009 0.13072
55093.88196 20.49361 0.14739
55142.7036 20.52381 0.16956
55175.65684 20.34161 0.14248
55385.91339 20.41783 0.14611
55388.91005 20.1009 0.14889
55394.8431 20.28333 0.15766
55425.80573 20.2361 0.12376
55427.8408 20.42137 0.17585
55428.79281 19.94741 0.15404
55430.80485 20.17422 0.18406
55438.91763 20.08669 0.18315
55438.96141 20.14216 0.19717
55440.87823 20.0587 0.14198
55440.8894 20.39209 0.15525
55440.89205 20.36217 0.16526
55440.90145 20.59556 0.16295
55440.90729 20.38273 0.16346
55440.9187 20.48146 0.18626
55440.92149 20.44706 0.16795
55441.87301 20.23236 0.14719
55441.87592 20.45815 0.15947
55441.88645 19.88661 0.1236
55441.89254 20.29159 0.14077
55441.89542 20.12687 0.12352
55441.89828 20.08562 0.15778
55441.90107 19.88165 0.1384
55441.9037 20.34962 0.15328
55441.90906 20.05362 0.1495
55441.91445 20.27042 0.15196
55441.91722 20.36715 0.15515
55441.91981 20.08333 0.13576
55441.92546 20.34574 0.12899
55441.9281 20.21401 0.15298
55441.93183 20.48891 0.13808
55441.93458 20.20714 0.14265
55441.93727 20.02153 0.13276
55441.94048 20.61985 0.14668
55441.94546 20.09241 0.14948
55441.94852 20.10365 0.15525
55441.95469 20.2527 0.17205
55441.95786 20.40973 0.14328
55441.96081 20.52856 0.17677
55441.97012 20.37396 0.15526
55441.97294 20.05287 0.16228
55441.97532 20.32716 0.14797
55441.97757 20.19908 0.15777
55441.9835 20.09163 0.1305
55441.9863 20.31525 0.16965
55441.98852 20.11646 0.15087
55441.99382 19.89918 0.15336
55442.00593 20.56512 0.16107
55442.00906 20.02831 0.14638
55442.71097 20.41793 0.16156
55442.71808 20.43384 0.17847
55442.72527 20.37963 0.15256
55442.73272 20.62021 0.17705
55442.74882 20.52429 0.15077
55442.76147 19.91987 0.14467
55442.78135 20.58 0.18466
55442.78615 20.30623 0.15736
55442.79145 20.20289 0.14657
55442.79615 20.57666 0.18066
55442.8093 20.53422 0.15647
55442.81443 20.21821 0.13534
55442.82447 20.40918 0.15069
55442.8293 20.33209 0.13802
55442.83541 20.13367 0.15288
55442.84012 20.07083 0.13643
55442.86387 19.96432 0.11881
55442.87002 20.04762 0.1187
55442.87503 20.19811 0.1581
55442.89221 20.5076 0.1575
55442.89785 20.50742 0.12318
55442.91368 20.25725 0.13056
55442.91875 20.33719 0.17364
55442.93037 20.01764 0.12848
55442.93642 20.61423 0.1525
55442.94588 20.01119 0.13518
55442.95166 20.13522 0.15131
55442.97317 20.27738 0.15946
55442.97782 20.03914 0.15755
55442.98206 20.46553 0.15766
55442.9872 20.57445 0.14926
55442.99348 20.40948 0.1335
55443.00329 20.32922 0.16046
55443.01002 20.22854 0.12869
55443.68488 20.20807 0.17883
55443.71632 20.02011 0.15935
55443.74306 20.46636 0.15496
55443.74812 20.24497 0.15629
55443.75946 20.10835 0.15205
55443.76526 20.56853 0.19025
55443.77007 20.39787 0.12997
55443.78539 20.17883 0.16116
55443.80302 20.09377 0.15199
55443.80895 20.30954 0.16324
55443.82634 20.18562 0.13969
55443.83239 20.36349 0.15106
55443.86252 20.26507 0.17146
55443.88892 20.1727 0.15214
55443.90658 20.27427 0.11538
55443.91235 20.48836 0.13565
55443.92967 20.41401 0.15095
55443.93496 20.30146 0.15218
55443.94073 20.59402 0.15868
55444.00093 20.51915 0.18515
55444.7091 20.47058 0.18704
55444.74094 20.12899 0.15885
55444.75678 20.19315 0.14726
55444.76225 19.95985 0.13546
55444.7673 20.10602 0.13825
55444.77876 20.25713 0.16276
55444.79848 20.19672 0.13476
55444.80403 20.61006 0.16007
55444.81599 20.35977 0.14618
55444.8213 20.02529 0.14526
55444.83332 20.33158 0.17556
55444.83854 20.15666 0.15306
55444.85679 20.43471 0.16359
55444.86777 19.97118 0.14018
55444.89016 20.21721 0.16255
55444.90153 20.18551 0.13086
55444.90845 20.26413 0.14188
55444.92279 20.04258 0.12827
55444.93139 20.56697 0.16325
55444.95724 19.97822 0.13847
55444.96289 20.63396 0.15696
55444.99553 20.22285 0.15426
55445.67731 20.51416 0.18876
55445.68422 20.45714 0.14307
55445.69681 20.0264 0.15489
55445.73457 20.30508 0.16486
55445.74013 20.26789 0.14496
55445.7456 20.53206 0.17435
55445.75643 20.36557 0.1539
55445.76784 20.05814 0.14228
55445.7737 20.27857 0.14658
55445.779 20.12769 0.13928
55445.79613 20.43226 0.17027
55445.82455 20.65597 0.15727
55445.83024 20.33172 0.16406
55445.84021 19.92132 0.13109
55445.84549 20.21712 0.12967
55445.85762 19.95069 0.13506
55445.8636 19.97798 0.12957
55445.87567 20.49458 0.16847
55445.88844 20.02079 0.13068
55445.90668 20.07518 0.12188
55445.91722 19.90579 0.12867
55445.92915 20.20518 0.128
55445.94048 20.45432 0.13938
55445.95216 20.40826 0.13868
55445.97191 20.30657 0.14267
55445.98972 20.48219 0.15936
55445.99581 20.28051 0.15197
55446.00827 20.26965 0.13547
55446.68915 20.46041 0.17346
55446.70044 19.91481 0.14205
55446.70781 20.18319 0.17215
55446.71998 20.52376 0.16806
55446.7269 20.20575 0.1414
55446.73768 19.97002 0.14716
55446.74263 20.16433 0.16257
55446.77004 20.03639 0.12671
55446.78018 19.99993 0.14477
55446.78654 20.46415 0.18427
55446.79243 20.29047 0.14979
55446.79818 20.21547 0.14108
55446.81934 20.37768 0.16027
55446.82569 20.54793 0.15768
55446.84316 20.06977 0.13309
55446.87321 20.24926 0.16297
55446.87945 20.06539 0.13886
55446.89901 20.01993 0.14037
55446.90569 20.30464 0.14647
55446.91293 20.20524 0.14017
55446.91958 20.65005 0.13437
55446.93113 20.45378 0.12628
55446.94842 20.46501 0.12652
55446.99026 20.22202 0.16486
55446.99646 20.14367 0.15395
55448.00377 20.16796 0.14877
55450.86998 20.4275 0.14416
55452.69243 20.24798 0.16906
55456.67702 20.07919 0.17526
55470.82246 20.32003 0.14014
55471.77466 20.16162 0.14701
55477.66775 20.42683 0.15837
55477.71276 20.16569 0.15494
55480.61506 20.01375 0.15868
55480.65805 20.18823 0.17036
55481.69382 20.35887 0.16106
55482.66188 20.0148 0.13858
55482.67843 19.93143 0.13955
55483.66512 20.1825 0.15686
55498.71756 20.54976 0.19168
55502.82148 19.90017 0.13325
55504.82418 20.52202 0.18004
55516.71654 20.00985 0.16386
55517.61497 19.87531 0.18966
55532.78408 19.94819 0.13077
55538.57995 20.35602 0.14517
55538.62381 20.04422 0.10339
55539.58012 20.22231 0.17895
55539.62283 20.00456 0.15796
55541.61644 20.06538 0.13998
55584.63985 20.18854 0.16366
55584.68286 20.0178 0.16876
55586.61685 19.96264 0.13845
55586.66038 19.98668 0.18705
55723.91976 20.0571 0.14357
55723.9634 19.94817 0.15126
55750.87598 20.07727 0.15117
55762.8402 20.30413 0.21446
55766.83041 19.96828 0.13218
55768.82037 20.18457 0.18196
55769.80074 19.69176 0.13246
55769.84468 19.91695 0.12077
55770.78189 20.34718 0.1374
55770.82573 19.99035 0.1152
55771.78074 19.80906 0.12306
55771.82449 19.98332 0.14497
55774.80363 19.74989 0.10606
55775.7599 20.1635 0.15517
55793.74743 19.7977 0.14888
55794.75972 20.23218 0.13807
55823.67275 20.30471 0.16637
55824.6697 20.32717 0.17846
55850.60468 20.42722 0.21325
55850.64918 20.26121 0.15665
55851.60318 19.91801 0.13219
55851.64641 19.91601 0.13437
55852.60416 20.05514 0.14257
55852.6481 19.81921 0.13035
55853.60163 20.15465 0.16876
55853.6463 19.91897 0.1245
55854.64607 20.13431 0.17417
55866.64679 19.8348 0.14335
55867.63053 20.38145 0.19796
55868.63002 19.91672 0.13576
55880.87841 20.08499 0.17469
55882.86968 20.17041 0.19698
55882.87146 20.12597 0.18678
55883.86679 20.12051 0.14604
55887.68352 20.34938 0.13688
55889.80049 19.71434 0.11885
55889.84447 20.35931 0.13556
55893.58261 20.21913 0.1592
55916.64026 19.97968 0.14095
55922.6423 20.01179 0.14726
55923.64145 20.22766 0.15767
55924.60837 20.14647 0.13597
55925.67897 20.10434 0.16107
55926.62543 20.51779 0.19656
55939.64879 19.80691 0.15261
55943.69972 20.18272 0.15896
55944.64379 20.16048 0.14758
55947.59349 20.03092 0.15658
55953.59751 20.32866 0.16817
56075.96117 20.0611 0.18546
56079.94994 20.05905 0.14967
56084.95914 19.67651 0.1643
56086.9317 20.30733 0.1489
56088.96298 20.10926 0.15818
56089.90743 20.14939 0.17806
56089.9375 19.9976 0.15388
56093.95942 19.94407 0.12428
56094.93794 19.95805 0.14026
56095.89413 20.34726 0.17426
56095.95378 20.11695 0.14217
56096.91464 19.98236 0.17526
56096.94475 19.90088 0.14066
56099.86796 20.0282 0.15747
56099.8979 20.42321 0.13249
56099.92867 20.08254 0.12228
56100.93113 20.44211 0.19204
56102.91975 20.35118 0.12818
56103.92203 20.17127 0.17236
56104.92258 20.00724 0.14835
56105.90846 20.27076 0.13617
56106.90907 20.28657 0.17984
56107.90655 20.07024 0.13417
56108.92686 19.80861 0.12716
56109.93363 20.20266 0.18706
56110.92786 19.9134 0.15409
56114.92357 19.95944 0.18727
56117.89333 20.25846 0.18757
56118.85812 19.94705 0.17378
56122.87468 20.26046 0.18599
56123.86323 20.19818 0.15335
56124.90647 19.90505 0.14287
56125.83541 19.72231 0.13116
56125.89611 20.05521 0.11087
56127.87262 20.00468 0.15148
56128.8509 20.16121 0.1265
56130.84603 20.06346 0.16428
56131.81956 19.71095 0.14147
56131.84966 19.7438 0.13417
56131.87991 20.04685 0.13338
56132.81342 20.18282 0.14175
56132.85526 20.10176 0.13027
56133.77702 19.94419 0.16677
56133.80732 19.93407 0.14097
56133.83817 19.86652 0.11827
56135.8357 19.71943 0.09729
56136.84105 20.25724 0.17385
56147.75046 20.03824 0.16198
56147.81614 19.94015 0.16015
56148.76798 20.13126 0.16285
56148.79928 19.77181 0.16475
56151.84315 20.29802 0.1102
56151.87618 20.13516 0.12039
56151.91621 20.37665 0.11647
56164.86055 19.94144 0.10559
56164.89061 19.84817 0.092
56164.92052 19.77296 0.0948
56165.82275 20.10498 0.12475
56165.85221 19.92554 0.10746
56165.88255 20.04124 0.10278
56166.78411 19.89571 0.14107
56166.85436 20.10935 0.13077
56167.76082 19.81508 0.15128
56167.82893 20.17914 0.14436
56168.79094 19.93523 0.1648
56177.67775 20.13652 0.12616
56177.71467 20.25964 0.13887
56177.7448 19.96555 0.13696
56178.7245 19.7656 0.14939
56178.75548 20.34883 0.12436
56189.74707 20.12604 0.12755
56194.65274 19.88257 0.15518
56194.73072 20.32097 0.16693
56195.74387 20.07711 0.15508
56224.69182 20.36291 0.1853
56225.84088 20.3555 0.20804
56235.64419 20.24175 0.13265
56236.61561 20.02524 0.14285
56237.61509 20.15663 0.13954
56238.61531 19.84404 0.11397
56251.83071 20.11917 0.12556
56251.86073 19.86398 0.12837
56252.60631 20.06434 0.13409
56252.64555 20.15077 0.14176
56252.66096 20.25111 0.12618
56252.71706 20.43174 0.13777
56252.73499 20.19959 0.13208
56252.75258 20.23011 0.16327
56252.76856 20.36184 0.15489
56252.78929 19.85237 0.15146
56252.80517 20.26583 0.1661
56252.821 19.95833 0.1221
56253.60335 20.09226 0.15785
56253.7307 19.98442 0.14546
56253.78832 20.38495 0.17865
56253.8078 20.30429 0.17105
56253.82956 19.90005 0.14996
56253.85372 20.3618 0.20945
56254.77889 20.01278 0.14345
56265.629 20.09308 0.10465
56267.58751 20.15209 0.12056
56267.61751 20.33029 0.137
56268.59364 20.40432 0.13634
56268.62314 20.15524 0.11815
56269.58319 19.86601 0.10006
56269.58435 20.07804 0.14594
56269.58546 20.0482 0.12375
56269.58657 20.10373 0.13564
56269.58771 20.07136 0.13305
56269.58893 20.03133 0.12646
56269.59006 20.17016 0.11626
56269.59133 19.92119 0.12245
56269.59245 19.85963 0.10426
56269.59364 20.061 0.13053
56269.59478 20.36144 0.10726
56269.596 20.33376 0.12625
56269.59713 20.35667 0.13565
56269.59843 20.26985 0.12845
56269.59956 19.76591 0.11627
56269.60977 20.15492 0.12477
56269.61093 20.31492 0.11637
56269.6121 20.16054 0.10765
56269.61321 20.08859 0.12654
56269.61434 19.87549 0.11047
56269.61547 20.14606 0.14474
56269.61659 20.19767 0.12407
56269.61773 20.03601 0.12964
56269.61884 19.89175 0.11534
56269.61995 19.85102 0.10776
56269.62115 19.8935 0.11198
56269.6223 19.82998 0.11366
56269.62343 20.23971 0.12914
56269.62457 20.35794 0.14434
56269.62569 20.22901 0.10739
56269.62688 20.38611 0.13055
56269.628 20.46194 0.14775
56269.6375 20.33136 0.13125
56269.63881 20.14709 0.11297
56269.64001 20.09135 0.12894
56269.64114 20.15828 0.13355
56269.64226 20.43852 0.11175
56269.64337 20.12172 0.12715
56269.6445 20.37848 0.14553
56269.64562 19.731 0.10047
56269.64675 20.06601 0.12025
56269.64789 20.30927 0.12086
56269.64905 20.15844 0.12457
56269.65247 20.25919 0.13975
56269.65359 20.21841 0.11965
56269.65473 20.23158 0.13856
56269.65585 20.27943 0.14065
56269.65698 20.29921 0.11694
56269.65819 19.99536 0.13744
56269.66055 19.93805 0.11066
56269.66167 19.94075 0.09718
56269.66279 20.41006 0.14004
56269.66393 20.06516 0.11424
56269.66595 20.23391 0.11036
56269.66717 20.35526 0.12325
56269.66829 20.36205 0.13495
56269.66952 19.98033 0.10395
56269.67064 19.93673 0.11355
56269.67184 20.26524 0.10737
56269.673 20.00737 0.11694
56269.67533 20.38928 0.11596
56269.67646 20.18642 0.14085
56269.67883 19.80702 0.11787
56269.67997 19.9667 0.11445
56269.6812 20.02714 0.12177
56269.68232 19.96766 0.11036
56269.68343 19.96837 0.11436
56269.68473 19.92685 0.12705
56269.68592 20.02552 0.13005
56269.68705 19.70387 0.09776
56269.68816 20.00763 0.12076
56269.68929 20.26983 0.14504
56269.69041 19.95199 0.11656
56269.69157 19.90184 0.12274
56269.69269 19.92413 0.11774
56269.69383 19.94896 0.10506
56269.69496 20.00015 0.12765
56269.69608 19.85116 0.11846
56269.69898 19.91303 0.12335
56269.70011 20.26695 0.12696
56269.70126 19.8513 0.11547
56269.70241 19.9816 0.09997
56269.70357 20.38144 0.15384
56269.70468 20.04349 0.13696
56269.70581 19.87094 0.11516
56269.70705 20.08277 0.14705
56269.70937 20.2408 0.12175
56269.7105 19.78649 0.10825
56269.71167 19.88608 0.12885
56269.7128 19.85777 0.10767
56269.71403 20.18387 0.13287
56269.71516 20.07106 0.12385
56269.7163 20.00567 0.11525
56269.72641 20.10231 0.12565
56269.72763 20.00108 0.10868
56269.72875 19.98973 0.09596
56269.72987 20.19212 0.11446
56269.731 19.92523 0.12476
56269.73213 19.93971 0.11787
56269.73326 20.18369 0.10875
56269.73438 19.88354 0.10995
56269.73557 19.88051 0.12435
56269.73682 19.97458 0.11947
56269.73796 20.22581 0.14205
56269.73911 20.00623 0.13815
56269.74036 19.97471 0.12544
56269.74147 20.06481 0.11916
56269.74272 19.9591 0.11276
56269.74502 19.86235 0.09735
56269.7462 20.04597 0.13953
56269.74734 20.16574 0.12924
56269.74846 20.26414 0.13705
56269.74961 20.15632 0.12075
56269.75074 20.18443 0.15303
56269.75201 19.99307 0.13554
56269.75316 20.01352 0.12516
56269.75553 19.90383 0.11607
56269.75665 20.31907 0.12016
56269.75779 20.08635 0.12555
56269.75895 19.96476 0.12084
56269.76008 19.95285 0.13675
56269.76123 20.14656 0.12645
56269.76235 20.0056 0.12175
56269.76348 20.38536 0.16004
56269.76459 20.25293 0.17513
56269.76573 20.05438 0.11755
56269.78036 20.28219 0.13398
56269.78151 20.01912 0.13285
56269.78271 19.86774 0.14223
56269.78391 20.07237 0.15458
56269.78511 20.1081 0.13825
56269.78876 19.88457 0.12096
56269.78989 20.07012 0.14404
56269.79108 20.00063 0.14005
56269.79227 20.29202 0.11975
56269.79356 20.26141 0.16115
56269.79478 20.1987 0.14154
56269.7959 20.24614 0.15094
56269.79701 20.0827 0.14155
56269.79928 20.17864 0.12026
56269.80041 19.85815 0.11307
56269.80156 20.2949 0.13865
56269.80276 19.88905 0.11817
56269.80404 19.91365 0.13614
56269.80517 19.99579 0.12835
56269.80638 20.43966 0.15906
56269.80752 19.85692 0.11826
56269.80866 19.7272 0.13345
56270.57931 20.10176 0.13505
56270.58058 19.97542 0.13765
56270.58305 20.01823 0.11896
56270.58429 20.07255 0.12006
56270.58671 20.14204 0.10438
56270.58798 20.35587 0.12276
56270.58926 19.92926 0.13677
56270.59051 19.91777 0.11737
56270.59176 20.02273 0.13095
56270.59301 20.04154 0.12606
56270.59588 20.0261 0.12447
56270.59719 20.11599 0.11817
56270.59846 20.24707 0.12368
56270.59973 20.30082 0.13816
56270.60101 19.76299 0.11496
56270.60229 19.96566 0.10239
56270.60361 20.0838 0.12907
56270.60484 19.80395 0.10638
56270.60617 20.34899 0.11827
56270.60733 20.28913 0.11636
56270.60868 19.91738 0.11497
56270.60993 20.06361 0.121
56270.61121 19.78466 0.10159
56270.61244 20.10348 0.11835
56270.61368 20.35689 0.12668
56270.61481 20.03487 0.11496
56270.61593 20.14053 0.10698
56270.61713 20.34336 0.14076
56270.61835 19.83115 0.10047
56270.61963 20.23639 0.12517
56270.62082 19.99966 0.11099
56270.62324 19.93438 0.12538
56270.62438 20.01575 0.09917
56270.6255 20.08753 0.09826
56270.62668 20.4041 0.12997
56270.62781 20.20011 0.10838
56270.62895 19.90451 0.12595
56270.63017 19.8509 0.11238
56270.6313 20.30995 0.11356
56270.63372 20.24983 0.10408
56270.64581 20.17173 0.12247
56270.64713 20.18167 0.12647
56270.64825 19.82796 0.1069
56270.6495 20.31788 0.11529
56270.65082 20.31381 0.10408
56270.65222 20.05575 0.11497
56270.65336 20.35249 0.13476
56270.6545 20.23233 0.13187
56270.65562 20.25994 0.10895
56270.65697 20.13507 0.10689
56270.65832 20.13266 0.11918
56270.65959 20.41968 0.15294
56270.66092 20.30775 0.11676
56270.66217 20.22648 0.13117
56270.66351 20.47547 0.13717
56270.66477 19.81826 0.10657
56270.67891 19.85188 0.12758
56270.68008 19.92596 0.12966
56270.68122 20.02635 0.13155
56270.68243 19.81928 0.10266
56270.68382 19.77597 0.12146
56270.68508 20.39309 0.13456
56270.68653 20.20218 0.11316
56270.68784 19.99468 0.12147
56270.68912 19.9176 0.11277
56270.69114 19.97881 0.11909
56270.69232 19.93599 0.12545
56270.69365 19.80149 0.09839
56270.6948 19.8807 0.09718
56270.69617 20.32314 0.12346
56270.69746 20.05218 0.11256
56270.6999 19.95345 0.12567
56270.70121 19.93754 0.11068
56270.70349 19.92846 0.11607
56270.70482 20.11293 0.12157
56270.70613 20.12161 0.11987
56270.70726 20.24766 0.13148
56270.7086 20.08893 0.12585
56270.70972 20.13035 0.11321
56270.71103 20.09177 0.11645
56270.71235 20.22046 0.11196
56270.71481 19.93145 0.11188
56270.71608 20.30512 0.13647
56270.71722 20.09376 0.1309
56270.71853 19.85891 0.10028
56270.71967 20.1328 0.10869
56270.72098 20.00599 0.11935
56270.72302 19.79533 0.11166
56270.72439 20.09777 0.14985
56270.72553 20.14066 0.13356
56270.72665 20.146 0.13576
56270.72793 20.02326 0.10478
56270.72927 20.02059 0.10268
56270.73043 19.70288 0.11347
56270.73161 19.91455 0.13115
56270.73292 19.71369 0.10116
56270.73506 19.82501 0.11128
56270.73622 19.79648 0.11706
56270.73753 19.84104 0.10069
56270.73887 19.94316 0.12978
56270.74001 19.79694 0.11829
56270.74126 20.08272 0.11607
56270.7424 20.47063 0.12527
56270.74369 20.00814 0.10835
56270.74498 20.18032 0.14705
56270.74609 20.0914 0.12046
56270.74744 20.29571 0.12095
56270.7486 19.9995 0.13846
56270.74995 20.13151 0.14945
56270.75121 20.17019 0.14337
56270.75241 20.07347 0.11487
56270.75372 19.98026 0.11885
56270.75502 20.04086 0.14147
56270.75706 20.17876 0.13856
56270.75826 20.05198 0.11297
56270.75948 20.38367 0.14317
56270.76078 20.05703 0.11198
56270.76208 20.30811 0.11808
56270.77464 20.20243 0.16575
56270.77775 19.8641 0.13457
56270.77887 20.02476 0.12026
56270.78012 20.08344 0.11326
56270.78147 20.08172 0.13716
56270.78273 20.224 0.13356
56270.784 19.97047 0.12388
56270.78526 20.0918 0.15124
56270.78661 20.06446 0.15464
56270.78776 20.04484 0.12477
56270.7891 20.09661 0.12467
56270.79021 20.0948 0.13026
56270.79151 20.41421 0.13546
56270.7928 19.97121 0.13274
56270.79391 20.0833 0.13516
56270.79508 19.70811 0.11666
56270.79619 20.38252 0.15245
56270.7975 19.99808 0.12887
56270.79862 19.93023 0.13238
56270.79991 19.9494 0.11418
56270.80111 20.10548 0.12836
56270.80249 20.41345 0.16495
56270.80509 20.15257 0.15837
56270.80715 19.99805 0.13147
56270.80837 20.23269 0.13657
56271.71236 19.83438 0.13684
56271.74462 20.48201 0.18045
56272.7082 20.23365 0.14754
56273.60993 20.38526 0.11896
56297.58897 19.9725 0.12536
56297.59019 20.44279 0.18094
56297.5937 20.05297 0.13746
56297.59722 20.45306 0.13026
56297.59904 19.92931 0.12365
56297.60164 20.37743 0.16274
56297.6053 20.47293 0.12747
56297.61734 20.02874 0.13175
56297.61965 20.04249 0.10807
56297.62198 20.15557 0.13585
56297.62474 20.28596 0.14087
56297.62597 20.06774 0.13135
56297.62818 20.38892 0.14746
56297.63051 20.29722 0.11826
56297.63246 19.72842 0.11547
56297.6337 20.12933 0.13646
56297.63597 20.29775 0.13606
56297.63722 20.09678 0.13225
56297.63944 19.95406 0.11428
56297.64162 20.38557 0.14345
56297.64393 19.9635 0.11046
56297.64612 19.95128 0.14007
56297.64742 20.37441 0.12568
56297.65084 20.00578 0.10446
56297.65434 19.99073 0.12686
56297.65811 20.22083 0.12726
56297.65988 20.23766 0.10768
56297.66121 20.31248 0.14795
56297.66483 20.10502 0.14376
56297.66714 20.06361 0.13247
56297.67315 20.28869 0.13926
56297.67547 20.43936 0.15844
56297.67675 20.31427 0.14154
56297.67954 20.32882 0.14465
56297.68076 20.01282 0.12894
56297.6819 20.06957 0.11435
56297.68325 19.90442 0.14306
56297.68541 20.15742 0.14524
56297.68786 19.96649 0.13913
56297.69171 20.4751 0.17964
56297.69767 19.95137 0.13475
56297.70113 20.25077 0.15834
56297.70743 20.30601 0.13227
56297.71084 20.08385 0.14017
56297.71401 19.82556 0.11307
56297.71668 20.42259 0.13455
56297.7179 20.14534 0.13674
56297.72049 20.11401 0.12048
56297.72327 20.37087 0.16154
56297.72448 20.24062 0.11888
56297.72584 19.90688 0.14436
56297.72772 19.84075 0.11917
56297.72894 20.06975 0.14195
56297.74996 20.34299 0.17725
56297.75493 19.90841 0.13625
56297.75709 20.26919 0.15626
56297.76506 20.01505 0.16745
56297.76834 20.15244 0.13606
56297.77069 20.32753 0.14525
56297.77185 20.37281 0.18054
56297.79199 20.09096 0.16169
56298.59013 20.19964 0.15964
56298.6021 20.02101 0.22794
56298.61595 19.90062 0.13603
56298.61811 20.15447 0.16285
56298.62047 19.84833 0.14938
56298.62171 20.02542 0.17191
56298.63219 20.46049 0.21038
56298.63687 20.01812 0.15843
56298.63935 20.02275 0.17557
56298.64364 20.00286 0.13565
56298.64578 20.15345 0.15313
56298.64695 19.92824 0.15163
56298.6481 20.32495 0.14024
56298.65082 19.95787 0.1418
56298.65294 20.0052 0.15959
56298.65509 20.07705 0.14086
56298.65865 19.95066 0.11272
56298.66081 20.42668 0.13121
56298.66198 20.33525 0.13789
56298.66411 19.99692 0.12954
56298.66639 20.13201 0.12603
56298.6699 19.76439 0.12658
56298.68256 20.28381 0.18202
56301.59099 20.29912 0.12597
56305.59416 19.85654 0.13206
56305.62276 19.75315 0.10019
56307.63151 20.16943 0.14546
56323.59943 20.19856 0.14064
56323.60059 19.87085 0.12796
56323.60172 20.44761 0.13575
56323.60284 20.13723 0.12616
56323.60396 20.38792 0.12946
56323.60508 20.46493 0.12676
56323.60621 20.47399 0.17323
56323.60734 20.0752 0.11786
56323.60846 20.04352 0.14775
56323.60959 20.16975 0.11435
56323.61071 20.24317 0.12577
56323.61183 20.02463 0.13744
56323.61297 19.99108 0.10776
56323.61409 20.24352 0.13525
56323.61521 20.19959 0.11409
56323.61635 20.22327 0.11246
56323.61859 20.17606 0.13704
56323.61971 19.91678 0.12426
56323.62085 20.43824 0.12188
56323.62197 19.89128 0.13554
56323.62423 20.17301 0.13915
56323.62647 20.2593 0.12015
56323.62872 20.27869 0.12215
56323.62985 20.14596 0.12187
56323.63097 20.49288 0.15826
56323.6321 20.07747 0.15005
56323.63322 19.86428 0.13267
56323.63435 19.94439 0.12244
56323.63549 20.00408 0.14842
56323.63661 20.30841 0.16536
56323.63887 20.09164 0.12915
56323.63999 19.78428 0.13615
56323.64112 20.3255 0.13475
56323.64225 20.25779 0.14875
56323.64338 20.38501 0.15505
56323.64563 20.20628 0.14496
56323.64676 20.42489 0.14375
56323.64789 19.90822 0.13516
56323.64902 20.32494 0.12847
56323.65014 19.96394 0.14657
56323.65127 20.3688 0.15905
56323.65352 20.26878 0.13126
56323.65465 20.08175 0.13747
56323.65577 20.46329 0.15695
56323.65691 19.91719 0.13204
56323.65917 20.02548 0.14904
56323.66367 20.32679 0.16524
56323.66594 19.99735 0.15694
56323.67045 19.94391 0.15165
56323.67158 20.36252 0.17855
56323.67271 20.13923 0.16326
56323.67384 20.52753 0.15764
56323.67613 19.8943 0.15026
56323.67725 20.52246 0.14677
56323.67951 20.18319 0.13746
56323.68177 19.97265 0.14686
56323.6829 20.11442 0.15295
56323.68516 19.89935 0.14967
56323.68628 20.1398 0.17605
56323.68742 20.14122 0.16235
56323.68967 20.12556 0.15534
56323.69644 20.15767 0.16157
56323.6987 20.41519 0.19855
56323.70208 19.94041 0.16525
56324.6344 20.32761 0.17065
56324.67356 19.94444 0.14667
56328.60109 20.39255 0.16994
56330.60568 20.14599 0.16285
56330.63442 19.9428 0.12896
56336.60557 19.99904 0.18334
56336.6347 20.42348 0.21754
56337.61678 19.95341 0.14726
56337.646 20.16587 0.14146
56433.97522 20.07918 0.18195
56448.93551 20.14494 0.16795
56449.96744 20.27574 0.14206
56450.93056 20.03978 0.13976
56451.92757 20.18613 0.17367
56452.92487 19.96292 0.12807
56454.91904 20.07386 0.14089
56455.95123 19.9871 0.13103
56456.91361 20.23195 0.13037
56456.94859 20.27442 0.14605
56457.91086 19.74137 0.10614
56457.9457 19.67116 0.12699
56458.90893 19.70257 0.12858
56458.94334 19.8478 0.12957
56459.90596 20.19922 0.16297
56459.94092 20.29946 0.15795
56460.9034 19.77343 0.13397
56460.93791 19.92961 0.13337
56461.90107 19.9746 0.11778
56461.93811 19.99529 0.14106
56462.89824 20.18011 0.16984
56463.93218 19.80286 0.12805
56486.87106 19.87043 0.13087
56489.82698 20.08566 0.14667
56512.78788 20.37763 0.16887
56518.87478 20.6196 0.16843
56519.90443 20.78027 0.16822
56520.99262 20.62749 0.17961
56539.88447 20.83626 0.16265
56542.96698 20.28712 0.16192
56544.00787 20.54309 0.17746
56548.0057 20.59394 0.16593
56568.90245 20.75606 0.19105
56587.78993 20.38582 0.20653
56589.81959 20.36771 0.17985
56592.81972 20.11459 0.16876
56596.81771 20.21208 0.18245
56599.79577 20.23256 0.14803
56604.73691 20.6701 0.18578
56658.62914 20.52192 0.18269
56831.96161 20.43883 0.15105
56840.96951 20.24931 0.16058
56844.97887 20.37396 0.1585
56845.96726 20.16568 0.17571
56846.96666 20.6547 0.19276
56847.98151 20.33001 0.18367
56858.98507 20.05743 0.12061
56859.96515 20.33398 0.13256
56861.96231 20.43886 0.13959
56862.98227 20.44257 0.15186
56863.94981 20.35958 0.14616
56865.96089 19.99963 0.13163
56868.96536 20.52479 0.14948
56868.98567 20.27291 0.15048
56869.96092 20.03414 0.13128
56869.98231 20.17307 0.13963
56870.96467 20.64989 0.13594
56870.98635 20.6489 0.12234
56874.99622 20.15631 0.13541
56875.98151 20.13305 0.15409
56875.99752 20.23796 0.15297
56876.91773 20.61707 0.13988
56876.94717 20.1029 0.12939
56877.9745 20.39758 0.13228
56884.99956 20.2219 0.20736
56886.94264 20.54658 0.15015
56887.94902 20.72171 0.19397
56888.86519 20.20344 0.13618
56888.89905 20.10647 0.13947
56888.94196 20.64369 0.16637
56890.94091 19.98456 0.12683
56890.97479 20.44347 0.11709
56978.74407 20.6978 0.20975
56981.71538 20.55543 0.17845
56981.77818 20.20343 0.13366
56990.66232 20.02433 0.14437
57000.62591 20.26419 0.15048
57011.62365 20.41465 0.18087
57014.60229 20.30672 0.12341
57014.62433 20.0953 0.15478
57015.60026 20.14728 0.16329
57018.62586 20.44491 0.16659
57041.64649 20.33396 0.17049
57043.60053 20.41403 0.13824
57043.64542 20.13674 0.14225
57047.65361 20.47239 0.18718
57059.61723 20.53601 0.14376
57063.61933 20.51463 0.14687
57064.61072 20.34532 0.17529
57187.96362 20.48378 0.17237
57189.95594 20.6501 0.1469
57193.93573 20.49706 0.1649
57193.96862 20.06502 0.16207
57194.97431 20.2787 0.20219
57208.90735 19.76612 0.20459
57208.94607 20.3628 0.20477
57210.97519 19.81612 0.14699
57212.97329 20.08447 0.17739
57216.97994 20.09998 0.15004
57218.92712 20.42997 0.13247
57218.977 19.97147 0.11749
57219.94247 20.24227 0.11505
57219.97077 20.2291 0.10273
57220.92305 19.82205 0.10775
57220.98129 20.08452 0.1193
57226.95332 19.87701 0.10658
57227.93417 19.95873 0.10814
57227.97035 20.19344 0.11672
57231.91879 20.20659 0.11412
57231.96902 19.96533 0.09891
57232.8829 19.76967 0.15109
57232.9489 20.27662 0.14014
57238.91268 20.12794 0.11831
57239.93796 19.80203 0.15106
57240.95317 20.36882 0.13854
57241.93368 19.84688 0.11935
57242.93933 19.966 0.09132
57242.98523 20.03119 0.12275
57244.96611 19.76045 0.11451
57245.87591 19.94742 0.1225
57246.89995 20.34898 0.12388
57246.93423 20.17095 0.13059
57247.92574 19.9309 0.12094
57247.95614 20.04848 0.1181
57248.84393 20.16356 0.11212
57248.8782 20.19213 0.11602
57249.88436 19.75965 0.09641
57249.9163 20.29366 0.111
57250.88236 20.31618 0.10929
57250.92114 20.32966 0.11196
57251.8693 19.9089 0.09773
57251.91419 20.33459 0.10427
57554.97044 20.10925 0.12772
57555.93989 19.73787 0.11373
57555.96363 19.60184 0.12222
57564.95195 20.34181 0.26331
57568.92119 20.15141 0.14345
57569.92685 20.3208 0.12247
57570.93954 19.98317 0.13022
57571.91515 19.71632 0.11259
57571.96845 19.88419 0.11293
57572.94 19.99695 0.12394
57572.961 19.93491 0.12255
57573.95955 20.1936 0.1224
57574.96997 20.09312 0.10182
57575.96076 20.13917 0.0996
57576.95096 19.99794 0.10355
57577.97714 19.93116 0.1302
57578.93031 19.76775 0.09629
57578.9597 19.62163 0.0975
57579.93833 19.75409 0.10463
57579.96636 20.23586 0.14211
57580.94991 19.74861 0.09497
57580.97641 20.1532 0.12823
57581.93908 19.47434 0.09085
57581.96061 19.7394 0.09284
57582.96612 19.59055 0.08563
57583.93612 19.73705 0.08632
57583.97225 19.56612 0.08768
57584.92871 19.92247 0.09955
57584.97404 19.68652 0.0813
57585.92275 19.70406 0.0952
57585.96134 19.83352 0.11556
57595.9848 19.97858 0.13614
57596.95384 20.08854 0.15312
57596.98786 19.8894 0.16001
57597.93735 20.05 0.11613
57597.9794 19.92904 0.10598
57598.97263 19.76925 0.09972
57599.94579 19.765 0.10726
57600.96483 19.93682 0.12263
57601.9531 20.22654 0.11398
57601.99102 19.87444 0.12067
57602.95616 19.96908 0.10545
57602.99208 19.68749 0.10501
57603.95654 19.86669 0.09472
57603.99274 19.80881 0.11258
57604.96148 19.73248 0.09332
57604.99535 19.6743 0.10943
57605.93926 19.86869 0.0839
57605.97693 19.78276 0.08983
57606.94732 19.63006 0.09454
57606.99101 19.85257 0.09356
57607.92659 19.76635 0.10432
57607.97806 19.62334 0.09767
57608.92515 19.73621 0.09797
57608.96585 19.87833 0.09739
57609.94301 19.88633 0.09911
57610.89516 19.85443 0.10667
57610.92695 19.78032 0.10284
57611.90199 19.6125 0.09544
57611.93252 19.84145 0.09336
57612.88937 19.77214 0.08911
57612.93148 19.90199 0.08847
57613.84046 19.80584 0.1165
57613.87193 19.75723 0.11055
57613.90353 19.72675 0.08816
57614.96436 20.01631 0.10123
57614.99496 19.96217 0.08992
57615.95637 19.48236 0.08616
57624.97236 19.91082 0.18211
