#mjd mag magerr
55061.92501 20.38519 0.085
55061.95573 20.30202 0.07757
55063.91987 20.1909 0.07563
55063.9639 20.49701 0.08462
55064.92128 20.2601 0.08652
55064.9656 20.40578 0.0983
55066.91014 20.373 0.09092
55066.95474 20.18784 0.07717
55067.91649 20.67739 0.14934
55067.96099 20.69687 0.13418
55069.90324 20.40909 0.0814
55069.94786 20.28352 0.08116
55084.86328 20.49815 0.12331
55087.85609 20.22243 0.09759
55087.90101 20.37268 0.08967
55088.96983 20.50181 0.0869
55089.01521 20.62684 0.10704
55089.94574 20.4303 0.08754
55089.99042 20.30932 0.08655
55093.83741 20.22295 0.07742
55093.88196 20.33389 0.07647
55096.8292 20.35079 0.08363
55097.00858 20.38819 0.10012
55114.88125 20.46816 0.1043
55119.89538 20.4195 0.09684
55119.95365 20.81093 0.12138
55123.75696 20.47232 0.10185
55123.81523 20.4796 0.11304
55126.97957 20.45212 0.13596
55127.83329 20.36407 0.10165
55127.87706 20.46667 0.10046
55135.82555 20.58406 0.18574
55142.7036 20.52705 0.11894
55142.75219 20.75831 0.14605
55144.77886 20.65218 0.10506
55144.82305 20.35037 0.12966
55151.72943 20.72666 0.12096
55151.77257 20.25352 0.10195
55168.6775 20.25057 0.13981
55175.61224 20.35473 0.10383
55175.65684 20.35686 0.08418
55181.63825 20.4858 0.16574
55183.59204 20.43248 0.15426
55183.64253 20.45667 0.12309
55189.58054 20.46994 0.15855
55189.62557 20.52599 0.1243
55199.58559 20.46389 0.10881
55202.58667 20.68244 0.12444
55203.71441 20.30679 0.11934
55203.75743 20.31617 0.12946
55207.63092 20.46626 0.10685
55207.67514 20.58277 0.10034
55209.5968 20.38516 0.09007
55209.64149 20.55539 0.09355
55213.63312 20.52999 0.12348
55378.90615 20.19146 0.18358
55379.92482 20.45126 0.11873
55381.89606 20.13326 0.12935
55381.93934 20.2561 0.10316
55384.82671 20.16494 0.09616
55384.87028 20.2374 0.08987
55385.87021 20.25836 0.07746
55385.91339 20.14025 0.07366
55386.86524 20.39547 0.10007
55386.90867 20.26042 0.09101
55387.87002 20.29824 0.0942
55387.91342 20.11653 0.07465
55388.86609 20.35913 0.11739
55388.91005 20.29268 0.07897
55390.85393 20.38294 0.11906
55391.80613 20.11612 0.16554
55391.87538 20.36996 0.09778
55392.83258 20.30492 0.10222
55392.87538 20.36109 0.09544
55394.79908 20.17611 0.0989
55394.8431 20.24545 0.08827
55395.79551 20.32108 0.16293
55395.84215 20.11116 0.10511
55396.83932 20.25177 0.08572
55397.79163 20.23377 0.14643
55397.83526 20.04187 0.09448
55398.83124 20.31235 0.1144
55399.83261 20.36357 0.15843
55405.8416 20.0103 0.21236
55407.83003 19.89631 0.16865
55411.79896 20.16065 0.15031
55412.79539 20.42024 0.13995
55413.79945 20.05704 0.16604
55414.75161 20.03946 0.16016
55414.79555 20.34649 0.18485
55415.79727 20.28833 0.19981
55416.75096 20.07659 0.19833
55417.84511 20.55078 0.15485
55418.79843 20.3527 0.15704
55418.84121 20.34992 0.12489
55419.79504 20.35759 0.1427
55420.78929 20.14844 0.19373
55420.83264 20.57653 0.17068
55421.73664 20.21509 0.10216
55421.79901 20.06647 0.06986
55422.75115 20.17054 0.11355
55422.79487 20.1861 0.09505
55423.74742 20.02431 0.11618
55423.79284 20.23926 0.08372
55424.75349 20.26722 0.13231
55424.80178 20.1573 0.08232
55425.76166 20.29674 0.10773
55425.80573 20.23714 0.08704
55426.80123 20.03527 0.10891
55426.8444 20.04675 0.07747
55427.79708 20.15803 0.1075
55427.8408 20.15793 0.09147
55428.79281 20.49552 0.16241
55428.83703 20.14565 0.10758
55429.8142 20.20099 0.12979
55429.85716 19.93002 0.07912
55430.75769 20.60928 0.16035
55430.80485 20.09484 0.1516
55431.75639 20.58367 0.16638
55431.80024 19.95555 0.13383
55432.73907 19.84558 0.18155
55436.88575 20.2906 0.15443
55436.8919 19.94296 0.16373
55436.89501 20.55067 0.16604
55436.89797 20.22025 0.16774
55436.90109 20.33261 0.18924
55436.91041 20.04402 0.20093
55436.91641 20.39023 0.18063
55436.92221 20.25739 0.22413
55436.92514 19.95023 0.16894
55436.93413 20.22005 0.18693
55436.93703 20.31278 0.17275
55436.94915 20.21378 0.15614
55436.95231 20.15535 0.14125
55436.9553 20.40231 0.15363
55436.95826 20.15804 0.16993
55436.96116 20.3461 0.15204
55436.96403 20.23646 0.13775
55436.96671 20.40774 0.17494
55438.88857 20.58973 0.15843
55438.89169 20.53909 0.16825
55438.89485 20.30949 0.13383
55438.89798 20.18451 0.11405
55438.90086 20.26595 0.12775
55438.90371 20.21036 0.12986
55438.9065 20.35071 0.11634
55438.90927 20.58632 0.14536
55438.91204 20.62179 0.20743
55438.91487 20.36624 0.15074
55438.91763 20.32427 0.11747
55438.92672 20.16058 0.16934
55438.92954 20.29127 0.17793
55438.93551 20.40556 0.13647
55438.93833 20.1485 0.13826
55438.94106 20.06527 0.12355
55438.94678 20.00539 0.11335
55438.95913 20.30195 0.15804
55438.96141 20.34635 0.12995
55440.87507 20.22396 0.11024
55440.87823 20.19445 0.09554
55440.88428 20.25137 0.0852
55440.88675 20.16602 0.09071
55440.8894 20.29274 0.08797
55440.89205 20.27582 0.08309
55440.89518 20.13189 0.08514
55440.89832 20.18196 0.09153
55440.90145 20.40515 0.10044
55440.90439 20.31337 0.09581
55440.90729 20.1294 0.10588
55440.91025 20.30849 0.09204
55440.91316 20.01268 0.08578
55440.91591 20.21497 0.09136
55440.9187 20.38488 0.10953
55440.92149 20.20076 0.09829
55440.92426 20.20918 0.09642
55440.93095 20.28811 0.09727
55440.93364 20.37204 0.08585
55440.93623 20.26843 0.09853
55440.9395 20.11706 0.08635
55440.94264 20.14655 0.09897
55440.94582 20.132 0.11088
55440.94883 19.96246 0.08664
55440.95182 20.25474 0.09524
55440.95489 20.13739 0.08911
55440.95791 20.39523 0.10103
55441.87301 20.19135 0.07828
55441.87592 20.16462 0.06783
55441.88645 20.24766 0.09327
55441.88962 20.32468 0.08387
55441.89254 20.21398 0.07857
55441.89542 20.41704 0.07719
55441.89828 20.3629 0.08057
55441.90107 20.19359 0.0747
55441.9037 20.13404 0.0774
55441.90634 20.22071 0.07839
55441.90906 20.25686 0.09298
55441.9118 20.25412 0.0803
55441.91445 20.23276 0.08137
55441.91722 20.27897 0.08497
55441.91981 20.245 0.09197
55441.92242 20.21824 0.08576
55441.92546 20.20314 0.08186
55441.9281 20.10542 0.07118
55441.93183 20.25018 0.0828
55441.93458 20.02638 0.07229
55441.93727 20.12675 0.08297
55441.94048 20.23943 0.07159
55441.94326 20.24515 0.07957
55441.94546 20.47625 0.09784
55441.94852 20.1688 0.08128
55441.95194 20.4295 0.08735
55441.95469 20.15373 0.07809
55441.95786 20.25537 0.07531
55441.96081 20.29644 0.07528
55441.96392 20.23296 0.08167
55441.96715 20.26161 0.07279
55441.97012 20.27506 0.08757
55441.97294 20.29614 0.08389
55441.97532 20.30029 0.07939
55441.97757 20.19316 0.07798
55441.9798 20.16628 0.09196
55441.9835 20.18524 0.0758
55441.9863 20.15038 0.09436
55441.98852 20.38356 0.08836
55441.99078 20.19927 0.07774
55441.99382 20.03094 0.07678
55442.00593 20.33107 0.09487
55442.00906 20.29493 0.10067
55442.01216 20.25935 0.09936
55442.01486 20.22802 0.10247
55442.01753 20.55427 0.13735
55442.02226 20.48428 0.16866
55442.70382 20.38887 0.09337
55442.70734 20.3258 0.09974
55442.71097 20.2899 0.10304
55442.71448 20.15483 0.10135
55442.71808 20.22187 0.09806
55442.72168 20.10744 0.1214
55442.72527 20.22732 0.08887
55442.73272 19.9983 0.08903
55442.74184 20.33253 0.09891
55442.74882 20.06905 0.07376
55442.75572 20.06944 0.08293
55442.76147 20.32096 0.08738
55442.76615 20.08808 0.08265
55442.77616 20.12478 0.09596
55442.78135 20.38406 0.08607
55442.78615 20.28492 0.08448
55442.79145 20.25053 0.07678
55442.79615 20.09383 0.07399
55442.80186 20.08794 0.07203
55442.8093 20.1975 0.0742
55442.81443 20.23908 0.08573
55442.81939 20.19735 0.0718
55442.82447 20.35316 0.08339
55442.8293 20.14738 0.07673
55442.83541 20.18633 0.0798
55442.84012 20.41648 0.08579
55442.84597 20.3048 0.0831
55442.85112 20.14231 0.07524
55442.85657 20.26245 0.07801
55442.86387 20.29498 0.08546
55442.87002 20.20474 0.0824
55442.87503 20.30831 0.08251
55442.88048 20.2372 0.07766
55442.88617 20.23273 0.08063
55442.89221 20.21175 0.07683
55442.89785 20.17093 0.0819
55442.90297 20.10222 0.07234
55442.90871 20.13194 0.07416
55442.91368 20.20994 0.07433
55442.91875 20.19959 0.08064
55442.92384 20.02572 0.07344
55442.93037 20.21875 0.08027
55442.93642 20.1992 0.07381
55442.94588 20.06896 0.08837
55442.95166 20.11594 0.0772
55442.95754 20.27409 0.08407
55442.96246 20.15859 0.07504
55442.96833 20.22748 0.08468
55442.97317 19.95168 0.06989
55442.97782 20.21792 0.08506
55442.98206 20.24569 0.07769
55442.9872 20.14095 0.08064
55442.99348 20.25382 0.09147
55442.99858 20.30426 0.08635
55443.00329 20.10407 0.08002
55443.01002 20.23684 0.0861
55443.01702 20.22476 0.11011
55443.67742 20.23096 0.11485
55443.68488 20.2062 0.11974
55443.69287 20.18996 0.10394
55443.70415 19.9741 0.09444
55443.71028 20.19625 0.11785
55443.71632 20.19851 0.09984
55443.72231 20.25108 0.09435
55443.72832 20.28094 0.10053
55443.736 20.08669 0.08444
55443.74306 20.44991 0.10133
55443.74812 20.1888 0.08216
55443.75372 20.30807 0.09564
55443.75946 20.23053 0.09243
55443.76526 20.33639 0.08996
55443.77007 20.2549 0.09484
55443.78027 20.07433 0.08244
55443.78539 20.2974 0.08645
55443.79156 20.1942 0.08025
55443.79717 20.31374 0.08846
55443.80302 20.30485 0.08693
55443.80895 20.37663 0.08434
55443.81493 20.56608 0.09287
55443.8204 20.30886 0.09485
55443.82634 20.29219 0.08303
55443.83239 20.258 0.08256
55443.83783 20.42416 0.08733
55443.84415 20.25809 0.07854
55443.84958 20.0474 0.07795
55443.85553 20.06879 0.07115
55443.86252 20.21176 0.07804
55443.87576 20.26046 0.08266
55443.88141 20.13423 0.07136
55443.88892 20.25581 0.07886
55443.89412 20.45709 0.09755
55443.90077 20.30216 0.08525
55443.90658 20.26248 0.07785
55443.91235 20.23469 0.07846
55443.91779 20.15352 0.08134
55443.92403 20.27053 0.08695
55443.92967 20.39302 0.08867
55443.93496 20.17604 0.07774
55443.94073 20.23932 0.07575
55443.94779 20.34611 0.09084
55443.95355 20.27133 0.07825
55443.95925 20.17094 0.07925
55443.9693 20.35598 0.09636
55443.97555 20.18541 0.07836
55443.98144 20.17816 0.08466
55443.98725 20.14895 0.10137
55443.99456 20.03161 0.08725
55444.00093 20.14343 0.08405
55444.0061 20.34568 0.08905
55444.01187 20.17155 0.10054
55444.0175 20.20955 0.13813
55444.02231 20.40352 0.17074
55444.67221 20.17615 0.14735
55444.67727 20.11415 0.13798
55444.68857 20.23418 0.11036
55444.69526 20.28208 0.11675
55444.7091 20.24699 0.11286
55444.71487 20.08677 0.09316
55444.72103 20.46572 0.11313
55444.72796 20.3751 0.10725
55444.73377 20.09107 0.09545
55444.74094 20.25937 0.09065
55444.74655 20.16534 0.09286
55444.75167 20.093 0.08767
55444.75678 20.11112 0.07995
55444.76225 20.23939 0.08629
55444.7673 20.21726 0.08895
55444.77353 20.12001 0.07915
55444.77876 20.161 0.07837
55444.78368 20.28486 0.08486
55444.79848 20.14301 0.07787
55444.80403 20.30735 0.08326
55444.81599 20.33373 0.08994
55444.8213 20.26249 0.09305
55444.83332 20.18624 0.08287
55444.83854 20.1158 0.07986
55444.84549 20.30152 0.08606
55444.85161 20.15201 0.07408
55444.85679 20.20327 0.06958
55444.86267 20.10427 0.09427
55444.86777 20.1699 0.1007
55444.87321 20.22208 0.07378
55444.87872 20.2196 0.08436
55444.88467 20.15942 0.07631
55444.89016 20.31914 0.08568
55444.89581 20.32024 0.10887
55444.90153 20.25136 0.07566
55444.90845 20.21608 0.10006
55444.91349 20.3793 0.08247
55444.92279 20.19706 0.07387
55444.93139 20.19459 0.08025
55444.94041 20.16751 0.07338
55444.94568 20.30263 0.08275
55444.951 20.2919 0.08387
55444.95724 20.19065 0.09366
55444.96289 20.23085 0.07495
55444.96923 20.15492 0.07486
55444.97411 20.23715 0.08546
55444.98062 20.17523 0.07728
55444.98915 20.27618 0.08785
55444.99553 20.08631 0.07758
55445.00157 20.1671 0.11945
55445.00779 20.23196 0.08376
55445.01282 20.2194 0.08996
55445.01777 20.47152 0.11375
55445.66261 20.47316 0.16385
55445.66749 20.24401 0.13377
55445.67244 20.54475 0.12035
55445.67731 20.39402 0.12695
55445.68422 20.25561 0.10377
55445.6905 20.32727 0.09764
55445.69681 20.39351 0.10005
55445.70294 20.38227 0.09325
55445.70921 20.44273 0.10444
55445.71534 20.3433 0.14025
55445.72141 20.26165 0.11906
55445.72791 20.17418 0.08897
55445.73457 20.60928 0.11266
55445.74013 20.21198 0.08976
55445.7456 20.4523 0.11126
55445.75096 20.29669 0.11134
55445.75643 20.31578 0.09027
55445.76191 20.44044 0.09716
55445.76784 20.34834 0.08236
55445.7737 20.29232 0.08168
55445.779 20.2639 0.08355
55445.78479 20.36046 0.07996
55445.79025 20.07514 0.07906
55445.79613 20.18121 0.06986
55445.81095 20.24146 0.07676
55445.81845 20.35998 0.07615
55445.82455 20.36684 0.08305
55445.83024 20.25161 0.07195
55445.84021 20.26115 0.07258
55445.84549 20.1353 0.07066
55445.85174 20.28444 0.06886
55445.85762 20.25692 0.07096
55445.8636 20.19302 0.06726
55445.86963 20.22857 0.06956
55445.87567 20.10079 0.06517
55445.88207 20.33917 0.07146
55445.88844 20.28938 0.09045
55445.89432 20.45672 0.08419
55445.89983 20.23606 0.07097
55445.90668 20.19543 0.06848
55445.91299 20.2481 0.06966
55445.91722 20.24244 0.07208
55445.92351 20.30706 0.07535
55445.92915 20.172 0.06737
55445.93496 20.1754 0.06279
55445.94048 20.24011 0.06998
55445.95216 20.27028 0.08087
55445.95886 20.26138 0.07636
55445.97191 20.28234 0.07024
55445.97872 20.14026 0.06768
55445.98437 20.00154 0.06316
55445.98972 20.24482 0.07656
55445.99581 20.35072 0.07505
55446.00245 20.29045 0.07576
55446.00827 20.17078 0.0659
55446.01324 20.24144 0.07965
55446.01787 20.25681 0.09596
55446.0233 20.19933 0.15014
55446.66046 20.53922 0.18925
55446.66501 20.59133 0.15003
55446.67089 20.63193 0.15154
55446.67601 20.03057 0.10336
55446.68915 20.25634 0.11374
55446.70044 20.24331 0.12274
55446.70781 20.08309 0.10236
55446.71375 20.17993 0.09965
55446.71998 20.13688 0.09187
55446.7269 20.1425 0.09656
55446.73768 20.14336 0.11255
55446.74263 20.35217 0.09135
55446.74841 20.1181 0.09166
55446.75986 20.29568 0.07547
55446.76487 20.33195 0.07835
55446.77004 20.12908 0.07367
55446.77518 20.26303 0.07496
55446.78018 20.04483 0.07036
55446.78654 20.19445 0.07665
55446.79243 20.18993 0.07026
55446.79818 20.20585 0.07586
55446.80822 20.39183 0.08758
55446.81336 20.36958 0.08775
55446.81934 20.25211 0.07338
55446.82569 20.05206 0.06667
55446.83186 20.12559 0.07098
55446.83803 20.35455 0.08215
55446.84316 20.20781 0.07056
55446.84946 20.13312 0.06826
55446.85529 20.23812 0.09932
55446.86132 20.27439 0.08326
55446.86741 20.3548 0.10598
55446.87321 20.30156 0.07146
55446.87945 20.26833 0.07118
55446.88583 20.25033 0.07154
55446.89176 20.32403 0.07538
55446.89901 20.22429 0.08345
55446.90569 20.18173 0.08294
55446.91293 20.31353 0.07447
55446.91958 20.19639 0.07368
55446.92538 20.31044 0.0748
55446.93113 20.07993 0.06957
55446.93686 20.20345 0.07126
55446.94237 20.22913 0.07784
55446.94842 20.22919 0.06787
55446.95451 20.19476 0.07155
55446.96034 20.31709 0.07505
55446.96641 20.1191 0.07156
55446.97287 20.3201 0.07904
55446.97827 20.2972 0.07427
55446.98464 20.17768 0.07096
55446.99026 20.21 0.08886
55446.99646 20.27708 0.07596
55447.00329 20.25238 0.0813
55447.02248 20.19767 0.13645
55448.00377 20.29433 0.07616
55448.65527 20.27726 0.14727
55448.70146 20.35938 0.14476
55449.82958 20.33258 0.08536
55449.87259 20.34587 0.07967
55450.82585 20.34753 0.09945
55450.86998 20.27291 0.07356
55451.65338 20.60558 0.13945
55451.70095 20.51695 0.10931
55452.64792 20.39402 0.11637
55452.69243 20.50112 0.10319
55453.64519 20.14639 0.14296
55453.6895 20.3734 0.09415
55454.68793 20.06898 0.12251
55455.7154 20.4652 0.10286
55456.67702 20.5188 0.12905
55457.63067 20.53066 0.16985
55457.6732 20.3175 0.13095
55458.66069 20.24813 0.13975
55460.63624 20.30132 0.22913
55460.72453 20.1362 0.16024
55462.80848 19.85236 0.18265
55466.61784 20.28908 0.17424
55466.61959 20.50671 0.14204
55466.62134 20.21071 0.13345
55466.6231 20.34439 0.11965
55466.62486 20.18014 0.12665
55466.62661 20.33884 0.11926
55466.63348 20.29943 0.14824
55467.62749 20.51954 0.15743
55468.7394 20.56246 0.12473
55468.78277 20.22147 0.11901
55469.73472 20.40244 0.12666
55470.82246 20.2202 0.09073
55471.77466 20.35356 0.08449
55472.62548 20.24587 0.10249
55472.66936 20.1388 0.08835
55473.62096 20.50027 0.15094
55477.66775 20.11994 0.09115
55477.71276 20.29368 0.09064
55478.62384 20.16855 0.11575
55478.66775 20.2854 0.09215
55479.61565 20.09672 0.13923
55479.65968 20.32467 0.12364
55480.61506 20.07077 0.09664
55480.65805 20.07898 0.09436
55481.61182 20.30069 0.11182
55481.69382 20.15586 0.07603
55482.61769 20.39558 0.11845
55482.66188 20.28502 0.09324
55482.67843 20.05133 0.08274
55483.61039 20.65462 0.13275
55483.66512 20.32038 0.09476
55484.66377 20.53788 0.11789
55484.70695 20.1585 0.0884
55485.61939 20.143 0.11386
55485.66329 20.15056 0.12956
55486.658 20.25447 0.16095
55497.84041 20.49074 0.15084
55497.89223 20.54459 0.18194
55498.71756 20.15822 0.08197
55498.79 20.16601 0.09726
55499.59404 20.49281 0.11019
55499.63881 20.28413 0.09936
55501.66259 20.11034 0.10814
55501.75706 20.37875 0.09835
55502.72145 20.31107 0.11365
55502.82148 20.19498 0.11436
55503.77762 20.29438 0.10457
55503.8732 20.38475 0.11105
55504.82418 20.20704 0.09076
55504.91868 20.29941 0.11457
55506.68972 20.10974 0.09487
55506.73387 20.27452 0.08968
55507.81368 20.22874 0.08905
55507.89267 20.30228 0.10395
55513.658 20.30977 0.10765
55513.7418 20.14006 0.09625
55514.69377 20.58939 0.11275
55514.73749 20.33672 0.11295
55515.69951 20.30493 0.10515
55515.74236 20.58947 0.14374
55516.67238 20.04232 0.14795
55516.71654 20.43159 0.14154
55517.61497 20.44317 0.13545
55517.6584 20.51409 0.16864
55518.61481 20.13196 0.13845
55527.74242 20.24995 0.11947
55530.70615 20.23143 0.16114
55530.75072 20.35553 0.15276
55531.77418 20.59844 0.18025
55532.78408 20.05585 0.07828
55532.82836 20.27929 0.10938
55535.68432 20.17647 0.10132
55537.62557 20.38784 0.10545
55538.57995 20.10655 0.09474
55538.62381 20.12719 0.07956
55539.58012 20.18595 0.11694
55539.62283 20.29781 0.08694
55540.61811 20.37704 0.10238
55540.66215 20.23498 0.08364
55541.61644 20.0395 0.08961
55541.65945 20.37963 0.15009
55544.59603 20.20701 0.11209
55544.64191 20.26974 0.11967
55545.63939 20.29274 0.14975
55558.75663 19.87602 0.10284
55559.7264 20.21603 0.14998
55561.73304 20.30386 0.15856
55561.77682 20.50989 0.16994
55567.59621 20.37169 0.09818
55579.61368 20.37022 0.13344
55579.65687 20.17949 0.13026
55580.66998 20.14172 0.17723
55583.61703 20.14384 0.09505
55583.66119 20.56595 0.20793
55584.63985 20.41586 0.10926
55584.68286 20.09172 0.10615
55586.61685 20.29769 0.09226
55586.66038 20.24888 0.10464
55588.66264 20.46388 0.22354
55588.70647 20.4348 0.17967
55722.89872 20.40273 0.12677
55723.91976 20.48476 0.13704
55723.9634 20.1456 0.14123
55733.86776 20.31819 0.21259
55733.91212 20.2431 0.11668
55750.83279 20.07419 0.12142
55750.87598 20.40476 0.12257
55756.88391 20.39428 0.20795
55759.84878 20.28879 0.14816
55759.89212 20.4798 0.17495
55762.8402 20.38364 0.13906
55766.7805 20.47873 0.13548
55766.83041 20.27989 0.14586
55768.77509 20.22465 0.18399
55768.82037 20.34429 0.12776
55769.80074 20.12078 0.09896
55769.84468 20.13602 0.09094
55770.78189 20.48033 0.13187
55770.82573 20.39536 0.11555
55771.78074 20.08336 0.14916
55771.82449 20.43291 0.10973
55774.75968 20.60476 0.15025
55774.80363 20.10161 0.11034
55775.7599 20.37669 0.14043
55775.80332 20.31372 0.16234
55779.7464 20.17795 0.12968
55779.79086 20.34833 0.10685
55780.79415 20.21702 0.11185
55782.7956 20.20621 0.15968
55783.80103 20.49173 0.20973
55790.73125 20.40704 0.17127
55791.73123 20.28639 0.14486
55791.77527 20.27599 0.18624
55793.74743 20.19246 0.16415
55794.75972 20.46399 0.10953
55794.81629 20.25476 0.16033
55811.7042 19.98575 0.18464
55812.65876 20.15279 0.16477
55812.70198 20.674 0.16793
55813.66257 20.05859 0.19985
55813.70671 20.35152 0.15926
55820.63925 20.07541 0.15266
55821.63464 20.62681 0.14795
55822.63132 20.10554 0.13407
55822.67415 20.45335 0.12904
55823.67275 20.38895 0.12165
55824.6697 20.2826 0.13274
55838.65944 20.43247 0.13816
55849.60547 20.39883 0.14143
55850.60468 20.2897 0.13514
55850.64918 20.1621 0.11166
55851.60318 20.37935 0.12754
55851.64641 20.24907 0.10355
55852.60416 20.59517 0.16174
55852.6481 20.37741 0.11145
55853.60163 20.42787 0.13284
55853.6463 20.50554 0.10534
55854.60164 20.431 0.12406
55854.64607 20.14306 0.09016
55866.5884 20.43538 0.13484
55866.64679 20.36684 0.13744
55867.58757 20.79269 0.17523
55867.63053 20.43721 0.14334
55868.5865 20.63537 0.17544
55868.63002 20.40889 0.17673
55882.87146 20.49423 0.13578
55882.91495 20.3167 0.13871
55883.86679 20.39376 0.14611
55887.63181 20.39379 0.10875
55887.68352 20.61271 0.11875
55889.80049 20.40693 0.10126
55889.84447 20.27755 0.11833
55891.57974 20.77699 0.15683
55891.6225 20.33886 0.10874
55893.58261 20.39259 0.12394
55893.62546 20.53149 0.18033
55894.58144 20.41571 0.15658
55903.58342 20.02103 0.21502
55906.58378 20.59241 0.16814
55906.64029 20.04386 0.14734
55916.59575 20.42196 0.1542
55916.64026 20.72809 0.13274
55922.6423 20.51734 0.15003
55923.59751 20.32691 0.15774
55923.64145 20.29659 0.13094
55924.60837 20.50514 0.10545
55925.59941 20.54818 0.21394
55925.67897 20.39801 0.10774
55926.58279 20.30459 0.10608
55926.62543 20.27071 0.13815
55936.60917 20.71033 0.21158
55936.65247 20.64336 0.19698
55937.58951 20.76327 0.15816
55943.69972 20.25016 0.11756
55943.74446 20.21617 0.16664
55944.64379 20.61701 0.13294
55944.67224 20.35139 0.13895
55947.59349 20.7197 0.14027
55949.64923 20.89134 0.21447
55952.60617 20.75042 0.13983
55953.59751 20.51354 0.16864
55953.64127 20.58443 0.15774
56060.97134 20.21109 0.21583
56061.96903 20.21766 0.18836
56071.95528 20.57181 0.23054
56075.96117 20.2672 0.16814
56079.94994 20.47285 0.12156
56087.95118 20.81121 0.26142
56088.96298 20.22967 0.14644
56089.9375 20.27081 0.14124
56091.96189 20.45497 0.16795
56092.88532 20.19665 0.15047
56092.91513 20.32167 0.13494
56092.94551 20.6502 0.15944
56093.95942 20.59344 0.14605
56094.90895 20.39577 0.18424
56094.93794 20.79067 0.14815
56095.89413 20.30464 0.18354
56095.92394 20.72915 0.19394
56095.95378 20.52326 0.14625
56096.91464 20.51233 0.16504
56096.94475 20.73144 0.15244
56097.90204 20.49157 0.15183
56099.86796 20.37422 0.16134
56099.8979 20.59151 0.13425
56099.92867 20.68961 0.13165
56100.9014 20.38503 0.17123
56102.85884 20.25917 0.18425
56102.88948 20.59562 0.12564
56102.91975 20.28119 0.12734
56103.89198 20.52946 0.18424
56103.92203 20.33436 0.17565
56104.89266 20.59437 0.18225
56104.92258 20.31676 0.15625
56105.87772 20.52755 0.14505
56105.90846 20.40707 0.15833
56105.93782 20.71058 0.15564
56106.84826 20.81533 0.19274
56106.87859 20.35441 0.15853
56106.90907 20.53886 0.10864
56107.87579 20.69428 0.14614
56107.90655 20.185 0.15354
56108.92686 20.39579 0.14773
56109.93363 20.31931 0.18384
56110.92786 20.37907 0.18595
56111.94457 20.26023 0.15925
56115.9179 20.31628 0.19153
56116.90131 20.39126 0.20453
56116.93261 20.28795 0.13674
56116.96078 20.5976 0.17313
56117.92405 20.67096 0.17323
56123.8333 20.42757 0.17624
56123.86323 20.75082 0.15894
56124.85579 20.30662 0.14416
56124.90647 20.84937 0.18423
56125.89611 20.57236 0.14373
56126.79674 20.41042 0.19406
56126.82683 20.65587 0.21633
56127.87262 20.20041 0.11167
56128.8509 20.60838 0.11975
56129.81763 20.52146 0.13215
56129.84839 20.55687 0.12354
56130.84603 20.80029 0.15646
56131.81956 20.36065 0.16513
56131.84966 20.68998 0.14155
56131.87991 20.64963 0.12545
56132.81342 20.46439 0.13604
56132.85526 20.72515 0.13445
56133.77702 20.31157 0.12836
56133.80732 20.65153 0.13274
56133.83817 20.58879 0.15213
56135.80558 20.4495 0.17503
56135.8357 20.74544 0.10164
56136.78168 20.3803 0.20465
56136.84105 20.76353 0.15624
56146.83591 20.64455 0.14624
56147.75046 20.21583 0.19653
56148.73743 20.52539 0.17304
56148.76798 20.47768 0.15824
56151.84315 20.5282 0.08016
56151.87618 20.41167 0.08826
56151.91621 20.23904 0.07386
56164.86055 20.40154 0.07874
56164.89061 20.4983 0.07875
56164.92052 20.2759 0.06865
56165.82275 20.28836 0.10515
56165.85221 20.57711 0.09535
56165.88255 20.52932 0.09285
56166.82415 20.63659 0.13674
56166.85436 20.55955 0.09045
56167.76082 20.55479 0.23052
56167.79008 20.39588 0.11325
56167.82893 20.45136 0.12144
56168.76135 20.64544 0.15574
56168.79094 20.69093 0.17145
56176.77537 20.57094 0.15585
56177.67775 20.30649 0.09756
56177.71467 20.37781 0.10385
56177.7448 20.72996 0.10235
56178.7245 20.59372 0.12356
56178.75548 20.29062 0.09518
56189.71737 20.51221 0.11556
56189.74707 20.84553 0.15895
56194.68156 20.30848 0.17683
56195.63238 20.28854 0.19725
56195.68489 20.31925 0.18814
56195.74387 20.68199 0.17035
56196.64868 20.71139 0.16495
56196.70945 20.85361 0.16955
56225.74851 20.67823 0.18325
56225.84088 20.6573 0.21012
56228.71 20.38257 0.18344
56232.82116 20.6762 0.15573
56234.68453 20.62215 0.13053
56234.71313 20.40668 0.14833
56235.61461 20.77582 0.13665
56235.64419 20.74635 0.10965
56237.58477 20.55205 0.13524
56237.61509 20.54174 0.11705
56238.58334 20.64687 0.22742
56238.61531 20.41 0.10954
56239.58294 20.28342 0.18662
56239.61141 20.49056 0.13693
56251.83071 20.67512 0.13714
56251.86073 20.52043 0.14653
56252.58576 20.67755 0.12841
56252.60631 20.4274 0.0999
56252.62487 20.67812 0.13087
56252.64555 20.43704 0.12965
56252.66096 20.67707 0.1317
56252.69879 20.4912 0.11024
56252.71706 20.54807 0.13178
56252.73499 20.66242 0.12218
56252.75258 20.56509 0.1105
56252.76856 20.47161 0.11437
56252.78929 20.64207 0.14279
56252.821 20.45734 0.10421
56252.83831 20.49807 0.11077
56252.85634 20.70204 0.12699
56253.58621 20.34805 0.12013
56253.62054 20.49428 0.17833
56253.63682 20.74382 0.14413
56253.6539 20.60291 0.14943
56253.70902 20.43944 0.17902
56253.75003 20.76883 0.19863
56253.76637 20.64047 0.16904
56253.78832 20.48882 0.17534
56253.8078 20.14128 0.15394
56253.82956 20.62114 0.14473
56253.85372 20.40416 0.14324
56254.77889 20.53456 0.17344
56265.629 20.33974 0.0931
56267.58751 20.40753 0.10729
56267.61751 20.88476 0.14431
56268.59364 20.40066 0.09335
56268.62314 20.42333 0.12193
56269.58319 20.13103 0.09144
56269.58435 20.44106 0.10754
56269.58546 20.49331 0.10174
56269.58657 20.5689 0.10785
56269.58771 20.48114 0.08457
56269.58893 20.48845 0.12274
56269.59006 20.52553 0.10624
56269.59133 20.78038 0.10825
56269.59245 20.63373 0.09915
56269.59364 20.48886 0.10176
56269.59478 20.85574 0.11983
56269.596 20.32646 0.12123
56269.59713 20.65884 0.09973
56269.59843 20.48415 0.10035
56269.59956 20.51853 0.09654
56269.60977 20.51018 0.10075
56269.61093 20.58568 0.09805
56269.6121 20.46437 0.09745
56269.61321 20.28085 0.09364
56269.61434 20.59816 0.10354
56269.61547 20.50359 0.09825
56269.61659 20.52517 0.08855
56269.61773 20.81546 0.11993
56269.61884 20.76473 0.10884
56269.61995 20.61818 0.11435
56269.62115 20.7539 0.12154
56269.6223 20.50252 0.10414
56269.62343 20.54173 0.09664
56269.62457 20.46329 0.09336
56269.62569 20.71461 0.11183
56269.62688 20.47951 0.09474
56269.628 20.7544 0.11674
56269.6375 20.50947 0.10724
56269.63881 20.30538 0.08904
56269.64001 20.62852 0.11074
56269.64114 20.44543 0.09637
56269.64226 20.54714 0.10144
56269.64337 20.51898 0.10903
56269.6445 20.43704 0.08585
56269.64562 20.54936 0.09474
56269.64675 20.81877 0.09944
56269.64789 20.35049 0.09834
56269.64905 20.66346 0.10814
56269.65017 20.55299 0.10126
56269.65129 20.45344 0.08694
56269.65247 20.78061 0.11703
56269.65359 20.54363 0.10475
56269.65473 20.41898 0.09425
56269.65585 20.23684 0.08165
56269.65698 20.56622 0.10585
56269.65819 20.62674 0.09678
56269.65932 20.56068 0.09506
56269.66055 20.54941 0.10105
56269.66167 20.66184 0.10004
56269.66279 20.81454 0.10425
56269.66393 20.49827 0.08697
56269.66595 20.43455 0.07886
56269.66717 20.49101 0.09725
56269.66829 20.54585 0.09116
56269.66952 20.54123 0.09359
56269.67064 20.49508 0.09295
56269.67184 20.56706 0.08388
56269.673 20.44958 0.08285
56269.67412 20.30448 0.09379
56269.67533 20.41746 0.09306
56269.67646 20.30461 0.08665
56269.6776 20.46391 0.08038
56269.67883 20.67316 0.09675
56269.67997 20.57862 0.10345
56269.6812 20.53449 0.09926
56269.68232 20.48768 0.08577
56269.68343 20.50234 0.09696
56269.68473 20.49767 0.08307
56269.68592 20.50471 0.09755
56269.68705 20.43957 0.09548
56269.68816 20.58379 0.09405
56269.68929 20.55739 0.10254
56269.69041 20.46142 0.09407
56269.69157 20.70656 0.09527
56269.69269 20.57256 0.10396
56269.69383 20.33104 0.08656
56269.69496 20.54218 0.09436
56269.69608 20.48582 0.09607
56269.69898 20.61751 0.08846
56269.70011 20.7517 0.10464
56269.70126 20.61612 0.10864
56269.70241 20.72588 0.11943
56269.70357 20.47777 0.09597
56269.70468 20.53818 0.09475
56269.70581 20.57425 0.08585
56269.70705 20.58982 0.09864
56269.70816 20.70607 0.09096
56269.70937 20.49474 0.09406
56269.7105 20.61418 0.09276
56269.71167 20.47275 0.09204
56269.7128 20.59732 0.09126
56269.71403 20.55954 0.09606
56269.71516 20.60282 0.09955
56269.7163 20.54686 0.09486
56269.72641 20.47518 0.10404
56269.72763 20.67883 0.10855
56269.72875 20.34707 0.08667
56269.72987 20.50016 0.09654
56269.731 20.47939 0.08384
56269.73213 20.51035 0.10844
56269.73326 20.50234 0.08236
56269.73438 20.4705 0.10785
56269.73557 20.85908 0.11533
56269.73682 20.49234 0.09855
56269.73796 20.46091 0.11604
56269.73911 20.41898 0.10004
56269.74036 20.49878 0.09996
56269.74147 20.62277 0.10035
56269.74272 20.70631 0.09805
56269.74391 20.67287 0.09644
56269.74502 20.81312 0.10914
56269.7462 20.61049 0.12363
56269.74734 20.68987 0.09904
56269.74846 20.5144 0.10113
56269.74961 20.60298 0.10423
56269.75074 20.41067 0.10115
56269.75201 20.6558 0.10554
56269.75316 20.50207 0.10614
56269.75429 20.52427 0.11504
56269.75553 20.41659 0.09274
56269.75665 20.7591 0.10534
56269.75779 20.54806 0.13234
56269.75895 20.34195 0.11613
56269.76008 20.56066 0.13283
56269.76123 20.43822 0.10794
56269.76235 20.41593 0.09704
56269.76348 20.55077 0.09813
56269.76459 20.31723 0.09493
56269.76573 20.67911 0.11924
56269.78036 20.21999 0.11544
56269.78151 20.39554 0.13893
56269.78271 20.77951 0.12393
56269.78391 20.6631 0.11203
56269.78511 20.56748 0.10243
56269.78751 20.27929 0.10714
56269.78876 20.49654 0.10064
56269.78989 20.44743 0.10703
56269.79108 20.3675 0.12763
56269.79227 20.57409 0.10465
56269.79356 20.6095 0.11234
56269.79478 20.80113 0.11684
56269.7959 20.59455 0.10744
56269.79701 20.25156 0.09164
56269.79816 20.45965 0.11094
56269.79928 20.60018 0.09915
56269.80041 20.52755 0.12143
56269.80156 20.75158 0.12534
56269.80276 20.62933 0.11664
56269.80404 20.81045 0.12094
56269.80517 20.43643 0.10653
56269.80638 20.32992 0.10036
56269.80752 20.36905 0.11703
56269.80866 20.60588 0.11605
56270.57931 20.71985 0.11935
56270.58058 20.47712 0.10147
56270.58188 20.61146 0.12365
56270.58305 20.66267 0.10038
56270.58429 20.45731 0.10196
56270.58556 20.52107 0.11055
56270.58671 20.60902 0.10665
56270.58798 20.40881 0.10267
56270.58926 20.55628 0.10954
56270.59051 20.34949 0.08778
56270.59176 20.3982 0.09458
56270.59301 20.49511 0.09217
56270.59588 20.49403 0.11884
56270.59719 20.52312 0.08927
56270.59846 20.48827 0.07888
56270.59973 20.52869 0.09675
56270.60101 20.34128 0.10245
56270.60229 20.30656 0.07419
56270.60361 20.4479 0.10454
56270.60484 20.60098 0.09566
56270.60617 20.33476 0.10165
56270.60733 20.4696 0.07767
56270.60868 20.49187 0.09326
56270.60993 20.34396 0.08507
56270.61121 20.37448 0.08426
56270.61244 20.63559 0.09817
56270.61368 20.58734 0.09376
56270.61481 20.45603 0.08657
56270.61593 20.4809 0.08141
56270.61713 20.49275 0.09556
56270.61835 20.41691 0.08057
56270.61963 20.4185 0.0801
56270.62082 20.44596 0.09106
56270.62212 20.38194 0.08658
56270.62324 20.32054 0.07911
56270.62438 20.40213 0.08187
56270.6255 20.24063 0.08355
56270.62668 20.61196 0.09906
56270.62781 20.4999 0.09644
56270.62895 20.74919 0.10816
56270.63017 20.45827 0.09236
56270.6313 20.52286 0.08776
56270.63259 20.54623 0.09947
56270.63372 20.49811 0.08905
56270.63484 20.73138 0.09595
56270.64581 20.4942 0.10328
56270.64713 20.3183 0.07377
56270.64825 20.60354 0.09475
56270.6495 20.37574 0.08327
56270.65082 20.52284 0.09147
56270.65222 20.43467 0.08746
56270.65336 20.55793 0.09405
56270.6545 20.43837 0.10724
56270.65562 20.60656 0.11905
56270.65697 20.51559 0.09097
56270.65832 20.39752 0.08227
56270.65959 20.61755 0.11775
56270.66092 20.54622 0.09326
56270.66217 20.61713 0.09536
56270.66351 20.39607 0.0784
56270.66477 20.61823 0.08709
56270.67891 20.39369 0.0945
56270.68008 20.52804 0.09166
56270.68122 20.61762 0.08611
56270.68243 20.75437 0.11076
56270.68382 20.44777 0.09166
56270.68508 20.46661 0.08278
56270.68653 20.52961 0.08398
56270.68784 20.42136 0.07969
56270.68912 20.47217 0.09305
56270.69114 20.51147 0.09326
56270.69232 20.40349 0.09028
56270.69365 20.5787 0.09896
56270.6948 20.3707 0.08529
56270.69617 20.66038 0.09387
56270.69746 20.47604 0.08996
56270.6986 20.33556 0.08478
56270.6999 20.49297 0.09405
56270.70121 20.54334 0.09846
56270.70235 20.55095 0.10535
56270.70349 20.57773 0.12255
56270.70482 20.71382 0.09355
56270.70613 20.65545 0.08927
56270.70726 20.46248 0.10365
56270.7086 20.42574 0.08625
56270.70972 20.62204 0.09837
56270.71103 20.75516 0.11146
56270.71235 20.60506 0.09359
56270.71347 20.75539 0.11994
56270.71481 20.51906 0.09057
56270.71608 20.37012 0.08219
56270.71722 20.49756 0.09566
56270.71853 20.39971 0.08777
56270.71967 20.60752 0.09065
56270.72098 20.58016 0.09885
56270.72302 20.51972 0.08715
56270.72439 20.45084 0.09116
56270.72553 20.53555 0.09145
56270.72665 20.54916 0.09556
56270.72793 20.54161 0.09137
56270.72927 20.68867 0.11216
56270.73043 20.46141 0.09155
56270.73161 20.53264 0.09765
56270.73292 20.53176 0.09835
56270.73506 20.49162 0.09428
56270.73622 20.40287 0.08465
56270.73753 20.54215 0.09655
56270.73887 20.60693 0.10535
56270.74001 20.76895 0.10414
56270.74126 20.64542 0.10135
56270.7424 20.53705 0.09576
56270.74369 20.44754 0.09227
56270.74498 20.64413 0.10945
56270.74744 20.46919 0.09426
56270.7486 20.60196 0.09625
56270.74995 20.47735 0.11604
56270.75121 20.48699 0.09035
56270.75241 20.67836 0.09435
56270.75372 20.44875 0.08735
56270.75502 20.5962 0.08747
56270.75706 20.4286 0.09575
56270.75826 20.77194 0.09207
56270.75948 20.70527 0.11964
56270.76078 20.42563 0.11386
56270.76208 20.49456 0.10425
56270.77223 20.65221 0.11375
56270.77464 20.67871 0.11393
56270.77775 20.38331 0.10566
56270.77887 20.4768 0.09114
56270.78012 20.44038 0.09145
56270.78147 20.68465 0.12754
56270.78273 20.7307 0.11484
56270.784 20.34006 0.09975
56270.78526 20.53461 0.14393
56270.78661 20.64432 0.11726
56270.78776 20.58153 0.10635
56270.7891 20.7417 0.11925
56270.79021 20.48487 0.11655
56270.79151 20.43554 0.10784
56270.7928 20.52731 0.11055
56270.79391 20.6926 0.11423
56270.79508 20.46096 0.11464
56270.79619 20.53604 0.10004
56270.7975 20.62013 0.14293
56270.79862 20.57714 0.10857
56270.79991 20.66157 0.12574
56270.80111 20.57154 0.11675
56270.80249 20.45414 0.10194
56270.80509 20.46833 0.10754
56270.80715 20.39432 0.13594
56270.80837 20.59716 0.09874
56270.80963 20.39808 0.11493
56271.74462 20.40168 0.14193
56272.64495 20.72855 0.11475
56272.7082 20.58289 0.13663
56273.60993 20.48149 0.13273
56282.58095 20.37823 0.14153
56282.62819 20.80477 0.16883
56297.58897 20.20761 0.13074
56297.59019 20.49061 0.13795
56297.5937 20.32782 0.09737
56297.59722 20.76199 0.12263
56297.59904 20.17789 0.11258
56297.60164 20.83269 0.12524
56297.60284 20.55097 0.10244
56297.6053 20.74422 0.12534
56297.61734 20.69359 0.12854
56297.61965 20.6589 0.12284
56297.62198 20.52987 0.09475
56297.62474 20.64349 0.11924
56297.62597 20.51862 0.10345
56297.62818 20.77518 0.11745
56297.63051 20.34763 0.09884
56297.63246 20.6413 0.11783
56297.6337 20.52838 0.14333
56297.63597 20.25434 0.11555
56297.63722 20.75332 0.11874
56297.63944 20.52956 0.11534
56297.64162 20.40087 0.13474
56297.64281 20.65621 0.12393
56297.64393 20.52791 0.11745
56297.64612 20.7361 0.13313
56297.64742 20.79459 0.12174
56297.64964 20.64391 0.11165
56297.65084 20.46735 0.10655
56297.65434 20.47324 0.13144
56297.65811 20.4585 0.14554
56297.65988 20.61329 0.10973
56297.66121 20.67158 0.12964
56297.66483 20.50066 0.12744
56297.66714 20.50305 0.10715
56297.67315 20.40973 0.10005
56297.67547 20.40491 0.10805
56297.67675 20.40077 0.10704
56297.67954 20.5581 0.11944
56297.68076 20.49961 0.13833
56297.6819 20.58996 0.11204
56297.68325 20.6678 0.10964
56297.68541 20.60024 0.14044
56297.68786 20.28456 0.12294
56297.69171 20.6059 0.12163
56297.69635 20.57898 0.11744
56297.69767 20.25835 0.09566
56297.70113 20.52892 0.10674
56297.70743 20.2739 0.10565
56297.71084 20.32156 0.11024
56297.71401 20.38871 0.12845
56297.71668 20.57431 0.11505
56297.7179 20.76505 0.14813
56297.72049 20.53222 0.12163
56297.72327 20.41228 0.13094
56297.72448 20.48816 0.12284
56297.72584 20.4429 0.10793
56297.72772 20.51034 0.13914
56297.72894 20.52311 0.15403
56297.74317 20.74146 0.14594
56297.74683 20.50507 0.16353
56297.74996 20.56432 0.14443
56297.75123 20.4004 0.12543
56297.75493 20.52521 0.11895
56297.75709 20.42144 0.14753
56297.76047 20.88337 0.18784
56297.76167 20.51098 0.14883
56297.76388 20.51966 0.11914
56297.76506 20.46827 0.12614
56297.76834 20.54339 0.14324
56297.77185 20.45437 0.11864
56297.77383 20.35588 0.10885
56297.79199 20.35864 0.17133
56297.79645 20.18471 0.18273
56297.79838 20.62288 0.16254
56297.80564 20.21453 0.15265
56297.80864 20.42096 0.16864
56298.58895 20.52194 0.22904
56298.59013 20.35235 0.14649
56298.59354 20.48459 0.17826
56298.59724 20.59094 0.1853
56298.6021 20.34715 0.20835
56298.60332 20.74194 0.18799
56298.61595 20.29403 0.16806
56298.61811 20.53986 0.13058
56298.62047 20.12353 0.1345
56298.62171 20.44195 0.21172
56298.62426 20.75739 0.15555
56298.62643 20.48211 0.15582
56298.63098 20.20126 0.11594
56298.63219 20.80023 0.12718
56298.63473 20.8925 0.16344
56298.63687 20.3979 0.12128
56298.63807 20.66752 0.14488
56298.63935 20.67388 0.15806
56298.64364 20.64153 0.11554
56298.64578 20.4676 0.11712
56298.64695 20.38046 0.1296
56298.6481 20.45862 0.11671
56298.65082 20.58662 0.12654
56298.65294 20.72623 0.19112
56298.65509 20.47506 0.10157
56298.65745 20.76432 0.18261
56298.66081 20.58327 0.11474
56298.66198 20.48586 0.10243
56298.66411 20.44146 0.10954
56298.66639 20.67371 0.11346
56298.6699 20.526 0.10254
56298.68256 20.18555 0.11327
56301.59099 20.37654 0.12386
56305.59416 20.57377 0.14474
56305.62276 20.60192 0.11295
56308.60019 20.6545 0.17634
56311.59823 20.21756 0.13944
56313.63593 20.43308 0.13784
56322.63022 20.55827 0.15954
56323.60059 20.44751 0.12194
56323.60172 20.36692 0.13413
56323.60284 20.54181 0.11104
56323.60396 20.62912 0.11914
56323.60508 20.62141 0.12663
56323.60621 20.36266 0.10684
56323.60734 20.58483 0.11154
56323.60846 20.55555 0.11674
56323.60959 20.63165 0.11554
56323.61071 20.43994 0.10113
56323.61183 20.26727 0.09883
56323.61297 20.53926 0.10634
56323.61409 20.55402 0.11255
56323.61521 20.42998 0.13433
56323.61635 20.50952 0.10734
56323.61747 20.28475 0.10084
56323.61859 20.55254 0.12893
56323.61971 20.58693 0.12504
56323.62085 20.3844 0.10394
56323.62197 20.699 0.12763
56323.62309 20.64217 0.11734
56323.62423 20.29684 0.13014
56323.62535 20.40841 0.10684
56323.62647 20.65389 0.11313
56323.62759 20.8219 0.12563
56323.62872 20.73748 0.12805
56323.62985 20.55312 0.15793
56323.6321 20.81312 0.12553
56323.63322 20.58242 0.11194
56323.63435 20.175 0.11084
56323.63549 20.60937 0.12053
56323.63661 20.53962 0.12213
56323.63773 20.43848 0.11494
56323.63887 20.51717 0.11153
56323.63999 20.51146 0.11903
56323.64112 20.57428 0.12623
56323.64225 20.28662 0.12633
56323.64338 20.54354 0.10574
56323.6445 20.56747 0.12263
56323.64563 20.76845 0.15253
56323.64676 20.57495 0.14732
56323.64789 20.60735 0.12253
56323.64902 20.41451 0.13463
56323.65014 20.63524 0.13603
56323.65127 20.36046 0.11403
56323.6524 20.52302 0.15703
56323.65352 20.70719 0.13003
56323.65465 20.90499 0.14164
56323.65577 20.32621 0.15573
56323.65691 20.85039 0.14983
56323.65803 20.50008 0.19683
56323.65917 20.57837 0.11783
56323.66029 20.4704 0.12534
56323.66255 20.61333 0.17491
56323.66367 20.55284 0.13464
56323.6648 20.66122 0.13914
56323.67158 20.76089 0.15563
56323.67271 20.18067 0.14383
56323.67384 20.59289 0.17843
56323.67496 20.48616 0.13765
56323.67725 20.87816 0.17323
56323.68177 20.61708 0.15993
56323.68402 20.43899 0.14453
56323.68742 20.53706 0.12595
56323.68855 20.3266 0.13553
56323.68967 20.56049 0.16993
56323.69081 20.88049 0.16613
56323.69194 20.60719 0.16553
56323.69644 20.59963 0.16745
56323.70659 20.43644 0.19463
56324.6344 20.43935 0.11744
56324.67356 20.3839 0.11705
56328.60109 20.47214 0.14104
56328.63041 20.26219 0.09125
56329.6158 20.66505 0.14872
56330.60568 20.54853 0.12456
56330.63442 20.49816 0.12763
56336.60557 20.78635 0.16863
56337.61678 20.5505 0.12084
56337.646 20.52995 0.17902
56340.62168 20.45927 0.16117
56341.63432 20.31429 0.17948
56447.93827 20.93412 0.14685
56447.97245 20.5899 0.21173
56448.93551 20.98084 0.15783
56448.97043 20.83949 0.21534
56449.9322 20.50712 0.13524
56449.96744 20.61023 0.13713
56450.93056 20.79193 0.13884
56450.96471 21.03882 0.18203
56451.92757 20.80107 0.18205
56452.92487 20.48221 0.16453
56452.95905 20.85811 0.13584
56454.9531 20.94675 0.14644
56455.95123 20.95217 0.11464
56456.94859 20.80817 0.13174
56457.9457 20.85559 0.17723
56458.90893 21.01592 0.14686
56458.94334 20.61685 0.10835
56459.90596 20.78404 0.14414
56459.94092 20.78579 0.13714
56460.9034 20.71571 0.15693
56460.93791 20.54714 0.11574
56461.90107 20.87987 0.15863
56461.93811 20.57495 0.11834
56462.93439 20.71251 0.13804
56463.93218 20.45856 0.13944
56469.91685 20.63213 0.16414
56486.83403 20.91594 0.15035
56486.87106 20.66846 0.14224
56488.83006 20.5686 0.18653
56488.86647 20.63387 0.13665
56489.86366 20.62117 0.10947
56502.79167 20.51954 0.141
56502.82864 20.19449 0.14439
56503.78903 20.86791 0.13928
56504.86992 20.71837 0.13216
56504.90811 20.49414 0.11725
56505.9509 20.64244 0.11857
56505.98842 20.81553 0.14295
56506.89349 20.47024 0.12911
56507.80198 20.76289 0.13166
56507.84712 20.61985 0.12869
56507.99891 20.59582 0.14834
56508.90167 20.69711 0.10534
56509.79634 20.5754 0.16134
56509.83877 20.56485 0.10947
56510.8262 20.60259 0.11346
56511.79111 20.5032 0.15914
56511.84089 20.70113 0.13355
56512.78788 20.71112 0.18453
56512.82519 20.51521 0.13205
56513.78624 20.70323 0.14865
56513.82352 20.53027 0.09555
56514.82081 20.55855 0.12455
56515.78106 20.37012 0.13273
56515.82231 20.56573 0.14805
56516.77774 20.84238 0.13506
56517.77605 20.45584 0.12856
56517.81715 20.42567 0.09566
56517.97309 20.52453 0.09527
56518.87478 20.62317 0.09757
56518.96686 20.75759 0.10467
56519.00311 20.48378 0.12914
56519.90443 20.55066 0.08376
56519.96504 20.44228 0.10615
56520.00171 20.35568 0.09885
56520.90327 20.45812 0.09248
56520.95521 20.40593 0.08286
56520.99262 20.6425 0.10485
56521.89446 20.48357 0.11136
56521.95772 20.79667 0.10478
56521.99393 20.71121 0.09095
56532.71221 20.35953 0.16324
56532.85928 20.68921 0.11287
56532.89645 20.54687 0.10047
56533.79895 20.7114 0.11326
56533.93493 20.42319 0.10067
56533.97228 20.58291 0.13324
56537.84525 20.7031 0.10157
56537.9874 20.50525 0.09157
56539.69386 20.63852 0.14825
56539.88447 20.47369 0.08819
56539.9215 20.72915 0.10055
56540.97669 20.60998 0.0965
56542.96698 20.62042 0.12237
56543.00294 20.67574 0.13156
56543.90463 20.48287 0.24892
56543.97085 20.53365 0.09425
56544.00787 20.59179 0.10147
56546.75907 20.62885 0.10364
56546.94639 20.69972 0.10124
56547.84788 20.49813 0.08765
56548.0057 20.73178 0.10574
56548.70582 20.58813 0.16294
56548.74172 20.85847 0.17254
56549.73967 20.98701 0.15894
56550.73216 20.84353 0.18203
56561.66061 20.56108 0.12515
56561.92356 20.77858 0.19534
56562.93459 21.03128 0.17424
56563.6524 20.87383 0.19153
56563.77494 20.95223 0.14194
56564.72602 20.41389 0.13293
56564.99301 20.59699 0.13484
56565.92832 20.61191 0.13493
56565.98151 20.98837 0.15053
56566.01544 20.58907 0.13754
56566.91724 20.74062 0.11602
56566.96287 20.72711 0.12913
56566.99591 20.79946 0.14603
56567.8986 20.45107 0.11834
56567.96702 20.7622 0.10723
56568.00039 20.81228 0.11644
56568.90245 20.87899 0.11525
56568.96343 20.65529 0.11966
56568.99843 20.8858 0.17375
56569.90084 20.66214 0.16403
56569.99803 20.86461 0.15333
56572.62632 20.74674 0.14444
56572.66032 20.70518 0.17167
56573.64765 20.54321 0.17513
56573.77817 20.61768 0.11274
56576.83948 20.50811 0.12133
56577.00541 20.7738 0.14653
56577.60601 20.52337 0.21324
56577.77306 20.77432 0.13273
56578.67217 20.98593 0.14155
56578.69674 20.92953 0.17683
56578.75347 20.78846 0.15045
56579.73584 20.63237 0.17863
56580.8553 20.60811 0.17283
56587.62864 20.83425 0.12914
56587.81475 21.01046 0.18573
56589.79481 20.92522 0.21133
56589.81959 20.89906 0.14603
56589.84642 20.8186 0.18233
56590.76387 20.65867 0.13093
56590.8749 20.84128 0.13512
56590.89969 20.72225 0.13973
56591.86057 20.70878 0.11172
56591.88508 21.00416 0.13396
56592.81972 20.65128 0.14155
56592.93852 20.7741 0.17345
56596.59731 20.61075 0.13915
56596.84238 20.79667 0.13525
56597.84943 20.92377 0.21334
56598.75163 20.6255 0.15122
56598.82179 20.79934 0.15795
56598.84855 20.73879 0.13595
56599.75014 20.84399 0.14483
56599.79577 20.73909 0.11595
56600.77441 21.05464 0.14264
56600.8753 21.09974 0.16453
56603.68227 20.5077 0.18635
56603.74296 20.79513 0.13774
56603.81581 20.99216 0.15114
56604.92616 20.95956 0.14368
56605.64733 20.69705 0.12393
56605.67213 20.92267 0.19153
56607.84927 21.0845 0.16025
56608.81398 20.9407 0.18385
56621.79766 20.68907 0.15794
56622.58588 20.46442 0.11089
56623.58717 20.38303 0.15271
56624.57999 20.74116 0.12565
56624.60429 20.84816 0.13415
56625.70494 20.88317 0.13024
56625.74386 20.56416 0.11424
56626.64578 20.88671 0.13282
56626.67007 20.99142 0.12623
56628.73144 20.55121 0.13874
56639.60438 20.41094 0.20843
56649.57885 20.53267 0.17954
56649.60387 20.38033 0.11276
56650.58762 20.68235 0.16811
56658.58519 20.67102 0.10708
56658.62914 21.02068 0.18342
56659.58605 20.7352 0.12485
56659.61086 20.44369 0.12936
56660.58569 20.65298 0.11859
56660.61029 20.9668 0.11297
56662.58587 20.39089 0.13496
56663.59143 20.90921 0.13645
56663.6171 20.5871 0.10526
56664.6104 20.72513 0.18118
56675.5969 20.40296 0.13107
56676.59181 20.66025 0.11805
56676.61781 20.47591 0.12544
56678.61458 20.55662 0.11984
56678.64019 20.4624 0.14883
56680.60724 20.65504 0.15866
56683.59693 20.58318 0.10938
56683.63252 20.56313 0.10966
56687.59886 20.97629 0.15914
56687.64144 20.71708 0.13047
56816.96412 20.58921 0.13194
56817.96427 20.81129 0.13723
56818.96227 20.65872 0.12013
56827.96384 20.57586 0.15352
56828.9654 21.17413 0.17575
56829.96383 20.61946 0.15135
56829.97653 20.61749 0.16206
56830.96102 20.80749 0.16493
56834.9776 20.72739 0.22665
56838.96389 20.58956 0.11744
56838.9786 20.93664 0.18663
56839.96511 21.06106 0.12705
56839.97834 21.1189 0.16025
56840.96951 20.80816 0.11245
56841.96857 20.76564 0.11655
56841.98075 20.88998 0.14587
56844.96636 20.83755 0.14846
56844.97887 21.04893 0.23385
56845.96726 20.90115 0.1137
56845.98002 20.86207 0.16898
56846.96666 20.85473 0.10599
56846.98115 21.00939 0.11355
56847.96648 20.57172 0.10206
56847.98151 20.65918 0.12587
56848.96743 20.62921 0.09576
56855.96071 20.95307 0.16415
56858.96243 20.52266 0.10153
56858.98507 20.72697 0.12013
56859.96515 20.65219 0.10306
56859.98697 20.727 0.12416
56861.96231 20.52304 0.11566
56861.98508 20.66012 0.10337
56862.9659 20.99038 0.12501
56862.98227 20.85379 0.12181
56863.94981 20.96176 0.10627
56864.94576 20.73478 0.12441
56864.96947 20.81231 0.17774
56865.92975 20.69703 0.12053
56865.96089 20.82779 0.10459
56867.98799 20.69323 0.09886
56868.96536 20.74722 0.09779
56868.98567 20.71636 0.10941
56869.96092 20.73452 0.09539
56869.98231 20.65837 0.08887
56870.96467 20.72693 0.10605
56870.98635 20.85685 0.09488
56874.97428 20.83976 0.10272
56874.99622 20.93649 0.12443
56875.98151 20.73706 0.11247
56875.99752 20.5833 0.14405
56876.91773 20.7326 0.09967
56876.94717 20.73158 0.08781
56877.9745 20.70678 0.09774
56877.9957 20.7274 0.10636
56878.9086 20.53734 0.16015
56883.98158 20.80503 0.14588
56884.99956 20.74957 0.14987
56885.96448 20.95653 0.13036
56885.98159 20.71452 0.12994
56886.91453 20.63791 0.12063
56886.94264 20.82003 0.12165
56887.94902 20.60767 0.13615
56888.86519 20.81009 0.09347
56888.89905 20.69623 0.0966
56888.91008 20.85769 0.0971
56888.94196 20.65087 0.09558
56890.94091 20.6644 0.09821
56890.97479 20.70225 0.12779
56895.83087 20.67005 0.12402
56895.86667 20.63813 0.12081
56972.71463 20.77347 0.14313
56972.73749 20.8373 0.17973
56980.71766 20.77853 0.16383
56980.83416 20.84471 0.13057
56981.71538 20.70413 0.15404
56981.77818 20.80711 0.12476
56986.72544 20.86919 0.20014
56986.79095 21.06395 0.16875
56987.70535 20.57452 0.18004
56988.66321 20.84524 0.16516
56989.60286 20.95784 0.12815
56989.66828 20.76777 0.17704
56990.59847 21.01924 0.19422
56990.66232 20.77112 0.14796
57000.62591 20.94323 0.20063
57001.60725 20.89775 0.14334
57001.63454 20.58009 0.10885
57011.62365 21.0622 0.12887
57011.65019 20.95955 0.13415
57014.60229 20.82357 0.12845
57014.62433 20.8142 0.13616
57015.60026 20.90082 0.15935
57018.60146 20.89704 0.12905
57019.61004 20.75809 0.17754
57030.59868 20.88902 0.12922
57039.60447 20.92188 0.16144
57040.60372 20.72753 0.12925
57040.65327 20.77352 0.14675
57041.64649 20.88128 0.13345
57042.59979 20.84996 0.13545
57042.64647 21.07672 0.13516
57043.60053 20.71841 0.12475
57043.64542 21.07833 0.13476
57047.65127 21.2378 0.17924
57059.60766 20.87835 0.13695
57059.61723 20.95751 0.12855
57063.60738 20.96251 0.14789
57064.61072 21.11072 0.20003
57067.60784 21.02834 0.16235
57069.61019 20.70864 0.15206
57070.6277 20.9276 0.15984
57187.96362 20.44181 0.11375
57188.93765 20.69937 0.11191
57188.96808 20.60204 0.11979
57189.95594 20.30697 0.12049
57190.94422 20.58383 0.12665
57191.95614 20.41041 0.11672
57193.93573 20.58798 0.14879
57193.96862 20.58683 0.14621
57194.94374 20.61095 0.1457
57195.94595 20.71351 0.1241
57197.91796 20.7271 0.14332
57197.96971 20.56207 0.18508
57198.93165 20.421 0.13897
57198.96479 20.5668 0.12826
57199.9472 20.62876 0.12443
57208.90735 20.70352 0.17844
57208.94607 20.48483 0.15457
57209.93937 20.66559 0.15655
57210.9363 20.25069 0.11656
57210.97519 20.60133 0.1464
57211.94997 20.44003 0.14248
57211.98409 20.23215 0.20128
57214.96163 20.35054 0.10001
57216.93262 20.56476 0.1114
57216.97994 20.80358 0.108
57218.92712 20.38323 0.09898
57218.977 20.38466 0.09508
57219.94247 20.58491 0.09799
57219.97077 20.33722 0.08626
57220.92305 20.61701 0.10176
57220.98129 20.34038 0.09418
57225.95176 20.52314 0.08523
57226.95332 20.49008 0.08728
57227.93417 20.44744 0.09609
57227.97035 20.62226 0.08131
57231.91879 20.86919 0.13045
57231.96902 20.52308 0.08735
57232.9489 20.57144 0.13015
57238.91268 20.71 0.14075
57238.96563 20.57083 0.13437
57239.93796 20.89179 0.16363
57239.98313 20.81334 0.15303
57240.95317 20.62413 0.17657
57241.93368 20.60292 0.12297
57242.93933 20.60773 0.09465
57242.98523 20.7055 0.11109
57244.91131 20.48939 0.09723
57244.96611 20.35654 0.0831
57245.87591 20.85963 0.11718
57245.91376 20.43039 0.08639
57246.89995 20.62557 0.07852
57246.93423 20.50631 0.07479
57247.92574 20.40248 0.07691
57247.95614 20.42327 0.07497
57248.84393 20.55327 0.08777
57248.8782 20.42272 0.09348
57249.88436 20.51105 0.08129
57249.9163 20.4856 0.09617
57250.88236 20.32016 0.10209
57251.8693 20.5457 0.10356
57251.91419 20.5359 0.09705
57267.9816 20.30565 0.13125
57554.97044 20.48018 0.12084
57555.93989 20.2106 0.10827
57555.96363 20.21577 0.09909
57565.94418 20.16048 0.12428
57567.951 20.27822 0.11187
57567.97572 20.54126 0.17772
57568.92119 20.27936 0.1206
57569.92685 20.42994 0.12005
57570.93954 20.44274 0.10733
57571.91515 20.76758 0.13411
57571.96845 20.4317 0.13299
57572.94 20.54729 0.1053
57572.961 20.44298 0.12009
57573.95955 20.52121 0.10414
57574.96997 20.44216 0.104
57575.96076 20.58524 0.10213
57576.95096 20.31915 0.09503
57577.97714 20.72411 0.14308
57578.93031 20.43431 0.10331
57578.9597 20.77558 0.11416
57579.93833 20.23843 0.10588
57580.94991 20.29207 0.09565
57580.97641 20.36441 0.11471
57581.93908 20.35961 0.09442
57581.96061 20.53191 0.10229
57582.96612 20.45044 0.11434
57583.93612 20.30595 0.0873
57583.97225 20.39807 0.09912
57584.92871 20.47538 0.10398
57584.97404 20.58996 0.09689
57585.92275 20.13289 0.12727
57585.96134 20.11861 0.10879
57586.91575 20.38913 0.17835
57592.99636 20.08856 0.20458
57595.9848 20.68164 0.19516
57596.95384 20.47671 0.15533
57596.98786 20.09959 0.16295
57597.93735 20.53143 0.12643
57597.9794 20.52248 0.10549
57598.9281 20.47631 0.10109
57598.97263 20.52134 0.10749
57599.94579 20.4045 0.12641
57600.96483 20.24276 0.11406
57601.9531 20.41345 0.09997
57601.99102 20.49706 0.13375
57602.95616 20.60249 0.11896
57602.99208 20.23336 0.09401
57603.95654 20.61125 0.11271
57603.99274 20.25491 0.08454
57604.96148 20.31755 0.09976
57604.99535 20.25968 0.09648
57605.93926 20.7032 0.09608
57605.97693 20.49438 0.09686
57606.94732 20.55572 0.1015
57606.99101 20.37707 0.10098
57607.92659 20.42354 0.09707
57607.97806 20.52407 0.12207
57608.92515 20.79148 0.12157
57608.96585 20.38062 0.0915
57609.94301 20.1609 0.10221
57610.89516 20.50246 0.11779
57610.92695 20.52617 0.10508
57611.90199 20.33942 0.09496
57611.93252 20.32587 0.11855
57612.88937 20.23535 0.09223
57612.93148 20.46375 0.12289
57613.84046 20.35373 0.11368
57613.87193 20.5348 0.11865
57613.90353 20.48759 0.09728
57614.96436 20.32494 0.09119
57614.99496 20.52921 0.10489
57615.90761 20.45165 0.14554
57615.95637 20.43719 0.08816
57625.94454 20.18489 0.14635
