#mjd mag magerr
55061.92501 19.62181 0.05899
55061.95573 19.58577 0.05624
55063.91987 19.68708 0.062
55063.9639 19.68249 0.05497
55064.92128 19.63786 0.05715
55064.9656 19.66841 0.05947
55066.91014 19.60933 0.06157
55066.95474 19.651 0.05612
55067.91649 19.75545 0.09686
55067.96099 19.7992 0.08998
55069.90324 19.73557 0.05943
55069.94786 19.7029 0.05903
55080.95988 19.74092 0.15462
55084.86328 19.68438 0.0928
55087.85609 19.73258 0.0619
55087.90101 19.4925 0.05375
55088.96983 19.61626 0.05722
55089.01521 19.72214 0.06153
55089.94574 19.74796 0.06046
55089.99042 19.54742 0.05925
55093.83741 19.74219 0.05814
55093.88196 19.64186 0.05685
55096.8292 19.73636 0.05795
55097.00858 19.53055 0.07778
55104.99862 19.87183 0.09429
55107.79764 20.06833 0.15727
55114.88125 19.78159 0.07739
55114.92522 19.99208 0.17563
55119.89538 19.63792 0.07987
55119.95365 19.58259 0.08232
55123.75696 19.75268 0.06641
55123.81523 19.70175 0.0637
55126.97957 19.53639 0.08399
55127.83329 19.61581 0.07458
55127.87706 19.63368 0.07778
55135.82555 19.79452 0.11871
55138.71472 19.6365 0.11626
55142.7036 19.71295 0.07495
55142.75219 19.83092 0.09167
55144.77886 19.92883 0.07001
55144.82305 19.72528 0.08808
55151.72943 19.70758 0.07211
55151.77257 19.83346 0.07758
55166.70473 19.52962 0.15716
55166.74897 19.62051 0.18185
55168.63378 19.84708 0.12679
55168.6775 19.79205 0.12001
55175.61224 19.62429 0.05769
55175.65684 19.70767 0.05788
55181.59421 19.94185 0.09762
55181.63825 19.61997 0.08111
55183.59204 19.9198 0.13059
55183.64253 19.77128 0.07723
55189.58054 19.88111 0.09701
55189.62557 19.64776 0.09388
55199.58559 19.75264 0.06389
55202.58667 19.84988 0.0824
55203.71441 19.51966 0.07148
55203.75743 19.65759 0.08763
55207.63092 19.62691 0.07458
55207.67514 19.7216 0.06743
55209.5968 19.7212 0.05899
55209.64149 19.56903 0.05964
55213.63312 19.71037 0.07742
55213.6798 19.6566 0.09074
55377.85123 19.77379 0.12258
55377.89535 19.63698 0.10219
55378.90615 19.84228 0.16202
55379.8591 19.73523 0.10966
55379.92482 19.64885 0.08098
55380.87684 19.6979 0.12458
55380.92078 19.86637 0.13045
55381.89606 19.67395 0.07928
55381.93934 19.71943 0.07649
55384.82671 19.74958 0.07368
55384.87028 19.66258 0.07299
55385.87021 19.65216 0.0627
55385.91339 19.67617 0.05861
55386.86524 19.65911 0.06527
55386.90867 19.75724 0.06559
55387.87002 19.73593 0.0684
55387.91342 19.63145 0.05603
55388.86609 19.83114 0.0864
55388.91005 19.83495 0.06402
55390.80957 19.75543 0.10197
55390.85393 19.69168 0.09018
55391.80613 19.90121 0.10338
55391.87538 19.65832 0.0731
55392.83258 19.70583 0.08898
55392.87538 19.61992 0.06507
55394.79908 19.82663 0.0916
55394.8431 19.56736 0.06612
55395.79551 19.56086 0.11321
55395.84215 19.64565 0.0733
55396.79527 19.43501 0.10828
55396.83932 19.57983 0.0657
55397.79163 19.80399 0.12369
55397.83526 19.59444 0.06609
55398.78764 19.93153 0.13398
55398.83124 19.88496 0.08817
55399.78802 19.65056 0.14197
55399.83261 19.76438 0.1027
55400.78534 19.4721 0.17966
55400.8289 19.84295 0.10026
55401.82518 19.47167 0.14794
55402.8246 19.55222 0.17215
55404.77424 19.74821 0.20057
55404.84266 19.70503 0.11728
55405.8416 19.91027 0.14777
55407.7691 19.61491 0.20295
55411.79896 19.81085 0.0985
55412.75232 19.39656 0.12243
55412.79539 19.66268 0.12336
55413.75577 19.84779 0.17473
55413.79945 19.57587 0.11915
55414.79555 19.84937 0.10574
55415.75266 19.77983 0.14408
55415.79727 19.51959 0.11245
55416.75096 19.35723 0.15726
55416.79342 19.761 0.12241
55417.84511 20.01044 0.12534
55418.79843 19.95467 0.13472
55418.84121 19.58159 0.11998
55419.79504 19.7111 0.10957
55420.78929 19.89417 0.16912
55420.83264 19.48825 0.13212
55421.73664 19.7308 0.07984
55421.79901 19.67837 0.0623
55422.75115 19.47224 0.07239
55422.79487 19.57457 0.07237
55423.74742 19.72434 0.08067
55423.79284 19.66248 0.06292
55424.75349 19.91926 0.10155
55424.80178 19.69416 0.06359
55425.76166 19.5118 0.11257
55425.80573 19.73613 0.0667
55426.80123 19.67735 0.08432
55426.8444 19.69481 0.05831
55427.79708 19.84065 0.08726
55427.8408 19.76944 0.07329
55428.79281 19.57016 0.07477
55428.83703 19.61637 0.07457
55429.8142 19.68938 0.08945
55429.85716 19.51684 0.07542
55430.75769 19.75662 0.11406
55430.80485 19.96194 0.09627
55431.75639 19.85533 0.11688
55431.80024 19.76102 0.09406
55432.78359 19.62167 0.15885
55433.7493 19.6041 0.16397
55434.73769 19.73481 0.15531
55436.88575 20.0057 0.12805
55436.89501 19.90775 0.11886
55436.89797 19.98269 0.12197
55436.90109 19.75043 0.13386
55436.9042 19.84936 0.13106
55436.90728 19.98679 0.11956
55436.91351 19.84866 0.13105
55436.91641 19.92324 0.12647
55436.91931 19.57805 0.12606
55436.92221 19.58932 0.10956
55436.92514 19.82322 0.11435
55436.92806 19.91805 0.12896
55436.93096 19.72897 0.16674
55436.93413 19.59134 0.13975
55436.93703 19.44269 0.11326
55436.93974 19.48667 0.11835
55436.94297 19.31232 0.12607
55436.94915 19.54048 0.10896
55436.95231 19.94332 0.11427
55436.9553 19.74962 0.15835
55436.95826 19.71774 0.10467
55436.96116 19.43218 0.12585
55436.96403 20.00361 0.10737
55436.96671 19.68133 0.11339
55438.88857 19.67379 0.12066
55438.89169 19.65163 0.09668
55438.89485 19.76838 0.10068
55438.89798 19.74786 0.10736
55438.90086 19.78522 0.10985
55438.90371 19.80172 0.13065
55438.9065 19.92519 0.10146
55438.90927 19.81819 0.11389
55438.91204 19.95848 0.09918
55438.91487 19.80082 0.09698
55438.91763 19.65509 0.09367
55438.92084 19.89781 0.11067
55438.92394 19.4769 0.11386
55438.92672 19.7476 0.11705
55438.92954 19.79897 0.11276
55438.93259 19.72929 0.13386
55438.93551 19.64343 0.10588
55438.93833 19.7592 0.12576
55438.94106 19.60132 0.11525
55438.94411 19.89444 0.14825
55438.94678 19.79062 0.13456
55438.95017 19.35385 0.11606
55438.95913 19.60748 0.07871
55438.96141 19.62087 0.11185
55440.87507 19.80107 0.07747
55440.87823 19.70429 0.07257
55440.88428 19.69146 0.07258
55440.88675 19.77535 0.07356
55440.8894 19.591 0.06267
55440.89205 19.75714 0.07046
55440.89518 19.62252 0.06628
55440.89832 19.79285 0.07636
55440.90145 19.73822 0.07854
55440.90439 19.76895 0.07076
55440.90729 19.70148 0.06838
55440.91025 19.85871 0.07379
55440.91316 19.4879 0.06548
55440.91591 19.8365 0.08317
55440.9187 19.84298 0.07276
55440.92149 19.84651 0.07734
55440.92426 19.82893 0.07167
55440.93095 19.66469 0.07786
55440.93364 19.61556 0.06487
55440.93623 19.75714 0.07955
55440.9395 19.62569 0.06588
55440.94264 19.69204 0.07177
55440.94582 19.60414 0.07228
55440.94883 19.65417 0.06736
55440.95182 19.57085 0.07306
55440.95489 19.63963 0.06928
55440.95791 19.63965 0.07357
55441.87301 19.61742 0.0634
55441.87592 19.67659 0.05991
55441.88645 19.70527 0.06281
55441.88962 19.66626 0.06031
55441.89254 19.81709 0.06122
55441.89542 19.67304 0.06221
55441.89828 19.64002 0.06211
55441.90107 19.5598 0.05781
55441.9037 19.59952 0.0614
55441.90634 19.58055 0.06096
55441.90906 19.63259 0.05851
55441.9118 19.72619 0.0614
55441.91445 19.77064 0.06558
55441.91722 19.70471 0.06987
55441.91981 19.7803 0.07848
55441.92242 19.66337 0.06559
55441.92546 19.86571 0.0609
55441.9281 19.58971 0.06051
55441.93183 19.55111 0.0608
55441.93458 19.68708 0.05941
55441.93727 19.79676 0.0634
55441.94048 19.68618 0.05754
55441.94326 19.77811 0.05982
55441.94546 19.78101 0.06201
55441.94852 19.74066 0.0601
55441.95194 19.74417 0.06202
55441.95469 19.6466 0.0658
55441.95786 19.72423 0.06288
55441.96081 19.76321 0.06859
55441.96392 19.6884 0.0672
55441.96715 19.5701 0.05804
55441.97012 19.64183 0.0586
55441.97294 19.56754 0.05759
55441.97532 19.68238 0.0579
55441.97757 19.72727 0.06059
55441.9798 19.71965 0.06202
55441.9835 19.66229 0.05978
55441.9863 19.68979 0.06044
55441.98852 19.56061 0.06371
55441.99078 19.67952 0.06629
55441.99382 19.70938 0.06702
55442.00593 19.73736 0.0725
55442.00906 19.85972 0.09266
55442.01216 19.78014 0.0746
55442.01486 19.81494 0.07849
55442.01753 19.88458 0.1022
55442.02001 19.89833 0.11678
55442.02226 19.93783 0.15019
55442.70382 19.90123 0.08078
55442.70734 19.58042 0.0694
55442.71097 19.76421 0.07657
55442.71448 19.77338 0.07996
55442.71808 19.66371 0.06287
55442.72168 19.78045 0.06876
55442.72527 19.70798 0.0618
55442.73272 19.76373 0.07127
55442.74184 19.67547 0.063
55442.74882 19.62016 0.05781
55442.75572 19.79467 0.06816
55442.76147 19.67671 0.06728
55442.76615 19.70299 0.0604
55442.77616 19.63218 0.06498
55442.78135 19.66852 0.05717
55442.78615 19.74206 0.06586
55442.79145 19.75125 0.05751
55442.79615 19.75987 0.06099
55442.80186 19.47763 0.06078
55442.8093 19.57659 0.05092
55442.81443 19.69545 0.06099
55442.81939 19.7473 0.05878
55442.82447 19.64429 0.05399
55442.8293 19.70552 0.05669
55442.83541 19.70578 0.05838
55442.84012 19.63264 0.05799
55442.84597 19.62183 0.05341
55442.85112 19.62037 0.06089
55442.85657 19.68134 0.05969
55442.86387 19.55742 0.06549
55442.87002 19.8109 0.06148
55442.87503 19.73034 0.05703
55442.88048 19.69905 0.05987
55442.88617 19.54826 0.05439
55442.89221 19.7504 0.06021
55442.89785 19.85338 0.0641
55442.90297 19.61848 0.05396
55442.90871 19.57564 0.05811
55442.91368 19.75373 0.06338
55442.91875 19.78033 0.06158
55442.92384 19.82985 0.06927
55442.93037 19.75041 0.0608
55442.93642 19.60683 0.0571
55442.94588 19.67737 0.07059
55442.95166 19.65466 0.05566
55442.95754 19.55682 0.0583
55442.96246 19.74676 0.0589
55442.96833 19.74541 0.0611
55442.97317 19.67111 0.06238
55442.97782 19.54936 0.05599
55442.98206 19.62176 0.05552
55442.9872 19.67609 0.06298
55442.99348 19.69604 0.06457
55442.99858 19.65304 0.05703
55443.00329 19.81949 0.06799
55443.01002 19.66455 0.05733
55443.01702 19.67163 0.09748
55443.02387 19.70877 0.13541
55443.67742 19.94448 0.11717
55443.68488 19.64656 0.11087
55443.69287 19.78275 0.0845
55443.70415 19.58899 0.0784
55443.71028 19.8511 0.09257
55443.71632 19.75569 0.07506
55443.72231 19.82809 0.07556
55443.72832 19.47648 0.06969
55443.736 19.89044 0.07896
55443.74306 19.66539 0.06197
55443.74812 19.77231 0.06937
55443.75372 19.6587 0.06538
55443.75946 19.59925 0.05987
55443.76526 19.70858 0.09086
55443.77007 19.69209 0.06677
55443.78027 19.53761 0.08517
55443.78539 19.69791 0.06407
55443.79156 19.66384 0.05848
55443.79717 19.55806 0.0578
55443.80302 19.68578 0.0601
55443.80895 19.61899 0.06217
55443.81493 19.71892 0.06888
55443.8204 19.58105 0.07231
55443.82634 19.777 0.05857
55443.83239 19.69967 0.06057
55443.83783 19.84116 0.06679
55443.84415 19.71355 0.05759
55443.84958 19.64533 0.05968
55443.85553 19.56146 0.05959
55443.86252 19.74181 0.06647
55443.87576 19.72917 0.05997
55443.88141 19.73882 0.06561
55443.88892 19.75592 0.06148
55443.89412 19.74712 0.06872
55443.90077 19.84235 0.07126
55443.90658 19.62776 0.0567
55443.91235 19.72439 0.06017
55443.91779 19.68446 0.06406
55443.92403 19.72248 0.06788
55443.92967 19.76926 0.07217
55443.93496 19.74175 0.06707
55443.94073 19.69166 0.07116
55443.94779 19.9411 0.06956
55443.95355 19.62131 0.05828
55443.95925 19.76586 0.06197
55443.9693 19.81444 0.07186
55443.97555 19.67208 0.07036
55443.98144 19.75359 0.07106
55443.98725 19.81751 0.07818
55443.99456 19.74537 0.06428
55444.00093 19.72123 0.06757
55444.0061 19.68885 0.07317
55444.01187 19.69718 0.06319
55444.0175 19.73208 0.08537
55444.02231 19.72572 0.13557
55444.66648 19.91738 0.1143
55444.67221 19.61035 0.10652
55444.67727 19.74902 0.13758
55444.68857 19.9073 0.10127
55444.69526 19.77106 0.1022
55444.70198 19.80786 0.0863
55444.7091 19.93052 0.09499
55444.71487 19.64352 0.08037
55444.72103 19.91677 0.08686
55444.72796 19.80712 0.09049
55444.73377 19.65919 0.06808
55444.74094 19.74312 0.07251
55444.74655 19.65584 0.06951
55444.75167 19.67861 0.07297
55444.75678 19.61177 0.06439
55444.76225 19.7398 0.06448
55444.7673 19.60784 0.0619
55444.77353 19.64826 0.06519
55444.77876 19.67115 0.0626
55444.78368 19.69262 0.0699
55444.79848 19.6431 0.06469
55444.80403 19.66907 0.06478
55444.81599 19.76291 0.06479
55444.8213 19.68468 0.06016
55444.83332 19.64079 0.06449
55444.83854 19.63372 0.07186
55444.84549 19.70449 0.05938
55444.85161 19.76146 0.06752
55444.85679 19.70941 0.06669
55444.86267 19.70776 0.06293
55444.86777 19.66904 0.07063
55444.87321 19.55891 0.06011
55444.87872 19.65131 0.06041
55444.88467 19.68295 0.0589
55444.89016 19.63902 0.06951
55444.89581 19.61402 0.07141
55444.90153 19.83255 0.0622
55444.90845 19.70094 0.07179
55444.91349 19.72365 0.06129
55444.92279 19.67263 0.0594
55444.93139 19.74216 0.06368
55444.94041 19.67783 0.05868
55444.94568 19.70371 0.0599
55444.951 19.76811 0.07009
55444.95724 19.73041 0.06719
55444.96289 19.6369 0.06009
55444.96923 19.59015 0.05802
55444.97411 19.64303 0.06589
55444.98062 19.77569 0.06281
55444.98915 19.60546 0.07931
55444.99553 19.79693 0.06851
55445.00157 19.68818 0.06333
55445.00779 19.67865 0.06531
55445.01282 19.64399 0.0724
55445.01777 19.67978 0.08109
55445.02227 19.76987 0.14047
55445.66261 19.68042 0.1171
55445.66749 19.81805 0.0893
55445.67244 19.75365 0.08961
55445.67731 19.50927 0.09068
55445.68422 19.77133 0.07947
55445.6905 19.71871 0.07289
55445.69681 19.6291 0.08616
55445.70294 19.6893 0.07285
55445.70921 19.78677 0.07719
55445.71534 19.50831 0.09479
55445.72141 19.78757 0.10507
55445.72791 19.64128 0.09748
55445.73457 19.38795 0.07747
55445.7456 19.87117 0.07908
55445.75096 19.93509 0.07649
55445.75643 19.67681 0.06659
55445.76191 19.80535 0.0723
55445.76784 19.62093 0.06175
55445.7737 19.73906 0.06569
55445.779 19.69034 0.06087
55445.78479 19.92472 0.07418
55445.79025 19.79663 0.06367
55445.79613 19.78082 0.05669
55445.81095 19.63405 0.06549
55445.81845 19.66077 0.0563
55445.82455 19.68076 0.05582
55445.83024 19.60216 0.05379
55445.84021 19.71802 0.0637
55445.84549 19.65492 0.06298
55445.85174 19.67167 0.0559
55445.85762 19.6347 0.053
55445.8636 19.73918 0.0609
55445.86963 19.62272 0.05529
55445.87567 19.68135 0.0553
55445.88207 19.78355 0.0627
55445.88844 19.58586 0.05192
55445.89432 19.77427 0.06077
55445.89983 19.63345 0.0549
55445.90668 19.55891 0.05162
55445.91299 19.60246 0.05582
55445.91722 19.70191 0.06688
55445.92351 19.70771 0.05741
55445.92915 19.71236 0.05841
55445.93496 19.62888 0.0539
55445.94048 19.76488 0.06197
55445.95216 19.83111 0.06489
55445.95886 19.77471 0.06036
55445.97191 19.71423 0.0546
55445.97872 19.57879 0.05369
55445.98437 19.69088 0.05898
55445.98972 19.76741 0.06062
55445.99581 19.64477 0.05331
55446.00245 19.59535 0.05726
55446.00827 19.78103 0.06618
55446.01324 19.6495 0.06329
55446.01787 19.5954 0.09856
55446.0233 19.74724 0.10077
55446.66046 19.77146 0.11479
55446.66501 19.78378 0.10029
55446.67089 19.74945 0.11056
55446.67601 19.83624 0.10649
55446.6814 19.6173 0.0786
55446.68915 19.60688 0.08538
55446.70044 19.7841 0.08188
55446.70781 19.80682 0.07909
55446.71375 19.61447 0.07728
55446.71998 19.54954 0.08589
55446.7269 19.68382 0.06743
55446.73768 19.66479 0.07148
55446.74263 19.68863 0.06911
55446.74841 19.67015 0.06909
55446.75986 19.57658 0.05513
55446.76487 19.69569 0.06132
55446.77004 19.68773 0.05713
55446.77518 19.51657 0.06242
55446.78018 19.53318 0.05681
55446.78654 19.56009 0.05601
55446.79243 19.65998 0.05918
55446.79818 19.71368 0.06209
55446.80822 19.64521 0.06482
55446.81336 19.81412 0.06542
55446.81934 19.76131 0.06462
55446.82569 19.62463 0.0569
55446.83186 19.59557 0.05693
55446.83803 19.71811 0.06331
55446.84316 19.81171 0.05942
55446.84946 19.67521 0.06
55446.85529 19.68181 0.07336
55446.86132 19.71565 0.07674
55446.86741 19.63996 0.08431
55446.87321 19.62731 0.05462
55446.87945 19.56803 0.0551
55446.88583 19.64757 0.05749
55446.89176 19.78962 0.05814
55446.89901 19.70052 0.0713
55446.90569 19.80461 0.07007
55446.91293 19.76569 0.06051
55446.91958 19.66703 0.06109
55446.92538 19.68777 0.05603
55446.93113 19.66681 0.05857
55446.93686 19.8728 0.06441
55446.94237 19.66438 0.05723
55446.94842 19.59172 0.0558
55446.95451 19.57291 0.0512
55446.96034 19.54321 0.05433
55446.96641 19.68948 0.05469
55446.97287 19.60809 0.0629
55446.97827 19.56128 0.05937
55446.98464 19.77032 0.06083
55446.99026 19.66236 0.05571
55446.99646 19.74427 0.06292
55447.00329 19.64412 0.0576
55447.02248 19.71703 0.09727
55448.00377 19.91889 0.06517
55448.65527 19.89363 0.14249
55448.70146 19.81723 0.11217
55449.82958 19.79956 0.07177
55449.87259 19.79506 0.06131
55450.82585 19.7327 0.06071
55450.86998 19.73711 0.06315
55451.65338 19.86548 0.11671
55451.70095 19.61395 0.07254
55452.64792 19.69388 0.11798
55452.69243 19.59517 0.07146
55453.64519 19.46845 0.11405
55453.6895 19.58419 0.07188
55454.64058 19.6849 0.11071
55454.68793 19.65691 0.0998
55455.63923 19.58638 0.10632
55455.7154 19.80159 0.08987
55456.63346 19.57975 0.14878
55456.67702 19.84483 0.09925
55457.63067 19.61334 0.12057
55457.6732 19.77773 0.09386
55458.66069 19.65362 0.12875
55458.7057 19.79893 0.13317
55460.72453 19.69292 0.12165
55461.67649 19.60078 0.12797
55462.80848 19.74165 0.15327
55463.71104 19.88876 0.14069
55466.61784 19.51277 0.11468
55466.61959 19.71807 0.09558
55466.62134 19.63301 0.09759
55466.6231 19.68007 0.08711
55466.62486 19.78731 0.0918
55466.62661 19.59508 0.09617
55466.62943 19.86603 0.09779
55466.63143 19.65422 0.10576
55466.63348 19.93253 0.11346
55466.67604 19.70798 0.13646
55467.62749 20.00428 0.14449
55468.7394 19.8923 0.08308
55468.78277 19.78665 0.08753
55469.73472 19.64075 0.10362
55469.80235 19.80625 0.1709
55470.77885 19.7707 0.16949
55470.82246 19.64599 0.06783
55471.77466 19.80988 0.06447
55471.82993 19.89391 0.09976
55472.62548 19.77506 0.08655
55472.66936 19.78222 0.07401
55473.62096 19.98979 0.11316
55477.66775 19.777 0.07075
55477.71276 19.54225 0.07201
55478.62384 19.87991 0.10565
55478.66775 19.70068 0.07817
55479.61565 19.773 0.08456
55479.65968 19.90619 0.08277
55480.61506 19.70492 0.11189
55480.65805 19.70194 0.08588
55481.61182 19.7787 0.10355
55481.69382 19.76455 0.06427
55482.61769 19.7658 0.10037
55482.66188 19.64513 0.06997
55482.67843 19.65813 0.06659
55483.61039 19.71024 0.08649
55483.66512 19.65022 0.06929
55484.66377 19.64639 0.07482
55484.70695 19.61901 0.0859
55485.61939 19.81612 0.08799
55485.66329 19.70448 0.08757
55486.61418 19.66182 0.10513
55497.84041 19.61345 0.12127
55497.89223 19.69572 0.11037
55498.71756 19.58027 0.0671
55498.79 19.65543 0.1109
55499.59404 19.67318 0.07551
55499.63881 19.6822 0.07328
55501.66259 19.86814 0.08051
55501.75706 19.64281 0.0719
55502.72145 19.75473 0.07447
55502.82148 19.41428 0.08118
55503.77762 19.76286 0.07862
55503.8732 19.76786 0.08537
55504.82418 19.64137 0.08687
55504.91868 19.68537 0.10408
55506.68972 19.71506 0.07686
55506.73387 19.67497 0.06522
55507.81368 19.69165 0.07618
55507.89267 19.63207 0.09768
55513.658 19.5466 0.06967
55513.7418 19.6162 0.10266
55514.69377 19.53694 0.08806
55514.73749 19.81442 0.08207
55515.69951 19.59512 0.08341
55515.74236 19.6587 0.08097
55516.67238 19.77339 0.11655
55516.71654 19.86049 0.11084
55517.61497 19.75278 0.11705
55517.6584 19.71109 0.09756
55518.61481 19.67343 0.10445
55527.74242 19.82867 0.09276
55530.70615 19.83697 0.0973
55530.75072 19.65733 0.11165
55531.77418 19.92448 0.11924
55532.78408 19.59411 0.06658
55532.82836 19.79314 0.08657
55535.68432 19.81117 0.06758
55537.58157 19.59178 0.1036
55537.62557 19.80927 0.0808
55538.57995 19.59048 0.07089
55538.62381 19.68888 0.06666
55539.58012 19.91842 0.08429
55539.62283 19.70806 0.06674
55540.61811 19.6048 0.06755
55540.66215 19.59844 0.06314
55541.61644 19.74282 0.0808
55541.65945 19.3731 0.10003
55544.59603 19.73637 0.07754
55544.64191 19.62361 0.07184
55545.59598 19.78234 0.10716
55545.63939 19.84342 0.10846
55558.69892 19.36024 0.14058
55558.75663 19.76744 0.08096
55559.7264 19.7761 0.1112
55561.73304 19.70072 0.08969
55567.59621 19.77172 0.08359
55575.595 19.83423 0.17815
55575.6386 19.81691 0.13126
55577.59504 19.80254 0.16935
55577.63849 19.6644 0.17746
55579.61368 19.46833 0.08857
55579.65687 19.73276 0.09826
55580.66998 19.80752 0.11355
55580.71648 20.08025 0.19245
55583.61703 19.44741 0.06831
55583.66119 19.66278 0.10076
55584.63985 19.65691 0.07888
55584.68286 19.59246 0.08438
55586.61685 19.76732 0.07265
55586.66038 19.59774 0.08765
55588.66264 19.63571 0.13891
55588.70647 19.89149 0.1479
55722.89872 19.52823 0.09766
55723.91976 19.4876 0.10046
55723.9634 19.48971 0.07228
55730.92322 19.72176 0.18636
55733.86776 19.84289 0.11356
55733.91212 19.45852 0.10045
55750.83279 19.38734 0.08549
55750.87598 19.38429 0.0669
55753.86132 19.38231 0.12068
55756.88391 19.39834 0.1183
55756.93392 19.75412 0.1112
55759.84878 19.78567 0.11586
55759.89212 19.74239 0.09588
55762.79606 19.80328 0.11989
55762.8402 19.57983 0.09197
55766.7805 19.60163 0.10097
55766.83041 19.64808 0.07989
55768.77509 19.70825 0.10688
55768.82037 19.75576 0.09519
55769.80074 19.53269 0.07497
55769.84468 19.477 0.0569
55770.78189 19.54601 0.09134
55770.82573 19.5118 0.06345
55771.78074 19.34372 0.0649
55771.82449 19.57522 0.06809
55774.75968 19.42844 0.0949
55774.80363 19.47821 0.08257
55775.7599 19.69158 0.09945
55775.80332 19.40256 0.11659
55779.79086 19.56882 0.0674
55780.74948 19.35771 0.0853
55780.79415 19.42605 0.0688
55782.7956 19.50083 0.08477
55783.7573 19.58504 0.14051
55783.80103 19.73974 0.1061
55784.74207 19.60736 0.15165
55789.73736 19.73683 0.19278
55789.78039 19.37931 0.14756
55790.73125 19.40476 0.13147
55790.77463 19.54619 0.11366
55791.73123 19.59692 0.12758
55791.77527 19.75388 0.13476
55793.74743 19.64543 0.12868
55793.79097 19.44939 0.0862
55794.75972 19.53664 0.06838
55794.81629 19.62246 0.11703
55809.66644 19.63704 0.13405
55809.7101 19.38235 0.08586
55811.7042 19.34859 0.10167
55812.65876 19.33667 0.1286
55812.70198 19.44117 0.08958
55813.66257 19.74586 0.14381
55813.70671 19.41854 0.12138
55820.63925 19.40265 0.09522
55820.68324 19.60437 0.1511
55821.63464 19.66281 0.09881
55822.63132 19.45924 0.11221
55822.67415 19.56783 0.07956
55823.62908 19.7953 0.10817
55823.67275 19.59286 0.07938
55824.6697 19.6223 0.07497
55838.61464 19.40813 0.12518
55838.65944 19.74389 0.0927
55842.61856 19.50114 0.14687
55842.66208 19.68574 0.13905
55843.61073 19.48255 0.14498
55843.65444 19.59589 0.13428
55849.60547 19.33469 0.09152
55849.65079 19.54657 0.11148
55850.60468 19.55924 0.07858
55850.64918 19.63435 0.08277
55851.60318 19.4798 0.07196
55851.64641 19.53153 0.06561
55852.60416 19.47926 0.09737
55852.6481 19.53386 0.07378
55853.60163 19.48047 0.07907
55853.6463 19.45963 0.06443
55854.60164 19.53419 0.10418
55854.64607 19.40918 0.06193
55866.5884 19.39604 0.09806
55866.64679 19.43318 0.06738
55867.58757 19.47971 0.12028
55867.63053 19.5884 0.09236
55868.5865 19.58875 0.0988
55868.63002 19.46167 0.08078
55880.87841 19.71408 0.11179
55880.92255 19.36243 0.11698
55882.86968 19.5378 0.08257
55882.87146 19.33485 0.06733
55882.91495 19.65432 0.0912
55883.86679 19.52686 0.08009
55883.91496 19.23448 0.12707
55887.63181 19.32732 0.06271
55887.68352 19.68297 0.08011
55888.8957 19.79906 0.13134
55889.80049 19.39749 0.06009
55889.84447 19.56762 0.06609
55891.57974 19.49465 0.07788
55891.6225 19.40205 0.06619
55893.58261 19.5498 0.0713
55893.62546 19.76082 0.08077
55894.58144 19.54565 0.07879
55894.62473 19.93427 0.20267
55896.58202 19.33065 0.11895
55898.82137 19.43063 0.12427
55898.86551 19.58655 0.12665
55902.58519 19.78178 0.15862
55902.64414 19.3374 0.14143
55903.58342 19.8903 0.12908
55903.62024 19.63693 0.10854
55904.58683 19.88519 0.15199
55906.58378 19.46082 0.1011
55906.64029 19.53865 0.13594
55916.59575 19.5514 0.08126
55916.64026 19.59692 0.07139
55922.6423 19.66036 0.06977
55923.59751 19.68053 0.08537
55923.64145 19.53226 0.07476
55924.60837 19.53722 0.08117
55925.59941 19.48968 0.09121
55925.67897 19.49975 0.06571
55926.58279 19.41586 0.06719
55926.62543 19.40004 0.06402
55930.58585 19.74249 0.14899
55930.62499 19.61637 0.12161
55931.58458 19.76887 0.13207
55931.62692 19.5221 0.11532
55932.62858 19.38803 0.08727
55936.60917 19.69236 0.09916
55936.65247 19.41229 0.11282
55937.58951 19.36475 0.0832
55939.64879 19.53702 0.09607
55939.6851 19.27927 0.09961
55940.59145 19.45263 0.11308
55940.64013 19.54476 0.13342
55941.59048 19.85478 0.17612
55943.69972 19.67076 0.08318
55943.74446 19.3312 0.09187
55944.64379 19.5235 0.06711
55944.67224 19.7103 0.09757
55946.63797 19.7248 0.16613
55947.59349 19.50803 0.0822
55947.63713 19.82841 0.13008
55949.64923 19.36086 0.08481
55949.6924 19.13053 0.11114
55952.60617 19.44085 0.07212
55952.64932 19.40205 0.07221
55953.59751 19.32258 0.07938
55953.64127 19.55565 0.0728
55954.59787 19.34815 0.10944
55954.64157 19.68203 0.11561
55958.61566 19.62978 0.0996
55958.67117 19.41241 0.09362
55959.64574 19.35538 0.17218
55960.60205 19.55439 0.15472
55960.64497 19.39131 0.17449
55962.61935 19.42927 0.0935
55962.69096 19.50621 0.18187
56059.98484 19.7909 0.12771
56060.97134 19.53748 0.13596
56061.96903 19.64654 0.11981
56063.96519 19.73087 0.17748
56065.96588 20.01806 0.13804
56066.96916 19.53816 0.14237
56067.96802 19.43704 0.08758
56070.97101 19.56332 0.12661
56071.95528 19.86267 0.13435
56075.93073 19.62102 0.1087
56075.96117 19.54776 0.09647
56076.96161 19.50359 0.08258
56078.92335 19.74868 0.11737
56078.95394 19.84128 0.1111
56079.91957 19.64156 0.12358
56079.94994 19.64916 0.08149
56079.97946 19.37926 0.13098
56081.9528 19.35478 0.12689
56084.95914 19.42979 0.09972
56085.9661 19.68362 0.12047
56086.90079 19.61188 0.15386
56086.96186 19.58274 0.10568
56087.95118 19.50407 0.11909
56088.93216 19.59897 0.10717
56088.96298 19.37822 0.08052
56089.90743 19.50489 0.14146
56089.9375 19.41788 0.09988
56090.89626 19.79679 0.16617
56091.93224 19.44797 0.08798
56091.96189 19.49601 0.08128
56092.88532 19.55277 0.09659
56092.91513 19.45268 0.08398
56092.94551 19.53281 0.07968
56093.88544 19.80007 0.11289
56093.91605 19.66661 0.11867
56093.95942 19.76271 0.08935
56094.8793 19.74999 0.12318
56094.90895 19.61386 0.13038
56094.93794 19.7084 0.09318
56095.89413 19.48593 0.12427
56095.92394 19.67575 0.13307
56095.95378 19.70104 0.10858
56096.8846 19.68325 0.09877
56096.91464 19.32275 0.09619
56096.94475 19.76635 0.08448
56097.90204 19.5027 0.08677
56099.86796 19.46996 0.09957
56099.8979 19.64877 0.07418
56099.92867 19.52022 0.06131
56100.87134 19.94149 0.12806
56100.9014 19.62844 0.09547
56100.93113 19.70946 0.09316
56101.86099 19.32359 0.10322
56101.89166 19.44895 0.13416
56101.92164 19.44924 0.08377
56102.85884 19.65464 0.10096
56102.88948 19.55234 0.10306
56102.91975 19.56156 0.07502
56103.85688 19.83426 0.12366
56103.89198 19.75999 0.09872
56103.92203 19.72499 0.09136
56104.86298 19.61496 0.09637
56104.89266 19.59514 0.09524
56104.92258 19.79198 0.09775
56105.87772 19.68545 0.08928
56105.90846 19.57357 0.07757
56105.93782 19.62697 0.08948
56106.84826 19.4803 0.08159
56106.87859 19.56152 0.08236
56106.90907 19.65682 0.08178
56107.84497 19.86827 0.13982
56107.87579 19.51412 0.10805
56107.90655 19.45175 0.09746
56108.89669 19.57573 0.09717
56108.92686 19.77282 0.10155
56109.93363 19.88976 0.11326
56110.89782 19.58883 0.18223
56110.92786 19.67878 0.12325
56111.86949 19.56503 0.17899
56111.91431 19.56533 0.14766
56111.94457 19.57287 0.12806
56113.8878 19.51162 0.15058
56113.93235 19.90355 0.13475
56113.96218 19.561 0.11026
56114.87108 19.51969 0.14267
56114.92357 19.87266 0.12431
56114.95378 19.71396 0.14955
56115.85803 19.65806 0.16245
56115.88797 19.4505 0.12618
56115.9179 19.65086 0.10777
56116.90131 19.52752 0.09709
56116.93261 19.53931 0.0946
56116.96078 19.54204 0.09687
56117.86349 19.51602 0.14647
56117.89333 19.83715 0.10698
56117.92405 19.40801 0.08612
56118.82762 19.85209 0.17375
56118.85812 19.43138 0.1259
56118.8884 19.57274 0.1292
56119.81535 19.74526 0.1529
56119.84536 19.82207 0.14739
56120.95573 19.44658 0.14619
56123.80269 19.65536 0.15215
56123.8333 19.63463 0.09895
56123.86323 19.48826 0.07112
56124.8239 19.59398 0.09709
56124.85579 19.46385 0.11088
56124.90647 19.45527 0.09437
56125.83541 19.5894 0.08816
56125.8655 19.61689 0.08367
56125.89611 19.61912 0.08925
56126.79674 19.76918 0.11618
56126.82683 19.44684 0.08586
56126.85662 19.63512 0.17019
56127.84219 19.42124 0.0897
56127.87262 19.64354 0.07942
56128.79045 19.76942 0.14335
56128.8202 19.4769 0.09258
56128.8509 19.69938 0.07528
56129.81763 19.52008 0.10266
56129.84839 19.7453 0.08769
56130.78415 19.95477 0.11542
56130.81619 19.44379 0.08863
56130.84603 19.59812 0.08908
56131.81956 19.67496 0.10926
56131.84966 19.67983 0.07941
56131.87991 19.8119 0.08152
56132.81342 19.48186 0.07328
56132.85526 19.62874 0.07936
56133.77702 19.70716 0.09878
56133.80732 19.67715 0.07759
56133.83817 19.65366 0.07538
56135.77548 19.91831 0.11885
56135.80558 19.9682 0.08358
56135.8357 19.67248 0.06377
56136.78168 19.46253 0.09305
56136.81139 19.79328 0.09686
56136.84105 19.665 0.07977
56137.77719 19.34723 0.11051
56137.8165 19.86045 0.20022
56137.84943 19.78999 0.10639
56143.75013 19.35234 0.1593
56143.77946 19.84282 0.20165
56143.81202 19.8252 0.12256
56144.79078 19.81427 0.10837
56144.82138 19.81812 0.11398
56145.80436 19.59413 0.12346
56146.83591 19.78675 0.14596
56147.75046 19.53446 0.10946
56147.78019 19.62217 0.10221
56147.81614 19.6994 0.12276
56148.73743 19.30365 0.09252
56148.76798 19.71277 0.08628
56148.79928 19.586 0.0947
56151.84315 19.55717 0.06073
56151.87618 19.5682 0.05321
56151.91621 19.58057 0.05654
56164.86055 19.60902 0.0501
56164.89061 19.7176 0.05324
56164.92052 19.55689 0.05219
56165.82275 19.62336 0.06788
56165.85221 19.63952 0.05928
56165.88255 19.66423 0.0561
56166.78411 19.58618 0.07359
56166.82415 19.58952 0.06636
56166.85436 19.65729 0.06766
56167.76082 19.52158 0.08967
56167.79008 19.41541 0.07918
56167.82893 19.52326 0.07048
56168.73084 19.52844 0.11508
56168.76135 19.60874 0.09991
56168.79094 19.76091 0.09071
56169.73488 19.64521 0.134
56169.78208 19.81671 0.13449
56170.73648 19.8317 0.20466
56170.76821 19.59993 0.17055
56176.66101 19.79635 0.1366
56176.74473 19.73391 0.11004
56176.77537 19.50861 0.08297
56177.67775 19.54858 0.0696
56177.71467 19.79451 0.0694
56177.7448 19.63809 0.0656
56178.65701 19.61898 0.13587
56178.7245 19.66118 0.07569
56178.75548 19.65403 0.06321
56189.71737 19.73246 0.08496
56189.74707 19.72344 0.07947
56194.68156 19.7783 0.14584
56194.73072 19.62183 0.08486
56195.63238 19.74602 0.10501
56195.68489 19.56981 0.12306
56195.74387 19.60091 0.10016
56196.64868 19.63087 0.09979
56196.67925 19.79552 0.15125
56196.70945 19.61257 0.10342
56197.62224 19.42445 0.15758
56197.65122 19.9837 0.17016
56197.68048 19.45509 0.15834
56198.63271 19.83381 0.14872
56202.70169 19.82542 0.12246
56207.71676 19.83609 0.11687
56207.82773 19.35974 0.11724
56224.66207 20.03172 0.12251
56224.69182 19.93747 0.11878
56225.74851 19.74887 0.09925
56225.84088 19.88238 0.10676
56226.75858 19.70026 0.19179
56227.72154 19.85168 0.18437
56227.75148 19.44118 0.12424
56228.67316 19.69178 0.16556
56228.71 19.65622 0.14477
56229.61202 19.69886 0.13037
56229.68338 19.74839 0.11838
56230.64599 20.03724 0.16879
56230.73676 19.65438 0.12504
56231.86041 19.48168 0.10805
56232.82116 19.61842 0.09679
56233.78371 19.76556 0.12746
56234.68453 19.81528 0.09215
56234.71313 19.59484 0.09726
56235.61461 19.73665 0.07599
56235.64419 19.72322 0.07147
56236.58514 19.71287 0.13726
56236.61561 19.6766 0.08095
56237.58477 19.89515 0.09496
56237.61509 19.8569 0.07318
56238.58334 19.53608 0.09306
56238.61531 19.70026 0.06948
56239.58294 19.84455 0.09289
56239.61141 19.59496 0.07767
56251.83071 19.75595 0.07528
56251.86073 19.5614 0.07259
56252.58576 19.66256 0.07775
56252.60631 19.73156 0.0777
56252.62487 19.92583 0.07659
56252.64555 19.52368 0.08144
56252.66096 19.66159 0.07218
56252.69879 19.6621 0.08299
56252.71706 19.56313 0.07074
56252.73499 19.70588 0.08573
56252.75258 19.57227 0.06477
56252.76856 19.46432 0.07318
56252.78929 19.68417 0.09703
56252.80517 19.65047 0.08215
56252.821 19.54722 0.07592
56252.83831 19.84971 0.08386
56252.85634 19.67823 0.0737
56253.58621 19.85144 0.08905
56253.60335 19.83983 0.09276
56253.62054 19.79161 0.09077
56253.63682 19.6434 0.07448
56253.6539 19.73025 0.09025
56253.6721 19.7918 0.11445
56253.70902 19.70531 0.10135
56253.7307 19.55366 0.08985
56253.75003 19.59418 0.09741
56253.76637 19.85566 0.11037
56253.78832 19.72135 0.08425
56253.8078 19.96771 0.10595
56253.82956 19.7477 0.09546
56253.85372 19.6373 0.10118
56254.74613 19.85203 0.09438
56254.77889 19.92736 0.12775
56255.68248 19.90842 0.13826
56255.7252 19.91014 0.11184
56256.62657 19.95363 0.12045
56256.6557 19.5525 0.11376
56257.58763 19.66688 0.16896
56257.64219 19.52765 0.11688
56258.58614 19.8004 0.14158
56258.61848 19.53502 0.10727
56259.59443 19.85305 0.12489
56265.629 19.57144 0.06327
56265.6592 19.83594 0.08311
56267.58751 19.72908 0.0725
56267.61751 19.6601 0.07628
56268.59364 19.59638 0.06244
56268.62314 19.58302 0.0642
56269.58319 19.58357 0.0669
56269.58435 19.6914 0.06456
56269.58546 19.80335 0.06967
56269.58657 19.69016 0.06627
56269.58771 19.65519 0.07118
56269.58893 19.55437 0.06896
56269.59006 19.73744 0.06479
56269.59133 19.70112 0.07006
56269.59245 19.60956 0.06887
56269.59364 19.75547 0.06548
56269.59478 19.64409 0.07166
56269.596 19.64392 0.07476
56269.59713 19.66994 0.07016
56269.59843 19.69264 0.06849
56269.59956 19.73656 0.06377
56269.60977 19.82486 0.07036
56269.61093 19.75277 0.06441
56269.6121 19.68292 0.06197
56269.61321 19.6846 0.06489
56269.61434 19.71137 0.06238
56269.61547 19.77076 0.06516
56269.61659 19.72607 0.06309
56269.61773 19.72936 0.06627
56269.61884 19.75525 0.06286
56269.61995 19.60525 0.06029
56269.62115 19.80576 0.06734
56269.6223 19.90821 0.06507
56269.62343 19.6039 0.06157
56269.62457 19.60398 0.06137
56269.62569 19.60212 0.05988
56269.62688 19.776 0.06858
56269.628 19.70687 0.06147
56269.6375 19.70141 0.06969
56269.63881 19.81299 0.06669
56269.64001 19.79594 0.06208
56269.64114 19.6006 0.05917
56269.64226 19.71124 0.06178
56269.64337 19.63702 0.05918
56269.6445 19.73378 0.0613
56269.64562 19.55835 0.06019
56269.64675 19.5933 0.05821
56269.64789 19.81398 0.06559
56269.64905 19.6147 0.05657
56269.65017 19.67659 0.05818
56269.65129 19.68353 0.05999
56269.65247 19.71628 0.06217
56269.65359 19.68133 0.0573
56269.65473 19.71805 0.06826
56269.65585 19.62453 0.05698
56269.65698 19.77943 0.06348
56269.65819 19.75327 0.06046
56269.65932 19.74763 0.06019
56269.66055 19.65566 0.06407
56269.66167 19.78235 0.0603
56269.66279 19.70222 0.06119
56269.66393 19.63033 0.05888
56269.66595 19.86343 0.06322
56269.66717 19.63999 0.05848
56269.66829 19.74925 0.05739
56269.66952 19.71368 0.05849
56269.67064 19.70733 0.05629
56269.67184 19.69661 0.05598
56269.673 19.67675 0.05808
56269.67412 19.67067 0.05767
56269.67533 19.74388 0.05839
56269.67646 19.71538 0.05687
56269.6776 19.66443 0.05897
56269.67883 19.70129 0.058
56269.67997 19.79769 0.06097
56269.6812 19.6685 0.05738
56269.68232 19.68427 0.05532
56269.68343 19.68844 0.0571
56269.68473 19.60647 0.05472
56269.68592 19.7183 0.0575
56269.68705 19.43931 0.05326
56269.68816 19.73373 0.05651
56269.68929 19.65253 0.06007
56269.69041 19.71833 0.06648
56269.69157 19.62965 0.06136
56269.69269 19.67048 0.05817
56269.69383 19.74832 0.06069
56269.69496 19.90035 0.06915
56269.69608 19.75799 0.06266
56269.69898 19.58036 0.05545
56269.70011 19.80769 0.06216
56269.70126 19.74257 0.05888
56269.70241 19.62132 0.0557
56269.70357 19.71325 0.06216
56269.70468 19.80322 0.06559
56269.70581 19.71672 0.06567
56269.70705 19.61158 0.05667
56269.70816 19.65791 0.05608
56269.70937 19.69261 0.06087
56269.7105 19.61953 0.05859
56269.71167 19.72916 0.05958
56269.7128 19.70229 0.06136
56269.71403 19.76101 0.06477
56269.71516 19.6556 0.06186
56269.7163 19.65241 0.05737
56269.72641 19.66987 0.06079
56269.72763 19.58631 0.05059
56269.72875 19.69201 0.06188
56269.72987 19.73725 0.05948
56269.731 19.7278 0.06557
56269.73213 19.71479 0.06037
56269.73326 19.6903 0.0609
56269.73438 19.72453 0.06617
56269.73557 19.75968 0.07017
56269.73682 19.5768 0.0571
56269.73796 19.78022 0.06047
56269.73911 19.77516 0.06179
56269.74036 19.63014 0.05769
56269.74147 19.77851 0.06371
56269.74272 19.64438 0.0612
56269.74391 19.53716 0.05849
56269.74502 19.65835 0.05948
56269.7462 19.77548 0.06272
56269.74734 19.69736 0.06188
56269.74846 19.63358 0.06167
56269.74961 19.64081 0.05717
56269.75074 19.70814 0.06226
56269.75201 19.7145 0.06256
56269.75316 19.65042 0.05928
56269.75429 19.75312 0.06679
56269.75553 19.6916 0.06016
56269.75665 19.68992 0.06106
56269.75779 19.74791 0.06688
56269.75895 19.62465 0.07687
56269.76008 19.59461 0.06266
56269.76123 19.76282 0.06436
56269.76235 19.73368 0.07556
56269.76348 19.75343 0.06397
56269.76459 19.75258 0.06777
56269.76573 19.72351 0.06456
56269.78036 19.85167 0.07809
56269.78151 19.59755 0.06579
56269.78271 19.73378 0.07406
56269.78391 19.68614 0.06616
56269.78511 19.70477 0.06289
56269.78751 19.67531 0.06548
56269.78876 19.72059 0.07365
56269.78989 19.531 0.06208
56269.79108 19.65718 0.06789
56269.79227 19.64984 0.06409
56269.79356 19.67437 0.06566
56269.79478 19.75276 0.06996
56269.7959 19.5952 0.06926
56269.79701 19.64638 0.06617
56269.79816 19.81257 0.07277
56269.79928 19.8029 0.06697
56269.80041 19.70221 0.06896
56269.80156 19.66188 0.06486
56269.80276 19.63694 0.08256
56269.80404 19.58626 0.06227
56269.80517 19.75633 0.06666
56269.80638 19.74134 0.06795
56269.80752 19.85864 0.07969
56269.80866 19.81631 0.07338
56270.57931 19.7548 0.07588
56270.58058 19.7027 0.0703
56270.58188 19.66559 0.06162
56270.58305 19.65348 0.07108
56270.58429 19.70269 0.06488
56270.58556 19.61345 0.06418
56270.58671 19.54463 0.073
56270.58798 19.6729 0.06468
56270.58926 19.78883 0.06548
56270.59051 19.64378 0.0621
56270.59176 19.60529 0.05944
56270.59301 19.7659 0.05873
56270.59588 19.57521 0.05831
56270.59719 19.57437 0.05603
56270.59846 19.57579 0.05336
56270.59973 19.61927 0.05553
56270.60101 19.68538 0.05432
56270.60229 19.69193 0.0563
56270.60361 19.58496 0.05543
56270.60484 19.86645 0.06528
56270.60617 19.70501 0.0599
56270.60733 19.6526 0.05859
56270.60868 19.65723 0.05587
56270.60993 19.65328 0.0572
56270.61121 19.6508 0.06111
56270.61244 19.67963 0.05833
56270.61368 19.69723 0.06078
56270.61481 19.69225 0.0616
56270.61593 19.70259 0.05763
56270.61713 19.69416 0.05553
56270.61835 19.49696 0.05324
56270.61963 19.76634 0.07528
56270.62082 19.66863 0.05699
56270.62212 19.71959 0.05653
56270.62324 19.60553 0.06053
56270.62438 19.68561 0.05799
56270.6255 19.63593 0.05439
56270.62668 19.74526 0.05961
56270.62781 19.75163 0.06777
56270.62895 19.79302 0.06251
56270.63017 19.6319 0.05677
56270.6313 19.75098 0.05971
56270.63259 19.68873 0.05645
56270.63372 19.67582 0.05601
56270.63484 19.63897 0.0585
56270.64581 19.8261 0.07511
56270.64713 19.75043 0.0664
56270.64825 19.84744 0.06361
56270.6495 19.74262 0.06412
56270.65082 19.55518 0.06709
56270.65222 19.76062 0.06021
56270.65336 19.77171 0.06248
56270.6545 19.78597 0.06332
56270.65562 19.83648 0.06291
56270.65697 19.59123 0.06229
56270.65832 19.65298 0.05807
56270.65959 19.69671 0.06061
56270.66092 19.55387 0.0593
56270.66217 19.55864 0.0559
56270.66351 19.82385 0.06032
56270.66477 19.61736 0.05484
56270.67891 19.78277 0.06259
56270.68008 19.68728 0.0565
56270.68122 19.72758 0.06001
56270.68243 19.72105 0.05794
56270.68382 19.59322 0.05868
56270.68508 19.58467 0.05425
56270.68653 19.79514 0.0636
56270.68784 19.63655 0.05265
56270.68912 19.62099 0.0576
56270.69114 19.81034 0.06271
56270.69232 19.59966 0.05384
56270.69365 19.74227 0.05921
56270.6948 19.65293 0.05492
56270.69617 19.74678 0.05792
56270.69746 19.65763 0.05673
56270.6986 19.58952 0.05761
56270.6999 19.65676 0.05674
56270.70121 19.60316 0.05781
56270.70235 19.6891 0.058
56270.70349 19.60698 0.05391
56270.70482 19.61193 0.0599
56270.70613 19.63125 0.05819
56270.70726 19.6885 0.05851
56270.7086 19.66733 0.05722
56270.70972 19.69566 0.06091
56270.71103 19.65621 0.06031
56270.71235 19.60282 0.05878
56270.71347 19.63846 0.05661
56270.71481 19.74118 0.05589
56270.71608 19.52884 0.05921
56270.71722 19.68976 0.05404
56270.71853 19.69028 0.05711
56270.71967 19.77695 0.05788
56270.72098 19.66546 0.0557
56270.72302 19.69447 0.05866
56270.72439 19.72919 0.06022
56270.72553 19.80314 0.06278
56270.72665 19.66505 0.0582
56270.72793 19.77953 0.06757
56270.72927 19.66325 0.05831
56270.73043 19.64499 0.0616
56270.73161 19.65358 0.05801
56270.73292 19.71227 0.05831
56270.73506 19.66762 0.05572
56270.73622 19.56151 0.05878
56270.73753 19.67283 0.058
56270.73887 19.66318 0.05881
56270.74001 19.8428 0.06173
56270.74126 19.61759 0.05673
56270.7424 19.64717 0.05822
56270.74369 19.72947 0.06091
56270.74498 19.78145 0.064
56270.74609 19.56705 0.06001
56270.74744 19.74632 0.0718
56270.7486 19.69985 0.06372
56270.74995 19.6211 0.05933
56270.75121 19.78535 0.06987
56270.75241 19.69599 0.06338
56270.75372 19.58263 0.06959
56270.75502 19.7392 0.06089
56270.75706 19.84163 0.07071
56270.75826 19.63761 0.06054
56270.75948 19.86913 0.07478
56270.76078 19.73873 0.06871
56270.76208 19.48929 0.07067
56270.77223 19.84136 0.07867
56270.77464 19.71238 0.06338
56270.77775 19.59857 0.06561
56270.77887 19.61995 0.0762
56270.78012 19.59859 0.06349
56270.78147 19.7925 0.07157
56270.78273 19.65867 0.06827
56270.784 19.70445 0.06512
56270.78526 19.61767 0.06624
56270.78661 19.60936 0.07571
56270.78776 19.50674 0.0698
56270.7891 19.66235 0.07247
56270.79021 19.76024 0.07209
56270.79151 19.69623 0.07159
56270.7928 19.6848 0.0696
56270.79391 19.6641 0.06501
56270.79508 19.62693 0.0765
56270.79619 19.71894 0.07469
56270.7975 19.6271 0.06768
56270.79862 19.81952 0.07278
56270.79991 19.60349 0.06661
56270.80111 19.75062 0.07958
56270.80249 20.0413 0.08237
56270.80509 19.7161 0.06731
56270.80715 19.51225 0.0761
56270.80837 19.79067 0.08051
56270.80963 19.6947 0.06869
56271.71236 19.82373 0.09909
56271.74462 19.7271 0.08538
56272.64495 19.76479 0.07955
56272.7082 19.79924 0.07219
56273.60993 19.58721 0.09424
56273.63946 19.91418 0.08775
56281.58737 19.8499 0.14036
56281.61668 19.86157 0.1192
56282.58095 19.78337 0.11345
56282.61036 19.90252 0.09985
56282.62819 19.4665 0.08967
56297.58897 19.77803 0.07342
56297.59019 19.7243 0.0669
56297.5937 19.79303 0.06726
56297.59722 19.74034 0.06418
56297.59904 19.69831 0.06388
56297.60164 19.78623 0.07858
56297.60284 19.72982 0.06727
56297.6053 19.75854 0.06908
56297.61734 19.56887 0.0647
56297.61965 19.58249 0.06576
56297.62198 19.78391 0.07278
56297.62474 19.73557 0.06787
56297.62597 19.59809 0.06806
56297.62818 19.71405 0.06866
56297.63051 19.69606 0.06797
56297.63246 19.87632 0.07376
56297.6337 19.70264 0.06708
56297.63597 19.65307 0.07737
56297.63722 19.82155 0.0721
56297.63944 19.88303 0.07628
56297.64162 19.75281 0.07401
56297.64281 19.63771 0.06999
56297.64393 19.69557 0.07296
56297.64612 19.80556 0.07726
56297.64742 19.67688 0.0686
56297.64964 19.72377 0.06777
56297.65084 19.67564 0.06297
56297.65434 19.61026 0.07556
56297.65811 19.62422 0.0624
56297.65988 19.6137 0.06977
56297.66121 19.77776 0.07569
56297.66483 19.81087 0.07656
56297.66714 19.78595 0.08385
56297.67315 19.73129 0.06768
56297.67547 19.63354 0.07328
56297.67675 19.88693 0.07328
56297.67954 19.66046 0.06809
56297.68076 19.86877 0.08126
56297.6819 19.71081 0.06878
56297.68325 19.65393 0.06346
56297.68541 19.71446 0.06686
56297.68786 19.84585 0.07528
56297.69171 19.62308 0.07567
56297.69635 19.65788 0.06418
56297.69767 19.54372 0.07728
56297.70113 19.7282 0.07577
56297.70743 19.76375 0.07257
56297.71084 19.69638 0.07256
56297.71401 19.69592 0.07319
56297.71668 19.72247 0.07377
56297.7179 19.60468 0.07167
56297.72049 19.71282 0.07106
56297.72327 19.64631 0.07149
56297.72448 19.68014 0.07559
56297.72584 19.56885 0.06859
56297.72772 19.74889 0.07726
56297.72894 19.64814 0.08057
56297.74317 19.67277 0.08097
56297.74683 19.69083 0.08139
56297.74996 19.70046 0.09944
56297.75123 19.84873 0.08337
56297.75493 19.67418 0.08107
56297.75709 19.84741 0.08488
56297.7583 19.55346 0.08926
56297.76047 19.92974 0.10166
56297.76167 19.68365 0.10024
56297.76388 19.85202 0.09065
56297.76506 19.75064 0.08586
56297.76834 19.78362 0.08366
56297.77069 19.66699 0.08377
56297.77185 19.759 0.09166
56297.77383 19.83323 0.10964
56297.79199 19.74841 0.09279
56297.79318 19.64479 0.08567
56297.79645 19.77278 0.08896
56297.79838 19.7818 0.10397
56297.79953 19.69506 0.09649
56297.80077 19.95558 0.11426
56297.80192 19.79439 0.09937
56297.80312 19.75155 0.12946
56297.80437 19.7489 0.12237
56297.80564 19.76254 0.11187
56297.80864 19.54753 0.10198
56298.58895 19.60542 0.0866
56298.59013 19.9088 0.09218
56298.59235 19.89775 0.13808
56298.59354 19.83765 0.14372
56298.59724 19.71959 0.15513
56298.59842 19.67542 0.14217
56298.60089 19.74354 0.1175
56298.6021 19.84661 0.13331
56298.60332 19.73106 0.11311
56298.60466 19.79673 0.13233
56298.60701 19.65375 0.11882
56298.60823 19.70694 0.12299
56298.61034 19.63046 0.10719
56298.61272 19.40718 0.11543
56298.61595 19.69295 0.08031
56298.61811 19.83794 0.07647
56298.62047 19.7285 0.08105
56298.62171 19.8301 0.10185
56298.62426 19.59909 0.07716
56298.62643 19.64882 0.08938
56298.62762 19.70673 0.11371
56298.63098 19.797 0.08208
56298.63219 19.84109 0.08217
56298.63473 19.63287 0.12662
56298.63687 19.79025 0.08282
56298.63807 19.517 0.09027
56298.63935 19.76163 0.12909
56298.64364 19.73254 0.07374
56298.64578 19.61185 0.07258
56298.64695 19.69512 0.08966
56298.6481 19.70363 0.08009
56298.65082 19.68569 0.08188
56298.65294 19.68135 0.06553
56298.65509 19.66834 0.07609
56298.65745 19.47791 0.09368
56298.65865 19.78747 0.06939
56298.66081 19.70928 0.0725
56298.66198 19.76159 0.06729
56298.66411 19.71078 0.06971
56298.66639 19.68974 0.0753
56298.6699 19.73985 0.06899
56298.68256 19.66649 0.07907
56298.68492 19.70264 0.11301
56298.68729 19.69106 0.10897
56298.68852 19.72579 0.1399
56301.59099 19.6355 0.07011
56302.62153 19.68059 0.08315
56305.59416 19.74706 0.07059
56305.62276 19.62801 0.07506
56307.63151 19.84197 0.09607
56308.60019 19.75209 0.10856
56308.63015 19.55035 0.13131
56310.60466 19.84254 0.10238
56310.63503 19.94066 0.09448
56311.59823 19.89135 0.09446
56311.62777 19.93704 0.12774
56313.60478 20.13062 0.12185
56313.63593 19.97081 0.10567
56314.61498 19.73724 0.11077
56322.60046 19.94517 0.12047
56322.63022 19.68513 0.11638
56323.59943 19.80086 0.08996
56323.60059 19.85289 0.07907
56323.60172 19.625 0.09066
56323.60284 19.65778 0.06787
56323.60396 19.69714 0.07306
56323.60508 19.77538 0.07967
56323.60621 19.73793 0.07467
56323.60734 19.66338 0.07296
56323.60846 19.58737 0.06476
56323.60959 19.6443 0.06958
56323.61071 19.69106 0.07068
56323.61183 19.72554 0.07087
56323.61297 19.70164 0.07506
56323.61409 19.68644 0.07595
56323.61521 19.95798 0.07997
56323.61635 19.79811 0.09715
56323.61747 19.90079 0.08067
56323.61859 19.76273 0.07376
56323.61971 19.75808 0.07715
56323.62085 19.64352 0.07127
56323.62197 19.63307 0.06897
56323.62309 19.78384 0.07495
56323.62423 19.57398 0.08165
56323.62535 19.87678 0.08395
56323.62647 19.56528 0.06977
56323.62759 19.75963 0.08306
56323.62872 20.03948 0.08655
56323.62985 19.59735 0.08207
56323.63097 19.75963 0.08327
56323.6321 19.90339 0.07935
56323.63322 19.73007 0.07406
56323.63435 19.67902 0.07616
56323.63549 20.0344 0.09525
56323.63661 19.78281 0.08414
56323.63773 19.6744 0.06916
56323.63887 19.67375 0.07486
56323.63999 19.76846 0.07536
56323.64112 19.69342 0.07616
56323.64225 19.7246 0.07856
56323.64338 19.58344 0.07107
56323.6445 19.84547 0.08786
56323.64563 19.89299 0.07776
56323.64676 19.7793 0.07696
56323.64789 19.68658 0.07665
56323.64902 19.67827 0.07436
56323.65014 19.75421 0.08346
56323.65127 19.86453 0.08835
56323.6524 19.69923 0.07786
56323.65352 19.80245 0.07945
56323.65465 19.88066 0.08275
56323.65577 19.83261 0.09285
56323.65691 19.83425 0.08465
56323.65803 19.63459 0.08145
56323.65917 19.65086 0.07786
56323.66029 19.68122 0.08248
56323.66142 20.00992 0.11364
56323.66255 19.74954 0.08608
56323.66367 19.55209 0.07837
56323.6648 19.9247 0.09165
56323.66594 19.69808 0.11245
56323.66706 19.65043 0.10816
56323.66819 19.95729 0.10736
56323.66932 19.81717 0.10949
56323.67045 19.73434 0.11065
56323.67158 19.83146 0.08867
56323.67271 19.83211 0.10204
56323.67384 19.82541 0.09055
56323.67496 19.88769 0.09438
56323.67613 20.01226 0.09757
56323.67725 19.54632 0.08379
56323.67838 19.54183 0.08306
56323.67951 19.73205 0.09466
56323.68065 19.69791 0.08867
56323.68177 19.78778 0.08986
56323.6829 19.83328 0.09386
56323.68402 19.94047 0.10075
56323.68516 19.60158 0.12025
56323.68628 19.69697 0.12584
56323.68742 19.97958 0.11087
56323.68855 19.85299 0.09396
56323.68967 19.72188 0.10974
56323.69081 19.67038 0.10305
56323.69194 19.54298 0.11435
56323.69306 19.80157 0.10737
56323.6942 20.04 0.12538
56323.69532 19.91786 0.12866
56323.69644 20.00006 0.11804
56323.69758 19.99062 0.13537
56323.6987 19.60635 0.1126
56323.69982 19.85717 0.14276
56323.70094 19.82213 0.13531
56323.70208 19.87167 0.12348
56323.7032 19.61497 0.11957
56323.70434 20.08818 0.13068
56323.70546 19.72799 0.12046
56323.70659 19.44983 0.12535
56323.70772 19.78321 0.16527
56323.70887 19.8131 0.12818
56323.71001 19.55167 0.14199
56323.71114 19.78531 0.13608
56323.71226 19.7781 0.15317
56324.6344 19.70784 0.10725
56324.67356 19.93666 0.10194
56328.60109 19.58801 0.08456
56328.63041 19.60971 0.06698
56329.6158 19.7211 0.10713
56330.60568 19.73563 0.0792
56330.63442 19.74527 0.09115
56336.60557 19.87247 0.09606
56336.6347 19.66706 0.10067
56337.61678 19.68845 0.08278
56337.646 19.74083 0.09496
56339.61462 19.86901 0.1228
56340.62168 19.78841 0.10454
56340.65261 19.63074 0.11137
56341.63432 19.51564 0.10706
56342.61542 19.66725 0.11274
56342.64414 19.74549 0.11273
56432.97832 20.08167 0.14335
56433.97522 19.71598 0.12135
56434.97306 19.7982 0.14384
56442.95121 19.64443 0.14135
56443.94843 19.94852 0.11351
56444.94545 19.76853 0.13782
56444.97977 19.73561 0.21527
56446.9404 19.64391 0.10606
56446.9746 19.77527 0.13465
56447.93827 19.89534 0.09629
56447.97245 19.94543 0.11147
56448.93551 19.89549 0.09416
56448.97043 19.78102 0.09258
56449.9322 19.6399 0.08416
56449.96744 19.86831 0.08655
56450.93056 19.80685 0.07748
56450.96471 19.69891 0.11486
56451.92757 19.79514 0.09347
56451.96268 19.57512 0.11516
56452.92487 19.84589 0.09656
56452.95905 19.74522 0.07566
56453.9223 19.85863 0.13446
56453.95718 20.06346 0.11059
56454.91904 20.0732 0.10225
56454.9531 19.67193 0.08226
56455.91706 19.82266 0.08441
56455.95123 19.76113 0.07467
56456.91361 20.01668 0.10914
56456.94859 19.9201 0.10225
56457.91086 19.73079 0.10714
56457.9457 19.77337 0.08637
56458.90893 19.96214 0.0908
56458.94334 19.64599 0.06755
56459.90596 19.89344 0.09355
56459.94092 19.80087 0.07636
56460.9034 19.79725 0.09408
56460.93791 19.80727 0.07356
56461.90107 19.80603 0.08626
56461.93811 19.83464 0.08395
56462.89824 19.88147 0.11546
56462.93439 19.62297 0.12386
56463.93218 20.09293 0.09626
56469.87982 19.71047 0.11946
56469.91685 20.08337 0.10727
56471.87375 20.06149 0.15373
56471.91001 19.87085 0.1401
56473.90477 19.96911 0.14196
56475.9008 19.74334 0.13727
56476.86102 19.84027 0.11974
56476.89765 19.64602 0.15848
56485.83631 19.91618 0.09205
56486.83403 19.9009 0.09218
56486.87106 20.00841 0.09236
56488.83006 19.75492 0.09758
56488.86647 19.73535 0.08538
56489.82698 19.75283 0.0936
56489.86366 19.66275 0.07918
56491.8581 19.59959 0.15742
56498.802 19.95605 0.168
56498.83888 19.89472 0.17728
56502.82864 20.2454 0.11372
56503.78903 19.83895 0.08745
56503.82769 19.6803 0.10209
56504.86992 20.01771 0.09002
56504.90811 19.77451 0.08708
56505.81768 20.03466 0.09427
56505.9509 19.83288 0.07919
56505.98842 20.14968 0.11508
56506.89349 19.74881 0.08144
56507.80198 19.79857 0.09027
56507.84712 20.06291 0.08289
56507.99891 20.02475 0.0861
56508.90167 19.87175 0.06883
56509.79634 19.79911 0.08178
56509.83877 19.87442 0.0736
56510.8262 19.79127 0.07683
56511.79111 19.83936 0.06935
56511.84089 19.72086 0.06701
56512.78788 19.99763 0.09479
56512.82519 19.94814 0.0829
56513.78624 19.79202 0.07672
56513.82352 19.78497 0.07439
56514.7834 19.96136 0.08747
56514.82081 19.76277 0.07297
56515.78106 19.95765 0.08469
56515.82231 19.84037 0.07559
56516.77774 19.87985 0.07663
56516.81437 19.87177 0.07399
56517.77605 19.9056 0.10267
56517.81715 19.87759 0.06599
56517.97309 19.94461 0.07242
56518.87478 19.71526 0.06968
56518.96686 19.74735 0.07117
56519.00311 19.77979 0.06978
56519.90443 19.87317 0.06243
56519.96504 19.73839 0.05499
56520.00171 19.76717 0.0691
56520.90327 19.90839 0.06451
56520.95521 19.81819 0.06857
56520.99262 19.71312 0.07379
56521.89446 19.90199 0.07407
56521.95772 19.8894 0.07387
56521.99393 19.87309 0.0696
56528.81982 19.75203 0.16846
56529.90241 19.98227 0.13356
56529.93849 19.95505 0.11998
56529.97462 20.21529 0.12896
56532.71221 20.06337 0.10582
56532.85928 19.94712 0.10119
56532.89645 19.94542 0.07815
56533.79895 19.81566 0.07058
56533.93493 19.99841 0.08257
56533.97228 19.74855 0.07778
56537.84525 19.87814 0.06261
56537.9874 19.85318 0.0648
56539.69386 19.89947 0.10688
56539.88447 19.93434 0.06122
56539.9215 19.8558 0.06404
56540.97669 19.84692 0.06273
56541.6883 19.782 0.10518
56542.96698 20.04902 0.08962
56543.00294 19.82561 0.07102
56543.90463 19.88537 0.10196
56543.97085 19.80033 0.07348
56544.00787 19.95905 0.06284
56546.67441 20.20048 0.11557
56546.75907 19.79817 0.07416
56546.94639 19.84001 0.07001
56547.84788 19.78568 0.06122
56548.0057 19.93264 0.07859
56548.66959 19.77631 0.12195
56548.70582 20.06153 0.11637
56548.74172 19.87744 0.10107
56549.66591 20.2409 0.13475
56549.70273 19.79064 0.10959
56549.73967 19.72681 0.08378
56550.66388 19.60059 0.13487
56550.6994 20.08853 0.12268
56550.73216 20.07323 0.10806
56551.66063 19.99884 0.16565
56551.72202 20.1952 0.15406
56551.75862 19.7139 0.12124
56552.74635 19.68214 0.15015
56561.66061 19.7721 0.09586
56561.89034 20.01089 0.14339
56562.93459 20.11886 0.10077
56563.02169 19.722 0.13847
56563.6524 20.16848 0.12544
56563.6893 19.78048 0.09528
56563.77494 19.89819 0.08345
56564.72602 20.03428 0.09379
56564.99301 19.7176 0.08748
56565.02672 19.82747 0.09736
56565.92832 19.80306 0.09324
56565.98151 19.89832 0.08567
56566.01544 19.81086 0.10205
56566.91724 19.83866 0.06727
56566.96287 19.86214 0.07768
56566.99591 19.72852 0.08088
56567.8986 19.94889 0.06925
56567.96702 19.81363 0.05964
56568.00039 19.83704 0.07026
56568.90245 19.87147 0.07489
56568.96343 19.71252 0.07558
56568.99843 19.94452 0.09627
56569.90084 19.79945 0.08816
56569.99803 20.01645 0.09546
56570.03082 19.71684 0.13645
56571.62526 19.93156 0.17974
56571.69052 20.16934 0.16707
56571.72419 19.99992 0.165
56572.62632 19.77363 0.10119
56572.66032 19.95586 0.08641
56572.69287 19.8447 0.0936
56573.61429 20.00488 0.14294
56573.64765 19.75002 0.09117
56573.77817 19.9803 0.07697
56576.83948 19.83753 0.06527
56577.00541 20.07733 0.10666
56577.60601 20.10423 0.16886
56577.63144 19.97744 0.16754
56577.77306 19.99104 0.09538
56578.67217 19.99243 0.09707
56578.69674 19.94727 0.09819
56578.75347 19.84734 0.09254
56579.73584 20.00996 0.1085
56579.85963 19.9766 0.10569
56579.88516 19.68499 0.11688
56580.7875 19.91851 0.13206
56580.8553 20.05743 0.14324
56580.88022 19.92197 0.11275
56581.83883 19.87148 0.16665
56587.62864 20.09519 0.09285
56587.78993 19.85841 0.10957
56587.81475 19.76279 0.0962
56588.71625 20.194 0.14242
56589.79481 20.1303 0.09526
56589.81959 20.08679 0.09074
56589.84642 19.83007 0.08747
56590.76387 19.95927 0.08917
56590.8749 19.93516 0.09137
56590.89969 19.92911 0.10575
56591.80204 19.75089 0.1115
56591.86057 19.80094 0.07862
56591.88508 19.78764 0.08084
56592.81972 19.90125 0.0731
56592.91348 19.84165 0.10216
56592.93852 19.80009 0.08601
56596.59731 19.80354 0.09327
56596.81771 20.20336 0.10845
56596.84238 19.76519 0.10217
56597.74425 20.08127 0.0907
56597.82393 19.84358 0.13265
56597.84943 20.19907 0.16396
56598.75163 19.80539 0.08505
56598.82179 20.14539 0.10286
56598.84855 19.88727 0.08637
56599.75014 19.89978 0.07387
56599.79577 19.75129 0.0691
56599.82112 19.97118 0.08136
56600.77441 19.90538 0.07358
56600.8753 20.01044 0.08987
56602.59024 19.83145 0.14675
56602.78065 19.94825 0.14301
56603.68227 19.94857 0.08429
56603.74296 20.10756 0.11955
56603.81581 19.91241 0.08828
56604.73691 19.81295 0.09321
56604.92616 19.87481 0.08195
56605.64733 19.90323 0.08966
56605.67213 20.01801 0.08476
56606.58401 19.8511 0.13921
56606.60932 20.02837 0.11121
56606.64241 19.77331 0.22528
56607.82225 20.29772 0.15495
56607.84927 19.91947 0.08937
56608.75086 19.9556 0.12606
56608.81398 20.05883 0.11265
56609.8617 19.58122 0.12526
56609.88847 20.06853 0.12016
56621.79766 20.00174 0.09877
56622.58588 20.04403 0.0849
56623.58717 20.09359 0.11102
56624.57999 19.96831 0.08516
56624.60429 20.02458 0.08857
56625.70494 20.18889 0.09034
56625.74386 20.0034 0.08208
56626.64578 19.99836 0.09296
56626.67007 19.78227 0.07369
56628.73144 19.99751 0.09927
56628.76212 19.93125 0.08767
56637.58042 20.02524 0.11142
56637.60549 19.90048 0.11409
56639.58002 19.94802 0.11999
56639.60438 20.35981 0.14705
56640.58279 20.03567 0.16834
56640.61699 20.08935 0.13328
56648.58277 20.08572 0.15814
56648.61266 20.16887 0.12137
56649.57885 20.09588 0.12002
56649.60387 20.02918 0.09173
56650.58762 19.84399 0.12295
56658.58519 19.90055 0.08313
56658.62914 19.95599 0.09148
56659.58605 19.99844 0.08216
56659.61086 20.01652 0.09104
56660.58569 19.96317 0.08972
56660.61029 19.88307 0.0851
56662.58587 19.95438 0.11748
56663.59143 20.08487 0.09567
56663.6171 19.91257 0.08936
56664.58594 19.87322 0.17271
56664.6104 19.82199 0.13887
56668.61177 19.91514 0.11824
56669.61423 20.24014 0.20017
56675.5969 19.89949 0.08708
56675.6459 20.10543 0.13516
56676.59181 19.91912 0.12257
56676.61781 19.92316 0.09716
56678.61458 20.00901 0.08558
56678.64019 19.94187 0.09517
56680.60724 20.05144 0.10316
56683.59693 20.05911 0.09073
56683.63252 19.88455 0.11566
56685.6471 19.8344 0.10182
56687.59886 19.98279 0.09642
56687.64144 19.80317 0.10872
56690.60286 19.87001 0.11699
56690.64549 19.87068 0.11736
56697.60505 19.96276 0.15416
56816.96412 20.0184 0.10265
56816.97531 19.96573 0.15445
56817.97654 20.1721 0.14397
56818.96227 19.89705 0.08049
56818.97512 19.84571 0.11805
56819.96647 19.99596 0.18284
56820.96625 20.14243 0.14947
56823.97346 20.24007 0.18226
56824.96428 19.77287 0.11356
56826.96127 20.07354 0.11967
56826.97472 19.83515 0.14385
56827.96384 19.9141 0.09238
56828.9654 19.97894 0.10448
56828.97804 19.76442 0.11588
56829.96383 20.01787 0.08693
56829.97653 19.92472 0.09527
56830.96102 19.92038 0.08296
56830.97338 19.74201 0.08068
56832.9648 19.66933 0.06769
56832.97563 19.75475 0.07552
56833.96568 19.66896 0.06601
56833.97644 19.7354 0.11955
56834.96484 19.87729 0.07396
56834.9776 19.94087 0.13297
56835.96569 20.17044 0.10614
56835.97723 19.92131 0.11158
56836.96625 19.8756 0.07537
56836.97711 20.12574 0.13535
56837.96638 19.81054 0.0633
56837.98211 19.75896 0.16316
56838.96389 19.85913 0.07067
56838.9786 19.6369 0.08548
56839.96511 19.83698 0.0647
56839.97834 19.87828 0.08636
56840.96951 19.9645 0.0762
56840.98137 20.03251 0.11067
56841.96857 19.65072 0.06162
56841.98075 19.73098 0.0897
56844.96636 19.67586 0.06636
56844.97887 19.73851 0.07998
56845.96726 19.87434 0.06977
56845.98002 20.00311 0.09025
56846.96666 19.94181 0.06826
56846.98115 19.92505 0.07823
56847.96648 19.76185 0.05719
56847.98151 19.8428 0.07239
56848.96743 19.85262 0.06239
56848.98312 19.82858 0.0797
56849.96813 19.96677 0.11626
56849.98235 19.70545 0.11326
56851.97048 19.67434 0.10861
56851.98675 19.8926 0.12565
56854.96165 19.86711 0.09592
56854.98771 19.62433 0.08728
56855.96071 19.70732 0.09128
56855.98393 19.8469 0.12267
56856.96087 20.23045 0.15848
56856.98328 19.65255 0.11033
56858.96243 19.84937 0.07509
56858.98507 19.57622 0.06509
56859.96515 19.81178 0.06078
56859.98697 19.97845 0.08598
56861.96231 19.92131 0.0653
56861.98508 19.77205 0.06444
56862.9659 19.8775 0.06909
56862.98227 19.83042 0.06787
56863.94981 19.85716 0.06514
56864.94576 19.85402 0.07164
56864.96947 19.83828 0.07872
56865.92975 19.7498 0.08084
56865.96089 19.91396 0.06395
56867.98799 19.81131 0.06558
56868.96536 19.7594 0.06134
56868.98567 19.71985 0.06472
56869.96092 19.84745 0.06581
56869.98231 19.82331 0.05863
56870.96467 19.92553 0.06255
56870.98635 19.66113 0.06157
56874.97428 19.90188 0.06057
56874.99622 19.70322 0.0588
56875.98151 19.68235 0.06101
56875.99752 19.7933 0.09458
56876.91773 19.84082 0.0623
56876.94717 19.83857 0.05557
56877.9745 19.79235 0.05888
56877.9957 19.87605 0.0693
56878.00741 19.88481 0.09379
56878.9086 19.72986 0.08995
56878.93847 19.74216 0.10678
56879.92838 19.62791 0.13555
56879.95816 19.62538 0.09927
56882.96877 20.19463 0.14364
56882.98848 19.58681 0.14902
56883.9421 19.94769 0.0959
56883.98158 19.90095 0.08891
56884.99956 19.88149 0.0886
56885.96448 19.86059 0.07486
56885.98159 20.11444 0.09569
56886.91453 19.83789 0.07343
56886.94264 19.75081 0.07296
56887.91623 19.89765 0.06993
56887.94902 19.68594 0.06339
56888.86519 19.72015 0.05504
56888.89905 19.77423 0.06351
56888.91008 19.79859 0.05995
56888.94196 19.86518 0.05999
56890.94091 19.79786 0.0593
56890.97479 19.88028 0.06527
56895.83087 19.69341 0.08815
56895.86667 19.77402 0.08723
56972.71463 19.8681 0.08336
56972.73749 19.62562 0.08637
56978.74407 19.86325 0.08002
56979.72374 19.85327 0.14848
56980.71766 20.06763 0.084
56980.83416 19.86154 0.08749
56981.71538 19.90487 0.07341
56981.77818 20.04739 0.08639
56984.71333 20.20684 0.16579
56984.78092 19.65529 0.11093
56986.72544 19.74131 0.09098
56986.79095 19.89432 0.09251
56987.70535 19.83098 0.09317
56987.76948 20.02965 0.10017
56988.66321 20.00082 0.09089
56989.60286 19.75805 0.07211
56989.66828 19.89429 0.09299
56990.59847 19.77679 0.08049
56990.66232 19.80615 0.0808
57000.62591 19.95205 0.08299
57000.65668 19.84816 0.11958
57001.60725 19.87976 0.08298
57001.63454 19.84832 0.07198
57011.62365 19.85092 0.08269
57011.65019 19.84993 0.08251
57014.60229 19.88582 0.08798
57014.62433 19.85467 0.08476
57015.60026 20.19274 0.1266
57015.6199 20.07308 0.09666
57018.60146 19.94522 0.09348
57018.62586 19.97533 0.09346
57019.59637 20.11246 0.15568
57019.61004 20.00228 0.08858
57030.59868 19.92804 0.08565
57037.60179 19.97496 0.09658
57039.60447 19.92281 0.09186
57040.60372 19.86765 0.10358
57040.65327 20.06144 0.12988
57041.64649 20.03187 0.0859
57042.59979 19.98172 0.09122
57042.64647 20.07204 0.09061
57043.60053 19.90049 0.08421
57043.64542 19.90782 0.08301
57044.59961 19.72088 0.09782
57044.64222 19.73129 0.12764
57046.59907 19.82341 0.09172
57047.65127 19.77578 0.12119
57047.65361 20.02667 0.11479
57059.60766 19.94951 0.08657
57059.61723 19.91753 0.11036
57063.60738 20.0704 0.12149
57063.61933 20.22182 0.10524
57064.61072 19.98554 0.10833
57064.62756 20.05251 0.13598
57065.60805 19.84376 0.133
57065.62471 19.65205 0.13391
57067.60784 19.97931 0.12019
57067.62545 19.94063 0.09843
57069.61019 19.69741 0.09872
57069.6409 20.01389 0.11712
57070.61078 19.6838 0.12588
57070.6277 19.70401 0.09959
57071.61023 19.9604 0.12487
57071.6267 19.9412 0.10216
57089.61859 19.81279 0.17418
57090.63028 19.93676 0.18245
57180.95646 20.00606 0.13144
57185.96692 19.80696 0.15745
57187.96362 19.98743 0.09952
57188.93765 19.89334 0.12851
57188.96808 19.83279 0.09948
57189.95594 19.89588 0.10592
57190.94422 20.05548 0.12807
57191.9217 20.06055 0.10966
57191.95614 19.92181 0.09318
57192.94672 20.02228 0.11759
57192.97846 19.81949 0.16178
57193.93573 19.70026 0.09745
57193.96862 20.04205 0.13466
57194.94374 19.91751 0.11191
57194.97431 19.90237 0.15949
57195.94595 19.62907 0.11955
57195.97546 19.89488 0.15022
57196.92539 19.88418 0.1218
57196.97637 20.26886 0.16195
57197.91796 19.69686 0.10147
57197.96971 19.82082 0.1163
57198.93165 20.02934 0.11681
57198.96479 20.1831 0.12468
57199.9472 19.86679 0.13069
57207.95261 20.01888 0.12771
57207.98422 20.0087 0.13916
57208.90735 19.95156 0.11191
57208.94607 19.65271 0.13358
57209.93937 19.69361 0.12056
57209.97959 19.80654 0.13975
57210.9363 20.15247 0.10589
57210.97519 19.86324 0.09248
57211.94997 20.02281 0.10685
57211.98409 19.81027 0.11654
57212.97329 20.14089 0.1592
57214.96163 19.80848 0.07842
57216.93262 19.89058 0.1043
57216.97994 20.03064 0.08899
57218.92712 19.79907 0.07391
57218.977 19.94081 0.08678
57219.94247 19.90501 0.0679
57219.97077 20.05833 0.06993
57220.92305 19.84818 0.08358
57220.98129 19.91584 0.07696
57225.95176 19.92249 0.06271
57226.95332 19.94283 0.06904
57227.93417 19.93459 0.06801
57227.97035 20.04651 0.07919
57231.91879 19.94697 0.08154
57231.96902 19.90033 0.06655
57232.8829 20.16315 0.11331
57232.9489 20.02895 0.09839
57237.93379 19.9738 0.15028
57237.98326 20.00141 0.16259
57238.91268 19.89289 0.08488
57238.96563 19.75362 0.09069
57239.93796 19.92711 0.10016
57239.98313 19.92001 0.08886
57240.95317 20.12333 0.10279
57241.93368 20.22992 0.11485
57242.93933 20.12424 0.07414
57242.98523 19.87182 0.08063
57244.91131 19.88009 0.07111
57244.96611 19.85508 0.06072
57245.87591 19.91003 0.06421
57245.91376 19.86701 0.07478
57246.89995 19.78701 0.06674
57246.93423 20.10594 0.06604
57247.92574 19.92247 0.06974
57247.95614 19.95606 0.06184
57248.84393 19.885 0.06894
57248.8782 19.88612 0.08346
57249.88436 19.84719 0.07536
57249.9163 19.89844 0.06491
57250.88236 19.84572 0.06676
57250.92114 19.88526 0.09073
57251.8693 19.75321 0.06621
57251.91419 19.95009 0.06323
57267.9816 20.20766 0.13808
57554.97044 20.64256 0.22134
57555.93989 20.26326 0.13538
57555.96363 20.36216 0.12708
57565.94418 20.67039 0.14475
57567.951 20.52083 0.14663
57567.97572 20.70167 0.16103
57568.92119 20.36316 0.15398
57569.92685 20.61629 0.12551
57570.93954 20.30495 0.11224
57571.91515 20.21287 0.13808
57571.96845 20.25288 0.1397
57572.94 20.499 0.15905
57572.961 20.51002 0.14748
57573.95955 20.28273 0.10693
57574.96997 20.49645 0.12498
57575.96076 20.27293 0.08882
57576.95096 20.34295 0.09969
57577.97714 20.25598 0.11457
57578.93031 20.13781 0.09888
57578.9597 20.19113 0.12867
57579.93833 20.18897 0.10754
57579.96636 20.40963 0.12354
57580.94991 20.33246 0.12111
57580.97641 20.46996 0.14872
57581.96061 20.37247 0.10586
57582.96612 20.25623 0.09857
57583.93612 20.03784 0.1011
57583.97225 20.2575 0.10499
57584.92871 20.65102 0.12098
57584.97404 20.15552 0.09299
57585.92275 20.19272 0.16027
57585.96134 20.188 0.0945
57595.9848 20.2139 0.17288
57596.95384 20.59487 0.17407
57596.98786 20.40319 0.13228
57597.93735 20.11582 0.10291
57597.9794 20.37279 0.11588
57598.9281 20.32877 0.11189
57598.97263 20.23838 0.12558
57599.94579 20.46943 0.1151
57600.96483 20.07229 0.08674
57601.9531 20.47542 0.10635
57601.99102 19.91567 0.103
57602.95616 20.18734 0.1006
57602.99208 20.1438 0.12862
57603.95654 20.11446 0.12562
57603.99274 20.26446 0.10891
57604.96148 20.26798 0.10227
57604.99535 20.37652 0.10641
57605.93926 20.14458 0.0875
57605.97693 20.18511 0.12746
57606.94732 20.31883 0.09914
57606.99101 20.37039 0.12038
57607.92659 20.17883 0.11989
57607.97806 20.03425 0.09802
57608.92515 20.17875 0.11737
57608.96585 20.25149 0.09898
57609.94301 20.19557 0.12699
57610.89516 20.21313 0.12567
57610.92695 20.29618 0.09049
57611.90199 20.50806 0.11765
57611.93252 20.34292 0.11977
57612.88937 20.32317 0.1014
57612.93148 20.17663 0.09718
57613.84046 20.63352 0.15354
57613.87193 20.51253 0.11675
57613.90353 20.21763 0.09879
57614.96436 20.29304 0.09796
57614.99496 20.25369 0.09518
57615.90761 20.21725 0.15206
57615.95637 20.2867 0.09628
57625.94454 20.1583 0.17075
