#mjd mag magerr
55061.92501 19.94934 0.05372
55061.95573 19.94777 0.05031
55063.91987 19.88013 0.04638
55063.9639 19.93961 0.04822
55064.92128 19.92126 0.05921
55064.9656 19.83621 0.05557
55066.91014 19.94397 0.05233
55066.95474 19.90535 0.05184
55067.91649 19.95416 0.0815
55067.96099 19.94227 0.07489
55069.90324 19.85308 0.05319
55069.94786 19.91555 0.06069
55080.87449 20.11381 0.11818
55080.95988 19.89606 0.19512
55084.86328 20.10377 0.09374
55087.85609 19.8911 0.05755
55087.90101 19.86753 0.0556
55088.96983 19.99616 0.0578
55089.01521 19.90932 0.06043
55089.94574 19.87734 0.0643
55089.99042 19.95901 0.06378
55093.83741 19.97293 0.05958
55093.88196 19.88451 0.05255
55096.8292 20.01306 0.06438
55097.00858 19.90478 0.07277
55104.99862 20.01934 0.09007
55107.79764 19.88266 0.12088
55114.88125 19.88997 0.07293
55119.89538 19.90819 0.06999
55119.95365 19.97206 0.08166
55123.75696 19.89479 0.05849
55123.81523 19.90614 0.06312
55126.97957 20.16465 0.09132
55127.83329 19.98378 0.06783
55127.87706 19.79277 0.09502
55135.82555 19.66998 0.13346
55135.86926 19.96527 0.1527
55138.71472 20.18956 0.14768
55138.75871 20.00986 0.19345
55142.7036 19.96427 0.06809
55142.75219 20.08063 0.08087
55144.77886 20.00655 0.06806
55144.82305 19.94424 0.07549
55151.72943 19.97682 0.07944
55151.77257 19.93331 0.07661
55166.70473 19.96596 0.16407
55168.63378 20.07537 0.1337
55168.6775 19.90076 0.10636
55175.61224 19.89635 0.06499
55175.65684 20.16635 0.07371
55181.59421 19.91733 0.09518
55181.63825 19.94298 0.08487
55183.59204 19.93731 0.13939
55183.64253 19.91152 0.09142
55189.62557 20.12755 0.08962
55194.59026 19.89155 0.15234
55199.58559 19.83192 0.0783
55202.58667 19.93835 0.07704
55203.71441 19.85197 0.07639
55203.75743 20.00693 0.08274
55207.63092 19.76531 0.06879
55207.67514 19.8679 0.06095
55209.5968 19.8744 0.05667
55209.64149 19.79317 0.0546
55213.63312 19.93371 0.08314
55213.6798 19.78163 0.07956
55377.85123 20.00133 0.15261
55377.89535 19.87152 0.12541
55379.8591 19.79024 0.10717
55379.92482 19.94307 0.09309
55380.92078 19.73159 0.1061
55381.89606 19.96537 0.10549
55381.93934 19.86667 0.07232
55384.82671 19.81895 0.07867
55384.87028 19.93698 0.069
55385.87021 19.78444 0.06422
55385.91339 19.90175 0.05742
55386.86524 19.9069 0.0703
55386.90867 20.01642 0.06887
55387.87002 19.82523 0.07148
55387.91342 19.91182 0.06184
55388.86609 19.96211 0.0894
55388.91005 19.91667 0.06473
55390.80957 19.89503 0.10877
55390.85393 19.90043 0.0791
55391.87538 19.78318 0.06183
55392.83258 19.84974 0.08587
55392.87538 19.85807 0.07278
55394.79908 19.96573 0.10831
55394.8431 19.86856 0.07601
55395.79551 19.98389 0.10815
55395.84215 19.67112 0.07071
55396.79527 20.18075 0.12121
55396.83932 19.88261 0.07467
55397.79163 20.06537 0.12932
55397.83526 19.93567 0.07623
55398.83124 19.83174 0.11511
55399.78802 20.2558 0.13834
55399.83261 19.93057 0.10737
55400.78534 20.17994 0.17827
55400.8289 20.02474 0.09535
55404.84266 20.01188 0.16825
55407.83003 19.9277 0.12724
55411.79896 20.14958 0.1074
55412.75232 19.84169 0.13626
55412.79539 20.04406 0.11631
55413.79945 20.02521 0.10803
55414.75161 19.88047 0.12441
55414.79555 19.97148 0.0943
55415.75266 19.61316 0.15589
55415.79727 19.81471 0.11103
55416.75096 20.30256 0.14018
55416.79342 20.16289 0.13392
55417.75979 19.80622 0.13825
55417.84511 19.816 0.10166
55418.79843 19.82108 0.13206
55418.84121 20.19281 0.12415
55419.75121 20.2757 0.15053
55419.79504 20.0137 0.09689
55420.78929 19.83413 0.11894
55420.83264 20.15084 0.152
55421.73664 19.92364 0.07624
55421.79901 19.9543 0.06311
55422.75115 19.96776 0.11006
55422.79487 19.9016 0.06423
55423.74742 19.79865 0.07435
55423.79284 19.84826 0.06188
55424.75349 20.09495 0.10816
55424.80178 20.031 0.07731
55425.76166 19.99812 0.10165
55425.80573 19.92153 0.06243
55426.80123 19.91883 0.08135
55426.8444 19.7936 0.05949
55427.79708 20.03689 0.08962
55427.8408 19.92965 0.06932
55428.79281 19.95434 0.08791
55428.83703 20.00782 0.07867
55429.8142 20.0975 0.10191
55429.85716 19.93197 0.08073
55430.75769 19.8053 0.1072
55430.80485 19.80949 0.09627
55431.75639 19.89336 0.12432
55431.80024 19.86964 0.11782
55432.73907 20.02153 0.20388
55432.78359 19.99593 0.1327
55434.73769 19.64383 0.17663
55436.88575 20.2837 0.1333
55436.88891 20.04354 0.11217
55436.8919 20.10024 0.10987
55436.89501 19.94826 0.12417
55436.89797 20.04187 0.12808
55436.90109 19.99053 0.14026
55436.90728 19.81007 0.11979
55436.91041 19.96999 0.12138
55436.91351 19.97828 0.11459
55436.91641 20.11142 0.12479
55436.91931 20.02005 0.15026
55436.92221 19.88136 0.10891
55436.92514 20.28908 0.12001
55436.92806 19.88573 0.11248
55436.93096 20.17485 0.12527
55436.93413 19.90042 0.12776
55436.94297 20.01006 0.11348
55436.94613 19.97203 0.12407
55436.94915 20.08718 0.12458
55436.95231 20.00546 0.1188
55436.9553 20.14551 0.11487
55436.96116 20.10071 0.17435
55436.96403 20.25777 0.12506
55436.96671 20.08237 0.12847
55438.88857 19.85696 0.08998
55438.89169 20.26905 0.12477
55438.89485 20.07278 0.09421
55438.89798 20.19765 0.11657
55438.90086 19.6486 0.0989
55438.90371 20.04339 0.12546
55438.9065 20.13535 0.10779
55438.90927 19.89592 0.09648
55438.91204 20.05729 0.11897
55438.91487 20.12538 0.1097
55438.91763 20.11336 0.10489
55438.92084 19.98215 0.11488
55438.92672 20.13713 0.12227
55438.92954 20.16329 0.13576
55438.93259 20.15604 0.1309
55438.93551 19.90464 0.12628
55438.93833 20.12948 0.1109
55438.94106 19.90238 0.13587
55438.94411 19.96691 0.1279
55438.94678 19.8867 0.12697
55438.95017 19.82969 0.10287
55438.95913 20.02248 0.09069
55438.96141 20.07085 0.0968
55440.87507 19.91466 0.07831
55440.87823 19.8764 0.0649
55440.88428 19.87057 0.06171
55440.88675 19.98074 0.07173
55440.8894 19.96252 0.06632
55440.89205 19.96665 0.07276
55440.89518 19.91585 0.06337
55440.89832 19.73142 0.06279
55440.90145 19.98684 0.07505
55440.90439 19.96692 0.0807
55440.90729 19.88313 0.06072
55440.91025 19.80146 0.06183
55440.91316 20.07216 0.07168
55440.91591 19.77997 0.0681
55440.9187 19.8678 0.06558
55440.92149 19.81386 0.07447
55440.92426 19.86317 0.07327
55440.93095 19.9241 0.07048
55440.93364 20.02415 0.07301
55440.93623 20.08049 0.08117
55440.9395 19.7756 0.06946
55440.94264 19.87929 0.06474
55440.94582 19.78135 0.06696
55440.94883 19.85388 0.06756
55440.95182 19.95325 0.07308
55440.95489 20.11419 0.07664
55440.95791 20.02202 0.07277
55441.87301 19.89631 0.06322
55441.87592 19.72822 0.05089
55441.88645 19.88654 0.05945
55441.88962 19.7916 0.05196
55441.89254 19.84842 0.06471
55441.89542 19.82689 0.05814
55441.89828 19.85566 0.06383
55441.90107 19.87165 0.0574
55441.9037 19.9728 0.05649
55441.90634 19.93998 0.06488
55441.90906 19.96308 0.05581
55441.9118 19.74687 0.0529
55441.91445 19.88527 0.06124
55441.91722 19.87516 0.05829
55441.91981 19.92331 0.07059
55441.92242 19.75422 0.05897
55441.92546 20.02676 0.06083
55441.9281 19.90873 0.05508
55441.93183 19.78311 0.05764
55441.93458 19.88655 0.06633
55441.93727 19.89431 0.05802
55441.94048 19.8992 0.06076
55441.94326 19.98216 0.062
55441.94546 19.96489 0.06457
55441.94852 20.0151 0.06014
55441.95194 19.91874 0.06015
55441.95469 19.95484 0.06212
55441.95786 19.86989 0.05885
55441.96081 19.94453 0.05467
55441.96392 19.91095 0.06266
55441.96715 19.87829 0.05793
55441.97012 19.85794 0.05568
55441.97294 19.93246 0.06129
55441.97532 19.86507 0.0584
55441.97757 19.86042 0.06014
55441.9798 19.83562 0.06158
55441.9835 19.92245 0.06112
55441.9863 19.84149 0.06531
55441.98852 19.98298 0.07291
55441.99078 19.76892 0.06171
55441.99382 19.93951 0.06642
55442.00593 19.9597 0.06873
55442.00906 19.91649 0.07492
55442.01216 19.90763 0.07222
55442.01486 20.08794 0.08412
55442.01753 20.15615 0.1005
55442.02001 20.12346 0.12279
55442.70382 19.98119 0.07834
55442.70734 19.84739 0.07934
55442.71097 20.04405 0.08127
55442.71448 19.86088 0.0716
55442.71808 19.95228 0.07629
55442.72168 19.88344 0.06943
55442.72527 19.93771 0.06778
55442.73272 19.93837 0.07204
55442.74184 19.83005 0.06786
55442.74882 19.82708 0.06545
55442.75572 19.96677 0.06684
55442.76147 19.98253 0.06719
55442.76615 19.83797 0.0647
55442.77616 19.87922 0.06805
55442.78135 19.96815 0.07366
55442.78615 19.85993 0.0626
55442.79145 19.93703 0.06487
55442.79615 19.87831 0.06198
55442.80186 19.91359 0.06755
55442.8093 19.93155 0.05866
55442.81443 19.96065 0.06339
55442.81939 19.90461 0.06293
55442.82447 19.9176 0.06659
55442.8293 19.81575 0.05526
55442.83541 19.93666 0.06454
55442.84012 19.92339 0.0617
55442.84597 19.93646 0.0646
55442.85112 19.94917 0.06492
55442.85657 19.95617 0.06162
55442.86387 19.87651 0.06304
55442.87002 19.80965 0.05961
55442.87503 19.8897 0.07035
55442.88048 19.92815 0.06014
55442.88617 19.88618 0.06032
55442.89221 19.94342 0.06125
55442.89785 19.87934 0.0599
55442.90297 19.98408 0.06226
55442.90871 19.99344 0.06311
55442.91368 19.98197 0.0651
55442.91875 20.00611 0.06422
55442.92384 19.89169 0.06488
55442.93037 19.9631 0.07281
55442.93642 19.87585 0.06158
55442.94588 19.88394 0.06598
55442.95166 19.91603 0.06285
55442.95754 19.93596 0.06514
55442.96246 20.07068 0.0743
55442.96833 19.9918 0.07024
55442.97317 20.05064 0.06628
55442.97782 19.97411 0.06703
55442.98206 19.90935 0.05998
55442.9872 19.92725 0.06225
55442.99348 19.98762 0.06965
55442.99858 19.93948 0.06194
55443.00329 19.94217 0.06356
55443.01002 19.91674 0.06519
55443.01702 20.11858 0.0905
55443.02387 20.00105 0.13507
55443.67742 19.85236 0.09669
55443.68488 19.86377 0.11236
55443.69287 20.07608 0.08976
55443.70415 20.21954 0.11568
55443.71028 20.03531 0.0894
55443.71632 19.86408 0.07427
55443.72231 19.74952 0.08139
55443.72832 19.95986 0.06971
55443.736 20.09152 0.07787
55443.74306 19.86798 0.06209
55443.74812 20.01563 0.06759
55443.75372 19.86831 0.0647
55443.75946 19.9333 0.06613
55443.76526 19.94835 0.08008
55443.77007 19.83973 0.06602
55443.78027 19.76102 0.08788
55443.78539 19.91996 0.0656
55443.79156 19.92057 0.06231
55443.79717 19.90081 0.055
55443.80302 19.91965 0.0652
55443.80895 19.93914 0.07859
55443.81493 20.03255 0.06534
55443.8204 19.84571 0.08059
55443.82634 19.8289 0.05535
55443.83239 19.87091 0.06192
55443.83783 19.931 0.05393
55443.84415 19.98641 0.06022
55443.84958 19.89114 0.05687
55443.85553 19.82561 0.05793
55443.86252 19.98463 0.05763
55443.87576 19.88133 0.05377
55443.88141 20.04985 0.06261
55443.88892 19.80214 0.05605
55443.89412 19.95038 0.06543
55443.90077 19.91812 0.07158
55443.90658 20.09478 0.06364
55443.91235 19.95949 0.05943
55443.91779 19.8103 0.06578
55443.92403 19.91123 0.06625
55443.92967 19.72834 0.05952
55443.93496 20.08709 0.07103
55443.94073 19.86106 0.06281
55443.94779 20.00681 0.06552
55443.95355 19.90768 0.057
55443.95925 20.07847 0.0778
55443.9693 19.7581 0.07315
55443.97555 19.91043 0.06419
55443.98144 19.95153 0.07042
55443.98725 20.11604 0.08724
55443.99456 20.00275 0.0736
55444.00093 20.01385 0.06838
55444.0061 20.01757 0.06603
55444.01187 19.8124 0.06841
55444.0175 19.98155 0.08481
55444.02231 20.13532 0.12238
55444.66648 20.11792 0.11511
55444.67221 20.15379 0.13027
55444.67727 19.85303 0.09778
55444.68857 20.18108 0.09297
55444.69526 19.99595 0.11099
55444.70198 19.84516 0.0859
55444.7091 20.04637 0.10667
55444.71487 20.09228 0.08967
55444.72103 19.97556 0.07662
55444.72796 19.67123 0.09624
55444.73377 19.86535 0.0708
55444.74094 19.72642 0.07969
55444.74655 19.94902 0.07452
55444.75167 19.81519 0.06151
55444.75678 19.89087 0.06958
55444.76225 19.8496 0.0662
55444.7673 19.90605 0.0648
55444.77353 19.8939 0.07998
55444.77876 19.94944 0.06391
55444.78368 19.95339 0.06463
55444.79848 19.91187 0.0637
55444.80403 19.94789 0.06
55444.81599 19.90922 0.06489
55444.8213 19.62695 0.06519
55444.83332 19.872 0.06673
55444.83854 19.93976 0.06091
55444.84549 19.95233 0.0629
55444.85161 19.9673 0.07263
55444.85679 19.97239 0.06712
55444.86267 19.87617 0.072
55444.86777 19.74197 0.08068
55444.87321 19.97132 0.05824
55444.87872 19.94714 0.0685
55444.88467 19.81612 0.05505
55444.89016 19.92731 0.07821
55444.89581 20.14249 0.10028
55444.90153 19.91005 0.05503
55444.90845 19.80032 0.06908
55444.91349 19.86579 0.06611
55444.92279 19.98351 0.05811
55444.93139 19.75833 0.06042
55444.94041 19.88714 0.05719
55444.94568 19.84469 0.06061
55444.951 19.79559 0.06732
55444.95724 19.81235 0.06089
55444.96289 19.98621 0.0629
55444.96923 19.83145 0.06002
55444.97411 19.86735 0.07089
55444.98062 19.8013 0.06319
55444.98915 19.85647 0.06499
55444.99553 19.98669 0.06459
55445.00157 20.07018 0.0741
55445.00779 20.00198 0.06428
55445.01282 20.14538 0.08438
55445.01777 19.98341 0.11357
55445.02227 19.92286 0.11007
55445.66749 20.00341 0.09963
55445.67244 19.98275 0.09277
55445.67731 20.20748 0.09579
55445.68422 20.13656 0.0886
55445.6905 20.09227 0.08318
55445.69681 19.91621 0.07281
55445.70294 20.05482 0.08271
55445.70921 19.74302 0.0768
55445.71534 19.98812 0.08982
55445.72141 19.79311 0.09812
55445.72791 20.03424 0.07701
55445.73457 19.98533 0.07782
55445.74013 19.92266 0.06391
55445.7456 19.90557 0.0876
55445.75096 19.80559 0.0821
55445.75643 19.92176 0.0663
55445.76191 19.90305 0.08069
55445.76784 19.8578 0.05951
55445.7737 19.78223 0.05839
55445.779 20.04405 0.06991
55445.78479 19.75721 0.05542
55445.79025 20.05291 0.06589
55445.79613 19.76391 0.05195
55445.81095 19.75878 0.0662
55445.81845 19.78122 0.04934
55445.82455 19.88872 0.05232
55445.83024 19.84241 0.05361
55445.84021 19.72288 0.05265
55445.84549 19.95164 0.05306
55445.85174 19.98347 0.05603
55445.85762 19.93452 0.05227
55445.8636 19.96741 0.05536
55445.86963 20.01107 0.05866
55445.87567 19.87088 0.04932
55445.88207 19.94985 0.05271
55445.88844 19.89926 0.05483
55445.89432 19.91301 0.06092
55445.89983 19.86485 0.0486
55445.90668 19.91664 0.04859
55445.91299 19.98009 0.05224
55445.91722 19.97801 0.0565
55445.92351 19.94442 0.0509
55445.92915 19.90451 0.0538
55445.93496 19.86657 0.04913
55445.94048 19.99519 0.05345
55445.95216 19.94492 0.05704
55445.95886 20.03528 0.05752
55445.97191 19.9306 0.05194
55445.97872 19.87422 0.05206
55445.98437 19.88734 0.0548
55445.98972 19.90837 0.05251
55445.99581 19.88045 0.05463
55446.00245 19.92222 0.06162
55446.00827 19.80946 0.0598
55446.01324 19.89078 0.05702
55446.01787 19.859 0.07473
55446.0233 20.12047 0.10418
55446.66046 20.1613 0.1055
55446.66501 20.17767 0.1008
55446.67089 19.93258 0.0886
55446.67601 19.95625 0.09157
55446.6814 19.81824 0.10552
55446.68915 19.89851 0.0769
55446.70044 19.84173 0.08422
55446.70781 19.97092 0.09409
55446.71375 19.88348 0.07838
55446.71998 19.86656 0.08746
55446.7269 19.86214 0.07082
55446.73768 19.83189 0.06934
55446.74263 19.815 0.0635
55446.74841 19.94082 0.0785
55446.75986 19.83788 0.06732
55446.76487 19.8227 0.06299
55446.77004 19.95609 0.06032
55446.77518 19.92322 0.0586
55446.78018 19.89655 0.05723
55446.78654 19.78934 0.05684
55446.79243 19.83783 0.05009
55446.79818 19.88664 0.06491
55446.80822 19.83498 0.06513
55446.81336 19.83941 0.05073
55446.81934 19.78267 0.05535
55446.82569 19.89509 0.05492
55446.83186 19.86234 0.05303
55446.83803 19.93197 0.06056
55446.84316 19.82109 0.05148
55446.84946 19.88662 0.05175
55446.85529 19.89873 0.06462
55446.86132 19.9056 0.06162
55446.86741 19.84342 0.05471
55446.87321 19.91617 0.0545
55446.87945 19.8685 0.05188
55446.88583 19.92867 0.05426
55446.89176 19.83932 0.0511
55446.89901 19.75122 0.05911
55446.90569 19.95308 0.0593
55446.91293 19.83092 0.05247
55446.91958 19.88888 0.05325
55446.92538 19.82695 0.05029
55446.93113 19.94759 0.05395
55446.93686 19.90378 0.05226
55446.94237 19.80281 0.05991
55446.94842 19.80904 0.04638
55446.95451 19.9578 0.05265
55446.96034 19.91066 0.05151
55446.96641 19.93058 0.05487
55446.97287 19.87109 0.05413
55446.97827 20.00348 0.06023
55446.98464 19.93268 0.05543
55446.99026 19.9497 0.05685
55446.99646 19.83444 0.05393
55447.00329 19.88434 0.05805
55447.02248 20.03533 0.10198
55448.00377 19.9449 0.05661
55448.70146 20.13647 0.12058
55449.82958 19.86038 0.06306
55449.87259 19.87671 0.05732
55450.82585 19.85199 0.0589
55450.86998 19.79707 0.0543
55451.65338 20.01103 0.095
55451.70095 19.90549 0.08714
55452.64792 19.62994 0.08573
55452.69243 19.92598 0.07547
55453.64519 19.84968 0.12369
55453.6895 19.89026 0.07223
55454.64058 20.02551 0.1122
55454.68793 20.30017 0.11126
55455.63923 19.72739 0.14117
55455.7154 19.96966 0.10468
55456.63346 20.114 0.12241
55456.67702 19.88951 0.09297
55457.63067 19.69324 0.1407
55457.6732 20.05573 0.10822
55458.66069 20.30749 0.1158
55458.7057 19.98369 0.13737
55460.63624 20.03988 0.13128
55460.72453 19.92483 0.11498
55461.67649 20.00902 0.13927
55462.76573 19.64292 0.13918
55462.80848 19.77611 0.12089
55463.71104 19.83032 0.13337
55466.61784 20.07964 0.17424
55466.61959 19.99047 0.12805
55466.62134 19.97438 0.10547
55466.6231 20.0311 0.11316
55466.62486 19.84302 0.12047
55466.62661 20.14379 0.10647
55466.62943 20.01581 0.10339
55466.63143 19.99423 0.10657
55466.63348 20.05181 0.13596
55466.67604 20.09358 0.18016
55467.62749 20.07655 0.10183
55468.7394 19.85683 0.07065
55468.78277 20.05566 0.09876
55469.73472 19.93688 0.10229
55470.77885 19.88517 0.15226
55470.82246 19.72873 0.07721
55471.77466 19.82943 0.05089
55471.82993 19.97208 0.08233
55472.62548 19.90654 0.07999
55472.66936 19.89368 0.07443
55473.62096 19.89558 0.10356
55477.66775 19.84193 0.06453
55477.71276 19.86042 0.08111
55478.62384 19.83926 0.08639
55478.66775 19.93074 0.08399
55479.61565 19.94656 0.1023
55479.65968 19.90006 0.07312
55480.61506 19.89482 0.09127
55480.65805 19.95797 0.07699
55481.61182 20.02233 0.091
55481.69382 19.96078 0.061
55482.61769 19.99781 0.11576
55482.66188 19.98014 0.0765
55482.67843 19.89544 0.06772
55483.61039 20.04551 0.09212
55483.66512 19.94401 0.08557
55484.66377 19.82576 0.07473
55484.70695 19.95584 0.07984
55485.61939 19.96155 0.09525
55485.66329 19.98558 0.09008
55486.61418 19.89589 0.15557
55486.658 19.63437 0.14743
55497.84041 20.18751 0.13338
55497.89223 19.87589 0.12909
55498.71756 19.89432 0.06106
55498.79 20.02841 0.08845
55499.59404 19.75982 0.09418
55499.63881 19.88408 0.07179
55501.66259 20.10668 0.08296
55501.75706 19.95769 0.0762
55502.72145 20.01439 0.06923
55502.82148 20.15072 0.12681
55503.77762 19.93408 0.08088
55503.8732 20.01091 0.09732
55504.82418 19.83682 0.06954
55504.91868 19.87478 0.08749
55506.68972 19.87683 0.09607
55506.73387 19.80934 0.05975
55507.81368 19.88377 0.09191
55507.89267 20.0125 0.10499
55513.658 19.96808 0.07878
55513.7418 20.05361 0.07788
55514.69377 19.89368 0.09458
55514.73749 19.68017 0.09419
55515.69951 20.06237 0.0925
55515.74236 20.10044 0.09966
55516.67238 20.14768 0.11695
55516.71654 19.85866 0.11475
55517.61497 20.26188 0.112
55517.6584 19.94223 0.13006
55518.61481 19.95912 0.14529
55518.6578 20.14842 0.19545
55527.74242 19.82559 0.09448
55530.70615 19.64568 0.10481
55530.75072 19.99862 0.13153
55531.77418 20.08038 0.09417
55531.81743 19.80407 0.14064
55532.78408 19.86506 0.07085
55532.82836 19.98058 0.08652
55535.68432 19.863 0.06639
55537.58157 19.84575 0.12668
55537.62557 19.87179 0.07173
55538.57995 19.8544 0.07759
55538.62381 19.97984 0.0667
55539.58012 19.99835 0.07632
55539.62283 19.82715 0.0627
55540.61811 19.98679 0.06918
55540.66215 19.97002 0.06567
55541.61644 20.13662 0.08203
55541.65945 20.04286 0.09614
55544.59603 20.04887 0.09255
55544.64191 19.81647 0.08921
55545.59598 19.68123 0.10521
55545.63939 19.7942 0.09901
55558.75663 19.82252 0.07791
55559.7264 19.82939 0.15441
55561.73304 20.02211 0.1186
55567.59621 20.02934 0.07123
55575.6386 19.69336 0.12751
55577.63849 19.90138 0.17188
55579.61368 20.09436 0.12728
55579.65687 19.96424 0.12148
55580.66998 20.22272 0.12846
55583.61703 19.73969 0.07788
55583.66119 19.87199 0.11947
55584.63985 20.00775 0.06981
55584.68286 19.90744 0.11416
55586.61685 19.83804 0.06659
55586.66038 19.97235 0.08201
55722.89872 20.00159 0.13197
55723.91976 20.01335 0.10538
55723.9634 19.82776 0.08297
55733.86776 19.87935 0.11382
55733.91212 19.90116 0.10752
55750.83279 20.02012 0.09335
55750.87598 19.89848 0.08113
55753.86132 20.10742 0.142
55756.93392 20.30684 0.13984
55759.84878 20.05662 0.14887
55759.89212 19.7767 0.12237
55762.8402 20.03097 0.14282
55766.7805 20.21036 0.11918
55766.83041 19.87606 0.08632
55768.77509 19.94656 0.12156
55768.82037 19.85802 0.09649
55769.80074 19.96227 0.08987
55769.84468 19.91493 0.08548
55770.78189 19.82927 0.08501
55770.82573 20.03127 0.08924
55771.78074 19.87058 0.0928
55771.82449 19.85372 0.07692
55774.75968 19.92454 0.10606
55774.80363 20.19407 0.0841
55779.7464 19.95198 0.10703
55779.79086 20.03543 0.08589
55780.74948 19.7573 0.12966
55780.79415 19.86428 0.08268
55782.7508 19.92868 0.14904
55782.7956 19.78053 0.10433
55790.73125 19.71633 0.17293
55790.77463 20.0048 0.12265
55791.77527 20.10397 0.1334
55793.74743 19.96401 0.14217
55793.79097 20.32068 0.12429
55794.75972 19.94301 0.08419
55794.81629 19.81274 0.12832
55809.7101 20.15717 0.11719
55811.7042 20.07313 0.1256
55812.65876 19.74735 0.13378
55812.70198 20.1857 0.12948
55813.70671 19.9569 0.1186
55820.63925 20.23866 0.14597
55821.63464 19.82749 0.10429
55822.63132 20.3105 0.13348
55822.67415 19.8699 0.0854
55823.62908 20.1601 0.11946
55823.67275 19.96951 0.09506
55824.6697 19.86028 0.10638
55838.65944 19.86787 0.11749
55842.66208 19.65901 0.14787
55843.65444 20.00364 0.19885
55844.65374 19.60122 0.15
55849.60547 19.9312 0.12929
55849.65079 19.94334 0.12754
55850.60468 20.07171 0.09229
55850.64918 20.00011 0.094
55851.60318 19.9563 0.09042
55851.64641 19.977 0.07283
55852.60416 19.83807 0.08875
55852.6481 20.00607 0.07953
55853.60163 19.62956 0.09788
55853.6463 19.81296 0.08896
55854.60164 19.94745 0.09006
55854.64607 20.05505 0.07863
55866.5884 20.16546 0.11676
55866.64679 20.04572 0.10678
55867.58757 19.97667 0.14666
55867.63053 20.24918 0.13527
55868.5865 20.32412 0.1305
55868.63002 20.23978 0.1073
55880.87841 19.87842 0.15795
55882.86968 20.15227 0.10742
55882.87146 19.92052 0.1073
55882.91495 19.9754 0.1135
55883.86679 20.02067 0.11444
55887.63181 19.95389 0.07626
55887.68352 19.8564 0.08236
55888.8957 19.94557 0.17947
55889.80049 20.02052 0.06903
55889.84447 19.9986 0.10368
55891.57974 19.93268 0.12617
55891.6225 20.0497 0.0822
55893.58261 20.00462 0.09161
55893.62546 19.98117 0.08899
55894.58144 19.91397 0.09935
55896.58202 20.02398 0.14379
55898.82137 19.88375 0.15167
55898.86551 19.86186 0.14718
55902.58519 20.08163 0.15668
55902.64414 19.8677 0.1498
55903.58342 19.68339 0.158
55903.62024 20.21777 0.12726
55906.58378 19.94548 0.1396
55906.64029 19.98451 0.13002
55916.59575 19.92436 0.08972
55916.64026 19.94311 0.0802
55922.6423 19.99956 0.09063
55923.59751 20.2079 0.1043
55923.64145 20.16644 0.09017
55924.60837 19.9081 0.09652
55925.59941 20.37327 0.12406
55925.67897 20.14872 0.07788
55926.58279 20.0206 0.09766
55926.62543 19.85917 0.07761
55930.58585 19.77372 0.12511
55930.62499 19.81685 0.15978
55931.58458 20.32298 0.13102
55931.62692 20.06265 0.14401
55932.62858 20.11703 0.12371
55936.60917 19.88555 0.10693
55936.65247 19.9025 0.12105
55937.58951 20.07915 0.10197
55939.64879 19.96334 0.08802
55943.69972 19.97875 0.08611
55943.74446 19.97538 0.13597
55944.64379 19.84519 0.07181
55944.67224 20.10735 0.11138
55947.59349 20.10426 0.11263
55949.64923 20.11274 0.08782
55952.60617 20.01599 0.0955
55952.64932 19.71611 0.11379
55953.59751 19.94615 0.13616
55953.64127 20.00039 0.11568
55954.64157 19.8906 0.1201
55958.61566 20.02814 0.12749
55958.67117 19.86464 0.10791
55959.64574 19.73224 0.17338
55962.61935 20.01639 0.12857
56061.96903 20.06347 0.15339
56067.96802 19.84775 0.12189
56070.97101 19.7932 0.1353
56075.93073 19.96591 0.13097
56075.96117 19.86221 0.09936
56076.96161 20.21737 0.11215
56078.92335 20.17852 0.13501
56078.95394 19.62847 0.1319
56079.91957 20.10654 0.14648
56079.94994 19.8469 0.09308
56079.97946 19.94283 0.15341
56084.95914 20.1388 0.14989
56085.9661 20.04364 0.1269
56086.9317 19.81868 0.1073
56086.96186 19.95425 0.13628
56087.95118 19.94527 0.13799
56088.93216 19.90178 0.14877
56088.96298 19.78205 0.09739
56089.90743 19.99884 0.13595
56089.9375 19.84496 0.11756
56091.93224 20.21917 0.17354
56091.96189 20.06606 0.14245
56092.88532 20.35961 0.13426
56092.91513 20.15323 0.11646
56092.94551 20.25701 0.11768
56093.88544 20.23829 0.17299
56093.91605 20.14595 0.11739
56093.95942 19.98494 0.11129
56094.8793 20.03756 0.12951
56094.90895 20.30945 0.12582
56094.93794 19.80229 0.10239
56095.92394 19.71077 0.1233
56095.95378 19.99219 0.09562
56096.8846 20.30347 0.12389
56096.91464 20.01919 0.10781
56096.94475 19.858 0.09817
56097.90204 20.02975 0.10148
56099.86796 19.98952 0.13337
56099.8979 19.89875 0.07729
56099.92867 19.88311 0.06987
56100.87134 19.97591 0.13367
56100.9014 19.95776 0.15604
56100.93113 19.96663 0.10786
56101.89166 20.06996 0.16528
56101.92164 19.79703 0.11216
56102.85884 19.9511 0.10102
56102.88948 20.14127 0.09081
56102.91975 19.88009 0.08487
56103.89198 19.68958 0.1108
56103.92203 19.8827 0.11598
56104.86298 19.94667 0.10589
56104.89266 19.87057 0.10318
56104.92258 20.09411 0.11667
56105.87772 19.72492 0.10326
56105.90846 20.15634 0.09779
56105.93782 19.81816 0.07948
56106.84826 19.96379 0.0997
56106.87859 20.15749 0.12764
56106.90907 19.75377 0.07729
56107.87579 20.05844 0.10757
56107.90655 19.7379 0.07777
56108.92686 20.01741 0.09668
56109.93363 20.18821 0.11828
56110.92786 19.93702 0.1209
56111.91431 20.32389 0.16339
56111.94457 19.87731 0.1327
56113.8878 20.08268 0.16647
56113.93235 20.21511 0.15368
56113.96218 20.19787 0.13848
56114.87108 20.25391 0.16646
56114.92357 20.20345 0.18987
56114.95378 20.03785 0.11978
56115.9179 19.89783 0.13188
56116.93261 20.0525 0.11858
56116.96078 19.99795 0.14309
56117.89333 19.98984 0.11059
56117.92405 20.19938 0.117
56118.85812 19.70027 0.15689
56118.8884 20.21235 0.12309
56120.95573 20.3111 0.13964
56123.80269 20.231 0.1179
56123.8333 19.90335 0.08869
56123.86323 19.92577 0.08142
56124.8239 20.10214 0.10539
56124.85579 20.23072 0.13751
56124.90647 20.01 0.11936
56125.83541 19.87375 0.10606
56125.8655 20.15211 0.10018
56125.89611 19.79387 0.09567
56126.79674 19.87138 0.11654
56126.82683 19.93643 0.1612
56127.84219 19.75415 0.08441
56127.87262 20.00533 0.08887
56128.79045 20.35036 0.18331
56128.8202 20.01769 0.0819
56128.8509 20.00695 0.07341
56129.81763 19.99202 0.09839
56129.84839 20.14572 0.10276
56130.78415 20.04329 0.14458
56130.81619 20.21951 0.12918
56130.84603 19.87617 0.11122
56131.81956 20.03078 0.0919
56131.84966 19.97031 0.08972
56131.87991 19.81774 0.07882
56132.81342 20.03199 0.08628
56132.85526 19.97405 0.07732
56133.77702 19.97873 0.10408
56133.80732 19.86925 0.10715
56133.83817 19.84034 0.08238
56135.77548 19.85649 0.12358
56135.80558 19.78658 0.09227
56135.8357 19.64082 0.06689
56136.78168 20.03391 0.11258
56136.81139 19.96903 0.12757
56136.84105 19.7743 0.09612
56137.77719 19.92873 0.14317
56137.84943 19.9085 0.134
56143.81202 20.08208 0.12356
56144.82138 20.09883 0.10798
56146.83591 20.09418 0.12627
56147.75046 19.94282 0.12216
56147.78019 19.78557 0.16776
56147.81614 20.08177 0.12164
56148.73743 19.80472 0.1212
56148.76798 20.06559 0.09778
56148.79928 19.91371 0.09799
56151.84315 19.83731 0.05744
56151.87618 19.87399 0.05403
56151.91621 19.91887 0.05477
56164.86055 19.98631 0.05239
56164.89061 19.94088 0.04825
56164.92052 19.88672 0.04699
56165.82275 19.85352 0.06767
56165.85221 19.91712 0.05691
56165.88255 19.79332 0.0573
56166.78411 20.05804 0.09189
56166.82415 19.89215 0.0693
56166.85436 19.8322 0.06781
56167.76082 20.07039 0.10607
56167.79008 19.88691 0.09387
56167.82893 19.8139 0.077
56168.73084 20.0074 0.12439
56168.76135 19.96957 0.09643
56168.79094 19.89795 0.09252
56169.73488 19.74252 0.17498
56169.78208 20.07684 0.10938
56170.76821 19.63432 0.1604
56176.74473 19.71576 0.1102
56176.77537 19.80638 0.11768
56177.67775 19.8583 0.08151
56177.71467 19.8219 0.0649
56177.7448 19.91303 0.09222
56178.7245 19.91843 0.06833
56178.75548 19.81474 0.06119
56189.71737 19.88557 0.07649
56189.74707 19.78812 0.06928
56194.65274 20.12874 0.15026
56194.68156 20.16923 0.11715
56194.73072 20.17951 0.08728
56195.63238 19.90819 0.14628
56195.68489 19.96746 0.11016
56195.74387 20.00684 0.12189
56196.64868 19.81819 0.11449
56196.67925 20.03261 0.11709
56196.70945 20.07258 0.11547
56197.62224 20.05821 0.1602
56197.68048 19.78714 0.15745
56202.70169 19.56661 0.12297
56207.71676 19.84067 0.0909
56207.82773 19.59446 0.13258
56224.69182 19.87533 0.13667
56225.74851 20.00652 0.11697
56225.84088 20.02145 0.10886
56227.72154 20.09914 0.13851
56227.75148 19.87216 0.16576
56228.67316 19.85914 0.11258
56228.71 20.1769 0.13588
56229.61202 20.19431 0.13732
56229.68338 20.1277 0.1272
56230.73676 19.654 0.1176
56231.86041 19.90849 0.13838
56232.82116 19.81932 0.1137
56233.75399 19.91942 0.09277
56233.78371 19.80094 0.13223
56234.68453 19.88614 0.08979
56234.71313 20.01751 0.09278
56235.61461 19.97817 0.08006
56235.64419 19.90713 0.06979
56236.58514 20.20614 0.14996
56236.61561 19.9006 0.11335
56237.58477 19.8294 0.09427
56237.61509 19.87723 0.07968
56238.58334 19.95891 0.10617
56238.61531 19.99248 0.07229
56239.58294 20.14365 0.10586
56239.61141 19.84326 0.07029
56251.83071 19.99661 0.07339
56251.86073 19.99829 0.08142
56252.58576 19.96725 0.08016
56252.60631 19.96726 0.07056
56252.62487 19.9785 0.08593
56252.64555 20.04392 0.0844
56252.66096 20.04236 0.08173
56252.69879 19.98112 0.06944
56252.71706 19.96735 0.07554
56252.73499 19.91214 0.06369
56252.75258 19.85007 0.07017
56252.76856 19.82303 0.07238
56252.78929 19.71487 0.09153
56252.80517 19.91848 0.084
56252.821 19.98785 0.08246
56252.83831 19.92996 0.08303
56252.85634 19.74346 0.06964
56253.58621 20.06048 0.09489
56253.60335 19.9182 0.09327
56253.62054 19.89414 0.10868
56253.63682 19.94914 0.08075
56253.6539 19.95077 0.09096
56253.6721 20.00175 0.11858
56253.70902 19.95838 0.09756
56253.7307 19.98364 0.09447
56253.75003 19.75614 0.11769
56253.76637 19.97032 0.13625
56253.78832 20.12797 0.10827
56253.82956 20.06463 0.09247
56253.85372 20.17674 0.10857
56254.74613 20.04655 0.09376
56254.77889 19.85044 0.13677
56255.68248 20.04589 0.11376
56255.7252 20.10537 0.14425
56256.62657 19.58735 0.11988
56256.6557 20.02303 0.10718
56257.58763 19.84237 0.12799
56257.64219 19.94139 0.13997
56258.61848 20.05884 0.12099
56259.62495 19.96557 0.13219
56265.629 19.98542 0.07519
56265.6592 19.9383 0.0766
56266.58222 19.83217 0.09577
56267.58751 19.94907 0.07719
56267.61751 20.02351 0.07503
56268.59364 19.898 0.07749
56268.62314 20.02367 0.06099
56269.58319 20.09012 0.08117
56269.58435 19.97466 0.05942
56269.58546 19.96475 0.0667
56269.58657 19.94925 0.06552
56269.58771 20.02709 0.06811
56269.58893 20.00303 0.07157
56269.59006 19.77308 0.06209
56269.59133 20.09992 0.0713
56269.59245 19.90793 0.06143
56269.59364 19.90272 0.06059
56269.59478 20.03284 0.06211
56269.596 20.00897 0.05654
56269.59713 19.89474 0.0641
56269.59843 19.76839 0.05581
56269.59956 19.88414 0.0573
56269.60977 20.09189 0.06642
56269.61093 19.95841 0.06541
56269.6121 19.89981 0.05753
56269.61321 20.08632 0.06601
56269.61434 19.92757 0.06694
56269.61547 19.98479 0.0687
56269.61659 20.01652 0.06001
56269.61773 19.98215 0.06521
56269.61884 19.94594 0.06453
56269.61995 19.85896 0.06082
56269.62115 19.9718 0.06273
56269.6223 20.05242 0.06154
56269.62343 20.00406 0.06431
56269.62457 19.97838 0.05729
56269.62569 19.88324 0.0602
56269.62688 19.93243 0.06163
56269.628 20.02996 0.06022
56269.6375 19.99568 0.06253
56269.63881 19.94683 0.0665
56269.64001 19.86661 0.062
56269.64114 19.82241 0.05523
56269.64226 19.88559 0.05663
56269.64337 20.01692 0.06001
56269.6445 19.95075 0.05661
56269.64562 20.05667 0.0601
56269.64675 20.03489 0.05884
56269.64789 19.98295 0.0596
56269.64905 19.87942 0.05164
56269.65017 19.89979 0.05364
56269.65129 19.91553 0.0545
56269.65247 20.00358 0.0592
56269.65359 19.97309 0.0596
56269.65585 19.99725 0.0569
56269.65698 20.00073 0.05504
56269.65819 20.00877 0.05898
56269.65932 20.00295 0.05711
56269.66055 19.88578 0.05602
56269.66167 20.06884 0.06222
56269.66279 19.94508 0.0605
56269.66393 19.94973 0.05455
56269.66595 19.8454 0.05433
56269.66717 19.73993 0.05342
56269.66829 19.93492 0.05749
56269.66952 19.98053 0.05733
56269.67184 20.00475 0.05851
56269.673 19.94272 0.0572
56269.67412 19.92231 0.05466
56269.67533 19.92639 0.05662
56269.67646 19.92497 0.05311
56269.6776 19.82209 0.05177
56269.67883 19.96974 0.05735
56269.67997 19.76899 0.0495
56269.6812 19.79673 0.05046
56269.68232 20.01149 0.05757
56269.68343 20.00802 0.05902
56269.68473 19.92197 0.05665
56269.68592 20.07326 0.06116
56269.68705 19.89675 0.05725
56269.68816 19.88248 0.05644
56269.68929 19.90309 0.05575
56269.69041 19.90958 0.05756
56269.69157 20.04381 0.05931
56269.69269 19.86282 0.05383
56269.69383 19.88144 0.05504
56269.69496 19.92015 0.05673
56269.69608 19.98859 0.05662
56269.69898 19.98907 0.05676
56269.70126 20.02644 0.06235
56269.70241 19.97887 0.05804
56269.70357 19.89466 0.05098
56269.70468 19.87304 0.05323
56269.70581 19.95293 0.06023
56269.70705 19.98672 0.06166
56269.70816 19.89823 0.05563
56269.70937 19.90433 0.05596
56269.7105 19.98083 0.05632
56269.71167 19.96025 0.06029
56269.7128 19.94088 0.05933
56269.71403 19.81403 0.05315
56269.71516 19.93131 0.05564
56269.7163 19.97871 0.06441
56269.72641 20.08336 0.07158
56269.72763 19.96212 0.05414
56269.72875 19.99248 0.05932
56269.72987 19.93434 0.05315
56269.731 19.90318 0.06392
56269.73213 19.88914 0.05932
56269.73326 19.89241 0.05811
56269.73438 19.90878 0.0621
56269.73557 20.02388 0.06221
56269.73682 19.86526 0.05724
56269.73796 19.82039 0.05614
56269.73911 19.96438 0.05839
56269.74036 19.88938 0.05613
56269.74147 19.91685 0.06051
56269.74272 19.99988 0.06334
56269.74391 19.95358 0.06271
56269.74502 19.99791 0.0623
56269.7462 19.96521 0.0605
56269.74734 19.93769 0.05948
56269.74846 19.93077 0.06072
56269.74961 19.86483 0.06291
56269.75074 20.01331 0.06013
56269.75201 19.94686 0.05834
56269.75316 19.97232 0.06268
56269.75429 19.89974 0.06218
56269.75553 19.98544 0.06069
56269.75665 20.081 0.0678
56269.75779 19.97932 0.06442
56269.75895 19.85491 0.06173
56269.76008 19.933 0.06802
56269.76123 19.89364 0.0645
56269.76235 19.90252 0.06012
56269.76348 19.91827 0.06121
56269.76459 19.85203 0.0611
56269.76573 19.91658 0.06328
56269.78036 20.03876 0.07428
56269.78151 19.8512 0.07848
56269.78271 19.98756 0.06608
56269.78391 20.08471 0.06806
56269.78511 20.14722 0.06949
56269.78751 19.88919 0.06419
56269.78876 20.00942 0.07107
56269.78989 19.93012 0.07619
56269.79108 20.01235 0.07171
56269.79227 19.92488 0.06661
56269.79356 20.01383 0.06827
56269.79478 19.81617 0.0649
56269.7959 20.10686 0.07669
56269.79701 20.05937 0.07579
56269.79816 19.93532 0.07439
56269.79928 19.89563 0.06409
56269.80041 19.91231 0.0654
56269.80156 19.95735 0.0643
56269.80276 19.96399 0.07051
56269.80404 20.07343 0.07159
56269.80517 19.87868 0.07041
56269.80638 19.93091 0.07088
56269.80752 20.2312 0.08067
56269.80866 19.97786 0.08318
56270.57931 20.20089 0.10999
56270.58058 19.94724 0.06622
56270.58188 19.89878 0.06037
56270.58305 20.05374 0.06593
56270.58429 19.91322 0.07688
56270.58556 20.05039 0.07293
56270.58671 19.9909 0.06502
56270.58798 19.84522 0.05897
56270.58926 19.90747 0.06014
56270.59051 19.9097 0.06122
56270.59176 19.88072 0.05784
56270.59301 19.95804 0.05965
56270.59588 19.95254 0.05924
56270.59719 19.93243 0.05564
56270.59846 19.88859 0.05377
56270.59973 19.94628 0.06435
56270.60101 19.96627 0.05937
56270.60229 20.07372 0.06535
56270.60361 20.02276 0.06066
56270.60484 19.88857 0.05685
56270.60617 19.99167 0.06387
56270.60733 19.94925 0.0582
56270.60868 19.94725 0.05967
56270.60993 19.95693 0.06036
56270.61121 20.04716 0.05964
56270.61244 19.82898 0.05368
56270.61368 19.91245 0.05475
56270.61481 20.11551 0.06299
56270.61593 19.81566 0.05411
56270.61713 19.92758 0.05496
56270.61835 19.92443 0.06505
56270.61963 19.89305 0.05289
56270.62082 19.97203 0.05985
56270.62212 19.9602 0.05619
56270.62324 19.95451 0.05417
56270.62438 19.93134 0.05623
56270.6255 19.91202 0.05708
56270.62668 19.86044 0.0738
56270.62781 19.9575 0.05944
56270.62895 20.13342 0.06575
56270.63017 19.99064 0.06084
56270.6313 19.92455 0.05448
56270.63259 19.91883 0.05559
56270.63372 19.88321 0.05097
56270.63484 19.88244 0.05544
56270.64581 19.99548 0.05876
56270.64713 19.96471 0.05794
56270.64825 19.88881 0.05571
56270.6495 19.91672 0.05683
56270.65082 20.03843 0.05984
56270.65222 19.87761 0.05641
56270.65336 19.904 0.05911
56270.6545 19.85482 0.05694
56270.65562 20.0428 0.06045
56270.65697 19.97721 0.06031
56270.65832 19.91096 0.05704
56270.65959 20.00559 0.06377
56270.66092 19.9369 0.06113
56270.66217 19.85601 0.06185
56270.66351 20.01899 0.06062
56270.66477 19.92903 0.05587
56270.67891 19.87112 0.06344
56270.68008 19.80876 0.05052
56270.68122 19.92367 0.05543
56270.68243 19.94075 0.05788
56270.68382 19.7954 0.05636
56270.68508 19.863 0.05445
56270.68653 19.84752 0.05622
56270.68784 19.93454 0.05944
56270.68912 19.94358 0.05667
56270.69114 19.89674 0.05729
56270.69232 19.90891 0.05491
56270.69365 19.96838 0.05482
56270.6948 19.96046 0.05441
56270.69617 19.99529 0.05951
56270.69746 19.88967 0.05566
56270.6986 19.9868 0.06038
56270.6999 19.96758 0.05765
56270.70121 19.92466 0.05853
56270.70235 19.98435 0.05865
56270.70349 19.82913 0.05776
56270.70482 19.83415 0.05559
56270.70613 19.90322 0.05939
56270.70726 19.92693 0.05904
56270.7086 19.91058 0.06234
56270.70972 19.97787 0.05993
56270.71103 19.90803 0.05516
56270.71235 19.87507 0.05332
56270.71347 19.99605 0.05786
56270.71481 20.06104 0.06135
56270.71608 19.9804 0.06051
56270.71722 20.05885 0.05962
56270.71853 19.96908 0.05686
56270.71967 19.97503 0.06034
56270.72098 19.95176 0.06489
56270.72302 20.08801 0.06611
56270.72439 20.02064 0.06058
56270.72553 19.98536 0.06189
56270.72665 19.99258 0.05886
56270.72793 19.8401 0.05571
56270.72927 19.84974 0.05357
56270.73043 20.03683 0.06453
56270.73161 19.97963 0.06168
56270.73292 19.99758 0.06284
56270.73506 19.84889 0.05624
56270.73622 19.96041 0.05425
56270.73753 19.89451 0.05924
56270.73887 20.02765 0.07353
56270.74001 20.05321 0.06292
56270.74126 20.09104 0.06671
56270.7424 20.02851 0.06169
56270.74369 19.92931 0.06269
56270.74498 19.9935 0.06033
56270.74609 19.96626 0.06085
56270.74744 19.92526 0.06293
56270.7486 20.05208 0.06951
56270.74995 20.05958 0.06093
56270.75121 20.08472 0.07152
56270.75241 19.88796 0.06176
56270.75372 19.94631 0.06003
56270.75502 19.82124 0.05534
56270.75706 19.95367 0.07135
56270.75826 19.98776 0.06127
56270.75948 19.87172 0.06174
56270.76078 20.00719 0.06682
56270.76208 19.99715 0.06318
56270.77223 20.00111 0.07022
56270.77464 19.98223 0.07039
56270.77775 19.9066 0.08235
56270.77887 19.88327 0.06664
56270.78012 19.75885 0.07346
56270.78147 20.01578 0.07252
56270.78273 19.87316 0.0715
56270.784 19.99552 0.07003
56270.78526 19.80312 0.0655
56270.78661 20.10699 0.0962
56270.78776 19.9492 0.06975
56270.7891 20.2712 0.0862
56270.79021 20.01974 0.07253
56270.79151 19.9972 0.07463
56270.7928 19.86725 0.07145
56270.79391 19.83419 0.08289
56270.79508 19.93582 0.08191
56270.79619 20.03248 0.08719
56270.7975 20.01667 0.07453
56270.79862 19.95086 0.07402
56270.79991 19.98386 0.08252
56270.80111 19.89112 0.07162
56270.80249 20.19604 0.0859
56270.80509 19.95665 0.07304
56270.80715 19.88984 0.07384
56270.80837 19.86377 0.08543
56270.80963 19.93421 0.07542
56271.71236 20.29966 0.09228
56271.74462 20.05209 0.10309
56272.64495 19.87954 0.08006
56272.7082 20.04359 0.09658
56273.60993 19.90144 0.07279
56273.63946 20.11076 0.08588
56281.58737 20.04828 0.11959
56281.61668 19.97766 0.14761
56282.58095 20.12883 0.09859
56282.61036 19.80443 0.10036
56282.62819 19.85025 0.0846
56297.58897 20.02578 0.08087
56297.59019 19.88375 0.06537
56297.5937 19.94855 0.06419
56297.59722 19.98985 0.06647
56297.59904 19.94026 0.06171
56297.60164 20.11325 0.07378
56297.60284 19.9606 0.06263
56297.6053 19.92493 0.06065
56297.61734 20.14788 0.07531
56297.61965 19.88305 0.067
56297.62198 19.91316 0.0674
56297.62474 19.95297 0.06415
56297.62597 20.02289 0.06633
56297.62818 19.99791 0.06911
56297.63051 20.10057 0.07162
56297.63246 20.00935 0.06702
56297.6337 19.82039 0.07558
56297.63597 19.99135 0.06561
56297.63722 20.02044 0.0649
56297.63944 19.88612 0.06902
56297.64162 19.97712 0.069
56297.64281 20.0179 0.08138
56297.64393 20.01666 0.06861
56297.64612 20.01394 0.07131
56297.64742 20.09354 0.08459
56297.64964 20.02124 0.06715
56297.65084 19.9684 0.06594
56297.65434 20.04073 0.07052
56297.65811 19.95786 0.07309
56297.65988 19.90228 0.06241
56297.66121 19.86353 0.0659
56297.66483 19.96478 0.08168
56297.66714 19.90394 0.06302
56297.67315 19.88608 0.07847
56297.67547 19.96456 0.07609
56297.67675 19.98157 0.07709
56297.67954 19.93058 0.06631
56297.68076 20.05684 0.08
56297.6819 19.98508 0.0767
56297.68325 19.92533 0.06751
56297.68541 19.87567 0.09558
56297.68786 19.93261 0.09486
56297.69171 19.80487 0.08637
56297.69635 19.88756 0.06439
56297.69767 19.84272 0.06579
56297.70113 19.8462 0.07738
56297.70743 20.08517 0.07642
56297.71084 20.01001 0.06891
56297.71401 19.94028 0.06803
56297.71668 19.7591 0.08807
56297.7179 19.87735 0.07591
56297.72049 19.89586 0.08459
56297.72327 19.93567 0.06588
56297.72448 20.1708 0.08099
56297.72584 19.77499 0.07751
56297.72772 19.80647 0.076
56297.72894 19.86688 0.0807
56297.74317 20.16854 0.099
56297.74683 19.94653 0.09099
56297.74996 19.86612 0.09317
56297.75123 19.857 0.09577
56297.75493 19.94116 0.10926
56297.75709 19.93118 0.10209
56297.7583 20.10194 0.09848
56297.76047 19.90604 0.11686
56297.76167 19.91698 0.11445
56297.76388 20.05356 0.10137
56297.76506 20.23249 0.09717
56297.76834 19.84348 0.09967
56297.77069 19.88189 0.08418
56297.77185 20.00433 0.09699
56297.77383 19.96388 0.11287
56297.79199 19.93243 0.09888
56297.79318 20.16898 0.10917
56297.79645 19.72645 0.10078
56297.79838 19.90859 0.12777
56297.79953 19.91933 0.12173
56297.80077 20.08946 0.12025
56297.80192 20.08407 0.13367
56297.80437 20.26517 0.13888
56297.80564 20.27799 0.13107
56297.80864 19.8371 0.12248
56298.58895 19.92098 0.09613
56298.59013 19.90787 0.08384
56298.59235 19.89771 0.12022
56298.59724 19.84291 0.16147
56298.59842 19.86477 0.14569
56298.60089 20.19457 0.15028
56298.6021 20.05763 0.11843
56298.60332 19.97075 0.11378
56298.60701 20.03515 0.11694
56298.60823 19.81146 0.11654
56298.61272 20.1313 0.1236
56298.61595 19.92588 0.07907
56298.61811 19.91614 0.07647
56298.62047 20.01818 0.09105
56298.62171 19.99384 0.13046
56298.62426 19.86705 0.07652
56298.62643 19.86476 0.0967
56298.62762 20.02244 0.1228
56298.63098 19.9115 0.09159
56298.63219 20.00969 0.08459
56298.63473 19.91889 0.08757
56298.63687 20.07893 0.08734
56298.63807 20.04268 0.09594
56298.63935 19.80801 0.09035
56298.64364 19.81306 0.06672
56298.64578 19.9452 0.09262
56298.64695 20.00624 0.09287
56298.6481 20.04777 0.08462
56298.65082 20.01526 0.0975
56298.65294 19.93204 0.07815
56298.65509 20.07813 0.07608
56298.65745 19.90441 0.12018
56298.65865 20.02797 0.07095
56298.66081 19.99773 0.06962
56298.66198 19.93351 0.06683
56298.66411 19.96224 0.07607
56298.66639 19.91326 0.0735
56298.6699 19.91607 0.06981
56298.68256 20.14153 0.09144
56298.68492 19.78245 0.11533
56298.68729 19.96807 0.11409
56298.68852 20.28852 0.14555
56301.59099 19.92457 0.07994
56302.5927 20.06625 0.27239
56302.62153 19.96005 0.08651
56305.59416 20.1243 0.08078
56305.62276 19.89892 0.06969
56307.60089 20.20789 0.14495
56307.63151 20.16293 0.13176
56308.60019 20.12736 0.1202
56308.63015 20.07858 0.14043
56310.60466 20.11374 0.13327
56310.63503 20.01627 0.11788
56311.59823 19.96157 0.09558
56311.62777 20.22879 0.12678
56313.60478 20.19534 0.09459
56313.63593 19.90872 0.13496
56314.61498 20.32786 0.11926
56322.60046 19.67963 0.10763
56322.63022 19.75075 0.11133
56323.59943 19.97533 0.0873
56323.60059 19.86393 0.10519
56323.60172 20.02052 0.07848
56323.60284 20.0073 0.08309
56323.60396 19.8168 0.07433
56323.60508 19.77707 0.09697
56323.60621 19.85854 0.07749
56323.60734 19.7915 0.07648
56323.60846 20.05001 0.0831
56323.60959 19.95477 0.07939
56323.61071 19.91184 0.07139
56323.61183 19.84702 0.08716
56323.61297 19.82482 0.08949
56323.61409 19.93814 0.07509
56323.61521 20.14338 0.08799
56323.61635 20.04184 0.07598
56323.61747 19.87227 0.07698
56323.61859 19.99786 0.08117
56323.61971 20.04239 0.07829
56323.62085 20.14882 0.0903
56323.62197 20.05165 0.08071
56323.62309 19.88321 0.0732
56323.62423 20.09511 0.08481
56323.62535 19.95491 0.07463
56323.62647 20.07964 0.09059
56323.62759 19.99948 0.08985
56323.62872 20.08348 0.08369
56323.62985 19.97599 0.08837
56323.63097 19.95422 0.0863
56323.6321 19.96796 0.0776
56323.63322 19.96811 0.08757
56323.63435 19.91611 0.07931
56323.63549 20.29794 0.09707
56323.63661 19.95262 0.10888
56323.63773 20.13685 0.08638
56323.63887 19.93755 0.07638
56323.63999 19.93643 0.09526
56323.64112 19.92467 0.09158
56323.64225 20.00508 0.08139
56323.64338 19.91103 0.07869
56323.6445 19.96746 0.10107
56323.64563 20.10735 0.09007
56323.64676 20.00576 0.11586
56323.64789 19.97908 0.08587
56323.64902 20.05306 0.08408
56323.65014 20.14952 0.10537
56323.65127 19.92572 0.09566
56323.6524 20.01055 0.08405
56323.65352 19.91054 0.09178
56323.65465 19.93683 0.09446
56323.65577 19.99497 0.11175
56323.65691 20.04228 0.08599
56323.65803 19.99481 0.10307
56323.65917 19.9295 0.08777
56323.66029 20.0676 0.10417
56323.66142 19.93216 0.12087
56323.66255 20.05234 0.09067
56323.66367 20.09766 0.13165
56323.6648 20.00911 0.09308
56323.66594 20.04423 0.09836
56323.66706 19.79915 0.1163
56323.66819 20.04923 0.1206
56323.66932 20.08773 0.13899
56323.67045 19.98306 0.11567
56323.67158 19.92944 0.11496
56323.67271 19.85883 0.09139
56323.67384 19.93522 0.11436
56323.67496 20.25256 0.10646
56323.67613 20.14355 0.10667
56323.67725 20.05319 0.13316
56323.67838 19.95588 0.10616
56323.67951 19.91515 0.13494
56323.68065 19.82753 0.11716
56323.68177 20.10279 0.11877
56323.6829 20.06381 0.1006
56323.68402 19.93668 0.1125
56323.68516 19.87903 0.09998
56323.68628 19.79906 0.09897
56323.68742 19.87877 0.12137
56323.68855 19.89894 0.13316
56323.68967 20.26104 0.15296
56323.69194 19.92437 0.11747
56323.69306 19.9812 0.12226
56323.69532 20.1215 0.13385
56323.69644 19.95503 0.12069
56323.69758 20.26808 0.17046
56323.6987 19.84085 0.11399
56323.69982 19.9733 0.14895
56323.70094 20.16054 0.15768
56323.70208 20.09742 0.17984
56323.7032 19.93185 0.15477
56323.70434 20.0177 0.14658
56324.6344 19.77927 0.08871
56324.67356 20.0633 0.0942
56328.60109 20.0248 0.09177
56328.63041 19.89655 0.07
56329.6158 20.10324 0.14307
56330.60568 19.9752 0.0817
56330.63442 19.99183 0.07989
56336.60557 19.65081 0.09716
56336.6347 20.0299 0.12805
56337.61678 20.11234 0.12297
56337.646 19.87728 0.11708
56339.64973 20.36614 0.20076
56340.65261 19.74281 0.11329
56341.63432 20.30826 0.1165
56432.97832 19.9209 0.19739
56433.97522 20.05313 0.14906
56434.97306 19.89019 0.14235
56442.95121 19.74973 0.13238
56443.94843 19.99576 0.14185
56444.94545 20.14536 0.17009
56446.9404 20.10025 0.11387
56447.93827 19.98987 0.11875
56448.93551 20.21124 0.09248
56448.97043 19.94638 0.10387
56449.9322 19.96161 0.0911
56449.96744 20.06354 0.0855
56450.93056 19.94633 0.0857
56450.96471 19.98405 0.09839
56451.92757 19.73845 0.0991
56451.96268 19.92511 0.09988
56452.92487 19.9889 0.0838
56452.95905 19.94211 0.07221
56453.9223 19.87592 0.11897
56453.95718 19.98145 0.1151
56454.91904 19.80729 0.09008
56454.9531 19.86602 0.09239
56455.91706 19.88978 0.07815
56455.95123 19.92285 0.07274
56456.91361 19.90078 0.0959
56456.94859 20.08152 0.07628
56457.91086 19.97749 0.0888
56457.9457 19.90799 0.11317
56458.90893 19.6764 0.09646
56458.94334 19.9049 0.08887
56459.90596 19.85624 0.0791
56459.94092 19.65632 0.08048
56460.9034 19.92128 0.08532
56460.93791 20.01148 0.06922
56461.90107 20.03204 0.0873
56461.93811 19.84975 0.0713
56462.89824 19.94289 0.12017
56462.93439 20.15654 0.1356
56463.89576 19.88184 0.13019
56463.93218 19.85912 0.07611
56469.87982 19.8332 0.18115
56469.91685 19.79123 0.10084
56471.91001 19.76074 0.11923
56473.90477 19.72322 0.15768
56475.86334 19.84704 0.15468
56475.9008 20.17319 0.14001
56476.89765 19.86156 0.17501
56477.85777 19.98877 0.12983
56485.83631 19.8873 0.08994
56486.83403 20.04095 0.0978
56486.87106 19.82124 0.0744
56488.83006 20.16452 0.08872
56488.86647 20.09879 0.08909
56489.82698 19.73029 0.08372
56489.86366 19.94326 0.07332
56498.83888 19.76176 0.10246
56502.79167 20.06667 0.1023
56502.82864 20.00309 0.09078
56503.78903 19.80125 0.09062
56503.82769 19.96247 0.07975
56504.82017 19.84303 0.09446
56504.86992 20.11587 0.08459
56504.90811 20.02187 0.0831
56505.81768 19.95838 0.09785
56505.9509 19.80813 0.06429
56505.98842 20.24982 0.10439
56506.89349 19.83287 0.08093
56507.80198 19.7331 0.08537
56507.84712 19.81856 0.07097
56507.99891 19.80474 0.08982
56508.90167 19.90689 0.05615
56509.79634 19.96634 0.07655
56509.83877 19.905 0.07163
56510.8262 19.79454 0.06447
56511.79111 19.84894 0.06834
56511.84089 20.16374 0.07183
56512.78788 20.08945 0.1038
56512.82519 19.86205 0.06874
56513.78624 20.02436 0.07861
56513.82352 19.85923 0.07593
56514.7834 20.12583 0.07653
56514.82081 19.92076 0.06631
56515.78106 19.90759 0.08181
56515.82231 19.99113 0.07671
56516.77774 20.02066 0.06926
56516.81437 20.04762 0.06302
56517.77605 19.98594 0.08052
56517.81715 19.79989 0.06859
56517.97309 19.96689 0.06446
56518.87478 20.06205 0.07024
56518.96686 19.88484 0.07451
56519.00311 19.98721 0.07612
56519.90443 19.87156 0.0512
56519.96504 19.87086 0.05165
56520.00171 20.02618 0.06173
56520.90327 19.85985 0.05775
56520.95521 19.93427 0.05536
56520.99262 19.91597 0.05476
56521.89446 19.92942 0.05959
56521.95772 19.88426 0.05745
56521.99393 19.9157 0.05427
56528.81982 20.10092 0.13408
56529.93849 20.11212 0.1143
56529.97462 20.15983 0.12217
56532.71221 20.13194 0.13957
56532.85928 20.04144 0.06744
56532.89645 19.91585 0.06252
56533.79895 19.98052 0.06505
56533.93493 19.87621 0.06447
56533.97228 19.9859 0.07583
56537.84525 19.91134 0.05947
56537.9874 19.84765 0.05248
56539.69386 20.12929 0.0978
56539.88447 19.85552 0.05005
56539.9215 19.95642 0.05795
56540.97669 19.89587 0.05326
56541.6883 20.1204 0.08984
56542.96698 19.77018 0.05394
56543.00294 19.93396 0.06624
56543.97085 19.92939 0.05935
56544.00787 19.89989 0.0749
56546.67441 19.88788 0.08731
56546.75907 19.9887 0.06527
56546.94639 19.95095 0.06405
56547.84788 19.97331 0.0608
56548.0057 19.97202 0.06632
56548.66959 19.91091 0.11632
56548.70582 20.06427 0.1082
56548.74172 20.11276 0.08639
56549.66591 19.75402 0.0981
56549.70273 19.65564 0.08662
56549.73967 20.01343 0.08611
56550.66388 19.9563 0.1289
56550.73216 20.0864 0.09272
56551.72202 20.22677 0.1244
56551.75862 20.02553 0.10738
56552.66117 19.68133 0.15078
56552.71291 20.299 0.13798
56552.74635 20.08655 0.16376
56561.66061 20.0407 0.08463
56561.89034 19.99272 0.11892
56561.92356 19.90616 0.118
56562.93459 19.92712 0.0931
56563.02169 19.66266 0.10309
56563.6524 20.00437 0.08879
56563.6893 20.19177 0.09539
56563.77494 19.89753 0.06989
56564.72602 19.89528 0.07054
56564.99301 19.87795 0.07039
56565.02672 20.24189 0.11986
56565.92832 19.91877 0.06701
56565.98151 19.80297 0.08596
56566.01544 19.89698 0.07857
56566.91724 19.9272 0.06308
56566.96287 19.90634 0.08438
56566.99591 19.94582 0.0792
56567.8986 19.87874 0.05743
56567.96702 19.83067 0.06111
56568.00039 19.97648 0.06801
56568.90245 19.84125 0.05339
56568.96343 19.9233 0.06075
56568.99843 19.93563 0.09572
56569.90084 20.00283 0.0796
56569.99803 19.83972 0.08454
56570.03082 19.93826 0.11508
56571.62526 19.97422 0.14667
56571.69052 19.91928 0.11833
56571.72419 20.12914 0.11279
56572.62632 20.02197 0.09597
56572.66032 19.92057 0.10566
56572.69287 20.05063 0.09281
56573.61429 19.92541 0.10138
56573.64765 19.87265 0.08159
56573.77817 20.00667 0.06791
56576.83948 19.84979 0.05625
56577.00541 20.14063 0.08627
56577.60601 19.92336 0.13299
56577.63144 19.91509 0.1012
56577.77306 19.73491 0.08926
56578.67217 19.81745 0.07863
56578.69674 19.92636 0.08169
56578.75347 19.89355 0.0683
56579.73584 20.0619 0.09491
56579.85963 20.05278 0.09282
56579.88516 20.22261 0.09597
56580.7875 19.92739 0.09918
56580.8553 19.90156 0.11599
56580.88022 19.67454 0.09726
56581.83883 20.14403 0.15427
56581.86464 20.00972 0.15219
56587.62864 19.94857 0.0819
56587.78993 20.05453 0.10149
56587.81475 19.83041 0.08439
56588.71625 20.06612 0.16937
56588.86644 19.96562 0.16028
56588.89281 20.00385 0.13402
56589.79481 19.95107 0.06634
56589.81959 19.92208 0.0746
56589.84642 19.90811 0.08129
56590.76387 19.93101 0.06809
56590.8749 20.01057 0.07918
56590.89969 20.01219 0.07939
56591.80204 19.74677 0.11648
56591.86057 19.87222 0.06411
56591.88508 19.844 0.07407
56592.81972 19.89132 0.06199
56592.91348 19.97795 0.09521
56592.93852 19.79178 0.0766
56596.59731 20.13556 0.0991
56596.81771 19.9412 0.11289
56596.84238 20.04145 0.08777
56597.74425 19.85503 0.0935
56597.82393 19.88262 0.10719
56597.84943 19.71443 0.10524
56598.75163 19.96223 0.07727
56598.82179 19.9884 0.10599
56598.84855 19.89334 0.07672
56599.75014 19.9707 0.06102
56599.79577 19.90829 0.0639
56599.82112 19.92588 0.0662
56600.77441 19.89217 0.05982
56600.8753 19.90652 0.07812
56602.59024 20.17425 0.14401
56602.78065 19.95618 0.12892
56603.68227 19.96616 0.08167
56603.74296 20.05168 0.07893
56603.81581 19.92574 0.07297
56604.73691 19.89382 0.06446
56604.92616 19.98371 0.08189
56605.64733 19.93273 0.07308
56605.67213 20.09245 0.0778
56606.58401 19.61637 0.127
56606.60932 19.90838 0.09324
56606.64241 20.20678 0.18169
56607.82225 20.01716 0.11791
56607.84927 20.08644 0.0874
56608.75086 19.94976 0.11567
56608.81398 19.95606 0.14138
56608.84048 20.02868 0.15148
56609.88847 20.12892 0.11969
56621.79766 19.94089 0.08041
56622.58588 19.98369 0.07521
56624.57999 19.99874 0.08827
56624.60429 19.91284 0.08518
56625.70494 20.03959 0.07631
56625.74386 19.88064 0.06851
56626.64578 19.89809 0.0778
56626.67007 19.88305 0.0633
56628.73144 19.96429 0.10318
56628.76212 19.97565 0.08024
56637.58042 19.97111 0.1071
56637.60549 20.18624 0.10925
56639.58002 19.73057 0.12505
56639.60438 20.26447 0.11736
56640.58279 20.25536 0.11768
56640.61699 20.07439 0.13641
56648.61266 20.02845 0.1141
56649.60387 19.83553 0.10906
56650.58762 20.04647 0.08996
56653.61955 20.1656 0.14665
56658.58519 19.86499 0.07105
56658.62914 19.88434 0.08055
56659.58605 20.16081 0.07437
56659.61086 19.92286 0.07704
56660.58569 19.90925 0.06956
56660.61029 20.00117 0.06978
56662.58587 20.01524 0.08379
56662.61038 20.28537 0.10744
56663.59143 19.77455 0.06949
56663.6171 20.02389 0.07401
56664.6104 19.90425 0.11812
56668.58721 19.62508 0.1213
56668.61177 20.39695 0.1047
56669.61423 20.02089 0.15821
56675.5969 20.06951 0.07006
56675.6459 20.06386 0.11549
56676.59181 19.97689 0.10116
56676.61781 20.0383 0.07793
56678.61458 20.06507 0.0762
56678.64019 19.96827 0.07231
56680.60724 20.02409 0.07818
56683.59693 20.00823 0.0724
56683.63252 19.93406 0.06929
56685.59847 19.93446 0.13466
56685.6471 20.21824 0.11598
56686.63379 19.80187 0.13732
56687.59886 19.8311 0.09592
56687.64144 20.08177 0.0855
56690.60286 19.74861 0.10903
56690.64549 20.23542 0.13527
56697.60505 20.0586 0.1095
56699.60928 20.11457 0.15417
56816.96412 20.11966 0.13625
56816.97531 19.97867 0.13657
56817.96427 20.14717 0.09727
56817.97654 20.11629 0.13135
56818.96227 20.06621 0.07657
56818.97512 20.1553 0.11128
56820.97769 20.15737 0.17939
56824.96428 20.39819 0.12759
56825.96455 19.9428 0.18256
56826.96127 19.91598 0.13919
56826.97472 20.12468 0.15657
56827.96384 20.08286 0.09448
56827.97622 20.39429 0.13421
56828.9654 19.95729 0.11787
56828.97804 19.91603 0.10697
56831.96161 20.00216 0.06882
56831.97427 20.05951 0.08827
56832.9648 20.06719 0.08415
56832.97563 19.85197 0.06968
56833.96568 20.006 0.06853
56833.97644 20.28581 0.10709
56834.96484 20.11534 0.07702
56834.9776 20.02954 0.10582
56836.96625 20.05328 0.06861
56836.97711 20.00449 0.08353
56839.96511 19.88267 0.0567
56839.97834 20.11177 0.08909
56840.96951 20.17771 0.07821
56840.98137 20.0759 0.11409
56841.96857 20.03716 0.0659
56841.98075 19.99514 0.1107
56844.96636 20.04795 0.07792
56844.97887 19.91665 0.08163
56845.96726 20.08278 0.06923
56845.98002 20.16478 0.08521
56846.96666 20.08578 0.05611
56846.98115 19.99457 0.06819
56847.96648 20.06688 0.06371
56847.98151 19.92781 0.06796
56848.96743 20.09208 0.06734
56848.98312 20.11065 0.09372
56849.96813 20.31281 0.18365
56849.98235 19.97566 0.10959
56851.97048 20.00679 0.10582
56851.98675 20.05257 0.11052
56854.96165 20.19618 0.10017
56854.98771 20.08217 0.09213
56855.96071 19.87107 0.13336
56855.98393 20.12047 0.11078
56856.98328 19.81972 0.12795
56858.96243 20.02256 0.06483
56858.98507 20.11598 0.07238
56859.96515 20.00923 0.06184
56859.98697 20.11753 0.08018
56861.96231 19.96678 0.06771
56861.98508 20.05883 0.06835
56862.9659 19.87559 0.06509
56862.98227 19.93353 0.07797
56863.94981 20.16165 0.06582
56864.94576 20.00745 0.07112
56864.96947 20.13485 0.11818
56865.92975 20.02743 0.09516
56865.96089 19.97903 0.05652
56867.98799 20.09642 0.06412
56868.96536 20.05082 0.06034
56868.98567 20.11707 0.0644
56869.96092 19.89513 0.06319
56869.98231 19.96123 0.05913
56870.96467 20.02391 0.05607
56870.98635 19.95197 0.05781
56874.97428 19.88775 0.06008
56874.99622 20.07858 0.06698
56875.98151 20.10111 0.07106
56875.99752 20.0119 0.07562
56876.91773 20.02152 0.05643
56876.94717 20.00035 0.05258
56877.9745 20.00953 0.05624
56877.9957 20.19607 0.06493
56878.00741 20.25481 0.14208
56878.9086 19.97653 0.0876
56878.93847 20.07878 0.10078
56879.92838 20.164 0.14668
56879.95816 20.03107 0.12874
56880.9882 20.3241 0.17159
56883.9421 20.05209 0.11722
56883.98158 19.91014 0.09113
56884.99956 20.04815 0.09729
56885.96448 20.14916 0.08811
56885.98159 20.08344 0.07885
56886.91453 20.01521 0.07154
56886.94264 20.02877 0.0704
56887.91623 20.0155 0.06161
56887.94902 20.08957 0.06985
56888.86519 20.06489 0.05882
56888.89905 20.02983 0.05638
56888.91008 20.04368 0.06482
56888.94196 20.14159 0.06331
56890.94091 19.98864 0.05724
56890.97479 20.00058 0.06587
56895.83087 20.00886 0.07207
56895.86667 19.99124 0.08703
56972.71463 20.28033 0.08681
56972.73749 20.25288 0.09379
56978.74407 20.07574 0.10125
56979.72374 20.13082 0.1508
56980.71766 20.202 0.08099
56980.83416 20.11335 0.08542
56981.71538 20.01734 0.07369
56981.77818 20.25459 0.0847
56984.71333 20.03766 0.11781
56986.72544 20.20075 0.08721
56986.79095 20.28515 0.13779
56987.70535 20.10002 0.10608
56987.76948 19.89451 0.09391
56988.66321 20.16242 0.10547
56989.60286 20.1369 0.0816
56989.66828 20.14442 0.11439
56990.59847 20.23532 0.09778
56990.66232 20.1384 0.0891
57000.62591 20.10878 0.10159
57000.65668 20.32346 0.11083
57001.60725 20.13608 0.0879
57001.63454 19.98852 0.06854
57011.62365 20.02026 0.08759
57011.65019 20.0729 0.099
57014.60229 20.12311 0.08319
57014.62433 19.99141 0.07441
57015.60026 20.26299 0.10754
57015.6199 20.30544 0.0976
57018.60146 20.01003 0.08342
57018.62586 20.39543 0.10788
57019.59637 20.11691 0.1034
57019.61004 20.1824 0.10966
57030.59868 20.12486 0.08559
57037.60179 20.33992 0.09882
57039.60447 20.08825 0.07992
57040.60372 20.05677 0.079
57040.65327 20.07749 0.12467
57041.64649 20.18885 0.08061
57042.59979 20.14852 0.08813
57042.64647 20.08499 0.08673
57043.60053 20.16922 0.08172
57043.64542 20.23662 0.07671
57044.59961 19.7342 0.12133
57044.64222 20.11253 0.15587
57046.59907 19.9171 0.10418
57046.64082 20.36938 0.13324
57047.65127 20.11373 0.09431
57047.65361 20.11148 0.11818
57059.60766 20.19655 0.07852
57059.61723 20.13527 0.0839
57063.60738 20.24423 0.10364
57063.61933 20.04449 0.08531
57064.61072 20.26789 0.09775
57064.62756 20.04569 0.11071
57065.60805 20.05449 0.10017
57065.62471 20.21486 0.14828
57067.60784 19.93227 0.09953
57067.62545 19.89716 0.10671
57069.61019 20.15862 0.09717
57070.61078 20.03189 0.10889
57070.6277 20.16263 0.10174
57071.61023 20.00647 0.12597
57071.6267 20.01416 0.09271
57180.95646 20.25427 0.1294
57185.96692 19.81474 0.12474
57187.96362 19.99343 0.06917
57188.93765 20.01947 0.08125
57188.96808 19.98537 0.08399
57189.95594 20.01291 0.07972
57190.94422 20.01644 0.10402
57190.9766 20.33006 0.13764
57191.9217 19.89565 0.08597
57191.95614 19.95025 0.07783
57192.94672 20.0187 0.08623
57192.97846 19.76893 0.16873
57193.93573 19.75844 0.07166
57193.96862 20.00171 0.09742
57194.94374 19.90789 0.0812
57194.97431 19.65908 0.09005
57195.94595 20.04347 0.09496
57195.97546 20.00448 0.11717
57196.92539 20.17539 0.12356
57196.97637 20.24351 0.13674
57197.91796 19.86686 0.07579
57197.96971 19.94154 0.09144
57198.93165 20.07203 0.09175
57198.96479 19.98907 0.08096
57199.9472 20.02261 0.08475
57207.98422 19.8555 0.11138
57208.90735 19.92634 0.10085
57208.94607 19.96198 0.10885
57209.93937 20.00981 0.12618
57209.97959 19.93846 0.10756
57210.9363 19.90992 0.08381
57210.97519 19.91547 0.08367
57211.94997 19.76546 0.10132
57211.98409 20.22738 0.13532
57212.9376 19.70392 0.14693
57212.97329 19.81648 0.15513
57214.96163 20.05327 0.07736
57216.93262 19.82117 0.07157
57216.97994 19.96374 0.07213
57218.92712 19.89478 0.06268
57218.977 19.83402 0.06865
57219.94247 19.94205 0.06445
57219.97077 19.83297 0.05542
57220.92305 19.86439 0.05547
57220.98129 19.90285 0.06692
57226.95332 19.84074 0.05849
57227.93417 19.89638 0.06377
57232.8829 19.92512 0.09108
57237.93379 19.75177 0.09959
57237.98326 19.89165 0.09471
57238.91268 19.7874 0.09422
57238.96563 19.84443 0.07339
57239.93796 19.67604 0.08337
57239.98313 19.88081 0.08351
57240.95317 19.77663 0.06909
57241.93368 19.99512 0.08411
57242.93933 19.9305 0.08241
57242.98523 20.00358 0.06898
57244.91131 19.8987 0.05995
57244.96611 19.91386 0.06121
57245.87591 19.82984 0.05491
57245.91376 19.91617 0.05219
57246.89995 19.82961 0.05192
57246.93423 19.79212 0.04912
57247.92574 19.84217 0.0514
57247.95614 19.76208 0.04662
57248.84393 19.87537 0.05734
57248.8782 19.76163 0.05275
57249.88436 19.80623 0.05108
57249.9163 19.78239 0.0493
57250.88236 19.77882 0.06841
57250.92114 19.80677 0.06801
57251.8693 19.84448 0.05405
57251.91419 19.81201 0.05249
57267.93864 19.59912 0.09986
57267.9816 19.59747 0.10221
57554.97044 19.84745 0.12658
57555.93989 19.69831 0.07034
57555.96363 19.70359 0.08491
57564.94449 19.87481 0.10107
57564.95195 20.03301 0.10875
57565.94418 20.05523 0.12124
57567.951 19.83518 0.08733
57567.97572 19.71937 0.08481
57569.92685 19.79481 0.0622
57570.93954 19.79508 0.06425
57571.91515 19.93673 0.07798
57571.96845 19.94484 0.08877
57572.94 19.76741 0.06266
57572.961 19.73242 0.0773
57573.95955 19.82942 0.07444
57574.96997 19.57406 0.06636
57575.96076 19.93143 0.05677
57576.95096 19.89185 0.05635
57577.97714 19.85133 0.07052
57578.93031 19.69437 0.07251
57578.9597 19.89503 0.06908
57579.93833 19.75233 0.05895
57579.96636 19.62601 0.06928
57580.94991 19.74409 0.07393
57580.97641 19.72111 0.07588
57581.93908 19.68792 0.05261
57581.96061 19.75342 0.06545
57582.96612 19.73395 0.05148
57582.9889 19.76997 0.09414
57583.93612 19.77468 0.04981
57583.97225 19.72261 0.05437
57584.92871 19.83647 0.05755
57584.97404 19.76523 0.06902
57585.92275 19.90492 0.0858
57585.96134 19.76319 0.0688
57586.91575 19.8444 0.10511
57592.99636 19.90462 0.12774
57595.9848 19.69282 0.08523
57596.95384 19.74692 0.07301
57596.98786 19.67041 0.07563
57597.93735 19.80853 0.05972
57597.9794 19.62462 0.06688
57598.9281 19.78569 0.06257
57598.97263 19.64418 0.05561
57599.94579 19.88812 0.06843
57600.96483 19.72869 0.0571
57601.9531 19.6375 0.05653
57601.99102 19.76213 0.07079
57602.95616 19.79802 0.06093
57602.99208 19.80987 0.06332
57603.95654 19.73177 0.05456
57603.99274 19.77463 0.05968
57604.96148 19.61502 0.05437
57604.99535 19.63628 0.06439
57605.93926 19.66492 0.05895
57605.97693 19.68153 0.04904
57606.94732 19.76088 0.06047
57606.99101 19.80055 0.05861
57607.92659 19.75731 0.05481
57607.97806 19.68118 0.06182
57608.92515 19.54394 0.05683
57608.96585 19.76801 0.0546
57609.94301 19.63651 0.07058
57610.89516 19.8185 0.07821
57610.92695 19.60542 0.06644
57611.90199 19.83066 0.05845
57611.93252 19.82796 0.0756
57612.88937 19.64483 0.05068
57612.93148 19.76611 0.05216
57613.84046 19.68958 0.08324
57613.87193 19.66781 0.06532
57613.90353 19.75071 0.05696
57614.96436 19.72324 0.05417
57614.99496 19.80211 0.05234
57615.90761 19.84056 0.08422
57615.95637 19.69808 0.05342
57622.96114 19.88989 0.13231
57622.98808 20.07964 0.1576
57623.99038 19.81494 0.1347
57624.01266 19.87677 0.1832
57624.97236 19.81335 0.10602
57624.99829 19.75241 0.13611
57625.94454 19.80941 0.09528
