#mjd mag magerr
55061.92501 18.98381 0.03493
55061.95573 18.96177 0.03419
55063.91987 19.00308 0.03475
55063.9639 18.93449 0.03328
55064.92128 19.01686 0.03773
55064.9656 19.01141 0.03763
55066.91014 18.98933 0.03619
55066.95474 18.957 0.03337
55067.91649 19.05145 0.05162
55067.96099 18.9832 0.04844
55069.90324 18.94557 0.03542
55069.94786 19.0909 0.03592
55080.87449 19.07839 0.08101
55080.95988 19.20491 0.08881
55084.86328 18.95938 0.04589
55087.85609 19.00459 0.03657
55087.90101 18.9655 0.03533
55088.96983 18.87526 0.03451
55089.01521 18.94414 0.03791
55089.94574 18.91696 0.03606
55089.99042 18.99542 0.03684
55093.83741 18.91319 0.03305
55093.88196 18.91386 0.03365
55096.8292 18.93736 0.03403
55097.00858 18.97255 0.04452
55104.99862 18.92983 0.04817
55107.79764 18.95333 0.06776
55114.88125 18.88159 0.04179
55114.92522 18.94707 0.098
55119.89538 18.96992 0.03786
55119.95365 18.93559 0.04332
55123.75696 18.87668 0.03511
55123.81523 18.95575 0.03728
55126.97957 18.89239 0.04756
55127.83329 18.92081 0.03824
55127.87706 18.91669 0.04225
55135.82555 18.93952 0.06868
55135.86926 18.95608 0.09438
55138.71472 18.9485 0.08208
55138.75871 19.02252 0.08952
55142.7036 18.92395 0.0397
55142.75219 18.99092 0.04764
55144.77886 18.97983 0.03989
55144.82305 18.90828 0.04316
55151.72943 19.02858 0.04487
55151.77257 19.01746 0.03965
55166.70473 18.97863 0.08061
55166.74897 18.92251 0.0926
55168.63378 18.93008 0.06327
55168.6775 19.00005 0.06629
55175.61224 18.91829 0.03318
55175.65684 18.85466 0.0325
55181.59421 19.13485 0.05943
55181.63825 18.89497 0.04615
55183.59204 19.0048 0.07241
55183.64253 18.97828 0.04632
55189.58054 19.05511 0.05371
55189.62557 18.98076 0.04457
55194.59026 19.0761 0.08541
55199.58559 18.93264 0.03779
55201.58642 18.92354 0.10421
55202.58667 18.83688 0.04159
55203.71441 18.87165 0.04584
55203.75743 18.88959 0.04485
55207.63092 18.82791 0.0396
55207.67514 18.9056 0.03625
55209.5968 18.9622 0.03501
55209.64149 18.89703 0.03493
55213.63312 18.92237 0.04945
55213.6798 18.9686 0.05436
55377.85123 19.28479 0.08661
55377.89535 19.32198 0.07941
55378.90615 19.15628 0.10369
55379.8591 19.04023 0.0686
55379.92482 19.04385 0.05223
55380.87684 19.1969 0.07662
55380.92078 19.08137 0.07079
55381.89606 19.24195 0.05622
55381.93934 19.21443 0.05473
55384.82671 19.09758 0.05002
55384.87028 19.16158 0.04474
55385.87021 19.11416 0.04135
55385.91339 19.16917 0.04006
55386.86524 19.18111 0.0472
55386.90867 19.13224 0.04403
55387.87002 19.08393 0.04189
55387.91342 19.10745 0.03788
55388.86609 19.18514 0.05839
55388.91005 19.08595 0.04353
55390.80957 19.08143 0.05703
55390.85393 19.15568 0.05244
55391.80613 19.18722 0.07151
55391.87538 19.13732 0.04466
55392.83258 19.10983 0.05273
55392.87538 19.09092 0.0445
55394.79908 19.16463 0.06054
55394.8431 19.11536 0.04588
55395.79551 19.10786 0.06844
55395.84215 18.95965 0.04497
55396.79527 19.12901 0.07732
55396.83932 19.07683 0.04275
55397.79163 19.13499 0.07644
55397.83526 19.14444 0.04942
55398.78764 19.27053 0.09012
55398.83124 18.98196 0.07148
55399.78802 19.13656 0.08781
55399.83261 19.07438 0.06586
55400.78534 18.9881 0.1121
55400.8289 18.99795 0.0626
55401.78133 19.05672 0.1146
55401.82518 19.11967 0.10546
55402.77979 19.38613 0.14103
55402.8246 19.13522 0.10798
55403.77642 19.32973 0.12166
55403.81973 19.22971 0.13168
55404.77424 18.91221 0.09204
55404.84266 19.17703 0.07762
55405.8416 19.12227 0.08232
55407.7691 19.13691 0.1005
55407.83003 18.81719 0.09337
55408.78389 18.89472 0.14611
55411.79896 19.25585 0.06351
55412.75232 19.00256 0.08446
55412.79539 19.07668 0.07048
55413.75577 19.04078 0.08923
55413.79945 19.02787 0.07949
55414.75161 19.23332 0.10852
55414.79555 18.98237 0.06182
55415.75266 19.17683 0.09118
55415.79727 19.13359 0.09597
55416.75096 19.34223 0.12597
55416.79342 19.406 0.08166
55417.75979 19.00978 0.09795
55417.84511 19.11744 0.07916
55418.79843 18.92467 0.07251
55418.84121 19.12559 0.06378
55419.75121 19.05252 0.10068
55419.79504 19.2671 0.07454
55420.78929 19.17317 0.09697
55420.83264 19.08326 0.07303
55421.73664 19.0498 0.05281
55421.79901 19.14037 0.04116
55422.75115 19.13424 0.05362
55422.79487 19.13657 0.04531
55423.74742 19.23234 0.0537
55423.79284 19.11948 0.04257
55424.75349 19.16626 0.06164
55424.80178 19.15416 0.04233
55425.76166 19.1098 0.05963
55425.80573 19.10613 0.04037
55426.80123 19.10534 0.05677
55426.8444 19.0638 0.03851
55427.79708 19.14865 0.0567
55427.8408 19.11844 0.04713
55428.79281 19.10015 0.05409
55428.83703 19.08937 0.04961
55429.8142 19.09538 0.05319
55429.85716 19.22784 0.05416
55430.75769 19.11362 0.06281
55430.80485 19.17594 0.05762
55431.75639 19.17233 0.07403
55431.80024 19.11502 0.07017
55432.73907 19.17262 0.09537
55432.78359 19.28867 0.08021
55433.7493 19.0281 0.09512
55434.69401 19.12709 0.12423
55434.73769 19.30081 0.09842
55435.69148 19.18065 0.15051
55436.88575 19.0837 0.08198
55436.88891 19.13476 0.06843
55436.8919 19.20287 0.06433
55436.89501 19.08676 0.0679
55436.89797 19.17569 0.07631
55436.90109 18.99543 0.07171
55436.9042 19.10936 0.06922
55436.90728 19.18679 0.07709
55436.91041 19.13954 0.08552
55436.91351 19.29766 0.08258
55436.91641 19.28724 0.0869
55436.91931 19.10105 0.0768
55436.92221 19.28832 0.08178
55436.92514 19.10822 0.07507
55436.92806 19.14305 0.0827
55436.93096 19.16697 0.07539
55436.93413 19.16735 0.07329
55436.93703 19.08769 0.07538
55436.93974 19.12467 0.07089
55436.94297 19.15732 0.07682
55436.94613 19.10987 0.08139
55436.94915 19.22348 0.07769
55436.95231 19.21132 0.07201
55436.9553 19.13862 0.07332
55436.95826 19.18774 0.076
55436.96116 19.09618 0.07379
55436.96403 19.17661 0.07551
55436.96671 19.21533 0.07474
55438.88857 19.14479 0.06362
55438.89169 19.12663 0.06512
55438.89485 19.12638 0.06472
55438.89798 19.19086 0.06819
55438.90086 19.15422 0.06529
55438.90371 19.04872 0.05831
55438.9065 19.01719 0.05591
55438.90927 19.19219 0.06366
55438.91204 19.17248 0.073
55438.91487 19.15981 0.06332
55438.91763 19.12309 0.0632
55438.92084 19.09381 0.07071
55438.92394 19.2429 0.0687
55438.92672 19.1976 0.07308
55438.92954 19.40997 0.07789
55438.93259 19.25529 0.0804
55438.93551 19.33843 0.07481
55438.93833 19.2542 0.07819
55438.94106 19.09632 0.06708
55438.94411 19.02143 0.06681
55438.94678 19.22262 0.0735
55438.95017 18.93685 0.0634
55438.95913 19.10948 0.06313
55438.96141 18.98687 0.06609
55440.87507 19.03907 0.04402
55440.87823 19.07729 0.04332
55440.88428 19.08646 0.04184
55440.88675 19.05335 0.0442
55440.8894 19.108 0.0448
55440.89205 19.02514 0.0443
55440.89518 19.02052 0.04203
55440.89832 19.11785 0.04709
55440.90145 19.02622 0.04597
55440.90439 19.10596 0.04669
55440.90729 19.18148 0.04882
55440.91025 19.18171 0.04884
55440.91316 19.1399 0.04322
55440.91591 19.0295 0.04842
55440.9187 19.15998 0.04699
55440.92149 19.09451 0.04707
55440.92426 19.12893 0.04372
55440.93095 19.18269 0.0478
55440.93364 19.09256 0.04321
55440.93623 19.07114 0.04509
55440.9395 19.02669 0.04591
55440.94264 18.96604 0.04221
55440.94582 19.11614 0.04613
55440.94883 19.08717 0.0443
55440.95182 19.17886 0.05059
55440.95489 19.00463 0.04462
55440.95791 19.13765 0.04941
55441.87301 19.05642 0.03816
55441.87592 19.08859 0.03718
55441.88645 19.15127 0.04167
55441.88962 19.10226 0.03807
55441.89254 19.08709 0.0386
55441.89542 19.10104 0.03978
55441.89828 19.07602 0.03907
55441.90107 19.0838 0.03926
55441.9037 18.99652 0.03508
55441.90634 19.00955 0.0387
55441.90906 19.06559 0.03866
55441.9118 19.09419 0.03777
55441.91445 19.05764 0.03893
55441.91722 19.08571 0.03853
55441.91981 19.10629 0.04493
55441.92242 19.05637 0.03896
55441.92546 19.10071 0.03955
55441.9281 19.07871 0.03828
55441.93183 19.09111 0.03925
55441.93458 19.10008 0.03887
55441.93727 19.18876 0.04364
55441.94048 19.06018 0.0402
55441.94326 19.13111 0.04028
55441.94546 19.109 0.04046
55441.94852 19.16265 0.04175
55441.95194 19.07317 0.03869
55441.95469 19.1116 0.04087
55441.95786 19.04423 0.03844
55441.96081 19.0892 0.04005
55441.96392 19.1524 0.04136
55441.96715 19.1181 0.03791
55441.97012 19.03383 0.03835
55441.97294 19.05554 0.03904
55441.97532 18.95138 0.03796
55441.97757 19.01727 0.03974
55441.9798 19.02765 0.03879
55441.9835 19.04529 0.03982
55441.9863 19.02979 0.03891
55441.98852 19.07061 0.04178
55441.99078 19.04552 0.04194
55441.99382 19.08238 0.0411
55442.00593 19.17736 0.04477
55442.00906 19.13472 0.04792
55442.01216 19.14314 0.04836
55442.01486 19.05294 0.04835
55442.01753 18.96558 0.0513
55442.02001 19.10133 0.06465
55442.02226 18.89183 0.07418
55442.70382 19.04623 0.04405
55442.70734 19.18642 0.04714
55442.71097 19.04321 0.04373
55442.71448 19.09338 0.044
55442.71808 19.04271 0.04111
55442.72168 18.99846 0.04091
55442.72527 19.12398 0.04504
55442.73272 19.09273 0.04203
55442.74184 19.09947 0.04314
55442.74882 19.00716 0.03767
55442.75572 19.06167 0.03971
55442.76147 19.06571 0.03964
55442.76615 19.07599 0.04045
55442.77616 19.04518 0.04372
55442.78135 19.07552 0.03791
55442.78615 19.04506 0.0377
55442.79145 19.01925 0.03528
55442.79615 19.01487 0.03625
55442.80186 19.07163 0.03633
55442.8093 19.06359 0.03548
55442.81443 19.09045 0.03914
55442.81939 19.0403 0.03603
55442.82447 19.0713 0.03415
55442.8293 19.05052 0.03564
55442.83541 19.06378 0.03544
55442.84012 19.01964 0.03704
55442.84597 19.04083 0.03497
55442.85112 19.08737 0.03824
55442.85657 19.00334 0.03466
55442.86387 19.08342 0.04054
55442.87002 19.0899 0.03832
55442.87503 19.02835 0.03491
55442.88048 19.06805 0.03393
55442.88617 19.12226 0.03604
55442.89221 19.0834 0.03768
55442.89785 19.01638 0.03637
55442.90297 19.03548 0.0351
55442.90871 19.08764 0.03946
55442.91368 19.07473 0.03694
55442.91875 19.12433 0.04052
55442.92384 19.09586 0.03744
55442.93037 19.08441 0.04015
55442.93642 19.10583 0.03696
55442.94588 19.09637 0.04235
55442.95166 19.09966 0.03556
55442.95754 19.06882 0.04005
55442.96246 19.03976 0.03686
55442.96833 19.02941 0.03945
55442.97317 19.06111 0.03704
55442.97782 19.08336 0.03773
55442.98206 19.06176 0.03548
55442.9872 19.13409 0.04023
55442.99348 19.06104 0.03872
55442.99858 19.13404 0.04148
55443.00329 19.15349 0.04005
55443.01002 19.08554 0.03949
55443.01702 19.04063 0.04587
55443.02387 19.38177 0.09046
55443.67742 19.09549 0.05825
55443.68488 19.17756 0.06452
55443.69287 19.17075 0.06073
55443.70415 19.08998 0.05135
55443.71028 19.1861 0.05042
55443.71632 19.14569 0.0484
55443.72231 19.11309 0.048
55443.72832 19.04648 0.04424
55443.736 19.00044 0.04561
55443.74306 19.14239 0.0437
55443.74812 19.06431 0.04121
55443.75372 19.0877 0.04172
55443.75946 19.09325 0.0422
55443.76526 19.17858 0.04572
55443.77007 19.17009 0.04749
55443.78027 19.11661 0.04992
55443.78539 19.15891 0.04281
55443.79156 19.12184 0.04172
55443.79717 19.15806 0.03855
55443.80302 19.05078 0.03936
55443.80895 19.07399 0.0401
55443.81493 19.14192 0.04313
55443.8204 19.07705 0.04319
55443.82634 19.15199 0.04041
55443.83239 19.14367 0.04
55443.83783 19.15816 0.03905
55443.84415 19.03555 0.03784
55443.84958 19.08033 0.03802
55443.85553 19.08746 0.03854
55443.86252 19.09182 0.03722
55443.87576 19.15217 0.0409
55443.88141 19.09682 0.03689
55443.88892 19.13392 0.03933
55443.89412 19.14712 0.0429
55443.90077 19.15235 0.0428
55443.90658 19.17776 0.04383
55443.91235 19.08339 0.03981
55443.91779 19.16146 0.04569
55443.92403 19.06948 0.04471
55443.92967 19.10526 0.04092
55443.93496 19.09175 0.04052
55443.94073 19.11066 0.04101
55443.94779 19.0671 0.04051
55443.95355 19.10631 0.04022
55443.95925 19.18786 0.04201
55443.9693 19.09444 0.0458
55443.97555 19.10608 0.0414
55443.98144 19.10459 0.0418
55443.98725 19.23051 0.04763
55443.99456 19.16537 0.04462
55444.00093 19.13623 0.04132
55444.0061 19.04485 0.04073
55444.01187 19.05018 0.04213
55444.0175 19.19008 0.05631
55444.02231 19.13772 0.07092
55444.66648 19.12638 0.07056
55444.67221 19.13635 0.06629
55444.67727 19.23002 0.06866
55444.68199 19.24017 0.09963
55444.68857 19.0413 0.05213
55444.69526 19.15006 0.05757
55444.70198 19.14586 0.05556
55444.7091 19.09951 0.05347
55444.71487 19.21152 0.05371
55444.72103 19.00377 0.0487
55444.72796 19.11112 0.04907
55444.73377 19.06719 0.04642
55444.74094 19.09412 0.04328
55444.74655 19.07084 0.04248
55444.75167 19.06261 0.04441
55444.75678 19.12177 0.04334
55444.76225 19.0578 0.03993
55444.7673 19.03584 0.03885
55444.77353 19.06526 0.04433
55444.77876 19.08015 0.04136
55444.78368 19.03761 0.03888
55444.79848 19.0751 0.03895
55444.80403 19.06607 0.03943
55444.81599 19.11691 0.04085
55444.8213 19.16268 0.0387
55444.83332 19.05579 0.04015
55444.83854 19.10372 0.03932
55444.84549 19.10549 0.03963
55444.85161 19.11446 0.0402
55444.85679 19.05741 0.03995
55444.86267 19.03376 0.0396
55444.86777 19.19904 0.0466
55444.87321 19.13891 0.04097
55444.87872 19.09331 0.04067
55444.88467 19.03195 0.03884
55444.89016 19.14802 0.04556
55444.89581 19.17002 0.04797
55444.90153 19.13455 0.04145
55444.90845 19.09294 0.04306
55444.91349 19.08765 0.03983
55444.92279 19.09763 0.03835
55444.93139 19.09716 0.03853
55444.94041 19.08783 0.03822
55444.94568 19.08071 0.03936
55444.951 19.16011 0.04275
55444.95724 19.13541 0.04244
55444.96289 19.0769 0.03735
55444.96923 19.07415 0.03947
55444.97411 19.15704 0.04404
55444.98062 19.0267 0.03847
55444.98915 19.11146 0.0445
55444.99553 19.07394 0.04178
55445.00157 19.12818 0.04089
55445.00779 19.13965 0.04177
55445.01282 19.11399 0.04715
55445.01777 19.02978 0.05163
55445.02227 19.20887 0.07314
55445.66261 19.15843 0.07077
55445.66749 19.10805 0.05805
55445.67244 19.15465 0.06236
55445.67731 19.16327 0.05763
55445.68422 19.00533 0.05071
55445.6905 19.11171 0.04673
55445.69681 19.0731 0.04632
55445.70294 19.1443 0.05028
55445.70921 19.19178 0.04834
55445.71534 19.30031 0.06084
55445.72141 19.32257 0.06492
55445.72791 19.22428 0.05134
55445.73457 19.23595 0.0546
55445.74013 19.10412 0.0434
55445.7456 19.10017 0.04544
55445.75096 19.18709 0.04506
55445.75643 19.08881 0.04394
55445.76191 19.20435 0.04666
55445.76784 19.17093 0.04202
55445.7737 19.13406 0.03995
55445.779 19.05934 0.04131
55445.78479 19.12072 0.04045
55445.79025 19.10463 0.0413
55445.79613 19.08782 0.03804
55445.81095 19.07005 0.04324
55445.81845 19.17276 0.03884
55445.82455 19.17376 0.03887
55445.83024 19.10816 0.03614
55445.84021 19.09002 0.03876
55445.84549 19.14592 0.03713
55445.85174 19.05967 0.03685
55445.85762 19.1367 0.03765
55445.8636 19.15818 0.03618
55445.86963 19.10072 0.03544
55445.87567 19.13435 0.03626
55445.88207 19.22755 0.03817
55445.88844 19.11386 0.03736
55445.89432 19.12927 0.03841
55445.89983 19.03645 0.03545
55445.90668 19.09091 0.03418
55445.91299 19.07247 0.03668
55445.91722 19.18491 0.03785
55445.92351 19.08871 0.03468
55445.92915 19.09636 0.03627
55445.93496 19.14388 0.03774
55445.94048 19.06888 0.03771
55445.95216 19.17111 0.03835
55445.95886 19.05371 0.03531
55445.97191 19.08223 0.03505
55445.97872 19.08779 0.03663
55445.98437 19.17388 0.03802
55445.98972 19.13441 0.03898
55445.99581 19.12977 0.03786
55446.00245 19.10735 0.0368
55446.00827 19.02103 0.03575
55446.01324 19.1925 0.03914
55446.01787 19.1824 0.04942
55446.0233 19.13423 0.0669
55446.66046 19.13646 0.06367
55446.66501 19.25078 0.06124
55446.67089 19.18645 0.06002
55446.67601 19.16124 0.05836
55446.6814 19.1363 0.05673
55446.68915 19.13088 0.04983
55446.70044 19.1811 0.05162
55446.70781 19.07882 0.04955
55446.71375 19.10747 0.05032
55446.71998 19.09654 0.04726
55446.7269 19.14982 0.04649
55446.73768 19.07279 0.04663
55446.74263 19.11763 0.04307
55446.74841 19.08514 0.04395
55446.75986 19.10758 0.04048
55446.76487 19.04569 0.03709
55446.77004 19.06173 0.03869
55446.77518 19.07057 0.0365
55446.78018 19.13118 0.03797
55446.78654 19.08909 0.03756
55446.79243 19.12598 0.03843
55446.79818 19.08568 0.03724
55446.80822 19.15021 0.04329
55446.81336 19.11712 0.0388
55446.81934 19.12531 0.03919
55446.82569 19.04463 0.03816
55446.83186 19.08957 0.0378
55446.83803 19.07012 0.03718
55446.84316 19.09371 0.03859
55446.84946 19.07321 0.03726
55446.85529 19.09281 0.04991
55446.86132 19.19565 0.04544
55446.86741 19.02896 0.06345
55446.87321 19.11631 0.03708
55446.87945 19.06003 0.03645
55446.88583 19.17657 0.03863
55446.89176 19.03362 0.03722
55446.89901 19.11552 0.04038
55446.90569 19.0596 0.03814
55446.91293 19.04569 0.03628
55446.91958 19.04203 0.03764
55446.92538 19.06877 0.0362
55446.93113 19.01881 0.03551
55446.93686 19.1778 0.03589
55446.94237 19.09138 0.03899
55446.94842 19.08872 0.03705
55446.95451 19.10991 0.03544
55446.96034 19.10721 0.03759
55446.96641 19.09748 0.03555
55446.97287 19.03509 0.03678
55446.97827 19.11728 0.03901
55446.98464 19.15632 0.03771
55446.99026 19.09036 0.03477
55446.99646 19.20827 0.0388
55447.00329 19.12612 0.03706
55447.02248 19.18303 0.06491
55448.00377 19.09589 0.03632
55448.65527 18.93863 0.05741
55448.70146 19.04423 0.06104
55449.82958 19.13256 0.0396
55449.87259 19.04906 0.03818
55450.82585 19.0787 0.03858
55450.86998 19.13611 0.03785
55451.65338 19.19448 0.0622
55451.70095 19.02595 0.04403
55452.64792 19.08388 0.06165
55452.69243 19.07018 0.0468
55453.64519 19.11146 0.06688
55453.6895 19.15919 0.04982
55454.64058 19.2319 0.07516
55454.68793 19.16291 0.06185
55455.63923 19.20538 0.07737
55455.7154 19.23759 0.06001
55456.63346 19.10075 0.08355
55456.67702 19.11983 0.06818
55457.63067 19.24734 0.0852
55457.6732 19.03872 0.06079
55458.66069 19.08261 0.0622
55458.7057 19.26993 0.06543
55459.63016 18.86592 0.12048
55459.69034 19.10138 0.09004
55460.63624 19.12196 0.08671
55460.72453 19.15092 0.07129
55461.62523 19.29507 0.15538
55461.67649 19.12878 0.08301
55462.76573 19.24804 0.09332
55462.80848 19.30665 0.09721
55463.63005 19.03109 0.13982
55463.71104 19.08776 0.08704
55466.61784 19.25577 0.07553
55466.61959 19.16207 0.0779
55466.62134 19.15901 0.06134
55466.6231 19.12507 0.06185
55466.62486 19.10231 0.06175
55466.62661 19.27908 0.06341
55466.62943 19.12903 0.06065
55466.63143 19.20322 0.06309
55466.63348 19.21353 0.06241
55466.67604 19.41698 0.08439
55467.62749 18.99928 0.0606
55468.7394 19.0143 0.04654
55468.78277 19.09165 0.05301
55469.73472 19.10875 0.0739
55469.80235 19.14925 0.10826
55470.77885 19.4167 0.10896
55470.82246 19.07699 0.04764
55471.77466 19.09488 0.03692
55471.82993 19.11491 0.07334
55472.62548 19.22207 0.05588
55472.66936 19.12021 0.04508
55473.62096 18.95679 0.07072
55477.66775 19.068 0.04613
55477.71276 19.09326 0.04389
55478.62384 19.23891 0.06259
55478.66775 19.12768 0.04991
55479.61565 19.014 0.05099
55479.65968 19.12119 0.04592
55480.61506 19.18692 0.05847
55480.65805 19.10094 0.04554
55481.61182 19.0747 0.0501
55481.69382 19.08455 0.03882
55482.61769 19.1688 0.05533
55482.66188 19.09113 0.04511
55482.67843 19.07514 0.04294
55483.61039 19.22424 0.05315
55483.66512 19.17922 0.04644
55484.66377 19.22439 0.05367
55484.70695 19.06801 0.04819
55485.61939 19.05112 0.05884
55485.66329 19.08848 0.04903
55486.61418 19.03082 0.0679
55497.84041 19.32244 0.07151
55497.89223 19.40672 0.0759
55498.71756 19.07827 0.0445
55498.79 19.13342 0.05442
55499.59404 19.21418 0.05022
55499.63881 19.2292 0.04679
55501.66259 19.24513 0.05706
55501.75706 19.21681 0.04456
55502.72145 19.08373 0.04801
55502.82148 19.15628 0.04973
55503.77762 19.29986 0.05378
55503.8732 19.07186 0.04973
55504.82418 19.17137 0.04694
55504.91868 19.30437 0.05684
55506.68972 18.97606 0.04815
55506.73387 19.10397 0.04358
55507.81368 19.26165 0.04972
55507.89267 19.27607 0.06412
55513.658 19.2136 0.05419
55513.7418 19.1152 0.04941
55514.69377 19.06093 0.0509
55514.73749 19.09142 0.0533
55515.69951 19.14612 0.05726
55515.74236 19.1477 0.05201
55516.67238 19.20439 0.07678
55516.71654 19.19449 0.07117
55517.61497 19.07978 0.05971
55517.6584 19.13409 0.0609
55518.61481 19.09143 0.07197
55518.6578 19.24124 0.07572
55527.74242 19.35067 0.07008
55530.70615 19.44097 0.06454
55530.75072 19.34733 0.07013
55531.77418 19.13248 0.06914
55531.81743 19.23165 0.08773
55532.78408 19.05611 0.04283
55532.82836 19.18214 0.05123
55535.68432 19.09517 0.0433
55537.58157 19.26878 0.08942
55537.62557 19.26027 0.05504
55538.57995 19.12848 0.05332
55538.62381 19.15989 0.04229
55539.58012 19.09942 0.05002
55539.62283 19.16706 0.04625
55540.61811 19.1538 0.04194
55540.66215 19.11644 0.0431
55541.61644 19.25882 0.05768
55541.65945 19.1921 0.0678
55544.59603 19.20537 0.0533
55544.64191 19.26361 0.05239
55545.59598 19.17534 0.09218
55545.63939 19.12642 0.06139
55558.69892 19.05324 0.09603
55558.75663 19.16444 0.0515
55559.7264 19.3981 0.09704
55561.73304 19.27872 0.06403
55561.77682 19.30267 0.07385
55567.59621 19.25172 0.05226
55575.595 19.28823 0.0892
55575.6386 19.40591 0.09238
55577.59504 19.14854 0.10069
55577.63849 19.2134 0.1017
55578.61202 19.0777 0.15613
55579.61368 19.25733 0.06609
55579.65687 19.19276 0.08957
55580.66998 19.03152 0.07169
55580.71648 19.12425 0.11817
55583.61703 19.16741 0.04805
55583.66119 19.23078 0.06699
55584.63985 19.19591 0.04862
55584.68286 19.33146 0.0654
55586.61685 19.24632 0.04738
55586.66038 19.20974 0.05568
55588.66264 19.55271 0.10724
55588.70647 19.44149 0.10475
55722.89872 19.53823 0.08267
55723.91976 19.4276 0.08917
55723.9634 19.38171 0.06549
55730.92322 19.56676 0.1151
55733.86776 19.25589 0.08428
55733.91212 19.25652 0.06678
55750.83279 19.48534 0.0811
55750.87598 19.29029 0.06011
55753.86132 19.31331 0.07783
55756.88391 19.33734 0.1242
55756.93392 19.13312 0.1085
55759.84878 19.38167 0.08998
55759.89212 19.36539 0.0771
55762.79606 19.32028 0.11499
55762.8402 19.28284 0.06939
55766.7805 19.31463 0.0706
55766.83041 19.28508 0.06222
55768.77509 19.31825 0.0828
55768.82037 19.31176 0.07012
55769.80074 19.27369 0.05998
55769.84468 19.22 0.04872
55770.78189 19.33702 0.06719
55770.82573 19.1958 0.05109
55771.78074 19.25272 0.05752
55771.82449 19.27322 0.05262
55774.75968 19.12444 0.06265
55774.80363 19.28821 0.0557
55775.7599 19.04258 0.07332
55775.80332 19.16656 0.11754
55779.7464 19.22919 0.07682
55779.79086 19.26283 0.05432
55780.74948 19.40571 0.08011
55780.79415 19.33405 0.06661
55782.7508 19.45114 0.09411
55782.7956 19.33183 0.08816
55783.7573 18.89804 0.10494
55783.80103 19.33874 0.08553
55784.74207 19.14936 0.12986
55789.73736 19.49283 0.12302
55789.78039 19.15331 0.09789
55790.77463 19.37019 0.08858
55791.73123 19.14292 0.1008
55791.77527 19.19488 0.0821
55793.74743 19.41443 0.07823
55793.79097 19.2564 0.08051
55794.75972 19.24164 0.0605
55794.81629 19.21445 0.07212
55809.66644 19.45404 0.11299
55809.7101 19.48035 0.08606
55811.66044 19.43308 0.11706
55811.7042 19.17659 0.07439
55812.65876 19.21367 0.09304
55812.70198 19.24017 0.07869
55813.66257 19.20386 0.10325
55813.70671 19.31054 0.096
55818.70874 19.5062 0.18821
55820.63925 19.40365 0.08524
55821.63464 19.33681 0.07294
55822.63132 19.44124 0.08534
55822.67415 19.25883 0.05818
55823.62908 19.3633 0.0797
55823.67275 19.21086 0.07369
55824.62608 19.11995 0.10709
55824.6697 19.2523 0.06138
55838.61464 19.25413 0.0909
55838.65944 19.39689 0.07553
55842.61856 19.25014 0.12838
55842.66208 19.30374 0.09907
55843.65444 19.38489 0.1113
55844.60924 19.5747 0.18408
55844.65374 19.26647 0.09989
55849.60547 19.42969 0.07039
55849.65079 19.21957 0.08401
55850.60468 19.38223 0.0676
55850.64918 19.24935 0.06389
55851.60318 19.2328 0.06297
55851.64641 19.19553 0.05054
55852.60416 19.42526 0.07169
55852.6481 19.31686 0.0583
55853.60163 19.33547 0.06788
55853.6463 19.27263 0.05475
55854.60164 19.28618 0.06963
55854.64607 19.23818 0.05355
55866.5884 19.33104 0.07518
55866.64679 19.30118 0.06359
55867.58757 19.40271 0.12557
55867.63053 19.5464 0.08717
55868.5865 19.53975 0.0928
55868.63002 19.38167 0.09237
55880.87841 19.26308 0.09381
55880.92255 19.39143 0.0997
55882.86968 19.3298 0.06961
55882.87146 19.34085 0.07071
55882.91495 19.18332 0.07544
55883.86679 19.05686 0.05607
55883.91496 19.53948 0.1075
55887.63181 19.21832 0.05613
55887.68352 19.26997 0.05964
55888.8957 19.21506 0.0796
55889.80049 19.14549 0.04702
55889.84447 19.30762 0.0565
55891.57974 19.08265 0.07339
55891.6225 19.20605 0.0547
55893.58261 19.2958 0.0664
55893.62546 19.38482 0.06308
55894.58144 19.22665 0.06998
55894.62473 19.60527 0.12384
55896.58202 19.38765 0.09022
55898.82137 19.29062 0.09409
55898.86551 19.14655 0.09547
55902.58519 19.23078 0.15013
55902.64414 19.4774 0.11397
55903.58342 19.1253 0.09005
55903.62024 19.36193 0.10116
55904.58683 19.32918 0.09913
55906.58378 19.36282 0.08731
55906.64029 19.04665 0.07348
55916.59575 19.3134 0.06174
55916.64026 19.06492 0.05382
55922.6423 19.27736 0.05599
55923.59751 19.18253 0.0625
55923.64145 19.20827 0.05309
55924.60837 19.18222 0.05211
55925.59941 19.01468 0.07274
55925.67897 19.24475 0.05024
55926.58279 19.13686 0.0562
55926.62543 19.17104 0.05514
55930.58585 19.27049 0.09274
55930.62499 19.41837 0.10063
55931.58458 19.16687 0.08078
55931.62692 19.0601 0.10294
55932.62858 19.13903 0.10135
55936.60917 19.13036 0.08917
55936.65247 19.17429 0.07459
55937.58951 19.18775 0.07399
55939.64879 19.26602 0.0678
55939.6851 19.20427 0.06596
55940.59145 19.33163 0.08872
55940.64013 19.21376 0.13531
55941.59048 19.31078 0.18572
55943.69972 19.28176 0.06001
55943.74446 19.1992 0.0693
55944.64379 19.1665 0.05394
55944.67224 19.2163 0.0658
55946.63797 19.2658 0.12311
55947.59349 19.15003 0.06174
55947.63713 19.31341 0.11166
55949.64923 19.22487 0.06064
55949.6924 19.55653 0.10735
55952.60617 19.14885 0.05955
55952.64932 19.22305 0.06882
55953.59751 19.28958 0.07329
55953.64127 19.16865 0.05662
55954.59787 19.18815 0.10195
55954.64157 19.44403 0.09363
55958.61566 19.16778 0.08252
55958.67117 19.25042 0.08713
55959.64574 19.50138 0.11641
55960.60205 19.00139 0.10309
55960.64497 19.38531 0.14262
55962.61935 19.15727 0.07642
55962.69096 19.49221 0.15328
56059.98484 19.3769 0.132
56060.97134 19.37849 0.13007
56061.96903 19.45854 0.11002
56063.96519 19.42587 0.10623
56066.96916 19.32216 0.08502
56067.96802 19.21704 0.07429
56068.98301 19.39322 0.18733
56070.97101 19.30432 0.08846
56071.95528 19.59566 0.10386
56075.93073 19.21202 0.07654
56075.96117 19.37376 0.07859
56076.96161 19.16158 0.0705
56077.97941 19.19014 0.12218
56078.92335 19.34968 0.09479
56078.95394 19.58928 0.09771
56079.91957 19.26356 0.09661
56079.94994 19.35616 0.06911
56079.97946 19.15026 0.12708
56081.9528 19.63378 0.16447
56084.95914 19.26179 0.12188
56085.9361 19.31547 0.13032
56085.9661 18.96562 0.09868
56086.90079 19.11388 0.10149
56086.9317 19.29235 0.10368
56086.96186 19.11374 0.07481
56087.95118 19.53007 0.08991
56088.93216 19.17897 0.0789
56088.96298 19.24222 0.07922
56089.90743 19.27689 0.0854
56089.9375 19.13188 0.0725
56090.89626 19.36279 0.115
56091.93224 19.26097 0.0698
56091.96189 19.29001 0.06999
56092.88532 19.35977 0.07632
56092.91513 19.31567 0.0713
56092.94551 19.31081 0.0691
56093.88544 19.34407 0.08871
56093.91605 19.30361 0.08759
56093.95942 19.31771 0.06737
56094.8793 19.30999 0.10342
56094.90895 19.31087 0.08042
56094.93794 19.2514 0.06511
56095.89413 19.37993 0.0861
56095.92394 19.37775 0.0949
56095.95378 19.20704 0.06244
56096.8846 19.33125 0.07819
56096.91464 19.35375 0.07322
56096.94475 19.16235 0.05662
56097.90204 19.43769 0.07508
56099.86796 19.42296 0.07529
56099.8979 19.12677 0.05442
56099.92867 19.22722 0.05273
56100.87134 19.29149 0.09428
56100.9014 19.32844 0.07159
56100.93113 19.42347 0.07099
56101.86099 19.20058 0.10072
56101.89166 19.38195 0.0817
56101.92164 19.24724 0.07098
56102.85884 19.44164 0.07548
56102.88948 19.23934 0.06201
56102.91975 19.12756 0.05377
56103.85688 19.29726 0.10037
56103.89198 19.29599 0.07616
56103.92203 19.28699 0.06928
56104.86298 19.37296 0.07938
56104.89266 19.25914 0.06406
56104.92258 19.17498 0.06098
56105.87772 19.29745 0.0697
56105.90846 19.30057 0.06278
56105.93782 19.21097 0.06311
56106.84826 19.35131 0.07131
56106.87859 19.22352 0.06767
56106.90907 19.23182 0.05412
56107.84497 19.11727 0.11515
56107.87579 19.33013 0.07368
56107.90655 19.09475 0.0605
56108.86703 19.21443 0.10817
56108.89669 19.27373 0.08189
56108.92686 19.23281 0.05739
56109.93363 19.31276 0.069
56110.86774 19.5169 0.12247
56110.89782 19.58482 0.10265
56110.92786 19.20378 0.08617
56111.86949 19.18203 0.10566
56111.91431 19.25533 0.10628
56111.94457 19.20687 0.09338
56113.8878 19.54462 0.1242
56113.93235 19.44156 0.10436
56113.96218 19.241 0.07869
56114.87108 19.43369 0.13587
56114.92357 19.27066 0.08086
56114.95378 19.13396 0.06891
56115.85803 19.32306 0.11148
56115.88797 19.4325 0.09071
56115.9179 19.16186 0.0792
56116.90131 19.21551 0.07891
56116.93261 19.19631 0.0909
56116.96078 19.28704 0.07979
56117.86349 19.16902 0.09661
56117.89333 19.13315 0.07342
56117.92405 19.25701 0.06904
56118.82762 18.91709 0.10604
56118.85812 19.42438 0.09923
56118.8884 19.30774 0.08885
56119.81535 19.11226 0.12572
56119.84536 19.30407 0.12315
56120.95573 19.36358 0.10582
56123.80269 19.25136 0.074
56123.8333 19.19763 0.06347
56123.86323 19.07426 0.06024
56124.8239 19.47998 0.0814
56124.85579 19.38485 0.07322
56124.90647 19.28227 0.0659
56125.83541 19.2084 0.06508
56125.8655 19.21989 0.05889
56125.89611 19.20712 0.05817
56126.79674 19.34418 0.08525
56126.82683 19.22784 0.07312
56126.85662 19.15412 0.10877
56127.87262 19.28954 0.06407
56128.79045 19.50642 0.08649
56128.8202 19.1539 0.05723
56128.8509 19.26538 0.0581
56129.81763 19.05108 0.05681
56129.84839 19.1293 0.05953
56130.78415 19.25777 0.08277
56130.81619 19.02879 0.08224
56130.84603 19.12112 0.06349
56131.81956 19.09896 0.06161
56131.84966 19.09683 0.05835
56131.87991 19.16689 0.05298
56132.81342 19.09686 0.06179
56132.85526 19.18174 0.05828
56133.77702 19.14816 0.06372
56133.80732 19.07715 0.05253
56133.83817 19.27466 0.0572
56135.77548 19.24231 0.09726
56135.80558 19.3612 0.06201
56135.8357 19.20848 0.0427
56136.78168 19.26954 0.07886
56136.81139 19.09028 0.06269
56136.84105 19.369 0.06149
56137.77719 19.13723 0.07636
56137.8165 19.10445 0.10282
56137.84943 19.21899 0.07979
56138.79423 19.08671 0.11441
56143.75013 19.23834 0.11034
56143.77946 19.30882 0.10949
56143.81202 19.1482 0.09088
56144.79078 19.17827 0.081
56144.82138 19.20012 0.07222
56145.74531 19.28983 0.18418
56145.77477 19.40784 0.12411
56145.80436 19.22113 0.10138
56146.77217 19.29282 0.09629
56146.83591 19.35775 0.07771
56147.75046 19.21546 0.08418
56147.78019 19.09717 0.08673
56147.81614 19.0614 0.07449
56148.73743 19.20365 0.06337
56148.76798 19.24177 0.06141
56148.79928 19.091 0.06554
56151.84315 19.13617 0.0391
56151.87618 19.1792 0.04304
56151.91621 19.13857 0.03811
56164.86055 19.24202 0.03883
56164.89061 19.2266 0.0364
56164.92052 19.17689 0.03657
56165.82275 19.19936 0.0501
56165.85221 19.17153 0.04112
56165.88255 19.19923 0.03855
56166.78411 19.14218 0.05502
56166.82415 19.08651 0.04849
56166.85436 19.13329 0.04599
56167.76082 19.20757 0.0645
56167.79008 19.20641 0.06271
56167.82893 19.11526 0.0532
56168.73084 19.37344 0.08871
56168.76135 19.17374 0.07036
56168.79094 19.35791 0.07484
56169.70528 19.17938 0.1185
56169.73488 19.36421 0.09555
56169.78208 19.13471 0.08474
56170.70609 19.35318 0.13237
56170.73648 19.3627 0.10181
56170.76821 19.18293 0.11137
56176.66101 19.47335 0.11502
56176.74473 19.27491 0.07406
56176.77537 19.06461 0.07278
56177.67775 19.08358 0.04974
56177.71467 19.09651 0.04385
56177.7448 19.15109 0.04744
56178.65701 19.31998 0.07063
56178.7245 19.25918 0.05616
56178.75548 19.18703 0.04475
56189.71737 19.28846 0.05898
56189.74707 19.23144 0.0542
56194.65274 19.29662 0.0773
56194.68156 19.1113 0.06749
56194.73072 19.38583 0.06428
56195.63238 19.24302 0.08104
56195.68489 19.42381 0.07749
56195.74387 19.29691 0.06879
56196.64868 19.13087 0.06603
56196.67925 19.24852 0.07389
56196.70945 19.28057 0.07307
56197.62224 19.06745 0.10042
56197.65122 19.5067 0.11858
56197.68048 19.17409 0.08937
56198.63271 19.57281 0.13624
56198.66294 19.39916 0.13714
56198.69225 19.29927 0.0894
56202.61563 19.42938 0.12279
56202.64754 19.25745 0.13232
56202.70169 19.28742 0.09688
56207.71676 19.19509 0.07886
56207.82773 19.11874 0.10389
56224.66207 19.14672 0.065
56224.69182 19.15547 0.08531
56225.74851 19.30287 0.07427
56225.84088 19.28738 0.06789
56226.79663 19.44071 0.13066
56227.72154 19.41168 0.08326
56227.75148 19.29218 0.09049
56228.67316 19.28378 0.07862
56228.71 19.29522 0.09061
56229.61202 19.10786 0.0852
56229.68338 19.23639 0.08362
56230.64599 19.00324 0.08349
56230.73676 19.23438 0.11885
56231.86041 19.20768 0.09416
56232.82116 19.14942 0.06564
56233.75399 19.22401 0.06122
56233.78371 19.16956 0.09841
56234.68453 19.08327 0.05618
56234.71313 19.26584 0.06189
56235.61461 19.21365 0.05831
56235.64419 19.14822 0.04541
56236.58514 19.15887 0.07381
56236.61561 19.0946 0.05178
56237.58477 19.13915 0.0562
56237.61509 19.2189 0.05072
56238.58334 19.07208 0.0635
56238.61531 19.10426 0.04692
56239.58294 19.07955 0.05874
56239.61141 19.12896 0.04772
56251.83071 19.33494 0.04932
56251.86073 19.1414 0.05113
56252.58576 19.11756 0.04884
56252.60631 19.09156 0.04773
56252.62487 19.23483 0.05089
56252.64555 19.18069 0.05272
56252.66096 19.18459 0.04778
56252.69879 19.2661 0.05244
56252.71706 19.24113 0.05179
56252.73499 19.21688 0.04645
56252.75258 19.13227 0.04544
56252.76856 19.13832 0.05225
56252.78929 19.14716 0.05463
56252.80517 19.24147 0.05711
56252.821 19.19122 0.05059
56252.83831 19.08771 0.04679
56252.85634 19.23623 0.05377
56253.58621 19.22544 0.05937
56253.60335 19.18683 0.05859
56253.62054 19.26061 0.05571
56253.63682 19.1484 0.05551
56253.6539 19.25925 0.05649
56253.6721 19.2058 0.06479
56253.70902 19.17231 0.06439
56253.7307 19.18766 0.07656
56253.75003 19.07018 0.08422
56253.76637 18.91466 0.06541
56253.78832 19.21135 0.06516
56253.8078 19.22371 0.06658
56253.82956 19.1577 0.06249
56253.85372 19.24431 0.06303
56254.74613 19.08003 0.05454
56254.77889 19.20936 0.0709
56255.68248 19.12542 0.0755
56255.7252 19.40214 0.07716
56256.62657 19.18563 0.06829
56256.6557 19.2725 0.08208
56257.58763 19.01188 0.08641
56257.64219 19.25265 0.07482
56258.58614 19.1584 0.09363
56258.61848 19.15102 0.07969
56259.59443 19.17505 0.09272
56259.62495 19.15653 0.08441
56265.629 19.18044 0.04809
56265.6592 19.14494 0.05448
56266.58222 19.20285 0.07555
56266.6126 19.42457 0.1429
56267.58751 19.13008 0.04955
56267.61751 19.1271 0.04731
56268.59364 19.15238 0.0432
56268.62314 19.18402 0.04145
56269.58319 19.22357 0.04874
56269.58435 19.1774 0.04559
56269.58546 19.15835 0.04501
56269.58657 19.28316 0.04889
56269.58771 19.17619 0.04423
56269.58893 19.16237 0.0447
56269.59006 19.15044 0.04314
56269.59133 19.23012 0.04479
56269.59245 19.17656 0.04181
56269.59364 19.09247 0.04143
56269.59478 19.05209 0.042
56269.596 19.22092 0.0437
56269.59713 19.19494 0.0428
56269.59843 19.14764 0.04195
56269.59956 19.27556 0.0462
56269.60977 19.19086 0.04629
56269.61093 19.23977 0.04465
56269.6121 19.07392 0.03932
56269.61321 19.1856 0.04673
56269.61434 19.19437 0.04391
56269.61547 19.09176 0.0415
56269.61659 19.20907 0.04363
56269.61773 19.19536 0.04631
56269.61884 19.14225 0.04109
56269.61995 19.14625 0.04173
56269.62115 19.18476 0.04336
56269.6223 19.14021 0.04231
56269.62343 19.2209 0.04261
56269.62457 19.12998 0.04101
56269.62569 19.15312 0.03922
56269.62688 19.134 0.04213
56269.628 19.12786 0.04369
56269.6375 19.19841 0.04833
56269.63881 19.17599 0.04414
56269.64001 19.23093 0.04082
56269.64114 19.2586 0.0416
56269.64226 19.20924 0.04312
56269.64337 19.21602 0.04162
56269.6445 19.16178 0.04146
56269.64562 19.21336 0.04153
56269.64675 19.1283 0.04165
56269.64789 19.14098 0.03975
56269.64905 19.1257 0.0408
56269.65017 19.11059 0.03952
56269.65129 19.14753 0.04073
56269.65247 19.10828 0.0411
56269.65359 19.30833 0.04323
56269.65473 19.18505 0.03981
56269.65585 19.25853 0.04291
56269.65698 19.16843 0.04062
56269.65819 19.15027 0.03919
56269.65932 19.19363 0.03984
56269.66055 19.16966 0.04161
56269.66167 19.15635 0.04034
56269.66279 19.23222 0.04313
56269.66393 19.19534 0.04092
56269.66595 19.13443 0.03988
56269.66717 19.161 0.04002
56269.66829 19.16125 0.04082
56269.66952 19.19668 0.04083
56269.67064 19.20233 0.04172
56269.67184 19.18861 0.0412
56269.673 19.13375 0.03932
56269.67412 19.14566 0.04051
56269.67533 19.18188 0.04182
56269.67646 19.26038 0.04469
56269.6776 19.05143 0.0388
56269.67883 19.15829 0.03854
56269.67997 19.20769 0.04091
56269.6812 19.1475 0.03792
56269.68232 19.07327 0.03727
56269.68343 19.20644 0.04253
56269.68473 19.14247 0.03877
56269.68592 19.1463 0.03905
56269.68705 19.11731 0.03968
56269.68816 19.13273 0.03697
56269.68929 19.13453 0.03771
56269.69041 19.08133 0.03834
56269.69157 19.20866 0.04169
56269.69269 19.18948 0.0386
56269.69383 19.12432 0.03983
56269.69496 19.20935 0.04268
56269.69608 19.13399 0.03919
56269.69898 19.10936 0.03792
56269.70011 19.16969 0.03899
56269.70126 19.11657 0.03812
56269.70241 19.20632 0.04014
56269.70357 19.17025 0.03819
56269.70468 19.17222 0.03825
56269.70581 19.30372 0.0418
56269.70705 19.18657 0.03851
56269.70816 19.17191 0.03892
56269.70937 19.14761 0.0389
56269.7105 19.14853 0.03813
56269.71167 19.12316 0.03882
56269.7128 19.17029 0.04059
56269.71403 19.15801 0.04011
56269.71516 19.2416 0.03929
56269.7163 19.09941 0.03971
56269.72641 19.26287 0.04542
56269.72763 19.15531 0.03812
56269.72875 19.14901 0.03794
56269.72987 19.15825 0.03843
56269.731 19.1338 0.03931
56269.73213 19.07579 0.03762
56269.73326 19.1223 0.03936
56269.73438 19.12653 0.04031
56269.73557 19.14368 0.04202
56269.73682 19.1008 0.03974
56269.73796 19.19322 0.0408
56269.73911 19.18516 0.03953
56269.74036 19.11014 0.03883
56269.74147 19.19151 0.03878
56269.74272 19.15938 0.04045
56269.74391 19.17016 0.04741
56269.74502 19.20435 0.04052
56269.7462 19.09448 0.03969
56269.74734 19.20937 0.04181
56269.74846 19.13058 0.04171
56269.74961 19.19681 0.04309
56269.75074 19.13014 0.0407
56269.75201 19.2385 0.0418
56269.75316 19.11242 0.03922
56269.75429 19.15412 0.04174
56269.75553 19.2716 0.04429
56269.75665 19.11892 0.04009
56269.75779 19.21691 0.04532
56269.75895 19.09065 0.03963
56269.76008 19.19361 0.04249
56269.76123 19.09782 0.0409
56269.76235 19.15168 0.0429
56269.76348 19.11843 0.04171
56269.76459 19.14458 0.04282
56269.76573 19.16252 0.04528
56269.78036 19.30767 0.05373
56269.78151 19.14156 0.04343
56269.78271 19.15378 0.0456
56269.78391 19.11914 0.0445
56269.78511 19.07577 0.04173
56269.78751 19.14631 0.04471
56269.78876 19.12559 0.04499
56269.78989 19.202 0.0478
56269.79108 19.21419 0.04753
56269.79227 19.12884 0.04413
56269.79356 19.19737 0.04688
56269.79478 19.10076 0.04281
56269.7959 19.1652 0.04599
56269.79701 19.20338 0.04739
56269.79816 19.16357 0.0469
56269.79928 19.1619 0.0433
56269.80041 19.16321 0.04638
56269.80156 19.14587 0.04379
56269.80276 19.16794 0.04472
56269.80404 19.15126 0.0449
56269.80517 19.23633 0.04539
56269.80638 19.16035 0.04447
56269.80752 19.15564 0.04645
56269.80866 19.15731 0.04583
56270.57931 19.1828 0.05027
56270.58058 19.2627 0.04605
56270.58188 19.16259 0.04327
56270.58305 19.11549 0.04204
56270.58429 19.21069 0.04571
56270.58556 19.19546 0.04391
56270.58671 19.23463 0.04397
56270.58798 19.19991 0.04133
56270.58926 19.09883 0.04083
56270.59051 19.22178 0.04244
56270.59176 19.13229 0.04319
56270.59301 19.1399 0.0403
56270.59588 19.11021 0.04006
56270.59719 19.14236 0.03819
56270.59846 19.12879 0.04001
56270.59973 19.12827 0.03938
56270.60101 19.17838 0.04126
56270.60229 19.08994 0.03894
56270.60361 19.14296 0.03988
56270.60484 19.11945 0.03754
56270.60617 19.15601 0.04104
56270.60733 19.1836 0.03944
56270.60868 19.17923 0.04033
56270.60993 19.16728 0.03904
56270.61121 19.1798 0.04097
56270.61244 19.16563 0.04058
56270.61368 19.15823 0.03942
56270.61481 19.19725 0.03797
56270.61593 19.18859 0.04038
56270.61713 19.17116 0.03879
56270.61835 19.15196 0.04068
56270.61963 19.13634 0.03757
56270.62082 19.16863 0.03764
56270.62212 19.14259 0.03938
56270.62324 19.16053 0.0376
56270.62438 19.1386 0.03843
56270.6255 19.10793 0.03843
56270.62668 19.19626 0.04146
56270.62781 19.17963 0.04091
56270.62895 19.17302 0.04097
56270.63017 19.1789 0.04164
56270.6313 19.15098 0.03907
56270.63259 19.19873 0.04141
56270.63372 19.19782 0.04144
56270.63484 19.11297 0.04085
56270.64581 19.1131 0.04011
56270.64713 19.16842 0.04067
56270.64825 19.19444 0.04167
56270.6495 19.12162 0.03969
56270.65082 19.13918 0.03956
56270.65222 19.15062 0.04057
56270.65336 19.07871 0.04043
56270.6545 19.16697 0.04208
56270.65562 19.11547 0.03968
56270.65697 19.10323 0.03834
56270.65832 19.22998 0.04279
56270.65959 19.15971 0.04057
56270.66092 19.11687 0.04115
56270.66217 19.19564 0.04233
56270.66351 19.17385 0.04088
56270.66477 19.06236 0.03701
56270.67891 19.11577 0.04103
56270.68008 19.12028 0.03934
56270.68122 19.12558 0.03788
56270.68243 19.15305 0.03712
56270.68382 19.16322 0.03992
56270.68508 19.14567 0.0392
56270.68653 19.15214 0.04025
56270.68784 19.14355 0.0393
56270.68912 19.19499 0.04104
56270.69114 19.14833 0.03927
56270.69232 19.12766 0.03869
56270.69365 19.18027 0.03967
56270.6948 19.16893 0.03768
56270.69617 19.18578 0.03819
56270.69746 19.15763 0.03899
56270.6986 19.16152 0.03746
56270.6999 19.19476 0.04259
56270.70121 19.19816 0.03837
56270.70235 19.2261 0.04025
56270.70349 19.19598 0.03995
56270.70482 19.15493 0.03966
56270.70613 19.19525 0.03924
56270.70726 19.1205 0.03867
56270.7086 19.13033 0.03957
56270.70972 19.12766 0.03907
56270.71103 19.10921 0.03848
56270.71235 19.17182 0.03982
56270.71347 19.12346 0.03975
56270.71481 19.05118 0.03684
56270.71608 19.13684 0.03907
56270.71722 19.10076 0.03889
56270.71853 19.19528 0.04035
56270.71967 19.17094 0.03862
56270.72098 19.11447 0.03765
56270.72302 19.17347 0.04029
56270.72439 19.13319 0.04037
56270.72553 19.06714 0.03903
56270.72665 19.15905 0.03885
56270.72793 19.10653 0.03802
56270.72927 19.16725 0.04155
56270.73043 19.12498 0.03796
56270.73161 19.16658 0.04095
56270.73292 19.15427 0.03986
56270.73506 19.15362 0.03966
56270.73622 19.15151 0.03902
56270.73753 19.26683 0.04414
56270.73887 19.10619 0.03986
56270.74001 19.1338 0.0402
56270.74126 19.12959 0.03859
56270.7424 19.11417 0.03948
56270.74369 19.11247 0.03798
56270.74498 19.22145 0.04096
56270.74609 19.21005 0.04176
56270.74744 19.11332 0.0368
56270.7486 19.17885 0.04108
56270.74995 19.1331 0.04089
56270.75121 19.12335 0.03893
56270.75241 19.14399 0.03972
56270.75372 19.12963 0.04086
56270.75502 19.1332 0.04014
56270.75706 19.14663 0.04158
56270.75826 19.14761 0.04011
56270.75948 19.10613 0.04354
56270.76078 19.17473 0.04486
56270.76208 19.14829 0.04252
56270.77223 19.24236 0.04811
56270.77464 19.24238 0.04681
56270.77775 19.08357 0.04297
56270.77887 19.13495 0.04337
56270.78012 19.1786 0.04443
56270.78147 19.1725 0.04671
56270.78273 19.12867 0.04242
56270.784 19.16345 0.04597
56270.78526 19.17867 0.04918
56270.78661 19.11036 0.04738
56270.78776 19.24174 0.04904
56270.7891 19.20235 0.0479
56270.79021 19.16424 0.04545
56270.79151 19.12223 0.04644
56270.7928 19.1298 0.04526
56270.79391 19.1291 0.04516
56270.79508 19.22193 0.04816
56270.79619 19.16194 0.04625
56270.7975 19.1251 0.04592
56270.79862 19.31652 0.05341
56270.79991 19.18249 0.04755
56270.80111 19.11262 0.04923
56270.80249 19.1343 0.04523
56270.80509 19.1851 0.04826
56270.80715 19.18325 0.04656
56270.80837 19.08267 0.04381
56270.80963 19.2127 0.04693
56271.71236 19.22273 0.05397
56271.74462 19.4091 0.06101
56272.64495 19.30979 0.05378
56272.7082 19.21225 0.05083
56273.60993 19.03421 0.04907
56273.63946 19.23818 0.05279
56281.58737 19.2439 0.07271
56281.61668 19.28857 0.07066
56282.58095 19.22837 0.0614
56282.61036 19.24052 0.06309
56282.62819 19.0915 0.05421
56297.58897 19.11503 0.04688
56297.59019 19.1643 0.04804
56297.5937 19.18603 0.04489
56297.59722 19.19733 0.04531
56297.59904 19.16331 0.04512
56297.60164 19.18023 0.04474
56297.60284 19.19782 0.04721
56297.6053 19.27054 0.04592
56297.61734 19.29187 0.04754
56297.61965 19.20249 0.04439
56297.62198 19.17391 0.04623
56297.62474 19.20657 0.04551
56297.62597 19.16409 0.04669
56297.62818 19.20605 0.04339
56297.63051 19.30106 0.0486
56297.63246 19.27532 0.0479
56297.6337 19.16665 0.04661
56297.63597 19.16507 0.04452
56297.63722 19.16655 0.04636
56297.63944 19.19403 0.04454
56297.64162 19.18881 0.04657
56297.64281 19.23471 0.04922
56297.64393 19.23657 0.04888
56297.64612 19.11156 0.0451
56297.64742 19.18888 0.04913
56297.64964 19.25276 0.0498
56297.65084 19.19064 0.0451
56297.65434 19.20626 0.0481
56297.65811 19.19822 0.04882
56297.65988 19.2577 0.04701
56297.66121 19.26876 0.05003
56297.66483 19.21287 0.05019
56297.66714 19.25196 0.04709
56297.67315 19.23429 0.04821
56297.67547 19.24854 0.05371
56297.67675 19.22393 0.04812
56297.67954 19.09946 0.04423
56297.68076 19.24477 0.0477
56297.6819 19.21181 0.04951
56297.68325 19.29393 0.05328
56297.68541 19.15746 0.04818
56297.68786 19.27285 0.05252
56297.69171 19.20708 0.0498
56297.69635 19.19289 0.04721
56297.69767 19.10372 0.04364
56297.70113 19.2862 0.04961
56297.70743 19.15275 0.04462
56297.71084 19.12538 0.0458
56297.71401 19.19892 0.05262
56297.71668 19.20947 0.04911
56297.7179 19.08668 0.0471
56297.72049 19.21282 0.05388
56297.72327 19.28731 0.05292
56297.72448 19.33114 0.05493
56297.72584 19.22185 0.05003
56297.72772 19.24489 0.05309
56297.72894 19.19914 0.0523
56297.74317 19.27077 0.06129
56297.74683 19.15383 0.05603
56297.74996 19.17446 0.05467
56297.75123 19.17073 0.04961
56297.75493 19.03618 0.052
56297.75709 19.19441 0.05922
56297.7583 19.19546 0.05829
56297.76047 19.25074 0.0606
56297.76167 19.26965 0.05767
56297.76388 19.28402 0.06048
56297.76506 19.13964 0.05479
56297.76834 19.11462 0.0552
56297.77069 19.16298 0.05721
56297.77185 19.036 0.0559
56297.77383 19.34223 0.06157
56297.79199 19.35041 0.06662
56297.79318 19.26479 0.0625
56297.79645 19.31378 0.07557
56297.79838 19.3028 0.07489
56297.79953 19.47006 0.0804
56297.80077 19.16058 0.0742
56297.80192 19.46439 0.07829
56297.80312 19.34056 0.07709
56297.80437 19.2219 0.08331
56297.80564 19.20054 0.0755
56297.80864 19.19254 0.07341
56298.58895 19.15142 0.05904
56298.59013 19.1848 0.05928
56298.59235 19.15475 0.08682
56298.59354 19.21365 0.08461
56298.59724 19.17859 0.08943
56298.59842 19.18342 0.08062
56298.60089 19.26154 0.08384
56298.6021 19.16861 0.0725
56298.60332 19.12106 0.06556
56298.60466 19.17873 0.08251
56298.60701 19.20575 0.08716
56298.60823 19.31994 0.09991
56298.61034 19.11946 0.07567
56298.61272 19.30018 0.08607
56298.61595 19.26495 0.06012
56298.61811 19.18494 0.05159
56298.62047 19.11051 0.05496
56298.62171 19.0981 0.06461
56298.62426 19.2191 0.05624
56298.62643 19.24282 0.06728
56298.62762 19.30573 0.06957
56298.63098 19.193 0.06019
56298.63219 19.16109 0.05604
56298.63473 19.08387 0.05556
56298.63687 19.20925 0.05509
56298.63807 19.233 0.07281
56298.63935 19.15363 0.0642
56298.64364 19.09755 0.04687
56298.64578 19.17785 0.05628
56298.64695 19.18812 0.06201
56298.6481 19.17463 0.04891
56298.65082 19.23269 0.06207
56298.65294 19.20435 0.05456
56298.65509 19.15034 0.04325
56298.65745 19.19991 0.07054
56298.65865 19.19347 0.04615
56298.66081 19.18828 0.04617
56298.66198 19.10859 0.04563
56298.66411 19.21378 0.04926
56298.66639 19.20674 0.0504
56298.6699 19.21185 0.04726
56298.68256 19.18149 0.05772
56298.68492 19.28264 0.0641
56298.68729 19.31407 0.09504
56298.68852 19.02379 0.0934
56298.6908 19.22854 0.12243
56301.59099 19.2195 0.05106
56302.5927 19.51416 0.15618
56302.62153 19.13858 0.05715
56305.59416 19.20505 0.05072
56305.62276 19.24401 0.05088
56307.60089 19.39919 0.10973
56307.63151 19.32297 0.06301
56308.60019 19.22209 0.05932
56308.63015 19.29435 0.08068
56310.60466 19.39654 0.06912
56310.63503 19.30566 0.06223
56311.59823 19.20535 0.06489
56311.62777 19.36104 0.07657
56312.59699 19.62129 0.1304
56313.60478 19.33461 0.06868
56313.63593 19.26281 0.06351
56314.61498 19.18724 0.06492
56314.64504 19.33528 0.09814
56322.60046 19.41217 0.07741
56322.63022 19.28713 0.06634
56323.59943 19.11486 0.05948
56323.60059 19.16489 0.0532
56323.60172 19.188 0.05461
56323.60284 19.30878 0.05199
56323.60396 19.15114 0.04889
56323.60508 19.20338 0.0528
56323.60621 19.09793 0.0487
56323.60734 19.26838 0.04849
56323.60846 19.10938 0.04599
56323.60959 19.2243 0.04752
56323.61071 19.22406 0.05271
56323.61183 19.24054 0.0513
56323.61297 19.16564 0.05208
56323.61409 19.23944 0.05567
56323.61521 19.29298 0.05291
56323.61635 19.26311 0.0524
56323.61747 19.18279 0.04802
56323.61859 19.15873 0.05099
56323.61971 19.20308 0.05098
56323.62085 19.23053 0.05319
56323.62197 19.10907 0.04781
56323.62309 19.18284 0.05007
56323.62423 19.31198 0.05766
56323.62535 19.15578 0.04998
56323.62647 19.19128 0.05528
56323.62759 19.23363 0.05449
56323.62872 19.09948 0.04859
56323.62985 19.16035 0.0522
56323.63097 19.23763 0.0529
56323.6321 19.29539 0.05337
56323.63322 19.29507 0.05348
56323.63435 19.19102 0.05388
56323.63549 19.3324 0.05568
56323.63661 19.24781 0.05496
56323.63773 19.1644 0.04999
56323.63887 19.28475 0.05359
56323.63999 19.21546 0.05139
56323.64112 19.21142 0.05129
56323.64225 19.2966 0.05069
56323.64338 19.23344 0.05269
56323.6445 19.28347 0.05519
56323.64563 19.24299 0.05209
56323.64676 19.2223 0.05229
56323.64789 19.23958 0.05088
56323.64902 19.24727 0.05687
56323.65014 19.26321 0.05679
56323.65127 19.23853 0.05878
56323.6524 19.25923 0.05668
56323.65352 19.17645 0.05277
56323.65465 19.32765 0.05807
56323.65577 19.12361 0.05369
56323.65691 19.26825 0.05887
56323.65803 19.26859 0.05348
56323.65917 19.18686 0.05309
56323.66029 19.13722 0.05532
56323.66142 19.13792 0.05459
56323.66255 19.27254 0.05802
56323.66367 19.33909 0.06029
56323.6648 19.21169 0.05419
56323.66594 19.21008 0.0584
56323.66706 19.32343 0.06441
56323.66819 19.29329 0.067
56323.66932 19.27817 0.06654
56323.67045 19.19834 0.06149
56323.67158 19.17546 0.06
56323.67271 19.25511 0.06247
56323.67496 19.28769 0.06471
56323.67613 19.36026 0.0657
56323.67725 19.25932 0.06611
56323.67838 19.34084 0.06467
56323.67951 19.23905 0.06239
56323.68065 19.31191 0.06329
56323.68177 19.21678 0.06499
56323.6829 19.16529 0.06219
56323.68402 19.34947 0.06957
56323.68516 19.32358 0.06869
56323.68628 19.36997 0.07657
56323.68742 19.21158 0.06113
56323.68855 19.26999 0.06298
56323.68967 19.36287 0.06667
56323.69081 19.27738 0.06548
56323.69194 19.31298 0.06839
56323.69306 19.23157 0.06591
56323.6942 19.234 0.08242
56323.69532 19.35186 0.0762
56323.69644 19.38705 0.07317
56323.69758 19.28062 0.08311
56323.6987 19.39735 0.08003
56323.69982 19.23217 0.07442
56323.70094 19.38813 0.08318
56323.70208 19.21767 0.07922
56323.7032 19.51398 0.08909
56323.70434 19.35618 0.08503
56323.70546 19.23199 0.0759
56323.70659 19.20683 0.07548
56323.70772 19.45221 0.1217
56323.70887 19.4111 0.08622
56323.71001 19.53867 0.11452
56323.71114 19.61331 0.09941
56323.71226 19.3821 0.08791
56323.7134 19.25129 0.09893
56323.71453 19.31669 0.09567
56323.71791 19.39797 0.11822
56323.71905 19.567 0.11735
56323.72017 19.45172 0.1175
56323.72242 19.40517 0.107
56323.72356 19.56746 0.14245
56323.72468 19.20604 0.14342
56323.72921 19.2536 0.13827
56324.6344 19.40484 0.05919
56324.67356 19.18666 0.05199
56328.60109 19.23301 0.05688
56328.63041 19.08271 0.04802
56329.6158 19.2151 0.07493
56330.60568 19.21263 0.05225
56330.63442 19.28327 0.05977
56336.60557 19.19047 0.0601
56336.6347 19.11706 0.0672
56337.61678 19.24245 0.05931
56337.646 19.20883 0.0614
56339.61462 19.28401 0.1234
56339.64973 19.60981 0.13432
56340.62168 19.30641 0.07041
56340.65261 19.46174 0.08272
56341.63432 19.19064 0.07244
56342.61542 19.37425 0.08459
56342.64414 19.20749 0.10344
56431.98143 19.30723 0.1768
56432.97832 19.47067 0.13276
56433.97522 19.31998 0.07539
56434.97306 19.5542 0.09286
56440.95678 19.32368 0.12452
56441.9545 19.41211 0.13902
56442.95121 19.36243 0.08299
56443.94843 19.47252 0.07477
56444.94545 19.21953 0.09447
56444.97977 19.52361 0.1376
56446.9404 19.45991 0.07738
56446.9746 19.32027 0.08808
56447.93827 19.40234 0.06274
56447.97245 19.26443 0.0764
56448.93551 19.28949 0.05889
56448.97043 19.32903 0.0726
56449.9322 19.3739 0.05929
56449.96744 19.35231 0.05708
56450.93056 19.45885 0.05951
56450.96471 19.50991 0.07529
56451.92757 19.39314 0.0671
56451.96268 19.58212 0.0662
56452.92487 19.36789 0.07198
56452.95905 19.36822 0.05588
56453.9223 19.43663 0.0776
56453.95718 19.39146 0.07023
56454.91904 19.2962 0.06339
56454.9531 19.37593 0.05859
56455.91706 19.48966 0.06963
56455.95123 19.24113 0.04701
56456.91361 19.34168 0.06457
56456.94859 19.35611 0.05429
56457.91086 19.30779 0.07656
56457.9457 19.36137 0.0601
56458.90893 19.37115 0.06204
56458.94334 19.36199 0.05616
56459.90596 19.39844 0.05949
56459.94092 19.30687 0.05229
56460.9034 19.41625 0.06731
56460.93791 19.28627 0.05049
56461.90107 19.38203 0.06299
56461.93811 19.49064 0.05398
56462.89824 19.36447 0.0686
56462.93439 19.24097 0.07111
56463.89576 19.64025 0.11008
56463.93218 19.30993 0.05609
56469.87982 19.33547 0.08679
56469.91685 19.30638 0.08249
56471.87375 19.09149 0.10937
56471.91001 19.44885 0.07861
56473.86804 19.19963 0.15928
56473.90477 19.73011 0.12577
56475.86334 19.54653 0.09792
56475.9008 19.30733 0.08571
56476.86102 19.61827 0.1096
56476.89765 19.20502 0.10485
56477.85777 19.43929 0.12746
56485.83631 19.45818 0.06335
56486.83403 19.3209 0.05912
56486.87106 19.36541 0.05291
56488.83006 19.43092 0.07021
56488.86647 19.30135 0.05493
56489.82698 19.39083 0.07134
56489.86366 19.34576 0.0589
56491.8581 19.49359 0.1008
56498.802 19.22406 0.11184
56498.83888 19.40672 0.10434
56502.79167 19.4269 0.07337
56502.82864 19.4254 0.07783
56503.78903 19.44295 0.06016
56503.82769 19.2813 0.06228
56504.82017 19.67069 0.07393
56504.86992 19.30571 0.05659
56504.90811 19.32551 0.05453
56505.81768 19.52966 0.06953
56505.9509 19.51888 0.06181
56505.98842 19.48568 0.07272
56506.89349 19.32881 0.06306
56507.80198 19.33057 0.0594
56507.84712 19.37191 0.05453
56507.99891 19.32875 0.05834
56508.90167 19.37375 0.0432
56509.79634 19.38311 0.05471
56509.83877 19.48042 0.05494
56510.8262 19.40527 0.04552
56511.79111 19.38036 0.05628
56511.84089 19.44786 0.05194
56512.78788 19.31963 0.05924
56512.82519 19.42014 0.05614
56513.78624 19.41602 0.05636
56513.82352 19.28897 0.04665
56514.7834 19.40936 0.0615
56514.82081 19.33277 0.049
56515.78106 19.27265 0.05614
56515.82231 19.42937 0.05632
56516.77774 19.50084 0.05708
56516.81437 19.41677 0.04545
56517.77605 19.4246 0.05683
56517.81715 19.25759 0.04394
56517.97309 19.47461 0.04938
56518.87478 19.34526 0.04712
56518.96686 19.42335 0.04841
56519.00311 19.45179 0.05002
56519.90443 19.43517 0.04399
56519.96504 19.40739 0.04272
56520.00171 19.32917 0.04506
56520.90327 19.37539 0.04426
56520.95521 19.35419 0.0478
56520.99262 19.39312 0.04524
56521.89446 19.33998 0.04831
56521.95772 19.4094 0.04881
56521.99393 19.36309 0.04566
56527.80142 19.04548 0.14832
56528.72198 19.71318 0.20649
56528.81982 19.50903 0.10351
56528.87422 19.50549 0.09795
56529.90241 19.69527 0.08825
56529.93849 19.44405 0.1099
56532.71221 19.47337 0.07018
56532.85928 19.35612 0.05716
56532.89645 19.29542 0.05043
56533.79895 19.34766 0.04901
56533.93493 19.34741 0.05362
56533.97228 19.46755 0.05462
56537.84525 19.36213 0.04466
56537.9874 19.44718 0.04494
56539.69386 19.39546 0.07012
56539.88447 19.42934 0.04248
56539.9215 19.3278 0.0447
56540.97669 19.40792 0.04647
56541.6883 19.373 0.07026
56541.83165 19.4271 0.14425
56542.96698 19.41102 0.05162
56543.00294 19.45461 0.05535
56543.90463 19.30936 0.07636
56543.97085 19.42433 0.04523
56544.00787 19.31605 0.04758
56546.67441 19.58148 0.0766
56546.75907 19.43317 0.05455
56546.94639 19.434 0.04706
56547.84788 19.43568 0.05005
56548.0057 19.41963 0.05143
56548.66959 19.60731 0.08597
56548.70582 19.62153 0.07102
56548.74172 19.49644 0.06471
56549.66591 19.3679 0.07688
56549.70273 19.64064 0.08341
56549.73967 19.41681 0.0666
56550.66388 19.22359 0.11808
56550.6994 19.72353 0.1033
56550.73216 19.35423 0.08687
56551.66063 19.71884 0.12587
56551.72202 19.4882 0.0902
56551.75862 19.3359 0.07787
56552.66117 19.66818 0.12009
56552.71291 19.62107 0.10708
56552.74635 19.60214 0.09778
56561.66061 19.4821 0.06599
56561.89034 19.44589 0.08476
56561.92356 19.70849 0.08119
56562.93459 19.39586 0.06212
56563.02169 19.673 0.08622
56563.6524 19.39048 0.06588
56563.6893 19.44748 0.0733
56563.77494 19.32919 0.05438
56564.72602 19.52228 0.06442
56564.99301 19.4606 0.05982
56565.02672 19.67747 0.07598
56565.92832 19.45806 0.05837
56565.98151 19.45532 0.06349
56566.01544 19.40386 0.06637
56566.91724 19.45866 0.05419
56566.96287 19.54114 0.0588
56566.99591 19.45052 0.06311
56567.8986 19.43189 0.05056
56567.96702 19.42063 0.04817
56568.00039 19.43204 0.04958
56568.90245 19.48947 0.05063
56568.96343 19.49352 0.05412
56568.99843 19.69252 0.07229
56569.90084 19.55545 0.06398
56569.99803 19.79045 0.08027
56570.03082 19.58584 0.08467
56571.62526 19.51657 0.10368
56571.69052 19.62334 0.10722
56571.72419 19.69692 0.09457
56572.62632 19.51863 0.07162
56572.66032 19.32186 0.06215
56572.69287 19.6747 0.0827
56573.61429 19.41488 0.07538
56573.64765 19.50802 0.07348
56573.77817 19.41129 0.0528
56576.83948 19.41953 0.05099
56577.00541 19.53532 0.07188
56577.60601 19.60323 0.09931
56577.63144 19.57144 0.08908
56577.77306 19.44804 0.06801
56578.67217 19.60143 0.07958
56578.69674 19.44127 0.06893
56578.75347 19.43534 0.06127
56579.73584 19.43295 0.07294
56579.85963 19.5156 0.07204
56579.88516 19.36699 0.0857
56580.7875 19.63651 0.0891
56580.8553 19.45843 0.08007
56580.88022 19.65597 0.08197
56581.78167 19.59083 0.11029
56581.83883 19.60848 0.11667
56581.86464 19.37819 0.11508
56587.62864 19.52919 0.06058
56587.78993 19.56241 0.08199
56587.81475 19.46379 0.07872
56588.71625 19.476 0.09179
56588.86644 19.54377 0.10276
56588.89281 19.73469 0.12237
56589.79481 19.4693 0.057
56589.81959 19.53479 0.06236
56589.84642 19.45007 0.066
56590.76387 19.27327 0.0633
56590.8749 19.49816 0.05951
56590.89969 19.45911 0.06368
56591.80204 19.49089 0.1152
56591.86057 19.48894 0.05717
56591.88508 19.50664 0.06367
56592.81972 19.46425 0.05613
56592.91348 19.42765 0.06089
56592.93852 19.40009 0.06215
56596.59731 19.50854 0.0711
56596.81771 19.70936 0.06898
56596.84238 19.49719 0.06531
56597.74425 19.47927 0.06275
56597.82393 19.57858 0.08158
56597.84943 19.72307 0.09032
56598.75163 19.64639 0.06677
56598.82179 19.31139 0.06559
56598.84855 19.40627 0.0629
56599.75014 19.43778 0.05519
56599.79577 19.45429 0.05253
56599.82112 19.46518 0.05658
56600.77441 19.42138 0.05181
56600.8753 19.60344 0.06769
56602.59024 19.42545 0.09248
56602.75501 19.78752 0.12787
56602.78065 19.68024 0.08778
56603.68227 19.47157 0.06761
56603.74296 19.36056 0.064
56603.81581 19.48241 0.06741
56604.73691 19.42994 0.05729
56604.92616 19.42881 0.06359
56605.64733 19.44623 0.06129
56605.67213 19.50601 0.06148
56606.58401 19.4721 0.1062
56606.60932 19.42037 0.07981
56606.64241 19.53831 0.12122
56607.82225 19.59772 0.10137
56607.84927 19.48047 0.0638
56608.75086 19.7466 0.09608
56608.81398 19.58383 0.08127
56608.84048 19.57591 0.12797
56609.8617 19.57422 0.09518
56609.88847 19.41853 0.10916
56621.79766 19.54074 0.0741
56622.58588 19.30902 0.05595
56623.58717 19.51059 0.07827
56624.57999 19.47731 0.06172
56624.60429 19.48958 0.06139
56625.70494 19.55689 0.06091
56625.74386 19.5104 0.05782
56626.64578 19.55036 0.05989
56626.67007 19.42927 0.05972
56627.83411 19.86421 0.15154
56628.73144 19.43451 0.06131
56628.76212 19.40825 0.0644
56637.58042 19.48824 0.07707
56637.60549 19.58348 0.08403
56639.58002 19.69802 0.1015
56639.60438 19.41081 0.08829
56640.58279 19.31567 0.08668
56640.61699 19.80735 0.12099
56648.58277 19.62072 0.08317
56648.61266 19.51987 0.0822
56649.57885 19.77188 0.0985
56649.60387 19.47518 0.06907
56650.58762 19.43299 0.07014
56653.61955 19.75736 0.10879
56658.58519 19.46155 0.06367
56658.62914 19.44899 0.06011
56659.58605 19.35144 0.05663
56659.61086 19.49552 0.0639
56660.58569 19.36417 0.0725
56660.61029 19.52607 0.06629
56661.58623 19.30508 0.11508
56662.58587 19.43838 0.07219
56663.59143 19.51887 0.0611
56663.6171 19.51657 0.06149
56664.58594 19.71522 0.16012
56664.6104 19.43499 0.08238
56668.58721 19.39747 0.11227
56668.61177 19.41114 0.07886
56669.61423 19.50214 0.10105
56670.58877 19.37161 0.1662
56675.5969 19.43649 0.05871
56675.6459 19.35243 0.0744
56676.59181 19.38112 0.06883
56676.61781 19.51217 0.0597
56677.60718 19.27267 0.15187
56678.61458 19.47501 0.06031
56678.64019 19.60588 0.07169
56680.60724 19.51344 0.06829
56683.59693 19.53111 0.0605
56683.63252 19.44055 0.06291
56685.59847 19.60168 0.09966
56685.6471 19.7644 0.08626
56686.63379 19.67726 0.13476
56687.59886 19.45779 0.07086
56687.64144 19.38317 0.0654
56690.60286 19.52501 0.09351
56690.64549 19.59868 0.08689
56697.60505 19.80176 0.0962
56699.60928 19.77265 0.14486
56816.96412 19.5664 0.06768
56816.97531 19.31373 0.09858
56817.96427 19.32654 0.06337
56817.97654 19.5111 0.10129
56818.96227 19.39705 0.05384
56818.97512 19.48471 0.08877
56819.96647 19.44696 0.11077
56819.97765 19.59887 0.13616
56820.96625 19.80043 0.12378
56820.97769 19.60444 0.16746
56821.96237 19.59723 0.12299
56822.96143 19.3265 0.12407
56822.97681 19.5793 0.13146
56823.96094 19.51427 0.12089
56824.96428 19.68087 0.09807
56824.97573 19.84739 0.11937
56826.96127 19.66454 0.08391
56826.97472 19.65115 0.13455
56827.96384 19.4991 0.0739
56827.97622 19.23764 0.10396
56828.9654 19.57994 0.06982
56828.97804 19.47242 0.0911
56829.96383 19.52587 0.06079
56829.97653 19.43471 0.07142
56830.96102 19.50838 0.06218
56830.97338 19.53701 0.06619
56832.9648 19.46234 0.05412
56832.97563 19.43975 0.05755
56833.96568 19.56697 0.05792
56833.97644 19.4724 0.07568
56834.96484 19.47629 0.05229
56834.9776 19.51388 0.08072
56835.96569 19.52644 0.06936
56835.97723 19.44331 0.07951
56836.96625 19.4446 0.04762
56836.97711 19.67674 0.07079
56837.96638 19.61954 0.05152
56837.98211 19.43896 0.09669
56838.96389 19.49913 0.04851
56838.9786 19.4259 0.07339
56839.96511 19.51898 0.05202
56839.97834 19.67528 0.07117
56840.96951 19.4495 0.05763
56840.98137 19.63052 0.0812
56841.96857 19.43571 0.05125
56841.98075 19.38098 0.06604
56844.96636 19.64886 0.06456
56844.97887 19.43451 0.05824
56845.96726 19.53234 0.05352
56845.98002 19.56312 0.05644
56846.96666 19.54681 0.0553
56846.98115 19.52805 0.06086
56847.96648 19.38885 0.04691
56847.98151 19.5538 0.05352
56848.96743 19.58062 0.05431
56848.98312 19.49458 0.06423
56849.96813 19.72077 0.08858
56849.98235 19.70045 0.09427
56850.98368 19.56301 0.16412
56851.97048 19.59934 0.08983
56851.98675 19.5566 0.10706
56854.96165 19.48311 0.08207
56854.98771 19.57033 0.07387
56855.96071 19.71132 0.07569
56855.98393 19.5209 0.0782
56856.96087 19.61445 0.10542
56856.98328 19.55355 0.09458
56858.96243 19.44737 0.05377
56858.98507 19.57922 0.05721
56859.96515 19.46178 0.04713
56859.98697 19.56544 0.05851
56861.96231 19.54831 0.05143
56861.98508 19.47805 0.05247
56862.9659 19.5795 0.05405
56862.98227 19.40142 0.04744
56863.94981 19.50716 0.04989
56864.94576 19.61902 0.05859
56864.96947 19.54028 0.06489
56865.92975 19.5828 0.06678
56865.96089 19.52396 0.0486
56867.98799 19.50831 0.05034
56868.96536 19.4394 0.04907
56868.98567 19.52985 0.05105
56869.96092 19.50945 0.05047
56869.98231 19.55331 0.04948
56870.96467 19.50253 0.0469
56870.98635 19.40913 0.0464
56874.97428 19.51089 0.04731
56874.99622 19.58522 0.05431
56875.98151 19.39635 0.05433
56875.99752 19.4583 0.05444
56876.91773 19.45382 0.04528
56876.94717 19.47157 0.04521
56877.9745 19.40735 0.04431
56877.9957 19.51205 0.05083
56878.00741 19.55381 0.0859
56878.9086 19.43186 0.07176
56878.93847 19.48116 0.0824
56879.92838 19.81691 0.10387
56879.95816 19.49938 0.08369
56880.95792 19.74211 0.14825
56880.9882 19.72612 0.1115
56882.96877 19.48263 0.10799
56882.98848 19.47081 0.11087
56883.9421 19.29769 0.06584
56883.98158 19.50895 0.07163
56884.99956 19.39349 0.06265
56885.96448 19.44259 0.0581
56885.98159 19.46144 0.06653
56886.91453 19.52589 0.05743
56886.94264 19.37781 0.05514
56887.91623 19.37665 0.05068
56887.94902 19.32294 0.04675
56888.86519 19.44215 0.04537
56888.89905 19.44523 0.04377
56888.91008 19.32659 0.04281
56888.94196 19.36318 0.04532
56890.94091 19.38087 0.04562
56890.97479 19.43727 0.04803
56895.83087 19.34541 0.05621
56895.86667 19.31702 0.05732
56972.71463 19.2471 0.05509
56972.73749 19.18362 0.0618
56978.74407 19.18525 0.05408
56978.79927 19.38087 0.07808
56979.72374 19.39127 0.08085
56980.71766 19.35663 0.05176
56980.83416 19.25253 0.05384
56981.71538 19.24387 0.04837
56981.77818 19.18439 0.04766
56984.71333 19.36184 0.06723
56984.78092 19.30129 0.07839
56986.72544 19.38832 0.06063
56986.79095 19.28132 0.06705
56987.70535 19.22498 0.06181
56987.76948 19.49365 0.0653
56988.66321 19.29582 0.05735
56989.60286 19.22505 0.05554
56989.66828 19.20629 0.05295
56990.59847 19.19779 0.05642
56990.66232 19.21216 0.05075
56991.66882 19.07931 0.11606
57000.62591 19.16005 0.04926
57000.65668 19.20916 0.06445
57001.60725 19.23876 0.05053
57001.63454 19.11432 0.04314
57011.62365 19.29192 0.05035
57011.65019 19.11593 0.04918
57014.60229 19.28282 0.05362
57014.62433 19.06267 0.0473
57015.60026 19.31674 0.05653
57015.6199 19.24108 0.0615
57018.60146 19.08722 0.05464
57018.62586 19.09333 0.0546
57019.59637 19.36446 0.07107
57019.61004 19.17528 0.06621
57030.59868 19.30204 0.05693
57037.60179 19.14496 0.05065
57039.60447 19.26681 0.0575
57040.60372 19.15865 0.05395
57040.65327 19.32844 0.06246
57041.64649 19.26887 0.05136
57042.59979 19.16172 0.04832
57042.64647 19.18304 0.0487
57043.60053 19.16949 0.04721
57043.64542 19.13682 0.04719
57044.59961 19.30089 0.0643
57044.64222 19.24529 0.08931
57046.59907 19.26341 0.06397
57046.64082 19.36503 0.07095
57047.65127 19.25878 0.06915
57047.65361 19.33067 0.07184
57059.60766 19.23051 0.04733
57059.61723 19.20653 0.05134
57063.60738 19.2944 0.05929
57063.61933 19.27382 0.06004
57064.61072 19.18254 0.05715
57064.62756 19.24051 0.06447
57065.60805 19.18776 0.0692
57065.62471 19.24904 0.0689
57066.61485 18.94162 0.10244
57067.60784 19.20231 0.05729
57067.62545 19.37563 0.06161
57069.61019 19.1874 0.0585
57069.6409 19.25989 0.0711
57070.61078 19.20081 0.06636
57070.6277 19.27601 0.05836
57071.61023 19.3224 0.06503
57071.6267 19.2232 0.05841
57089.61859 19.18279 0.09395
57089.62798 19.29719 0.09701
57090.63028 19.46376 0.11508
57091.62051 19.3354 0.11542
57091.62877 19.48739 0.12478
57179.97424 19.11142 0.1449
57180.95646 19.45406 0.07893
57185.96692 19.14797 0.07054
57187.96362 19.26043 0.05646
57188.93765 19.23034 0.05357
57188.96808 19.20578 0.05593
57189.95594 19.22688 0.05653
57190.94422 19.24648 0.05768
57190.9766 19.23682 0.11322
57191.9217 19.30955 0.0609
57191.95614 19.23681 0.0563
57192.94672 19.47328 0.06915
57192.97846 19.27949 0.12611
57193.93573 19.12926 0.05079
57193.96862 19.14605 0.07001
57194.94374 19.29151 0.05731
57194.97431 19.25537 0.06821
57195.94595 19.26407 0.06638
57195.97546 19.43488 0.10917
57196.92539 19.43918 0.07872
57196.97637 19.48486 0.09749
57197.91796 19.28486 0.0569
57197.96971 19.27982 0.0592
57198.93165 19.19133 0.05424
57198.96479 19.2541 0.06206
57199.9472 19.06379 0.0607
57207.95261 19.17888 0.07559
57207.98422 19.2737 0.10468
57208.90735 19.23955 0.07257
57208.94607 19.30871 0.07385
57209.93937 19.37861 0.07719
57209.97959 19.41054 0.074
57210.9363 19.21447 0.06414
57210.97519 19.22024 0.06541
57211.94997 19.30781 0.06723
57211.98409 19.29427 0.09427
57212.9376 19.28352 0.09802
57212.97329 19.34189 0.10954
57214.96163 19.33248 0.05376
57216.93262 19.21858 0.0511
57216.97994 19.24464 0.05475
57218.92712 19.26807 0.04847
57218.977 19.30081 0.05262
57219.94247 19.25801 0.04281
57219.97077 19.26833 0.0407
57220.92305 19.19818 0.04127
57220.98129 19.26584 0.04716
57225.95176 19.29049 0.04058
57226.95332 19.25783 0.04114
57227.93417 19.23459 0.04257
57227.97035 19.27451 0.04277
57231.91879 19.17997 0.04804
57231.96902 19.27433 0.04134
57232.8829 19.17915 0.06479
57232.9489 19.13795 0.05227
57237.93379 19.3038 0.07665
57237.98326 19.07141 0.07998
57238.91268 19.22489 0.05562
57238.96563 19.16261 0.05614
57239.93796 19.27511 0.06091
57239.98313 19.31101 0.05999
57240.95317 19.27133 0.05817
57241.93368 19.30692 0.06096
57242.93933 19.30223 0.04532
57242.98523 19.28182 0.04742
57244.91131 19.22409 0.04229
57244.96611 19.24408 0.03939
57245.87591 19.37503 0.04456
57245.91376 19.25501 0.03836
57246.89995 19.19001 0.02951
57246.93423 19.18394 0.03079
57247.92574 19.23647 0.03954
57247.95614 19.26006 0.03971
57248.84393 19.259 0.04566
57248.8782 19.34712 0.04262
57249.88436 19.28219 0.04179
57249.9163 19.26743 0.03994
57250.88236 19.28672 0.04657
57250.92114 19.40226 0.05422
57251.8693 19.2892 0.04054
57251.91419 19.26509 0.04025
57267.93864 19.2556 0.12103
57267.9816 19.37066 0.07195
57554.97044 19.82456 0.08729
57555.93989 19.45126 0.06218
57555.96363 19.57116 0.06425
57564.94449 19.71251 0.09543
57564.95195 19.48997 0.09466
57565.94418 19.51239 0.08427
57567.951 19.64983 0.09415
57567.97572 19.48767 0.10535
57568.92119 19.37916 0.08263
57568.97479 19.43121 0.08984
57569.92685 19.44229 0.06262
57570.93954 19.53395 0.06912
57571.91515 19.50687 0.07673
57571.96845 19.58287 0.07745
57572.94 19.508 0.06329
57572.961 19.65902 0.07217
57573.95955 19.46774 0.05993
57574.96997 19.63845 0.06678
57575.96076 19.59293 0.05879
57576.95096 19.52496 0.06235
57577.97714 19.62598 0.07487
57578.93031 19.52281 0.06099
57578.9597 19.67413 0.06114
57579.93833 19.50597 0.06077
57579.96636 19.72363 0.07646
57580.94991 19.61646 0.07407
57580.97641 19.46196 0.06606
57581.93908 19.52527 0.06125
57581.96061 19.59947 0.06115
57582.96612 19.56723 0.05559
57582.9889 19.84049 0.12242
57583.93612 19.42684 0.05368
57583.97225 19.4695 0.05766
57584.92871 19.52402 0.05876
57584.97404 19.50052 0.05655
57585.92275 19.56572 0.07195
57585.96134 19.565 0.06006
57586.91575 19.62924 0.09791
57592.99636 19.58917 0.12051
57595.9848 19.6169 0.08227
57596.95384 19.55687 0.07477
57596.98786 19.49119 0.08022
57597.93735 19.59082 0.06315
57597.9794 19.41779 0.06074
57598.9281 19.59577 0.06525
57598.97263 19.52238 0.05857
57599.94579 19.57843 0.06607
57600.96483 19.49129 0.06015
57601.9531 19.38642 0.06106
57601.99102 19.54667 0.06655
57602.95616 19.45034 0.06023
57602.99208 19.6538 0.07631
57603.95654 19.57846 0.05835
57603.99274 19.53045 0.06289
57604.96148 19.49998 0.05601
57604.99535 19.44552 0.0577
57605.93926 19.41958 0.05118
57605.97693 19.50611 0.05484
57606.94732 19.42583 0.05683
57606.99101 19.47939 0.05877
57607.92659 19.44383 0.0572
57607.97806 19.51025 0.05827
57608.92515 19.48976 0.05924
57608.96585 19.58549 0.06104
57609.94301 19.45557 0.06239
57610.89516 19.54113 0.06723
57610.92695 19.38718 0.05685
57611.90199 19.53406 0.0596
57611.93252 19.62691 0.07071
57612.88937 19.42817 0.05917
57612.93148 19.46763 0.05763
57613.84046 19.42652 0.07568
57613.87193 19.42553 0.06159
57613.90353 19.42163 0.05596
57614.96436 19.38504 0.05122
57614.99496 19.41769 0.05254
57615.90761 19.59925 0.0833
57615.95637 19.57471 0.05794
57621.98607 19.86346 0.1962
57622.96114 19.21365 0.12221
57623.99038 19.58173 0.1211
57624.01266 19.73753 0.1904
57624.97236 19.60285 0.11741
57624.99829 19.45297 0.1212
57625.94454 19.5013 0.08499
