#mjd mag magerr
55061.92501 18.55219 0.02382
55061.95573 18.52102 0.0238
55063.91987 18.4929 0.02521
55063.9639 18.52101 0.0252
55064.92128 18.4711 0.03615
55064.9656 18.51578 0.03725
55066.91014 18.525 0.02926
55066.95474 18.55484 0.0317
55067.91649 18.56239 0.04122
55067.96099 18.62387 0.04055
55069.90324 18.57109 0.02718
55069.94786 18.52752 0.02515
55080.87449 18.63695 0.06173
55080.95988 18.66137 0.08705
55084.86328 18.54115 0.04575
55087.85609 18.55044 0.02468
55087.90101 18.55568 0.02488
55088.96983 18.56281 0.02454
55089.01521 18.57984 0.02646
55089.94574 18.55729 0.02641
55089.99042 18.54932 0.02692
55093.83741 18.58095 0.02574
55093.88196 18.56589 0.02567
55096.8292 18.48079 0.02605
55097.00858 18.51719 0.02972
55104.99862 18.62557 0.03449
55107.79764 18.65887 0.05518
55114.88125 18.53716 0.03268
55114.92522 18.59421 0.06543
55119.89538 18.5445 0.02996
55119.95365 18.56392 0.02991
55123.75696 18.57732 0.02591
55123.81523 18.5736 0.02597
55126.97957 18.52812 0.03403
55127.83329 18.54206 0.02818
55127.87706 18.54167 0.0302
55135.82555 18.72306 0.05445
55135.86926 18.58736 0.05936
55138.71472 18.585 0.05785
55138.75871 18.4878 0.06305
55142.7036 18.58105 0.02826
55142.75219 18.56631 0.03374
55144.77886 18.61818 0.02761
55144.82305 18.59437 0.03174
55151.72943 18.53966 0.03062
55151.77257 18.55652 0.0273
55166.70473 18.76011 0.05521
55166.74897 18.51218 0.0571
55168.63378 18.58491 0.0447
55168.6775 18.65157 0.04951
55175.61224 18.48273 0.02291
55175.65684 18.53586 0.02285
55181.59421 18.64531 0.04003
55181.63825 18.5468 0.03391
55183.59204 18.53448 0.04301
55183.64253 18.50767 0.02926
55189.58054 18.54394 0.03415
55189.62557 18.50999 0.02912
55194.59026 18.63729 0.06028
55199.58559 18.54789 0.02685
55201.58642 18.56137 0.0728
55202.58667 18.40745 0.04018
55203.71441 18.56379 0.03514
55203.75743 18.59417 0.03737
55207.63092 18.50927 0.0302
55207.67514 18.50577 0.02487
55209.5968 18.48816 0.02328
55209.64149 18.45839 0.02281
55213.63312 18.50799 0.04482
55213.6798 18.47927 0.04727
55377.85123 18.58292 0.05901
55377.89535 18.55176 0.04585
55378.86379 18.65743 0.08571
55378.90615 18.62546 0.05695
55379.8591 18.47682 0.04212
55379.92482 18.51226 0.03012
55380.87684 18.51048 0.04786
55380.92078 18.55365 0.04082
55381.89606 18.51625 0.03232
55381.93934 18.5051 0.0288
55384.82671 18.54794 0.0281
55384.87028 18.4664 0.02504
55385.87021 18.46536 0.0234
55385.91339 18.44025 0.0228
55386.86524 18.49147 0.02567
55386.90867 18.50542 0.02462
55387.87002 18.37024 0.03617
55387.91342 18.40353 0.03317
55388.86609 18.50612 0.03212
55388.91005 18.42768 0.02323
55389.97252 18.37309 0.09543
55390.80957 18.52921 0.03353
55390.85393 18.51294 0.03004
55391.80613 18.53812 0.03597
55391.87538 18.46296 0.02758
55392.83258 18.49092 0.03662
55392.87538 18.47409 0.03236
55394.79908 18.59011 0.03528
55394.8431 18.46545 0.02545
55395.79551 18.47208 0.0449
55395.84215 18.52516 0.0371
55396.79527 18.4944 0.04871
55396.83932 18.42977 0.02928
55397.79163 18.45877 0.05408
55397.83526 18.42487 0.03859
55398.78764 18.58761 0.05232
55398.83124 18.45235 0.03675
55399.78802 18.49741 0.05667
55399.83261 18.48557 0.05271
55400.78534 18.58338 0.06099
55400.8289 18.6351 0.05077
55401.78133 18.46535 0.07137
55401.82518 18.40916 0.05497
55402.77979 18.5471 0.08001
55402.8246 18.54007 0.06146
55403.77642 18.81099 0.09519
55403.81973 18.597 0.06299
55404.77424 18.60268 0.0688
55404.84266 18.44627 0.04493
55405.8416 18.5943 0.05544
55407.7691 18.43954 0.05543
55407.83003 18.45631 0.04913
55408.78389 18.40082 0.07762
55411.79896 18.49965 0.03723
55412.75232 18.42824 0.06242
55412.79539 18.38524 0.04526
55413.75577 18.29353 0.05817
55413.79945 18.45905 0.05475
55414.75161 18.33846 0.07121
55414.79555 18.49049 0.0411
55415.75266 18.42527 0.05335
55415.79727 18.43633 0.07247
55416.75096 18.50959 0.05211
55416.79342 18.52838 0.0436
55417.75979 18.36586 0.06663
55417.84511 18.33879 0.06188
55418.79843 18.5437 0.04521
55418.84121 18.43992 0.03615
55419.75121 18.43991 0.06682
55419.79504 18.52658 0.04091
55420.78929 18.46644 0.05716
55420.83264 18.47153 0.04256
55421.73664 18.50009 0.0316
55421.79901 18.49947 0.02297
55422.75115 18.54753 0.03029
55422.79487 18.4971 0.02547
55423.74742 18.52331 0.02924
55423.79284 18.54926 0.02629
55424.75349 18.38722 0.04108
55424.80178 18.4233 0.03261
55425.76166 18.58874 0.03813
55425.80573 18.49314 0.02776
55426.80123 18.49427 0.04412
55426.8444 18.50475 0.03496
55427.79708 18.51203 0.03682
55427.8408 18.61993 0.03339
55428.79281 18.51552 0.03362
55428.83703 18.54365 0.03206
55429.8142 18.52199 0.04091
55429.85716 18.55802 0.03968
55430.75769 18.58828 0.04589
55430.80485 18.56284 0.04407
55431.75639 18.60367 0.05231
55431.80024 18.51655 0.05062
55432.73907 18.51158 0.05296
55432.78359 18.60813 0.05522
55433.70425 18.57205 0.0798
55433.7493 18.73231 0.07765
55434.69401 18.68268 0.09106
55434.73769 18.49935 0.06489
55435.69148 18.71084 0.08553
55436.88575 18.5066 0.04282
55436.88891 18.6286 0.04387
55436.8919 18.57796 0.04363
55436.89501 18.60167 0.04444
55436.89797 18.54125 0.04516
55436.90109 18.55161 0.04368
55436.9042 18.64757 0.05064
55436.90728 18.60508 0.04619
55436.91041 18.60902 0.04392
55436.91351 18.67608 0.05153
55436.91641 18.64923 0.05152
55436.91931 18.60027 0.05015
55436.92221 18.64539 0.04793
55436.92514 18.67523 0.04915
55436.92806 18.6389 0.05063
55436.93096 18.57407 0.04677
55436.93413 18.71105 0.054
55436.93703 18.59778 0.04668
55436.93974 18.66558 0.04625
55436.94297 18.56771 0.04952
55436.94613 18.60312 0.04955
55436.94915 18.59678 0.04715
55436.95231 18.58835 0.04535
55436.9553 18.52631 0.04291
55436.95826 18.42104 0.04022
55436.96116 18.6271 0.04334
55436.96403 18.57746 0.04354
55436.96671 18.56474 0.04406
55438.88857 18.59273 0.04113
55438.89169 18.54109 0.04059
55438.89485 18.56749 0.03721
55438.89798 18.61951 0.04084
55438.90086 18.58295 0.03837
55438.90371 18.62536 0.037
55438.9065 18.61971 0.03772
55438.90927 18.61232 0.03663
55438.91204 18.64179 0.03785
55438.91487 18.54924 0.03727
55438.91763 18.56427 0.03901
55438.92084 18.66571 0.04413
55438.92394 18.57908 0.04487
55438.92672 18.62858 0.04533
55438.92954 18.56727 0.04543
55438.93259 18.68593 0.04516
55438.93551 18.58055 0.04571
55438.93833 18.6125 0.04378
55438.94106 18.60527 0.04244
55438.94411 18.54518 0.04049
55438.94678 18.5514 0.04514
55438.95017 18.57664 0.0414
55438.95913 18.46995 0.03807
55438.96141 18.64835 0.03977
55440.87507 18.57696 0.03142
55440.87823 18.58945 0.03087
55440.88428 18.51837 0.0296
55440.88675 18.54901 0.02892
55440.8894 18.54774 0.02964
55440.89205 18.52182 0.02887
55440.89518 18.54489 0.0286
55440.89832 18.49395 0.02981
55440.90145 18.58215 0.03086
55440.90439 18.55437 0.03086
55440.90729 18.5704 0.02981
55440.91025 18.4885 0.03035
55440.91316 18.53369 0.03057
55440.91591 18.52997 0.03104
55440.9187 18.50088 0.02926
55440.92149 18.50176 0.03004
55440.92426 18.51218 0.02875
55440.93095 18.47011 0.02857
55440.93364 18.58504 0.02927
55440.93623 18.55843 0.02916
55440.9395 18.49406 0.02939
55440.94264 18.50955 0.03017
55440.94582 18.581 0.03039
55440.94883 18.52845 0.03169
55440.95182 18.50474 0.03226
55440.95489 18.56739 0.03081
55440.95791 18.53523 0.02984
55441.87301 18.57635 0.02524
55441.87592 18.54962 0.02327
55441.88645 18.58266 0.0234
55441.88962 18.59368 0.02403
55441.89254 18.55399 0.02362
55441.89542 18.55804 0.02379
55441.89828 18.5179 0.02372
55441.90107 18.53559 0.02411
55441.9037 18.55704 0.02373
55441.90634 18.53471 0.02389
55441.90906 18.58186 0.02361
55441.9118 18.55713 0.02353
55441.91445 18.52076 0.02315
55441.91722 18.58997 0.02376
55441.91981 18.529 0.02685
55441.92242 18.55625 0.02579
55441.92546 18.51814 0.0242
55441.9281 18.53342 0.02544
55441.93183 18.55018 0.02464
55441.93458 18.55338 0.02426
55441.93727 18.49974 0.02532
55441.94048 18.53343 0.02267
55441.94326 18.55815 0.02373
55441.94546 18.56625 0.02326
55441.94852 18.5648 0.02358
55441.95194 18.5365 0.02447
55441.95469 18.55873 0.02389
55441.95786 18.59637 0.02346
55441.96081 18.59144 0.02583
55441.96392 18.57196 0.02571
55441.96715 18.54161 0.02508
55441.97012 18.55206 0.02346
55441.97294 18.52614 0.02342
55441.97532 18.5523 0.02332
55441.97757 18.60116 0.02435
55441.9798 18.58628 0.02454
55441.9835 18.56524 0.02391
55441.9863 18.57338 0.02465
55441.98852 18.57456 0.0256
55441.99078 18.54427 0.02562
55441.99382 18.56294 0.02654
55442.00593 18.61807 0.02625
55442.00906 18.54793 0.02817
55442.01216 18.57135 0.029
55442.01486 18.55302 0.03153
55442.01753 18.57827 0.03729
55442.02001 18.54953 0.04402
55442.02226 18.63028 0.0513
55442.70382 18.51686 0.03459
55442.70734 18.5088 0.03486
55442.71097 18.4809 0.0351
55442.71448 18.50483 0.03477
55442.71808 18.55987 0.03485
55442.72168 18.54744 0.03342
55442.72527 18.53732 0.03337
55442.73272 18.4973 0.03275
55442.74184 18.47653 0.03182
55442.74882 18.46805 0.03256
55442.75572 18.54544 0.03235
55442.76147 18.48796 0.03268
55442.76615 18.48608 0.03257
55442.77616 18.50878 0.03302
55442.78135 18.46506 0.02986
55442.78615 18.50793 0.03052
55442.79145 18.51353 0.03102
55442.79615 18.48083 0.03172
55442.80186 18.43894 0.02955
55442.8093 18.5195 0.03099
55442.81443 18.50208 0.03107
55442.81939 18.52735 0.03214
55442.82447 18.51616 0.03106
55442.8293 18.49838 0.03214
55442.83541 18.49133 0.03234
55442.84012 18.53348 0.03185
55442.84597 18.4738 0.02986
55442.85112 18.50631 0.03151
55442.85657 18.55745 0.03163
55442.86387 18.55499 0.03244
55442.87002 18.48074 0.03071
55442.87503 18.53731 0.03073
55442.88048 18.5112 0.03018
55442.88617 18.49873 0.03187
55442.89221 18.48975 0.03156
55442.89785 18.50094 0.03015
55442.90297 18.56422 0.03053
55442.90871 18.53794 0.02951
55442.91368 18.47794 0.03052
55442.91875 18.48359 0.03085
55442.92384 18.53572 0.0313
55442.93037 18.46675 0.03143
55442.93642 18.5092 0.03174
55442.94588 18.47196 0.03324
55442.95166 18.49194 0.03098
55442.95754 18.52009 0.03255
55442.96246 18.52559 0.03273
55442.96833 18.52148 0.03388
55442.97317 18.54368 0.03094
55442.97782 18.48692 0.03074
55442.98206 18.53169 0.02999
55442.9872 18.53195 0.03225
55442.99348 18.53482 0.0319
55442.99858 18.55826 0.03212
55443.00329 18.54407 0.03216
55443.01002 18.54184 0.03267
55443.01702 18.57076 0.03779
55443.02387 18.56507 0.05812
55443.67742 18.51596 0.03548
55443.68488 18.60019 0.03485
55443.69287 18.55096 0.03104
55443.70415 18.5861 0.03091
55443.71028 18.53225 0.03049
55443.71632 18.53251 0.02786
55443.72231 18.53708 0.02757
55443.72832 18.53495 0.02703
55443.736 18.55769 0.02683
55443.74306 18.51191 0.02563
55443.74812 18.56579 0.02461
55443.75372 18.54907 0.02445
55443.75946 18.55053 0.02522
55443.76526 18.55239 0.0269
55443.77007 18.5429 0.02685
55443.78027 18.55833 0.02761
55443.78539 18.6024 0.02456
55443.79156 18.5652 0.02366
55443.79717 18.58474 0.0266
55443.80302 18.51985 0.02342
55443.80895 18.55062 0.02423
55443.81493 18.54108 0.02485
55443.8204 18.61886 0.02548
55443.82634 18.54719 0.02292
55443.83239 18.54 0.02282
55443.83783 18.52116 0.02291
55443.84415 18.56609 0.02373
55443.84958 18.5334 0.02376
55443.85553 18.49579 0.02396
55443.86252 18.55376 0.02403
55443.87576 18.56846 0.0235
55443.88141 18.55623 0.0221
55443.88892 18.53981 0.02371
55443.89412 18.5351 0.02421
55443.90077 18.53516 0.02479
55443.90658 18.55648 0.02417
55443.91235 18.48869 0.02361
55443.91779 18.52752 0.02623
55443.92403 18.64053 0.02706
55443.92967 18.54802 0.02533
55443.93496 18.55004 0.02483
55443.94073 18.54132 0.02635
55443.94779 18.59811 0.02665
55443.95355 18.57933 0.02318
55443.95925 18.58094 0.02426
55443.9693 18.62598 0.02829
55443.97555 18.52841 0.02558
55443.98144 18.55716 0.02511
55443.98725 18.57995 0.03035
55443.99456 18.55261 0.02706
55444.00093 18.52943 0.02567
55444.0061 18.49368 0.02479
55444.01187 18.54555 0.02984
55444.0175 18.58355 0.03235
55444.02231 18.65252 0.04933
55444.66648 18.53787 0.042
55444.67221 18.54315 0.04098
55444.67727 18.55915 0.03837
55444.68199 18.44655 0.04447
55444.68857 18.55618 0.03261
55444.69526 18.58408 0.03536
55444.70198 18.54551 0.03277
55444.7091 18.58199 0.03221
55444.71487 18.54977 0.03148
55444.72103 18.58872 0.03092
55444.72796 18.6291 0.0299
55444.73377 18.51907 0.0268
55444.74094 18.54237 0.02637
55444.74655 18.55034 0.02771
55444.75167 18.498 0.02612
55444.75678 18.57612 0.02646
55444.76225 18.54939 0.0263
55444.7673 18.53626 0.0245
55444.77353 18.51901 0.02595
55444.77876 18.538 0.02493
55444.78368 18.53686 0.02718
55444.79848 18.579 0.02412
55444.80403 18.49835 0.02302
55444.81599 18.54373 0.02516
55444.8213 18.50649 0.0243
55444.83332 18.52924 0.02285
55444.83854 18.5348 0.02498
55444.84549 18.57852 0.02431
55444.85161 18.54701 0.02485
55444.85679 18.56327 0.02325
55444.86267 18.55027 0.02585
55444.86777 18.5519 0.02746
55444.87321 18.55208 0.02325
55444.87872 18.48061 0.02403
55444.88467 18.58442 0.02552
55444.89016 18.49814 0.02467
55444.89581 18.53024 0.02726
55444.90153 18.53736 0.02241
55444.90845 18.60608 0.02633
55444.91349 18.5543 0.02316
55444.92279 18.56506 0.02321
55444.93139 18.50359 0.02346
55444.94041 18.54851 0.02236
55444.94568 18.56163 0.02378
55444.951 18.5649 0.02633
55444.95724 18.56865 0.02494
55444.96289 18.52885 0.02328
55444.96923 18.55893 0.0227
55444.97411 18.53216 0.02402
55444.98062 18.54523 0.02406
55444.98915 18.54418 0.02715
55444.99553 18.51731 0.02514
55445.00157 18.5031 0.02515
55445.00779 18.54096 0.0249
55445.01282 18.5374 0.0266
55445.01777 18.47752 0.03297
55445.02227 18.59253 0.04684
55445.66261 18.63216 0.04069
55445.66749 18.54401 0.03318
55445.67244 18.59075 0.03588
55445.67731 18.55302 0.03259
55445.68422 18.54761 0.03062
55445.6905 18.46027 0.02912
55445.69681 18.50151 0.02807
55445.70294 18.56627 0.02907
55445.70921 18.54773 0.02816
55445.71534 18.5383 0.03144
55445.72141 18.60865 0.03271
55445.72791 18.51019 0.02851
55445.73457 18.55428 0.02756
55445.74013 18.52297 0.0265
55445.7456 18.5433 0.02843
55445.75096 18.58069 0.02707
55445.75643 18.56978 0.02685
55445.76191 18.53844 0.02661
55445.76784 18.51534 0.02442
55445.7737 18.54732 0.02387
55445.779 18.57291 0.02417
55445.78479 18.60246 0.02529
55445.79025 18.54814 0.02251
55445.79613 18.54721 0.02198
55445.81095 18.53946 0.0232
55445.81845 18.57198 0.02298
55445.82455 18.55384 0.022
55445.83024 18.55161 0.02156
55445.84021 18.52815 0.02295
55445.84549 18.5283 0.02277
55445.85174 18.59543 0.02217
55445.85762 18.58892 0.02099
55445.8636 18.52202 0.02091
55445.86963 18.55157 0.02171
55445.87567 18.54779 0.02062
55445.88207 18.54517 0.02142
55445.88844 18.57938 0.02228
55445.89432 18.52972 0.02245
55445.89983 18.60706 0.02182
55445.90668 18.55743 0.02344
55445.91299 18.5401 0.0207
55445.91722 18.56544 0.02354
55445.92351 18.55006 0.02136
55445.92915 18.58599 0.0227
55445.93496 18.5604 0.02136
55445.94048 18.57311 0.02285
55445.95216 18.54228 0.02264
55445.95886 18.57838 0.0223
55445.97191 18.50534 0.02204
55445.97872 18.53526 0.02127
55445.98437 18.56655 0.02147
55445.98972 18.56081 0.02211
55445.99581 18.57772 0.02206
55446.00245 18.54845 0.02191
55446.00827 18.56078 0.0214
55446.01324 18.53444 0.02388
55446.01787 18.53181 0.02762
55446.0233 18.60432 0.04273
55446.66046 18.52922 0.04072
55446.66501 18.55333 0.03575
55446.67089 18.49993 0.03377
55446.67601 18.51657 0.03219
55446.6814 18.56331 0.032
55446.68915 18.58234 0.02935
55446.70044 18.54831 0.02899
55446.70781 18.56309 0.02843
55446.71375 18.56793 0.02778
55446.71998 18.53088 0.02813
55446.7269 18.5695 0.02561
55446.73768 18.59136 0.02989
55446.74263 18.60817 0.02539
55446.74841 18.5151 0.02523
55446.75986 18.56468 0.02361
55446.76487 18.54095 0.02328
55446.77004 18.61308 0.02441
55446.77518 18.53903 0.02389
55446.78018 18.51083 0.02308
55446.78654 18.59545 0.02325
55446.79243 18.57293 0.0229
55446.79818 18.53985 0.023
55446.80822 18.56183 0.02388
55446.81336 18.56858 0.0228
55446.81934 18.50311 0.02246
55446.82569 18.58906 0.02299
55446.83186 18.56959 0.02175
55446.83803 18.55755 0.02309
55446.84316 18.53181 0.02109
55446.84946 18.52712 0.02198
55446.85529 18.57612 0.02952
55446.86132 18.5494 0.02529
55446.86741 18.5218 0.04754
55446.87321 18.56056 0.02082
55446.87945 18.53833 0.02106
55446.88583 18.54033 0.02196
55446.89176 18.56203 0.02167
55446.89901 18.59929 0.02528
55446.90569 18.52573 0.02454
55446.91293 18.57453 0.02272
55446.91958 18.61139 0.02216
55446.92538 18.51244 0.02156
55446.93113 18.56693 0.02193
55446.93686 18.56945 0.02179
55446.94237 18.57513 0.02294
55446.94842 18.55718 0.02141
55446.95451 18.54575 0.02227
55446.96034 18.55409 0.02188
55446.96641 18.5561 0.02208
55446.97287 18.5601 0.02185
55446.97827 18.5662 0.02254
55446.98464 18.55168 0.02229
55446.99026 18.586 0.02173
55446.99646 18.61608 0.02289
55447.00329 18.51338 0.02304
55447.02248 18.54667 0.03846
55448.00377 18.55832 0.02092
55448.65527 18.65125 0.04007
55448.70146 18.55038 0.03318
55449.82958 18.50658 0.02402
55449.87259 18.57586 0.02313
55450.82585 18.59553 0.02529
55450.86998 18.50491 0.02448
55451.65338 18.55858 0.03611
55451.70095 18.53695 0.02772
55452.64792 18.42902 0.03515
55452.69243 18.53212 0.02967
55453.64519 18.49539 0.04279
55453.6895 18.58241 0.02935
55454.64058 18.54542 0.04461
55454.68793 18.56198 0.04006
55455.63923 18.58196 0.04336
55455.7154 18.5892 0.03429
55456.63346 18.55569 0.04356
55456.67702 18.5538 0.03679
55457.63067 18.65866 0.05296
55457.6732 18.5425 0.03648
55458.66069 18.56614 0.04266
55458.7057 18.5197 0.03857
55459.63016 18.76556 0.08079
55459.69034 18.58697 0.0559
55460.63624 18.53332 0.05154
55460.72453 18.4462 0.03866
55461.62523 18.5906 0.0668
55461.67649 18.59154 0.05541
55462.76573 18.4559 0.0546
55462.80848 18.40736 0.05277
55463.63005 18.51909 0.07887
55463.71104 18.52398 0.05935
55466.61784 18.56708 0.04199
55466.61959 18.55871 0.03635
55466.62134 18.43071 0.03211
55466.6231 18.51539 0.03349
55466.62486 18.56514 0.03367
55466.62661 18.52784 0.03294
55466.62943 18.54776 0.03459
55466.63143 18.51472 0.03424
55466.63348 18.48543 0.03546
55466.67604 18.57083 0.04514
55467.62749 18.46554 0.03515
55467.68386 18.61201 0.13584
55468.7394 18.48546 0.03929
55468.78277 18.49847 0.04342
55469.73472 18.36144 0.04719
55469.80235 18.61516 0.09327
55470.77885 18.65664 0.07376
55470.82246 18.5212 0.02674
55471.77466 18.45556 0.02363
55471.82993 18.42867 0.0404
55472.62548 18.52087 0.03099
55472.66936 18.5348 0.02649
55473.62096 18.42127 0.05591
55477.66775 18.44294 0.02606
55477.71276 18.52168 0.02514
55478.62384 18.47455 0.03388
55478.66775 18.51641 0.02788
55479.61565 18.45572 0.02986
55479.65968 18.43167 0.02789
55480.61506 18.44277 0.03283
55480.65805 18.48698 0.0285
55481.61182 18.41969 0.03178
55481.69382 18.48086 0.0235
55482.61769 18.45258 0.03028
55482.66188 18.47202 0.02613
55482.67843 18.45033 0.02375
55483.61039 18.59562 0.03478
55483.66512 18.46438 0.02701
55484.66377 18.51989 0.03007
55484.70695 18.4685 0.02662
55485.61939 18.492 0.0398
55485.66329 18.50156 0.03753
55486.61418 18.45769 0.03708
55486.658 18.43347 0.04846
55496.84469 18.65785 0.13489
55497.84041 18.58474 0.04155
55497.89223 18.53659 0.04176
55498.71756 18.50922 0.02448
55498.79 18.52301 0.03094
55499.59404 18.42981 0.02834
55499.63881 18.57514 0.02747
55501.66259 18.56434 0.03015
55501.75706 18.45875 0.02541
55502.72145 18.50107 0.02703
55502.82148 18.47698 0.02784
55503.77762 18.48538 0.02874
55503.8732 18.52076 0.0303
55504.82418 18.53204 0.02611
55504.91868 18.48141 0.03204
55506.68972 18.47174 0.02929
55506.73387 18.51652 0.0243
55507.81368 18.51674 0.02706
55507.89267 18.53028 0.03306
55513.658 18.46077 0.02779
55513.7418 18.44406 0.02868
55514.69377 18.49439 0.0299
55514.73749 18.50372 0.03336
55515.69951 18.51893 0.03267
55515.74236 18.43347 0.03071
55516.67238 18.42232 0.03908
55516.71654 18.48759 0.03763
55517.61497 18.48317 0.03768
55517.6584 18.45409 0.03587
55518.61481 18.47296 0.04297
55518.6578 18.57791 0.04869
55527.74242 18.40395 0.03276
55530.70615 18.42043 0.03219
55530.75072 18.45753 0.03765
55531.77418 18.50844 0.03635
55531.81743 18.59185 0.05007
55532.78408 18.46585 0.02387
55532.82836 18.38329 0.03
55535.68432 18.44747 0.02411
55537.58157 18.44512 0.04109
55537.62557 18.43484 0.02899
55538.57995 18.46855 0.02865
55538.62381 18.4502 0.02361
55539.58012 18.39795 0.02791
55539.62283 18.39881 0.02645
55540.61811 18.47404 0.02333
55540.66215 18.48098 0.02479
55541.61644 18.4385 0.02904
55541.65945 18.53763 0.03548
55544.59603 18.49101 0.03072
55544.64191 18.47474 0.03068
55545.59598 18.5659 0.04153
55545.63939 18.48574 0.03349
55558.69892 18.26166 0.07313
55558.75663 18.40802 0.02816
55559.7264 18.44603 0.04768
55561.73304 18.44886 0.03178
55561.77682 18.38889 0.03758
55567.59621 18.45469 0.03148
55575.595 18.49193 0.05216
55575.6386 18.5676 0.04849
55577.59504 18.54637 0.05673
55577.63849 18.39164 0.06843
55578.61202 18.49943 0.09768
55578.6551 18.42384 0.10513
55579.61368 18.44222 0.03596
55579.65687 18.42049 0.03869
55580.66998 18.42172 0.04194
55580.71648 18.54031 0.05632
55583.61703 18.46284 0.02699
55583.66119 18.49595 0.03495
55584.63985 18.48186 0.02645
55584.68286 18.54872 0.03407
55586.61685 18.46969 0.02461
55586.66038 18.50088 0.03035
55588.66264 18.31988 0.05408
55588.70647 18.4468 0.04935
55722.89872 18.33073 0.03218
55723.91976 18.38576 0.03208
55723.9634 18.4276 0.02892
55730.87802 18.55552 0.07289
55730.92322 18.55657 0.05463
55733.86776 18.38219 0.0444
55733.91212 18.45609 0.03771
55750.83279 18.45419 0.03579
55750.87598 18.38076 0.02989
55753.86132 18.4268 0.04346
55756.88391 18.44328 0.05021
55756.93392 18.35802 0.04301
55759.84878 18.42079 0.04193
55759.89212 18.4328 0.03756
55762.79606 18.50281 0.04665
55762.8402 18.37164 0.04097
55766.7805 18.43673 0.03579
55766.83041 18.41189 0.03019
55768.77509 18.44765 0.03923
55768.82037 18.37629 0.03265
55769.80074 18.37678 0.02825
55769.84468 18.42102 0.02569
55770.78189 18.31733 0.03427
55770.82573 18.29236 0.03024
55771.78074 18.28736 0.03564
55771.82449 18.36091 0.03293
55774.75968 18.42076 0.03512
55774.80363 18.41661 0.02886
55775.7599 18.37369 0.05058
55775.80332 18.21272 0.08007
55779.7464 18.41595 0.03449
55779.79086 18.44533 0.02701
55780.74948 18.34328 0.03783
55780.79415 18.34902 0.0276
55782.7508 18.48193 0.04503
55782.7956 18.38321 0.03583
55783.7573 18.36639 0.04918
55783.80103 18.40773 0.04194
55784.74207 18.49459 0.05874
55789.73736 18.39703 0.06387
55789.78039 18.40754 0.05127
55790.73125 18.37604 0.05103
55790.77463 18.4569 0.04403
55791.73123 18.25039 0.0492
55791.77527 18.37199 0.04702
55793.74743 18.46846 0.04029
55793.79097 18.38784 0.03618
55794.75972 18.39098 0.02839
55794.81629 18.37676 0.03364
55809.66644 18.51289 0.0594
55809.7101 18.34678 0.03374
55811.66044 18.31609 0.0497
55811.7042 18.31075 0.03898
55812.65876 18.36679 0.04753
55812.70198 18.44 0.03865
55813.66257 18.41959 0.04583
55813.70671 18.44152 0.04214
55817.64475 18.49753 0.18055
55817.72795 18.55828 0.08094
55818.70874 18.21256 0.07271
55820.63925 18.5074 0.04034
55820.68324 18.5452 0.06596
55821.63464 18.37581 0.03511
55822.63132 18.42854 0.03864
55822.67415 18.39635 0.03049
55823.62908 18.44531 0.03897
55823.67275 18.43195 0.03201
55824.62608 18.42948 0.04057
55824.6697 18.4026 0.0291
55838.61464 18.42856 0.04296
55838.65944 18.47647 0.03813
55842.61856 18.46907 0.06416
55842.66208 18.59022 0.05472
55843.61073 18.47769 0.06629
55843.65444 18.55202 0.0568
55844.60924 18.48023 0.06267
55844.65374 18.48087 0.0585
55849.60547 18.46183 0.03445
55849.65079 18.50335 0.04339
55850.60468 18.4627 0.03316
55850.64918 18.5521 0.03461
55851.60318 18.46535 0.03208
55851.64641 18.41307 0.02788
55852.60416 18.49718 0.03557
55852.6481 18.4934 0.0265
55853.60163 18.34187 0.03215
55853.6463 18.46655 0.02764
55854.60164 18.513 0.03481
55854.64607 18.51406 0.02692
55866.5884 18.51637 0.03765
55866.64679 18.51984 0.03097
55867.58757 18.47869 0.04813
55867.63053 18.53222 0.03775
55868.5865 18.48637 0.04345
55868.63002 18.49689 0.03513
55873.79481 18.46602 0.09571
55873.82781 18.63175 0.08768
55880.87841 18.51004 0.04868
55880.92255 18.62965 0.05287
55882.86968 18.45737 0.03463
55882.87146 18.44623 0.03393
55882.91495 18.4457 0.03849
55883.86679 18.51776 0.03613
55883.91496 18.577 0.04987
55887.63181 18.51479 0.03108
55887.68352 18.6067 0.03299
55888.85244 18.7066 0.10359
55888.8957 18.48796 0.05379
55889.80049 18.48893 0.02583
55889.84447 18.47455 0.03123
55891.57974 18.51499 0.03524
55891.6225 18.44986 0.02956
55892.57996 18.57854 0.07109
55892.62463 18.40463 0.06353
55893.58261 18.46259 0.03247
55893.62546 18.51949 0.03428
55894.58144 18.43171 0.03878
55894.62473 18.58487 0.06747
55895.57997 18.69925 0.11284
55896.58202 18.47682 0.03961
55898.82137 18.50588 0.05455
55898.86551 18.53435 0.05416
55899.76618 18.57935 0.07899
55899.80997 18.63093 0.07977
55902.58519 18.67568 0.06576
55902.64414 18.37521 0.06737
55903.58342 18.65503 0.06588
55903.62024 18.62338 0.06136
55904.58683 18.60694 0.06636
55905.58391 18.50919 0.17522
55905.62689 18.76541 0.138
55906.58378 18.54341 0.04993
55906.64029 18.54886 0.04565
55916.59575 18.53796 0.0434
55916.64026 18.59209 0.03286
55922.6423 18.53534 0.03056
55923.59751 18.6209 0.03739
55923.64145 18.56259 0.03138
55924.60837 18.51514 0.03138
55925.59941 18.60518 0.04471
55925.67897 18.53901 0.02777
55926.58279 18.55959 0.03337
55926.62543 18.5107 0.02745
55930.58585 18.64749 0.05748
55930.62499 18.48539 0.05389
55931.58458 18.43206 0.04596
55931.62692 18.50565 0.05207
55932.62858 18.55015 0.04993
55936.60917 18.60033 0.04735
55936.65247 18.52236 0.04426
55937.58951 18.48827 0.04023
55937.63319 18.62086 0.08679
55939.64879 18.61604 0.03732
55939.6851 18.55321 0.03752
55940.59145 18.61962 0.05612
55940.64013 18.71456 0.06842
55941.59048 18.45786 0.10478
55943.69972 18.50716 0.03242
55943.74446 18.47117 0.04496
55944.64379 18.45701 0.02967
55944.67224 18.51239 0.03422
55946.63797 18.4548 0.0705
55947.59349 18.5187 0.03349
55947.63713 18.59706 0.05397
55949.64923 18.51834 0.0376
55949.6924 18.61692 0.05694
55952.60617 18.50442 0.03843
55952.64932 18.54785 0.03639
55953.59751 18.55054 0.04015
55953.64127 18.53243 0.03237
55954.59787 18.62181 0.06391
55954.64157 18.5358 0.05242
55958.61566 18.51819 0.04619
55958.67117 18.49858 0.04364
55959.64574 18.49405 0.05567
55960.60205 18.52587 0.06069
55960.64497 18.55202 0.06531
55962.61935 18.55276 0.04904
55962.69096 18.63555 0.07134
55963.60323 18.52656 0.09205
56059.98484 18.54218 0.06144
56060.97134 18.41309 0.04805
56061.96903 18.46065 0.04516
56063.96519 18.51513 0.05468
56065.96588 18.50199 0.0577
56066.96916 18.50913 0.05076
56067.96802 18.54369 0.04462
56068.98301 18.59225 0.08668
56070.97101 18.47888 0.04632
56071.95528 18.54682 0.04821
56075.93073 18.42117 0.04452
56075.96117 18.4592 0.04257
56076.96161 18.48856 0.03976
56077.97941 18.60856 0.06582
56078.92335 18.51019 0.04503
56078.95394 18.44235 0.0412
56079.91957 18.44835 0.04622
56079.94994 18.46485 0.03372
56079.97946 18.62408 0.05867
56081.92247 18.54665 0.10558
56081.9528 18.56027 0.0695
56084.95914 18.4651 0.05278
56085.9055 18.51756 0.08183
56085.9361 18.67444 0.07038
56085.9661 18.52711 0.05196
56086.90079 18.44692 0.05667
56086.9317 18.59677 0.04919
56086.96186 18.48838 0.04438
56087.95118 18.42721 0.04095
56088.93216 18.50462 0.04098
56088.96298 18.42067 0.03648
56089.90743 18.46392 0.04447
56089.9375 18.49781 0.04294
56090.89626 18.45897 0.05307
56091.93224 18.43041 0.03668
56091.96189 18.40197 0.03543
56092.88532 18.40865 0.03737
56092.91513 18.40267 0.03447
56092.94551 18.4172 0.03417
56093.88544 18.46636 0.04132
56093.91605 18.48115 0.03699
56093.95942 18.43545 0.03126
56094.8793 18.4494 0.04674
56094.90895 18.36277 0.03682
56094.93794 18.43167 0.03285
56095.89413 18.43664 0.04118
56095.92394 18.52315 0.04139
56095.95378 18.44726 0.03323
56096.8846 18.46 0.03646
56096.91464 18.45633 0.03391
56096.94475 18.47744 0.0306
56097.87211 18.66407 0.05775
56097.90204 18.36257 0.03255
56099.86796 18.39722 0.033
56099.8979 18.35351 0.02714
56099.92867 18.39661 0.02604
56100.87134 18.44472 0.03921
56100.9014 18.32403 0.03446
56100.93113 18.3523 0.03078
56101.86099 18.36637 0.04313
56101.89166 18.41325 0.03702
56101.92164 18.41229 0.03226
56102.85884 18.40617 0.03643
56102.88948 18.44563 0.03307
56102.91975 18.39719 0.02688
56103.85688 18.55777 0.04666
56103.89198 18.42747 0.03701
56103.92203 18.36036 0.03175
56104.86298 18.41061 0.03772
56104.89266 18.38337 0.0332
56104.92258 18.42876 0.03065
56105.87772 18.37755 0.033
56105.90846 18.35107 0.03046
56105.93782 18.37158 0.02949
56106.84826 18.36133 0.03194
56106.87859 18.39741 0.03118
56106.90907 18.38086 0.02687
56107.84497 18.44264 0.05291
56107.87579 18.41528 0.0324
56107.90655 18.35401 0.02912
56108.86703 18.53915 0.05647
56108.89669 18.37105 0.03807
56108.92686 18.39079 0.02906
56109.93363 18.37131 0.0343
56110.86774 18.43435 0.06246
56110.89782 18.40582 0.04583
56110.92786 18.40507 0.04131
56111.86949 18.43973 0.06599
56111.91431 18.32997 0.05057
56111.94457 18.36723 0.04439
56112.91217 18.42966 0.07931
56112.97145 18.5189 0.07739
56113.8878 18.37318 0.05687
56113.93235 18.33405 0.04464
56113.96218 18.28704 0.0392
56114.87108 18.44528 0.05255
56114.92357 18.35564 0.04246
56114.95378 18.35175 0.03958
56115.85803 18.50647 0.06462
56115.88797 18.39998 0.04477
56115.9179 18.38328 0.04085
56116.90131 18.43926 0.04364
56116.93261 18.46095 0.03836
56116.96078 18.3976 0.03845
56117.86349 18.33801 0.0472
56117.89333 18.28966 0.04307
56117.92405 18.33896 0.03664
56118.82762 18.36798 0.05565
56118.85812 18.37274 0.0431
56118.8884 18.4681 0.04103
56119.81535 18.3377 0.04868
56119.84536 18.4244 0.05662
56120.95573 18.36405 0.0468
56122.80682 18.38727 0.05931
56122.87468 18.24122 0.10109
56123.80269 18.36949 0.03419
56123.8333 18.35457 0.03224
56123.86323 18.29882 0.02832
56124.8239 18.33869 0.03589
56124.85579 18.49562 0.03882
56124.90647 18.32837 0.03099
56125.83541 18.24891 0.03112
56125.8655 18.37902 0.03094
56125.89611 18.35535 0.02746
56126.79674 18.31442 0.0366
56126.82683 18.39487 0.03685
56126.85662 18.37521 0.05691
56127.84219 18.44968 0.03908
56127.87262 18.41641 0.02858
56128.79045 18.46356 0.04424
56128.8202 18.32192 0.02865
56128.8509 18.32538 0.02595
56129.81763 18.36746 0.0317
56129.84839 18.38187 0.02879
56130.78415 18.3209 0.0377
56130.81619 18.35948 0.03426
56130.84603 18.35329 0.03354
56131.81956 18.37865 0.03297
56131.84966 18.40798 0.03065
56131.87991 18.31063 0.02507
56132.81342 18.31739 0.02928
56132.85526 18.38214 0.02931
56133.77702 18.30857 0.03074
56133.80732 18.35653 0.02838
56133.83817 18.39178 0.02848
56135.77548 18.28202 0.03455
56135.80558 18.30051 0.02899
56135.8357 18.33644 0.021
56136.78168 18.3503 0.03556
56136.81139 18.29872 0.03227
56136.84105 18.41953 0.02763
56137.77719 18.40162 0.03877
56137.8165 18.52043 0.07423
56137.84943 18.33403 0.04074
56138.76386 18.0994 0.08442
56138.79423 18.32887 0.06405
56143.75013 18.38396 0.06042
56143.77946 18.3556 0.05351
56143.81202 18.38401 0.04507
56144.79078 18.37846 0.04267
56144.82138 18.35171 0.03833
56145.74531 18.47715 0.07073
56145.77477 18.43826 0.06485
56145.80436 18.30041 0.04833
56146.74205 18.71777 0.18434
56146.77217 18.44731 0.04957
56146.83591 18.27055 0.03627
56147.75046 18.35983 0.03589
56147.78019 18.36147 0.04148
56147.81614 18.34027 0.03631
56148.73743 18.34039 0.03162
56148.76798 18.34068 0.03029
56148.79928 18.39346 0.03124
56151.84315 18.3212 0.01963
56151.87618 18.31767 0.01818
56151.91621 18.31104 0.01854
56164.86055 18.34854 0.01778
56164.89061 18.3203 0.01722
56164.92052 18.2899 0.01721
56165.82275 18.30236 0.02312
56165.85221 18.31111 0.01895
56165.88255 18.33332 0.01756
56166.78411 18.32613 0.0263
56166.82415 18.30259 0.024
56166.85436 18.34655 0.02222
56167.76082 18.36479 0.03115
56167.79008 18.32688 0.02791
56167.82893 18.29237 0.02527
56168.73084 18.37358 0.04054
56168.76135 18.32444 0.03639
56168.79094 18.31193 0.03118
56169.70528 18.31856 0.05448
56169.73488 18.31001 0.04925
56169.78208 18.31329 0.04562
56170.70609 18.34682 0.0618
56170.73648 18.32493 0.0522
56170.76821 18.32874 0.04859
56176.66101 18.3922 0.04825
56176.74473 18.37702 0.03557
56176.77537 18.30494 0.03282
56177.67775 18.2965 0.02495
56177.71467 18.27781 0.02225
56177.7448 18.31695 0.02096
56178.65701 18.35485 0.03582
56178.7245 18.32672 0.03072
56178.75548 18.30862 0.02075
56189.71737 18.28221 0.02657
56189.74707 18.23853 0.02391
56194.65274 18.30228 0.03489
56194.68156 18.28248 0.03187
56194.73072 18.31895 0.02791
56195.63238 18.18954 0.03748
56195.68489 18.18625 0.0366
56195.74387 18.30999 0.03107
56196.64868 18.24939 0.03395
56196.67925 18.22087 0.03441
56196.70945 18.27961 0.03376
56197.62224 18.35576 0.05001
56197.65122 18.43998 0.05406
56197.68048 18.31735 0.04351
56198.63271 18.28099 0.05397
56198.66294 18.38131 0.05176
56198.69225 18.28183 0.04272
56202.61563 18.3088 0.05423
56202.64754 18.39786 0.05969
56202.70169 18.41528 0.04701
56207.71676 18.23395 0.04254
56207.74712 18.41516 0.07684
56207.82773 18.31273 0.05305
56224.66207 18.34937 0.03399
56224.69182 18.40184 0.03757
56225.74851 18.30123 0.03281
56225.84088 18.3323 0.03304
56226.75858 18.2672 0.06958
56226.79663 18.45244 0.06159
56227.72154 18.30534 0.04083
56227.75148 18.32257 0.04339
56228.67316 18.2294 0.03582
56228.71 18.24557 0.03861
56229.61202 18.25604 0.04386
56229.68338 18.35583 0.04407
56230.64599 18.41713 0.04942
56230.73676 18.36793 0.04833
56231.86041 18.23428 0.04306
56232.82116 18.2722 0.03137
56233.75399 18.21419 0.03261
56233.78371 18.27615 0.04158
56234.68453 18.35215 0.02854
56234.71313 18.33968 0.02944
56235.61461 18.32181 0.02756
56235.64419 18.35335 0.02335
56236.58514 18.43664 0.03844
56236.61561 18.33674 0.02582
56237.58477 18.32405 0.02887
56237.61509 18.31374 0.02453
56238.58334 18.34187 0.03175
56238.61531 18.318 0.02369
56239.58294 18.34742 0.03014
56239.61141 18.35556 0.02318
56251.83071 18.39812 0.02472
56251.86073 18.37843 0.02428
56252.58576 18.36255 0.02583
56252.60631 18.2484 0.02549
56252.62487 18.33412 0.02479
56252.64555 18.35204 0.02567
56252.66096 18.39107 0.02561
56252.69879 18.3572 0.0266
56252.71706 18.31607 0.0256
56252.73499 18.31742 0.02324
56252.75258 18.40809 0.02592
56252.76856 18.3346 0.02758
56252.78929 18.30807 0.0312
56252.80517 18.36561 0.02869
56252.821 18.33534 0.02577
56252.83831 18.31407 0.02412
56252.85634 18.34505 0.02397
56253.58621 18.40205 0.03054
56253.60335 18.32722 0.02966
56253.62054 18.37128 0.03028
56253.63682 18.32782 0.02717
56253.6539 18.26191 0.02975
56253.6721 18.31601 0.03051
56253.70902 18.34044 0.03192
56253.7307 18.43643 0.03225
56253.75003 18.34283 0.03825
56253.76637 18.37848 0.03371
56253.78832 18.37382 0.03112
56253.8078 18.42028 0.03459
56253.82956 18.30014 0.03155
56253.85372 18.38916 0.03137
56254.74613 18.41951 0.03117
56254.77889 18.33856 0.03489
56255.68248 18.40848 0.03756
56255.7252 18.32348 0.03974
56256.62657 18.35916 0.03526
56256.6557 18.34359 0.04073
56257.58763 18.33332 0.04232
56257.64219 18.35752 0.03725
56258.58614 18.32224 0.05216
56258.61848 18.37505 0.04287
56259.59443 18.38441 0.043
56259.62495 18.40357 0.04293
56265.629 18.41374 0.02316
56265.6592 18.42821 0.02919
56266.58222 18.39699 0.03975
56266.6126 18.15497 0.06944
56267.58751 18.34153 0.02498
56267.61751 18.36876 0.02446
56268.59364 18.39966 0.02242
56268.62314 18.35734 0.02199
56269.58319 18.35203 0.02555
56269.58435 18.38306 0.02221
56269.58546 18.38231 0.02246
56269.58657 18.3649 0.02234
56269.58771 18.36014 0.02295
56269.58893 18.37344 0.02284
56269.59006 18.38253 0.02237
56269.59133 18.38338 0.02202
56269.59245 18.40773 0.02202
56269.59364 18.40486 0.02168
56269.59478 18.41974 0.02276
56269.596 18.41247 0.02159
56269.59713 18.39184 0.02304
56269.59843 18.39815 0.02174
56269.59956 18.35953 0.02258
56269.60977 18.39618 0.02224
56269.61093 18.41068 0.02154
56269.6121 18.41137 0.02143
56269.61321 18.36285 0.02247
56269.61434 18.42216 0.02336
56269.61547 18.31859 0.02181
56269.61659 18.41217 0.0228
56269.61773 18.37946 0.02345
56269.61884 18.35773 0.02259
56269.61995 18.35618 0.02197
56269.62115 18.3549 0.02224
56269.6223 18.39152 0.02297
56269.62343 18.36173 0.02139
56269.62457 18.40229 0.02048
56269.62569 18.3906 0.02136
56269.62688 18.35751 0.02157
56269.628 18.3814 0.02112
56269.6375 18.33647 0.02446
56269.63881 18.39038 0.02145
56269.64001 18.39053 0.021
56269.64114 18.39543 0.02202
56269.64226 18.35315 0.02081
56269.64337 18.36497 0.02107
56269.6445 18.35204 0.02012
56269.64562 18.34036 0.0214
56269.64675 18.36577 0.0206
56269.64789 18.36949 0.02021
56269.64905 18.34146 0.0208
56269.65017 18.37799 0.02018
56269.65129 18.39044 0.02096
56269.65247 18.36561 0.02109
56269.65359 18.37163 0.02126
56269.65473 18.36998 0.0218
56269.65585 18.39784 0.02049
56269.65698 18.36522 0.02034
56269.65819 18.37674 0.02145
56269.65932 18.37068 0.02095
56269.66055 18.35641 0.02132
56269.66167 18.38684 0.02071
56269.66279 18.36554 0.02033
56269.66393 18.36827 0.02079
56269.66595 18.36955 0.01983
56269.66717 18.36601 0.02052
56269.66829 18.42085 0.02007
56269.66952 18.38823 0.0206
56269.67064 18.38108 0.02053
56269.67184 18.37606 0.01993
56269.673 18.37158 0.02059
56269.67412 18.41548 0.0213
56269.67533 18.38546 0.0198
56269.67646 18.37361 0.02041
56269.6776 18.38391 0.02121
56269.67883 18.34416 0.01963
56269.67997 18.38861 0.01967
56269.6812 18.38249 0.01963
56269.68232 18.37768 0.0199
56269.68343 18.33134 0.02179
56269.68473 18.37467 0.02018
56269.68592 18.38871 0.02014
56269.68705 18.43657 0.02068
56269.68816 18.35579 0.02024
56269.68929 18.38039 0.02061
56269.69041 18.39842 0.02073
56269.69157 18.36256 0.02031
56269.69269 18.41756 0.02
56269.69383 18.33304 0.02074
56269.69496 18.38618 0.02077
56269.69608 18.40982 0.02053
56269.69898 18.34451 0.02017
56269.70011 18.3717 0.02059
56269.70126 18.42012 0.02042
56269.70241 18.38988 0.0205
56269.70357 18.33877 0.01993
56269.70468 18.39018 0.02032
56269.70581 18.39925 0.02109
56269.70705 18.35882 0.0197
56269.70816 18.39407 0.02069
56269.70937 18.39474 0.02067
56269.7105 18.40318 0.02085
56269.71167 18.37775 0.0206
56269.7128 18.38732 0.02058
56269.71403 18.38454 0.02028
56269.71516 18.35482 0.02036
56269.7163 18.37386 0.02037
56269.72641 18.36218 0.0214
56269.72763 18.38483 0.02018
56269.72875 18.37807 0.02039
56269.72987 18.41016 0.02148
56269.731 18.41139 0.02048
56269.73213 18.37835 0.02122
56269.73326 18.31034 0.02063
56269.73438 18.3985 0.02095
56269.73557 18.37008 0.02206
56269.73682 18.38434 0.02093
56269.73796 18.3999 0.02143
56269.73911 18.40298 0.02131
56269.74036 18.41878 0.02118
56269.74147 18.38077 0.02124
56269.74272 18.36431 0.02055
56269.74391 18.37787 0.0209
56269.74502 18.39212 0.02122
56269.7462 18.37048 0.02159
56269.74734 18.39587 0.02208
56269.74846 18.4224 0.02303
56269.74961 18.37698 0.02196
56269.75074 18.39967 0.02125
56269.75201 18.4038 0.0223
56269.75316 18.39607 0.02111
56269.75429 18.41127 0.02213
56269.75553 18.3826 0.02226
56269.75665 18.3841 0.02159
56269.75779 18.42806 0.0242
56269.75895 18.37095 0.02188
56269.76008 18.40266 0.02245
56269.76123 18.40722 0.02257
56269.76235 18.36893 0.0216
56269.76348 18.38377 0.02255
56269.76459 18.40023 0.02324
56269.76573 18.37811 0.02259
56269.78036 18.37799 0.02506
56269.78151 18.37754 0.0231
56269.78271 18.39051 0.02338
56269.78391 18.3701 0.02264
56269.78511 18.33848 0.02233
56269.78751 18.41429 0.0231
56269.78876 18.38754 0.02229
56269.78989 18.36843 0.02292
56269.79108 18.3965 0.02298
56269.79227 18.4131 0.02341
56269.79356 18.3685 0.0214
56269.79478 18.38213 0.02318
56269.7959 18.36655 0.02366
56269.79701 18.36456 0.02188
56269.79816 18.40465 0.0235
56269.79928 18.37518 0.02291
56269.80041 18.41955 0.02337
56269.80156 18.38058 0.02322
56269.80276 18.40133 0.0235
56269.80404 18.33645 0.02282
56269.80517 18.40943 0.02375
56269.80638 18.39591 0.02367
56269.80752 18.34605 0.02357
56269.80866 18.36788 0.02741
56270.57931 18.39485 0.02561
56270.58058 18.36512 0.0224
56270.58188 18.40346 0.02256
56270.58305 18.38767 0.02234
56270.58429 18.37131 0.02156
56270.58556 18.40107 0.02117
56270.58671 18.35302 0.02183
56270.58798 18.39281 0.02192
56270.58926 18.35928 0.02012
56270.59051 18.35149 0.02005
56270.59176 18.4022 0.02154
56270.59301 18.40411 0.02071
56270.59588 18.37203 0.02046
56270.59719 18.38712 0.01954
56270.59846 18.36827 0.02013
56270.59973 18.38769 0.02015
56270.60101 18.36328 0.02034
56270.60229 18.38156 0.02229
56270.60361 18.4179 0.0202
56270.60484 18.36698 0.01988
56270.60617 18.41376 0.02086
56270.60733 18.3656 0.01976
56270.60868 18.30587 0.0197
56270.60993 18.35096 0.02107
56270.61121 18.42547 0.02067
56270.61244 18.36659 0.02164
56270.61368 18.35334 0.0199
56270.61481 18.40003 0.02111
56270.61593 18.3599 0.02033
56270.61713 18.40175 0.01988
56270.61835 18.33891 0.01957
56270.61963 18.38449 0.01999
56270.62082 18.38196 0.02038
56270.62212 18.35393 0.02092
56270.62324 18.38654 0.02033
56270.62438 18.39113 0.01988
56270.6255 18.35362 0.02168
56270.62668 18.37396 0.02098
56270.62781 18.3829 0.02049
56270.62895 18.38319 0.02148
56270.63017 18.34827 0.01978
56270.6313 18.32686 0.02018
56270.63259 18.34723 0.01984
56270.63372 18.37411 0.01995
56270.63484 18.41338 0.02024
56270.64581 18.4212 0.02207
56270.64713 18.3723 0.01968
56270.64825 18.37654 0.02003
56270.6495 18.34774 0.01931
56270.65082 18.37784 0.01952
56270.65222 18.40067 0.02007
56270.65336 18.37793 0.02143
56270.6545 18.38237 0.01974
56270.65562 18.39355 0.02039
56270.65697 18.40059 0.02013
56270.65832 18.37252 0.01939
56270.65959 18.33755 0.02129
56270.66092 18.36722 0.01959
56270.66217 18.37013 0.02077
56270.66351 18.37507 0.01979
56270.66477 18.37623 0.02039
56270.67891 18.39968 0.02074
56270.68008 18.43905 0.02068
56270.68122 18.38862 0.02077
56270.68243 18.41337 0.02051
56270.68382 18.37177 0.01967
56270.68508 18.32261 0.01993
56270.68653 18.39461 0.02023
56270.68784 18.37536 0.01906
56270.68912 18.34217 0.01907
56270.69114 18.38547 0.01951
56270.69232 18.35949 0.02146
56270.69365 18.3827 0.02098
56270.6948 18.38369 0.01981
56270.69617 18.43338 0.0208
56270.69746 18.38004 0.02015
56270.6986 18.38556 0.02003
56270.6999 18.39797 0.02015
56270.70121 18.42134 0.01989
56270.70235 18.38894 0.0194
56270.70349 18.38573 0.02003
56270.70482 18.40482 0.01955
56270.70613 18.36445 0.02227
56270.70726 18.37349 0.01957
56270.7086 18.36773 0.02002
56270.70972 18.39004 0.01984
56270.71103 18.34716 0.01982
56270.71235 18.42706 0.01981
56270.71347 18.42639 0.02007
56270.71481 18.38206 0.02101
56270.71608 18.41711 0.02035
56270.71722 18.39856 0.0198
56270.71853 18.37071 0.02049
56270.71967 18.35751 0.02081
56270.72098 18.38316 0.02034
56270.72302 18.38672 0.02041
56270.72439 18.35484 0.01987
56270.72553 18.39354 0.02043
56270.72665 18.37016 0.02
56270.72793 18.38461 0.02022
56270.72927 18.42267 0.02091
56270.73043 18.38141 0.01924
56270.73161 18.37064 0.02005
56270.73292 18.38776 0.02016
56270.73506 18.39162 0.0199
56270.73622 18.38887 0.02089
56270.73753 18.38115 0.02105
56270.73887 18.41193 0.02024
56270.74001 18.37895 0.02149
56270.74126 18.39342 0.01994
56270.7424 18.38405 0.01961
56270.74369 18.36353 0.02091
56270.74498 18.40913 0.02095
56270.74609 18.35537 0.02175
56270.74744 18.42119 0.02087
56270.7486 18.38996 0.0218
56270.74995 18.43135 0.02092
56270.75121 18.40599 0.02112
56270.75241 18.38236 0.02025
56270.75372 18.37876 0.02002
56270.75502 18.39221 0.02098
56270.75706 18.4026 0.02151
56270.75826 18.37694 0.02149
56270.75948 18.40027 0.02261
56270.76078 18.37063 0.02203
56270.76208 18.36656 0.02263
56270.77223 18.38622 0.02273
56270.77464 18.4197 0.02177
56270.77775 18.44531 0.02266
56270.77887 18.3548 0.02159
56270.78012 18.36938 0.02111
56270.78147 18.39465 0.02211
56270.78273 18.3937 0.02241
56270.784 18.35606 0.02223
56270.78526 18.4126 0.02438
56270.78661 18.36932 0.02309
56270.78776 18.39053 0.02262
56270.7891 18.3767 0.02375
56270.79021 18.39787 0.02343
56270.79151 18.37654 0.02326
56270.7928 18.33731 0.02266
56270.79391 18.3946 0.02396
56270.79508 18.42395 0.02331
56270.79619 18.35804 0.0227
56270.7975 18.46113 0.02399
56270.79862 18.38114 0.02301
56270.79991 18.37457 0.02354
56270.80111 18.38855 0.02461
56270.80249 18.38014 0.0227
56270.80509 18.41533 0.02359
56270.80715 18.39532 0.024
56270.80837 18.37616 0.02357
56270.80963 18.35008 0.02287
56271.71236 18.39215 0.02789
56271.74462 18.34568 0.02876
56272.64495 18.46255 0.02651
56272.7082 18.35389 0.02647
56273.60993 18.41548 0.02616
56273.63946 18.42579 0.02835
56281.58737 18.43797 0.04024
56281.61668 18.31359 0.03663
56282.58095 18.40923 0.03294
56282.61036 18.40811 0.03444
56282.62819 18.32077 0.02936
56297.58897 18.4186 0.02529
56297.59019 18.39861 0.02321
56297.5937 18.46582 0.02339
56297.59722 18.38498 0.02527
56297.59904 18.35689 0.02389
56297.60164 18.33669 0.02538
56297.60284 18.36097 0.02597
56297.6053 18.41822 0.02471
56297.61734 18.45059 0.02423
56297.61965 18.33389 0.02659
56297.62198 18.39487 0.02319
56297.62474 18.35649 0.02548
56297.62597 18.35162 0.02501
56297.62818 18.38718 0.02373
56297.63051 18.46263 0.02448
56297.63246 18.4253 0.02426
56297.6337 18.43038 0.02496
56297.63597 18.42035 0.02423
56297.63722 18.39332 0.02478
56297.63944 18.44756 0.02429
56297.64162 18.42487 0.02513
56297.64281 18.44221 0.02456
56297.64393 18.45891 0.02462
56297.64612 18.4691 0.02547
56297.64742 18.35359 0.02629
56297.64964 18.38191 0.02362
56297.65084 18.39435 0.02321
56297.65434 18.39824 0.02423
56297.65811 18.3685 0.02581
56297.65988 18.39729 0.02365
56297.66121 18.42158 0.02492
56297.66483 18.38366 0.02717
56297.66714 18.38605 0.02252
56297.67315 18.43273 0.02412
56297.67547 18.42291 0.02503
56297.67675 18.38177 0.02356
56297.67954 18.3651 0.026
56297.68076 18.40361 0.02436
56297.6819 18.39997 0.02416
56297.68325 18.3948 0.02736
56297.68541 18.42024 0.02394
56297.68786 18.39156 0.0243
56297.69171 18.3749 0.02775
56297.69635 18.38998 0.02418
56297.69767 18.34435 0.02354
56297.70113 18.38391 0.02485
56297.70743 18.4099 0.02513
56297.71084 18.38356 0.02497
56297.71401 18.39171 0.02555
56297.71668 18.38231 0.0277
56297.7179 18.39005 0.02745
56297.72049 18.37922 0.02663
56297.72327 18.36728 0.02687
56297.72448 18.36916 0.03167
56297.72584 18.3659 0.02733
56297.72772 18.34534 0.0261
56297.72894 18.43211 0.02856
56297.74317 18.40646 0.02931
56297.74683 18.36407 0.02777
56297.74996 18.41232 0.02897
56297.75123 18.4314 0.02914
56297.75493 18.4052 0.02881
56297.75709 18.39244 0.03005
56297.7583 18.33071 0.02744
56297.76047 18.39837 0.03004
56297.76167 18.42498 0.02856
56297.76388 18.40367 0.02778
56297.76506 18.34927 0.02969
56297.76834 18.37439 0.02771
56297.77069 18.34603 0.03074
56297.77185 18.39337 0.03005
56297.77383 18.40388 0.03089
56297.79199 18.43664 0.03353
56297.79318 18.42375 0.03367
56297.79645 18.49571 0.03737
56297.79838 18.46588 0.03719
56297.79953 18.39282 0.03812
56297.80077 18.4852 0.03876
56297.80192 18.43225 0.03881
56297.80312 18.41967 0.04028
56297.80437 18.34726 0.04012
56297.80564 18.39953 0.03721
56297.80864 18.31496 0.0359
56298.58895 18.43194 0.03297
56298.59013 18.47535 0.03537
56298.59235 18.41105 0.04613
56298.59354 18.32759 0.04305
56298.59724 18.47894 0.04542
56298.59842 18.34845 0.04003
56298.60089 18.43832 0.04651
56298.6021 18.46215 0.04156
56298.60332 18.38494 0.04104
56298.60466 18.43053 0.04453
56298.60701 18.389 0.04228
56298.60823 18.43382 0.04555
56298.61034 18.47442 0.04166
56298.61595 18.38603 0.03137
56298.61811 18.45886 0.02726
56298.62047 18.41653 0.03146
56298.62171 18.38495 0.03682
56298.62426 18.39039 0.02855
56298.62643 18.38711 0.03512
56298.62762 18.34064 0.04022
56298.63098 18.39926 0.03304
56298.63219 18.41523 0.03212
56298.63473 18.4015 0.032
56298.63687 18.4529 0.03189
56298.63807 18.35752 0.03477
56298.63935 18.40588 0.03376
56298.64364 18.42253 0.02456
56298.64578 18.3216 0.02852
56298.64695 18.41046 0.03397
56298.6481 18.38661 0.02945
56298.65082 18.37462 0.03075
56298.65294 18.36123 0.02716
56298.65509 18.45606 0.02504
56298.65745 18.49732 0.04218
56298.65865 18.34137 0.02718
56298.66081 18.40827 0.02379
56298.66198 18.36386 0.02651
56298.66411 18.44046 0.02611
56298.66639 18.40071 0.02485
56298.6699 18.402 0.02454
56298.68256 18.35956 0.0325
56298.68492 18.45224 0.03457
56298.68729 18.41597 0.04359
56298.68852 18.36833 0.04971
56298.6908 18.37639 0.06926
56301.59099 18.42054 0.02561
56302.5927 18.31209 0.07578
56302.62153 18.25558 0.03267
56305.59416 18.28078 0.02919
56305.62276 18.30392 0.0278
56307.60089 18.53784 0.0449
56307.63151 18.4262 0.03339
56308.60019 18.4255 0.0312
56308.63015 18.44203 0.04268
56310.60466 18.46379 0.03432
56310.63503 18.45834 0.0338
56311.59823 18.32456 0.03379
56311.62777 18.40289 0.03794
56312.59699 18.28588 0.04975
56312.63396 18.25772 0.06167
56313.60478 18.43697 0.03562
56313.63593 18.41208 0.03643
56314.61498 18.45061 0.03813
56314.64504 18.40091 0.05007
56315.73841 18.46099 0.10759
56322.60046 18.38527 0.03551
56322.63022 18.44427 0.03469
56323.59943 18.36066 0.02823
56323.60059 18.44151 0.02628
56323.60172 18.40792 0.02623
56323.60284 18.33481 0.02845
56323.60396 18.38612 0.02676
56323.60508 18.39241 0.02625
56323.60621 18.41466 0.02549
56323.60734 18.42282 0.02387
56323.60846 18.35455 0.02402
56323.60959 18.37065 0.02707
56323.61071 18.39594 0.02611
56323.61183 18.39327 0.02702
56323.61297 18.31426 0.02726
56323.61409 18.38102 0.02799
56323.61521 18.35198 0.02605
56323.61635 18.38152 0.02724
56323.61747 18.43375 0.02547
56323.61859 18.43154 0.02706
56323.61971 18.42493 0.02879
56323.62085 18.3354 0.02727
56323.62197 18.427 0.02458
56323.62309 18.40717 0.02667
56323.62423 18.40584 0.0282
56323.62535 18.36841 0.02756
56323.62647 18.33889 0.02734
56323.62759 18.3419 0.02753
56323.62872 18.37448 0.02701
56323.62985 18.37112 0.02736
56323.63097 18.39034 0.02832
56323.6321 18.40212 0.02704
56323.63322 18.37642 0.02618
56323.63435 18.429 0.02774
56323.63549 18.37537 0.02832
56323.63661 18.32662 0.02764
56323.63773 18.46148 0.02709
56323.63887 18.40217 0.02733
56323.63999 18.44046 0.02545
56323.64112 18.39028 0.02488
56323.64225 18.39362 0.02458
56323.64338 18.43054 0.02707
56323.6445 18.39347 0.02673
56323.64563 18.35445 0.02875
56323.64676 18.34595 0.02793
56323.64789 18.40735 0.03062
56323.64902 18.42551 0.02638
56323.65014 18.38524 0.02925
56323.65127 18.31046 0.02635
56323.6524 18.35402 0.02765
56323.65352 18.38619 0.02646
56323.65465 18.37999 0.02759
56323.65577 18.43921 0.02957
56323.65691 18.39239 0.03085
56323.65803 18.41008 0.02831
56323.65917 18.40936 0.02892
56323.66029 18.4054 0.03146
56323.66142 18.38661 0.03179
56323.66255 18.42333 0.02749
56323.66367 18.40784 0.0281
56323.6648 18.46222 0.02769
56323.66594 18.43535 0.02904
56323.66706 18.38905 0.03222
56323.66819 18.43852 0.03503
56323.66932 18.42022 0.03267
56323.67045 18.39835 0.03075
56323.67158 18.32589 0.03175
56323.67271 18.37667 0.03095
56323.67384 18.41289 0.02921
56323.67496 18.34616 0.0321
56323.67613 18.49048 0.03438
56323.67725 18.39116 0.03176
56323.67838 18.44747 0.03175
56323.67951 18.29597 0.03214
56323.68065 18.41678 0.03162
56323.68177 18.35708 0.03326
56323.6829 18.3258 0.03319
56323.68402 18.39699 0.03291
56323.68516 18.42821 0.03304
56323.68628 18.42523 0.03549
56323.68742 18.46806 0.03219
56323.68855 18.40961 0.03363
56323.68967 18.40449 0.03397
56323.69081 18.50949 0.03426
56323.69194 18.49819 0.03445
56323.69306 18.3795 0.0324
56323.6942 18.41406 0.03733
56323.69532 18.47319 0.03732
56323.69644 18.45863 0.03635
56323.69758 18.43743 0.04058
56323.6987 18.47944 0.04183
56323.69982 18.34099 0.04464
56323.70094 18.4782 0.03825
56323.70208 18.33431 0.03983
56323.7032 18.45221 0.04186
56323.70434 18.46173 0.03876
56323.70546 18.47194 0.04226
56323.70659 18.40044 0.04105
56323.70772 18.50267 0.05329
56323.70887 18.45872 0.04988
56323.71001 18.43501 0.05315
56323.71114 18.48786 0.05068
56323.71226 18.43996 0.04857
56323.7134 18.42862 0.05316
56323.71453 18.347 0.05848
56323.71565 18.41075 0.0496
56323.71679 18.43408 0.059
56323.71791 18.43423 0.05805
56323.71905 18.37143 0.05672
56323.72017 18.30058 0.06206
56323.7213 18.31584 0.07164
56323.72242 18.44843 0.05983
56323.72356 18.22733 0.05602
56323.72468 18.46614 0.07067
56323.72582 18.54948 0.08
56323.72695 18.47886 0.06993
56323.72808 18.44413 0.06523
56323.72921 18.52374 0.06945
56323.73034 18.32775 0.06795
56323.73146 18.53466 0.08291
56323.73259 18.52778 0.06982
56323.73372 18.3848 0.08336
56323.73485 18.60864 0.07717
56324.6344 18.45535 0.02868
56324.67356 18.4289 0.03009
56325.63047 18.62637 0.10288
56328.60109 18.38814 0.031
56328.63041 18.44919 0.02479
56329.6158 18.44705 0.04141
56329.64528 18.18132 0.11904
56330.60568 18.40353 0.02607
56330.63442 18.45716 0.02994
56336.60557 18.46835 0.03298
56336.6347 18.52258 0.03954
56337.61678 18.4085 0.02758
56337.646 18.43895 0.03031
56338.621 18.61805 0.10924
56339.61462 18.46053 0.05778
56339.64973 18.61209 0.06062
56340.62168 18.43027 0.03413
56340.65261 18.4736 0.04158
56341.63432 18.46329 0.03779
56342.61542 18.42643 0.04349
56342.64414 18.43928 0.05291
56431.98143 18.50721 0.06847
56432.97832 18.47717 0.05296
56433.97522 18.42019 0.03699
56434.97306 18.41052 0.04023
56440.95678 18.47591 0.06679
56441.9545 18.53352 0.06445
56442.95121 18.4311 0.04108
56443.94843 18.42164 0.03507
56444.94545 18.46044 0.04812
56444.97977 18.50682 0.06541
56446.9404 18.45732 0.03527
56446.9746 18.42447 0.04706
56447.93827 18.41812 0.03023
56447.97245 18.4889 0.03579
56448.93551 18.46684 0.0276
56448.97043 18.42449 0.03254
56449.9322 18.46912 0.02759
56449.96744 18.42522 0.02716
56450.93056 18.43893 0.0271
56450.96471 18.46982 0.03149
56451.92757 18.46108 0.03207
56451.96268 18.41465 0.02924
56452.92487 18.44121 0.02857
56452.95905 18.43211 0.02514
56453.9223 18.39458 0.03138
56453.95718 18.39749 0.03246
56454.91904 18.42696 0.0303
56454.9531 18.38175 0.02613
56455.91706 18.4333 0.02761
56455.95123 18.39617 0.0247
56456.91361 18.39819 0.02927
56456.94859 18.41617 0.02509
56457.91086 18.3662 0.02866
56457.9457 18.44459 0.02741
56458.90893 18.42392 0.02722
56458.94334 18.44185 0.0252
56459.90596 18.44105 0.0288
56459.94092 18.40979 0.02563
56460.9034 18.34271 0.02777
56460.93791 18.42213 0.02499
56461.90107 18.41287 0.02766
56461.93811 18.38695 0.02269
56462.89824 18.42136 0.03088
56462.93439 18.45551 0.02989
56463.89576 18.4422 0.04336
56463.93218 18.37056 0.02491
56469.87982 18.33566 0.03989
56469.91685 18.45312 0.03746
56471.87375 18.38784 0.04329
56471.91001 18.43397 0.03819
56473.86804 18.49 0.06512
56473.90477 18.32949 0.04876
56475.86334 18.52641 0.04637
56475.9008 18.33137 0.03989
56476.86102 18.36089 0.04032
56476.89765 18.43983 0.05294
56477.85777 18.3787 0.0623
56485.83631 18.44198 0.03582
56485.87342 18.34502 0.09739
56486.83403 18.31094 0.02677
56486.87106 18.35846 0.02414
56488.83006 18.4326 0.03031
56488.86647 18.34687 0.02421
56489.82698 18.39053 0.03107
56489.86366 18.42117 0.02509
56491.82149 18.58165 0.10089
56491.8581 18.37728 0.0524
56498.802 18.45139 0.05862
56498.83888 18.38186 0.04802
56502.79167 18.42754 0.0339
56502.82864 18.40849 0.03161
56503.78903 18.40891 0.02643
56503.82769 18.39441 0.0269
56504.82017 18.4679 0.03085
56504.86992 18.37837 0.0247
56504.90811 18.38114 0.02562
56505.81768 18.39005 0.02744
56505.9509 18.39545 0.02443
56505.98842 18.43453 0.03251
56506.89349 18.43124 0.02995
56507.80198 18.40489 0.02679
56507.84712 18.40485 0.02455
56507.99891 18.36482 0.02517
56508.90167 18.38011 0.01882
56509.79634 18.4234 0.02487
56509.83877 18.38585 0.02243
56510.8262 18.37659 0.02071
56511.79111 18.3932 0.02378
56511.84089 18.39113 0.02219
56512.78788 18.41312 0.02902
56512.82519 18.35521 0.02405
56513.78624 18.42123 0.02478
56513.82352 18.36127 0.02131
56514.7834 18.45291 0.02525
56514.82081 18.37855 0.02229
56515.78106 18.40812 0.02627
56515.82231 18.41273 0.0234
56516.77774 18.41638 0.02454
56516.81437 18.3917 0.02059
56517.77605 18.36584 0.02581
56517.81715 18.40967 0.02001
56517.97309 18.43353 0.02142
56518.87478 18.40217 0.02085
56518.96686 18.38159 0.02113
56519.00311 18.35078 0.02154
56519.90443 18.40866 0.01926
56519.96504 18.38328 0.01889
56520.00171 18.38768 0.02026
56520.90327 18.41312 0.02026
56520.95521 18.41493 0.02075
56520.99262 18.3865 0.01989
56521.89446 18.39957 0.0213
56521.95772 18.35067 0.02061
56521.99393 18.33721 0.01975
56527.72557 18.48636 0.09271
56527.76434 18.45197 0.07285
56527.80142 18.45685 0.06415
56528.72198 18.32536 0.05937
56528.81982 18.44236 0.04572
56528.87422 18.364 0.04847
56529.90241 18.42882 0.03816
56529.93849 18.38771 0.04034
56529.97462 18.36969 0.03962
56532.71221 18.37454 0.02775
56532.85928 18.40621 0.02395
56532.89645 18.35387 0.02251
56533.79895 18.3774 0.02262
56533.93493 18.3592 0.0227
56533.97228 18.33191 0.02543
56537.84525 18.3721 0.01946
56537.9874 18.35825 0.01925
56539.69386 18.38252 0.02933
56539.88447 18.36269 0.01846
56539.9215 18.35015 0.01917
56540.97669 18.37898 0.01901
56541.6883 18.38522 0.03077
56541.83165 18.32747 0.05679
56542.96698 18.36842 0.02168
56543.00294 18.34674 0.02244
56543.90463 18.41287 0.14264
56543.97085 18.33365 0.01992
56544.00787 18.37379 0.02133
56546.67441 18.37943 0.03057
56546.75907 18.41785 0.024
56546.94639 18.33372 0.01909
56547.84788 18.36513 0.0205
56548.0057 18.39178 0.02199
56548.66959 18.37466 0.03738
56548.70582 18.36113 0.0315
56548.74172 18.36147 0.02933
56549.66591 18.39896 0.03551
56549.70273 18.39082 0.02961
56549.73967 18.33701 0.02984
56550.66388 18.34182 0.04345
56550.6994 18.32585 0.03648
56550.73216 18.41053 0.03307
56551.66063 18.37669 0.04802
56551.72202 18.44398 0.04049
56551.75862 18.45967 0.03535
56552.66117 18.44045 0.0505
56552.71291 18.53633 0.04866
56552.74635 18.39618 0.04026
56561.66061 18.33408 0.02603
56561.89034 18.39168 0.03125
56561.92356 18.37258 0.03075
56562.93459 18.40528 0.02716
56563.02169 18.3375 0.03401
56563.6524 18.34083 0.02828
56563.6893 18.34404 0.0273
56563.77494 18.35723 0.02354
56564.72602 18.38389 0.02484
56564.99301 18.34299 0.0244
56565.02672 18.3334 0.02865
56565.92832 18.3269 0.02216
56565.98151 18.36037 0.02529
56566.01544 18.36107 0.02611
56566.91724 18.35562 0.02133
56566.96287 18.32911 0.02207
56566.99591 18.38246 0.02428
56567.8986 18.34606 0.02091
56567.96702 18.3672 0.01956
56568.00039 18.36728 0.022
56568.90245 18.37099 0.01988
56568.96343 18.35729 0.02175
56568.99843 18.3418 0.02675
56569.90084 18.36014 0.02379
56569.99803 18.40761 0.02847
56570.03082 18.40823 0.03795
56571.62526 18.45656 0.03851
56571.69052 18.39073 0.0375
56571.72419 18.44261 0.03625
56572.62632 18.29975 0.02773
56572.66032 18.35318 0.02526
56572.69287 18.39623 0.03326
56573.61429 18.32246 0.03116
56573.64765 18.38721 0.02717
56573.77817 18.35368 0.02189
56576.83948 18.31511 0.02057
56577.00541 18.3728 0.02794
56577.60601 18.29037 0.04061
56577.63144 18.37241 0.03315
56577.77306 18.32933 0.02566
56578.67217 18.42993 0.02992
56578.69674 18.39853 0.0297
56578.75347 18.37546 0.02617
56579.73584 18.41937 0.03174
56579.85963 18.3672 0.03065
56579.88516 18.34847 0.02932
56580.7875 18.34515 0.03532
56580.8553 18.35111 0.03396
56580.88022 18.38782 0.03483
56581.78167 18.61412 0.05356
56581.83883 18.42059 0.04812
56581.86464 18.51616 0.05146
56587.62864 18.37025 0.0247
56587.78993 18.33997 0.03332
56587.81475 18.35146 0.03117
56588.71625 18.31536 0.04549
56588.86644 18.4178 0.04488
56588.89281 18.3765 0.04623
56589.79481 18.33422 0.02396
56589.81959 18.38406 0.02605
56589.84642 18.3806 0.0272
56590.76387 18.35068 0.02438
56590.8749 18.37328 0.02521
56590.89969 18.35925 0.02637
56591.80204 18.30567 0.04056
56591.86057 18.39178 0.02495
56591.88508 18.35316 0.02641
56592.81972 18.38128 0.02249
56592.91348 18.38517 0.02721
56592.93852 18.3891 0.02685
56596.59731 18.32575 0.02972
56596.81771 18.35336 0.02794
56596.84238 18.34167 0.02733
56597.74425 18.41499 0.0279
56597.82393 18.36119 0.02969
56597.84943 18.37577 0.03353
56598.75163 18.3415 0.02594
56598.82179 18.36034 0.0278
56598.84855 18.37379 0.02595
56599.75014 18.39999 0.02202
56599.79577 18.35109 0.0205
56599.82112 18.37348 0.02242
56600.77441 18.35464 0.02263
56600.8753 18.34474 0.02507
56602.59024 18.38087 0.03977
56602.75501 18.39011 0.04204
56602.78065 18.39831 0.03501
56603.68227 18.3207 0.02577
56603.74296 18.35713 0.02579
56603.81581 18.33816 0.02304
56604.73691 18.34247 0.02404
56604.92616 18.31156 0.02732
56605.64733 18.33005 0.02328
56605.67213 18.36867 0.02384
56606.58401 18.33074 0.05188
56606.60932 18.41596 0.03491
56606.64241 18.28635 0.05187
56607.82225 18.32541 0.03519
56607.84927 18.33349 0.02679
56608.75086 18.34064 0.03299
56608.81398 18.3457 0.0337
56608.84048 18.35177 0.04272
56609.8617 18.25547 0.03662
56609.88847 18.32467 0.03842
56621.79766 18.33107 0.0279
56622.58588 18.32442 0.02411
56623.58717 18.38703 0.0358
56624.57999 18.34016 0.02584
56624.60429 18.34816 0.02337
56625.70494 18.28117 0.0246
56625.74386 18.30115 0.02132
56626.64578 18.33572 0.02373
56626.67007 18.32542 0.0221
56627.83411 18.31409 0.06809
56628.73144 18.32121 0.02673
56628.76212 18.34715 0.02763
56637.58042 18.29141 0.03249
56637.60549 18.3816 0.035
56639.58002 18.28542 0.03681
56639.60438 18.30494 0.03535
56640.58279 18.32289 0.03775
56640.61699 18.33202 0.04975
56648.58277 18.29717 0.03314
56648.61266 18.34524 0.03272
56649.57885 18.40367 0.03289
56649.60387 18.35233 0.0262
56650.58762 18.31936 0.02892
56653.58621 18.34068 0.05159
56653.61955 18.43779 0.03986
56658.58519 18.27202 0.02217
56658.62914 18.32968 0.02141
56659.58605 18.3432 0.02289
56659.61086 18.31269 0.02215
56660.58569 18.35498 0.02433
56660.61029 18.3788 0.02356
56661.58623 18.44793 0.06387
56661.61082 18.34081 0.10231
56662.58587 18.36089 0.02828
56662.61038 18.37612 0.03477
56663.59143 18.28721 0.02489
56663.6171 18.2651 0.02315
56664.58594 18.39244 0.05632
56664.6104 18.36813 0.03322
56668.58721 18.40766 0.05172
56668.61177 18.26888 0.03125
56669.5899 18.23443 0.08617
56669.61423 18.24082 0.03939
56670.58877 18.53747 0.06323
56670.61422 18.38466 0.10397
56675.5969 18.31896 0.02232
56675.6459 18.32209 0.03167
56676.59181 18.31725 0.02603
56676.61781 18.37091 0.02541
56677.60718 18.34597 0.05807
56678.61458 18.31762 0.02391
56678.64019 18.3784 0.02407
56680.60724 18.32904 0.02706
56681.63294 18.49205 0.09763
56683.59693 18.39818 0.02554
56683.63252 18.30813 0.02377
56685.59847 18.35346 0.04733
56685.6471 18.34218 0.0379
56686.63379 18.28762 0.04918
56687.59886 18.29229 0.02676
56687.64144 18.32008 0.0247
56690.60286 18.43023 0.0336
56690.64549 18.30346 0.03197
56697.60505 18.31263 0.03622
56699.60928 18.26542 0.04817
56700.60708 18.53908 0.15114
56816.96412 18.29221 0.02847
56816.97531 18.47999 0.04074
56817.96427 18.35929 0.02467
56817.97654 18.32249 0.03796
56818.96227 18.35072 0.02258
56818.97512 18.35246 0.03446
56819.96647 18.39474 0.04369
56819.97765 18.32738 0.05299
56820.96625 18.41302 0.04321
56820.97769 18.38118 0.05202
56821.96237 18.40495 0.05317
56821.9727 18.34402 0.0488
56822.96143 18.3611 0.04432
56822.97681 18.36389 0.04597
56823.96094 18.34983 0.04466
56823.97346 18.42481 0.04878
56824.96428 18.37473 0.0358
56824.97573 18.37667 0.03805
56825.96455 18.32437 0.03546
56825.97592 18.30744 0.04531
56826.96127 18.33619 0.03517
56826.97472 18.36403 0.0435
56827.96384 18.37786 0.02943
56827.97622 18.39997 0.0422
56828.9654 18.32113 0.02829
56828.97804 18.3442 0.03884
56829.96383 18.32146 0.02478
56829.97653 18.35149 0.02885
56830.96102 18.28449 0.0224
56830.97338 18.35214 0.0263
56834.96484 18.29934 0.01978
56834.9776 18.32039 0.03184
56838.96389 18.32656 0.01992
56838.9786 18.38264 0.02958
56839.96511 18.34406 0.01916
56839.97834 18.4169 0.02702
56840.96951 18.31216 0.02108
56840.98137 18.35845 0.03083
56841.96857 18.30564 0.02007
56841.98075 18.28898 0.02825
56844.96636 18.32255 0.02164
56844.97887 18.31393 0.02391
56845.96726 18.32915 0.01961
56845.98002 18.32507 0.02317
56846.96666 18.25973 0.01919
56846.98115 18.29939 0.02274
56847.96648 18.33072 0.01872
56847.98151 18.33018 0.02221
56848.96743 18.28421 0.02076
56848.98312 18.30384 0.02475
56849.96813 18.38407 0.03395
56849.98235 18.31451 0.0339
56850.96941 18.3424 0.05502
56850.98368 18.40394 0.05198
56851.97048 18.30054 0.0331
56851.98675 18.34668 0.03662
56854.96165 18.33783 0.02874
56854.98771 18.28198 0.02803
56855.96071 18.30407 0.02896
56855.98393 18.29188 0.0292
56856.96087 18.3167 0.0398
56856.98328 18.35155 0.0341
56858.96243 18.34766 0.0221
56858.98507 18.35097 0.02271
56859.96515 18.31419 0.01803
56859.98697 18.294 0.02233
56861.96231 18.35404 0.02046
56861.98508 18.32112 0.02067
56862.9659 18.32538 0.02066
56862.98227 18.35979 0.02124
56863.94981 18.33076 0.0178
56863.97399 18.20024 0.06643
56864.94576 18.30578 0.02213
56864.96947 18.35031 0.02473
56865.92975 18.34203 0.02992
56865.96089 18.31079 0.0188
56867.98799 18.32723 0.02079
56868.96536 18.32322 0.01963
56868.98567 18.29336 0.02029
56869.96092 18.32452 0.02049
56869.98231 18.31737 0.02029
56870.96467 18.31893 0.01848
56870.98635 18.31785 0.01909
56874.97428 18.32776 0.01759
56874.99622 18.34748 0.02107
56875.98151 18.35306 0.02069
56875.99752 18.3553 0.02131
56876.91773 18.3366 0.0186
56876.94717 18.34058 0.01755
56877.9745 18.35078 0.01862
56877.9957 18.3584 0.0198
56878.00741 18.3661 0.03279
56878.9086 18.40934 0.02968
56878.93847 18.39455 0.02978
56879.92838 18.34704 0.03523
56879.95816 18.38339 0.0359
56880.95792 18.42917 0.0591
56880.9882 18.37924 0.03912
56882.96877 18.32316 0.048
56882.98848 18.42582 0.04369
56883.9421 18.31969 0.02929
56883.98158 18.34204 0.03017
56884.99956 18.39157 0.02974
56885.96448 18.39453 0.0252
56885.98159 18.35552 0.02522
56886.91453 18.34891 0.02358
56886.94264 18.35903 0.02244
56887.91623 18.33529 0.02059
56887.94902 18.36467 0.02055
56888.86519 18.3491 0.01814
56888.89905 18.37423 0.01875
56888.91008 18.26869 0.01959
56888.94196 18.33487 0.01898
56890.94091 18.3704 0.01927
56890.97479 18.33225 0.01969
56895.83087 18.39904 0.02539
56895.86667 18.40313 0.02815
56972.71463 18.36447 0.02549
56972.73749 18.3593 0.02732
56978.74407 18.30677 0.02459
56978.79927 18.29606 0.03765
56979.72374 18.44142 0.03689
56979.8874 18.51128 0.09438
56980.71766 18.36053 0.02482
56980.83416 18.31871 0.02663
56981.71538 18.32013 0.02284
56981.77818 18.31911 0.02502
56984.71333 18.34568 0.03192
56984.78092 18.32052 0.03912
56986.72544 18.39319 0.02701
56986.79095 18.40695 0.03294
56987.70535 18.43452 0.02834
56987.76948 18.32563 0.02816
56988.66321 18.39824 0.02803
56989.60286 18.33184 0.02922
56989.66828 18.30877 0.02853
56990.59847 18.32224 0.02606
56990.66232 18.33912 0.02518
56991.66882 18.39467 0.07191
57000.62591 18.32123 0.02458
57000.65668 18.428 0.03555
57001.60725 18.32675 0.02228
57001.63454 18.36309 0.02194
57002.61812 18.41152 0.09599
57011.62365 18.4012 0.02445
57011.65019 18.36155 0.0247
57014.60229 18.38958 0.02606
57014.62433 18.3162 0.02503
57015.60026 18.42882 0.02975
57015.6199 18.42958 0.02875
57018.60146 18.38404 0.02656
57018.62586 18.36755 0.02551
57019.59637 18.48653 0.03489
57019.61004 18.34509 0.02912
57030.59868 18.43402 0.027
57037.60179 18.40326 0.02696
57039.60447 18.41387 0.02763
57040.60372 18.46553 0.02656
57040.65327 18.41052 0.03251
57041.64649 18.35828 0.02586
57042.59979 18.40396 0.02437
57042.64647 18.40772 0.026
57043.60053 18.33041 0.02307
57043.64542 18.42033 0.02541
57044.59961 18.40977 0.03249
57044.64222 18.51612 0.03975
57046.59907 18.40671 0.02871
57046.64082 18.41443 0.03479
57047.65127 18.4548 0.03431
57047.65361 18.42184 0.03106
57059.60766 18.42435 0.02535
57059.61723 18.41251 0.02603
57063.60738 18.41751 0.03033
57063.61933 18.43423 0.02917
57064.61072 18.38572 0.02983
57064.62756 18.45597 0.03228
57065.60805 18.39897 0.03631
57065.62471 18.33945 0.04046
57066.61485 18.54806 0.07892
57066.6433 18.48152 0.06398
57067.60784 18.40234 0.03243
57067.62545 18.39265 0.03082
57069.61019 18.38663 0.03237
57069.6409 18.24828 0.03357
57070.61078 18.41709 0.03393
57070.6277 18.4086 0.03043
57071.61023 18.39993 0.03197
57071.6267 18.41511 0.0292
57089.61859 18.34256 0.05475
57089.62798 18.40705 0.04498
57090.63028 18.45388 0.05823
57091.62051 18.47674 0.05512
57091.62877 18.52753 0.05157
57179.97424 18.55569 0.06143
57180.95646 18.439 0.0428
57185.96692 18.50054 0.03528
57187.96362 18.43481 0.02804
57188.93765 18.40137 0.02578
57188.96808 18.43204 0.02868
57189.95594 18.40297 0.02554
57190.94422 18.41083 0.02749
57190.9766 18.4811 0.05006
57191.9217 18.46947 0.03096
57191.95614 18.45041 0.02818
57192.94672 18.44438 0.02894
57192.97846 18.5097 0.0534
57193.93573 18.47498 0.02936
57193.96862 18.50283 0.03259
57194.94374 18.36895 0.02666
57194.97431 18.4017 0.03401
57195.94595 18.46951 0.0312
57195.97546 18.49872 0.04132
57196.92539 18.35063 0.03425
57196.97637 18.41785 0.044
57197.91796 18.4121 0.02774
57197.96971 18.40607 0.02951
57198.93165 18.405 0.02668
57198.96479 18.4448 0.02707
57199.9472 18.47976 0.02947
57199.9815 18.55885 0.06094
57207.95261 18.31237 0.0402
57207.98422 18.37205 0.03809
57208.90735 18.36652 0.03739
57208.94607 18.44584 0.03969
57209.93937 18.36859 0.03653
57209.97959 18.40425 0.03632
57210.9363 18.36269 0.03014
57210.97519 18.37533 0.02952
57211.94997 18.32002 0.02871
57211.98409 18.39715 0.03951
57212.9376 18.32738 0.04116
57212.97329 18.35044 0.04297
57214.96163 18.33954 0.02536
57216.93262 18.39376 0.02631
57216.97994 18.42658 0.0266
57218.92712 18.33023 0.02591
57218.977 18.38867 0.02647
57219.94247 18.36791 0.02212
57219.97077 18.38922 0.02096
57220.92305 18.34701 0.0209
57220.98129 18.34638 0.025
57225.95176 18.38314 0.02078
57226.95332 18.39508 0.02145
57227.93417 18.47345 0.02103
57227.97035 18.36426 0.0224
57231.91879 18.43819 0.02356
57231.96902 18.38308 0.02229
57232.8829 18.44858 0.032
57232.9489 18.43144 0.02667
57237.93379 18.48985 0.03877
57237.98326 18.46332 0.04287
57238.91268 18.401 0.03332
57238.96563 18.39083 0.02687
57239.93796 18.53179 0.02788
57239.98313 18.44735 0.03114
57240.95317 18.48413 0.02833
57241.93368 18.45392 0.03197
57241.99049 18.65479 0.13451
57242.93933 18.45173 0.02508
57242.98523 18.4115 0.0245
57244.91131 18.39639 0.02296
57244.96611 18.41254 0.02337
57245.87591 18.39463 0.02329
57245.91376 18.41938 0.02227
57246.89995 18.39957 0.02344
57246.93423 18.40931 0.02138
57247.92574 18.43748 0.01984
57247.95614 18.42227 0.02208
57248.84393 18.43727 0.02127
57248.8782 18.46372 0.0247
57249.88436 18.41605 0.0236
57249.9163 18.4166 0.02321
57250.88236 18.40916 0.02309
57250.92114 18.40185 0.02592
57251.8693 18.4407 0.02129
57251.91419 18.4579 0.02242
57267.93864 18.35301 0.04641
57267.9816 18.47665 0.03539
57554.97044 18.45318 0.03364
57555.93989 18.3426 0.02512
57555.96363 18.37177 0.02485
57564.94449 18.36173 0.03793
57564.95195 18.25897 0.03813
57565.94418 18.31548 0.03425
57567.951 18.41023 0.03533
57567.97572 18.35526 0.03689
57568.92119 18.33936 0.03188
57568.97479 18.34776 0.03301
57569.92685 18.35694 0.02551
57570.93954 18.32874 0.02586
57571.91515 18.36957 0.02745
57571.96845 18.3577 0.02646
57572.94 18.31629 0.02513
57572.961 18.32298 0.02834
57573.95955 18.31421 0.02451
57573.98653 18.39307 0.05426
57574.96997 18.36516 0.02503
57575.96076 18.37924 0.02571
57576.95096 18.33615 0.02519
57577.97714 18.37211 0.02968
57578.93031 18.28032 0.02566
57578.9597 18.34158 0.02653
57579.93833 18.27943 0.02538
57579.96636 18.34857 0.02783
57580.94991 18.27207 0.02566
57580.97641 18.28241 0.02849
57581.93908 18.38761 0.02467
57581.96061 18.31691 0.02463
57582.96612 18.31343 0.02254
57582.9889 18.34576 0.04178
57583.93612 18.34295 0.0222
57583.97225 18.36207 0.02322
57584.92871 18.33638 0.0223
57584.97404 18.33296 0.02269
57585.92275 18.36589 0.02712
57585.96134 18.36761 0.02529
57586.91575 18.34713 0.03516
57592.99636 18.39756 0.04485
57595.9848 18.38164 0.03466
57596.95384 18.3287 0.03078
57596.98786 18.30459 0.03228
57597.93735 18.28343 0.02786
57597.9794 18.33848 0.02726
57598.9281 18.31631 0.02507
57598.97263 18.33534 0.02509
57599.94579 18.2355 0.02573
57599.9858 18.31005 0.09893
57600.96483 18.30876 0.02591
57601.9531 18.29246 0.0252
57601.99102 18.34505 0.02675
57602.95616 18.29149 0.02515
57602.99208 18.32936 0.02693
57603.95654 18.32225 0.02442
57603.99274 18.27191 0.02566
57604.96148 18.30455 0.02327
57604.99535 18.27568 0.02482
57605.93926 18.2402 0.02175
57605.97693 18.30338 0.02136
57606.94732 18.29872 0.02284
57606.99101 18.30807 0.02287
57607.92659 18.28854 0.02311
57607.97806 18.26307 0.02384
57608.92515 18.25249 0.02346
57608.96585 18.33462 0.02437
57609.94301 18.2679 0.02465
57610.89516 18.30446 0.02661
57610.92695 18.32117 0.02364
57611.90199 18.31242 0.02346
57611.93252 18.25187 0.02395
57612.88937 18.31635 0.02363
57612.93148 18.26076 0.0229
57613.84046 18.35973 0.0289
57613.87193 18.3608 0.02663
57613.90353 18.28458 0.02472
57614.96436 18.31994 0.02386
57614.99496 18.30621 0.02459
57615.90761 18.34365 0.03219
57615.95637 18.29419 0.02324
57621.98607 18.42092 0.07425
57622.01291 18.33533 0.09066
57622.96114 18.21883 0.05737
57622.98808 18.38397 0.06319
57623.99038 18.42377 0.05591
57624.01266 18.34289 0.05903
57624.97236 18.36957 0.04433
57624.99829 18.33285 0.04272
57625.94454 18.30989 0.03112
