#mjd mag magerr
55061.92501 19.69334 0.04534
55061.95573 19.75077 0.04415
55063.91987 19.62513 0.04072
55063.9639 19.62961 0.04137
55064.92128 19.62126 0.05187
55064.9656 19.58921 0.04922
55066.91014 19.72397 0.04578
55066.95474 19.64935 0.0439
55067.91649 19.62116 0.06938
55067.96099 19.60727 0.07005
55069.90324 19.65608 0.04842
55069.94786 19.72055 0.04966
55080.87449 19.73681 0.14235
55080.95988 19.75206 0.13846
55084.86328 19.59076 0.06676
55087.85609 19.6191 0.05247
55087.90101 19.56053 0.0537
55088.96983 19.73216 0.04844
55089.01521 19.67131 0.05245
55089.94574 19.73234 0.05205
55089.99042 19.65801 0.05132
55093.83741 19.69093 0.05161
55093.88196 19.74051 0.05155
55096.8292 19.78106 0.05102
55097.00858 19.81378 0.061
55104.99862 19.81234 0.07042
55107.79764 19.64666 0.09729
55114.88125 19.58497 0.06398
55119.89538 19.62219 0.06313
55119.95365 19.74006 0.06185
55123.75696 19.64479 0.05839
55123.81523 19.73914 0.06003
55126.97957 19.56264 0.07235
55127.83329 19.74678 0.06314
55127.87706 19.75077 0.06737
55135.82555 19.71298 0.11748
55135.86926 19.54127 0.12503
55138.71472 19.62356 0.1299
55138.75871 19.83586 0.11989
55142.7036 19.68527 0.05771
55142.75219 19.62663 0.06429
55144.77886 19.77555 0.05559
55144.82305 19.42324 0.06712
55151.72943 19.63782 0.07185
55166.70473 19.69496 0.10182
55166.74897 19.75683 0.11532
55168.63378 19.58437 0.08316
55168.6775 19.59476 0.08689
55175.61224 19.68236 0.05315
55175.65684 19.68635 0.0511
55181.59421 19.59433 0.07451
55181.63825 19.68498 0.07044
55183.59204 19.68731 0.10618
55183.64253 19.62652 0.05855
55189.58054 19.69434 0.08226
55189.62557 19.46755 0.08483
55194.59026 19.83555 0.10939
55199.58559 19.66292 0.05614
55201.58642 19.98992 0.15923
55202.58667 19.77235 0.07586
55203.71441 19.61597 0.06924
55203.75743 19.59693 0.07418
55207.63092 19.67631 0.05958
55207.67514 19.6449 0.05398
55209.5968 19.67339 0.05019
55209.64149 19.60617 0.05081
55213.63312 19.75171 0.07183
55213.6798 19.58562 0.07307
55377.89535 19.74352 0.09461
55379.8591 20.08424 0.11526
55379.92482 19.65907 0.0868
55380.87684 19.7355 0.10352
55380.92078 19.51959 0.10071
55381.89606 19.79937 0.07792
55381.93934 19.80367 0.07971
55384.82671 19.99195 0.07877
55384.87028 19.83098 0.07149
55385.87021 19.85544 0.05893
55385.91339 19.63674 0.0627
55386.86524 19.7199 0.06001
55386.90867 19.74042 0.06229
55387.87002 19.54723 0.07148
55387.91342 19.83482 0.06313
55388.86609 19.46911 0.08571
55388.91005 19.55767 0.07271
55390.80957 19.77803 0.08389
55390.85393 19.76744 0.07151
55391.80613 19.75598 0.09066
55391.87538 19.83518 0.06113
55392.83258 19.79474 0.07575
55392.87538 19.70707 0.06259
55394.79908 19.64873 0.08175
55394.8431 19.54756 0.07122
55395.79551 19.72889 0.10983
55395.84215 19.69612 0.06983
55396.79527 19.81075 0.12924
55396.83932 19.65061 0.06172
55397.79163 19.52537 0.13544
55397.83526 19.45167 0.08512
55398.78764 19.77712 0.1046
55398.83124 19.76674 0.08929
55399.78802 19.9828 0.12092
55399.83261 20.01057 0.10914
55400.78534 19.87494 0.14405
55400.8289 19.76774 0.09233
55402.8246 19.57022 0.13482
55403.81973 20.05855 0.1602
55404.77424 19.51533 0.12856
55404.84266 19.72788 0.12178
55405.8416 19.72603 0.10005
55407.7691 19.67672 0.16363
55407.83003 19.9937 0.14981
55411.79896 19.83658 0.08603
55412.75232 20.00169 0.22793
55412.79539 19.87306 0.10704
55413.75577 19.62713 0.15857
55413.79945 19.90321 0.10267
55414.75161 19.61547 0.13012
55414.79555 19.77248 0.08666
55415.75266 20.02117 0.13984
55415.79727 19.67671 0.09454
55416.79342 19.79789 0.10149
55417.84511 19.947 0.10204
55418.79843 19.81707 0.10004
55418.84121 19.7958 0.09914
55419.75121 19.8597 0.11995
55419.79504 19.8347 0.09769
55420.78929 20.03413 0.12004
55420.83264 19.98284 0.10503
55421.73664 19.86264 0.11129
55421.79901 19.7483 0.04995
55422.75115 19.79476 0.07219
55422.79487 19.7096 0.06033
55423.74742 19.87365 0.07445
55423.79284 19.77926 0.0576
55424.75349 19.84895 0.09092
55424.80178 19.74 0.06228
55425.76166 19.88412 0.12029
55425.80573 19.78753 0.0575
55426.80123 19.67283 0.08173
55426.8444 19.7606 0.05746
55427.79708 19.90089 0.08634
55427.8408 19.72065 0.06525
55428.79281 19.74334 0.07908
55428.83703 19.78583 0.07303
55429.8142 19.6605 0.08371
55429.85716 19.71797 0.07205
55430.75769 19.8743 0.10192
55430.80485 19.7835 0.09441
55431.75639 19.72935 0.10707
55431.80024 19.72764 0.08645
55432.73907 19.89853 0.13263
55432.78359 20.17593 0.14159
55434.73769 19.66283 0.18081
55435.69148 19.62287 0.16767
55436.88575 19.8887 0.10883
55436.88891 19.96754 0.13306
55436.8919 19.98224 0.11077
55436.89501 20.21626 0.11558
55436.89797 19.86287 0.11819
55436.90109 19.83653 0.10608
55436.9042 20.2025 0.12658
55436.90728 20.07407 0.11349
55436.91041 20.00099 0.12827
55436.91351 19.70329 0.11269
55436.91641 19.82842 0.13528
55436.91931 20.22705 0.11978
55436.92221 19.95536 0.10791
55436.92514 19.87608 0.11172
55436.92806 20.05673 0.12697
55436.93096 19.97785 0.11807
55436.93413 20.08742 0.12116
55436.93703 19.98253 0.13036
55436.93974 19.96668 0.14235
55436.94297 20.12306 0.13017
55436.94915 20.08419 0.12878
55436.95231 19.86646 0.13639
55436.9553 19.7365 0.15356
55436.95826 19.9284 0.14187
55436.96116 19.80871 0.11708
55436.96403 19.94177 0.11797
55436.96671 19.75738 0.0923
55438.88857 20.05596 0.10767
55438.89169 20.04205 0.10808
55438.89485 19.95478 0.09091
55438.89798 19.88265 0.09319
55438.90086 20.0766 0.0977
55438.90371 19.91739 0.09308
55438.9065 20.07235 0.0987
55438.90927 19.74992 0.08229
55438.91204 19.95329 0.09509
55438.91487 19.74438 0.08902
55438.91763 20.02536 0.0968
55438.92084 20.10315 0.10949
55438.92394 19.95062 0.13377
55438.92672 20.24713 0.10558
55438.92954 20.18828 0.13046
55438.93259 19.95904 0.12161
55438.93551 20.01764 0.10759
55438.93833 20.05149 0.1112
55438.94106 19.76038 0.09599
55438.94411 20.04891 0.10232
55438.94678 19.8037 0.09729
55438.95017 19.95269 0.14195
55438.95913 19.90848 0.0858
55438.96141 19.83685 0.0949
55440.87507 19.82866 0.06176
55440.87823 19.8504 0.06331
55440.88428 19.87657 0.06768
55440.88675 19.80074 0.06127
55440.8894 19.77552 0.0702
55440.89205 19.75365 0.06009
55440.89518 19.78885 0.06187
55440.89832 19.77942 0.06708
55440.90145 19.90284 0.07495
55440.90439 19.84892 0.06296
55440.90729 19.88013 0.0679
55440.91025 19.92646 0.06711
55440.91316 19.77516 0.06051
55440.91591 19.82297 0.07797
55440.9187 19.7408 0.06169
55440.92149 19.77286 0.0633
55440.92426 19.84017 0.06559
55440.93095 19.7381 0.0657
55440.93364 19.85316 0.06463
55440.93623 19.78749 0.06581
55440.9395 19.7666 0.06916
55440.94264 19.88729 0.06145
55440.94582 19.75035 0.06527
55440.94883 19.94888 0.07365
55440.95182 19.92325 0.07527
55440.95489 19.84519 0.06469
55440.95791 19.71802 0.06729
55441.87301 19.79431 0.05674
55441.87592 19.76522 0.05289
55441.88645 19.77254 0.05436
55441.88962 19.7526 0.05076
55441.89254 19.83442 0.05443
55441.89542 19.72789 0.06003
55441.89828 19.92366 0.06054
55441.90107 19.76565 0.0585
55441.9037 19.6848 0.06277
55441.90634 19.78197 0.05839
55441.90906 19.80808 0.05402
55441.9118 19.83986 0.05649
55441.91445 19.81427 0.05396
55441.91722 19.77316 0.0538
55441.91981 19.9203 0.0655
55441.92242 19.86922 0.06006
55441.92546 19.72176 0.05634
55441.9281 19.88673 0.05947
55441.93183 19.86811 0.06123
55441.93458 19.75755 0.05456
55441.93727 19.80131 0.05792
55441.94048 19.8832 0.05747
55441.94326 19.77817 0.05642
55441.94546 19.80689 0.0551
55441.94852 19.7941 0.05306
55441.95194 19.86174 0.05905
55441.95469 19.79584 0.06112
55441.95786 19.87489 0.06125
55441.96081 19.81653 0.05976
55441.96392 19.78495 0.05548
55441.96715 19.76629 0.05185
55441.97012 19.69894 0.0518
55441.97294 19.81946 0.05471
55441.97532 19.91207 0.06309
55441.97757 19.77442 0.05615
55441.9798 19.87462 0.05829
55441.9835 19.78745 0.05324
55441.9863 19.77949 0.05813
55441.98852 19.73697 0.05784
55441.99078 19.80492 0.05992
55441.99382 19.79851 0.06222
55442.00593 19.9297 0.06753
55442.00906 19.89949 0.07442
55442.01216 19.85463 0.07482
55442.01486 19.74594 0.07393
55442.01753 20.00915 0.0979
55442.02001 19.92046 0.1098
55442.02226 19.87148 0.11121
55442.70382 19.91919 0.0788
55442.70734 19.7704 0.06906
55442.71097 19.61905 0.07533
55442.71448 19.81987 0.07122
55442.71808 19.82228 0.071
55442.72168 19.85944 0.0795
55442.72527 19.83171 0.06421
55442.73272 19.88737 0.07114
55442.74184 19.69805 0.06694
55442.74882 19.86208 0.06155
55442.75572 19.90977 0.06592
55442.76147 19.86053 0.06692
55442.76615 19.79896 0.06087
55442.77616 19.88122 0.06499
55442.78135 19.70115 0.06024
55442.78615 19.77893 0.06188
55442.79145 19.90602 0.06381
55442.79615 19.7303 0.06189
55442.80186 19.71659 0.06032
55442.8093 19.77955 0.05535
55442.81443 19.80065 0.05817
55442.81939 19.68561 0.06078
55442.82447 19.8486 0.06524
55442.8293 19.76475 0.05937
55442.83541 19.82667 0.05887
55442.84012 19.79039 0.05891
55442.84597 19.91946 0.06568
55442.85112 19.87817 0.06345
55442.85657 19.80217 0.05938
55442.86387 19.87751 0.06304
55442.87002 19.90665 0.06314
55442.87503 19.7087 0.06166
55442.88048 19.77315 0.05453
55442.88617 19.88317 0.06068
55442.89221 19.87742 0.06546
55442.89785 19.84234 0.06265
55442.90297 19.75908 0.05594
55442.90871 19.81344 0.05852
55442.91368 19.87197 0.06181
55442.91875 19.81811 0.06178
55442.92384 19.80869 0.06287
55442.93037 19.7191 0.06271
55442.93642 19.75685 0.06248
55442.94588 19.90494 0.07051
55442.95166 19.80603 0.05864
55442.95754 19.83997 0.05986
55442.96246 19.87068 0.06485
55442.96833 19.9278 0.06776
55442.97317 19.87564 0.06293
55442.97782 19.72611 0.05767
55442.98206 19.76935 0.05972
55442.9872 19.77425 0.05975
55442.99348 19.87162 0.06835
55442.99858 19.80048 0.06366
55443.00329 19.93817 0.06539
55443.01002 19.86474 0.0628
55443.01702 19.88058 0.07687
55443.02387 20.01105 0.12847
55443.67742 19.66136 0.0863
55443.68488 19.82277 0.08019
55443.69287 19.95708 0.09826
55443.70415 20.02954 0.08091
55443.71028 20.01831 0.08011
55443.71632 19.91308 0.07068
55443.72231 20.03352 0.08429
55443.72832 19.82186 0.0715
55443.736 19.88652 0.06858
55443.74306 19.75299 0.06179
55443.74812 19.85363 0.05731
55443.75372 19.87531 0.06231
55443.75946 19.8063 0.06214
55443.76526 19.75635 0.07309
55443.77007 19.91573 0.06831
55443.78027 19.84402 0.0756
55443.78539 19.84196 0.0654
55443.79156 19.83057 0.05652
55443.79717 19.80281 0.0552
55443.80302 19.82166 0.05761
55443.80895 19.83914 0.05882
55443.81493 19.74055 0.06174
55443.8204 19.91571 0.06751
55443.82634 19.7699 0.05734
55443.83239 19.79391 0.05484
55443.83783 19.731 0.05343
55443.84415 19.90541 0.05513
55443.84958 19.92014 0.05607
55443.85553 19.93961 0.06072
55443.86252 19.81363 0.05803
55443.87576 19.91433 0.05566
55443.88141 19.86285 0.05243
55443.88892 19.76314 0.05236
55443.89412 19.92238 0.06184
55443.90077 19.89311 0.0615
55443.90658 19.88778 0.05995
55443.91235 19.75949 0.05474
55443.91779 20.0843 0.07766
55443.92403 19.75323 0.06954
55443.92967 19.77234 0.05923
55443.93496 19.97109 0.06464
55443.94073 19.88806 0.06351
55443.94779 19.99681 0.0766
55443.95355 19.84668 0.0545
55443.95925 19.96247 0.06173
55443.9693 19.7701 0.06167
55443.97555 19.84944 0.06139
55443.98144 19.82853 0.06253
55443.98725 19.90904 0.06917
55443.99456 19.85275 0.06512
55444.00093 19.86685 0.06329
55444.0061 19.81757 0.05984
55444.01187 19.8574 0.0716
55444.0175 19.95756 0.08811
55444.02231 20.00732 0.14727
55444.66648 19.87592 0.09973
55444.67221 19.97579 0.10499
55444.67727 19.86403 0.11137
55444.68857 20.24608 0.10567
55444.69526 20.22095 0.10889
55444.70198 19.86216 0.0927
55444.7091 19.91437 0.09368
55444.71487 19.87928 0.07489
55444.72103 19.75156 0.07213
55444.72796 20.02723 0.08075
55444.73377 19.85935 0.0709
55444.74094 19.75642 0.07539
55444.74655 19.91902 0.07312
55444.75167 19.81019 0.08058
55444.75678 19.73887 0.06009
55444.76225 19.9346 0.0619
55444.7673 19.83905 0.0646
55444.77353 19.8479 0.06131
55444.77876 19.82844 0.06252
55444.78368 19.78239 0.06134
55444.79848 19.80787 0.05731
55444.80403 19.87989 0.0571
55444.81599 19.81821 0.0579
55444.8213 19.73495 0.05361
55444.83332 19.89599 0.05994
55444.83854 19.78676 0.05632
55444.84549 19.87233 0.05622
55444.85161 19.8793 0.05707
55444.85679 19.88339 0.05714
55444.86267 19.75018 0.06521
55444.86777 19.89197 0.0661
55444.87321 19.90332 0.06802
55444.87872 20.08813 0.0699
55444.88467 19.80912 0.05425
55444.89016 19.78931 0.06264
55444.89581 19.83249 0.06432
55444.90153 19.89305 0.05453
55444.90845 19.86932 0.06599
55444.91349 19.92879 0.06012
55444.92279 19.79651 0.05232
55444.93139 19.79533 0.05513
55444.94041 19.83814 0.05021
55444.94568 19.87869 0.05332
55444.951 19.94159 0.06682
55444.95724 19.81236 0.0544
55444.96289 19.7872 0.05711
55444.96923 19.80945 0.05842
55444.97411 19.91835 0.0603
55444.98062 19.9033 0.06309
55444.98915 19.97647 0.06938
55444.99553 19.84869 0.06449
55445.00157 19.96218 0.06801
55445.00779 19.78398 0.05779
55445.01282 19.84438 0.07649
55445.01777 19.75341 0.09838
55445.02227 19.70686 0.09429
55445.66261 19.96723 0.10791
55445.66749 19.91641 0.08016
55445.67244 19.99775 0.08378
55445.67731 19.85448 0.09749
55445.68422 19.71856 0.07562
55445.6905 19.90026 0.07499
55445.69681 19.86821 0.07032
55445.70294 20.06182 0.07932
55445.70921 19.84602 0.07291
55445.71534 20.00013 0.08793
55445.72141 20.06411 0.1176
55445.72791 19.77124 0.0871
55445.73457 20.09333 0.08631
55445.74013 20.03065 0.0725
55445.7456 20.13357 0.0904
55445.75096 19.93559 0.07032
55445.75643 19.93476 0.0629
55445.76191 20.10705 0.0749
55445.76784 19.9338 0.0641
55445.7737 19.94123 0.06028
55445.779 19.78805 0.06002
55445.78479 19.82921 0.05821
55445.79025 19.7879 0.0555
55445.79613 19.84091 0.05604
55445.81095 19.89778 0.05601
55445.81845 19.86222 0.05203
55445.82455 19.84272 0.05421
55445.83024 19.80441 0.05221
55445.84021 19.85888 0.05524
55445.84549 19.81464 0.04767
55445.85174 19.81747 0.05413
55445.85762 19.89851 0.04749
55445.8636 19.75242 0.05037
55445.86963 19.85107 0.04949
55445.87567 19.78088 0.04812
55445.88207 19.94985 0.05321
55445.88844 19.88626 0.05034
55445.89432 19.87701 0.05323
55445.89983 19.86985 0.0515
55445.90668 19.79364 0.04938
55445.91299 19.79709 0.05144
55445.91722 19.74801 0.05071
55445.92351 19.82842 0.0487
55445.92915 19.81551 0.0533
55445.93496 19.87357 0.04873
55445.94048 19.91519 0.05524
55445.95216 19.95792 0.05704
55445.95886 19.89228 0.05712
55445.97191 19.8686 0.05094
55445.97872 19.83422 0.05186
55445.98437 19.83334 0.05061
55445.98972 19.91437 0.05461
55445.99581 19.75045 0.05323
55446.00245 19.77522 0.05074
55446.00827 19.78146 0.04922
55446.01324 19.78978 0.05403
55446.01787 19.83 0.06794
55446.0233 19.67747 0.10089
55446.66046 19.93731 0.08912
55446.66501 20.09267 0.10489
55446.67089 19.90958 0.0872
55446.67601 19.97525 0.08898
55446.6814 19.91025 0.1257
55446.68915 19.87051 0.0735
55446.70044 19.81973 0.08023
55446.70781 19.89792 0.07581
55446.71375 19.97048 0.07628
55446.71998 19.71056 0.06818
55446.7269 19.96315 0.07102
55446.73768 19.94989 0.07543
55446.74263 19.794 0.0628
55446.74841 19.69782 0.05714
55446.75986 19.79788 0.05684
55446.76487 19.8977 0.05909
55446.77004 19.91509 0.05862
55446.77518 19.90522 0.0596
55446.78018 19.80554 0.06511
55446.78654 19.82335 0.05504
55446.79243 19.79783 0.05288
55446.79818 19.85964 0.06002
55446.80822 19.94298 0.06373
55446.81336 19.77042 0.05403
55446.81934 19.79967 0.05206
55446.82569 19.70209 0.05203
55446.83186 19.85234 0.05422
55446.83803 19.80697 0.05349
55446.84316 19.81009 0.05487
55446.84946 19.76462 0.05175
55446.85529 19.87273 0.06134
55446.86132 19.9076 0.07638
55446.86741 19.82342 0.05281
55446.87321 19.71517 0.04733
55446.87945 19.9455 0.05417
55446.88583 19.85267 0.05127
55446.89176 19.78533 0.04662
55446.89901 19.98422 0.06819
55446.90569 19.80208 0.0629
55446.91293 19.83592 0.05437
55446.91958 19.84088 0.04996
55446.92538 19.90395 0.05269
55446.93113 19.75259 0.05066
55446.93686 19.84078 0.05006
55446.94237 19.74581 0.04993
55446.94842 19.80804 0.04897
55446.95451 19.8188 0.04826
55446.96034 19.82166 0.04812
55446.96641 19.86458 0.05796
55446.97287 19.79109 0.04884
55446.97827 19.79348 0.05175
55446.98464 19.72668 0.04785
55446.99026 19.9387 0.05675
55446.99646 19.78044 0.04944
55447.00329 19.76734 0.05386
55447.02248 20.06533 0.10218
55448.00377 19.8769 0.05381
55448.65527 20.03203 0.12523
55448.70146 19.75947 0.08242
55449.82958 19.97238 0.06226
55449.87259 19.87471 0.06102
55450.82585 19.98299 0.0618
55450.86998 19.81007 0.054
55451.65338 20.00403 0.0996
55451.70095 19.86648 0.08295
55452.64792 19.74294 0.08791
55452.69243 19.96598 0.08343
55453.64519 19.99768 0.12678
55453.6895 19.74226 0.07143
55454.64058 19.87051 0.1134
55454.68793 19.75017 0.08299
55455.63923 20.18439 0.12208
55455.7154 19.91166 0.08759
55456.63346 20.178 0.12491
55456.67702 19.84351 0.08957
55457.63067 20.01724 0.19967
55457.6732 19.87273 0.10063
55458.66069 20.03649 0.09552
55458.7057 20.09169 0.10629
55460.63624 19.84288 0.11998
55460.72453 20.09183 0.0987
55461.62523 20.17645 0.1932
55461.67649 20.13702 0.17885
55462.76573 19.93492 0.16557
55462.80848 19.94711 0.13078
55463.71104 20.14932 0.15206
55466.61784 19.95164 0.12656
55466.61959 19.97847 0.13845
55466.62134 19.74138 0.10347
55466.6231 20.1751 0.12935
55466.62486 19.79202 0.10648
55466.62661 19.91279 0.08449
55466.62943 19.87581 0.10499
55466.63143 20.04723 0.10447
55466.63348 19.94281 0.11367
55466.67604 20.03858 0.13068
55467.62749 20.06355 0.10313
55467.68386 19.71139 0.14111
55468.7394 20.06683 0.0809
55468.78277 20.25166 0.09578
55469.73472 19.78488 0.10672
55470.77885 20.03817 0.12843
55470.82246 19.86473 0.08642
55471.77466 19.79243 0.05197
55471.82993 19.82508 0.08384
55472.62548 19.81454 0.09508
55472.66936 19.89268 0.07782
55473.62096 19.82458 0.10901
55477.66775 19.86893 0.06813
55477.71276 19.90142 0.06643
55478.62384 20.01626 0.09388
55478.66775 19.91374 0.0771
55479.61565 20.07556 0.12418
55479.65968 20.04506 0.08101
55480.61506 19.92282 0.11086
55480.65805 19.87597 0.072
55481.61182 19.83232 0.08591
55481.69382 19.84679 0.05731
55482.61769 19.85381 0.11037
55482.66188 19.86914 0.06572
55482.67843 19.82445 0.06403
55483.61039 19.95051 0.08792
55483.66512 19.93401 0.07359
55484.66377 19.86676 0.07982
55484.70695 19.92684 0.08024
55485.61939 19.87755 0.09193
55485.66329 19.87258 0.08979
55486.61418 20.05089 0.11429
55486.658 20.33737 0.15951
55497.84041 19.97551 0.14577
55497.89223 20.25989 0.14029
55498.71756 20.04232 0.06901
55498.79 19.99441 0.08556
55499.59404 19.83381 0.08234
55499.63881 19.94107 0.06862
55501.66259 19.97468 0.08725
55501.75706 20.13469 0.07281
55502.72145 19.90239 0.06953
55502.82148 19.94473 0.09055
55503.77762 20.24608 0.08587
55503.8732 20.32091 0.08713
55504.82418 20.03082 0.07424
55504.91868 19.97378 0.08839
55506.68972 19.91683 0.07622
55506.73387 19.92933 0.06863
55507.81368 19.96776 0.1019
55507.89267 20.0905 0.11378
55513.658 19.89208 0.07388
55513.7418 19.94761 0.07838
55514.69377 20.06368 0.09339
55514.73749 19.86217 0.10168
55515.69951 19.86937 0.0851
55515.74236 20.00344 0.10476
55516.67238 20.01068 0.11316
55517.61497 20.12788 0.1086
55517.6584 19.84523 0.12176
55518.61481 20.05112 0.14499
55518.6578 20.05442 0.13798
55527.74242 19.98659 0.10028
55530.70615 20.16868 0.1135
55530.75072 20.30663 0.12563
55531.77418 20.13838 0.12532
55531.81743 19.99807 0.1909
55532.78408 20.01206 0.07564
55532.82836 20.02758 0.09431
55535.68432 20.101 0.07277
55537.58157 19.91475 0.13267
55537.62557 19.92079 0.0898
55538.57995 20.1424 0.08309
55538.62381 19.98384 0.0689
55539.58012 20.04235 0.0819
55539.62283 20.04615 0.06955
55540.61811 19.91879 0.0637
55540.66215 20.00102 0.07136
55541.61644 20.20862 0.09659
55541.65945 19.76485 0.09344
55544.59603 19.86787 0.07888
55544.64191 19.89647 0.08282
55545.59598 20.11423 0.13612
55545.63939 20.0312 0.09502
55558.69892 19.98917 0.11393
55558.75663 20.11552 0.09159
55559.7264 20.12439 0.14999
55561.73304 19.86711 0.09412
55561.77682 19.90667 0.12812
55567.59621 20.08835 0.09867
55575.595 20.14794 0.14498
55575.6386 20.35036 0.18098
55579.61368 20.13336 0.11488
55579.65687 19.99224 0.15726
55583.61703 20.03069 0.08028
55583.66119 19.96299 0.10138
55584.63985 19.82075 0.06452
55584.68286 20.14944 0.10057
55586.61685 20.02804 0.09616
55586.66038 20.05235 0.08811
55588.66264 20.20726 0.17101
55722.89872 20.12259 0.12507
55723.91976 20.08834 0.14096
55723.9634 20.10877 0.13365
55733.86776 20.36535 0.16229
55733.91212 20.22316 0.10644
55750.83279 20.12512 0.11922
55750.87598 20.02947 0.09762
55753.86132 20.05542 0.17348
55756.93392 20.45984 0.16911
55759.84878 20.20662 0.12938
55759.89212 20.1957 0.13066
55762.8402 20.31797 0.12611
55766.7805 20.42936 0.11998
55766.83041 20.11906 0.12438
55768.77509 20.15656 0.15085
55768.82037 20.37802 0.12507
55769.80074 20.43627 0.10706
55769.84468 20.12493 0.08348
55770.78189 20.43027 0.1308
55770.82573 20.15427 0.082
55771.78074 20.25158 0.10477
55771.82449 20.21772 0.08669
55774.75968 20.24154 0.13815
55774.80363 20.03307 0.08839
55779.7464 20.33398 0.15629
55779.79086 20.33143 0.09947
55780.74948 20.3173 0.15444
55780.79415 20.18628 0.10754
55782.7956 20.00453 0.14783
55783.80103 20.60633 0.17417
55791.73123 20.2767 0.16561
55791.77527 20.17596 0.19291
55793.74743 20.13801 0.16356
55793.79097 20.34368 0.18296
55794.75972 20.47001 0.13172
55794.81629 20.29574 0.12073
55809.7101 20.25716 0.13527
55811.7042 20.24013 0.20176
55812.70198 20.4377 0.18566
55813.70671 20.3409 0.16217
55821.63464 20.51549 0.14647
55822.63132 20.40751 0.17416
55822.67415 20.2599 0.10288
55823.67275 20.38251 0.11745
55824.62608 20.69121 0.19005
55824.6697 20.32028 0.12297
55838.61464 20.1578 0.14938
55838.65944 20.66487 0.18036
55849.60547 20.0822 0.16607
55850.60468 20.18071 0.11327
55850.64918 20.47811 0.12348
55851.60318 20.35329 0.12895
55851.64641 20.315 0.10473
55852.60416 20.11807 0.12827
55852.6481 20.53607 0.09769
55853.60163 20.72456 0.13513
55853.6463 20.54596 0.10384
55854.60164 20.50745 0.12461
55854.64607 20.18105 0.09399
55866.5884 20.41446 0.16494
55866.64679 20.70772 0.13996
55867.63053 20.51418 0.16486
55868.63002 20.44178 0.13428
55880.87841 20.46142 0.18284
55882.87146 20.56752 0.18736
55882.91495 20.2754 0.15797
55883.86679 20.54967 0.14489
55887.63181 20.91489 0.13789
55887.68352 20.5214 0.1343
55889.80049 20.68351 0.10149
55889.84447 20.5396 0.11138
55891.57974 20.51268 0.18275
55891.6225 20.4137 0.12367
55893.58261 20.48762 0.15136
55893.62546 20.63517 0.14595
55894.58144 20.68996 0.14817
55896.58202 20.59298 0.14469
55916.59575 20.19336 0.15199
55916.64026 20.41111 0.10727
55922.6423 20.54956 0.1157
55923.59751 20.3439 0.14288
55923.64145 20.68644 0.16859
55924.60837 20.3091 0.10271
55925.59941 20.83027 0.1882
55925.67897 20.44972 0.09684
55926.58279 20.2476 0.11591
55926.62543 20.51717 0.12236
55932.62858 20.52003 0.15679
55936.60917 20.57255 0.17188
55936.65247 20.5855 0.23248
55939.64879 20.67633 0.17056
55943.69972 20.17075 0.12947
55943.74446 20.90738 0.17865
55944.67224 20.54735 0.13177
55947.59349 20.54826 0.12622
55949.64923 20.55474 0.13301
55952.60617 20.66099 0.12298
55952.64932 20.45311 0.18326
55953.59751 20.62915 0.14876
55953.64127 20.39839 0.11918
55958.67117 20.70564 0.17707
56067.96802 20.57975 0.15557
56079.94994 20.8779 0.16034
56088.96298 20.38805 0.18395
56089.9375 20.63996 0.22013
56091.93224 20.68017 0.17204
56091.96189 20.58006 0.14765
56092.91513 20.70223 0.23413
56094.93794 20.86829 0.16226
56095.95378 20.91619 0.16227
56096.8846 20.57147 0.22525
56096.91464 20.72619 0.15918
56096.94475 20.419 0.13755
56099.8979 20.65575 0.11576
56099.92867 20.4031 0.10795
56100.9014 20.61076 0.14835
56102.85884 20.5631 0.18157
56102.88948 20.53627 0.18115
56102.91975 20.68909 0.12944
56104.89266 20.88657 0.16955
56104.92258 20.63911 0.14886
56105.87772 20.31092 0.14424
56105.90846 20.84834 0.13936
56105.93782 20.63416 0.12645
56106.87859 20.5785 0.16493
56106.90907 20.70677 0.14105
56107.87579 20.53244 0.19394
56108.92686 20.99041 0.14535
56109.93363 20.67621 0.15586
56110.92786 20.40102 0.16027
56114.95378 20.34785 0.16605
56115.88797 20.41052 0.22516
56116.90131 20.50803 0.15237
56116.93261 20.8535 0.16426
56117.92405 20.29638 0.20656
56123.80269 20.519 0.15818
56123.8333 20.54935 0.16705
56123.86323 20.85077 0.13787
56125.83541 20.60575 0.20463
56125.8655 20.51311 0.16195
56125.89611 20.43387 0.14175
56126.82683 20.76543 0.18591
56127.84219 20.46115 0.16516
56127.87262 20.42333 0.145
56128.8202 20.47869 0.11347
56128.8509 20.60895 0.10927
56129.81763 20.64502 0.13486
56129.84839 20.44672 0.15004
56130.84603 20.79518 0.14869
56131.81956 20.35378 0.18125
56131.84966 20.50731 0.17146
56131.87991 20.24974 0.10399
56132.85526 20.46205 0.13607
56133.83817 20.58634 0.15454
56135.80558 20.45459 0.16334
56135.8357 20.45382 0.08837
56136.78168 20.27491 0.19055
56136.81139 20.55203 0.16515
56136.84105 20.5183 0.1243
56137.84943 20.6555 0.18529
56147.81614 20.77677 0.17713
56148.73743 20.73473 0.20106
56148.79928 20.43771 0.14176
56151.84315 20.45831 0.08939
56151.87618 20.67299 0.10617
56151.91621 20.44187 0.08671
56164.86055 20.48431 0.08332
56164.89061 20.56688 0.08289
56164.92052 20.50672 0.07572
56165.82275 20.81452 0.11524
56165.85221 20.72512 0.09626
56165.88255 20.36831 0.08107
56166.78411 20.34604 0.12627
56166.82415 20.58715 0.11976
56166.85436 20.7562 0.16804
56167.76082 20.33539 0.14375
56167.79008 20.48691 0.18224
56167.82893 20.4499 0.14775
56168.79094 20.58694 0.15647
56176.77537 20.76938 0.18825
56177.67775 20.7433 0.11698
56177.71467 20.2499 0.09757
56177.7448 20.35003 0.09651
56178.7245 20.74843 0.12238
56178.75548 20.66474 0.09686
56189.74707 20.97913 0.12504
56194.68156 20.63323 0.18953
56194.73072 20.56451 0.13855
56195.74387 20.63184 0.20325
56207.71676 20.50267 0.17362
56227.72154 20.48614 0.16839
56232.82116 20.41132 0.15518
56234.68453 20.69914 0.14395
56234.71313 20.90651 0.15705
56235.61461 20.53817 0.1271
56235.64419 20.68013 0.10696
56236.61561 20.8336 0.16753
56237.58477 20.5594 0.18854
56237.61509 20.65923 0.15834
56238.58334 20.74491 0.19694
56238.61531 20.42948 0.13705
56239.61141 20.59826 0.11445
56251.83071 20.52861 0.10646
56251.86073 20.22029 0.12838
56252.58576 20.41125 0.1233
56252.60631 20.63726 0.13329
56252.62487 20.4625 0.1157
56252.64555 20.52892 0.11577
56252.66096 20.65236 0.1115
56252.69879 20.33912 0.14997
56252.71706 20.52636 0.14667
56252.73499 20.57514 0.09622
56252.75258 20.60407 0.11451
56252.76856 20.61803 0.128
56252.78929 20.78287 0.14918
56252.80517 20.85748 0.20204
56252.821 20.37285 0.11262
56252.83831 20.51996 0.12029
56252.85634 20.56946 0.12358
56253.58621 20.42649 0.13736
56253.60335 20.6212 0.14535
56253.62054 20.59914 0.15016
56253.63682 20.67414 0.13869
56253.6539 20.78477 0.21103
56253.70902 20.88938 0.15883
56253.75003 20.55714 0.14367
56253.76637 20.58532 0.12946
56253.8078 20.43842 0.14764
56253.85372 20.71274 0.16245
56254.77889 20.93044 0.15346
56257.58763 20.37437 0.16797
56265.629 20.54343 0.09917
56265.6592 20.6553 0.14062
56266.58222 20.52517 0.14208
56267.58751 20.22707 0.12195
56267.61751 20.37251 0.12865
56268.59364 20.72 0.11366
56268.62314 20.48367 0.11755
56269.58319 20.80812 0.11175
56269.58435 20.52966 0.10027
56269.58546 20.68075 0.09877
56269.58657 20.75925 0.10058
56269.58771 20.76609 0.11486
56269.58893 20.77504 0.11505
56269.59006 20.48408 0.09476
56269.59133 20.67892 0.10457
56269.59245 20.63093 0.12916
56269.59364 20.37972 0.09006
56269.59478 20.57584 0.10367
56269.596 20.69497 0.09908
56269.59713 20.52274 0.10696
56269.59843 20.45039 0.09147
56269.59956 20.41214 0.09886
56269.60977 20.55189 0.11087
56269.61093 20.49441 0.09438
56269.6121 20.59981 0.10057
56269.61321 20.50831 0.08668
56269.61434 20.59157 0.10659
56269.61547 20.44279 0.10347
56269.61659 20.55352 0.09957
56269.61773 20.68415 0.12226
56269.61884 20.58094 0.10478
56269.61995 20.72096 0.10707
56269.62115 20.4688 0.09738
56269.6223 20.70542 0.09819
56269.62343 20.66606 0.11916
56269.62457 20.49038 0.08992
56269.62569 20.71124 0.10146
56269.62688 20.45843 0.09029
56269.628 20.50996 0.09777
56269.6375 20.62168 0.09179
56269.63881 20.52683 0.09207
56269.64001 20.49761 0.09267
56269.64114 20.77941 0.09337
56269.64226 20.62659 0.09947
56269.64337 20.61592 0.09177
56269.6445 20.52375 0.08777
56269.64562 20.56267 0.07668
56269.64675 20.5069 0.09159
56269.64789 20.43395 0.08597
56269.64905 20.47142 0.09437
56269.65017 20.73178 0.12476
56269.65129 20.55253 0.08936
56269.65247 20.61358 0.10775
56269.65359 20.78309 0.09337
56269.65585 20.56325 0.07997
56269.65698 20.46772 0.08259
56269.65819 20.60376 0.08632
56269.65932 20.67295 0.08388
56269.66055 20.63278 0.09557
56269.66167 20.42984 0.08799
56269.66279 20.53907 0.09116
56269.66393 20.64774 0.10038
56269.66595 20.5284 0.08758
56269.66717 20.38093 0.08238
56269.66829 20.59892 0.09371
56269.66952 20.58953 0.09508
56269.67184 20.61775 0.09417
56269.673 20.64472 0.09996
56269.67412 20.50731 0.08251
56269.67533 20.60139 0.08988
56269.67646 20.66397 0.08736
56269.6776 20.46709 0.07971
56269.67883 20.68174 0.0847
56269.67997 20.571 0.09061
56269.6812 20.68273 0.0842
56269.68232 20.64349 0.0964
56269.68343 20.63402 0.08858
56269.68473 20.61497 0.09439
56269.68592 20.64326 0.08621
56269.68705 20.69675 0.0864
56269.68816 20.57348 0.09478
56269.68929 20.5861 0.09229
56269.69041 20.67458 0.09969
56269.69157 20.68581 0.09317
56269.69269 20.64382 0.08988
56269.69383 20.48944 0.11766
56269.69496 20.61615 0.08809
56269.69608 20.62859 0.09587
56269.69898 20.39708 0.08102
56269.70126 20.52543 0.08801
56269.70241 20.44887 0.0821
56269.70357 20.33966 0.07729
56269.70468 20.65605 0.09167
56269.70581 20.51093 0.10887
56269.70705 20.30272 0.07702
56269.70816 20.53723 0.11087
56269.70937 20.82433 0.11438
56269.7105 20.81883 0.09587
56269.71167 20.62825 0.08126
56269.7128 20.42987 0.08339
56269.71403 20.34603 0.08249
56269.71516 20.64331 0.10387
56269.7163 20.64071 0.10377
56269.72641 20.63736 0.10146
56269.72763 20.60212 0.09458
56269.72875 20.34448 0.08318
56269.72987 20.58334 0.09009
56269.731 20.61618 0.09967
56269.73213 20.69114 0.08768
56269.73326 20.39141 0.07698
56269.73438 20.57878 0.09436
56269.73557 20.49288 0.11496
56269.73682 20.40026 0.0782
56269.73796 20.33739 0.08619
56269.73911 20.63038 0.08716
56269.74036 20.39638 0.09248
56269.74147 20.52585 0.07918
56269.74272 20.50188 0.07762
56269.74391 20.50359 0.09097
56269.74502 20.56691 0.11705
56269.7462 20.57321 0.09736
56269.74734 20.53669 0.09185
56269.74846 20.70677 0.10287
56269.74961 20.53983 0.08848
56269.75074 20.61931 0.10228
56269.75201 20.61686 0.09849
56269.75316 20.47632 0.09525
56269.75429 20.76173 0.10365
56269.75553 20.64344 0.10135
56269.75665 20.501 0.08917
56269.75779 20.36832 0.10457
56269.75895 20.54091 0.09598
56269.76008 20.52 0.09809
56269.76123 20.53364 0.09956
56269.76235 20.80453 0.12606
56269.76348 20.50527 0.09707
56269.76459 20.53803 0.10056
56269.76573 20.71858 0.11854
56269.78036 20.51576 0.11015
56269.78151 20.4472 0.11076
56269.78271 20.53956 0.12844
56269.78391 20.40972 0.09374
56269.78511 20.69222 0.10426
56269.78751 20.63319 0.10696
56269.78876 20.46342 0.09493
56269.78989 20.35412 0.12026
56269.79108 20.67835 0.10767
56269.79227 20.53588 0.12946
56269.79356 20.45383 0.11234
56269.79478 20.60217 0.11206
56269.7959 20.62387 0.10327
56269.79701 20.54637 0.10766
56269.79816 20.47632 0.11585
56269.79928 20.33263 0.12405
56269.80041 20.48531 0.10916
56269.80156 20.50335 0.11706
56269.80276 20.61798 0.10467
56269.80404 20.74643 0.11296
56269.80517 20.71668 0.11017
56269.80638 20.57991 0.10965
56269.80752 20.59321 0.13544
56269.80866 20.68486 0.11766
56270.57931 20.50789 0.15007
56270.58058 20.68124 0.10208
56270.58188 20.61878 0.1027
56270.58305 20.55974 0.09969
56270.58429 20.76322 0.11872
56270.58556 20.72539 0.11008
56270.58671 20.6619 0.09908
56270.58798 20.64121 0.13448
56270.58926 20.62647 0.09659
56270.59051 20.5827 0.10827
56270.59176 20.54372 0.09808
56270.59301 20.54204 0.094
56270.59588 20.40754 0.09099
56270.59719 20.51343 0.08669
56270.59846 20.55959 0.0872
56270.59973 20.63328 0.1001
56270.60101 20.58127 0.12368
56270.60229 20.64771 0.12368
56270.60361 20.37576 0.08501
56270.60484 20.47157 0.084
56270.60617 20.62467 0.09292
56270.60733 20.54025 0.09512
56270.60868 20.56725 0.08452
56270.60993 20.44693 0.0977
56270.61121 20.50016 0.0858
56270.61244 20.57998 0.08512
56270.61368 20.54245 0.08895
56270.61481 20.55451 0.1216
56270.61593 20.56866 0.08374
56270.61713 20.60858 0.09009
56270.61835 20.40843 0.09351
56270.61963 20.51505 0.08542
56270.62082 20.74003 0.13067
56270.62212 20.4192 0.08912
56270.62324 20.65151 0.08537
56270.62438 20.56334 0.10073
56270.6255 20.41602 0.1064
56270.62668 20.57144 0.10207
56270.62781 20.6165 0.12536
56270.62895 20.63242 0.09541
56270.63017 20.60664 0.13256
56270.6313 20.57155 0.0929
56270.63259 20.63484 0.13808
56270.63372 20.44921 0.0832
56270.63484 20.50444 0.09015
56270.64581 20.77148 0.12118
56270.64713 20.53471 0.08999
56270.64825 20.61181 0.09637
56270.6495 20.66372 0.09344
56270.65082 20.53043 0.11937
56270.65222 20.74361 0.10022
56270.65336 20.595 0.10876
56270.6545 20.47082 0.09029
56270.65562 20.50281 0.093
56270.65697 20.69321 0.09257
56270.65832 20.53696 0.08709
56270.65959 20.78559 0.11289
56270.66092 20.4759 0.10058
56270.66217 20.65501 0.09949
56270.66351 20.59699 0.09468
56270.66477 20.58702 0.08042
56270.67891 20.52912 0.09779
56270.68008 20.56576 0.08872
56270.68122 20.60867 0.08834
56270.68243 20.54375 0.08363
56270.68382 20.6064 0.08571
56270.68508 20.669 0.09365
56270.68653 20.62152 0.08634
56270.68784 20.71354 0.09751
56270.68912 20.58858 0.09041
56270.69114 20.49274 0.07395
56270.69232 20.58491 0.10491
56270.69365 20.37538 0.08754
56270.6948 20.42546 0.08404
56270.69617 20.6433 0.08854
56270.69746 20.51667 0.0851
56270.6986 20.4738 0.09961
56270.6999 20.60958 0.09509
56270.70121 20.61366 0.09238
56270.70235 20.19835 0.07621
56270.70349 20.65413 0.08521
56270.70482 20.69615 0.08442
56270.70613 20.57422 0.08983
56270.70726 20.50493 0.11677
56270.7086 20.54558 0.0905
56270.70972 20.59787 0.09458
56270.71103 20.58903 0.0877
56270.71235 20.56107 0.09137
56270.71347 20.45905 0.08661
56270.71481 20.48504 0.12917
56270.71608 20.5134 0.09127
56270.71722 20.54984 0.09158
56270.71853 20.65608 0.10369
56270.71967 20.41103 0.11737
56270.72098 20.49476 0.08974
56270.72302 20.55201 0.09098
56270.72439 20.85864 0.11929
56270.72553 20.62336 0.09346
56270.72665 20.58158 0.0926
56270.72793 20.3611 0.08334
56270.72927 20.59274 0.0908
56270.73043 20.51082 0.0873
56270.73161 20.61963 0.09651
56270.73292 20.46958 0.10688
56270.73506 20.61789 0.09608
56270.73622 20.67141 0.09758
56270.73753 20.51251 0.11147
56270.73887 20.55664 0.09161
56270.74001 20.76621 0.11077
56270.74126 20.63604 0.08798
56270.7424 20.71351 0.09482
56270.74369 20.53831 0.09376
56270.74498 20.5375 0.13506
56270.74609 20.54226 0.11388
56270.74744 20.39926 0.0808
56270.7486 20.49908 0.10297
56270.74995 20.65358 0.10248
56270.75121 20.33672 0.10888
56270.75241 20.43396 0.11099
56270.75372 20.63931 0.12796
56270.75502 20.62624 0.09997
56270.75706 20.49666 0.09551
56270.75826 20.67176 0.1118
56270.75948 20.43772 0.09439
56270.76078 20.77319 0.10887
56270.76208 20.61615 0.10241
56270.77223 20.70311 0.11327
56270.77464 20.55823 0.10483
56270.77775 20.4996 0.10252
56270.77887 20.73127 0.11738
56270.78012 20.64785 0.10501
56270.78147 20.69178 0.12217
56270.78273 20.65616 0.10817
56270.784 20.46252 0.11678
56270.78526 20.60412 0.10812
56270.78661 20.52399 0.10079
56270.78776 20.8222 0.12259
56270.7891 20.5722 0.11587
56270.79021 20.62674 0.11808
56270.79151 20.7002 0.11779
56270.7928 20.64625 0.14018
56270.79391 20.63419 0.16074
56270.79508 20.56582 0.14446
56270.79619 20.51248 0.10657
56270.7975 20.69167 0.11389
56270.79862 20.73386 0.13107
56270.79991 20.82787 0.11948
56270.80111 20.62412 0.11498
56270.80249 20.64205 0.10968
56270.80509 20.20765 0.10729
56270.80715 20.74985 0.11739
56270.80837 20.60777 0.1149
56270.80963 20.71821 0.14916
56271.71236 20.86866 0.14455
56271.74462 20.95909 0.17975
56272.64495 20.50154 0.10395
56272.7082 20.65459 0.14685
56273.60993 20.60844 0.12465
56273.63946 20.54075 0.15694
56282.62819 20.58325 0.14466
56297.58897 20.60978 0.12274
56297.59019 20.59675 0.11999
56297.5937 20.79954 0.11425
56297.59722 20.43885 0.09981
56297.59904 20.59726 0.09058
56297.60164 20.34425 0.09127
56297.60284 20.3806 0.12237
56297.6053 20.46093 0.12677
56297.61734 20.50388 0.10787
56297.61965 20.42906 0.08848
56297.62198 20.43916 0.10536
56297.62474 20.35698 0.10539
56297.62597 20.52989 0.11753
56297.62818 20.61391 0.09668
56297.63051 20.49157 0.0911
56297.63246 20.20535 0.10928
56297.6337 20.66639 0.12105
56297.63597 20.36135 0.09158
56297.63722 20.71144 0.11146
56297.63944 20.38212 0.09658
56297.64162 20.39012 0.11156
56297.64281 20.6289 0.11686
56297.64393 20.62866 0.10707
56297.64612 20.86094 0.12796
56297.64742 20.51554 0.11786
56297.64964 20.70324 0.12778
56297.65084 20.7144 0.14426
56297.65434 20.28873 0.09609
56297.65811 20.66786 0.12785
56297.65988 20.40127 0.13345
56297.66121 20.74053 0.12405
56297.66483 20.62477 0.13215
56297.66714 20.69294 0.11486
56297.67315 20.63508 0.11115
56297.67547 20.65756 0.10976
56297.67675 20.68457 0.12605
56297.67954 20.73858 0.11846
56297.68076 20.44984 0.10148
56297.6819 20.68808 0.12956
56297.68325 20.57233 0.10137
56297.68541 20.65567 0.11476
56297.68786 20.43861 0.11435
56297.69171 20.24988 0.12805
56297.69635 20.41956 0.10385
56297.69767 20.60072 0.11885
56297.70113 20.5382 0.10636
56297.70743 20.68217 0.11648
56297.71084 20.39401 0.11926
56297.71401 20.69428 0.10868
56297.71668 20.7811 0.16874
56297.7179 20.37436 0.13516
56297.72049 20.74986 0.17254
56297.72327 20.50067 0.13754
56297.72448 20.5258 0.12346
56297.72584 20.84699 0.17935
56297.72772 20.82647 0.13726
56297.72894 20.76588 0.13066
56297.74317 20.52754 0.13747
56297.74683 20.44253 0.18874
56297.74996 20.61212 0.13155
56297.75493 20.65017 0.12665
56297.7583 20.49794 0.15245
56297.76167 20.28597 0.13764
56297.76388 20.36556 0.14155
56297.76506 20.54449 0.17284
56297.77383 20.37188 0.12596
56297.79645 20.76046 0.19234
56297.80192 20.51307 0.14836
56298.58895 20.60598 0.14133
56298.59013 20.77587 0.12012
56298.59724 20.6039 0.16586
56298.59842 20.38976 0.15597
56298.60332 20.54375 0.1486
56298.61595 20.22388 0.11082
56298.61811 20.60014 0.10709
56298.62047 20.89918 0.20693
56298.62426 20.87205 0.13925
56298.62643 20.60676 0.13909
56298.62762 20.51444 0.18433
56298.63098 20.3005 0.11107
56298.63219 20.61669 0.12248
56298.63687 20.64293 0.17796
56298.64364 20.72906 0.16403
56298.64578 20.4282 0.11219
56298.64695 20.86025 0.19297
56298.6481 20.57677 0.14075
56298.65082 20.81826 0.15481
56298.65294 20.65904 0.11935
56298.65509 20.64313 0.10948
56298.65745 20.32441 0.1927
56298.65865 20.67997 0.12195
56298.66081 20.52273 0.11744
56298.66198 20.44551 0.09833
56298.66411 20.57924 0.10747
56298.66639 20.53525 0.10805
56298.6699 20.37007 0.1248
56298.68256 20.65054 0.12574
56301.59099 20.67457 0.14208
56302.62153 20.62105 0.1297
56305.59416 20.4733 0.10776
56305.62276 20.49992 0.10845
56310.60466 20.40074 0.14957
56311.59823 20.46757 0.13846
56311.62777 20.80379 0.23644
56313.60478 20.40334 0.13117
56313.63593 20.66372 0.25143
56323.59943 20.63333 0.15425
56323.60059 20.65993 0.12487
56323.60172 20.61452 0.12605
56323.60284 20.39931 0.13005
56323.60396 20.6448 0.11288
56323.60508 20.50807 0.11716
56323.60621 20.57554 0.12546
56323.60734 20.6405 0.11625
56323.60846 20.74301 0.13096
56323.60959 20.56077 0.13425
56323.61071 20.59584 0.11775
56323.61183 20.47502 0.13204
56323.61297 20.51482 0.14835
56323.61521 20.58237 0.16335
56323.61635 20.76484 0.16134
56323.61747 20.54227 0.15724
56323.61859 20.46986 0.12995
56323.61971 20.7064 0.11756
56323.62085 20.53782 0.17105
56323.62197 20.91065 0.12257
56323.62309 20.37721 0.10877
56323.62423 20.78211 0.14926
56323.62535 20.72491 0.12867
56323.62647 20.68164 0.12317
56323.62759 20.57548 0.12004
56323.62872 20.72948 0.12936
56323.62985 20.65599 0.13694
56323.63097 20.31922 0.13496
56323.6321 20.42896 0.11766
56323.63322 20.40112 0.13684
56323.63435 20.90611 0.17695
56323.63549 20.72894 0.13495
56323.63661 20.73762 0.14915
56323.63773 20.63485 0.12015
56323.63887 20.79155 0.11855
56323.63999 20.51343 0.14284
56323.64112 20.78767 0.16045
56323.64225 20.93408 0.14715
56323.64338 20.58703 0.13155
56323.6445 20.59647 0.12985
56323.64563 20.30635 0.12925
56323.64676 20.55076 0.12096
56323.64789 20.67408 0.13115
56323.64902 20.47306 0.12945
56323.65014 20.68952 0.13055
56323.6524 20.59755 0.15993
56323.65352 20.63954 0.12556
56323.65465 20.44283 0.12535
56323.65577 20.60397 0.14304
56323.65691 20.80128 0.14255
56323.65803 20.63281 0.15855
56323.65917 20.6695 0.14544
56323.66367 20.62266 0.17254
56323.6648 20.6301 0.12876
56323.66594 20.76923 0.14154
56323.66706 20.99515 0.14778
56323.67613 20.81754 0.19694
56323.67838 20.56288 0.14514
56323.68742 20.93577 0.20314
56323.69194 20.54437 0.15905
56323.69306 20.3622 0.14685
56324.6344 20.85927 0.18325
56324.67356 20.7063 0.17306
56328.60109 20.52079 0.16864
56328.63041 20.80255 0.12016
56330.60568 20.59321 0.11957
56336.60557 20.50581 0.12975
56337.61678 20.43734 0.12917
56337.646 20.52328 0.13607
56340.62168 20.89344 0.18664
56433.97522 20.32313 0.12677
56434.97306 20.25619 0.16565
56443.94843 20.56776 0.19884
56446.9404 20.89425 0.21454
56447.93827 20.74387 0.12765
56448.93551 20.48023 0.11886
56449.9322 20.54061 0.12257
56449.96744 20.51154 0.10418
56450.93056 20.77533 0.18634
56450.96471 20.41205 0.13697
56451.92757 20.68945 0.16276
56451.96268 20.53011 0.14856
56452.92487 20.6069 0.14036
56452.95905 20.61011 0.11697
56454.91904 20.50429 0.13145
56454.9531 20.52603 0.12926
56455.91706 20.32278 0.14378
56455.95123 20.37885 0.12768
56456.91361 20.66278 0.19575
56456.94859 20.77552 0.14314
56457.91086 20.24249 0.13647
56457.9457 20.54599 0.12226
56458.90893 20.7414 0.13194
56458.94334 20.7469 0.11835
56459.90596 20.68023 0.12256
56459.94092 20.57532 0.12335
56460.9034 20.58928 0.15667
56460.93791 20.69148 0.10948
56461.90107 20.78704 0.14676
56461.93811 20.37975 0.11536
56463.93218 20.58612 0.15965
56469.91685 20.67523 0.18437
56475.86334 20.63104 0.19506
56476.89765 20.56656 0.19681
56485.83631 20.6333 0.16815
56486.83403 20.53995 0.14107
56486.87106 20.30724 0.12516
56488.83006 20.72452 0.16776
56488.86647 20.45679 0.09948
56489.82698 20.76429 0.22774
56489.86366 20.37426 0.12677
56502.82864 20.70809 0.14961
56503.78903 20.63925 0.13122
56503.82769 20.56047 0.12868
56504.82017 20.35903 0.15516
56504.90811 20.51387 0.11438
56505.81768 20.89638 0.1467
56505.9509 20.76013 0.12975
56505.98842 20.98382 0.18175
56507.80198 20.6781 0.15444
56507.84712 20.72256 0.14793
56507.99891 20.49574 0.11699
56508.90167 20.66189 0.09249
56509.79634 20.34634 0.10571
56509.83877 20.526 0.10629
56510.8262 20.59554 0.11799
56511.79111 20.75394 0.12128
56511.84089 20.60274 0.11028
56512.82519 20.66305 0.13207
56513.78624 20.61636 0.12557
56513.82352 20.50923 0.12318
56514.7834 20.96983 0.16916
56514.82081 20.53476 0.10457
56515.78106 20.72859 0.16596
56515.82231 20.57513 0.11398
56516.77774 20.68866 0.12759
56516.81437 20.55962 0.08895
56517.77605 20.59594 0.11739
56517.81715 20.52589 0.09284
56517.97309 20.47989 0.1015
56518.87478 20.72205 0.10189
56518.96686 20.54184 0.10848
56519.00311 20.59521 0.0956
56519.90443 20.59555 0.08083
56519.96504 20.55186 0.0831
56520.00171 20.53818 0.09169
56520.90327 20.66985 0.09169
56520.95521 20.41927 0.0828
56520.99262 20.78297 0.10658
56521.89446 20.61642 0.10311
56521.95772 20.73026 0.09629
56521.99393 20.4147 0.0933
56529.90241 20.6374 0.13805
56529.97462 20.63383 0.16587
56532.71221 20.57094 0.13507
56532.85928 20.58144 0.0964
56532.89645 20.67885 0.11152
56533.79895 20.64852 0.1012
56533.93493 20.45321 0.10451
56533.97228 20.5949 0.12318
56537.84525 20.46634 0.07703
56537.9874 20.58965 0.07542
56539.88447 20.58252 0.07906
56539.9215 20.60642 0.0918
56540.97669 20.52987 0.08666
56541.6883 20.8294 0.14891
56542.96698 20.61318 0.11057
56543.00294 20.26496 0.09949
56543.97085 20.56139 0.10419
56544.00787 20.78788 0.1088
56546.75907 20.51571 0.09691
56546.94639 20.51695 0.0941
56547.84788 20.39631 0.11465
56548.0057 20.71402 0.14246
56548.66959 20.42991 0.21477
56548.70582 20.99527 0.16787
56548.74172 20.84776 0.16065
56549.73967 20.44743 0.17815
56550.73216 20.5694 0.16476
56551.72202 20.43177 0.18617
56552.74635 20.41855 0.15187
56561.66061 20.8017 0.16836
56562.93459 20.67912 0.18445
56563.6893 20.70077 0.14326
56563.77494 20.60653 0.14554
56564.72602 20.44728 0.11199
56564.99301 20.50595 0.10856
56565.02672 20.45889 0.15115
56565.92832 20.53077 0.13576
56565.98151 20.32998 0.15284
56566.01544 20.52598 0.13025
56566.91724 20.3612 0.08806
56566.96287 20.63634 0.11036
56566.99591 20.43882 0.10188
56567.8986 20.61174 0.09148
56567.96702 20.60067 0.09297
56568.00039 20.68648 0.16545
56568.90245 20.74725 0.10795
56568.96343 20.7323 0.15016
56569.90084 20.70683 0.15475
56569.99803 20.59872 0.17117
56572.66032 20.90957 0.1343
56572.69287 20.65463 0.17477
56573.64765 20.80365 0.13026
56573.77817 20.71367 0.11187
56576.83948 20.31479 0.10558
56577.77306 20.70091 0.16394
56578.67217 20.67945 0.14157
56578.69674 20.84436 0.14715
56578.75347 20.63555 0.16214
56587.62864 20.77857 0.12206
56587.78993 20.79152 0.17035
56589.79481 20.51307 0.15266
56589.81959 20.48608 0.11277
56589.84642 20.74811 0.17904
56590.76387 20.73501 0.13135
56590.8749 20.87058 0.13755
56590.89969 20.43419 0.14245
56591.86057 20.82522 0.10768
56591.88508 20.927 0.14719
56592.81972 20.59933 0.10361
56592.91348 20.71595 0.12808
56592.93852 20.70678 0.13756
56596.59731 21.02756 0.13947
56596.81771 20.5122 0.14247
56596.84238 20.57245 0.15454
56597.74425 20.81603 0.14737
56597.82393 20.64662 0.16396
56598.84855 20.95934 0.15296
56599.75014 20.8107 0.11726
56599.79577 20.73529 0.14355
56599.82112 20.81188 0.14664
56600.77441 20.79918 0.11926
56600.8753 20.65452 0.14666
56603.68227 20.90316 0.15329
56603.74296 20.72268 0.12518
56604.73691 20.77482 0.12574
56604.92616 20.50071 0.1641
56605.64733 20.67773 0.13944
56605.67213 20.77345 0.17484
56606.60932 21.08039 0.26123
56607.84927 20.90344 0.17285
56609.88847 20.68192 0.26174
56622.58588 20.96169 0.13646
56624.57999 20.99674 0.14864
56624.60429 20.49884 0.12975
56625.70494 20.8706 0.13286
56625.74386 20.77264 0.11417
56626.64578 20.55109 0.12976
56626.67007 20.72005 0.11306
56628.73144 20.86729 0.14976
56628.76212 20.85464 0.19376
56648.58277 21.03815 0.16886
56649.60387 20.50853 0.16674
56658.58519 20.849 0.14717
56658.62914 20.60234 0.122
56659.58605 20.73681 0.14489
56659.61086 20.84886 0.15887
56660.58569 20.86424 0.12489
56660.61029 20.91417 0.1178
56663.59143 20.97255 0.16514
56663.6171 20.78689 0.13306
56664.6104 21.12025 0.17498
56675.5969 20.9025 0.12979
56676.59181 20.65489 0.19933
56676.61781 20.6393 0.15277
56678.61458 21.01807 0.14005
56678.64019 20.80027 0.11297
56680.60724 20.63309 0.12625
56683.59693 20.82023 0.13461
56683.63252 21.16006 0.16228
56685.6471 20.95024 0.216
56687.64144 21.12277 0.17115
56697.60505 20.9526 0.16406
56816.96412 20.79566 0.15235
56817.96427 20.43716 0.16464
56818.96227 20.44621 0.13434
56827.96384 20.57186 0.14775
56828.9654 20.62829 0.14806
56831.96161 20.39316 0.10508
56832.9648 20.60319 0.11061
56832.97563 20.53197 0.11591
56833.96568 20.908 0.11668
56833.97644 20.98581 0.18555
56834.96484 20.81034 0.11038
56836.96625 20.83928 0.10997
56836.97711 20.7375 0.14307
56839.96511 20.85367 0.13148
56840.96951 20.72771 0.16815
56841.96857 20.60917 0.10936
56844.96636 20.76594 0.10976
56844.97887 20.82465 0.14273
56845.96726 20.56878 0.10329
56845.98002 20.80578 0.12297
56846.96666 20.78478 0.10376
56846.98115 20.70357 0.11406
56847.96648 20.73988 0.10537
56847.98151 20.62181 0.10291
56848.96743 20.76308 0.10919
56851.97048 20.6228 0.16807
56854.96165 20.71818 0.14352
56854.98771 20.83317 0.16283
56855.96071 20.62907 0.16395
56856.96087 20.55719 0.23989
56856.98328 20.79972 0.16077
56858.96243 20.69456 0.10863
56858.98507 20.42298 0.13332
56859.96515 20.78223 0.11338
56859.98697 20.52253 0.11575
56861.96231 20.73578 0.13431
56861.98508 20.58083 0.0968
56862.9659 20.67559 0.09523
56862.98227 20.61553 0.10493
56863.94981 20.81865 0.10397
56864.94576 20.90845 0.13551
56864.96947 20.41985 0.12028
56865.92975 20.92443 0.14837
56865.96089 20.52103 0.08641
56867.98799 20.62042 0.09359
56868.96536 20.63482 0.10035
56868.98567 20.56407 0.10242
56869.96092 20.71512 0.09742
56869.98231 20.39723 0.11112
56870.96467 20.63891 0.10615
56870.98635 20.79097 0.10369
56874.97428 20.56175 0.09002
56874.99622 20.30658 0.09673
56875.98151 21.02711 0.13234
56875.99752 20.7919 0.11285
56876.91773 20.65852 0.08868
56876.94717 20.48935 0.08082
56877.9745 20.82653 0.09049
56877.9957 20.52606 0.10079
56878.93847 20.79478 0.14686
56879.95816 20.50107 0.172
56882.96877 20.41741 0.22237
56883.9421 20.27609 0.15539
56884.99956 20.48315 0.1751
56885.96448 20.75717 0.13567
56885.98159 20.81944 0.13299
56886.91453 20.84621 0.14422
56886.94264 20.50277 0.09565
56887.91623 20.6975 0.10758
56887.94902 20.51257 0.09169
56888.86519 20.50689 0.08228
56888.89905 20.51683 0.08392
56888.91008 20.49869 0.08839
56888.94196 20.7436 0.09727
56890.94091 20.85364 0.11781
56890.97479 20.71158 0.09579
56895.83087 20.69186 0.11497
56895.86667 20.45724 0.13531
56972.71463 20.59733 0.15146
56972.73749 20.85888 0.12487
56978.74407 20.85274 0.13386
56980.71766 20.609 0.14505
56980.83416 20.67935 0.13798
56981.71538 20.83434 0.11366
56981.77818 20.54659 0.10708
56984.71333 20.48966 0.17344
56986.72544 20.81275 0.13307
56986.79095 20.70515 0.16517
56987.70535 20.49102 0.16575
56989.60286 20.4189 0.14396
56989.66828 20.81142 0.12438
56990.59847 20.49232 0.18354
56990.66232 20.7974 0.13586
57001.60725 20.76708 0.12527
57001.63454 20.77452 0.1004
57011.62365 20.49726 0.14415
57011.65019 20.4869 0.14997
57014.60229 20.59411 0.12466
57018.60146 20.67003 0.12848
57018.62586 20.47943 0.12427
57019.61004 20.6104 0.17154
57030.59868 20.72987 0.12753
57037.60179 20.62992 0.14838
57040.60372 21.00177 0.16225
57041.64649 20.76686 0.17215
57042.59979 20.51052 0.13158
57042.64647 20.73199 0.17526
57043.60053 20.32222 0.11818
57043.64542 20.71462 0.14636
57044.59961 20.6632 0.17965
57046.59907 20.8451 0.17864
57047.65127 20.59173 0.14557
57059.60766 20.80955 0.12828
57059.61723 20.38026 0.13466
57063.61933 20.91449 0.18255
57064.61072 20.62489 0.14101
57067.60784 20.97027 0.14239
57069.61019 20.32162 0.15845
57069.6409 20.87693 0.18327
57070.6277 20.60663 0.1415
57090.63028 20.43652 0.25198
57187.96362 20.81043 0.1326
57188.96808 20.50337 0.1232
57189.95594 20.6139 0.15022
57190.94422 20.72544 0.15086
57191.95614 20.69025 0.14143
57192.94672 20.7007 0.18296
57193.93573 20.87044 0.13974
57194.94374 20.36189 0.16265
57195.94595 20.90547 0.18324
57197.91796 20.63087 0.15219
57198.93165 20.73703 0.17628
57198.96479 20.41107 0.11851
57199.9472 20.36662 0.11551
57207.98422 20.84949 0.1956
57210.97519 20.80147 0.12881
57214.96163 20.69128 0.15368
57216.93262 20.74517 0.12949
57216.97994 20.90774 0.19685
57218.92712 20.69078 0.15817
57218.977 20.75602 0.12708
57219.94247 20.76305 0.10119
57219.97077 20.81897 0.10476
57220.92305 20.72339 0.0979
57220.98129 20.82885 0.10724
57226.95332 20.46674 0.10571
57227.93417 20.82138 0.1084
57237.93379 20.75277 0.19375
57238.91268 20.6934 0.13078
57238.96563 20.62843 0.12012
57239.93796 20.63204 0.11752
57240.95317 20.58763 0.12451
57241.93368 20.73712 0.18784
57242.93933 20.8775 0.13757
57244.91131 20.6497 0.09749
57244.96611 20.96386 0.11476
57245.87591 20.87784 0.10786
57245.91376 20.64617 0.12868
57246.89995 20.40361 0.13522
57246.93423 20.77612 0.09931
57247.92574 20.65417 0.09566
57247.95614 20.97907 0.10574
57248.84393 20.82737 0.12436
57248.8782 20.69763 0.09968
57249.88436 20.83223 0.09375
57249.9163 20.94439 0.1025
57250.88236 20.71882 0.10045
57250.92114 20.61077 0.15339
57251.8693 20.99248 0.15076
57251.91419 20.70601 0.1007
57555.93989 20.62531 0.13937
57555.96363 20.80259 0.17175
57567.951 20.68518 0.14973
57569.92685 20.71281 0.127
57570.93954 20.61308 0.14161
57571.91515 21.04073 0.15035
57571.96845 20.89284 0.17798
57572.94 20.8264 0.14366
57572.961 20.67942 0.14022
57573.95955 21.03942 0.13483
57574.96997 20.90406 0.13462
57575.96076 20.61043 0.12791
57576.95096 20.81385 0.16655
57577.97714 20.72933 0.17114
57578.93031 20.80237 0.14116
57578.9597 20.60303 0.1333
57579.96636 20.75101 0.16951
57580.94991 20.5801 0.13469
57581.93908 20.59792 0.12115
57581.96061 20.81542 0.14466
57582.96612 20.53995 0.13067
57583.93612 20.78168 0.1054
57583.97225 20.50461 0.13777
57584.92871 20.78247 0.10583
57584.97404 20.72123 0.13166
57585.92275 20.90792 0.15011
57585.96134 20.64419 0.15659
57596.95384 20.63692 0.14016
57596.98786 20.91041 0.16166
57598.9281 20.80469 0.13563
57598.97263 20.96118 0.13423
57599.94579 21.00712 0.12658
57600.96483 20.53969 0.13166
57601.9531 20.7815 0.12458
57601.99102 20.86313 0.12741
57602.95616 20.76402 0.13005
57602.99208 20.55587 0.10343
57603.99274 20.79963 0.12512
57604.96148 20.61302 0.13191
57604.99535 20.85428 0.14738
57605.93926 20.84892 0.11663
57605.97693 20.66054 0.11054
57606.94732 20.82088 0.11914
57606.99101 20.93455 0.11855
57607.92659 20.97631 0.12573
57607.97806 20.82518 0.18961
57608.92515 20.69094 0.11222
57608.96585 20.94102 0.15577
57609.94301 20.84051 0.16168
57610.89516 21.10851 0.19408
57610.92695 20.97442 0.16086
57611.90199 20.84366 0.11932
57612.88937 20.77383 0.11518
57612.93148 21.05611 0.133
57613.84046 20.83258 0.24715
57613.87193 20.76481 0.12536
57613.90353 20.54471 0.0961
57614.96436 20.65024 0.12022
57614.99496 20.81111 0.1236
57615.90761 20.92955 0.23254
57615.95637 20.87808 0.14538
57624.97236 20.79335 0.17847
57625.94454 21.19041 0.17704
