#mjd mag magerr
55061.92501 14.93346 0.0054
55061.95573 14.92986 0.00526
55063.91987 14.94369 0.00482
55063.9639 14.92985 0.00523
55064.92128 14.97042 0.00519
55064.9656 14.95898 0.00528
55066.91014 14.9334 0.00515
55066.95474 14.94264 0.00527
55067.91649 14.98062 0.00554
55067.96099 14.95049 0.00591
55069.90324 14.9531 0.00543
55069.94786 14.96596 0.00537
55080.87449 15.05038 0.00939
55084.86328 15.03478 0.0073
55087.85609 14.98675 0.00519
55087.90101 14.97616 0.00509
55088.96983 14.96299 0.00496
55089.01521 14.95543 0.00544
55089.94574 14.96864 0.00539
55089.99042 14.97067 0.00543
55093.83741 14.99466 0.00558
55093.88196 14.9581 0.00552
55096.8292 14.98235 0.00607
55097.00858 14.98279 0.00641
55104.99862 15.04044 0.00642
55107.79764 15.06902 0.00914
55114.88125 14.98094 0.00924
55119.89538 15.01691 0.00639
55119.95365 14.98531 0.00637
55123.75696 14.98894 0.00538
55123.81523 14.9767 0.00532
55126.97957 15.03113 0.00712
55127.83329 14.99169 0.00551
55127.87706 14.98299 0.00647
55135.82555 15.04182 0.00889
55135.86926 15.04284 0.00968
55138.71472 15.1057 0.0091
55142.7036 14.98474 0.00549
55142.75219 15.0107 0.0061
55144.77886 14.99058 0.00625
55144.82305 15.00372 0.00628
55151.72943 14.96331 0.00597
55151.77257 14.98144 0.00565
55166.74897 15.08874 0.00946
55168.63378 15.04297 0.00758
55168.6775 15.0425 0.00804
55175.61224 14.95753 0.00589
55175.65684 14.96928 0.00568
55181.59421 15.04123 0.0081
55181.63825 14.96193 0.00724
55183.59204 15.03017 0.00842
55183.64253 14.95056 0.0067
55189.58054 14.99703 0.00601
55189.62557 14.98022 0.00575
55194.59026 15.02408 0.01083
55199.58559 14.95868 0.00584
55202.58667 15.00254 0.00729
55203.71441 14.99938 0.00779
55203.75743 15.03948 0.00809
55207.63092 14.9595 0.01001
55207.67514 14.97168 0.00588
55209.5968 14.95555 0.00553
55209.64149 14.95791 0.00531
55213.63312 14.97812 0.02814
55213.6798 15.03906 0.02843
55377.85123 14.97361 0.00804
55377.89535 14.94039 0.00693
55378.86379 14.92441 0.01093
55378.90615 14.91636 0.00909
55379.8591 14.97466 0.00625
55379.92482 14.91038 0.00576
55380.87684 14.94465 0.00702
55380.92078 14.93493 0.00656
55381.89606 14.91569 0.00571
55381.93934 14.90089 0.00584
55384.82671 14.89126 0.00571
55384.87028 14.89647 0.00541
55385.87021 14.88402 0.00491
55385.91339 14.89486 0.0051
55386.86524 14.87794 0.00556
55386.90867 14.88627 0.00486
55387.87002 14.86617 0.01036
55387.91342 14.87151 0.01005
55388.86609 14.88387 0.0077
55388.91005 14.8905 0.00607
55389.97252 14.98929 0.04822
55390.80957 14.94324 0.00538
55390.85393 14.88406 0.00587
55391.80613 14.90444 0.00609
55391.87538 14.89353 0.00518
55392.83258 14.92783 0.00649
55392.87538 14.89771 0.00556
55394.79908 14.91724 0.00604
55394.8431 14.89255 0.0055
55395.79551 14.96287 0.00758
55395.84215 14.89428 0.00577
55396.79527 14.94996 0.0063
55396.83932 14.89047 0.00506
55397.79163 14.9766 0.00747
55397.83526 14.9123 0.00576
55398.78764 14.98883 0.00753
55398.83124 14.98548 0.00601
55399.83261 14.98644 0.00664
55400.78534 15.03776 0.00828
55400.8289 14.94157 0.00714
55401.78133 15.0258 0.0106
55401.82518 15.00331 0.00851
55402.77979 14.99544 0.01179
55402.8246 15.00996 0.00923
55403.81973 15.0287 0.00951
55404.77424 14.99085 0.00989
55404.84266 15.02363 0.00858
55405.8416 14.99548 0.00796
55407.7691 14.99664 0.01009
55407.83003 15.02643 0.00829
55411.75477 14.991 0.03553
55411.79896 14.94047 0.00735
55412.75232 15.0192 0.0262
55412.79539 14.96684 0.01916
55413.75577 15.01097 0.01574
55413.79945 14.95548 0.01119
55414.79555 14.93506 0.01782
55415.75266 14.97054 0.01426
55415.79727 14.99257 0.02067
55416.75096 14.97698 0.01036
55416.79342 14.92847 0.01086
55417.75979 15.03146 0.02305
55417.84511 14.99199 0.02718
55418.79843 14.93295 0.01314
55418.84121 14.87569 0.01936
55419.75121 15.03287 0.02603
55419.79504 14.97119 0.01418
55420.78929 14.96151 0.01826
55420.83264 14.87666 0.01518
55421.73664 14.89908 0.00585
55421.79901 14.89541 0.00501
55422.75115 14.89699 0.00568
55422.79487 14.88219 0.00518
55423.74742 14.91164 0.00543
55423.79284 14.89155 0.00528
55424.75349 14.96122 0.00633
55424.80178 14.90178 0.00556
55425.76166 14.94178 0.00596
55425.80573 14.89736 0.00529
55426.80123 14.93601 0.00735
55426.8444 14.89226 0.00706
55427.79708 14.93556 0.00593
55427.8408 14.94169 0.0054
55428.79281 14.94528 0.00626
55428.83703 14.93766 0.00566
55429.8142 14.95947 0.006
55429.85716 14.93771 0.00601
55430.75769 14.97837 0.00762
55430.80485 14.96526 0.00717
55431.75639 14.97881 0.00758
55431.80024 14.98164 0.0072
55432.78359 14.99621 0.00853
55433.7493 14.99401 0.01
55434.73769 15.02109 0.00982
55435.69148 15.01945 0.01105
55435.74218 15.02985 0.01095
55436.88575 14.98593 0.00717
55436.88891 14.97944 0.00706
55436.8919 14.97398 0.00753
55436.89501 14.98346 0.00678
55436.89797 14.96171 0.00745
55436.90109 15.01053 0.00684
55436.9042 15.00861 0.00754
55436.90728 14.99912 0.00725
55436.91041 15.00694 0.00754
55436.91351 15.00189 0.00736
55436.91641 15.01466 0.00738
55436.91931 14.98756 0.0075
55436.92221 14.97413 0.00744
55436.92514 14.99673 0.00732
55436.92806 14.98003 0.00741
55436.93096 14.96665 0.00751
55436.93413 14.97645 0.00759
55436.93703 14.97693 0.00732
55436.93974 14.99859 0.00747
55436.94297 14.98254 0.00757
55436.94613 15.0126 0.00729
55436.94915 15.01393 0.00758
55436.95231 14.97296 0.00754
55436.9553 15.00874 0.00715
55436.95826 14.97543 0.00776
55436.96116 15.00233 0.0072
55436.96403 14.99456 0.00711
55436.96671 14.99897 0.0072
55438.88857 14.96358 0.00649
55438.89169 14.97604 0.00641
55438.89485 14.96489 0.00643
55438.89798 14.97154 0.00627
55438.90086 14.96971 0.00627
55438.90371 14.96561 0.00657
55438.9065 14.98088 0.00645
55438.90927 14.96604 0.00644
55438.91204 14.96344 0.00619
55438.91487 14.96992 0.00645
55438.91763 14.98048 0.00633
55438.92084 14.97738 0.00673
55438.92394 14.99716 0.00649
55438.92672 14.98709 0.00664
55438.92954 14.99638 0.00647
55438.93259 15.01036 0.00674
55438.93551 14.99249 0.00646
55438.93833 14.99686 0.00719
55438.94106 14.99441 0.00661
55438.94411 14.9922 0.00679
55438.94678 15.0041 0.00686
55438.95017 14.99572 0.00658
55438.95913 14.99431 0.00665
55438.96141 15.01152 0.00678
55440.87507 14.92034 0.00552
55440.87823 14.9238 0.00528
55440.88428 14.93358 0.00545
55440.88675 14.9401 0.00543
55440.8894 14.92983 0.00555
55440.89205 14.92513 0.00583
55440.89518 14.92133 0.0058
55440.89832 14.93688 0.00521
55440.90145 14.94155 0.00516
55440.90439 14.92348 0.00502
55440.90729 14.93113 0.00545
55440.91025 14.94469 0.00539
55440.91316 14.91891 0.00511
55440.91591 14.96896 0.00553
55440.9187 14.92021 0.0054
55440.92149 14.91749 0.00553
55440.92426 14.91578 0.00525
55440.93095 14.9129 0.00529
55440.93364 14.91293 0.00544
55440.93623 14.91807 0.0051
55440.9395 14.93221 0.00523
55440.94264 14.93015 0.00508
55440.94582 14.94414 0.0056
55440.94883 14.92469 0.00546
55440.95182 14.91634 0.00534
55440.95489 14.91374 0.00544
55440.95791 14.92601 0.00565
55441.87301 14.93387 0.00517
55441.87592 14.92659 0.00506
55441.88645 14.91637 0.00512
55441.88962 14.92551 0.00534
55441.89254 14.92387 0.00544
55441.89542 14.92861 0.005
55441.89828 14.94086 0.00514
55441.90107 14.9273 0.00538
55441.9037 14.92208 0.00525
55441.90634 14.94322 0.00518
55441.90906 14.92266 0.00504
55441.9118 14.90843 0.00509
55441.91445 14.92645 0.005
55441.91722 14.91102 0.00526
55441.91981 14.92189 0.00553
55441.92242 14.91683 0.00524
55441.92546 14.90178 0.00498
55441.9281 14.93203 0.0053
55441.93183 14.9479 0.00546
55441.93458 14.93609 0.00512
55441.93727 14.93157 0.00553
55441.94048 14.92349 0.00478
55441.94326 14.9234 0.00558
55441.94546 14.92109 0.00477
55441.94852 14.91138 0.00517
55441.95194 14.9091 0.0053
55441.95469 14.92557 0.00514
55441.95786 14.93203 0.00533
55441.96081 14.92518 0.0053
55441.96392 14.91985 0.00592
55441.96715 14.92277 0.00561
55441.97012 14.92221 0.00523
55441.97294 14.92397 0.00515
55441.97532 14.92576 0.00537
55441.97757 14.93152 0.00512
55441.9798 14.93655 0.00523
55441.9835 14.93877 0.00563
55441.9863 14.93421 0.00504
55441.98852 14.93511 0.005
55441.99078 14.92365 0.00521
55441.99382 14.93536 0.00531
55442.00593 14.94964 0.00531
55442.00906 14.959 0.00562
55442.01216 14.95878 0.00581
55442.01486 14.97723 0.00572
55442.01753 15.02595 0.00668
55442.70382 14.97238 0.00556
55442.70734 14.96396 0.00555
55442.71097 14.98167 0.00567
55442.71448 14.97139 0.00534
55442.71808 14.97433 0.00532
55442.72168 14.98304 0.00545
55442.72527 14.9548 0.00541
55442.73272 14.97148 0.00519
55442.74184 14.95235 0.00497
55442.74882 14.95192 0.00531
55442.75572 14.94171 0.00535
55442.76147 14.93443 0.00476
55442.76615 14.92595 0.00502
55442.77616 14.96205 0.0053
55442.78135 14.92504 0.00495
55442.78615 14.93626 0.00476
55442.79145 14.93326 0.00502
55442.79615 14.92974 0.00523
55442.80186 14.93466 0.00512
55442.8093 14.94479 0.00477
55442.81443 14.93457 0.00509
55442.81939 14.94461 0.00538
55442.82447 14.94274 0.00523
55442.8293 14.93903 0.00538
55442.83541 14.93437 0.00495
55442.84012 14.93388 0.00497
55442.84597 14.94487 0.00549
55442.85112 14.94361 0.00533
55442.85657 14.93907 0.00525
55442.86387 14.94204 0.00511
55442.87002 14.93226 0.0053
55442.87503 14.93759 0.00537
55442.88048 14.93372 0.00511
55442.88617 14.93355 0.0054
55442.89221 14.94499 0.00536
55442.89785 14.94015 0.00466
55442.90297 14.9408 0.0053
55442.90871 14.93096 0.00497
55442.91368 14.90697 0.00491
55442.91875 14.92202 0.00485
55442.92384 14.93048 0.00531
55442.93037 14.92361 0.00477
55442.93642 14.93388 0.00514
55442.94588 14.94431 0.00544
55442.95166 14.93553 0.00539
55442.95754 14.91809 0.0047
55442.96246 14.92014 0.00524
55442.96833 14.92352 0.00536
55442.97317 14.92434 0.00446
55442.97782 14.93477 0.00517
55442.98206 14.91664 0.00533
55442.9872 14.93029 0.00498
55442.99348 14.93654 0.00488
55442.99858 14.90974 0.00512
55443.00329 14.9248 0.00494
55443.01002 14.93313 0.00494
55443.01702 14.97686 0.00568
55443.67742 14.99494 0.00584
55443.68488 14.97418 0.00608
55443.69287 14.99222 0.00535
55443.70415 14.98476 0.00555
55443.71028 14.98051 0.00544
55443.71632 14.96003 0.00536
55443.72231 14.95335 0.00533
55443.72832 14.95563 0.00486
55443.736 14.95626 0.00508
55443.74306 14.94968 0.00534
55443.74812 14.93395 0.0054
55443.75372 14.94015 0.00483
55443.75946 14.91703 0.00546
55443.76526 14.91631 0.0048
55443.77007 14.9259 0.00506
55443.78027 14.94241 0.00557
55443.78539 14.92415 0.00496
55443.79156 14.92034 0.00507
55443.79717 14.91737 0.00525
55443.80302 14.93175 0.00495
55443.80895 14.92357 0.00433
55443.81493 14.92174 0.00481
55443.8204 14.91906 0.00525
55443.82634 14.92333 0.00467
55443.83239 14.91613 0.00461
55443.83783 14.91387 0.00449
55443.84415 14.91269 0.0048
55443.84958 14.92735 0.00501
55443.85553 14.90427 0.00484
55443.86252 14.89624 0.00538
55443.87576 14.89399 0.00494
55443.88141 14.90977 0.00477
55443.88892 14.90558 0.00506
55443.89412 14.92182 0.00506
55443.90077 14.9097 0.00499
55443.90658 14.92343 0.00493
55443.91235 14.91014 0.00478
55443.91779 14.91375 0.00511
55443.92403 14.9175 0.00487
55443.92967 14.92055 0.00531
55443.93496 14.9214 0.00507
55443.94073 14.92069 0.00486
55443.94779 14.91877 0.00547
55443.95355 14.91709 0.00477
55443.95925 14.92224 0.00518
55443.9693 14.93307 0.0051
55443.97555 14.92104 0.00491
55443.98144 14.91192 0.00472
55443.98725 14.89625 0.00529
55443.99456 14.91173 0.00493
55444.00093 14.91831 0.00495
55444.0061 14.92488 0.00496
55444.01187 14.93966 0.0057
55444.0175 14.98257 0.00601
55444.66648 14.93481 0.00673
55444.67221 14.99602 0.00633
55444.67727 14.99457 0.0055
55444.68199 14.98629 0.00634
55444.68857 14.97823 0.00608
55444.69526 14.99649 0.00524
55444.70198 14.99287 0.00543
55444.7091 14.98585 0.00543
55444.71487 14.98362 0.0054
55444.72103 14.96485 0.00529
55444.72796 15.00418 0.00541
55444.73377 14.9527 0.00549
55444.74094 14.95304 0.00499
55444.74655 14.94596 0.00526
55444.75167 14.94609 0.00507
55444.75678 14.95782 0.00543
55444.76225 14.94399 0.00532
55444.7673 14.92191 0.00493
55444.77353 14.92655 0.00516
55444.77876 14.93466 0.00529
55444.78368 14.94051 0.00513
55444.79848 14.93902 0.00537
55444.80403 14.94108 0.00522
55444.81599 14.93515 0.0051
55444.8213 14.92744 0.00522
55444.83332 14.94942 0.00516
55444.83854 14.9359 0.00529
55444.84549 14.93048 0.00483
55444.85161 14.94367 0.0055
55444.85679 14.9294 0.00541
55444.86267 14.91813 0.00496
55444.86777 14.92617 0.0053
55444.87321 14.91107 0.00512
55444.87872 14.93326 0.00469
55444.88467 14.90711 0.00454
55444.89016 14.90001 0.00485
55444.89581 14.89426 0.00525
55444.90153 14.90607 0.00499
55444.90845 14.9226 0.00494
55444.91349 14.90155 0.00473
55444.92279 14.94397 0.00488
55444.93139 14.91562 0.00508
55444.94041 14.91463 0.0054
55444.94568 14.91703 0.00511
55444.951 14.92922 0.00574
55444.95724 14.91731 0.00551
55444.96289 14.92745 0.00535
55444.96923 14.93724 0.00486
55444.97411 14.93778 0.00493
55444.98062 14.92483 0.00483
55444.98915 14.9416 0.00543
55444.99553 14.93164 0.00519
55445.00157 14.94241 0.00505
55445.00779 14.92882 0.00567
55445.01282 14.95227 0.00515
55445.01777 14.99372 0.00585
55445.66261 15.00519 0.00642
55445.66749 15.03619 0.00573
55445.67244 14.99605 0.00592
55445.67731 15.02337 0.00544
55445.68422 15.00509 0.00594
55445.6905 15.02009 0.00563
55445.69681 14.98934 0.00518
55445.70294 14.96824 0.00551
55445.70921 14.97358 0.0055
55445.71534 14.94318 0.00565
55445.72141 14.94169 0.00512
55445.72791 14.93512 0.00532
55445.73457 14.94432 0.00536
55445.74013 14.94263 0.00525
55445.7456 14.93348 0.0052
55445.75096 14.93255 0.00501
55445.75643 14.92331 0.00522
55445.76191 14.9319 0.00521
55445.76784 14.94016 0.00503
55445.7737 14.9343 0.00542
55445.779 14.93293 0.00506
55445.78479 14.93918 0.00524
55445.79025 14.93166 0.00496
55445.79613 14.9344 0.00498
55445.81095 14.93859 0.00521
55445.81845 14.92423 0.0046
55445.82455 14.9215 0.00504
55445.83024 14.91465 0.00479
55445.84021 14.95006 0.00535
55445.84549 14.92848 0.00487
55445.85174 14.91369 0.00459
55445.85762 14.91344 0.00467
55445.8636 14.90583 0.00476
55445.86963 14.92262 0.00472
55445.87567 14.91995 0.0048
55445.88207 14.95123 0.00533
55445.88844 14.91822 0.00482
55445.89432 14.88856 0.00518
55445.89983 14.91779 0.00489
55445.90668 14.90363 0.00488
55445.91299 14.90989 0.00446
55445.91722 14.91428 0.0049
55445.92351 14.91211 0.00531
55445.92915 14.93533 0.00469
55445.93496 14.92121 0.00469
55445.94048 14.91529 0.00482
55445.95216 14.91605 0.00512
55445.95886 14.91269 0.00496
55445.97191 14.92045 0.00481
55445.97872 14.91654 0.00478
55445.98437 14.91645 0.00459
55445.98972 14.92735 0.00536
55445.99581 14.92674 0.00498
55446.00245 14.91959 0.00539
55446.00827 14.92578 0.00487
55446.01324 14.94415 0.00528
55446.01787 14.97443 0.00525
55446.66046 15.00941 0.00681
55446.66501 15.00826 0.00661
55446.67089 15.0218 0.00591
55446.67601 15.02173 0.00555
55446.6814 15.00345 0.00615
55446.68915 15.00379 0.00596
55446.70044 14.99306 0.00576
55446.70781 14.99114 0.00543
55446.71375 14.98105 0.0053
55446.71998 14.99776 0.00491
55446.7269 14.96113 0.00523
55446.73768 14.9862 0.00521
55446.74263 14.95367 0.00539
55446.74841 14.95293 0.00473
55446.75986 14.94338 0.00495
55446.76487 14.94955 0.00528
55446.77004 14.94217 0.00522
55446.77518 14.93377 0.00502
55446.78018 14.95987 0.00483
55446.78654 14.95963 0.00515
55446.79243 14.96846 0.00489
55446.79818 14.96795 0.00518
55446.80822 14.95821 0.00549
55446.81336 14.93269 0.0053
55446.81934 14.92877 0.00502
55446.82569 14.93801 0.00531
55446.83186 14.93378 0.00487
55446.83803 14.94264 0.00481
55446.84316 14.92951 0.00485
55446.84946 14.92432 0.00515
55446.85529 14.96794 0.00654
55446.86132 14.91275 0.0056
55446.87321 14.94486 0.00492
55446.87945 14.93867 0.00536
55446.88583 14.91782 0.00908
55446.89176 14.92533 0.00503
55446.89901 14.95914 0.00505
55446.90569 14.91259 0.00493
55446.91293 14.91724 0.00497
55446.91958 14.94043 0.00468
55446.92538 14.95402 0.00525
55446.93113 14.94395 0.00514
55446.93686 14.94233 0.00525
55446.94237 14.93775 0.00479
55446.94842 14.9245 0.0055
55446.95451 14.93848 0.00528
55446.96034 14.92763 0.00456
55446.96641 14.92502 0.00496
55446.97287 14.93174 0.005
55446.97827 14.93367 0.00503
55446.98464 14.93778 0.00463
55446.99026 14.92202 0.00476
55446.99646 14.94458 0.00532
55447.00329 14.93683 0.0052
55448.00377 14.88546 0.00475
55448.65527 14.93948 0.00677
55448.70146 14.89971 0.00639
55449.82958 14.91963 0.00494
55449.87259 14.90552 0.005
55450.82585 14.9036 0.00512
55450.86998 14.90671 0.00457
55451.65338 14.95385 0.00887
55451.70095 14.93125 0.00755
55452.64792 14.9637 0.00659
55452.69243 14.93447 0.00529
55453.64519 14.9616 0.00655
55453.6895 14.93468 0.00554
55454.64058 14.97414 0.00687
55454.68793 14.83794 0.01019
55455.63923 14.98638 0.00742
55455.7154 14.94039 0.0061
55456.63346 14.99097 0.00732
55456.67702 14.95967 0.00614
55457.63067 15.02092 0.00754
55457.6732 14.98282 0.00672
55458.66069 15.00316 0.00696
55458.7057 14.93048 0.00662
55459.63016 14.95117 0.01066
55459.69034 14.97484 0.00798
55460.72453 14.99642 0.00702
55461.67649 15.01533 0.00812
55462.76573 15.02408 0.00915
55462.80848 15.03411 0.0097
55463.63005 15.03165 0.01263
55466.61784 14.97961 0.00787
55466.61959 14.97068 0.00712
55466.62134 14.94793 0.00709
55466.6231 14.94349 0.00693
55466.62486 14.95171 0.00665
55466.62661 14.93704 0.00643
55466.62943 14.93401 0.00638
55466.63143 14.94198 0.00657
55466.63348 14.95387 0.00708
55466.67604 15.00461 0.00846
55467.62749 14.95044 0.00732
55468.7394 14.96964 0.02159
55468.78277 14.96537 0.02151
55469.73472 14.985 0.03348
55469.80235 14.9951 0.03197
55470.77885 14.95005 0.04501
55470.82246 14.92691 0.0101
55471.77466 14.90913 0.00559
55472.62548 14.96165 0.00567
55472.66936 14.9171 0.00542
55477.66775 14.91967 0.00549
55477.71276 14.94553 0.00516
55478.62384 14.93108 0.00573
55478.66775 14.92827 0.00578
55479.61565 14.92833 0.00534
55479.65968 14.96727 0.00529
55480.61506 14.97387 0.00593
55480.65805 14.93387 0.0055
55481.61182 14.92375 0.00611
55481.69382 14.88803 0.00524
55482.61769 14.94617 0.00564
55482.66188 14.92574 0.00517
55482.67843 14.90228 0.00536
55483.61039 14.90084 0.0061
55483.66512 14.92598 0.0055
55484.66377 14.93773 0.00609
55484.70695 14.92154 0.00608
55485.61939 14.96085 0.00639
55485.66329 14.93538 0.00578
55486.61418 14.99308 0.00794
55486.658 15.0058 0.0158
55497.84041 14.92226 0.0069
55497.89223 14.95398 0.00676
55498.71756 14.9371 0.00947
55498.79 14.95142 0.01115
55499.59404 14.95293 0.00882
55499.63881 14.97441 0.00839
55501.66259 14.92563 0.00567
55501.75706 14.86821 0.00506
55502.72145 14.9383 0.00563
55502.82148 14.92552 0.00557
55503.77762 14.88607 0.00605
55503.8732 14.91608 0.00625
55504.82418 14.90616 0.00549
55504.91868 14.9715 0.00652
55506.68972 14.98304 0.01013
55506.73387 14.92117 0.0054
55507.81368 14.92138 0.00544
55507.89267 14.90866 0.00624
55513.658 14.93955 0.00572
55513.7418 14.93375 0.00542
55514.69377 14.93721 0.00569
55514.73749 14.93382 0.00618
55515.69951 14.9415 0.00578
55515.74236 14.92591 0.00601
55516.67238 14.99442 0.0067
55516.71654 14.95674 0.00624
55517.61497 15.00255 0.0069
55517.6584 15.01438 0.00695
55518.61481 15.01582 0.00744
55518.6578 15.01124 0.00774
55527.74242 14.98638 0.00626
55530.70615 14.9401 0.00702
55530.75072 14.94615 0.00896
55531.77418 14.96214 0.0075
55531.81743 14.96687 0.00916
55532.78408 14.97379 0.00598
55532.82836 14.99694 0.00668
55535.68432 14.94212 0.00752
55537.58157 15.01338 0.00833
55537.62557 14.94774 0.00676
55538.57995 14.95522 0.00588
55538.62381 14.94042 0.0055
55539.58012 14.94892 0.00616
55539.62283 14.96074 0.00616
55540.61811 14.94423 0.00573
55540.66215 14.95506 0.00541
55541.61644 14.96894 0.00644
55541.65945 14.97902 0.00781
55544.59603 14.99187 0.00616
55544.64191 14.97545 0.00634
55545.59598 14.98261 0.00882
55545.63939 14.98729 0.00807
55558.75663 14.97982 0.00646
55561.73304 14.97872 0.00653
55561.77682 14.98314 0.00776
55567.59621 14.95191 0.00787
55575.595 15.05114 0.00893
55577.59504 15.08665 0.00984
55577.63849 15.07255 0.01006
55579.61368 15.03874 0.00724
55579.65687 15.0579 0.00792
55580.66998 15.0724 0.00885
55580.71648 15.08182 0.01027
55583.61703 14.97438 0.00626
55583.66119 15.0061 0.00705
55584.63985 14.9695 0.00587
55584.68286 14.97421 0.00648
55586.61685 15.01851 0.00542
55586.66038 14.95931 0.00629
55588.66264 14.9919 0.00874
55588.70647 15.00583 0.00862
55722.89872 14.96195 0.00641
55723.91976 14.97217 0.00646
55723.9634 14.96708 0.0061
55730.87802 15.04794 0.01112
55730.92322 15.01299 0.00858
55733.86776 15.04135 0.00786
55733.91212 15.00202 0.00718
55750.83279 15.01556 0.00704
55750.87598 14.98853 0.00597
55753.86132 15.04769 0.00838
55756.93392 15.09595 0.00975
55759.84878 15.0743 0.00804
55759.89212 15.08132 0.0077
55762.79606 15.06269 0.00899
55762.8402 15.02478 0.00763
55766.7805 15.01032 0.00704
55766.83041 15.01855 0.00694
55768.77509 15.05862 0.00727
55768.82037 15.00586 0.00624
55769.80074 14.99978 0.00566
55769.84468 14.97894 0.00523
55770.78189 14.99207 0.00602
55770.82573 14.975 0.00569
55771.78074 14.9923 0.00626
55771.82449 14.97757 0.00551
55774.75968 15.0338 0.00686
55774.80363 14.9769 0.00596
55775.7599 15.00752 0.01419
55775.80332 15.00065 0.05
55779.7464 15.01444 0.00743
55779.79086 14.96379 0.0062
55780.74948 15.03474 0.00749
55780.79415 14.99578 0.00629
55782.7508 15.07809 0.00875
55782.7956 15.04538 0.00709
55783.7573 15.05983 0.00893
55783.80103 15.04908 0.00725
55784.74207 15.06728 0.00942
55789.73736 15.08193 0.01076
55789.78039 15.0998 0.00901
55790.73125 15.0896 0.00915
55790.77463 15.04395 0.00883
55791.73123 15.07973 0.00906
55791.77527 15.06194 0.00873
55793.74743 15.05285 0.00769
55793.79097 15.06326 0.00767
55794.75972 14.98409 0.00915
55794.81629 15.04217 0.00905
55809.66644 15.11122 0.00975
55809.7101 15.04225 0.0074
55811.66044 15.09322 0.00926
55811.7042 15.09918 0.00781
55812.65876 15.0901 0.01004
55812.70198 15.07082 0.00821
55813.66257 15.08158 0.00962
55813.70671 15.06134 0.00834
55818.70874 15.06511 0.01616
55820.63925 15.0773 0.00845
55821.63464 15.03593 0.0071
55822.63132 15.04388 0.0075
55822.67415 15.00508 0.00642
55823.62908 15.06322 0.00749
55823.67275 15.01215 0.00628
55824.62608 15.08273 0.00795
55824.6697 15.00648 0.00613
55838.61464 15.06336 0.00831
55838.65944 15.0309 0.00741
55842.61856 15.0836 0.01018
55842.66208 15.1042 0.00885
55843.61073 15.10615 0.01205
55843.65444 15.08661 0.01012
55844.60924 15.13202 0.01242
55844.65374 15.0766 0.01076
55849.60547 15.04526 0.01674
55849.65079 15.07309 0.00941
55850.60468 15.00613 0.00668
55850.64918 15.045 0.0065
55851.60318 15.03226 0.00642
55851.64641 14.97651 0.0061
55852.60416 14.99803 0.00683
55852.6481 14.99219 0.0064
55853.60163 15.0191 0.0071
55853.6463 14.97568 0.00632
55854.60164 15.01688 0.00735
55854.64607 14.98786 0.00623
55866.5884 15.05439 0.00762
55866.64679 15.02058 0.00624
55867.58757 15.04438 0.00803
55867.63053 14.99922 0.00689
55868.5865 15.05568 0.00771
55868.63002 14.99107 0.00679
55880.87841 15.05972 0.00802
55880.92255 15.08632 0.00898
55882.86968 15.03291 0.00741
55882.87146 15.0549 0.00727
55882.91495 15.07918 0.00857
55883.86679 15.017 0.00817
55883.91496 15.05628 0.01095
55887.63181 15.00022 0.00605
55887.68352 14.97803 0.00687
55888.8957 15.04385 0.01454
55889.80049 14.98108 0.00614
55889.84447 14.97724 0.0064
55891.57974 14.97994 0.00689
55891.6225 14.9842 0.00605
55893.58261 15.01682 0.00648
55893.62546 14.99569 0.00651
55894.58144 15.01894 0.01105
55894.62473 15.05012 0.0151
55896.58202 14.98333 0.00874
55898.82137 14.99962 0.00905
55898.86551 15.00073 0.00856
55899.80997 15.03208 0.01052
55902.58519 15.08596 0.01137
55902.64414 15.06843 0.01117
55903.58342 15.07061 0.01084
55903.62024 15.0794 0.00988
55904.58683 15.05671 0.01005
55906.58378 15.06757 0.00897
55906.64029 15.0377 0.00883
55916.59575 14.98911 0.01589
55916.64026 14.98656 0.00601
55922.6423 14.96961 0.00607
55923.59751 14.94591 0.00597
55923.64145 14.97787 0.00586
55924.60837 14.97225 0.00594
55925.59941 15.06579 0.00875
55925.67897 14.97962 0.00672
55926.58279 14.96827 0.00747
55926.62543 14.9739 0.00673
55930.58585 15.05424 0.01044
55930.62499 15.07224 0.00976
55931.58458 15.05252 0.00973
55931.62692 15.06899 0.0104
55932.62858 15.07307 0.00858
55936.60917 15.03405 0.00969
55936.65247 15.04895 0.00951
55937.58951 15.03761 0.01603
55939.64879 14.98802 0.00706
55939.6851 14.98774 0.00694
55940.59145 14.95393 0.01254
55940.64013 15.06799 0.01304
55943.69972 14.997 0.00685
55943.74446 14.9862 0.00729
55944.64379 14.99187 0.00649
55944.67224 14.97206 0.00675
55946.63797 15.06272 0.01034
55947.59349 14.99868 0.00819
55947.63713 15.10202 0.01006
55949.64923 15.02592 0.00901
55949.6924 15.02384 0.00973
55952.60617 14.98373 0.00635
55952.64932 15.00319 0.00659
55953.59751 14.9806 0.00748
55953.64127 15.00214 0.00641
55954.59787 14.98608 0.00945
55954.64157 14.98607 0.0082
55958.61566 15.0593 0.00861
55958.67117 15.07821 0.00866
55959.64574 15.09449 0.00935
55960.60205 15.06885 0.00957
55960.64497 15.01492 0.00946
55962.61935 15.07185 0.00835
55962.69096 15.06679 0.01133
56060.97134 15.04749 0.00806
56061.96903 15.06691 0.00804
56063.96519 15.05744 0.00857
56065.96588 14.99552 0.0089
56066.96916 15.02668 0.00737
56067.96802 15.01922 0.00796
56070.97101 15.00083 0.00771
56071.95528 15.01382 0.00758
56075.93073 15.0396 0.00779
56075.96117 15.03155 0.0073
56076.96161 15.01804 0.00687
56077.97941 15.07008 0.01136
56078.92335 15.00091 0.00725
56078.95394 14.96345 0.00682
56079.91957 15.02853 0.00817
56079.94994 14.98024 0.00703
56079.97946 15.05466 0.01135
56081.9528 15.07386 0.01134
56085.9055 15.05821 0.01238
56085.9361 15.01963 0.01074
56085.9661 15.06042 0.00909
56086.9317 15.05648 0.00851
56086.96186 15.03615 0.00792
56087.95118 15.00154 0.00732
56088.93216 15.01883 0.00751
56088.96298 15.03477 0.00727
56089.90743 15.04828 0.00791
56089.9375 15.02462 0.00729
56090.89626 15.01002 0.00873
56091.93224 14.99726 0.00731
56091.96189 14.99299 0.00701
56092.88532 14.99218 0.00716
56092.91513 14.99257 0.00661
56092.94551 15.02901 0.00623
56093.88544 14.95503 0.00799
56093.91605 14.97688 0.00658
56093.95942 14.98485 0.00619
56094.8793 15.02184 0.0081
56094.90895 15.01601 0.00678
56094.93794 14.95501 0.00662
56095.89413 14.97764 0.00707
56095.92394 14.96071 0.007
56095.95378 14.97175 0.00689
56096.8846 15.01075 0.00745
56096.91464 14.96881 0.00661
56096.94475 14.93912 0.00645
56097.87211 14.93474 0.01017
56097.90204 14.94575 0.00609
56099.86796 14.97182 0.00657
56099.8979 14.96136 0.00575
56099.92867 14.95493 0.0054
56100.87134 14.99848 0.00671
56100.9014 14.96021 0.00621
56100.93113 14.96626 0.00609
56101.86099 14.97914 0.00715
56101.89166 14.98963 0.00619
56101.92164 14.95568 0.00602
56102.85884 14.99221 0.00695
56102.88948 14.98731 0.00622
56102.91975 14.96212 0.00595
56103.85688 14.97608 0.00766
56103.89198 14.97644 0.00668
56103.92203 14.96906 0.00575
56104.86298 14.97963 0.00706
56104.89266 14.96611 0.00624
56104.92258 14.96608 0.00607
56105.87772 14.97192 0.00615
56105.90846 14.96883 0.00657
56105.93782 14.95207 0.00619
56106.84826 14.98876 0.00657
56106.87859 14.97194 0.0062
56106.90907 14.95257 0.00567
56107.84497 15.02325 0.00874
56107.87579 14.99457 0.00618
56107.90655 14.94336 0.00595
56108.86703 15.02388 0.00903
56108.89669 14.97247 0.00647
56108.92686 14.95066 0.00547
56109.93363 15.00264 0.00686
56110.86774 15.10017 0.0099
56110.89782 15.07418 0.00906
56110.92786 15.05157 0.00833
56111.86949 15.05994 0.01085
56111.91431 15.05296 0.01009
56111.94457 15.04632 0.00899
56113.8878 15.07054 0.00972
56113.96218 15.05588 0.00856
56114.92357 15.07304 0.00832
56114.95378 15.08425 0.00813
56115.85803 15.02441 0.00988
56115.88797 15.05599 0.00838
56115.9179 15.01853 0.00771
56116.90131 15.02207 0.00738
56116.93261 15.03012 0.00748
56116.96078 15.04874 0.00718
56117.86349 15.05948 0.00848
56117.89333 15.03477 0.00802
56117.92405 15.05413 0.00747
56118.82762 15.05299 0.00952
56118.85812 15.05829 0.00847
56118.8884 15.02259 0.00823
56119.81535 15.01871 0.01312
56120.95573 15.0515 0.01606
56122.80682 15.05976 0.01138
56123.80269 14.98235 0.00725
56123.8333 14.98527 0.00606
56123.86323 14.95951 0.00595
56124.8239 14.9605 0.00697
56124.85579 14.92144 0.00719
56124.90647 14.94007 0.00623
56125.83541 14.95641 0.00594
56125.8655 14.95732 0.00599
56125.89611 14.9565 0.00542
56126.79674 15.02748 0.00909
56126.85662 15.03269 0.01221
56127.81162 15.06767 0.03591
56127.84219 14.92668 0.02012
56127.87262 14.99846 0.00782
56128.79045 14.99936 0.00835
56128.8202 14.97081 0.00618
56128.8509 14.95314 0.00604
56129.81763 14.98237 0.00675
56129.84839 14.96132 0.00653
56130.78415 15.01577 0.00761
56130.81619 15.00494 0.0067
56130.84603 14.99882 0.01024
56131.81956 14.98622 0.00667
56131.84966 14.96887 0.00646
56131.87991 14.96795 0.00623
56132.81342 14.96667 0.00661
56132.85526 14.93329 0.00622
56133.77702 15.02744 0.00652
56133.80732 14.97078 0.00623
56133.83817 14.961 0.00552
56135.77548 14.9967 0.00729
56135.80558 14.9679 0.00561
56135.8357 14.91124 0.00457
56136.78168 15.02859 0.0068
56136.81139 14.97835 0.00609
56136.84105 14.95299 0.00535
56137.77719 15.03632 0.00772
56137.84943 15.07516 0.01136
56143.75013 15.05154 0.01181
56143.77946 15.09895 0.00998
56143.81202 15.10695 0.00901
56144.79078 15.06334 0.00849
56144.82138 15.05942 0.00797
56145.74531 15.10679 0.0131
56145.77477 15.05791 0.01175
56145.80436 15.10311 0.01009
56146.74205 15.09778 0.01266
56146.77217 15.0938 0.01011
56146.83591 15.0304 0.00906
56147.75046 15.04872 0.00727
56147.78019 15.07502 0.00801
56147.81614 15.05497 0.00757
56148.73743 15.0184 0.00632
56148.76798 14.99305 0.00615
56148.79928 15.02722 0.00705
56151.84315 14.93837 0.00542
56151.87618 14.95433 0.00494
56151.91621 14.95844 0.00516
56164.86055 14.96294 0.00464
56164.89061 14.94828 0.00529
56164.92052 14.9356 0.00518
56165.82275 14.97701 0.00534
56165.85221 14.96033 0.00492
56165.88255 14.94089 0.00477
56166.78411 14.99399 0.0063
56166.82415 14.96061 0.00603
56166.85436 14.96132 0.00577
56167.76082 15.05129 0.00688
56167.79008 14.99761 0.00677
56167.82893 14.98488 0.00629
56168.73084 15.05512 0.00863
56168.76135 15.07083 0.00768
56168.79094 15.03635 0.00766
56169.70528 15.08914 0.01176
56169.73488 15.07852 0.01128
56169.78208 15.08347 0.0105
56170.73648 15.09673 0.01157
56176.66101 15.02911 0.00818
56176.74473 15.03902 0.00768
56176.77537 15.05879 0.00724
56177.67775 14.98786 0.00631
56177.71467 14.98174 0.00574
56177.7448 14.9812 0.006
56178.65701 15.0307 0.00699
56178.7245 14.99129 0.00871
56178.75548 14.9791 0.00564
56189.71737 14.98345 0.00574
56189.74707 14.97309 0.00552
56194.65274 15.06586 0.00747
56194.68156 15.05511 0.00679
56194.73072 15.00471 0.00621
56195.63238 15.05914 0.00843
56195.68489 15.04858 0.00722
56195.74387 15.01146 0.00667
56196.64868 15.07946 0.00777
56196.67925 15.06864 0.00752
56196.70945 15.04783 0.00732
56197.62224 15.07384 0.01086
56197.65122 15.06293 0.00995
56197.68048 15.08773 0.00874
56198.63271 15.13566 0.01129
56198.66294 15.09094 0.01072
56198.69225 15.09903 0.01023
56202.61563 15.1068 0.01584
56202.64754 15.09453 0.01116
56202.70169 15.08031 0.00956
56207.71676 15.05924 0.01173
56207.74712 15.1466 0.01879
56207.82773 15.08785 0.01572
56224.66207 15.02386 0.00776
56224.69182 15.01354 0.00902
56225.74851 15.02347 0.00703
56225.84088 15.03383 0.00697
56226.75858 15.01606 0.01091
56227.72154 15.00794 0.00919
56227.75148 15.05504 0.00898
56228.67316 15.07832 0.00846
56228.71 15.08433 0.0081
56229.61202 15.08371 0.0106
56229.68338 15.10238 0.00994
56230.64599 15.06833 0.01071
56230.73676 15.07101 0.00969
56231.86041 15.08482 0.00911
56232.82116 15.03258 0.00737
56233.75399 15.01494 0.00905
56233.78371 15.08935 0.01193
56234.68453 15.00117 0.00605
56234.71313 15.00405 0.00613
56235.61461 15.00575 0.00642
56235.64419 14.98966 0.00524
56236.58514 15.01805 0.00688
56236.61561 14.98015 0.00545
56237.58477 15.01914 0.00678
56237.61509 15.01225 0.00537
56238.58334 14.99471 0.00708
56238.61531 14.98357 0.00574
56239.58294 15.0399 0.00681
56239.61141 14.98671 0.00633
56251.83071 14.98891 0.00599
56251.86073 14.98926 0.00569
56252.58576 15.01644 0.00719
56252.60631 15.04495 0.00669
56252.62487 15.01304 0.00684
56252.64555 14.9969 0.0063
56252.66096 15.01146 0.00658
56252.69879 14.99168 0.00597
56252.71706 14.98846 0.00598
56252.73499 14.98494 0.006
56252.75258 14.9983 0.00643
56252.76856 15.01091 0.0066
56252.78929 15.03253 0.00685
56252.80517 15.04181 0.00702
56252.821 15.02519 0.00682
56252.83831 15.01301 0.00663
56252.85634 15.00022 0.00711
56253.58621 15.02244 0.00692
56253.60335 15.00809 0.00677
56253.62054 15.03539 0.00607
56253.63682 15.01305 0.00673
56253.6539 15.05007 0.00652
56253.6721 15.03835 0.00636
56253.70902 15.02956 0.00666
56253.76637 15.03238 0.00754
56253.78832 14.99374 0.00685
56253.8078 15.04961 0.00703
56253.82956 15.04409 0.00682
56253.85372 15.04532 0.0073
56254.74613 15.00222 0.00657
56254.77889 15.01538 0.00703
56255.68248 15.01507 0.00728
56255.7252 15.0287 0.00732
56256.6557 15.04393 0.00814
56265.629 14.96862 0.00754
56265.6592 14.97814 0.00835
56267.58751 14.95758 0.00667
56267.61751 14.95932 0.00669
56268.59364 14.96554 0.00507
56268.62314 14.95086 0.00513
56269.58319 14.95895 0.00542
56269.58435 14.95985 0.00571
56269.58546 14.94538 0.00534
56269.58657 14.95002 0.00513
56269.58771 14.95962 0.00499
56269.58893 14.94843 0.00504
56269.59006 14.95288 0.00496
56269.59133 14.95251 0.00534
56269.59245 14.96601 0.00521
56269.59364 14.96113 0.00538
56269.59478 14.94378 0.00512
56269.596 14.96951 0.0053
56269.59713 14.9581 0.00518
56269.59843 14.95797 0.00509
56269.59956 14.95088 0.0048
56269.60977 14.97224 0.00538
56269.61093 14.96797 0.0053
56269.6121 14.95124 0.00517
56269.61321 14.95723 0.0054
56269.61434 14.93394 0.00496
56269.61547 14.93439 0.00542
56269.61659 14.94111 0.00509
56269.61773 14.94008 0.00513
56269.61884 14.95313 0.0049
56269.61995 14.94758 0.00515
56269.62115 14.93974 0.00534
56269.6223 14.95282 0.00523
56269.62343 14.95319 0.00536
56269.62457 14.95686 0.005
56269.62569 14.95947 0.00527
56269.62688 14.94543 0.00512
56269.628 14.93666 0.00503
56269.6375 14.95694 0.00535
56269.63881 14.93884 0.00547
56269.64001 14.94205 0.00522
56269.64114 14.94529 0.00523
56269.64226 14.95774 0.00477
56269.64337 14.93871 0.00532
56269.6445 14.95119 0.00491
56269.64562 14.93858 0.00542
56269.64675 14.94879 0.00513
56269.64789 14.9461 0.00537
56269.64905 14.93589 0.00505
56269.65017 14.95364 0.00547
56269.65129 14.94806 0.00483
56269.65247 14.95096 0.00509
56269.65359 14.94382 0.00539
56269.65698 14.94428 0.00573
56269.66055 14.94806 0.00522
56269.66167 14.94957 0.00512
56269.66279 14.92415 0.0052
56269.66393 14.93513 0.00539
56269.66595 14.94669 0.00528
56269.66717 14.95955 0.00555
56269.66829 14.95235 0.00487
56269.66952 14.94085 0.0055
56269.67064 14.95021 0.00488
56269.67184 14.95235 0.00509
56269.673 14.95341 0.00527
56269.67412 14.94799 0.00579
56269.67533 14.94473 0.00517
56269.67646 14.95623 0.00532
56269.6776 14.94046 0.00556
56269.67883 14.94615 0.00542
56269.67997 14.95517 0.00509
56269.6812 14.95604 0.0051
56269.68232 14.94899 0.00521
56269.68343 14.94136 0.00522
56269.68473 14.95812 0.00544
56269.68592 14.951 0.00542
56269.68705 14.93752 0.0054
56269.68816 14.94453 0.00545
56269.68929 14.93697 0.00496
56269.69041 14.95758 0.00523
56269.69157 14.94044 0.00526
56269.69269 14.94557 0.005
56269.69383 14.94068 0.00529
56269.69496 14.9459 0.00507
56269.69608 14.94221 0.00517
56269.69898 14.95547 0.00583
56269.70011 14.96982 0.00522
56269.70126 14.93979 0.00549
56269.70241 14.95552 0.00534
56269.70357 14.95729 0.00534
56269.70468 14.95086 0.00529
56269.70581 14.94641 0.00565
56269.70705 14.95298 0.00519
56269.70816 14.94998 0.0053
56269.70937 14.94912 0.00526
56269.7105 14.94642 0.00576
56269.71167 14.96583 0.00521
56269.7128 14.95263 0.00543
56269.71403 14.93024 0.00524
56269.71516 14.94376 0.00516
56269.7163 14.94747 0.00497
56269.72641 14.95745 0.0054
56269.72763 14.95256 0.00561
56269.72875 14.95772 0.0056
56269.72987 14.96015 0.0052
56269.731 14.96476 0.00508
56269.73213 14.95001 0.00508
56269.73326 14.96507 0.00519
56269.73438 14.94395 0.00521
56269.73557 14.96837 0.00525
56269.73682 14.96648 0.00527
56269.73796 14.95279 0.00546
56269.73911 14.91103 0.00506
56269.74036 14.94574 0.00534
56269.74147 14.96501 0.00555
56269.74272 14.95601 0.00486
56269.74391 14.95946 0.00496
56269.74502 14.95142 0.00518
56269.7462 14.96513 0.00544
56269.74734 14.95489 0.00532
56269.74846 14.96721 0.00525
56269.74961 14.96077 0.00548
56269.75074 14.9601 0.00521
56269.75201 14.96422 0.00501
56269.75316 14.95843 0.00526
56269.75429 14.95979 0.00546
56269.75553 14.9567 0.00523
56269.75665 14.96155 0.00523
56269.75779 14.95525 0.00531
56269.75895 14.93754 0.00488
56269.76008 14.95471 0.00508
56269.76123 14.95984 0.00525
56269.76235 14.95515 0.00522
56269.76348 14.9534 0.00509
56269.76459 14.95127 0.00522
56269.76573 14.95403 0.00499
56269.78036 14.97469 0.00533
56269.78151 14.96464 0.00557
56269.78271 14.9764 0.00525
56269.78391 14.97259 0.00519
56269.78511 14.95989 0.00515
56269.78751 14.96187 0.00519
56269.78876 14.96401 0.00593
56269.78989 14.95958 0.00539
56269.79108 14.95493 0.00581
56269.79227 14.96476 0.00535
56269.79356 14.95979 0.00558
56269.79478 14.96163 0.00529
56269.7959 14.96896 0.00572
56269.79701 14.97228 0.00581
56269.79816 14.97701 0.00576
56269.79928 14.97628 0.0058
56269.80041 14.98265 0.00541
56269.80156 14.96945 0.00543
56269.80276 14.98739 0.0055
56269.80404 14.96419 0.00542
56269.80517 14.98244 0.00583
56269.80638 14.98144 0.00569
56269.80752 14.98428 0.00567
56269.80866 14.95484 0.00531
56270.57931 14.9635 0.00575
56270.58058 14.96175 0.00583
56270.58188 14.95278 0.00576
56270.58305 14.95354 0.00611
56270.58429 14.94242 0.00611
56270.58556 14.93583 0.00505
56270.58671 14.95378 0.00559
56270.58798 14.943 0.00591
56270.58926 14.96191 0.00547
56270.59051 14.95596 0.00566
56270.59176 14.94055 0.00575
56270.59301 14.95364 0.00601
56270.59588 14.93766 0.00596
56270.59719 14.94494 0.00565
56270.59846 14.94455 0.00562
56270.59973 14.93836 0.00585
56270.60101 14.95012 0.00538
56270.60229 14.93511 0.00577
56270.60361 14.94236 0.00575
56270.60484 14.93169 0.00532
56270.60617 14.94814 0.00598
56270.60733 14.94383 0.00586
56270.60868 14.94693 0.00652
56270.60993 14.95655 0.00584
56270.61121 14.95412 0.00591
56270.61244 14.92064 0.0053
56270.61368 14.94073 0.00566
56270.61481 14.9364 0.00553
56270.61593 14.9351 0.00595
56270.61713 14.94023 0.00551
56270.61835 14.94324 0.00558
56270.61963 14.94998 0.00584
56270.62082 14.935 0.00567
56270.62212 14.94463 0.00567
56270.62324 14.94977 0.00589
56270.62438 14.9381 0.00588
56270.6255 14.94212 0.00605
56270.62668 14.93604 0.00547
56270.62781 14.93366 0.0059
56270.62895 14.93863 0.00566
56270.63017 14.95731 0.00534
56270.6313 14.94002 0.00641
56270.63259 14.93645 0.0058
56270.63372 14.93468 0.00621
56270.63484 14.94496 0.00568
56270.64581 14.95642 0.00632
56270.64713 14.94313 0.006
56270.64825 14.93651 0.00608
56270.6495 14.95284 0.006
56270.65082 14.94046 0.00591
56270.65222 14.93959 0.00605
56270.65336 14.9469 0.00558
56270.6545 14.9495 0.00559
56270.65562 14.93989 0.00604
56270.65697 14.93871 0.00539
56270.65832 14.93569 0.00625
56270.65959 14.94964 0.00609
56270.66092 14.93921 0.00545
56270.66217 14.94203 0.00559
56270.66351 14.93914 0.00594
56270.66477 14.945 0.00545
56270.67891 14.95698 0.00584
56270.68008 14.92483 0.00563
56270.68122 14.95839 0.00552
56270.68243 14.94066 0.00581
56270.68382 14.94719 0.0055
56270.68508 14.94223 0.00555
56270.68653 14.95298 0.00572
56270.68784 14.94997 0.00561
56270.68912 14.92638 0.00556
56270.69114 14.93112 0.00548
56270.69232 14.92859 0.00617
56270.69365 14.94152 0.00592
56270.6948 14.93333 0.00586
56270.69617 14.94695 0.00573
56270.69746 14.94152 0.00573
56270.6986 14.93902 0.0056
56270.6999 14.94294 0.00545
56270.70121 14.95094 0.00545
56270.70235 14.93013 0.00529
56270.70349 14.94701 0.00553
56270.70482 14.95096 0.00542
56270.70613 14.93878 0.006
56270.70726 14.94144 0.0059
56270.7086 14.93673 0.00565
56270.70972 14.93295 0.00574
56270.71103 14.95004 0.00552
56270.71235 14.93836 0.0057
56270.71347 14.9472 0.00616
56270.71481 14.94085 0.00572
56270.71608 14.95144 0.00606
56270.71722 14.94048 0.00551
56270.71853 14.94164 0.00588
56270.71967 14.94439 0.00543
56270.72098 14.93975 0.00555
56270.72302 14.94986 0.00522
56270.72439 14.94523 0.0056
56270.72553 14.94309 0.00581
56270.72665 14.93873 0.00529
56270.72793 14.93476 0.00556
56270.72927 14.93858 0.00564
56270.73043 14.94958 0.00565
56270.73161 14.9401 0.00594
56270.73292 14.94013 0.00533
56270.73506 14.95112 0.00584
56270.73622 14.93502 0.00534
56270.73753 14.94461 0.00526
56270.73887 14.93791 0.00531
56270.74001 14.94551 0.00538
56270.74126 14.94236 0.00508
56270.7424 14.94824 0.00536
56270.74369 14.93378 0.0054
56270.74498 14.93612 0.00545
56270.74609 14.93535 0.00574
56270.74744 14.94027 0.00604
56270.7486 14.94296 0.00528
56270.74995 14.92875 0.00543
56270.75121 14.95848 0.00576
56270.75241 14.95253 0.00539
56270.75372 14.94837 0.00566
56270.75502 14.9365 0.00544
56270.75706 14.95478 0.00542
56270.75826 14.95151 0.00535
56270.75948 14.94712 0.00542
56270.76078 14.95047 0.00538
56270.76208 14.95763 0.00511
56270.77223 14.97723 0.00567
56270.77464 14.94822 0.00586
56270.77775 14.95017 0.00558
56270.77887 14.95403 0.00611
56270.78012 14.94959 0.00622
56270.78147 14.94695 0.00535
56270.78273 14.93892 0.00559
56270.784 14.96284 0.00538
56270.78526 14.94429 0.00586
56270.78661 14.95461 0.00509
56270.78776 14.95127 0.0054
56270.7891 14.94875 0.00553
56270.79021 14.93991 0.00613
56270.79151 14.95057 0.00574
56270.7928 14.95608 0.00575
56270.79391 14.94611 0.00592
56270.79508 14.9512 0.0056
56270.79619 14.94221 0.00578
56270.7975 14.94709 0.00564
56270.79862 14.95305 0.00586
56270.79991 14.95161 0.00571
56270.80111 14.95152 0.00533
56270.80249 14.94057 0.00623
56270.80509 14.95455 0.00625
56270.80715 14.95012 0.00571
56270.80837 14.95622 0.00569
56270.80963 14.95008 0.00633
56271.71236 14.97273 0.00552
56271.74462 14.95372 0.00597
56272.64495 14.9556 0.00534
56272.7082 14.9592 0.00596
56273.60993 14.96656 0.00562
56273.63946 14.96851 0.00568
56281.58737 14.96255 0.00666
56281.61668 14.95664 0.00741
56282.58095 15.00725 0.00639
56282.61036 14.99494 0.00666
56282.62819 14.98268 0.00673
56297.58897 14.94121 0.00555
56297.59019 14.94421 0.00542
56297.5937 14.94531 0.00567
56297.59722 14.95706 0.00548
56297.59904 14.95143 0.00526
56297.60164 14.95905 0.00551
56297.60284 14.95475 0.00553
56297.6053 14.94954 0.00523
56297.61734 14.95367 0.00554
56297.61965 14.94731 0.00584
56297.62198 14.96145 0.00554
56297.62474 14.94418 0.00546
56297.62597 14.94077 0.00571
56297.62818 14.93974 0.00585
56297.63051 14.94824 0.00579
56297.63246 14.94246 0.00541
56297.6337 14.93972 0.00538
56297.63597 14.93291 0.00532
56297.63722 14.95255 0.0053
56297.63944 14.93313 0.00562
56297.64162 14.93535 0.00545
56297.64281 14.95304 0.00544
56297.64393 14.94857 0.00537
56297.64612 14.93158 0.00559
56297.64742 14.94889 0.00545
56297.64964 14.94546 0.00551
56297.65084 14.91634 0.00567
56297.65434 14.93537 0.0054
56297.65811 14.94316 0.00527
56297.65988 14.93316 0.00588
56297.66121 14.93963 0.00536
56297.66483 14.93222 0.0052
56297.66714 14.94551 0.00581
56297.67315 14.94211 0.00543
56297.67547 14.94308 0.00537
56297.67675 14.93589 0.00547
56297.67954 14.93966 0.00543
56297.68076 14.94319 0.00593
56297.6819 14.95221 0.00571
56297.68325 14.9536 0.00563
56297.68541 14.94293 0.00568
56297.68786 14.93652 0.00602
56297.69171 14.95266 0.00569
56297.69635 14.93643 0.00548
56297.69767 14.92986 0.00571
56297.70113 14.9436 0.00585
56297.70743 14.95872 0.00604
56297.71084 14.95618 0.00574
56297.71401 14.96981 0.00598
56297.71668 14.95475 0.00593
56297.7179 14.95584 0.00583
56297.72049 14.95173 0.0058
56297.72327 14.95303 0.00604
56297.72448 14.95164 0.00566
56297.72584 14.95137 0.00569
56297.72772 14.93947 0.00565
56297.72894 14.93947 0.00569
56297.74317 14.96297 0.00585
56297.74683 14.96926 0.00597
56297.74996 14.99185 0.00607
56297.75123 14.96151 0.00628
56297.75493 14.98421 0.00599
56297.75709 14.98358 0.00622
56297.7583 14.97634 0.00623
56297.76047 14.96914 0.00596
56297.76167 14.96388 0.00663
56297.76388 14.96529 0.00664
56297.76506 14.98676 0.00642
56297.76834 14.9639 0.00652
56297.77069 15.00745 0.00661
56297.77185 14.98141 0.00633
56297.77383 15.00435 0.00678
56297.79199 15.01531 0.00712
56297.79318 15.0318 0.00747
56297.79645 15.0061 0.00761
56297.79838 15.01802 0.00704
56297.79953 15.02264 0.0077
56297.80077 15.01906 0.00755
56297.80192 15.01446 0.00728
56297.80312 15.02382 0.00751
56297.80437 15.01163 0.00762
56297.80564 15.0071 0.00785
56297.80864 15.03427 0.00764
56298.58895 15.0227 0.01769
56298.59013 15.04845 0.01856
56298.61595 14.99954 0.0148
56298.61811 15.01875 0.01681
56298.62047 15.00063 0.01745
56298.62426 14.98575 0.01889
56298.62643 15.03121 0.01805
56298.63098 15.02677 0.01782
56298.63219 15.01359 0.01676
56298.63473 15.04902 0.01681
56298.63687 15.00109 0.01887
56298.63807 15.04731 0.01783
56298.63935 15.01052 0.01693
56298.64364 14.97745 0.01634
56298.64578 14.9918 0.01548
56298.64695 15.01715 0.01608
56298.6481 14.99511 0.01588
56298.65082 14.98489 0.01402
56298.65294 14.98837 0.01783
56298.65509 14.99371 0.01593
56298.65745 15.02194 0.01671
56298.65865 14.97924 0.01597
56298.66081 14.98437 0.01537
56298.66198 14.98727 0.01629
56298.66411 14.9726 0.01793
56298.66639 14.9788 0.01575
56298.6699 14.98589 0.01584
56298.68256 15.03101 0.01711
56298.68492 15.03756 0.01869
56301.59099 14.95648 0.00589
56302.62153 15.00927 0.01285
56305.59416 14.94852 0.00627
56305.62276 14.93132 0.00657
56307.60089 14.93307 0.00799
56307.63151 14.94664 0.00563
56308.60019 14.9261 0.00663
56308.63015 14.94734 0.00706
56310.60466 14.96226 0.0067
56310.63503 14.93909 0.00692
56311.59823 14.96985 0.00627
56311.62777 14.95297 0.00686
56313.60478 15.00275 0.00691
56313.63593 14.98331 0.00684
56314.61498 15.01929 0.00685
56314.64504 14.98119 0.00759
56322.60046 14.93487 0.00761
56322.63022 14.93501 0.00617
56323.59943 14.95513 0.00592
56323.60059 14.93674 0.0059
56323.60172 14.95112 0.0057
56323.60284 14.93204 0.00594
56323.60396 14.94844 0.00542
56323.60508 14.93602 0.0054
56323.60621 14.93235 0.00552
56323.60734 14.92616 0.00576
56323.60846 14.93613 0.00534
56323.60959 14.91758 0.00563
56323.61071 14.94525 0.00507
56323.61183 14.95127 0.00576
56323.61297 14.91519 0.00543
56323.61409 14.93999 0.00537
56323.61521 14.92037 0.00502
56323.61635 14.94474 0.00526
56323.61747 14.93873 0.00563
56323.61859 14.94481 0.00521
56323.61971 14.93779 0.00544
56323.62085 14.93122 0.00537
56323.62197 14.9295 0.00574
56323.62309 14.92872 0.00536
56323.62423 14.9468 0.00532
56323.62535 14.95269 0.0057
56323.62647 14.94364 0.00565
56323.62759 14.93626 0.00556
56323.62872 14.93999 0.00542
56323.62985 14.9358 0.00548
56323.63097 14.95211 0.00537
56323.6321 14.94408 0.00555
56323.63322 14.93673 0.0059
56323.63435 14.93451 0.0052
56323.63549 14.94125 0.00531
56323.63661 14.93467 0.00517
56323.63773 14.9323 0.00557
56323.63887 14.94036 0.00548
56323.63999 14.9427 0.00556
56323.64112 14.93381 0.00582
56323.64225 14.9253 0.00594
56323.64338 14.93323 0.00565
56323.6445 14.9418 0.00561
56323.64676 14.93732 0.00559
56323.64789 14.93777 0.0055
56323.64902 14.9534 0.0059
56323.65014 14.93404 0.0056
56323.65127 14.93509 0.00565
56323.6524 14.93808 0.00589
56323.65352 14.94428 0.00594
56323.65465 14.92648 0.00558
56323.65577 14.93908 0.00556
56323.65691 14.94718 0.00553
56323.65803 14.9415 0.00559
56323.65917 14.95278 0.00566
56323.66029 14.93909 0.00563
56323.66142 14.94059 0.00561
56323.66255 14.94426 0.00629
56323.66367 14.95023 0.00579
56323.6648 14.95281 0.0057
56323.66594 14.93731 0.00558
56323.66706 14.94076 0.00546
56323.66819 14.93286 0.00626
56323.66932 14.93011 0.00626
56323.67045 14.93091 0.00648
56323.67158 14.94443 0.00588
56323.67271 14.92215 0.00584
56323.67384 14.9345 0.00559
56323.67496 14.94067 0.00611
56323.67613 14.93864 0.00608
56323.67725 14.93078 0.00641
56323.67838 14.93589 0.00641
56323.67951 14.93043 0.00586
56323.68065 14.92253 0.00629
56323.68177 14.9387 0.0063
56323.6829 14.93399 0.00661
56323.68402 14.95144 0.00622
56323.68516 14.93395 0.00657
56323.68628 14.95128 0.0065
56323.68742 14.94753 0.00605
56323.68855 14.96158 0.00632
56323.68967 14.9335 0.00625
56323.69081 14.9434 0.00641
56323.69194 14.95962 0.00632
56323.69306 14.94927 0.00621
56323.6942 14.92602 0.00715
56323.69532 14.94267 0.0067
56323.69644 14.93789 0.00686
56323.69758 14.92796 0.0072
56323.6987 14.94394 0.00711
56323.69982 14.96663 0.00735
56323.70094 14.97161 0.00732
56323.70208 14.94788 0.00702
56323.7032 14.97075 0.00718
56323.70434 14.97274 0.00746
56323.70546 14.97789 0.0078
56323.70659 14.96086 0.00716
56323.70772 14.96972 0.00845
56323.70887 14.96111 0.00734
56323.71001 14.9437 0.00907
56323.71114 14.97654 0.00765
56323.71226 14.98492 0.00792
56323.7134 14.99419 0.00843
56323.71453 14.95481 0.00902
56323.71565 14.9872 0.00847
56323.71679 14.96377 0.01001
56323.71791 14.96925 0.00923
56323.71905 14.95834 0.00864
56323.72017 14.97873 0.01001
56323.7213 14.94758 0.01057
56323.72242 14.98869 0.00979
56323.72356 14.99283 0.00972
56323.72468 15.00018 0.00952
56323.72582 14.98938 0.01112
56323.72695 14.99002 0.0097
56323.72808 14.97368 0.01041
56323.72921 14.99804 0.01019
56323.73034 14.98717 0.01025
56323.73146 14.9591 0.01084
56323.73259 14.99696 0.01
56323.73372 15.00267 0.01005
56323.73485 14.96785 0.01024
56324.6344 14.92381 0.00647
56324.67356 14.94229 0.00611
56328.60109 14.95737 0.00645
56328.63041 14.94885 0.00583
56329.6158 15.00651 0.00845
56330.60568 14.96531 0.00626
56330.63442 14.94226 0.00601
56336.60557 14.98836 0.00654
56336.6347 14.97425 0.00684
56337.61678 14.96656 0.00606
56337.646 14.98403 0.00614
56339.61462 14.97841 0.01148
56339.64973 14.9442 0.01327
56340.62168 14.99914 0.00716
56340.65261 14.99173 0.00797
56341.63432 15.03136 0.00777
56342.61542 14.9901 0.00838
56342.64414 15.0323 0.01154
56431.98143 15.01645 0.01035
56432.97832 15.01676 0.00897
56433.97522 15.00274 0.00713
56434.97306 14.98819 0.00632
56440.95678 15.03341 0.0101
56441.9545 14.92491 0.00952
56442.95121 14.99817 0.00769
56443.94843 14.95799 0.00694
56444.94545 15.01426 0.00835
56446.9404 14.95708 0.00612
56446.9746 15.02829 0.00733
56447.93827 14.93821 0.00574
56447.97245 14.97523 0.00685
56448.93551 14.93798 0.0057
56448.97043 14.96318 0.00633
56449.9322 14.91842 0.00554
56449.96744 14.94963 0.00557
56450.93056 14.91989 0.00548
56450.96471 14.94374 0.00585
56451.92757 14.92643 0.00629
56451.96268 14.9256 0.00603
56452.92487 14.93104 0.00532
56452.95905 14.94517 0.00529
56453.9223 14.9373 0.00617
56453.95718 14.92984 0.00703
56454.91904 14.93828 0.0065
56454.9531 14.93944 0.00561
56455.91706 14.93934 0.01317
56455.95123 14.93923 0.00992
56456.91361 14.92489 0.00522
56456.94859 14.91306 0.00521
56457.91086 14.93353 0.00635
56457.9457 14.92472 0.00531
56458.90893 14.93363 0.00554
56458.94334 14.9064 0.0057
56459.90596 14.94511 0.00613
56459.94092 14.91985 0.0051
56460.9034 14.91591 0.00552
56460.93791 14.93344 0.00575
56461.90107 14.9323 0.00578
56461.93811 14.91573 0.00539
56462.89824 14.929 0.00578
56462.93439 14.8885 0.0064
56463.89576 14.99321 0.00734
56463.93218 14.92098 0.00514
56469.87982 14.98979 0.00733
56469.91685 14.99001 0.00713
56471.87375 15.01694 0.01322
56471.91001 15.00361 0.01366
56473.90477 15.01968 0.00918
56475.86334 14.96206 0.00802
56475.9008 14.97175 0.00785
56476.86102 14.94105 0.01496
56476.89765 15.0259 0.01442
56485.83631 14.9286 0.01005
56486.83403 14.93095 0.00584
56486.87106 14.92728 0.00526
56488.83006 14.93107 0.00604
56488.86647 14.9289 0.00574
56489.82698 14.94514 0.00638
56489.86366 14.93425 0.00632
56491.8581 15.01525 0.01164
56502.79167 14.95475 0.00894
56502.82864 14.97212 0.00938
56503.78903 14.94576 0.00608
56503.82769 14.94516 0.00603
56504.82017 14.88531 0.00725
56504.86992 14.92731 0.00569
56504.90811 14.91318 0.00522
56505.81768 14.89161 0.00595
56505.9509 14.93184 0.00565
56505.98842 14.94354 0.00641
56506.89349 14.92323 0.0109
56507.80198 14.93058 0.00554
56507.84712 14.91405 0.00493
56507.99891 14.91971 0.0056
56508.90167 14.90555 0.00477
56509.79634 14.89674 0.00525
56509.83877 14.91978 0.00469
56510.8262 14.91953 0.00529
56511.79111 14.91063 0.00637
56511.84089 14.8874 0.00654
56512.78788 14.91718 0.00508
56512.82519 14.91348 0.0053
56513.78624 14.91317 0.00572
56513.82352 14.92374 0.00512
56514.7834 14.91262 0.00588
56514.82081 14.90718 0.00532
56515.78106 14.92396 0.00534
56515.82231 14.89582 0.0049
56516.77774 14.89803 0.00672
56516.81437 14.91421 0.00632
56517.77605 14.91645 0.00515
56517.81715 14.90836 0.00525
56517.97309 14.8764 0.00508
56518.87478 14.88807 0.00466
56518.96686 14.87288 0.00531
56519.00311 14.89657 0.0051
56519.90443 14.89281 0.00475
56519.96504 14.8949 0.0049
56520.00171 14.90412 0.00494
56520.90327 14.89064 0.00469
56520.95521 14.8862 0.00465
56520.99262 14.89602 0.00482
56521.89446 14.89923 0.00512
56521.95772 14.90036 0.00499
56521.99393 14.90895 0.00524
56528.72198 15.0101 0.01142
56528.87422 14.99069 0.00967
56529.90241 14.97185 0.0105
56529.93849 14.97101 0.00954
56529.97462 14.98328 0.00994
56532.71221 14.92724 0.0075
56532.85928 14.91858 0.00705
56532.89645 14.90819 0.0075
56533.79895 14.91998 0.00545
56533.93493 14.90976 0.0064
56533.97228 14.9506 0.00651
56537.84525 14.87886 0.0051
56537.9874 14.88066 0.00521
56539.69386 14.94328 0.00603
56539.88447 14.88143 0.00538
56539.9215 14.89645 0.00577
56540.97669 14.89001 0.00619
56541.6883 14.92883 0.00907
56542.96698 14.88275 0.00753
56543.00294 14.88846 0.00793
56543.90463 14.87105 0.0056
56543.97085 14.89131 0.00506
56544.00787 14.90124 0.00521
56546.67441 14.93737 0.00616
56546.75907 14.94764 0.0445
56546.94639 14.85275 0.00473
56547.84788 14.88568 0.00489
56548.0057 14.89239 0.0049
56548.66959 14.96268 0.00705
56548.70582 14.92633 0.0065
56548.74172 14.91037 0.00588
56549.66591 14.98489 0.00675
56549.70273 14.92376 0.00641
56549.73967 14.94286 0.00607
56550.66388 14.99583 0.00825
56550.6994 14.97414 0.00712
56550.73216 14.93512 0.00632
56551.66063 15.00752 0.00828
56551.72202 14.95672 0.00724
56551.75862 14.93424 0.00661
56552.66117 14.99639 0.00919
56552.71291 14.97532 0.00794
56552.74635 14.96733 0.00725
56561.66061 14.89709 0.00572
56561.89034 14.88035 0.00641
56561.92356 14.883 0.00676
56562.93459 14.91582 0.00594
56563.02169 14.91646 0.00693
56563.6524 14.9193 0.00552
56563.6893 14.91256 0.00515
56563.77494 14.90008 0.0049
56564.72602 14.91719 0.00576
56564.99301 14.90868 0.0055
56565.02672 14.93558 0.00684
56565.92832 14.90102 0.0052
56565.98151 14.91237 0.00539
56566.01544 14.93255 0.00593
56566.91724 14.88706 0.00482
56566.96287 14.91135 0.00496
56566.99591 14.93144 0.00536
56567.8986 14.90232 0.00519
56567.96702 14.89552 0.00509
56568.00039 14.90048 0.00535
56568.90245 14.87592 0.00554
56568.96343 14.89758 0.00534
56568.99843 14.88002 0.00603
56569.90084 14.88383 0.00534
56569.99803 14.89629 0.00588
56570.03082 14.92121 0.00692
56571.62526 14.90667 0.00715
56571.69052 14.88999 0.00647
56571.72419 14.8814 0.00766
56572.62632 14.95135 0.01237
56572.66032 14.92288 0.0096
56572.69287 14.92423 0.01007
56573.61429 14.93081 0.00575
56573.64765 14.92911 0.00532
56573.77817 14.88937 0.00527
56576.83948 14.91118 0.00515
56577.00541 14.96694 0.00622
56577.60601 14.98159 0.00733
56577.63144 14.96342 0.00654
56577.77306 14.93328 0.00553
56578.67217 14.95397 0.00632
56578.69674 14.93114 0.00647
56578.75347 14.92952 0.00592
56579.73584 14.92289 0.00588
56579.85963 14.94102 0.00606
56579.88516 14.92678 0.00572
56580.7875 14.97315 0.00637
56580.8553 14.96343 0.0069
56580.88022 14.99621 0.00715
56581.78167 14.96779 0.0089
56581.83883 14.96273 0.00777
56581.86464 14.98077 0.00829
56587.62864 14.94091 0.00527
56587.78993 14.9662 0.00581
56587.81475 14.96968 0.00651
56589.79481 14.93103 0.00579
56589.81959 14.94105 0.00553
56589.84642 14.93328 0.00585
56590.76387 14.9204 0.00504
56590.8749 14.94661 0.00524
56590.89969 14.92911 0.00589
56591.86057 14.92662 0.00833
56591.88508 14.92617 0.00976
56592.81972 14.92011 0.00573
56592.91348 14.96348 0.00564
56592.93852 14.94969 0.006
56596.59731 14.93383 0.0059
56596.81771 14.9046 0.00599
56596.84238 14.94413 0.00581
56597.74425 14.90634 0.00656
56597.82393 14.93172 0.0061
56597.84943 14.91712 0.00619
56598.75163 14.92266 0.00551
56598.82179 14.90843 0.0062
56598.84855 14.9335 0.00605
56599.75014 14.9149 0.00542
56599.79577 14.90603 0.00554
56599.82112 14.92578 0.00553
56600.77441 14.90901 0.00496
56600.8753 14.92226 0.00533
56602.59024 14.91463 0.00643
56602.75501 14.86116 0.00982
56602.78065 14.89534 0.00819
56603.68227 14.89442 0.00634
56603.74296 14.92408 0.00682
56603.81581 14.89721 0.00599
56604.73691 14.9166 0.02018
56604.92616 14.94772 0.02326
56605.64733 14.92496 0.00543
56605.67213 14.91847 0.00523
56606.60932 14.94912 0.01213
56606.64241 14.98439 0.01414
56607.82225 14.89451 0.00666
56607.84927 14.904 0.00555
56608.75086 14.91542 0.00638
56608.81398 14.92937 0.0071
56608.84048 14.97545 0.00845
56609.8617 14.96885 0.00782
56609.88847 14.97491 0.00833
56621.79766 14.87766 0.00587
56622.58588 14.90396 0.00724
56623.58717 14.87566 0.00859
56624.57999 14.88948 0.00576
56624.60429 14.87169 0.00529
56625.70494 14.87674 0.00628
56625.74386 14.88597 0.00668
56626.64578 14.88983 0.00499
56626.67007 14.87609 0.00495
56628.73144 14.8914 0.00537
56628.76212 14.86885 0.00641
56637.58042 14.94553 0.01162
56637.60549 14.939 0.01185
56639.58002 14.95457 0.00715
56639.60438 14.94247 0.00751
56640.58279 14.95138 0.00705
56640.61699 14.92195 0.00809
56648.58277 14.88194 0.00639
56648.61266 14.86066 0.00626
56649.60387 14.83103 0.02044
56650.58762 14.8737 0.00849
56653.58621 14.82885 0.01019
56653.61955 14.84175 0.00992
56658.58519 14.88541 0.00668
56658.62914 14.87144 0.00589
56659.58605 14.87446 0.00608
56659.61086 14.86216 0.00522
56660.58569 14.8618 0.00751
56660.61029 14.84642 0.00686
56662.58587 14.86387 0.00932
56662.61038 14.84553 0.00939
56663.59143 14.84394 0.00541
56663.6171 14.85864 0.0055
56664.58594 14.96537 0.01359
56664.6104 14.93143 0.01279
56668.61177 14.95741 0.00691
56669.61423 14.97342 0.00998
56675.5969 14.83837 0.00783
56675.6459 14.92128 0.00866
56676.59181 14.83858 0.00567
56676.61781 14.8875 0.00535
56677.60718 14.95351 0.01191
56678.61458 14.86111 0.00521
56678.64019 14.84952 0.00539
56680.60724 14.86317 0.00596
56683.59693 14.85833 0.00564
56683.63252 14.85883 0.00581
56685.59847 14.94311 0.01567
56686.63379 14.96153 0.0092
56687.59886 14.89001 0.00948
56687.64144 14.86212 0.00791
56690.60286 14.86977 0.00696
56690.64549 14.87396 0.00702
56697.60505 14.88672 0.00694
56699.60928 14.90708 0.00732
56816.96412 14.90598 0.00589
56816.97531 14.97211 0.00714
56818.96227 14.89828 0.005
56818.97512 14.98777 0.00667
56819.96647 14.93599 0.00693
56819.97765 14.94488 0.00802
56820.96625 15.01721 0.00786
56820.97769 15.02832 0.00927
56822.96143 14.96643 0.00763
56823.96094 14.9633 0.00751
56823.97346 15.01976 0.00805
56824.96428 14.95381 0.00673
56824.97573 14.97237 0.00715
56825.96455 14.93282 0.00654
56825.97592 14.96991 0.00833
56826.96127 14.91637 0.0065
56826.97472 14.97663 0.00805
56828.9654 14.93752 0.00582
56828.97804 15.0188 0.00775
56829.96383 14.92591 0.00574
56829.97653 14.97542 0.00707
56830.96102 14.88275 0.00517
56830.97338 14.89829 0.00573
56831.96161 14.90386 0.00522
56831.97427 14.91872 0.00547
56833.96568 14.90506 0.0054
56833.97644 14.9408 0.00632
56835.96569 14.89858 0.00586
56835.97723 14.92198 0.00696
56836.96625 14.91239 0.00578
56836.97711 14.92739 0.00702
56837.96638 14.90474 0.00528
56837.98211 15.02291 0.00782
56838.96389 14.88474 0.00594
56838.9786 14.94745 0.00699
56839.96511 14.89773 0.00539
56839.97834 14.91669 0.00667
56840.96951 14.89701 0.00694
56840.98137 14.93804 0.00839
56841.96857 14.90528 0.00523
56841.98075 14.94089 0.00719
56844.96636 14.9094 0.00736
56844.97887 14.89676 0.00831
56845.96726 14.89659 0.0052
56845.98002 14.9268 0.00584
56846.96666 14.89838 0.0055
56846.98115 14.9079 0.00618
56847.96648 14.89544 0.00538
56847.98151 14.92922 0.00575
56848.96743 14.90235 0.00558
56848.98312 14.92967 0.00619
56849.96813 14.92903 0.0075
56849.98235 14.94876 0.00672
56850.96941 15.0016 0.0097
56850.98368 15.00655 0.00983
56851.97048 14.99461 0.00732
56854.96165 14.9452 0.00833
56854.98771 14.94191 0.00759
56855.96071 14.9202 0.00589
56855.98393 14.9296 0.0061
56856.96087 14.989 0.01
56856.98328 14.9361 0.00846
56858.96243 14.89331 0.00795
56858.98507 14.91772 0.007
56859.96515 14.88024 0.00553
56859.98697 14.90914 0.00596
56861.96231 14.86765 0.00624
56861.98508 14.87196 0.00592
56862.9659 14.90658 0.00542
56862.98227 14.89001 0.0057
56863.94981 14.87105 0.00559
56864.94576 14.90266 0.00811
56864.96947 14.90619 0.00873
56865.92975 14.88248 0.00835
56865.96089 14.86611 0.00607
56867.98799 14.87572 0.00627
56868.96536 14.89041 0.00598
56868.98567 14.88722 0.0059
56869.96092 14.88839 0.00627
56869.98231 14.89023 0.0066
56870.96467 14.8678 0.00817
56870.98635 14.87001 0.00681
56874.97428 14.87367 0.00659
56874.99622 14.90011 0.00628
56875.98151 14.88179 0.00627
56875.99752 14.88987 0.0057
56876.91773 14.86644 0.00551
56876.94717 14.87098 0.00515
56877.9745 14.8948 0.00517
56877.9957 14.88325 0.00512
56878.00741 14.94479 0.00738
56878.9086 14.92772 0.00744
56878.93847 14.92619 0.00739
56879.92838 14.92313 0.00804
56879.95816 14.96135 0.00838
56880.95792 14.98494 0.02547
56883.9421 14.9379 0.00724
56883.98158 14.96843 0.00704
56884.99956 14.93116 0.00653
56885.96448 14.9017 0.00585
56885.98159 14.91497 0.00618
56886.91453 14.91185 0.00592
56886.94264 14.92175 0.00589
56887.91623 14.8732 0.00587
56887.94902 14.88308 0.00631
56888.86519 14.89121 0.00479
56888.89905 14.87414 0.00514
56888.91008 14.87787 0.00518
56888.94196 14.8738 0.00548
56890.94091 14.87362 0.00798
56890.97479 14.88689 0.00656
56895.83087 14.88898 0.00984
56895.86667 14.90377 0.00668
56972.71463 14.85839 0.00555
56972.73749 14.86456 0.00538
56978.74407 14.86923 0.00872
56978.79927 14.88994 0.01088
56979.72374 14.87221 0.00738
56980.71766 14.85681 0.00577
56980.83416 14.85565 0.00568
56981.71538 14.85852 0.00516
56981.77818 14.85575 0.00527
56984.71333 14.83713 0.00871
56984.78092 14.93588 0.00921
56986.72544 14.87955 0.00561
56986.79095 14.85394 0.00649
56987.70535 14.85787 0.00568
56987.76948 14.87015 0.00588
56988.66321 14.87293 0.00629
56989.60286 14.86704 0.00566
56989.66828 14.88827 0.00548
56990.59847 14.89669 0.00568
56990.66232 14.892 0.00564
57000.62591 14.86243 0.00558
57000.65668 14.91025 0.00669
57001.60725 14.8459 0.00512
57001.63454 14.84565 0.00547
57011.62365 14.85149 0.00586
57011.65019 14.84861 0.0055
57014.60229 14.84481 0.00568
57014.62433 14.84626 0.00571
57015.60026 14.86571 0.00568
57015.6199 14.86279 0.00555
57018.60146 14.86825 0.00605
57018.62586 14.86127 0.00607
57019.59637 14.85228 0.00638
57019.61004 14.89446 0.00614
57030.59868 14.88196 0.00701
57037.60179 14.87965 0.00614
57039.60447 14.885 0.0057
57040.60372 14.89529 0.00593
57040.65327 14.88599 0.00688
57041.64649 14.86657 0.00545
57042.59979 14.87505 0.00595
57042.64647 14.88179 0.00605
57043.60053 14.87928 0.00545
57043.64542 14.89609 0.00597
57044.59961 14.94505 0.00949
57044.64222 14.91506 0.01144
57046.59907 14.89832 0.00627
57046.64082 14.86088 0.00746
57047.65127 14.87969 0.00631
57047.65361 14.88021 0.00621
57059.60766 14.89713 0.00641
57059.61723 14.89378 0.00653
57063.60738 14.94457 0.00597
57063.61933 14.92959 0.00642
57064.61072 14.90883 0.00675
57064.62756 14.91204 0.007
57065.60805 14.92422 0.00795
57065.62471 14.9362 0.00724
57066.6433 14.9429 0.00913
57067.60784 14.9501 0.00695
57067.62545 14.94069 0.00736
57069.61019 14.94789 0.00696
57069.6409 14.93774 0.00696
57070.61078 14.98072 0.00734
57070.6277 14.95104 0.00786
57071.61023 14.95881 0.00685
57071.6267 14.95401 0.00652
57089.61859 14.98476 0.0095
57089.62798 15.00598 0.00892
57091.62051 14.98722 0.00953
57091.62877 14.98804 0.00978
57180.95646 14.96159 0.00926
57185.96692 14.93852 0.00708
57187.96362 14.88227 0.00711
57188.93765 14.87852 0.00698
57188.96808 14.91188 0.00697
57189.95594 14.87304 0.00679
57190.94422 14.86931 0.00888
57190.9766 14.95941 0.01248
57191.9217 14.87126 0.0093
57191.95614 14.87528 0.00818
57192.94672 14.87541 0.00622
57192.97846 14.9751 0.00933
57193.93573 14.85588 0.00896
57193.96862 14.8676 0.00956
57194.94374 14.87077 0.00922
57194.97431 14.90556 0.01004
57195.94595 14.88071 0.00876
57195.97546 14.9353 0.01059
57196.92539 14.93482 0.00935
57196.97637 14.97804 0.00984
57197.91796 14.88439 0.00801
57197.96971 14.87203 0.0081
57198.93165 14.89767 0.0082
57198.96479 14.91358 0.00834
57199.9472 14.93602 0.00972
57207.98422 14.97946 0.01055
57208.90735 14.96757 0.00801
57208.94607 14.9412 0.00788
57209.93937 14.96356 0.00793
57209.97959 14.97212 0.00749
57210.9363 14.90372 0.00713
57210.97519 14.90394 0.00707
57211.94997 14.89417 0.00632
57211.98409 14.93421 0.008
57212.9376 14.91684 0.0078
57212.97329 14.89628 0.00833
57214.96163 14.9078 0.00711
57216.93262 14.90334 0.00597
57216.97994 14.89405 0.0063
57218.92712 14.89017 0.00633
57218.977 14.88728 0.00587
57219.94247 14.86513 0.0061
57219.97077 14.87435 0.00614
57220.92305 14.90788 0.00586
57220.98129 14.91385 0.00626
57225.95176 14.85908 0.00715
57226.95332 14.8538 0.00556
57227.93417 14.86544 0.00561
57227.97035 14.86464 0.00572
57231.91879 14.89313 0.00598
57231.96902 14.87293 0.00533
57232.8829 14.96187 0.00709
57232.9489 14.90815 0.00643
57237.93379 14.91002 0.00749
57237.98326 14.93007 0.00675
57238.91268 14.89205 0.00605
57238.96563 14.92665 0.00631
57239.93796 14.87746 0.00567
57239.98313 14.87451 0.00615
57240.95317 14.86497 0.00728
57241.93368 14.87279 0.00591
57242.93933 14.8548 0.00632
57242.98523 14.85636 0.00584
57244.91131 14.86669 0.00566
57244.96611 14.85496 0.00535
57245.87591 14.84499 0.00489
57245.91376 14.84829 0.00486
57246.89995 14.87065 0.01874
57246.93423 14.84135 0.01984
57247.92574 14.87059 0.0077
57247.95614 14.85988 0.00719
57248.84393 14.85293 0.00585
57248.8782 14.86228 0.00548
57249.88436 14.86182 0.00632
57249.9163 14.85291 0.00623
57250.88236 14.86696 0.00564
57250.92114 14.87283 0.00539
57251.8693 14.86838 0.00567
57251.91419 14.84836 0.00586
57267.9816 14.9566 0.00784
57554.97044 14.98055 0.00635
57555.93989 14.93525 0.00645
57555.96363 14.95335 0.00628
57564.94449 15.01063 0.00994
57564.95195 15.00953 0.01126
57565.94418 14.98002 0.00881
57567.951 14.96719 0.00924
57567.97572 15.02962 0.00929
57568.92119 14.97139 0.00806
57568.97479 14.98843 0.00848
57569.92685 14.95465 0.00727
57570.93954 14.96342 0.00686
57571.91515 14.93865 0.00816
57571.96845 14.95774 0.00801
57572.94 14.97275 0.00969
57572.961 14.96763 0.00972
57573.95955 14.95159 0.0067
57574.96997 14.93497 0.00702
57575.96076 14.95352 0.01524
57576.95096 14.95866 0.00758
57577.97714 14.96227 0.00749
57578.93031 14.94309 0.00687
57578.9597 14.95619 0.00714
57579.93833 14.9606 0.00874
57579.96636 14.94901 0.00968
57580.94991 14.94477 0.00956
57580.97641 14.98464 0.01
57581.93908 14.94003 0.01208
57581.96061 14.9239 0.01115
57582.96612 14.93316 0.00563
57583.93612 14.95689 0.00548
57583.97225 14.95142 0.00568
57584.92871 14.9752 0.00598
57584.97404 14.96813 0.0058
57585.92275 14.97824 0.00665
57585.96134 14.96259 0.0068
57586.91575 15.02057 0.00841
57592.99636 15.03786 0.00932
57595.9848 15.0228 0.0074
57596.95384 15.00014 0.00665
57596.98786 15.00783 0.00684
57597.93735 14.99008 0.00991
57597.9794 14.98653 0.00881
57598.9281 14.98251 0.00761
57598.97263 14.956 0.00701
57599.94579 14.97407 0.00777
57600.96483 14.96934 0.00987
57601.9531 14.97335 0.00785
57601.99102 14.97707 0.00783
57602.95616 14.9427 0.00781
57602.99208 14.95676 0.00634
57603.95654 14.95745 0.00918
57603.99274 14.95844 0.00921
57604.96148 14.95896 0.00619
57604.99535 14.96624 0.00652
57605.93926 14.93536 0.00518
57605.97693 14.93201 0.00566
57606.94732 14.93785 0.00524
57606.99101 14.97083 0.00515
57607.92659 14.95191 0.00521
57607.97806 14.9546 0.00557
57608.92515 14.94762 0.0065
57608.96585 14.9555 0.00638
57609.94301 14.95501 0.00771
57610.89516 14.95428 0.00661
57610.92695 14.96088 0.00557
57611.90199 14.95446 0.00562
57611.93252 14.95488 0.00548
57612.88937 14.95526 0.00591
57612.93148 14.95429 0.00572
57613.84046 15.01696 0.00711
57613.87193 14.95744 0.00603
57613.90353 14.9587 0.0058
57614.96436 14.9407 0.00539
57614.99496 14.94454 0.00607
57615.90761 15.01983 0.00715
57615.95637 14.96244 0.00542
57625.94454 14.98766 0.00666
