#mjd mag magerr
55061.92501 18.16299 0.01946
55061.95573 18.0958 0.01787
55063.91987 18.1431 0.01905
55063.9639 18.08852 0.01912
55064.92128 18.0813 0.0202
55064.9656 18.12762 0.02063
55066.91014 18.13022 0.02029
55066.95474 18.11423 0.0188
55067.91649 18.14387 0.02728
55067.96099 18.13445 0.02677
55069.90324 18.13061 0.01809
55069.94786 18.11979 0.01842
55080.87449 18.1444 0.04126
55080.95988 18.25323 0.05507
55084.86328 18.08761 0.02552
55087.85609 18.09234 0.01962
55087.90101 18.11017 0.01985
55088.96983 18.10217 0.01995
55089.01521 18.11154 0.02139
55089.94574 18.12369 0.02117
55089.99042 18.14247 0.02139
55093.83741 18.13075 0.01821
55093.88196 18.10787 0.01799
55096.8292 18.17124 0.01989
55097.00858 18.10636 0.02328
55104.99862 18.11236 0.02521
55107.79764 18.1074 0.03834
55114.88125 18.07455 0.02139
55114.92522 18.04511 0.05161
55119.89538 18.16158 0.02101
55119.95365 18.1154 0.02206
55123.75696 18.13511 0.01872
55123.81523 18.11081 0.01887
55126.97957 18.09824 0.02638
55127.83329 18.06814 0.02035
55127.87706 18.12851 0.02166
55135.82555 18.19569 0.0407
55135.86926 18.08138 0.04128
55138.71472 18.19701 0.04536
55138.75871 18.11324 0.04749
55142.7036 18.06457 0.02054
55142.75219 18.08602 0.02505
55144.77886 18.08376 0.02075
55144.82305 18.1684 0.02284
55151.72943 18.12554 0.02191
55151.77257 18.0901 0.02017
55166.70473 18.10198 0.03673
55166.74897 18.12898 0.04365
55168.63378 18.13571 0.03425
55168.6775 18.17344 0.0343
55175.61224 18.1004 0.01886
55175.65684 18.13278 0.01843
55181.59421 18.18693 0.03061
55181.63825 18.09669 0.02467
55183.59204 18.10949 0.03189
55183.64253 18.13652 0.02099
55189.58054 18.14309 0.0266
55189.62557 18.11414 0.02246
55194.59026 18.13397 0.04205
55199.58559 18.13254 0.01983
55201.58642 18.10461 0.05341
55202.58667 18.08998 0.02688
55203.71441 18.0868 0.02519
55203.75743 18.08613 0.02716
55207.63092 18.08082 0.02325
55207.67514 18.10576 0.02029
55209.5968 18.09216 0.01702
55209.64149 18.09394 0.01765
55213.63312 18.11724 0.03324
55213.6798 18.06469 0.0345
55377.85123 18.1559 0.04026
55377.89535 18.11182 0.03312
55378.90615 18.18286 0.04438
55379.8591 18.11333 0.03078
55379.92482 18.03831 0.02335
55380.87684 18.16756 0.03711
55380.92078 18.15387 0.03015
55381.89606 18.11888 0.02326
55381.93934 18.13144 0.02274
55384.82671 18.09615 0.02068
55384.87028 18.09393 0.02028
55385.87021 18.08813 0.01864
55385.91339 18.06642 0.0169
55386.86524 18.13436 0.02094
55386.90867 18.09816 0.01898
55387.87002 18.08072 0.02042
55387.91342 18.0783 0.01841
55388.86609 18.21327 0.02597
55388.91005 18.13154 0.01874
55390.80957 18.09016 0.0267
55390.85393 18.14838 0.02324
55391.80613 18.11315 0.02923
55391.87538 18.12693 0.02078
55392.83258 18.09599 0.02277
55392.87538 18.09785 0.01935
55394.79908 18.10322 0.02448
55394.8431 18.08843 0.0194
55395.79551 18.1556 0.03223
55395.84215 18.12154 0.02181
55396.79527 18.09287 0.03041
55396.83932 18.08982 0.01962
55397.79163 18.06295 0.03537
55397.83526 18.08443 0.02423
55398.78764 18.11061 0.03711
55398.83124 18.12827 0.02674
55399.78802 18.04622 0.03783
55399.83261 18.10296 0.03224
55400.78534 18.14779 0.04098
55400.8289 18.09078 0.03093
55401.78133 18.07996 0.05208
55401.82518 18.10617 0.04156
55402.77979 18.08901 0.05618
55402.8246 18.09257 0.04662
55403.77642 18.08816 0.07144
55403.81973 18.10865 0.04807
55404.77424 18.17782 0.04923
55404.84266 18.05702 0.03592
55405.8416 18.22492 0.04183
55407.7691 18.14568 0.04819
55407.83003 18.13979 0.04124
55408.78389 18.14273 0.07063
55411.79896 18.17326 0.03489
55412.75232 18.13907 0.03923
55412.79539 18.08188 0.03357
55413.75577 18.11415 0.04582
55413.79945 18.01859 0.03655
55414.75161 18.08162 0.05574
55414.79555 18.06727 0.02999
55415.75266 18.17394 0.04248
55415.79727 18.19217 0.05038
55416.75096 18.12634 0.04383
55416.79342 18.10337 0.035
55417.75979 18.11272 0.04611
55417.84511 18.16065 0.04024
55418.79843 18.18235 0.04115
55418.84121 18.10176 0.03108
55419.75121 18.08334 0.0537
55419.79504 18.14145 0.03178
55420.78929 18.17195 0.04889
55420.83264 18.09637 0.03148
55421.73664 18.12256 0.024
55421.79901 18.09611 0.01803
55422.75115 18.09178 0.02327
55422.79487 18.10614 0.0203
55423.74742 18.09973 0.0229
55423.79284 18.11887 0.0193
55424.75349 18.05808 0.02819
55424.80178 18.08636 0.02104
55425.76166 18.13379 0.02681
55425.80573 18.10109 0.01878
55426.80123 18.06973 0.02594
55426.8444 18.10503 0.01926
55427.79708 18.13634 0.02325
55427.8408 18.13492 0.02048
55428.79281 18.1145 0.02489
55428.83703 18.12967 0.0233
55429.8142 18.12959 0.02516
55429.85716 18.14581 0.02259
55430.75769 18.04488 0.03239
55430.80485 18.08248 0.02692
55431.75639 18.20795 0.03418
55431.80024 18.13753 0.03177
55432.73907 18.02654 0.04226
55432.78359 18.1378 0.03964
55433.70425 18.15213 0.06446
55433.7493 18.06224 0.05293
55434.69401 18.23442 0.06476
55434.73769 18.12184 0.04843
55435.69148 18.20787 0.05726
55436.88575 18.15034 0.03317
55436.88891 18.08967 0.03253
55436.8919 18.16364 0.03491
55436.89501 18.04942 0.03231
55436.89797 18.17126 0.03523
55436.90109 18.1054 0.0346
55436.9042 18.08728 0.03347
55436.90728 18.16554 0.03623
55436.91041 18.16514 0.03541
55436.91351 18.12004 0.03409
55436.91641 18.14588 0.0372
55436.91931 18.11336 0.03523
55436.92221 18.21996 0.03431
55436.92514 18.16195 0.03681
55436.92806 18.12621 0.0361
55436.93096 18.0619 0.03425
55436.93413 18.15609 0.03771
55436.93703 18.05581 0.03448
55436.93974 18.15259 0.03367
55436.94297 18.0976 0.03467
55436.94613 18.09638 0.0344
55436.94915 18.11009 0.03483
55436.95231 18.06652 0.03375
55436.9553 18.17624 0.03529
55436.95826 18.11276 0.03239
55436.96116 18.09102 0.03432
55436.96403 18.06618 0.03291
55436.96671 18.09144 0.03285
55438.88857 18.16663 0.03119
55438.89169 18.10525 0.03073
55438.89485 18.18055 0.02749
55438.89798 18.12568 0.02865
55438.90086 18.14811 0.02816
55438.90371 18.14021 0.02752
55438.9065 18.13271 0.02915
55438.90927 18.17317 0.02843
55438.91204 18.11433 0.0271
55438.91487 18.14448 0.02902
55438.91763 18.10876 0.02755
55438.92084 18.11788 0.03188
55438.92394 18.08853 0.03214
55438.92672 18.14106 0.03236
55438.92954 18.12334 0.03294
55438.93259 18.11713 0.03378
55438.93551 18.12448 0.03143
55438.93833 18.10203 0.03204
55438.94106 18.11378 0.03185
55438.94411 18.2021 0.03292
55438.94678 18.2119 0.03426
55438.95017 18.09845 0.03209
55438.95913 18.13488 0.03085
55438.96141 18.14897 0.03223
55440.87507 18.16663 0.02224
55440.87823 18.12464 0.02051
55440.88428 18.10314 0.01977
55440.88675 18.1343 0.02053
55440.8894 18.09656 0.02012
55440.89205 18.16373 0.02113
55440.89518 18.14062 0.0199
55440.89832 18.10819 0.02084
55440.90145 18.13455 0.02072
55440.90439 18.14281 0.02139
55440.90729 18.10758 0.02135
55440.91025 18.09239 0.02048
55440.91316 18.1321 0.02126
55440.91591 18.12625 0.02225
55440.9187 18.11893 0.02095
55440.92149 18.11685 0.02058
55440.92426 18.11621 0.021
55440.93095 18.07419 0.02104
55440.93364 18.17592 0.02072
55440.93623 18.16139 0.02102
55440.9395 18.09891 0.02143
55440.94264 18.14775 0.02053
55440.94582 18.17398 0.02216
55440.94883 18.10911 0.02148
55440.95182 18.0855 0.02158
55440.95489 18.14051 0.0207
55440.95791 18.09037 0.02134
55441.87301 18.10038 0.01852
55441.87592 18.09557 0.0177
55441.88645 18.12652 0.01811
55441.88962 18.10873 0.01823
55441.89254 18.09679 0.01802
55441.89542 18.10093 0.01865
55441.89828 18.11703 0.0178
55441.90107 18.12581 0.01786
55441.9037 18.09311 0.01789
55441.90634 18.12903 0.01784
55441.90906 18.11573 0.01765
55441.9118 18.08972 0.01777
55441.91445 18.11871 0.01761
55441.91722 18.12259 0.01782
55441.91981 18.16358 0.01997
55441.92242 18.08299 0.01891
55441.92546 18.13776 0.01855
55441.9281 18.11169 0.01844
55441.93183 18.12538 0.01851
55441.93458 18.11063 0.01813
55441.93727 18.12536 0.01886
55441.94048 18.0974 0.0178
55441.94326 18.07884 0.01825
55441.94546 18.08644 0.01807
55441.94852 18.1062 0.01849
55441.95194 18.11036 0.01836
55441.95469 18.1029 0.01795
55441.95786 18.09408 0.01785
55441.96081 18.15077 0.01913
55441.96392 18.14303 0.01905
55441.96715 18.09494 0.01752
55441.97012 18.12983 0.01886
55441.97294 18.08956 0.0179
55441.97532 18.13811 0.0184
55441.97757 18.09045 0.01892
55441.9798 18.06339 0.01876
55441.9835 18.098 0.01832
55441.9863 18.13831 0.0193
55441.98852 18.1334 0.01961
55441.99078 18.08928 0.0187
55441.99382 18.12874 0.01914
55442.00593 18.1466 0.02023
55442.00906 18.14079 0.021
55442.01216 18.09442 0.02136
55442.01486 18.12419 0.02417
55442.01753 18.10693 0.02826
55442.02001 18.11087 0.03078
55442.02226 18.15872 0.0403
55442.70382 18.09759 0.02131
55442.70734 18.11224 0.02034
55442.71097 18.09893 0.02094
55442.71448 18.10726 0.02076
55442.71808 18.13336 0.02009
55442.72168 18.10646 0.01908
55442.72527 18.11532 0.01897
55442.73272 18.06499 0.01953
55442.74184 18.12802 0.01919
55442.74882 18.09436 0.01808
55442.75572 18.10568 0.01898
55442.76147 18.12023 0.01827
55442.76615 18.09123 0.01825
55442.77616 18.12071 0.01867
55442.78135 18.1098 0.01818
55442.78615 18.10792 0.01709
55442.79145 18.08443 0.01676
55442.79615 18.0841 0.01724
55442.80186 18.11763 0.01736
55442.8093 18.09879 0.01702
55442.81443 18.10628 0.01658
55442.81939 18.12487 0.0174
55442.82447 18.11706 0.01707
55442.8293 18.07645 0.01675
55442.83541 18.09556 0.01647
55442.84012 18.07263 0.01713
55442.84597 18.10084 0.0171
55442.85112 18.08512 0.0176
55442.85657 18.11799 0.01717
55442.86387 18.12082 0.01786
55442.87002 18.09728 0.01752
55442.87503 18.12671 0.01738
55442.88048 18.10367 0.01646
55442.88617 18.10978 0.01721
55442.89221 18.08761 0.0172
55442.89785 18.07707 0.01727
55442.90297 18.09483 0.01741
55442.90871 18.11383 0.01717
55442.91368 18.10178 0.01731
55442.91875 18.09206 0.01772
55442.92384 18.11379 0.0174
55442.93037 18.0871 0.0179
55442.93642 18.1124 0.01754
55442.94588 18.10998 0.0199
55442.95166 18.14278 0.01793
55442.95754 18.12264 0.01797
55442.96246 18.14279 0.01831
55442.96833 18.16552 0.01918
55442.97317 18.13129 0.0177
55442.97782 18.11282 0.01717
55442.98206 18.09046 0.01707
55442.9872 18.13865 0.01829
55442.99348 18.12956 0.01842
55442.99858 18.08512 0.01748
55443.00329 18.08902 0.01799
55443.01002 18.12328 0.01872
55443.01702 18.11531 0.02203
55443.02387 18.20105 0.03858
55443.67742 18.10549 0.02768
55443.68488 18.11498 0.02604
55443.69287 18.12337 0.02394
55443.70415 18.12988 0.02264
55443.71028 18.06466 0.02261
55443.71632 18.10415 0.02168
55443.72231 18.12466 0.02141
55443.72832 18.10094 0.01986
55443.736 18.15229 0.02109
55443.74306 18.07285 0.01934
55443.74812 18.1049 0.01902
55443.75372 18.14027 0.01974
55443.75946 18.11019 0.01953
55443.76526 18.08921 0.01984
55443.77007 18.1132 0.02095
55443.78027 18.13712 0.02076
55443.78539 18.10497 0.01869
55443.79156 18.12182 0.0183
55443.79717 18.1188 0.01896
55443.80302 18.1237 0.01831
55443.80895 18.10297 0.01816
55443.81493 18.09031 0.01895
55443.8204 18.10744 0.01913
55443.82634 18.08117 0.0174
55443.83239 18.11006 0.01789
55443.83783 18.15178 0.01802
55443.84415 18.11755 0.01708
55443.84958 18.12864 0.01827
55443.85553 18.15401 0.01836
55443.86252 18.1328 0.01847
55443.87576 18.10629 0.01777
55443.88141 18.13722 0.01709
55443.88892 18.10456 0.01841
55443.89412 18.16701 0.01972
55443.90077 18.16918 0.01936
55443.90658 18.11427 0.0178
55443.91235 18.10485 0.01846
55443.91779 18.18436 0.02046
55443.92403 18.16614 0.01981
55443.92967 18.12515 0.01896
55443.93496 18.13344 0.01862
55443.94073 18.10893 0.01858
55443.94779 18.08804 0.01872
55443.95355 18.13832 0.01808
55443.95925 18.13435 0.01864
55443.9693 18.08467 0.0197
55443.97555 18.148 0.01943
55443.98144 18.12049 0.01915
55443.98725 18.17957 0.02322
55443.99456 18.15106 0.02016
55444.00093 18.13229 0.01968
55444.0061 18.12216 0.01861
55444.01187 18.1116 0.0198
55444.0175 18.18033 0.02528
55444.02231 18.18147 0.03515
55444.66648 18.15557 0.03255
55444.67221 18.13467 0.03007
55444.67727 18.11937 0.02789
55444.68857 18.14453 0.02555
55444.69526 18.08633 0.02504
55444.70198 18.07997 0.02364
55444.7091 18.16006 0.02445
55444.71487 18.15315 0.02343
55444.72103 18.12967 0.02179
55444.72796 18.05729 0.02196
55444.73377 18.1059 0.02074
55444.74094 18.09713 0.02023
55444.74655 18.08512 0.02047
55444.75167 18.09686 0.01998
55444.75678 18.11613 0.01996
55444.76225 18.12538 0.0194
55444.7673 18.11063 0.01934
55444.77353 18.14935 0.0198
55444.77876 18.11035 0.01933
55444.78368 18.10477 0.01911
55444.79848 18.10065 0.01855
55444.80403 18.11901 0.01844
55444.81599 18.11353 0.0189
55444.8213 18.10244 0.01828
55444.83332 18.13149 0.01849
55444.83854 18.0771 0.01818
55444.84549 18.07627 0.01714
55444.85161 18.1184 0.01824
55444.85679 18.08471 0.01749
55444.86267 18.12912 0.01983
55444.86777 18.17349 0.02127
55444.87321 18.17936 0.01809
55444.87872 18.12291 0.0181
55444.88467 18.13313 0.01945
55444.89016 18.12607 0.01937
55444.89581 18.13685 0.02106
55444.90153 18.15188 0.01788
55444.90845 18.11506 0.01995
55444.91349 18.10473 0.01779
55444.92279 18.10968 0.01819
55444.93139 18.13648 0.01809
55444.94041 18.12817 0.01646
55444.94568 18.13701 0.01751
55444.951 18.12264 0.02011
55444.95724 18.10227 0.01886
55444.96289 18.127 0.01771
55444.96923 18.1093 0.01719
55444.97411 18.11434 0.01844
55444.98062 18.13519 0.01887
55444.98915 18.10898 0.01993
55444.99553 18.12753 0.01894
55445.00157 18.12349 0.0197
55445.00779 18.0871 0.01884
55445.01282 18.13626 0.02124
55445.01777 18.1087 0.02318
55445.02227 18.10688 0.03177
55445.66261 18.15061 0.02901
55445.66749 18.13956 0.02628
55445.67244 18.09246 0.02477
55445.67731 18.12529 0.02601
55445.68422 18.11655 0.02266
55445.6905 18.10413 0.02122
55445.69681 18.14636 0.02138
55445.70294 18.11287 0.02075
55445.70921 18.0893 0.02163
55445.71534 18.18735 0.02379
55445.72141 18.1201 0.02356
55445.72791 18.18126 0.02311
55445.73457 18.13726 0.02089
55445.74013 18.15095 0.02052
55445.7456 18.11115 0.02013
55445.75096 18.12979 0.02072
55445.75643 18.14187 0.01973
55445.76191 18.09714 0.01964
55445.76784 18.12127 0.01901
55445.7737 18.11228 0.01811
55445.779 18.08754 0.0183
55445.78479 18.10807 0.0184
55445.79025 18.09454 0.01693
55445.79613 18.12181 0.01723
55445.81095 18.12599 0.01842
55445.81845 18.12062 0.01724
55445.82455 18.11433 0.01717
55445.83024 18.10002 0.01653
55445.84021 18.10314 0.01737
55445.84549 18.08706 0.01663
55445.85174 18.06384 0.01624
55445.85762 18.11059 0.01613
55445.8636 18.08409 0.01634
55445.86963 18.1365 0.01609
55445.87567 18.09507 0.01649
55445.88207 18.11456 0.01645
55445.88844 18.13091 0.01669
55445.89432 18.09564 0.01731
55445.89983 18.11674 0.01664
55445.90668 18.11092 0.0166
55445.91299 18.12284 0.01612
55445.91722 18.11287 0.01691
55445.92351 18.11359 0.01667
55445.92915 18.09844 0.01685
55445.93496 18.09643 0.01625
55445.94048 18.11662 0.01627
55445.95216 18.13861 0.0175
55445.95886 18.10081 0.0172
55445.97191 18.09055 0.01673
55445.97872 18.08373 0.01609
55445.98437 18.11985 0.0161
55445.98972 18.14538 0.0171
55445.99581 18.13693 0.0165
55446.00245 18.11314 0.01675
55446.00827 18.14395 0.0171
55446.01324 18.13782 0.01867
55446.01787 18.1048 0.02149
55446.0233 18.15436 0.03038
55446.66046 18.12223 0.02873
55446.66501 18.06439 0.0254
55446.67089 18.14491 0.0257
55446.67601 18.14099 0.02381
55446.6814 18.14164 0.02512
55446.68915 18.07747 0.02183
55446.70044 18.11744 0.02282
55446.70781 18.11367 0.02149
55446.71375 18.10275 0.02141
55446.71998 18.13262 0.02123
55446.7269 18.10333 0.02047
55446.73768 18.12325 0.02232
55446.74263 18.10245 0.01903
55446.74841 18.13873 0.0199
55446.75986 18.07956 0.01769
55446.76487 18.08938 0.01811
55446.77004 18.06737 0.01749
55446.77518 18.11411 0.01778
55446.78018 18.13216 0.01793
55446.78654 18.09617 0.01721
55446.79243 18.09968 0.01739
55446.79818 18.07497 0.01737
55446.80822 18.14252 0.01821
55446.81336 18.09674 0.01707
55446.81934 18.11153 0.01674
55446.82569 18.10707 0.01696
55446.83186 18.15726 0.01778
55446.83803 18.12521 0.01797
55446.84316 18.12926 0.01714
55446.84946 18.11261 0.01783
55446.85529 18.12136 0.02384
55446.86132 18.16174 0.01938
55446.87321 18.09478 0.01679
55446.87945 18.10252 0.01661
55446.88583 18.11239 0.01691
55446.89176 18.12467 0.01705
55446.89901 18.08608 0.01933
55446.90569 18.12842 0.01801
55446.91293 18.08352 0.01668
55446.91958 18.07046 0.01666
55446.92538 18.08534 0.01657
55446.93113 18.12238 0.01715
55446.93686 18.14818 0.01732
55446.94237 18.15428 0.01736
55446.94842 18.13899 0.01669
55446.95451 18.12956 0.01672
55446.96034 18.11873 0.01675
55446.96641 18.11827 0.01734
55446.97287 18.12508 0.0171
55446.97827 18.09274 0.01734
55446.98464 18.12162 0.01669
55446.99026 18.135 0.01637
55446.99646 18.12704 0.01709
55447.00329 18.13753 0.0178
55447.02248 18.15075 0.02892
55448.00377 18.15174 0.01692
55448.65527 18.16566 0.03066
55448.70146 18.13154 0.02522
55449.82958 18.11944 0.01792
55449.87259 18.11177 0.01739
55450.82585 18.15891 0.01848
55450.86998 18.12776 0.01632
55451.65338 18.12049 0.02589
55451.70095 18.10373 0.02129
55452.64792 18.11586 0.02705
55452.69243 18.12981 0.0211
55453.64519 18.10042 0.02936
55453.6895 18.10629 0.0232
55454.64058 18.17113 0.03354
55454.68793 18.0674 0.02909
55455.63923 18.17264 0.03306
55455.7154 18.19459 0.02584
55456.63346 18.1316 0.03476
55456.67702 18.15561 0.02744
55457.63067 18.12091 0.03643
55457.6732 18.10046 0.02814
55458.66069 18.11242 0.03166
55458.7057 18.10442 0.02873
55459.63016 18.19151 0.05366
55459.69034 18.22773 0.04219
55460.63624 18.18227 0.03823
55460.72453 18.0763 0.03046
55461.62523 18.14244 0.0496
55461.67649 18.13578 0.04051
55462.76573 18.14351 0.04358
55462.80848 18.19929 0.04484
55463.63005 18.12191 0.07286
55463.71104 18.19505 0.0457
55466.61784 18.11257 0.03247
55466.61959 18.15913 0.0311
55466.62134 18.10727 0.02797
55466.6231 18.19221 0.02808
55466.62486 18.13473 0.02721
55466.62661 18.13716 0.02728
55466.62943 18.17319 0.02733
55466.63143 18.16623 0.02906
55466.63348 18.099 0.02776
55466.67604 18.14714 0.03794
55467.62749 18.16518 0.02774
55468.7394 18.10066 0.02932
55468.78277 18.12382 0.03281
55469.73472 18.18016 0.05061
55469.80235 18.2407 0.07401
55470.77885 18.16076 0.06365
55470.82246 18.14895 0.02476
55471.77466 18.1385 0.01757
55471.82993 18.17155 0.05587
55472.62548 18.1202 0.02378
55472.66936 18.14947 0.02069
55473.62096 18.17219 0.05001
55477.66775 18.1263 0.01985
55477.71276 18.11545 0.02021
55478.62384 18.12466 0.02492
55478.66775 18.10518 0.02123
55479.61565 18.09062 0.02464
55479.65968 18.12458 0.02206
55480.61506 18.14223 0.02627
55480.65805 18.14512 0.02269
55481.61182 18.10498 0.02347
55481.69382 18.10276 0.01766
55482.61769 18.18025 0.02694
55482.66188 18.12581 0.02017
55482.67843 18.10292 0.02027
55483.61039 18.10897 0.02649
55483.66512 18.14635 0.02241
55484.66377 18.141 0.02433
55484.70695 18.15104 0.02103
55485.61939 18.1135 0.02686
55485.66329 18.12226 0.02434
55486.61418 18.11312 0.03291
55486.658 18.11889 0.04169
55497.84041 18.24055 0.03356
55497.89223 18.21118 0.03289
55498.71756 18.10963 0.0215
55498.79 18.17909 0.0275
55499.59404 18.08917 0.02499
55499.63881 18.12281 0.02246
55501.66259 18.12999 0.02353
55501.75706 18.16923 0.02204
55502.72145 18.15386 0.02194
55502.82148 18.15894 0.02314
55503.77762 18.20161 0.02288
55503.8732 18.19119 0.02445
55504.82418 18.11831 0.02107
55504.91868 18.1488 0.02633
55506.68972 18.11847 0.02589
55506.73387 18.12576 0.01918
55507.81368 18.16786 0.02208
55507.89267 18.20253 0.02746
55513.658 18.09758 0.02248
55513.7418 18.17335 0.02279
55514.69377 18.14399 0.02446
55514.73749 18.18407 0.027
55515.69951 18.10685 0.02489
55515.74236 18.12078 0.02471
55516.67238 18.22554 0.03286
55516.71654 18.22541 0.03375
55517.61497 18.19492 0.03061
55517.6584 18.12982 0.02852
55518.61481 18.09634 0.03256
55518.6578 18.20874 0.03984
55527.74242 18.12918 0.0272
55530.70615 18.19826 0.0263
55530.75072 18.27796 0.03056
55531.77418 18.23628 0.03084
55531.81743 18.23154 0.04373
55532.78408 18.11065 0.0207
55532.82836 18.14723 0.02459
55535.68432 18.17 0.02082
55537.58157 18.14119 0.03598
55537.62557 18.18214 0.02361
55538.57995 18.14922 0.02262
55538.62381 18.1138 0.01898
55539.58012 18.14153 0.02424
55539.62283 18.13268 0.02095
55540.61811 18.15568 0.02042
55540.66215 18.14258 0.01996
55541.61644 18.15681 0.02472
55541.65945 18.14779 0.03043
55544.59603 18.14323 0.02628
55544.64191 18.14829 0.02467
55545.59598 18.20529 0.03326
55545.63939 18.2361 0.02903
55558.75663 18.14622 0.02492
55559.7264 18.24234 0.04183
55561.73304 18.15719 0.02629
55561.77682 18.18374 0.03307
55567.59621 18.23039 0.02542
55575.595 18.18043 0.04064
55575.6386 18.09112 0.0377
55577.59504 18.17278 0.04529
55577.63849 18.2486 0.0485
55578.61202 18.30352 0.09101
55579.61368 18.10707 0.03193
55579.65687 18.21778 0.0353
55580.66998 18.22259 0.03522
55580.71648 18.20751 0.04721
55583.61703 18.12894 0.02214
55583.66119 18.17057 0.02937
55584.63985 18.18176 0.02251
55584.68286 18.19266 0.02716
55586.61685 18.1342 0.02099
55586.66038 18.19468 0.02503
55588.66264 18.22101 0.03947
55588.70647 18.34016 0.04194
55722.89872 18.21847 0.02899
55723.91976 18.22591 0.02874
55723.9634 18.17917 0.02597
55730.92322 18.34262 0.04768
55733.86776 18.23051 0.03722
55733.91212 18.14576 0.03025
55750.83279 18.18092 0.0301
55750.87598 18.2163 0.02578
55753.86132 18.26731 0.03957
55756.88391 18.26065 0.04766
55756.93392 18.17455 0.03571
55759.84878 18.24092 0.0398
55759.89212 18.19724 0.03437
55762.79606 18.22801 0.0409
55762.8402 18.27327 0.03439
55766.7805 18.21953 0.02991
55766.83041 18.21252 0.02791
55768.77509 18.21722 0.03353
55768.82037 18.22218 0.02994
55769.80074 18.16008 0.02505
55769.84468 18.15523 0.0215
55770.78189 18.20959 0.02795
55770.82573 18.16253 0.02444
55771.78074 18.22188 0.02629
55771.82449 18.19413 0.02209
55774.75968 18.18695 0.02923
55774.80363 18.19815 0.02415
55775.7599 18.19172 0.03542
55775.80332 18.24323 0.04356
55779.7464 18.24355 0.03229
55779.79086 18.19075 0.02317
55780.74948 18.20897 0.03176
55780.79415 18.20129 0.02574
55782.7508 18.18612 0.03937
55782.7956 18.16777 0.02891
55783.7573 18.26348 0.04702
55783.80103 18.29531 0.03976
55784.74207 18.3004 0.05277
55789.73736 18.20825 0.0561
55789.78039 18.27032 0.04174
55790.73125 18.22475 0.04729
55790.77463 18.27629 0.04027
55791.73123 18.23295 0.04441
55791.77527 18.26955 0.04164
55793.74743 18.33978 0.03525
55793.79097 18.27601 0.03548
55794.75972 18.2229 0.02587
55794.81629 18.22268 0.0299
55809.66644 18.23435 0.04869
55809.7101 18.25674 0.03273
55811.66044 18.24808 0.04951
55811.7042 18.16298 0.03859
55812.65876 18.27526 0.04807
55812.70198 18.22878 0.03662
55813.66257 18.18213 0.0437
55813.70671 18.30083 0.03859
55818.70874 18.26593 0.0747
55820.63925 18.31541 0.03816
55820.68324 18.19273 0.06112
55821.63464 18.22185 0.03294
55822.63132 18.25529 0.03415
55822.67415 18.22489 0.02562
55823.62908 18.19815 0.03589
55823.67275 18.23046 0.02569
55824.62608 18.24949 0.03753
55824.6697 18.24403 0.02872
55838.61464 18.28804 0.03815
55838.65944 18.27256 0.03353
55842.61856 18.31964 0.05594
55842.66208 18.31931 0.04682
55843.61073 18.24867 0.06175
55843.65444 18.32464 0.05151
55844.60924 18.18711 0.0544
55844.65374 18.3812 0.05319
55849.60547 18.23322 0.03182
55849.65079 18.29928 0.04265
55850.60468 18.2249 0.02813
55850.64918 18.27958 0.02793
55851.60318 18.22874 0.02839
55851.64641 18.32912 0.02381
55852.60416 18.23869 0.03101
55852.6481 18.22887 0.02405
55853.60163 18.22232 0.02838
55853.6463 18.2162 0.02457
55854.60164 18.19093 0.02988
55854.64607 18.24776 0.02296
55866.5884 18.25873 0.03288
55866.64679 18.25087 0.02799
55867.58757 18.26634 0.03731
55867.63053 18.2383 0.0347
55868.5865 18.28136 0.0387
55868.63002 18.22524 0.029
55880.87841 18.30205 0.04037
55880.92255 18.28282 0.04466
55882.86968 18.28676 0.03183
55882.87146 18.31948 0.02982
55882.91495 18.24508 0.03533
55883.86679 18.31501 0.02956
55883.91496 18.40711 0.04984
55887.63181 18.28753 0.02521
55887.68352 18.29798 0.02717
55888.8957 18.35224 0.05005
55889.80049 18.24311 0.02225
55889.84447 18.30475 0.0249
55891.57974 18.22114 0.02983
55891.6225 18.27341 0.02562
55893.58261 18.24044 0.02962
55893.62546 18.26949 0.02773
55894.58144 18.30962 0.03356
55894.62473 18.39641 0.05985
55896.58202 18.35227 0.03604
55898.82137 18.23104 0.04193
55898.86551 18.33633 0.04479
55899.80997 18.43035 0.06443
55902.58519 18.34102 0.0556
55902.64414 18.29186 0.05319
55903.58342 18.22116 0.04962
55903.62024 18.30116 0.04964
55904.58683 18.3867 0.05473
55906.58378 18.19897 0.03946
55906.64029 18.21008 0.03899
55916.59575 18.31007 0.03535
55916.64026 18.32888 0.02737
55922.6423 18.30223 0.02572
55923.59751 18.2875 0.02955
55923.64145 18.26303 0.0262
55924.60837 18.27842 0.02666
55925.59941 18.33551 0.03849
55925.67897 18.23522 0.02359
55926.58279 18.25389 0.02991
55926.62543 18.24315 0.02698
55930.58585 18.28475 0.04679
55930.62499 18.34317 0.04774
55931.58458 18.29329 0.03805
55931.62692 18.26811 0.04609
55932.62858 18.35189 0.03946
55936.60917 18.35876 0.03837
55936.65247 18.28212 0.03921
55937.58951 18.2661 0.03516
55937.63319 18.29719 0.07537
55939.64879 18.29699 0.02964
55939.6851 18.25943 0.03284
55940.59145 18.53355 0.04682
55940.64013 18.45446 0.05925
55941.59048 18.42085 0.07774
55943.69972 18.30013 0.02758
55943.74446 18.34787 0.03418
55944.64379 18.26229 0.02568
55944.67224 18.23011 0.0271
55946.63797 18.29644 0.051
55947.59349 18.33335 0.03063
55947.63713 18.25228 0.04594
55949.64923 18.26707 0.03095
55949.6924 18.52506 0.0491
55952.60617 18.34661 0.03181
55952.64932 18.34734 0.03285
55953.59751 18.28893 0.0335
55953.64127 18.24982 0.02898
55954.59787 18.40801 0.04754
55954.64157 18.37029 0.0459
55958.61566 18.3025 0.03904
55958.67117 18.34181 0.04054
55959.64574 18.26402 0.04724
55960.60205 18.40073 0.05017
55960.64497 18.51088 0.06321
55962.61935 18.28601 0.03882
55962.69096 18.527 0.06462
56059.98484 18.20154 0.05157
56060.97134 18.24156 0.04239
56061.96903 18.33859 0.04584
56063.96519 18.33839 0.05101
56065.96588 18.26681 0.04315
56066.96916 18.32291 0.04156
56067.96802 18.33121 0.03742
56068.98301 18.15419 0.07241
56070.97101 18.30515 0.04214
56071.95528 18.21806 0.03963
56075.93073 18.30026 0.03559
56075.96117 18.29993 0.03406
56076.96161 18.28353 0.03195
56077.97941 18.29267 0.05735
56078.92335 18.38867 0.04197
56078.95394 18.29538 0.03751
56079.91957 18.29109 0.04391
56079.94994 18.2925 0.02822
56079.97946 18.33009 0.06021
56081.9528 18.36382 0.06284
56084.95914 18.32994 0.04718
56085.9361 18.26679 0.06137
56085.9661 18.35489 0.05159
56086.90079 18.22723 0.04771
56086.9317 18.23651 0.03749
56086.96186 18.34147 0.03953
56087.95118 18.31074 0.0406
56088.93216 18.22113 0.03687
56088.96298 18.22021 0.03397
56089.90743 18.29665 0.0397
56089.9375 18.26237 0.03569
56090.89626 18.33893 0.04633
56091.93224 18.2764 0.03297
56091.96189 18.27328 0.03155
56092.88532 18.28579 0.03448
56092.91513 18.30194 0.03428
56092.94551 18.3218 0.03008
56093.88544 18.3398 0.03892
56093.91605 18.30183 0.03471
56093.95942 18.28536 0.02915
56094.8793 18.32493 0.04035
56094.90895 18.3164 0.03585
56094.93794 18.2663 0.02843
56095.89413 18.34115 0.03601
56095.92394 18.29293 0.03552
56095.95378 18.28933 0.03269
56096.8846 18.25048 0.03413
56096.91464 18.27725 0.02992
56096.94475 18.28196 0.02766
56097.87211 18.45208 0.05382
56097.90204 18.25427 0.02936
56099.86796 18.2814 0.03
56099.8979 18.2615 0.02652
56099.92867 18.22995 0.02414
56100.87134 18.27322 0.03688
56100.9014 18.29359 0.03287
56100.93113 18.29085 0.03022
56101.86099 18.27405 0.04187
56101.89166 18.35118 0.037
56101.92164 18.32686 0.03085
56102.85884 18.30299 0.03337
56102.88948 18.2818 0.0282
56102.91975 18.23423 0.0249
56103.85688 18.44427 0.04503
56103.89198 18.25996 0.03491
56103.92203 18.23983 0.03074
56104.86298 18.37208 0.03678
56104.89266 18.28685 0.03
56104.92258 18.24604 0.02594
56105.87772 18.29252 0.03044
56105.90846 18.27528 0.0289
56105.93782 18.29077 0.02833
56106.84826 18.28479 0.03197
56106.87859 18.31692 0.02985
56106.90907 18.20057 0.02519
56107.84497 18.17756 0.04612
56107.87579 18.23754 0.03051
56107.90655 18.29328 0.02726
56108.86703 18.30129 0.05131
56108.89669 18.28601 0.03358
56108.92686 18.27244 0.02819
56109.93363 18.21007 0.03169
56110.86774 18.393 0.06245
56110.89782 18.30205 0.04524
56110.92786 18.34354 0.04128
56111.86949 18.30081 0.06416
56111.91431 18.1977 0.04616
56111.94457 18.25605 0.04211
56112.91217 18.48913 0.06875
56113.8878 18.35567 0.05719
56113.93235 18.25296 0.04142
56113.96218 18.29136 0.04446
56114.87108 18.2455 0.0465
56114.92357 18.27339 0.04241
56114.95378 18.25253 0.03671
56115.85803 18.35659 0.05389
56115.88797 18.18666 0.04257
56115.9179 18.22778 0.03959
56116.90131 18.32392 0.0373
56116.93261 18.35816 0.03809
56116.96078 18.30385 0.03717
56117.86349 18.26213 0.04368
56117.89333 18.24404 0.03696
56117.92405 18.24092 0.03533
56118.82762 18.34589 0.0556
56118.85812 18.22931 0.04349
56118.8884 18.31838 0.03908
56119.81535 18.32794 0.05232
56119.84536 18.37968 0.05588
56120.95573 18.31222 0.04488
56122.80682 18.3018 0.05521
56123.80269 18.27192 0.03276
56123.8333 18.31386 0.03051
56123.86323 18.23262 0.02544
56124.8239 18.28863 0.03253
56124.85579 18.29515 0.03348
56124.90647 18.23731 0.02889
56125.83541 18.25598 0.0299
56125.8655 18.27234 0.02759
56125.89611 18.24065 0.02461
56126.79674 18.25269 0.03411
56126.82683 18.29059 0.03434
56126.85662 18.36588 0.0576
56127.84219 18.29451 0.0449
56127.87262 18.26438 0.02698
56128.79045 18.33741 0.04138
56128.8202 18.26492 0.02784
56128.8509 18.27696 0.02426
56129.81763 18.32936 0.03064
56129.84839 18.27863 0.02703
56130.78415 18.33769 0.03929
56130.81619 18.24788 0.0326
56130.84603 18.217 0.03363
56131.81956 18.23754 0.03108
56131.84966 18.26887 0.0281
56131.87991 18.28868 0.02528
56132.81342 18.27295 0.02833
56132.85526 18.30178 0.02875
56133.77702 18.21007 0.02951
56133.80732 18.20015 0.02718
56133.83817 18.28426 0.02665
56135.77548 18.26047 0.03549
56135.80558 18.26411 0.02636
56135.8357 18.3002 0.01999
56136.78168 18.25868 0.03514
56136.81139 18.19143 0.03087
56136.84105 18.25867 0.02738
56137.77719 18.1902 0.03493
56137.8165 18.39064 0.07461
56137.84943 18.21909 0.04209
56138.79423 18.32901 0.066
56143.75013 18.41332 0.06351
56143.77946 18.28221 0.053
56143.81202 18.2297 0.04296
56144.79078 18.28976 0.04295
56144.82138 18.23624 0.03824
56145.74531 18.28127 0.06439
56145.77477 18.36103 0.065
56145.80436 18.19955 0.04564
56146.77217 18.31062 0.04489
56146.83591 18.27026 0.03958
56147.75046 18.27388 0.03835
56147.78019 18.25662 0.04186
56147.81614 18.26021 0.03608
56148.73743 18.33517 0.0321
56148.76798 18.21802 0.02832
56148.79928 18.27163 0.03346
56151.84315 18.25681 0.01929
56151.87618 18.24317 0.01919
56151.91621 18.23133 0.01797
56164.86055 18.237 0.01768
56164.89061 18.22728 0.01666
56164.92052 18.26035 0.01769
56165.82275 18.27572 0.02297
56165.85221 18.25146 0.0193
56165.88255 18.24381 0.01717
56166.78411 18.26587 0.02736
56166.82415 18.23751 0.02397
56166.85436 18.25078 0.02189
56167.76082 18.22019 0.02892
56167.79008 18.24448 0.02819
56167.82893 18.26012 0.02664
56168.73084 18.31151 0.04004
56168.76135 18.20452 0.0343
56168.79094 18.26208 0.03212
56169.70528 18.35259 0.06407
56169.73488 18.21327 0.04809
56169.78208 18.23938 0.04369
56170.70609 18.27961 0.066
56170.73648 18.25572 0.0564
56170.76821 18.23499 0.04997
56176.66101 18.24466 0.04494
56176.74473 18.22 0.03455
56176.77537 18.27924 0.03312
56177.67775 18.22058 0.02531
56177.71467 18.24226 0.022
56177.7448 18.22281 0.02034
56178.65701 18.3399 0.03601
56178.7245 18.27272 0.03076
56178.75548 18.22064 0.0202
56189.71737 18.27083 0.02621
56189.74707 18.31101 0.02259
56194.65274 18.2509 0.0362
56194.68156 18.2088 0.03254
56194.73072 18.23481 0.02722
56195.63238 18.35104 0.04307
56195.68489 18.27165 0.03894
56195.74387 18.28995 0.0303
56196.64868 18.28925 0.03436
56196.67925 18.28927 0.03519
56196.70945 18.23295 0.03397
56197.62224 18.353 0.05524
56197.65122 18.41769 0.05868
56197.68048 18.24802 0.0409
56198.63271 18.24247 0.05349
56198.66294 18.23096 0.05067
56198.69225 18.26993 0.04905
56202.61563 18.31594 0.05473
56202.64754 18.2904 0.05811
56202.70169 18.22965 0.04283
56207.71676 18.23479 0.04185
56207.82773 18.15808 0.05196
56224.66207 18.25146 0.03178
56224.69182 18.24603 0.03527
56225.74851 18.22936 0.03201
56225.84088 18.23652 0.03069
56226.75858 18.42965 0.05889
56227.72154 18.31129 0.04276
56227.75148 18.30329 0.04482
56228.67316 18.24099 0.03661
56228.71 18.24211 0.04047
56229.61202 18.27574 0.0447
56229.68338 18.22311 0.04068
56230.64599 18.28052 0.04857
56230.73676 18.24571 0.04176
56231.86041 18.22702 0.04173
56232.82116 18.23221 0.03125
56233.75399 18.23782 0.03408
56233.78371 18.10603 0.04229
56234.68453 18.22312 0.02786
56234.71313 18.19739 0.02894
56235.61461 18.26447 0.02582
56235.64419 18.27666 0.02181
56236.58514 18.29837 0.03703
56236.61561 18.30877 0.02641
56237.58477 18.2072 0.02754
56237.61509 18.21634 0.02303
56238.58334 18.24256 0.03281
56238.61531 18.21407 0.02267
56239.58294 18.24193 0.02938
56239.61141 18.23343 0.02233
56251.83071 18.26139 0.02276
56251.86073 18.26196 0.02472
56252.58576 18.27244 0.02546
56252.60631 18.20956 0.02503
56252.62487 18.21682 0.02425
56252.64555 18.28379 0.02527
56252.66096 18.23258 0.02379
56252.69879 18.26626 0.02482
56252.71706 18.25572 0.02546
56252.73499 18.21079 0.02323
56252.75258 18.249 0.02315
56252.76856 18.28287 0.02566
56252.78929 18.26819 0.02914
56252.80517 18.24172 0.02672
56252.821 18.26219 0.0248
56252.83831 18.2336 0.02284
56252.85634 18.26137 0.02405
56253.58621 18.26016 0.02743
56253.60335 18.2591 0.02851
56253.62054 18.31096 0.02779
56253.63682 18.25925 0.02591
56253.6539 18.22482 0.02713
56253.6721 18.2978 0.031
56253.70902 18.27586 0.03091
56253.7307 18.26925 0.02943
56253.75003 18.29603 0.03498
56253.76637 18.22784 0.03309
56253.78832 18.27919 0.03156
56253.8078 18.23951 0.03265
56253.82956 18.20403 0.03033
56253.85372 18.24108 0.03089
56254.74613 18.30272 0.02862
56254.77889 18.24223 0.03231
56255.68248 18.27254 0.03409
56255.7252 18.33167 0.03736
56256.62657 18.25935 0.03384
56256.6557 18.23383 0.03928
56257.58763 18.25467 0.04268
56257.64219 18.2427 0.03511
56258.58614 18.21389 0.04683
56258.61848 18.14087 0.03655
56259.59443 18.22809 0.04134
56259.62495 18.30124 0.04179
56265.629 18.2452 0.02209
56265.6592 18.28841 0.02831
56266.58222 18.29831 0.03766
56266.6126 18.35418 0.07354
56267.58751 18.3123 0.02334
56267.61751 18.23689 0.0227
56268.59364 18.166 0.02034
56268.62314 18.20663 0.01981
56269.58319 18.23125 0.0233
56269.58435 18.24054 0.02062
56269.58546 18.22635 0.02092
56269.58657 18.22031 0.02073
56269.58771 18.23957 0.02106
56269.58893 18.23463 0.02069
56269.59006 18.26513 0.02041
56269.59133 18.22931 0.02064
56269.59245 18.21942 0.01984
56269.59364 18.26931 0.0197
56269.59478 18.20321 0.02001
56269.596 18.25136 0.0196
56269.59713 18.25373 0.01925
56269.59843 18.17515 0.01942
56269.59956 18.22207 0.0206
56269.60977 18.21235 0.02071
56269.61093 18.19958 0.02033
56269.6121 18.23804 0.02015
56269.61321 18.18086 0.02014
56269.61434 18.23625 0.02154
56269.61547 18.23061 0.02029
56269.61659 18.28885 0.02158
56269.61773 18.20574 0.02011
56269.61884 18.24305 0.0202
56269.61995 18.21286 0.01969
56269.62115 18.25245 0.02031
56269.6223 18.23403 0.01964
56269.62343 18.22429 0.02003
56269.62457 18.18639 0.01983
56269.62569 18.22636 0.01976
56269.62688 18.24995 0.02016
56269.628 18.21634 0.02032
56269.6375 18.19998 0.02143
56269.63881 18.23975 0.01958
56269.64001 18.23281 0.02004
56269.64114 18.2226 0.01869
56269.64226 18.20922 0.01952
56269.64337 18.23187 0.01998
56269.6445 18.25961 0.01917
56269.64562 18.2452 0.01925
56269.64675 18.22494 0.01914
56269.64789 18.17947 0.01924
56269.64905 18.22243 0.01909
56269.65017 18.23531 0.01891
56269.65129 18.22954 0.01952
56269.65247 18.19188 0.01983
56269.65359 18.2252 0.0195
56269.65473 18.2278 0.02023
56269.65585 18.22674 0.01909
56269.65698 18.23454 0.01944
56269.65819 18.21098 0.019
56269.65932 18.21016 0.01893
56269.66055 18.25975 0.01907
56269.66167 18.23037 0.01934
56269.66279 18.22874 0.01901
56269.66393 18.17983 0.01874
56269.66595 18.23789 0.01848
56269.66717 18.23992 0.01956
56269.66829 18.19816 0.01963
56269.66952 18.27847 0.01939
56269.67064 18.23795 0.01883
56269.67184 18.22036 0.01897
56269.673 18.20883 0.01942
56269.67412 18.22403 0.01865
56269.67533 18.23395 0.0184
56269.67646 18.23733 0.01907
56269.6776 18.22246 0.01869
56269.67883 18.25708 0.01876
56269.67997 18.2403 0.0186
56269.6812 18.22257 0.01874
56269.68232 18.2598 0.01883
56269.68343 18.22824 0.01848
56269.68473 18.20749 0.01898
56269.68592 18.23744 0.01883
56269.68705 18.21915 0.01855
56269.68816 18.23563 0.01921
56269.68929 18.18261 0.01961
56269.69041 18.20625 0.0196
56269.69157 18.22537 0.01924
56269.69269 18.18326 0.01896
56269.69383 18.17154 0.01907
56269.69496 18.20347 0.01894
56269.69608 18.19944 0.01867
56269.69898 18.16886 0.01885
56269.70011 18.23617 0.01886
56269.70126 18.22989 0.01972
56269.70241 18.23709 0.0197
56269.70357 18.20808 0.01867
56269.70468 18.22691 0.01964
56269.70581 18.20985 0.01979
56269.70705 18.17665 0.01888
56269.70816 18.21374 0.01905
56269.70937 18.22204 0.01907
56269.7105 18.2079 0.0192
56269.71167 18.22572 0.01914
56269.7128 18.20387 0.01849
56269.71403 18.18826 0.0188
56269.71516 18.18189 0.01874
56269.7163 18.21582 0.01902
56269.72641 18.22008 0.02041
56269.72763 18.23078 0.01905
56269.72875 18.20806 0.01952
56269.72987 18.25006 0.01895
56269.731 18.26555 0.0193
56269.73213 18.23017 0.0198
56269.73326 18.23207 0.01961
56269.73438 18.20672 0.01927
56269.73557 18.21157 0.02065
56269.73682 18.217 0.01961
56269.73796 18.21041 0.01912
56269.73911 18.22664 0.0201
56269.74036 18.23956 0.01992
56269.74147 18.2479 0.01933
56269.74272 18.21176 0.01948
56269.74391 18.24218 0.02034
56269.74502 18.21943 0.02001
56269.7462 18.2395 0.01921
56269.74734 18.21464 0.02044
56269.74846 18.23695 0.021
56269.74961 18.26173 0.02022
56269.75074 18.21354 0.02031
56269.75201 18.21958 0.02079
56269.75316 18.17814 0.01956
56269.75429 18.23937 0.02037
56269.75553 18.20601 0.02034
56269.75665 18.21651 0.02022
56269.75779 18.24121 0.02227
56269.75895 18.22105 0.01962
56269.76008 18.24975 0.02174
56269.76123 18.27532 0.02283
56269.76235 18.21375 0.02123
56269.76348 18.27002 0.02082
56269.76459 18.23012 0.02154
56269.76573 18.19954 0.02074
56269.78036 18.28438 0.02391
56269.78151 18.26261 0.02204
56269.78271 18.25815 0.02177
56269.78391 18.23762 0.02125
56269.78511 18.22729 0.0217
56269.78751 18.21837 0.02058
56269.78876 18.26577 0.0215
56269.78989 18.2598 0.02159
56269.79108 18.27004 0.02206
56269.79227 18.21803 0.02113
56269.79356 18.25858 0.02132
56269.79478 18.24351 0.02208
56269.7959 18.23156 0.02151
56269.79701 18.20941 0.02189
56269.79816 18.23853 0.02231
56269.79928 18.19454 0.02121
56269.80041 18.2604 0.02211
56269.80156 18.25958 0.02161
56269.80276 18.24269 0.02186
56269.80404 18.23742 0.02202
56269.80517 18.17105 0.02096
56269.80638 18.25236 0.02123
56269.80752 18.18601 0.02182
56269.80866 18.2163 0.02309
56270.57931 18.20118 0.02327
56270.58058 18.25579 0.02122
56270.58188 18.25951 0.0215
56270.58305 18.24589 0.02165
56270.58429 18.25238 0.02089
56270.58556 18.2255 0.0195
56270.58671 18.22776 0.02024
56270.58798 18.20241 0.0199
56270.58926 18.22881 0.0195
56270.59051 18.23331 0.01898
56270.59176 18.23932 0.01958
56270.59301 18.20514 0.01912
56270.59588 18.212 0.0193
56270.59719 18.22245 0.01865
56270.59846 18.18792 0.01831
56270.59973 18.22499 0.01912
56270.60101 18.22774 0.01912
56270.60229 18.21134 0.01932
56270.60361 18.23362 0.01895
56270.60484 18.22348 0.01857
56270.60617 18.23031 0.01912
56270.60733 18.22392 0.0187
56270.60868 18.2367 0.01923
56270.60993 18.21392 0.01874
56270.61121 18.22866 0.01866
56270.61244 18.2466 0.01929
56270.61368 18.20013 0.01869
56270.61481 18.21398 0.01917
56270.61593 18.19058 0.0189
56270.61713 18.19784 0.01806
56270.61835 18.22379 0.01921
56270.61963 18.22653 0.01872
56270.62082 18.23155 0.01897
56270.62212 18.2373 0.01856
56270.62324 18.21222 0.01883
56270.62438 18.18862 0.01863
56270.6255 18.2157 0.0187
56270.62668 18.19852 0.01945
56270.62781 18.23 0.01915
56270.62895 18.19664 0.01915
56270.63017 18.21267 0.01879
56270.6313 18.17398 0.01856
56270.63259 18.18917 0.01815
56270.63372 18.25634 0.0201
56270.63484 18.23817 0.01901
56270.64581 18.18857 0.01925
56270.64713 18.20981 0.01862
56270.64825 18.23741 0.0195
56270.6495 18.21537 0.01911
56270.65082 18.20423 0.01893
56270.65222 18.19139 0.01822
56270.65336 18.19315 0.01848
56270.6545 18.25593 0.01957
56270.65562 18.23079 0.01929
56270.65697 18.22947 0.01874
56270.65832 18.20052 0.01847
56270.65959 18.2152 0.01917
56270.66092 18.22488 0.01829
56270.66217 18.23822 0.01914
56270.66351 18.20522 0.01871
56270.66477 18.23862 0.01892
56270.67891 18.23825 0.02001
56270.68008 18.24796 0.01905
56270.68122 18.22349 0.01884
56270.68243 18.19883 0.01831
56270.68382 18.20521 0.0192
56270.68508 18.22166 0.01834
56270.68653 18.23701 0.01893
56270.68784 18.2437 0.01869
56270.68912 18.18233 0.01783
56270.69114 18.24892 0.01882
56270.69232 18.21035 0.01893
56270.69365 18.2515 0.01914
56270.6948 18.21034 0.01844
56270.69617 18.24077 0.01923
56270.69746 18.23034 0.019
56270.6986 18.21135 0.01856
56270.6999 18.20638 0.01851
56270.70121 18.25242 0.01935
56270.70235 18.21201 0.01813
56270.70349 18.20297 0.0184
56270.70482 18.22558 0.01824
56270.70613 18.21034 0.01806
56270.70726 18.19562 0.0185
56270.7086 18.1788 0.01831
56270.70972 18.2169 0.019
56270.71103 18.18912 0.01808
56270.71235 18.20772 0.01828
56270.71347 18.25877 0.01908
56270.71481 18.24286 0.01942
56270.71608 18.25702 0.01882
56270.71722 18.20036 0.01861
56270.71853 18.20576 0.01905
56270.71967 18.2051 0.01882
56270.72098 18.22384 0.01931
56270.72302 18.23979 0.01963
56270.72439 18.22967 0.01931
56270.72553 18.20647 0.01918
56270.72665 18.20998 0.01863
56270.72793 18.21408 0.01888
56270.72927 18.20474 0.01873
56270.73043 18.20629 0.01823
56270.73161 18.24594 0.01871
56270.73292 18.21929 0.0185
56270.73506 18.22571 0.01825
56270.73622 18.22036 0.01906
56270.73753 18.23289 0.01997
56270.73887 18.24339 0.0194
56270.74001 18.19962 0.01857
56270.74126 18.20467 0.01915
56270.7424 18.21063 0.01933
56270.74369 18.21778 0.01948
56270.74498 18.20256 0.01975
56270.74609 18.21642 0.02063
56270.74744 18.19251 0.01934
56270.7486 18.19637 0.01983
56270.74995 18.21366 0.01943
56270.75121 18.21923 0.0196
56270.75241 18.20433 0.01919
56270.75372 18.16807 0.01855
56270.75502 18.19105 0.01933
56270.75706 18.1756 0.01953
56270.75826 18.21686 0.0197
56270.75948 18.19795 0.02035
56270.76078 18.23535 0.02028
56270.76208 18.22434 0.02026
56270.77223 18.24652 0.0213
56270.77464 18.2068 0.02054
56270.77775 18.2437 0.01996
56270.77887 18.21426 0.02027
56270.78012 18.22199 0.02048
56270.78147 18.25165 0.02107
56270.78273 18.21632 0.02101
56270.784 18.19351 0.02051
56270.78526 18.22922 0.02151
56270.78661 18.24958 0.02174
56270.78776 18.24133 0.02111
56270.7891 18.20646 0.02203
56270.79021 18.2041 0.02147
56270.79151 18.24021 0.02122
56270.7928 18.22626 0.02141
56270.79391 18.20569 0.02158
56270.79508 18.24935 0.02063
56270.79619 18.22187 0.02088
56270.7975 18.24785 0.02176
56270.79862 18.22877 0.02161
56270.79991 18.23316 0.02238
56270.80111 18.21297 0.02139
56270.80249 18.21031 0.0212
56270.80509 18.22234 0.02246
56270.80715 18.22218 0.02202
56270.80837 18.17061 0.02108
56270.80963 18.25613 0.02134
56271.71236 18.24323 0.02532
56271.74462 18.26707 0.02711
56272.64495 18.24652 0.0236
56272.7082 18.27769 0.02486
56273.60993 18.22633 0.02293
56273.63946 18.24736 0.02475
56281.58737 18.29629 0.03328
56281.61668 18.30548 0.03338
56282.58095 18.27568 0.03021
56282.61036 18.23586 0.02948
56282.62819 18.20807 0.02798
56297.58897 18.23365 0.02458
56297.59019 18.2237 0.02068
56297.5937 18.28251 0.02127
56297.59722 18.2343 0.02076
56297.59904 18.26095 0.02173
56297.60164 18.26351 0.02139
56297.60284 18.19244 0.02048
56297.6053 18.2349 0.02163
56297.61734 18.22719 0.02225
56297.61965 18.23254 0.02122
56297.62198 18.22759 0.02145
56297.62474 18.23363 0.02058
56297.62597 18.20359 0.02071
56297.62818 18.2419 0.02183
56297.63051 18.25915 0.02225
56297.63246 18.23689 0.02265
56297.6337 18.19788 0.02205
56297.63597 18.23167 0.02251
56297.63722 18.21351 0.02141
56297.63944 18.22396 0.0223
56297.64162 18.22647 0.02278
56297.64281 18.23545 0.02258
56297.64393 18.22904 0.02186
56297.64612 18.23379 0.02148
56297.64742 18.18136 0.02083
56297.64964 18.21759 0.02036
56297.65084 18.2289 0.02199
56297.65434 18.22524 0.02204
56297.65811 18.21717 0.02202
56297.65988 18.20563 0.02134
56297.66121 18.24837 0.02296
56297.66483 18.23996 0.02264
56297.66714 18.22361 0.02111
56297.67315 18.22912 0.02147
56297.67547 18.28447 0.02347
56297.67675 18.23493 0.02238
56297.67954 18.17841 0.02183
56297.68076 18.21401 0.02172
56297.6819 18.22538 0.02141
56297.68325 18.24431 0.02264
56297.68541 18.23923 0.02183
56297.68786 18.24533 0.02282
56297.69171 18.24873 0.02333
56297.69635 18.2068 0.0221
56297.69767 18.24238 0.02132
56297.70113 18.21958 0.02186
56297.70743 18.20978 0.02217
56297.71084 18.21698 0.02244
56297.71401 18.23808 0.02351
56297.71668 18.20214 0.02391
56297.7179 18.20945 0.02308
56297.72049 18.24156 0.02439
56297.72327 18.17813 0.02348
56297.72448 18.24455 0.0229
56297.72584 18.19969 0.02412
56297.72772 18.26075 0.02486
56297.72894 18.26878 0.0264
56297.74317 18.25342 0.02641
56297.74683 18.23997 0.02671
56297.74996 18.21367 0.025
56297.75123 18.23625 0.02548
56297.75493 18.26273 0.02581
56297.75709 18.19494 0.02603
56297.7583 18.19958 0.0275
56297.76047 18.21896 0.02727
56297.76167 18.1894 0.02552
56297.76388 18.22315 0.02779
56297.76506 18.21868 0.02558
56297.76834 18.21008 0.0276
56297.77069 18.19536 0.0267
56297.77185 18.1561 0.02697
56297.77383 18.23884 0.02774
56297.79199 18.22172 0.03029
56297.79318 18.20906 0.03076
56297.79645 18.25839 0.0328
56297.79838 18.26831 0.03278
56297.79953 18.19987 0.03243
56297.80077 18.28078 0.03498
56297.80192 18.23228 0.03328
56297.80312 18.27395 0.03676
56297.80437 18.2557 0.03836
56297.80564 18.19933 0.03315
56297.80864 18.18844 0.03494
56298.58895 18.22111 0.03073
56298.59013 18.22529 0.03089
56298.59235 18.16419 0.04021
56298.59354 18.18627 0.04037
56298.59724 18.14019 0.03925
56298.59842 18.2513 0.03896
56298.60089 18.29412 0.04335
56298.6021 18.21335 0.03837
56298.60332 18.28 0.04083
56298.60466 18.22639 0.04163
56298.60701 18.29706 0.03994
56298.60823 18.3182 0.04243
56298.61034 18.22765 0.03702
56298.61272 18.32525 0.04124
56298.61595 18.24703 0.02806
56298.61811 18.2233 0.02466
56298.62047 18.23298 0.02732
56298.62171 18.24501 0.03588
56298.62426 18.2288 0.02621
56298.62643 18.2099 0.03127
56298.62762 18.23029 0.03877
56298.63098 18.18067 0.03057
56298.63219 18.20109 0.02773
56298.63473 18.23582 0.02966
56298.63687 18.18039 0.02978
56298.63807 18.24265 0.0336
56298.63935 18.30516 0.03218
56298.64364 18.24188 0.02397
56298.64578 18.20315 0.02724
56298.64695 18.22692 0.03087
56298.6481 18.22762 0.02653
56298.65082 18.1908 0.02714
56298.65294 18.21562 0.02611
56298.65509 18.25419 0.02357
56298.65745 18.22072 0.03646
56298.65865 18.20894 0.02412
56298.66081 18.19541 0.02249
56298.66198 18.23272 0.0225
56298.66411 18.19453 0.02387
56298.66639 18.22599 0.0241
56298.6699 18.20586 0.02256
56298.68256 18.21494 0.02676
56298.68492 18.23205 0.03151
56298.68729 18.18635 0.04083
56298.68852 18.32499 0.05015
56298.6908 18.21226 0.06688
56301.59099 18.28164 0.02467
56302.5927 18.26234 0.06353
56302.62153 18.23532 0.03338
56305.59416 18.25896 0.0224
56305.62276 18.23245 0.02205
56307.60089 18.34494 0.0426
56307.63151 18.18934 0.02663
56308.60019 18.31274 0.03031
56308.63015 18.3089 0.03478
56310.60466 18.25364 0.03013
56310.63503 18.22776 0.02975
56311.59823 18.26178 0.02802
56311.62777 18.26818 0.03399
56312.59699 18.36825 0.04618
56312.63396 18.231 0.04872
56313.60478 18.28746 0.0315
56313.63593 18.28739 0.03344
56314.61498 18.25343 0.03434
56314.64504 18.35243 0.04336
56322.60046 18.26047 0.03448
56322.63022 18.29007 0.03028
56323.59943 18.24582 0.02759
56323.60059 18.22606 0.02442
56323.60172 18.18343 0.02404
56323.60284 18.26237 0.02311
56323.60396 18.19177 0.02229
56323.60508 18.21919 0.02257
56323.60621 18.20593 0.0226
56323.60734 18.19642 0.02189
56323.60846 18.20837 0.0223
56323.60959 18.22797 0.02157
56323.61071 18.24937 0.02295
56323.61183 18.21364 0.02195
56323.61297 18.246 0.02361
56323.61409 18.20254 0.02316
56323.61521 18.2062 0.02225
56323.61635 18.24092 0.02135
56323.61747 18.227 0.02295
56323.61859 18.247 0.0234
56323.61971 18.20997 0.02402
56323.62085 18.24704 0.02231
56323.62197 18.21327 0.02235
56323.62309 18.23365 0.02352
56323.62423 18.20406 0.02302
56323.62535 18.21427 0.02253
56323.62647 18.24334 0.02329
56323.62759 18.21282 0.02321
56323.62872 18.23392 0.02379
56323.62985 18.22693 0.0239
56323.63097 18.22794 0.0231
56323.6321 18.2757 0.02388
56323.63322 18.19412 0.02289
56323.63435 18.23097 0.0244
56323.63549 18.25037 0.02539
56323.63661 18.23014 0.02451
56323.63773 18.24682 0.02334
56323.63887 18.22583 0.02395
56323.63999 18.21608 0.02295
56323.64112 18.19736 0.02287
56323.64225 18.19188 0.02295
56323.64338 18.19876 0.02342
56323.6445 18.2244 0.0234
56323.64563 18.20017 0.0239
56323.64676 18.1908 0.02342
56323.64789 18.1732 0.02281
56323.64902 18.23111 0.02363
56323.65014 18.27374 0.02451
56323.65127 18.19092 0.02436
56323.6524 18.22988 0.02477
56323.65352 18.20381 0.02359
56323.65465 18.24899 0.02422
56323.65577 18.21055 0.02527
56323.65691 18.26199 0.02461
56323.65803 18.20922 0.02476
56323.65917 18.21373 0.02489
56323.66029 18.2295 0.0261
56323.66142 18.20783 0.02787
56323.66255 18.21877 0.02631
56323.66367 18.20223 0.02632
56323.6648 18.21375 0.02643
56323.66594 18.25765 0.02577
56323.66706 18.28396 0.02947
56323.66819 18.28329 0.03091
56323.66932 18.24957 0.03049
56323.67045 18.22861 0.0283
56323.67158 18.30453 0.02882
56323.67271 18.22221 0.02809
56323.67384 18.24112 0.02779
56323.67496 18.25173 0.02808
56323.67613 18.20702 0.02845
56323.67725 18.2837 0.03016
56323.67838 18.20369 0.02821
56323.67951 18.31552 0.02946
56323.68065 18.27662 0.02912
56323.68177 18.26542 0.02718
56323.6829 18.23722 0.03021
56323.68402 18.33294 0.03092
56323.68516 18.26872 0.03117
56323.68628 18.20937 0.0296
56323.68742 18.17846 0.0284
56323.68855 18.31792 0.02954
56323.68967 18.24522 0.02948
56323.69081 18.27851 0.03024
56323.69194 18.2404 0.03121
56323.69306 18.23859 0.03033
56323.6942 18.23965 0.03454
56323.69532 18.29747 0.03374
56323.69644 18.33859 0.03341
56323.69758 18.23475 0.03372
56323.6987 18.33071 0.03465
56323.69982 18.20784 0.03415
56323.70094 18.31687 0.03797
56323.70208 18.24422 0.03525
56323.7032 18.17188 0.03581
56323.70434 18.28493 0.03483
56323.70546 18.24967 0.03688
56323.70659 18.25834 0.03746
56323.70772 18.26538 0.04083
56323.70887 18.21087 0.04348
56323.71001 18.3485 0.04308
56323.71114 18.37547 0.04603
56323.71226 18.25994 0.04033
56323.7134 18.26556 0.04247
56323.71453 18.37472 0.0486
56323.71565 18.35793 0.04781
56323.71679 18.33606 0.05585
56323.71791 18.3224 0.05316
56323.71905 18.39819 0.06404
56323.72017 18.34381 0.05034
56323.7213 18.56916 0.0652
56323.72242 18.42833 0.05786
56323.72356 18.2493 0.05796
56323.72468 18.2785 0.06159
56323.72582 18.24843 0.0531
56323.72695 18.4769 0.06089
56323.72808 18.49869 0.06519
56323.72921 18.48967 0.06124
56323.73034 18.40872 0.05789
56323.73146 18.36003 0.06316
56323.73259 18.29145 0.06319
56323.73485 18.45731 0.06591
56324.6344 18.22874 0.02795
56324.67356 18.25023 0.02708
56328.60109 18.20286 0.02738
56328.63041 18.24631 0.02238
56329.6158 18.28635 0.03712
56330.60568 18.24173 0.02486
56330.63442 18.23875 0.0258
56336.60557 18.22531 0.02994
56336.6347 18.32778 0.03402
56337.61678 18.23157 0.02609
56337.646 18.22255 0.02763
56339.61462 18.26021 0.0435
56339.64973 18.4119 0.05088
56340.62168 18.22245 0.03079
56340.65261 18.2029 0.03355
56341.63432 18.16298 0.03288
56342.61542 18.29948 0.04092
56342.64414 18.26442 0.04375
56431.98143 18.20216 0.06594
56432.97832 18.23034 0.04397
56433.97522 18.30631 0.03451
56434.97306 18.13435 0.03429
56440.95678 18.23792 0.05521
56442.95121 18.19517 0.03708
56443.94843 18.23507 0.03184
56444.94545 18.31294 0.04379
56444.97977 18.35735 0.0616
56446.9404 18.2585 0.03078
56446.9746 18.22844 0.03803
56447.93827 18.18862 0.02517
56447.97245 18.2436 0.03344
56448.93551 18.25831 0.0248
56448.97043 18.22264 0.02986
56449.9322 18.24726 0.0233
56449.96744 18.19249 0.02315
56450.93056 18.20455 0.02331
56450.96471 18.20919 0.02761
56451.92757 18.22421 0.02782
56451.96268 18.21071 0.02632
56452.92487 18.16 0.02391
56452.95905 18.18351 0.02162
56453.9223 18.18671 0.02809
56453.95718 18.21762 0.02838
56454.91904 18.24615 0.0283
56454.9531 18.18088 0.02385
56455.91706 18.20909 0.02513
56455.95123 18.20129 0.02223
56456.91361 18.2524 0.02639
56456.94859 18.23035 0.02334
56457.91086 18.29101 0.02732
56457.9457 18.19315 0.02328
56458.90893 18.17982 0.02316
56458.94334 18.16452 0.02096
56459.90596 18.17718 0.02408
56459.94092 18.21349 0.02239
56460.9034 18.21325 0.02534
56460.93791 18.17009 0.02164
56461.90107 18.15885 0.02465
56461.93811 18.15898 0.02077
56462.89824 18.21464 0.02716
56462.93439 18.22992 0.02665
56463.89576 18.1979 0.03699
56463.93218 18.21906 0.02322
56469.87982 18.18191 0.03718
56469.91685 18.18333 0.03245
56471.87375 18.15597 0.03694
56471.91001 18.19557 0.03524
56473.86804 18.27707 0.05472
56473.90477 18.22362 0.04491
56475.86334 18.15982 0.03873
56475.9008 18.18147 0.03806
56476.86102 18.21871 0.0395
56476.89765 18.29692 0.05025
56477.85777 18.19571 0.05711
56485.83631 18.20196 0.03213
56486.83403 18.21731 0.02571
56486.87106 18.21021 0.02257
56488.83006 18.22457 0.02639
56488.86647 18.13995 0.02192
56489.82698 18.11817 0.02637
56489.86366 18.14283 0.02235
56491.82149 18.18489 0.07439
56491.8581 18.26548 0.04345
56498.802 18.20892 0.0498
56498.83888 18.22448 0.04699
56502.79167 18.23272 0.02943
56503.78903 18.18412 0.02391
56503.82769 18.15532 0.02327
56504.82017 18.2577 0.02807
56504.86992 18.21587 0.02335
56504.90811 18.23002 0.0216
56505.81768 18.25364 0.02628
56505.9509 18.19718 0.02263
56505.98842 18.18366 0.0294
56506.89349 18.18544 0.02705
56507.80198 18.18911 0.02367
56507.84712 18.18159 0.0215
56507.99891 18.23958 0.02393
56508.90167 18.16715 0.01725
56509.79634 18.16231 0.02175
56509.83877 18.18161 0.02057
56510.8262 18.15329 0.01838
56511.79111 18.17286 0.0214
56511.84089 18.19359 0.02057
56512.78788 18.25046 0.02482
56512.82519 18.18417 0.02254
56513.78624 18.16876 0.02159
56513.82352 18.2043 0.02005
56514.7834 18.1774 0.02226
56514.82081 18.22309 0.02079
56515.78106 18.20192 0.02382
56515.82231 18.18554 0.02071
56516.77774 18.1916 0.02202
56516.81437 18.15016 0.0184
56517.77605 18.25341 0.02325
56517.81715 18.23401 0.01889
56517.97309 18.24087 0.0187
56518.87478 18.16679 0.01845
56518.96686 18.19811 0.01908
56519.00311 18.21996 0.02002
56519.90443 18.18332 0.01745
56519.96504 18.20396 0.01763
56520.00171 18.147 0.01887
56520.90327 18.18006 0.01801
56520.95521 18.18797 0.01847
56520.99262 18.15229 0.01741
56521.89446 18.17399 0.01845
56521.95772 18.18672 0.01889
56521.99393 18.17482 0.01844
56527.76434 18.262 0.06305
56527.80142 18.20188 0.05717
56528.72198 18.20536 0.05467
56528.81982 18.30795 0.04232
56528.87422 18.15248 0.03857
56529.90241 18.17635 0.03384
56529.93849 18.21226 0.03551
56529.97462 18.28563 0.03836
56532.71221 18.21046 0.0263
56532.85928 18.17075 0.02145
56532.89645 18.20853 0.0201
56533.79895 18.21953 0.02063
56533.97228 18.20588 0.02207
56537.84525 18.17302 0.01742
56537.9874 18.16231 0.01732
56539.69386 18.20437 0.02686
56539.88447 18.16991 0.01739
56539.9215 18.19153 0.01735
56540.97669 18.16601 0.01874
56541.6883 18.21568 0.02766
56541.83165 18.21107 0.06139
56542.96698 18.177 0.01988
56544.00787 18.16532 0.02021
56546.67441 18.17758 0.02758
56546.75907 18.16736 0.02072
56546.94639 18.18939 0.01818
56547.84788 18.18391 0.01932
56548.0057 18.21028 0.0202
56548.66959 18.18157 0.03472
56548.70582 18.14206 0.02833
56548.74172 18.12532 0.02613
56549.66591 18.14255 0.03128
56549.70273 18.21458 0.02895
56549.73967 18.22287 0.02833
56550.66388 18.14226 0.03844
56550.6994 18.14455 0.03369
56550.73216 18.17478 0.03059
56551.66063 18.17487 0.0445
56551.72202 18.20164 0.03858
56551.75862 18.1628 0.0309
56552.66117 18.21139 0.04336
56552.71291 18.24907 0.04272
56552.74635 18.2056 0.03659
56561.66061 18.18984 0.02414
56561.89034 18.27275 0.02933
56561.92356 18.2019 0.02771
56562.93459 18.25205 0.02434
56563.02169 18.28844 0.03224
56563.6524 18.25744 0.02697
56563.6893 18.19755 0.02449
56563.77494 18.15498 0.02136
56564.72602 18.15792 0.02377
56564.99301 18.17969 0.02259
56565.02672 18.18762 0.02589
56565.92832 18.17657 0.0215
56565.98151 18.19785 0.02333
56566.01544 18.20881 0.02502
56566.91724 18.18889 0.02027
56566.96287 18.17842 0.02076
56566.99591 18.16146 0.02209
56567.8986 18.179 0.01793
56567.96702 18.18054 0.01833
56568.00039 18.1825 0.01958
56568.90245 18.19791 0.01875
56568.96343 18.1713 0.01995
56568.99843 18.22128 0.02416
56569.90084 18.19998 0.02101
56569.99803 18.22141 0.02495
56570.03082 18.24345 0.03301
56571.62526 18.19585 0.03436
56571.69052 18.27412 0.03334
56571.72419 18.35001 0.03373
56572.62632 18.14596 0.02582
56572.66032 18.18675 0.02353
56572.69287 18.18126 0.03259
56573.61429 18.22321 0.02875
56573.64765 18.16325 0.02427
56573.77817 18.17545 0.02016
56576.83948 18.17899 0.01896
56577.00541 18.20953 0.02669
56577.60601 18.22162 0.03608
56577.63144 18.18345 0.03318
56577.77306 18.16109 0.02379
56578.67217 18.19962 0.02628
56578.69674 18.21231 0.02597
56578.75347 18.2239 0.0247
56579.73584 18.16587 0.02816
56579.85963 18.23691 0.02871
56579.88516 18.15893 0.02704
56580.7875 18.1833 0.03113
56580.8553 18.17825 0.02929
56580.88022 18.1721 0.03013
56581.78167 18.26966 0.04343
56581.83883 18.21282 0.04099
56581.86464 18.28841 0.04386
56587.62864 18.1475 0.02125
56587.78993 18.16746 0.02897
56588.71625 18.18873 0.03746
56588.86644 18.17437 0.04092
56588.89281 18.17356 0.04134
56589.79481 18.17616 0.02353
56589.81959 18.24708 0.02297
56589.84642 18.21792 0.02353
56590.76387 18.19678 0.02296
56590.8749 18.22746 0.02346
56590.89969 18.18774 0.02454
56591.80204 18.25728 0.03855
56591.86057 18.19295 0.02186
56591.88508 18.19051 0.02375
56592.81972 18.1679 0.01944
56592.91348 18.13185 0.02427
56592.93852 18.19325 0.02496
56596.59731 18.18909 0.02604
56596.81771 18.25061 0.02598
56597.74425 18.21163 0.02461
56597.82393 18.26641 0.02785
56597.84943 18.28865 0.03216
56598.75163 18.18951 0.02377
56598.82179 18.23953 0.02622
56598.84855 18.19508 0.02301
56599.75014 18.19529 0.01973
56599.79577 18.18969 0.01941
56599.82112 18.2042 0.02116
56600.77441 18.14887 0.01979
56600.8753 18.14299 0.02222
56602.59024 18.21382 0.03072
56602.75501 18.42581 0.03922
56602.78065 18.30541 0.03081
56603.68227 18.23928 0.02442
56603.74296 18.18571 0.02382
56603.81581 18.17868 0.021
56604.73691 18.21225 0.02132
56604.92616 18.18933 0.02463
56605.64733 18.16796 0.02201
56605.67213 18.23019 0.02206
56606.58401 18.24917 0.04997
56606.60932 18.19445 0.03309
56606.64241 18.32219 0.05072
56607.82225 18.24529 0.0307
56607.84927 18.21619 0.025
56608.75086 18.19038 0.02947
56608.81398 18.18916 0.03041
56608.84048 18.22538 0.04164
56609.8617 18.13622 0.0322
56609.88847 18.14893 0.0337
56621.79766 18.15428 0.0249
56622.58588 18.17278 0.0224
56623.58717 18.21974 0.03259
56624.57999 18.19677 0.0246
56624.60429 18.16901 0.02092
56625.70494 18.14332 0.02055
56625.74386 18.19279 0.02081
56626.64578 18.21462 0.02214
56627.83411 18.12729 0.06361
56628.73144 18.16786 0.02357
56628.76212 18.1687 0.02493
56637.58042 18.209 0.03186
56637.60549 18.20979 0.03113
56639.58002 18.21818 0.03708
56639.60438 18.24108 0.03469
56640.58279 18.23749 0.03686
56640.61699 18.30609 0.04197
56648.58277 18.24482 0.02932
56648.61266 18.25114 0.02917
56649.57885 18.23699 0.03036
56649.60387 18.19468 0.02503
56650.58762 18.27877 0.02744
56653.61955 18.26127 0.03775
56658.58519 18.1875 0.02086
56658.62914 18.1909 0.02005
56659.58605 18.18573 0.02108
56659.61086 18.20542 0.021
56660.58569 18.20518 0.02324
56660.61029 18.13853 0.02046
56661.58623 18.15409 0.06087
56662.58587 18.21596 0.02733
56662.61038 18.31475 0.0316
56663.59143 18.17298 0.02259
56663.6171 18.18344 0.02124
56664.58594 18.13482 0.04916
56664.6104 18.12624 0.03047
56668.58721 18.18457 0.04685
56668.61177 18.13709 0.03036
56669.61423 18.15221 0.03936
56670.58877 18.31067 0.05264
56675.5969 18.13998 0.02121
56675.6459 18.20874 0.03003
56676.59181 18.19599 0.0254
56676.61781 18.17809 0.02239
56677.60718 18.13884 0.04894
56678.61458 18.14488 0.02201
56678.64019 18.21614 0.02299
56680.60724 18.19851 0.02504
56683.59693 18.18348 0.02328
56683.63252 18.11889 0.0222
56685.59847 18.16309 0.0387
56685.6471 18.21493 0.04577
56686.63379 18.17045 0.04462
56687.59886 18.20874 0.02425
56687.64144 18.21276 0.02331
56690.60286 18.18403 0.03048
56690.64549 18.21795 0.02973
56697.60505 18.19109 0.03099
56699.60928 18.15796 0.03907
56816.96412 18.16957 0.02602
56816.97531 18.138 0.03344
56817.96427 18.15799 0.02299
56817.97654 18.21321 0.03561
56818.96227 18.1667 0.02041
56818.97512 18.17227 0.03108
56819.96647 18.19734 0.0398
56819.97765 18.28296 0.05253
56820.96625 18.20906 0.03952
56820.97769 18.14412 0.05194
56821.96237 18.19179 0.04682
56821.9727 18.13649 0.04605
56822.96143 18.17595 0.03743
56822.97681 18.15522 0.04531
56823.96094 18.22144 0.0383
56823.97346 18.2014 0.04432
56824.96428 18.19256 0.03305
56824.97573 18.26993 0.03839
56825.96455 18.17646 0.03183
56825.97592 18.22952 0.0451
56826.96127 18.20057 0.03241
56826.97472 18.21118 0.0406
56827.96384 18.14663 0.0271
56827.97622 18.21495 0.0377
56828.9654 18.15512 0.02609
56828.97804 18.20084 0.03416
56829.96383 18.19003 0.02235
56829.97653 18.18614 0.02647
56830.96102 18.1805 0.02162
56830.97338 18.15838 0.02456
56831.96161 18.12783 0.01853
56831.97427 18.18063 0.02272
56832.9648 18.13715 0.01931
56832.97563 18.17063 0.02199
56833.96568 18.1573 0.02027
56833.97644 18.16726 0.02629
56834.96484 18.20883 0.01987
56834.9776 18.1632 0.02765
56835.96569 18.16442 0.02252
56835.97723 18.16155 0.02968
56836.96625 18.12989 0.01845
56836.97711 18.15388 0.02486
56837.96638 18.15 0.01834
56837.98211 18.17316 0.03439
56838.96389 18.15565 0.01776
56838.9786 18.14146 0.02637
56839.96511 18.13563 0.01791
56839.97834 18.12511 0.02422
56840.96951 18.14819 0.02004
56840.98137 18.21119 0.0302
56841.96857 18.18031 0.01947
56841.98075 18.17505 0.02609
56845.96726 18.15457 0.0189
56845.98002 18.14798 0.02211
56846.96666 18.14808 0.01757
56846.98115 18.2153 0.02094
56847.96648 18.17262 0.01764
56847.98151 18.14217 0.02004
56848.96743 18.17695 0.01815
56848.98312 18.16904 0.024
56849.96813 18.19898 0.03079
56849.98235 18.14192 0.03148
56850.96941 18.28783 0.05604
56850.98368 18.12967 0.04533
56851.97048 18.2032 0.03328
56851.98675 18.20127 0.03477
56854.96165 18.15752 0.02746
56854.98771 18.17929 0.02762
56855.96071 18.15359 0.02569
56855.98393 18.15279 0.02669
56856.96087 18.20812 0.03921
56856.98328 18.15876 0.03049
56858.96243 18.18554 0.02078
56858.98507 18.16541 0.02071
56859.96515 18.16783 0.01749
56859.98697 18.12215 0.02123
56861.96231 18.16826 0.01839
56861.98508 18.15244 0.0188
56862.9659 18.14745 0.01919
56862.98227 18.1496 0.01958
56863.94981 18.16394 0.01737
56864.94576 18.14138 0.0221
56864.96947 18.16518 0.02508
56865.92975 18.16484 0.02785
56865.96089 18.19645 0.01903
56867.98799 18.15964 0.01871
56868.96536 18.16389 0.01791
56868.98567 18.15718 0.01884
56869.96092 18.14645 0.01969
56869.98231 18.11191 0.01824
56870.96467 18.16899 0.018
56870.98635 18.1666 0.01829
56874.97428 18.18572 0.01673
56874.99622 18.13646 0.01876
56875.98151 18.15261 0.01913
56875.99752 18.17022 0.02032
56876.91773 18.15463 0.0176
56876.94717 18.14362 0.01669
56877.9745 18.17537 0.01758
56877.9957 18.1685 0.01837
56878.00741 18.14976 0.03005
56878.9086 18.13712 0.02684
56878.93847 18.18799 0.02625
56879.92838 18.17336 0.03246
56879.95816 18.16423 0.03242
56880.95792 18.23885 0.05457
56880.9882 18.15084 0.03639
56882.96877 18.17097 0.04345
56882.98848 18.16759 0.04202
56883.9421 18.07916 0.02542
56883.98158 18.16032 0.02735
56884.99956 18.18204 0.02607
56885.96448 18.15585 0.02171
56885.98159 18.16782 0.02113
56886.91453 18.15391 0.02032
56886.94264 18.18008 0.02084
56887.91623 18.15719 0.01905
56887.94902 18.18382 0.0194
56888.86519 18.17121 0.01738
56888.89905 18.16028 0.01717
56888.91008 18.16512 0.01772
56888.94196 18.19213 0.01804
56890.94091 18.15772 0.01761
56890.97479 18.17105 0.01856
56895.83087 18.15572 0.02278
56895.86667 18.12212 0.02409
56972.71463 18.1497 0.0219
56972.73749 18.12979 0.02398
56978.74407 18.15149 0.0224
56978.79927 18.19346 0.03278
56979.72374 18.26277 0.03352
56980.71766 18.19996 0.02289
56980.83416 18.20007 0.02278
56981.71538 18.15455 0.02102
56981.77818 18.2485 0.02165
56984.71333 18.22735 0.02969
56984.78092 18.24618 0.03765
56986.72544 18.22825 0.0248
56986.79095 18.23042 0.02923
56987.70535 18.17798 0.02407
56987.76948 18.21086 0.02518
56988.66321 18.23752 0.02461
56989.60286 18.1923 0.02365
56989.66828 18.00437 0.02355
56990.59847 18.19251 0.0241
56990.66232 18.19155 0.02222
56991.66882 18.26441 0.05976
57067.60784 18.21457 0.02799
57067.62545 18.22726 0.02805
57179.97424 18.2863 0.05459
57180.95646 18.2122 0.03578
57185.96692 18.29517 0.03241
57187.96362 18.26538 0.02499
57188.93765 18.2039 0.02254
57188.96808 18.17249 0.02371
57189.95594 18.21754 0.02283
57190.94422 18.27022 0.02602
57190.9766 18.30705 0.04514
57191.9217 18.29012 0.02636
57191.95614 18.19168 0.02456
57192.94672 18.24404 0.02605
57192.97846 18.24179 0.04803
57193.93573 18.23567 0.02487
57193.96862 18.26263 0.02861
57194.94374 18.23247 0.02395
57194.97431 18.23943 0.02972
57195.94595 18.26117 0.02725
57195.97546 18.33338 0.03889
57196.92539 18.20203 0.0323
57196.97637 18.27469 0.04104
57197.91796 18.20601 0.02562
57197.96971 18.2436 0.02767
57198.93165 18.26353 0.02517
57198.96479 18.20906 0.02377
57199.9472 18.2585 0.02703
57199.9815 18.27219 0.051
57207.95261 18.18036 0.03804
57207.98422 18.27423 0.03642
57208.90735 18.25843 0.03556
57208.94607 18.19104 0.03334
57209.93937 18.20259 0.03309
57209.97959 18.13852 0.03225
57210.9363 18.21588 0.02758
57210.97519 18.23328 0.02652
57211.94997 18.18096 0.02793
57211.98409 18.19825 0.03495
57212.9376 18.27954 0.0376
57212.97329 18.27197 0.04076
57214.96163 18.19932 0.02295
57216.93262 18.16454 0.02193
57216.97994 18.21844 0.02308
57218.92712 18.22333 0.02154
57218.977 18.25747 0.02246
57220.92305 18.24707 0.01902
57220.98129 18.23561 0.02063
57225.95176 18.22626 0.01917
57226.95332 18.22722 0.01841
57227.93417 18.26427 0.01887
57227.97035 18.20253 0.01789
57231.91879 18.20609 0.02042
57231.96902 18.2038 0.01771
57232.8829 18.19767 0.0286
57232.9489 18.20149 0.02308
57237.93379 18.24966 0.03415
57237.98326 18.1896 0.03472
57238.91268 18.20623 0.02483
57238.96563 18.22787 0.02525
57239.93796 18.17441 0.02425
57239.98313 18.22431 0.02539
57240.95317 18.1873 0.02316
57241.93368 18.18831 0.02548
57242.93933 18.20398 0.01977
57242.98523 18.26747 0.02036
57244.91131 18.22215 0.0196
57244.96611 18.19803 0.01821
57245.87591 18.18775 0.01888
57245.91376 18.24931 0.01792
57246.89995 18.21292 0.01941
57246.93423 18.20267 0.01892
57247.92574 18.19119 0.0176
57247.95614 18.16964 0.0173
57248.84393 18.16855 0.01875
57248.8782 18.21299 0.01961
57249.88436 18.24176 0.01853
57249.9163 18.24854 0.01847
57250.88236 18.17495 0.01884
57250.92114 18.20702 0.01971
57251.8693 18.20082 0.01901
57251.91419 18.19443 0.01811
57267.93864 18.33212 0.0447
57267.9816 18.34046 0.03161
57554.97044 18.26339 0.03033
57555.93989 18.18818 0.02424
57555.96363 18.19703 0.02416
57564.94449 18.28566 0.03855
57564.95195 18.25914 0.03814
57565.94418 18.18079 0.03098
57567.951 18.28246 0.03328
57567.97572 18.21034 0.03521
57568.92119 18.33354 0.03016
57568.97479 18.1924 0.03108
57569.92685 18.23959 0.0264
57570.93954 18.21403 0.02417
57571.91515 18.26615 0.02558
57571.96845 18.25798 0.02607
57572.94 18.25146 0.02373
57572.961 18.24772 0.02568
57573.95955 18.26237 0.02249
57574.96997 18.2136 0.02228
57575.96076 18.16693 0.02463
57576.95096 18.26499 0.0231
57577.97714 18.23839 0.0275
57578.93031 18.221 0.0246
57578.9597 18.23041 0.02232
57579.93833 18.232 0.023
57579.96636 18.20364 0.02461
57580.94991 18.24461 0.02389
57580.97641 18.22502 0.02703
57581.93908 18.24201 0.02302
57581.96061 18.27557 0.02288
57582.96612 18.1931 0.02169
57582.9889 18.17138 0.03776
57583.93612 18.23899 0.02056
57583.97225 18.23713 0.02287
57584.92871 18.21758 0.02094
57584.97404 18.21796 0.02208
57585.92275 18.22689 0.02534
57585.96134 18.24875 0.02345
57586.91575 18.21285 0.03436
57592.99636 18.2394 0.04411
57595.9848 18.19427 0.03067
57596.95384 18.1874 0.02841
57596.98786 18.24558 0.03188
57597.93735 18.22498 0.02571
57597.9794 18.20161 0.02492
57598.9281 18.21861 0.02402
57598.97263 18.20446 0.02393
57599.94579 18.28524 0.02511
57600.96483 18.22694 0.0238
57601.9531 18.18489 0.02267
57601.99102 18.22952 0.02507
57602.95616 18.22091 0.02382
57602.99208 18.24364 0.02491
57603.95654 18.22751 0.02293
57603.99274 18.25755 0.02597
57604.96148 18.25241 0.0229
57604.99535 18.1763 0.02415
57605.93926 18.21847 0.02058
57605.97693 18.2374 0.02119
57606.94732 18.20041 0.02219
57606.99101 18.21676 0.02146
57607.92659 18.20777 0.02188
57607.97806 18.28095 0.02361
57608.92515 18.23334 0.02235
57608.96585 18.22769 0.02158
57609.94301 18.23494 0.02462
57610.89516 18.25667 0.02473
57610.92695 18.24757 0.02229
57611.90199 18.22865 0.02357
57611.93252 18.20064 0.02376
57612.88937 18.19834 0.02292
57612.93148 18.19443 0.02208
57613.84046 18.2345 0.02827
57613.87193 18.21778 0.02384
57613.90353 18.24818 0.02103
57614.96436 18.22146 0.02254
57614.99496 18.21175 0.02217
57615.90761 18.17167 0.02929
57615.95637 18.20047 0.02204
57621.98607 18.25521 0.06386
57622.96114 18.36779 0.06046
57622.98808 18.21813 0.05428
57623.99038 18.38205 0.05297
57624.01266 18.27332 0.05383
57624.97236 18.26833 0.04235
57624.99829 18.30584 0.0432
57625.94454 18.24064 0.02937
