#mjd mag magerr
55061.92501 20.12134 0.066
55061.95573 20.13777 0.06165
55063.91987 20.23713 0.06231
55063.9639 20.14061 0.05578
55064.92128 20.16626 0.07343
55064.9656 20.14521 0.07216
55066.91014 20.28797 0.06985
55066.95474 20.14235 0.06059
55067.96099 20.19027 0.10709
55069.90324 20.18608 0.08229
55069.94786 20.22455 0.07324
55084.86328 20.43777 0.1279
55087.85609 20.2631 0.07901
55087.90101 20.23653 0.07405
55088.96983 20.08216 0.06608
55089.01521 20.38232 0.0813
55089.94574 20.35135 0.07717
55089.99042 20.26701 0.07346
55093.83741 20.10593 0.06716
55093.88196 20.16951 0.0668
55096.8292 20.05806 0.06448
55097.00858 20.07478 0.10741
55104.99862 20.18434 0.10026
55107.79764 19.92166 0.12997
55114.88125 20.22797 0.08468
55119.89538 20.24119 0.10636
55119.95365 20.24706 0.10031
55123.75696 20.14579 0.07774
55123.81523 20.24314 0.08286
55126.97957 20.48165 0.12099
55127.83329 20.33778 0.09779
55127.87706 20.11477 0.08733
55142.7036 20.13627 0.08367
55142.75219 20.21263 0.11985
55144.77886 20.05955 0.08003
55144.82305 20.15624 0.09545
55151.72943 20.06082 0.08493
55151.77257 20.29131 0.0846
55166.70473 20.40196 0.15308
55168.6775 20.37076 0.15651
55175.61224 20.07036 0.07253
55175.65684 20.24435 0.07303
55181.59421 20.16733 0.1141
55181.63825 20.06198 0.10131
55183.64253 20.10952 0.08684
55189.58054 20.46934 0.1262
55189.62557 20.11455 0.09052
55199.58559 20.00792 0.07621
55202.58667 19.97935 0.0915
55203.71441 19.92097 0.08524
55203.75743 20.04993 0.09529
55207.63092 20.00231 0.07703
55207.67514 20.1619 0.06802
55209.5968 19.97639 0.06066
55209.64149 20.01517 0.06676
55213.63312 20.07671 0.09558
55213.6798 20.01463 0.11715
55377.89535 20.21252 0.13449
55379.92482 20.39607 0.10278
55381.89606 20.22037 0.10029
55381.93934 20.07168 0.09419
55384.82671 20.21295 0.08516
55384.87028 20.14498 0.08217
55385.87021 20.05844 0.072
55385.91339 19.98375 0.07995
55386.86524 20.2699 0.08878
55386.90867 20.03142 0.07705
55387.87002 20.12823 0.0829
55387.91342 19.96982 0.0716
55388.91005 20.08067 0.0736
55390.85393 20.17244 0.11757
55391.87538 20.35718 0.09844
55392.83258 20.26874 0.10115
55392.87538 20.17407 0.09363
55394.79908 20.10573 0.12829
55394.8431 20.12156 0.084
55395.79551 20.29789 0.11447
55395.84215 20.21612 0.09912
55396.79527 20.21475 0.12297
55396.83932 20.20761 0.08311
55397.79163 19.94737 0.13029
55397.83526 20.32567 0.10709
55398.83124 20.34774 0.11232
55399.78802 20.0098 0.1722
55399.83261 20.41157 0.13368
55400.8289 20.41574 0.13752
55405.8416 20.14203 0.13971
55411.79896 20.35358 0.13181
55413.79945 19.88121 0.12656
55414.75161 19.92447 0.1561
55414.79555 20.21148 0.13138
55418.79843 19.92207 0.13725
55421.73664 20.12464 0.08612
55421.79901 20.2063 0.0743
55422.75115 20.28776 0.12755
55422.79487 20.1796 0.07611
55423.74742 20.26965 0.09971
55423.79284 20.12426 0.09112
55424.75349 20.03195 0.11099
55424.80178 20.224 0.08766
55425.76166 20.09412 0.11181
55425.80573 20.19153 0.065
55426.80123 20.22482 0.10871
55426.8444 20.2716 0.07548
55427.79708 20.22689 0.10966
55427.8408 20.27065 0.0964
55428.79281 20.23434 0.10419
55428.83703 20.33282 0.11941
55429.8142 20.2085 0.10955
55429.85716 20.12197 0.09913
55430.75769 19.8373 0.15835
55430.80485 20.4245 0.12521
55432.73907 20.26853 0.19479
55434.73769 20.52083 0.20554
55436.88575 19.9527 0.1423
55436.88891 20.22753 0.10657
55436.8919 20.01424 0.12087
55436.89797 20.20987 0.11849
55436.9042 20.5605 0.14037
55436.91041 20.28999 0.13877
55436.91641 20.15942 0.18996
55436.94915 20.33119 0.12958
55436.9553 20.0885 0.18545
55436.96671 20.16937 0.16115
55438.89169 20.37405 0.14216
55438.89485 20.13878 0.14527
55438.89798 20.22766 0.14436
55438.90086 20.2236 0.15087
55438.90371 20.39139 0.11566
55438.91204 20.37529 0.13896
55438.91763 20.22136 0.13127
55438.92672 20.31213 0.13056
55438.92954 20.20429 0.13716
55438.93259 20.28404 0.14259
55438.93833 19.92448 0.14548
55438.94106 20.13538 0.15486
55438.94411 20.47591 0.15638
55438.95017 20.40469 0.13556
55438.95913 20.05248 0.15905
55438.96141 20.13685 0.17455
55440.87507 20.15466 0.08798
55440.87823 20.1114 0.08515
55440.88428 20.21957 0.07535
55440.88675 20.22574 0.09657
55440.8894 20.24052 0.08726
55440.89205 20.24165 0.08464
55440.89518 20.31385 0.09318
55440.89832 20.17942 0.08704
55440.90145 20.15884 0.08074
55440.90439 20.29292 0.09048
55440.90729 20.16013 0.09174
55440.91025 20.30846 0.08576
55440.91316 20.18616 0.08705
55440.91591 20.23797 0.09125
55440.9187 20.2228 0.08743
55440.92149 20.38186 0.09433
55440.92426 20.11917 0.07965
55440.93095 20.3881 0.09504
55440.93364 20.38415 0.08448
55440.93623 20.10749 0.08556
55440.9395 20.2776 0.12049
55440.94264 20.01829 0.10465
55440.94582 20.24835 0.08343
55440.94883 20.12888 0.07914
55440.95182 20.18225 0.11341
55440.95489 20.35219 0.09849
55440.95791 20.16502 0.08854
55441.87301 20.10931 0.0748
55441.87592 20.08122 0.07713
55441.88645 20.03054 0.06444
55441.88962 20.2606 0.08116
55441.89254 20.32742 0.09987
55441.89542 20.19589 0.0788
55441.89828 20.12366 0.0833
55441.90107 20.22165 0.07845
55441.9037 20.1378 0.07424
55441.90634 20.25797 0.08004
55441.90906 20.34908 0.08414
55441.9118 20.19487 0.07514
55441.91445 20.22927 0.07961
55441.91722 20.31216 0.08623
55441.91981 20.17331 0.09257
55441.92242 20.19823 0.07383
55441.92546 20.38476 0.0783
55441.9281 20.11173 0.07613
55441.93183 20.14811 0.082
55441.93458 20.17455 0.07242
55441.93727 20.13631 0.08848
55441.94048 20.2722 0.08302
55441.94326 20.20816 0.07606
55441.94546 20.14689 0.07814
55441.94852 20.16411 0.07531
55441.95194 20.23374 0.07312
55441.95469 20.24984 0.0789
55441.95786 20.28389 0.08341
55441.96081 20.34253 0.0907
55441.96392 20.11395 0.07583
55441.96715 20.27229 0.0781
55441.97012 20.19294 0.07973
55441.97294 20.36046 0.08264
55441.97532 20.27307 0.08234
55441.97757 20.22442 0.09179
55441.9798 20.20662 0.07834
55441.9835 20.29845 0.08069
55441.9863 20.14149 0.08968
55441.98852 20.29098 0.0819
55441.99078 20.05092 0.0668
55441.99382 20.17351 0.08669
55442.00593 19.9867 0.08031
55442.00906 20.30949 0.11018
55442.01216 20.22463 0.10498
55442.01486 20.14894 0.0987
55442.02001 20.25646 0.13518
55442.70382 20.17219 0.10201
55442.70734 20.2534 0.10187
55442.71097 20.22005 0.09186
55442.71448 19.87887 0.09803
55442.71808 20.23729 0.09138
55442.72168 20.11744 0.08631
55442.72527 20.30971 0.11416
55442.73272 20.17337 0.08449
55442.74184 20.09605 0.08251
55442.74882 20.25608 0.0758
55442.75572 20.19877 0.08266
55442.76147 20.16853 0.07949
55442.76615 20.13096 0.07771
55442.77616 20.25522 0.08631
55442.78135 20.18215 0.07993
55442.78615 20.22894 0.08145
55442.79145 20.36003 0.07742
55442.79615 20.21731 0.08832
55442.80186 20.25059 0.07849
55442.8093 20.19156 0.07117
55442.81443 20.10565 0.07297
55442.81939 20.03761 0.07659
55442.82447 20.14361 0.0781
55442.8293 20.04275 0.07505
55442.83541 20.11767 0.07788
55442.84012 20.18339 0.08169
55442.84597 20.29446 0.08337
55442.85112 20.23917 0.10241
55442.85657 20.20117 0.07844
55442.86387 20.22551 0.08196
55442.87002 20.09065 0.07602
55442.87503 20.2337 0.08068
55442.88048 20.16515 0.07184
55442.88617 19.99317 0.0777
55442.89221 20.32142 0.08594
55442.89785 20.09134 0.07913
55442.90297 20.20808 0.07836
55442.90871 20.12544 0.08395
55442.91368 20.09797 0.07176
55442.91875 20.12811 0.07638
55442.92384 20.16069 0.07153
55442.93037 20.1551 0.07946
55442.93642 20.21585 0.08417
55442.94588 20.31994 0.10335
55442.95166 20.13503 0.07481
55442.95754 20.21697 0.07445
55442.96246 20.06668 0.08019
55442.96833 20.1838 0.08464
55442.97317 20.28764 0.08422
55442.97782 20.13511 0.07994
55442.98206 20.12935 0.07612
55442.9872 20.32025 0.07915
55442.99348 20.28362 0.08144
55442.99858 20.12748 0.07551
55443.00329 20.17517 0.07309
55443.01002 20.14574 0.08408
55443.01702 20.02858 0.10731
55443.69287 20.22208 0.12195
55443.70415 20.43653 0.11657
55443.71028 20.08731 0.09
55443.71632 20.23709 0.12384
55443.72231 20.15452 0.09628
55443.72832 20.17886 0.08998
55443.736 20.16852 0.09666
55443.74306 20.18598 0.07967
55443.74812 20.20863 0.07828
55443.75372 20.25631 0.09177
55443.75946 20.1643 0.0854
55443.76526 20.28235 0.09347
55443.77007 20.24773 0.09548
55443.78539 20.47496 0.10317
55443.79156 20.26957 0.08318
55443.79717 20.21181 0.07678
55443.80302 20.37466 0.07329
55443.80895 20.15314 0.0757
55443.81493 20.17755 0.08041
55443.8204 20.47871 0.11596
55443.82634 20.2219 0.07112
55443.83239 20.27991 0.0744
55443.83783 20.203 0.07419
55443.84415 19.93841 0.06231
55443.84958 20.15414 0.06886
55443.85553 20.24361 0.07949
55443.86252 20.12463 0.06531
55443.87576 20.42633 0.07772
55443.88141 20.28185 0.07179
55443.88892 20.22914 0.07501
55443.89412 20.06338 0.06862
55443.90077 20.20012 0.07198
55443.90658 20.18178 0.07083
55443.91235 20.19349 0.0751
55443.91779 20.0153 0.09333
55443.92403 20.45223 0.09011
55443.92967 20.28234 0.08059
55443.93496 20.33609 0.09859
55443.94073 20.17606 0.08188
55443.94779 19.90281 0.08789
55443.95355 20.11768 0.07268
55443.95925 20.08947 0.07261
55443.9693 20.1171 0.08572
55443.97555 20.16343 0.08077
55443.98144 20.33053 0.0863
55443.98725 20.34404 0.08584
55443.99456 20.40375 0.11656
55444.00093 20.12085 0.09166
55444.0061 20.18857 0.0832
55444.01187 20.2234 0.08219
55444.0175 20.27255 0.10509
55444.02231 20.18432 0.16596
55444.68857 20.28608 0.10916
55444.71487 19.98728 0.08428
55444.72103 20.40656 0.09719
55444.72796 20.23423 0.11673
55444.73377 20.20535 0.09407
55444.74094 20.36142 0.09178
55444.74655 19.90902 0.06893
55444.75167 20.36919 0.09007
55444.75678 20.30287 0.08676
55444.76225 20.1186 0.07049
55444.7673 20.22505 0.07678
55444.77353 20.3059 0.09197
55444.77876 20.15044 0.08119
55444.78368 20.30039 0.0829
55444.79848 20.20188 0.07668
55444.80403 20.29289 0.08407
55444.81599 20.22622 0.07877
55444.8213 20.19095 0.07588
55444.83332 20.33 0.0877
55444.83854 20.20076 0.06919
55444.84549 20.20833 0.07369
55444.85161 20.0603 0.06694
55444.85679 20.01139 0.06712
55444.86267 20.21417 0.08289
55444.86777 20.32097 0.10796
55444.87321 20.25432 0.07551
55444.87872 20.22514 0.08558
55444.88467 20.15012 0.0773
55444.89016 20.29031 0.10188
55444.89581 20.51949 0.09628
55444.90153 20.13105 0.0699
55444.90845 20.06332 0.07857
55444.91349 20.26279 0.06931
55444.92279 20.38151 0.08258
55444.93139 20.09733 0.06691
55444.94041 20.21814 0.06778
55444.94568 20.08569 0.0671
55444.951 20.41259 0.08679
55444.95724 20.15035 0.07827
55444.96289 20.1422 0.06759
55444.96923 20.09345 0.0699
55444.97411 20.16935 0.08617
55444.98062 20.1983 0.07428
55444.98915 20.22447 0.08906
55444.99553 20.18969 0.07758
55445.00157 20.21918 0.07959
55445.00779 20.31598 0.08816
55445.01282 20.07238 0.11206
55445.02227 20.15786 0.15985
55445.66261 20.35823 0.14318
55445.66749 20.21641 0.10802
55445.67244 20.12975 0.10946
55445.68422 20.25456 0.10209
55445.69681 20.45921 0.10108
55445.70294 20.40182 0.10759
55445.70921 19.99002 0.0811
55445.73457 20.23033 0.0959
55445.74013 20.14366 0.07819
55445.7456 20.36457 0.09489
55445.75096 20.21359 0.10168
55445.75643 20.32876 0.09627
55445.76191 20.24805 0.11297
55445.76784 20.2488 0.08078
55445.7737 20.27923 0.08756
55445.779 20.14005 0.0769
55445.78479 20.13221 0.07948
55445.79025 20.2469 0.07887
55445.79613 20.09991 0.06512
55445.81095 20.16678 0.07938
55445.81845 20.12422 0.0687
55445.82455 20.25072 0.06669
55445.83024 20.13841 0.07178
55445.84021 20.30088 0.08199
55445.84549 20.26464 0.07211
55445.85174 20.26247 0.0706
55445.85762 20.22852 0.07762
55445.8636 20.33142 0.07062
55445.86963 20.14607 0.06215
55445.87567 20.10688 0.0597
55445.88207 20.24785 0.06389
55445.88844 20.02526 0.06321
55445.89432 20.41101 0.07689
55445.89983 20.16185 0.06498
55445.90668 20.31664 0.06484
55445.91299 20.20809 0.06621
55445.91722 20.41401 0.07568
55445.92351 20.11242 0.06258
55445.92915 20.32051 0.06738
55445.93496 20.24957 0.0622
55445.94048 20.19919 0.06941
55445.95216 20.17992 0.06781
55445.95886 20.19228 0.0703
55445.97191 20.0886 0.06491
55445.97872 20.19322 0.07121
55445.98437 20.06534 0.0593
55445.98972 20.22837 0.07528
55445.99581 20.15645 0.06581
55446.00245 20.16522 0.06821
55446.00827 20.09246 0.06619
55446.01324 20.14778 0.07789
55446.01787 20.093 0.08391
55446.0233 20.33648 0.14776
55446.66046 20.04831 0.12499
55446.67089 20.35758 0.10528
55446.67601 20.31525 0.12406
55446.68915 20.41551 0.10157
55446.70044 20.43373 0.1077
55446.70781 20.48892 0.10129
55446.71375 20.15448 0.12325
55446.71998 20.08456 0.07757
55446.7269 20.39615 0.10728
55446.73768 20.38989 0.10619
55446.74263 20.019 0.08987
55446.74841 20.21482 0.0865
55446.75986 20.19188 0.07651
55446.76487 20.1017 0.07078
55446.77004 20.22109 0.0723
55446.77518 20.13022 0.07048
55446.78018 20.25354 0.08109
55446.78654 20.15335 0.07531
55446.79243 20.23583 0.07323
55446.79818 20.09064 0.07011
55446.80822 20.10798 0.08171
55446.81336 20.25542 0.0712
55446.81934 20.16667 0.07191
55446.82569 20.27509 0.0689
55446.83186 20.24134 0.0709
55446.83803 20.11197 0.07014
55446.84316 20.16409 0.06824
55446.84946 20.17462 0.06332
55446.85529 20.20673 0.08233
55446.86132 20.1376 0.08436
55446.86741 20.08642 0.07166
55446.87321 20.23917 0.07035
55446.87945 20.10151 0.06864
55446.88583 20.22167 0.07631
55446.89176 20.12633 0.06576
55446.89901 20.39222 0.08478
55446.90569 20.25208 0.07428
55446.91293 20.11992 0.06304
55446.91958 20.16188 0.06942
55446.92538 20.33695 0.07736
55446.93113 20.17459 0.06652
55446.93686 20.23478 0.07231
55446.94237 20.22481 0.0635
55446.94842 20.21104 0.07451
55446.95451 20.1778 0.07091
55446.96034 20.25066 0.07008
55446.96641 20.10358 0.06764
55446.97287 20.27409 0.07439
55446.97827 20.10548 0.06971
55446.98464 20.28768 0.0706
55446.99026 20.1067 0.06224
55446.99646 20.13144 0.06211
55447.00329 20.24534 0.07721
55447.02248 20.49233 0.14636
55448.00377 20.2019 0.08337
55449.82958 20.10938 0.08822
55449.87259 20.40971 0.07949
55450.82585 20.10399 0.07418
55450.86998 20.02307 0.07338
55451.65338 20.07203 0.11039
55451.70095 20.31348 0.1226
55452.64792 20.07694 0.11298
55452.69243 20.24598 0.09607
55453.64519 20.03368 0.11639
55453.6895 20.34926 0.11278
55454.64058 20.04251 0.15097
55454.68793 20.40517 0.11665
55455.7154 20.05766 0.13586
55456.67702 20.18351 0.15514
55458.66069 19.94349 0.10671
55458.7057 20.16469 0.12837
55459.63016 20.12357 0.19612
55460.72453 20.16083 0.15356
55463.71104 20.03732 0.15386
55466.62134 20.19538 0.12616
55466.6231 20.3671 0.12075
55466.63143 20.13423 0.10697
55468.7394 20.21783 0.09753
55468.78277 20.26566 0.13383
55469.73472 20.18488 0.17269
55470.82246 20.18173 0.10583
55471.77466 20.01543 0.06838
55471.82993 20.25308 0.11555
55472.62548 20.08154 0.10527
55472.66936 19.99868 0.08152
55473.62096 20.26158 0.11115
55477.66775 20.30893 0.09529
55477.71276 20.05742 0.0854
55478.62384 20.36026 0.14255
55478.66775 20.35674 0.09319
55479.61565 20.09656 0.11039
55479.65968 19.96206 0.09589
55480.61506 20.23082 0.10896
55480.65805 20.24897 0.11146
55481.61182 19.96633 0.0944
55481.69382 20.15579 0.07267
55482.66188 20.13314 0.09048
55482.67843 20.04044 0.0813
55483.61039 20.29851 0.11989
55483.66512 20.07501 0.08318
55484.66377 20.04176 0.09041
55484.70695 20.21184 0.09282
55485.66329 20.30558 0.11475
55486.61418 19.91489 0.12788
55498.71756 20.18332 0.08802
55498.79 20.00341 0.09383
55499.59404 20.19282 0.13337
55499.63881 20.31007 0.09398
55501.75706 20.24469 0.0823
55502.72145 20.47739 0.10049
55503.8732 20.00591 0.10171
55504.82418 20.22282 0.08572
55504.91868 20.24878 0.11305
55506.68972 20.16583 0.10646
55506.73387 20.25434 0.07961
55507.81368 20.27977 0.11
55513.658 20.41408 0.11166
55513.7418 20.38661 0.09876
55514.69377 20.21369 0.10687
55514.73749 20.48717 0.12167
55515.69951 20.26137 0.11508
55515.74236 20.40144 0.15884
55516.67238 20.23468 0.14634
55517.61497 20.16888 0.15137
55517.6584 20.51923 0.14355
55527.74242 20.38959 0.10268
55530.75072 19.96663 0.11075
55532.78408 20.24006 0.09251
55532.82836 20.19158 0.1018
55535.68432 20.181 0.08405
55537.58157 20.30875 0.13297
55537.62557 20.11679 0.12607
55538.57995 20.0674 0.08539
55538.62381 20.06884 0.07649
55539.58012 20.17735 0.10134
55539.62283 20.11615 0.07651
55540.61811 19.97279 0.08076
55540.66215 20.36402 0.09372
55541.61644 20.24062 0.09679
55541.65945 20.04085 0.1277
55544.59603 20.23787 0.13231
55544.64191 20.20247 0.12188
55545.59598 20.30623 0.13263
55558.75663 20.54752 0.12666
55561.73304 20.27811 0.1198
55567.59621 19.92235 0.09857
55580.66998 19.97573 0.15905
55583.61703 20.23069 0.09147
55583.66119 20.40999 0.11997
55584.63985 20.43575 0.10268
55584.68286 20.11244 0.12335
55586.61685 20.20504 0.09446
55586.66038 20.22735 0.10849
55722.89872 20.26159 0.15336
55723.91976 20.37835 0.15045
55723.9634 20.25776 0.13994
55730.92322 20.19506 0.20569
55733.91212 20.43616 0.12058
55750.87598 20.17848 0.09495
55759.89212 20.3717 0.12696
55766.7805 20.17036 0.18465
55766.83041 20.19306 0.0982
55768.82037 20.07202 0.16425
55769.80074 20.12927 0.08507
55769.84468 19.96993 0.08158
55770.78189 20.07527 0.0909
55770.82573 20.17727 0.08856
55771.78074 20.29358 0.11422
55771.82449 20.19072 0.09601
55774.80363 20.24007 0.10888
55779.79086 20.14043 0.09738
55780.74948 20.1973 0.17432
55780.79415 20.32128 0.09785
55782.7508 20.11068 0.13936
55782.7956 20.28053 0.12438
55790.77463 20.1058 0.15899
55793.74743 20.18301 0.13847
55793.79097 20.27368 0.11979
55794.75972 20.33901 0.09207
55812.65876 20.39835 0.20585
55818.70874 20.01311 0.18095
55821.63464 20.37849 0.11848
55822.67415 20.4209 0.12847
55823.62908 20.0591 0.14575
55823.67275 20.31751 0.11915
55824.62608 20.22621 0.16166
55824.6697 20.27228 0.12377
55838.65944 20.15087 0.15777
55849.65079 20.02434 0.15641
55850.60468 20.27071 0.10568
55850.64918 20.23111 0.13037
55851.60318 20.2173 0.14084
55851.64641 20.376 0.1175
55852.6481 20.30708 0.12635
55853.60163 20.33056 0.10736
55853.6463 20.15996 0.11243
55854.60164 20.47845 0.1348
55854.64607 20.31705 0.09668
55866.64679 20.02672 0.11567
55867.63053 20.12418 0.13897
55882.86968 20.50327 0.13
55887.63181 20.48389 0.13559
55887.68352 20.2704 0.10892
55889.80049 20.53952 0.09819
55889.84447 20.1626 0.10238
55891.6225 20.2697 0.10049
55893.58261 20.46162 0.12168
55916.59575 20.16436 0.12791
55916.64026 20.10211 0.09978
55922.6423 20.41856 0.11999
55923.64145 20.25943 0.14071
55924.60837 20.7021 0.12629
55925.67897 20.47772 0.10923
55926.58279 20.2856 0.11291
55926.62543 20.51917 0.12905
55936.65247 20.3525 0.16192
55943.69972 20.16575 0.12168
55943.74446 20.50438 0.19275
55944.64379 20.40219 0.11837
55944.67224 20.73535 0.13617
55947.59349 20.39726 0.12392
55952.60617 20.477 0.13787
55952.64932 20.19711 0.10779
55953.64127 20.35139 0.14256
56079.94994 20.6519 0.14965
56089.9375 20.19396 0.19484
56091.93224 20.17417 0.17034
56091.96189 20.63006 0.20694
56092.88532 20.00361 0.13426
56092.94551 20.57101 0.19255
56094.90895 20.40545 0.16889
56096.91464 20.54219 0.14918
56096.94475 20.14 0.12526
56099.86796 20.35152 0.14756
56099.8979 20.10375 0.10247
56099.92867 20.38011 0.09595
56102.91975 20.08309 0.10206
56106.90907 20.65877 0.13005
56108.92686 20.32541 0.12726
56109.93363 20.35521 0.16206
56116.90131 20.65602 0.17346
56116.96078 20.32295 0.17697
56117.92405 20.20638 0.16947
56123.86323 20.33077 0.11998
56125.83541 20.35775 0.13565
56127.84219 20.39215 0.16236
56127.87262 20.55233 0.12302
56128.8509 20.49695 0.11657
56129.81763 20.32802 0.12077
56129.84839 20.27272 0.13095
56130.81619 20.35951 0.15696
56130.84603 20.41917 0.13031
56131.84966 20.50131 0.13118
56131.87991 20.56574 0.14187
56132.81342 20.46299 0.11376
56133.83817 20.51534 0.13145
56135.80558 20.62358 0.12045
56135.8357 20.28482 0.09656
56136.81139 20.73903 0.14776
56136.84105 20.4553 0.124
56137.77719 20.71173 0.19495
56144.82138 20.23283 0.16545
56147.75046 20.79582 0.16085
56147.81614 20.07877 0.14814
56148.73743 20.56772 0.14938
56148.76798 20.36359 0.12067
56151.84315 20.61731 0.08889
56151.87618 20.47399 0.08278
56151.91621 20.33587 0.07363
56164.86055 20.3213 0.07413
56164.89061 20.37488 0.0739
56164.92052 20.45772 0.07911
56165.82275 20.25652 0.08886
56165.88255 20.43632 0.07827
56166.78411 20.23304 0.14476
56166.82415 20.62615 0.11856
56166.85436 20.5682 0.10327
56167.76082 20.55439 0.10887
56167.79008 20.60391 0.14685
56167.82893 20.6129 0.14156
56168.76135 20.12557 0.16767
56177.67775 20.5543 0.11508
56177.71467 20.2859 0.09287
56177.7448 20.28103 0.08763
56178.7245 20.34343 0.09264
56178.75548 20.44974 0.10136
56194.73072 20.48151 0.12905
56197.65122 20.26566 0.19687
56207.71676 20.44767 0.18968
56233.75399 20.33842 0.15682
56234.68453 20.32514 0.14835
56235.64419 20.38013 0.11815
56236.61561 20.6046 0.13604
56237.61509 20.54923 0.10976
56238.61531 20.33548 0.12375
56239.61141 20.41226 0.12725
56251.83071 20.44361 0.12026
56251.86073 20.51329 0.10969
56252.58576 20.34325 0.10392
56252.60631 20.39126 0.1122
56252.62487 20.4195 0.12789
56252.64555 20.44092 0.10278
56252.66096 20.62436 0.12139
56252.71706 20.73736 0.12738
56252.73499 20.53415 0.10661
56252.75258 20.45707 0.09193
56252.78929 20.25987 0.1234
56252.80517 20.24048 0.10408
56252.821 20.67485 0.11611
56252.83831 20.42396 0.09331
56252.85634 20.40146 0.12268
56253.58621 20.06049 0.12647
56253.62054 20.52714 0.12727
56253.63682 20.56714 0.11511
56253.6539 20.60377 0.12195
56253.6721 20.71474 0.16775
56253.70902 20.24338 0.13324
56253.75003 20.28214 0.14218
56253.82956 20.77763 0.16274
56253.85372 20.37274 0.10827
56254.74613 20.37855 0.16524
56256.62657 20.69535 0.16436
56265.629 20.24942 0.10306
56265.6592 20.3763 0.11916
56267.58751 20.33607 0.12345
56267.61751 20.50251 0.15421
56268.59364 20.338 0.09038
56268.62314 20.32266 0.09456
56269.58319 20.41512 0.11435
56269.58435 20.32366 0.08908
56269.58546 20.36575 0.09297
56269.58657 20.38326 0.09139
56269.58771 20.49809 0.09777
56269.58893 20.44404 0.09825
56269.59006 20.38608 0.08127
56269.59133 20.41792 0.11976
56269.59245 20.44793 0.09378
56269.59364 20.43272 0.10745
56269.59478 20.42984 0.09937
56269.596 20.30397 0.09269
56269.59713 20.23274 0.08897
56269.59843 20.52439 0.09487
56269.59956 20.33414 0.09266
56269.60977 20.31989 0.11727
56269.61093 20.29741 0.08199
56269.6121 20.27281 0.09868
56269.61321 20.30432 0.08299
56269.61434 20.37057 0.08531
56269.61547 20.30079 0.09947
56269.61659 20.31652 0.09467
56269.61773 20.28915 0.10237
56269.61884 20.41394 0.09559
56269.61995 20.62496 0.09507
56269.62115 20.2688 0.12576
56269.6223 20.59742 0.10968
56269.62343 20.42906 0.10617
56269.62457 20.34438 0.09781
56269.62569 20.28624 0.07968
56269.62688 20.31643 0.0847
56269.628 20.39896 0.09358
56269.6375 20.31068 0.12876
56269.63881 20.35083 0.08648
56269.64001 20.51661 0.08507
56269.64114 20.51141 0.08748
56269.64226 20.48959 0.09408
56269.64337 20.45692 0.08858
56269.6445 20.31075 0.08238
56269.64562 20.20967 0.08088
56269.64675 20.3989 0.10438
56269.64789 20.60295 0.09067
56269.64905 20.42642 0.08338
56269.65017 20.41879 0.08239
56269.65129 20.53853 0.08856
56269.65247 20.33658 0.08686
56269.65359 20.44409 0.09017
56269.65585 20.39425 0.09496
56269.65698 20.40672 0.09358
56269.65819 20.47076 0.13418
56269.65932 20.56695 0.09677
56269.66055 20.60578 0.08678
56269.66167 20.35884 0.08969
56269.66279 20.23408 0.08956
56269.66393 20.35974 0.0805
56269.66595 20.1954 0.08998
56269.66717 20.38093 0.08488
56269.66829 20.36492 0.08403
56269.66952 20.50153 0.08529
56269.67184 20.43975 0.08348
56269.673 20.36172 0.08967
56269.67412 20.38131 0.0844
56269.67533 20.31439 0.07979
56269.67646 20.37997 0.08916
56269.6776 20.32709 0.08291
56269.67883 20.35174 0.09139
56269.67997 20.23299 0.07822
56269.6812 20.59873 0.0822
56269.68232 20.43649 0.07483
56269.68343 20.35902 0.0726
56269.68473 20.21997 0.0832
56269.68592 20.33226 0.08142
56269.68705 20.35675 0.0881
56269.68816 20.15848 0.0793
56269.68929 20.28509 0.0865
56269.69041 20.47558 0.08391
56269.69157 20.50681 0.08318
56269.69269 20.24182 0.075
56269.69383 20.30544 0.10008
56269.69496 20.56016 0.09988
56269.69608 20.25259 0.08798
56269.69898 20.44208 0.07582
56269.70126 20.29343 0.08571
56269.70241 20.46387 0.0804
56269.70357 20.35466 0.08347
56269.70468 20.37204 0.08967
56269.70581 20.47293 0.09009
56269.70705 20.30672 0.08411
56269.70816 20.28423 0.076
56269.70937 20.47733 0.08431
56269.7105 20.35383 0.08988
56269.71167 20.58326 0.09905
56269.7128 20.48787 0.08798
56269.71403 20.44303 0.09268
56269.71516 20.38732 0.08309
56269.7163 20.47471 0.09778
56269.72641 20.38036 0.08767
56269.72763 20.50312 0.0805
56269.72875 20.49048 0.09228
56269.72987 20.26334 0.0779
56269.731 20.36118 0.0742
56269.73213 20.37314 0.09108
56269.73326 20.45441 0.09297
56269.73438 20.31978 0.08497
56269.73557 20.35988 0.08098
56269.73682 20.45626 0.09119
56269.73796 20.52239 0.08299
56269.73911 20.49438 0.08087
56269.74036 20.35638 0.08239
56269.74147 20.39585 0.08997
56269.74272 20.50288 0.0906
56269.74391 20.42459 0.09537
56269.74502 20.45191 0.09057
56269.7462 20.46721 0.08897
56269.74734 20.43069 0.09475
56269.74846 20.35677 0.09347
56269.74961 20.34783 0.08528
56269.75074 20.45431 0.09668
56269.75201 20.52086 0.12327
56269.75316 20.30832 0.09545
56269.75429 20.55273 0.09655
56269.75553 20.42444 0.08077
56269.75665 20.396 0.09487
56269.75779 20.48432 0.09838
56269.75895 20.38191 0.08369
56269.76008 20.378 0.08929
56269.76123 20.53964 0.10336
56269.76235 20.24553 0.08578
56269.76348 20.49827 0.09057
56269.76459 20.34503 0.09716
56269.76573 20.33458 0.08966
56269.78036 20.48476 0.12135
56269.78151 20.5552 0.09987
56269.78391 20.52672 0.12523
56269.78511 20.41822 0.08867
56269.78751 20.35819 0.10985
56269.78876 20.62542 0.11651
56269.78989 20.43912 0.09067
56269.79108 20.34135 0.09168
56269.79227 20.50288 0.11237
56269.79356 20.43283 0.09365
56269.79478 20.33817 0.11755
56269.7959 20.31787 0.08508
56269.79701 20.47637 0.09817
56269.79816 20.39132 0.11046
56269.79928 20.53163 0.12575
56269.80041 20.41631 0.09707
56269.80156 20.35234 0.10746
56269.80276 20.45599 0.09078
56269.80517 20.42868 0.13755
56269.80638 20.43591 0.10305
56269.80752 20.52521 0.09436
56269.80866 20.57486 0.10327
56270.57931 20.58889 0.11209
56270.58058 20.37924 0.09758
56270.58188 20.48279 0.09531
56270.58305 20.59674 0.11108
56270.58429 20.51222 0.09555
56270.58556 20.24939 0.07802
56270.58671 20.6359 0.10907
56270.58798 20.48322 0.0989
56270.58926 20.34947 0.0868
56270.59051 20.56571 0.11307
56270.59176 20.28272 0.08749
56270.59301 20.45104 0.0872
56270.59588 20.51054 0.10827
56270.59719 20.40343 0.10118
56270.59846 20.26059 0.0871
56270.59973 20.52128 0.09121
56270.60101 20.31427 0.08112
56270.60229 20.51572 0.08521
56270.60361 20.37476 0.08311
56270.60484 20.46857 0.0901
56270.60617 20.39267 0.07904
56270.60733 20.34725 0.08064
56270.60868 20.28525 0.08083
56270.60993 20.36293 0.08451
56270.61121 20.47616 0.09569
56270.61244 20.42098 0.08022
56270.61368 20.36945 0.09175
56270.61481 20.67151 0.09992
56270.61593 20.32166 0.07805
56270.61713 20.41158 0.07342
56270.61835 20.26443 0.07434
56270.61963 20.25905 0.08142
56270.62082 20.40703 0.08071
56270.62212 20.3792 0.07913
56270.62324 20.37151 0.07828
56270.62438 20.37234 0.08076
56270.6255 20.36002 0.08283
56270.62668 20.38644 0.09158
56270.62781 20.4635 0.09339
56270.62895 20.24942 0.08522
56270.63017 20.40664 0.0854
56270.6313 20.31655 0.0915
56270.63259 20.38083 0.07315
56270.63372 20.47321 0.0881
56270.63484 20.44245 0.09065
56270.64581 20.10948 0.07872
56270.64713 20.39571 0.08529
56270.64825 20.42781 0.08767
56270.6495 20.55072 0.08505
56270.65082 20.27843 0.08051
56270.65222 20.39061 0.08684
56270.65336 20.191 0.08368
56270.6545 20.46482 0.09049
56270.65562 20.2718 0.07642
56270.65697 20.51621 0.09207
56270.65832 20.33596 0.081
56270.65959 20.39259 0.08772
56270.66092 20.4369 0.10428
56270.66217 20.29601 0.08171
56270.66351 20.46799 0.09508
56270.66477 20.15903 0.07403
56270.67891 20.58012 0.09479
56270.68008 20.22476 0.08942
56270.68122 20.65967 0.10282
56270.68243 20.37875 0.08273
56270.68382 20.26941 0.09499
56270.68508 20.426 0.07907
56270.68653 20.46152 0.08434
56270.68784 20.49654 0.08135
56270.68912 20.39358 0.08431
56270.69114 20.33974 0.08034
56270.69232 20.44891 0.08593
56270.69365 20.40438 0.08035
56270.6948 20.38147 0.07625
56270.69617 20.4943 0.08125
56270.69746 20.34567 0.0878
56270.6986 20.5898 0.09451
56270.6999 20.50258 0.08111
56270.70121 20.46966 0.0791
56270.70235 20.41035 0.08041
56270.70349 20.49913 0.08381
56270.70482 20.44315 0.09551
56270.70613 20.44922 0.08903
56270.70726 20.44693 0.0806
56270.7086 20.45558 0.08401
56270.70972 20.28687 0.0808
56270.71103 20.32103 0.07941
56270.71235 20.38407 0.08348
56270.71347 20.36105 0.07992
56270.71481 20.28904 0.07513
56270.71608 20.3614 0.08478
56270.71722 20.39585 0.0719
56270.71853 20.48408 0.0921
56270.71967 20.42103 0.08969
56270.72098 20.34276 0.08106
56270.72302 20.25501 0.07459
56270.72439 20.23864 0.07963
56270.72553 20.20936 0.09136
56270.72665 20.55058 0.08441
56270.72793 20.4091 0.07715
56270.72927 20.37873 0.08281
56270.73043 20.52782 0.0797
56270.73161 20.37863 0.10071
56270.73292 20.40258 0.0877
56270.73506 20.29189 0.0812
56270.73622 20.44741 0.08829
56270.73753 20.32551 0.0804
56270.73887 20.26164 0.08362
56270.74001 20.40621 0.08869
56270.74126 20.61004 0.08658
56270.7424 20.42651 0.09273
56270.74369 20.40631 0.08397
56270.74498 20.3065 0.08839
56270.74609 20.62726 0.0933
56270.74744 20.38526 0.07531
56270.7486 20.35708 0.09578
56270.74995 20.45958 0.08979
56270.75121 20.27072 0.0909
56270.75241 20.42296 0.08731
56270.75372 20.34031 0.08559
56270.75706 20.49766 0.09052
56270.75948 20.61872 0.10528
56270.76078 20.37119 0.10188
56270.76208 20.32615 0.10461
56270.77223 20.48011 0.10828
56270.77464 20.28523 0.08047
56270.77775 20.5266 0.10582
56270.77887 20.39827 0.0936
56270.78012 20.44285 0.09722
56270.78147 20.68878 0.12287
56270.78273 20.34916 0.10587
56270.784 20.53252 0.10469
56270.78526 20.33812 0.09923
56270.78661 20.32499 0.11178
56270.78776 20.3082 0.09461
56270.7891 20.3872 0.11457
56270.79151 20.6292 0.12258
56270.7928 20.29225 0.08862
56270.79391 20.36619 0.10487
56270.79619 20.26648 0.09109
56270.7975 20.29467 0.11179
56270.79862 20.41486 0.10498
56270.79991 20.46486 0.11528
56270.80249 20.40005 0.09829
56270.80509 20.11765 0.08492
56270.80715 20.36385 0.1042
56270.80837 20.39477 0.09842
56270.80963 20.30721 0.10378
56272.7082 20.30559 0.10298
56273.60993 20.53844 0.16344
56273.63946 20.47175 0.10996
56282.58095 20.25283 0.11468
56282.62819 20.57925 0.18994
56297.58897 20.60478 0.11435
56297.59019 20.32375 0.1052
56297.5937 20.49454 0.08697
56297.59722 20.41785 0.08443
56297.59904 20.47826 0.10617
56297.60164 20.54225 0.11185
56297.60284 20.1556 0.09598
56297.6053 20.47693 0.10888
56297.61734 20.65788 0.10398
56297.61965 20.35406 0.09158
56297.62198 20.65216 0.10796
56297.62474 20.34698 0.08831
56297.62597 20.55389 0.10225
56297.62818 20.29891 0.11417
56297.63051 20.46457 0.09909
56297.63246 20.43435 0.10448
56297.6337 20.16039 0.08438
56297.63597 20.53635 0.10337
56297.63722 20.44644 0.11656
56297.63944 20.30012 0.10987
56297.64162 20.60412 0.09278
56297.64393 20.51766 0.09328
56297.64612 20.30194 0.09269
56297.64742 20.43254 0.10058
56297.64964 20.34324 0.1009
56297.65084 20.3204 0.10848
56297.65434 20.54473 0.09609
56297.65811 20.58186 0.11516
56297.65988 20.51427 0.12096
56297.66121 20.35353 0.11296
56297.66714 20.31694 0.10947
56297.67315 20.52908 0.09326
56297.67547 20.32156 0.11316
56297.67675 20.54057 0.11436
56297.67954 20.37558 0.10227
56297.68076 20.38084 0.10488
56297.6819 20.40608 0.09408
56297.68325 20.37133 0.09508
56297.68541 20.27867 0.10697
56297.68786 20.43061 0.10745
56297.69171 20.44187 0.11556
56297.69635 20.31656 0.10605
56297.69767 20.63372 0.09956
56297.70113 20.4382 0.13285
56297.70743 20.30416 0.11588
56297.71084 20.51001 0.10007
56297.71401 20.40828 0.10378
56297.7179 20.33136 0.11487
56297.72049 20.36586 0.14985
56297.72327 20.26067 0.10035
56297.72448 20.35579 0.14375
56297.72584 20.62199 0.10318
56297.72772 20.64847 0.11747
56297.74317 20.35354 0.11449
56297.74683 20.39353 0.12377
56297.74996 20.62312 0.13315
56297.75123 20.218 0.13865
56297.75493 20.47816 0.12216
56297.75709 20.44118 0.11887
56297.7583 20.29594 0.11157
56297.76167 20.31497 0.15014
56297.76388 20.39456 0.12776
56297.76506 20.19949 0.13505
56297.76834 20.14948 0.11966
56297.77069 20.40189 0.11466
56297.77185 20.18533 0.11827
56297.77383 20.30488 0.13646
56297.79318 20.20498 0.13316
56297.80192 20.38607 0.14386
56298.58895 20.27098 0.16656
56298.59013 20.40487 0.12778
56298.59842 20.32077 0.2133
56298.6021 20.39063 0.14434
56298.61595 20.26088 0.14098
56298.61811 20.17814 0.11126
56298.62047 20.50118 0.12883
56298.62171 20.23084 0.11481
56298.62426 20.10605 0.09874
56298.62643 20.15576 0.11598
56298.63098 20.2175 0.12251
56298.63219 20.31869 0.09541
56298.63473 20.46289 0.1174
56298.63687 20.47693 0.15551
56298.64364 20.48005 0.10721
56298.64578 20.3202 0.1114
56298.64695 20.47625 0.12133
56298.6481 20.49777 0.15493
56298.65082 20.38226 0.14873
56298.65294 20.27504 0.10118
56298.65509 20.41013 0.08369
56298.65865 20.39597 0.09997
56298.66081 20.52473 0.09676
56298.66198 20.3555 0.09259
56298.66411 20.34224 0.08519
56298.66639 20.56625 0.10864
56298.6699 20.44107 0.09403
56298.68256 20.31854 0.10038
56298.68492 20.11345 0.14739
56301.59099 20.55457 0.1069
56302.62153 20.48105 0.13349
56305.59416 20.3843 0.10196
56305.62276 20.39792 0.09366
56310.60466 20.07674 0.14557
56311.59823 20.37657 0.13156
56313.60478 20.47534 0.12887
56323.59943 20.47933 0.12267
56323.60059 20.21593 0.12677
56323.60284 20.3323 0.10247
56323.60396 20.3968 0.12498
56323.60621 20.40454 0.09098
56323.60734 20.16549 0.09047
56323.60846 20.34201 0.09978
56323.60959 20.37477 0.10507
56323.61071 20.47584 0.11176
56323.61183 20.37202 0.10455
56323.61409 20.12314 0.09487
56323.61635 20.26484 0.09766
56323.61747 20.63827 0.11865
56323.61971 20.36539 0.10217
56323.62085 20.22982 0.08261
56323.62309 20.54121 0.09798
56323.62423 20.35711 0.13827
56323.62647 20.74464 0.13526
56323.62759 20.47248 0.10984
56323.62872 20.48448 0.11087
56323.62985 20.47999 0.11725
56323.6321 20.70696 0.12796
56323.63549 20.48494 0.13315
56323.63773 20.28385 0.13815
56323.64338 20.51303 0.14145
56323.6445 20.36447 0.13645
56323.64563 20.25235 0.10276
56323.64676 20.36076 0.12875
56323.64789 20.08508 0.11405
56323.64902 20.53606 0.11676
56323.65014 20.27352 0.10107
56323.65127 20.40772 0.14634
56323.65352 20.13554 0.09887
56323.65465 20.41183 0.10945
56323.65577 20.74897 0.16693
56323.65803 20.34681 0.12526
56323.65917 20.4975 0.10946
56323.6648 20.4971 0.12896
56323.67158 20.48344 0.13995
56323.68065 20.48053 0.12536
56324.6344 20.13727 0.12108
56328.60109 20.4938 0.12675
56328.63041 20.40355 0.10357
56329.6158 20.19024 0.14576
56330.63442 20.23883 0.16384
56336.60557 20.34881 0.15474
56337.61678 20.21234 0.10219
56337.646 20.22228 0.11158
56342.61542 20.53899 0.18364
56433.97522 20.45913 0.14336
56443.94843 20.26576 0.16065
56446.9404 20.32525 0.15385
56448.97043 20.19938 0.12366
56449.9322 20.30561 0.09369
56449.96744 20.39254 0.11927
56454.91904 20.29029 0.14995
56454.9531 20.32502 0.10268
56455.91706 20.29078 0.14028
56455.95123 20.18885 0.13188
56456.94859 20.43652 0.10586
56457.9457 20.35199 0.09458
56458.90893 20.2144 0.09676
56458.94334 20.3279 0.10396
56459.90596 20.58524 0.12736
56459.94092 20.26132 0.09117
56460.9034 20.36228 0.12328
56460.93791 20.42148 0.10628
56461.90107 20.33104 0.14756
56461.93811 20.03075 0.10027
56463.93218 20.39712 0.13976
56469.91685 20.35123 0.1386
56471.91001 20.23774 0.15636
56475.9008 20.19319 0.16529
56485.83631 20.4643 0.11625
56488.83006 20.25252 0.13118
56488.86647 20.13379 0.08309
56489.82698 20.56729 0.15656
56489.86366 20.28226 0.09379
56502.79167 20.51367 0.12718
56502.82864 20.40309 0.12623
56503.78903 20.18625 0.09391
56503.82769 20.31447 0.10464
56504.90811 20.31087 0.09749
56505.9509 20.57513 0.13774
56505.98842 20.08082 0.12597
56506.89349 20.30987 0.10667
56507.80198 20.2701 0.11215
56507.99891 20.26574 0.10211
56508.90167 20.33589 0.07541
56509.79634 20.02434 0.10411
56509.83877 20.062 0.08491
56510.8262 20.17954 0.08363
56511.79111 20.19594 0.08511
56511.84089 20.39174 0.08401
56512.78788 20.00845 0.09101
56512.82519 20.33505 0.12407
56513.78624 20.13336 0.09139
56513.82352 20.13923 0.07583
56514.7834 20.02683 0.11688
56514.82081 20.27976 0.09418
56515.78106 20.42459 0.10679
56515.82231 20.30613 0.0855
56516.77774 20.21266 0.10181
56516.81437 20.10062 0.07269
56517.81715 20.15289 0.07677
56517.97309 20.33289 0.07703
56518.87478 20.26705 0.07652
56518.96686 20.21284 0.07102
56519.00311 20.11821 0.07742
56519.90443 20.29655 0.06885
56519.96504 20.19786 0.06692
56520.00171 20.20618 0.07501
56520.90327 20.02885 0.06303
56520.95521 20.37727 0.07012
56520.99262 20.28397 0.07352
56521.89446 20.13342 0.06976
56521.95772 20.32826 0.07481
56521.99393 20.2637 0.07353
56529.90241 20.2524 0.18177
56529.93849 20.14712 0.15812
56529.97462 20.09183 0.16567
56532.71221 20.47994 0.11998
56532.85928 20.35244 0.10209
56532.89645 20.26085 0.08845
56533.79895 20.15952 0.08422
56533.93493 20.20721 0.08952
56533.97228 20.1209 0.08322
56537.84525 20.18434 0.07454
56537.9874 20.21565 0.07053
56539.88447 20.19252 0.0612
56539.9215 20.20042 0.06813
56540.97669 20.09687 0.06153
56541.6883 20.2054 0.101
56542.96698 20.16218 0.0767
56543.00294 20.40495 0.09929
56543.97085 20.16539 0.08561
56544.00787 20.20488 0.07818
56546.67441 20.47488 0.13897
56546.75907 20.2347 0.07874
56546.94639 20.16495 0.08751
56547.84788 20.09831 0.07798
56548.0057 20.11102 0.0815
56548.66959 20.42391 0.1456
56548.70582 20.04727 0.1109
56548.74172 20.20876 0.09908
56549.70273 20.53364 0.13448
56549.73967 20.21143 0.11129
56550.6994 20.237 0.13029
56550.73216 20.1084 0.1085
56551.75862 20.18953 0.15116
56552.74635 20.47455 0.14557
56561.92356 19.93416 0.1136
56562.93459 20.66512 0.12008
56563.6524 20.33637 0.14505
56563.6893 20.34777 0.11018
56564.72602 20.33528 0.11239
56564.99301 20.43095 0.10136
56565.02672 20.38589 0.13406
56565.92832 20.16777 0.08859
56565.98151 20.19798 0.10845
56566.01544 20.39298 0.12025
56566.91724 20.2032 0.07677
56566.96287 20.43234 0.12316
56566.99591 20.18882 0.09459
56567.8986 20.34074 0.08309
56567.96702 20.31667 0.07948
56568.00039 20.11348 0.09758
56568.90245 20.19125 0.09385
56568.96343 20.4193 0.10269
56569.90084 20.34383 0.09728
56569.99803 20.20672 0.13728
56570.03082 20.33426 0.15676
56572.62632 20.28997 0.14494
56572.66032 20.12557 0.08333
56573.61429 20.49141 0.16405
56573.64765 20.55365 0.11347
56573.77817 20.26267 0.10837
56576.83948 20.38979 0.10458
56577.00541 20.42363 0.11516
56577.77306 20.3399 0.09566
56578.67217 20.12045 0.11639
56578.69674 20.30536 0.13376
56578.75347 20.41455 0.11016
56579.85963 20.29177 0.16227
56579.88516 20.35361 0.14094
56580.7875 20.39639 0.15136
56580.8553 20.47956 0.13188
56587.62864 20.41357 0.10647
56587.78993 20.52852 0.14016
56587.81475 20.03241 0.15425
56589.79481 20.29107 0.0938
56589.81959 20.32808 0.13176
56589.84642 20.3901 0.11966
56590.76387 20.31801 0.09926
56590.8749 20.28958 0.11126
56590.89969 20.54919 0.14875
56591.86057 20.34922 0.10359
56591.88508 20.388 0.10642
56592.81972 20.44732 0.09872
56592.91348 20.33095 0.11799
56596.59731 20.28256 0.11778
56596.81771 20.4972 0.12208
56596.84238 20.46145 0.12375
56597.74425 20.31903 0.10769
56598.84855 20.51834 0.11008
56599.75014 20.3997 0.09178
56599.79577 20.27129 0.08837
56599.82112 20.41188 0.09976
56600.77441 20.32417 0.08578
56600.8753 20.45252 0.10179
56603.68227 20.12616 0.1335
56603.74296 20.30668 0.10839
56604.73691 20.39582 0.08912
56605.64733 20.14473 0.10385
56605.67213 20.42545 0.12496
56606.60932 20.16838 0.12659
56607.82225 20.06916 0.15248
56607.84927 20.52744 0.11857
56609.88847 20.44692 0.16036
56621.79766 20.12989 0.11737
56622.58588 20.51469 0.11197
56624.57999 20.39474 0.15194
56624.60429 20.31584 0.10087
56625.70494 20.4086 0.10218
56625.74386 20.33464 0.10347
56626.64578 20.40209 0.09878
56626.67007 20.43905 0.11396
56637.60549 20.36924 0.1629
56658.58519 20.401 0.08902
56658.62914 20.16734 0.10332
56659.58605 20.55281 0.10572
56659.61086 20.29086 0.09221
56660.58569 20.39924 0.1135
56660.61029 20.43617 0.10062
56662.58587 20.45924 0.12433
56663.59143 20.37655 0.11706
56663.6171 20.19789 0.10887
56668.61177 20.62095 0.12998
56675.5969 20.1685 0.09202
56676.59181 20.41189 0.12125
56676.61781 20.3533 0.09751
56678.61458 20.25007 0.08958
56678.64019 20.34127 0.09748
56680.60724 20.21709 0.09547
56683.59693 20.23923 0.11612
56683.63252 20.46906 0.10322
56685.59847 20.25246 0.17482
56685.6471 20.28424 0.13995
56687.59886 20.5311 0.14508
56687.64144 20.52477 0.11957
56690.64549 20.37242 0.12478
56699.60928 20.57457 0.18995
56816.96412 20.56066 0.15195
56817.96427 20.37716 0.13315
56818.96227 20.42621 0.12454
56827.97622 20.45229 0.18578
56828.9654 20.54729 0.12677
56828.97804 20.42103 0.16164
56831.96161 20.41716 0.10968
56831.97427 20.21951 0.11665
56832.9648 20.38819 0.11271
56832.97563 20.34797 0.10892
56833.96568 20.097 0.0845
56833.97644 20.03581 0.13157
56834.96484 20.22334 0.0906
56836.96625 20.32328 0.08519
56836.97711 20.35249 0.12279
56839.96511 20.44367 0.09102
56839.97834 20.48077 0.10568
56840.96951 20.25871 0.09239
56841.96857 20.46716 0.10197
56841.98075 20.53514 0.12899
56844.97887 20.35665 0.11586
56845.96726 20.10579 0.07262
56845.98002 20.42678 0.10049
56846.96666 20.31778 0.08138
56846.98115 20.24457 0.09187
56847.96648 20.31388 0.07449
56847.98151 20.24181 0.09482
56848.96743 20.38108 0.0975
56848.98312 20.61065 0.12669
56851.97048 20.47979 0.14718
56851.98675 20.30657 0.17268
56855.96071 20.42607 0.14945
56856.98328 20.57072 0.26896
56858.96243 20.52955 0.11869
56858.98507 20.26598 0.09777
56859.96515 20.49623 0.09789
56859.98697 20.49453 0.11226
56861.96231 20.16878 0.09605
56861.98508 20.53983 0.1017
56862.9659 20.43059 0.09473
56862.98227 20.31853 0.08775
56863.94981 20.54065 0.08629
56864.94576 20.58846 0.12103
56864.96947 20.47985 0.11878
56865.92975 20.46643 0.1909
56865.96089 20.25703 0.08441
56867.98799 20.27742 0.08332
56868.96536 20.09582 0.08547
56868.98567 20.22407 0.08036
56869.96092 20.34413 0.08923
56869.98231 20.34323 0.08466
56870.96467 20.4029 0.07798
56870.98635 20.27397 0.07544
56874.97428 20.32175 0.07305
56874.99622 20.46358 0.08854
56875.98151 20.17512 0.08203
56875.99752 20.3859 0.11864
56876.91773 20.54852 0.08299
56876.94717 20.48935 0.08461
56877.9745 20.33653 0.07291
56877.9957 20.46107 0.07601
56878.00741 20.26481 0.13278
56878.93847 20.41678 0.13686
56879.92838 20.184 0.12929
56883.9421 20.67909 0.15249
56883.98158 20.64814 0.1274
56884.99956 20.48315 0.14403
56885.96448 20.24716 0.0996
56885.98159 20.24144 0.09782
56886.91453 20.43121 0.08849
56886.94264 20.41677 0.09934
56887.91623 20.4665 0.08104
56887.94902 20.44257 0.08909
56888.86519 20.33389 0.07479
56888.89905 20.41183 0.07883
56888.91008 20.28568 0.08439
56888.94196 20.3966 0.07998
56890.94091 20.46564 0.08735
56890.97479 20.53558 0.08331
56895.83087 20.32386 0.10598
56895.86667 20.39724 0.09935
56972.71463 20.48433 0.11688
56972.73749 20.40288 0.12247
56980.71766 20.712 0.12396
56980.83416 20.52335 0.11189
56981.71538 20.50934 0.14095
56981.77818 20.67159 0.11957
56986.72544 20.37775 0.16006
56987.70535 20.60502 0.13717
56989.60286 20.2829 0.11057
56989.66828 20.33642 0.12138
56990.59847 20.51732 0.14006
56990.66232 20.6624 0.11987
57000.62591 20.49178 0.14036
57001.60725 20.26608 0.10139
57001.63454 20.63352 0.11448
57011.62365 20.87826 0.14475
57014.60229 20.56111 0.14295
57014.62433 20.48641 0.13086
57018.62586 20.95143 0.19105
57019.61004 20.57841 0.15005
57030.59868 20.57586 0.09907
57039.60447 20.55725 0.14476
57040.60372 20.64077 0.11757
57041.64649 20.58186 0.11558
57042.59979 20.55952 0.1162
57042.64647 20.57399 0.13168
57043.60053 20.65322 0.11509
57043.64542 20.70962 0.11807
57046.59907 20.2711 0.15435
57059.60766 20.40455 0.12208
57059.61723 20.82026 0.18735
57063.60738 20.83323 0.15019
57064.61072 20.84289 0.12732
57070.61078 20.64189 0.14707
57070.6277 20.64163 0.1412
57071.6267 20.46016 0.13167
57188.93765 20.80747 0.11967
57188.96808 20.53337 0.1231
57190.94422 20.74445 0.13969
57191.95614 20.48925 0.11606
57193.93573 20.60444 0.1681
57194.94374 20.66789 0.1216
57197.91796 20.80687 0.12721
57198.93165 20.30903 0.12831
57198.96479 20.50007 0.16348
57207.98422 20.34349 0.2126
57211.94997 20.49746 0.18327
57214.96163 20.62428 0.13281
57216.93262 20.88317 0.14578
57216.97994 20.71774 0.14206
57218.92712 20.79078 0.13389
57218.977 20.63502 0.15117
57219.94247 20.89805 0.11358
57220.92305 20.55739 0.08741
57220.98129 20.85785 0.13081
57227.93417 20.60938 0.13258
57238.91268 20.5424 0.14168
57238.96563 20.64743 0.1352
57240.95317 20.54963 0.11612
57241.93368 20.45512 0.13853
57242.98523 20.76259 0.10035
57244.96611 20.62786 0.09777
57245.87591 20.65584 0.12965
57245.91376 20.78317 0.10929
57246.89995 20.61161 0.09068
57246.93423 20.45612 0.1024
57247.92574 20.70817 0.08249
57247.95614 20.76608 0.09236
57248.84393 20.51037 0.1008
57248.8782 20.56063 0.09518
57249.88436 20.61523 0.09225
57249.9163 20.70239 0.095
57250.88236 20.76682 0.10584
57250.92114 20.77077 0.11472
57251.8693 20.55548 0.10198
57251.91419 20.67201 0.0978
57555.93989 20.72532 0.13118
57567.97572 20.98637 0.1842
57570.93954 21.06008 0.13922
57572.94 20.6034 0.15465
57573.95955 21.01642 0.13294
57575.96076 20.84043 0.11992
57576.95096 20.98485 0.13128
57578.9597 20.93003 0.13929
57580.94991 20.71109 0.14806
57581.93908 21.00692 0.11588
57583.93612 20.98368 0.13078
57583.97225 20.90661 0.13547
57584.92871 20.91647 0.12401
57598.9281 20.96069 0.14392
57603.95654 20.96077 0.1383
57604.96148 20.60002 0.10254
57605.97693 20.82854 0.11154
57607.92659 20.84931 0.12334
57609.94301 20.69551 0.15438
57610.92695 20.98742 0.14437
57611.90199 20.56166 0.12262
57612.88937 20.83583 0.13287
57613.87193 20.70981 0.14156
57613.90353 20.54271 0.10389
57614.96436 20.49124 0.11333
57614.99496 20.85411 0.1283
