#mjd mag magerr
55061.92501 20.20121 0.10162
55061.95573 20.26297 0.09854
55063.91987 20.3051 0.08442
55063.9639 20.2628 0.09074
55064.92128 20.07885 0.11004
55064.9656 20.26975 0.11132
55066.91014 20.42003 0.09864
55066.95474 20.16077 0.08979
55067.96099 20.07911 0.11954
55069.90324 20.23631 0.09611
55069.94786 20.22892 0.09565
55084.86328 20.11228 0.13516
55087.85609 20.23302 0.10441
55087.90101 20.28085 0.09587
55088.96983 20.32162 0.09672
55089.01521 20.13477 0.09943
55089.94574 20.10168 0.08702
55089.99042 20.1828 0.09127
55093.83741 20.39568 0.10347
55093.88196 20.29022 0.08804
55096.8292 20.27216 0.09841
55097.00858 20.37014 0.16028
55114.88125 20.4018 0.14251
55119.89538 20.32038 0.12404
55119.95365 20.30262 0.11995
55123.75696 20.21404 0.10181
55123.81523 20.09766 0.0988
55127.83329 20.7115 0.13381
55127.87706 20.39951 0.11591
55586.61685 20.07574 0.10037
55586.66038 20.21418 0.14315
55733.91212 20.04396 0.12576
55750.83279 20.57929 0.15888
55750.87598 20.06746 0.11638
55756.93392 20.20233 0.20411
55759.89212 20.11397 0.15447
55762.79606 20.27678 0.18499
55762.8402 20.2436 0.13804
55766.7805 20.54253 0.16847
55768.77509 20.53198 0.20675
55768.82037 20.24479 0.12766
55769.80074 20.43087 0.15835
55769.84468 19.92623 0.10098
55770.78189 20.34588 0.14879
55770.82573 20.34535 0.12097
55771.78074 20.44855 0.13835
55771.82449 20.24409 0.11737
55774.80363 20.51237 0.122
55775.7599 20.18229 0.15978
55779.79086 20.23327 0.10659
55780.79415 20.15524 0.14778
55782.7956 20.07394 0.13299
55793.74743 19.88777 0.14428
55793.79097 20.27278 0.16517
55794.75972 20.38195 0.12159
55794.81629 20.10887 0.1219
55809.7101 20.172 0.17141
55813.70671 19.93451 0.19656
55821.63464 20.23417 0.13788
55822.63132 20.48962 0.16208
55822.67415 20.07195 0.13258
55823.62908 20.11978 0.13741
55823.67275 20.42097 0.12588
55824.6697 20.44752 0.14855
55838.65944 19.91263 0.11978
55849.60547 20.58624 0.15667
55849.65079 20.19623 0.14579
55850.64918 19.94112 0.11112
55851.60318 20.25244 0.11982
55851.64641 20.10223 0.10828
55852.60416 20.29839 0.14488
55852.6481 20.32071 0.11579
55853.60163 20.47903 0.1276
55853.6463 20.26639 0.11056
55854.60164 20.28402 0.1306
55854.64607 20.18148 0.1147
55866.64679 20.25947 0.11577
55867.58757 19.84249 0.15656
55867.63053 20.39541 0.19026
55868.63002 20.12761 0.14345
55880.87841 20.59256 0.16801
55882.86968 20.09893 0.13574
55882.87146 20.18287 0.13235
55883.86679 19.8451 0.13377
55887.68352 20.20352 0.11531
55889.80049 20.15201 0.1051
55889.84447 20.48485 0.11917
55894.58144 19.91716 0.13621
55896.58202 20.23418 0.16277
55925.67897 19.9314 0.09417
55930.58585 19.77234 0.14491
55930.62499 19.76926 0.13122
55932.62858 19.79282 0.15988
55936.65247 19.99316 0.14977
55939.6851 19.7058 0.12447
55943.69972 19.8667 0.12238
55943.74446 20.08918 0.15947
55944.67224 20.15594 0.1084
55958.61566 19.93964 0.14298
55958.67117 20.16237 0.19747
55962.61935 20.30727 0.15559
56067.96802 20.51448 0.15268
56075.93073 20.27416 0.14629
56076.96161 20.26665 0.14397
56084.95914 20.23509 0.18201
56093.88544 20.59418 0.15877
56097.90204 20.08344 0.12417
56100.87134 20.06266 0.12919
56100.93113 20.19844 0.14508
56102.85884 20.30811 0.14439
56102.88948 20.19278 0.14325
56102.91975 20.44571 0.10881
56103.89198 20.31717 0.16356
56104.89266 19.8505 0.16627
56116.93261 20.05726 0.13111
56123.8333 20.19003 0.15985
56123.86323 20.23767 0.1208
56124.85579 19.84918 0.15599
56125.83541 20.38852 0.14546
56125.8655 20.44178 0.13717
56125.89611 20.02558 0.10996
56126.79674 20.4965 0.25467
56126.82683 20.17345 0.14728
56128.8202 20.15964 0.1169
56129.81763 19.87838 0.12588
56129.84839 20.4063 0.14567
56130.78415 20.31715 0.17196
56130.81619 19.86765 0.17485
56132.81342 20.03831 0.10748
56133.77702 20.17965 0.13069
56133.80732 20.36547 0.11678
56135.77548 20.17966 0.14827
56135.80558 20.30545 0.13516
56136.81139 20.08979 0.13057
56136.84105 20.06458 0.13845
56143.77946 20.11102 0.15669
56144.82138 20.27049 0.15717
56147.78019 20.04104 0.17916
56147.81614 20.10699 0.16287
56148.73743 20.27832 0.13746
56148.76798 20.04473 0.1508
56151.84315 20.25788 0.1132
56151.87618 20.0515 0.089
56165.82275 20.03148 0.10356
56166.82415 20.30286 0.11177
56166.85436 19.83458 0.09279
56168.73084 19.95973 0.16579
56168.76135 20.07281 0.15419
56176.66101 20.20649 0.14519
56176.77537 20.11756 0.12707
56177.67775 20.1055 0.12017
56177.71467 19.89449 0.09288
56177.7448 20.15349 0.10437
56178.65701 20.19743 0.16457
56178.7245 19.98968 0.10416
56178.75548 20.22303 0.09067
56189.71737 20.12748 0.13375
56189.74707 19.77681 0.10847
56194.65274 20.15362 0.13756
56194.68156 20.36593 0.17544
56194.73072 19.95937 0.10068
56195.68489 20.39763 0.15947
56196.67925 19.98224 0.12358
56207.71676 20.05849 0.15095
56224.69182 19.96621 0.15859
56225.74851 20.11488 0.16586
56229.61202 20.32441 0.16183
56232.82116 19.99533 0.14559
56233.75399 20.38326 0.1631
56233.78371 20.10489 0.14959
56234.68453 20.02347 0.10707
56234.71313 20.40143 0.17004
56235.64419 19.77886 0.08557
56236.61561 20.31695 0.14623
56237.58477 19.92133 0.09837
56237.61509 20.13864 0.12985
56238.58334 20.16369 0.15476
56238.61531 20.18941 0.14536
56239.58294 20.2103 0.13965
56239.61141 20.06644 0.10986
56251.83071 20.01976 0.13025
56251.86073 20.3039 0.13577
56252.58576 20.36871 0.11952
56252.60631 19.86836 0.10361
56252.62487 20.26597 0.14519
56252.64555 20.11243 0.12478
56252.66096 20.1626 0.10102
56252.69879 20.09389 0.11179
56252.71706 20.01365 0.12465
56252.73499 20.20296 0.10739
56252.75258 20.0783 0.10942
56252.76856 20.26793 0.12097
56252.78929 20.26024 0.16399
56252.80517 20.0616 0.13909
56252.821 20.11911 0.11732
56252.83831 20.1138 0.12961
56252.85634 20.03413 0.12238
56253.58621 20.1937 0.12072
56253.60335 20.14025 0.11292
56253.62054 20.35688 0.13466
56253.63682 20.18608 0.13656
56253.6539 20.19875 0.13324
56253.6721 20.07004 0.15484
56253.70902 20.4953 0.16845
56253.7307 19.90386 0.1247
56253.75003 20.32482 0.27453
56253.76637 20.32766 0.21886
56253.78832 19.95892 0.11818
56253.82956 19.73167 0.12828
56253.85372 20.08768 0.15333
56254.74613 20.24003 0.15197
56256.6557 20.1797 0.13868
56257.58763 20.05933 0.1605
56259.62495 20.04403 0.1809
56265.629 19.9787 0.09804
56265.6592 20.15521 0.11678
56267.58751 19.9845 0.09221
56267.61751 20.02783 0.1046
56268.59364 20.1232 0.10006
56268.62314 20.05926 0.11356
56269.58319 20.322 0.12116
56269.58435 20.22778 0.13936
56269.58546 20.20926 0.13155
56269.58657 20.12641 0.09758
56269.58771 20.15632 0.09946
56269.58893 19.99368 0.11196
56269.59006 20.11273 0.10666
56269.59133 20.083 0.13524
56269.59245 20.12649 0.09627
56269.59364 20.20581 0.11147
56269.59478 19.89509 0.08399
56269.596 20.22365 0.10574
56269.59713 20.03923 0.09595
56269.59843 19.92768 0.09926
56269.59956 20.15257 0.09525
56269.60977 19.9576 0.08897
56269.61093 20.20902 0.08964
56269.6121 20.04402 0.08866
56269.61321 20.26859 0.09775
56269.61434 20.15387 0.091
56269.61547 19.83805 0.09186
56269.61659 20.1363 0.08927
56269.61773 20.04184 0.08798
56269.61884 20.08831 0.09387
56269.61995 20.24689 0.10186
56269.62115 20.17902 0.09875
56269.6223 20.36976 0.10306
56269.62343 20.18287 0.09706
56269.62457 19.96924 0.09668
56269.62569 20.20031 0.10115
56269.62688 19.95205 0.08338
56269.628 20.07649 0.10066
56269.6375 20.07548 0.09186
56269.63881 20.18986 0.10764
56269.64001 19.74915 0.08178
56269.64114 20.17662 0.09425
56269.64226 20.14549 0.08858
56269.64337 20.02578 0.08737
56269.6445 19.93489 0.09487
56269.64562 19.84902 0.09485
56269.64675 20.11223 0.08619
56269.64789 20.0985 0.12375
56269.64905 19.90217 0.10584
56269.65017 20.07201 0.08389
56269.65129 20.15819 0.09007
56269.65247 20.16218 0.11616
56269.65359 19.96 0.08868
56269.65473 19.94022 0.08507
56269.65585 20.10025 0.08788
56269.65698 20.01926 0.08736
56269.65819 20.0903 0.08998
56269.65932 19.99616 0.08519
56269.66055 20.04699 0.08138
56269.66167 20.02572 0.10206
56269.66279 20.01359 0.07876
56269.66393 20.11669 0.09246
56269.66595 19.90847 0.09937
56269.66717 20.10149 0.08346
56269.66829 20.13105 0.09687
56269.66952 20.2233 0.09247
56269.67064 20.16553 0.09336
56269.67184 19.90546 0.08898
56269.673 20.0894 0.09259
56269.67412 20.08093 0.09456
56269.67533 20.14686 0.09505
56269.67646 20.21029 0.10606
56269.6776 19.98942 0.0803
56269.67883 19.8642 0.10405
56269.67997 20.05962 0.08566
56269.6812 20.16483 0.09648
56269.68232 20.15124 0.10095
56269.68343 20.12823 0.09649
56269.68473 20.10929 0.0896
56269.68592 20.24871 0.10157
56269.68705 20.22689 0.0935
56269.68816 20.06513 0.08898
56269.68929 20.29626 0.10567
56269.69041 20.13691 0.10036
56269.69157 20.24518 0.09168
56269.69269 20.12908 0.09181
56269.69383 19.91991 0.0891
56269.69496 20.03953 0.08427
56269.69608 20.19126 0.08401
56269.69898 20.05936 0.0808
56269.70011 20.22717 0.09346
56269.70126 20.24795 0.10187
56269.70241 19.96573 0.09025
56269.70357 20.17423 0.09896
56269.70468 20.1184 0.08818
56269.70581 20.13573 0.09008
56269.70705 20.04905 0.09098
56269.70816 20.14581 0.09317
56269.70937 20.15935 0.09169
56269.7105 20.01122 0.0878
56269.71167 20.11183 0.09786
56269.7128 20.22577 0.10047
56269.71403 20.35222 0.10166
56269.71516 20.14217 0.11646
56269.7163 20.12412 0.09476
56269.72641 20.03912 0.09038
56269.72763 20.03978 0.08388
56269.72875 20.11809 0.11826
56269.72987 20.17457 0.09807
56269.731 20.14005 0.08877
56269.73213 20.02096 0.09288
56269.73326 20.10723 0.11036
56269.73438 20.21585 0.10666
56269.73557 20.05525 0.10097
56269.73682 19.86091 0.10285
56269.73796 19.9613 0.08956
56269.73911 20.08595 0.09135
56269.74036 20.07952 0.10387
56269.74147 20.03383 0.08968
56269.74272 20.06117 0.09527
56269.74391 20.20136 0.1023
56269.74502 20.45559 0.10206
56269.7462 20.1705 0.10025
56269.74734 20.30155 0.09788
56269.74846 20.04594 0.09777
56269.74961 20.00386 0.10407
56269.75074 20.1622 0.10066
56269.75201 20.02955 0.12875
56269.75316 20.10506 0.10259
56269.75429 20.17225 0.09466
56269.75553 20.22233 0.10277
56269.75665 20.02453 0.09758
56269.75779 20.11575 0.11245
56269.75895 20.25589 0.10964
56269.76008 19.94942 0.09358
56269.76123 20.14336 0.1021
56269.76235 20.13614 0.09506
56269.76348 19.9991 0.09968
56269.76459 20.11556 0.13544
56269.76573 20.02437 0.09778
56269.78036 20.37156 0.11724
56269.78151 20.03137 0.09636
56269.78271 20.05965 0.10346
56269.78391 20.12318 0.09847
56269.78511 20.14499 0.10935
56269.78751 20.13176 0.09975
56269.78876 20.00019 0.10174
56269.78989 20.15155 0.11086
56269.79108 20.05325 0.11425
56269.79227 20.05828 0.09356
56269.79356 20.34056 0.10416
56269.79478 20.11011 0.10506
56269.7959 20.09342 0.10025
56269.79701 20.10627 0.10995
56269.79816 20.01219 0.09667
56269.79928 20.32406 0.11645
56269.80041 19.9493 0.13584
56269.80156 20.07038 0.12084
56269.80276 19.96359 0.11446
56269.80404 20.40081 0.11646
56269.80517 19.87571 0.09326
56269.80638 20.22136 0.11106
56269.80752 20.25256 0.15594
56269.80866 19.88406 0.11106
56270.57931 19.91978 0.09378
56270.58058 20.25143 0.11538
56270.58188 19.99432 0.10938
56270.58305 19.85296 0.10378
56270.58429 20.21425 0.09537
56270.58556 20.04356 0.10871
56270.58671 20.04797 0.09809
56270.58798 19.86009 0.0954
56270.58926 20.12294 0.10497
56270.59051 20.08664 0.09558
56270.59176 20.29449 0.09729
56270.59301 20.04026 0.08344
56270.59588 20.00799 0.09439
56270.59719 20.10932 0.0903
56270.59846 19.96982 0.0996
56270.59973 20.2471 0.0883
56270.60101 20.05977 0.09659
56270.60229 20.21063 0.08919
56270.60361 20.02571 0.08391
56270.60484 20.26154 0.10369
56270.60617 20.1139 0.09271
56270.60733 19.97642 0.0917
56270.60868 20.07398 0.08439
56270.60993 20.09731 0.08372
56270.61121 20.1752 0.09537
56270.61244 20.09282 0.08301
56270.61368 20.13258 0.09108
56270.61481 20.15963 0.09389
56270.61593 20.01384 0.08978
56270.61713 20.28991 0.10536
56270.61835 20.23891 0.09039
56270.61963 20.10918 0.08709
56270.62082 20.18719 0.08609
56270.62212 20.03849 0.08139
56270.62324 19.92252 0.08791
56270.62438 20.00156 0.08818
56270.6255 20.04434 0.08618
56270.62668 20.0064 0.08749
56270.62781 20.0397 0.10777
56270.62895 20.08592 0.0867
56270.63017 20.22967 0.09909
56270.6313 20.007 0.08591
56270.63259 20.12231 0.08419
56270.63372 20.00813 0.09751
56270.63484 19.90893 0.07882
56270.64581 20.14325 0.0984
56270.64713 20.20446 0.08718
56270.64825 20.10674 0.07735
56270.6495 19.96663 0.08729
56270.65082 20.42353 0.09241
56270.65222 20.21442 0.09743
56270.65336 20.04012 0.08588
56270.6545 20.14943 0.08928
56270.65562 20.18261 0.10028
56270.65697 19.99956 0.08093
56270.65832 19.97012 0.08401
56270.65959 19.97509 0.09483
56270.66092 20.26293 0.09169
56270.66217 20.15329 0.08936
56270.66351 19.99817 0.0834
56270.66477 20.14851 0.08911
56270.67891 20.00614 0.08239
56270.68008 20.0661 0.08569
56270.68122 20.15904 0.09901
56270.68243 20.05792 0.08538
56270.68382 20.22335 0.09551
56270.68508 19.80342 0.08802
56270.68653 19.8297 0.07621
56270.68784 20.08537 0.08571
56270.68912 20.1587 0.09087
56270.69114 20.16148 0.09082
56270.69232 20.0695 0.08409
56270.69365 20.15081 0.09027
56270.6948 19.94904 0.10287
56270.69617 20.2096 0.0948
56270.69746 20.01091 0.09161
56270.6986 20.06108 0.12485
56270.6999 20.19823 0.09367
56270.70121 20.09513 0.0855
56270.70235 20.07817 0.08761
56270.70349 20.19915 0.09408
56270.70482 20.19481 0.09419
56270.70613 19.97828 0.08007
56270.70726 19.98724 0.08539
56270.7086 20.042 0.10306
56270.70972 20.00513 0.07661
56270.71103 20.06945 0.11196
56270.71235 20.20752 0.12006
56270.71347 20.02108 0.08501
56270.71481 20.11659 0.10587
56270.71608 19.94769 0.08019
56270.71722 20.05851 0.10348
56270.71853 20.30671 0.09728
56270.71967 20.1552 0.08469
56270.72098 20.00241 0.10172
56270.72302 20.0153 0.09229
56270.72439 20.16905 0.09098
56270.72553 20.08934 0.09531
56270.72665 20.15219 0.0964
56270.72793 20.1607 0.09117
56270.72927 20.0589 0.09097
56270.73043 20.15632 0.08797
56270.73161 20.19782 0.09087
56270.73292 20.24957 0.09896
56270.73506 20.32745 0.09912
56270.73622 20.06212 0.08668
56270.73753 20.01664 0.09706
56270.73887 20.11887 0.0935
56270.74001 20.03569 0.11475
56270.74126 19.93983 0.10078
56270.7424 20.17317 0.09257
56270.74369 20.03736 0.09438
56270.74498 20.10963 0.11686
56270.74609 20.20395 0.10097
56270.74744 20.15015 0.09756
56270.7486 20.09966 0.09857
56270.74995 20.07908 0.08918
56270.75121 20.15894 0.10363
56270.75241 20.0883 0.09567
56270.75372 20.03516 0.09376
56270.75502 20.04879 0.09929
56270.75706 20.08243 0.10884
56270.75826 19.8339 0.0982
56270.75948 20.11513 0.0998
56270.76078 20.23269 0.09466
56270.76208 20.32841 0.10507
56270.77223 20.2929 0.10866
56270.77464 19.80471 0.10847
56270.77775 20.13658 0.11579
56270.77887 20.10929 0.09786
56270.78012 20.04072 0.10077
56270.78147 20.17641 0.10408
56270.78273 19.8874 0.10895
56270.784 20.05787 0.10705
56270.78526 20.01065 0.10526
56270.78661 20.0629 0.10896
56270.78776 20.20812 0.10947
56270.7891 20.01802 0.12058
56270.79021 20.08932 0.10115
56270.79151 19.75029 0.12016
56270.7928 20.14341 0.13527
56270.79391 19.8473 0.10658
56270.79508 20.15251 0.12066
56270.79619 20.15808 0.10211
56270.7975 20.15782 0.10828
56270.79991 19.92104 0.09478
56270.80111 20.04239 0.10308
56270.80249 20.14518 0.10158
56270.80509 19.87095 0.0936
56270.80715 19.93394 0.11458
56270.80837 20.15413 0.10729
56270.80963 20.47878 0.13035
56271.71236 20.29548 0.12064
56271.74462 20.27484 0.14058
56272.64495 19.73741 0.08706
56272.7082 20.08642 0.15015
56273.63946 20.46011 0.14167
56281.58737 20.32767 0.1338
56282.58095 20.0045 0.12099
56282.61036 20.00753 0.12539
56282.62819 19.93963 0.13387
56297.58897 20.24994 0.11276
56297.59019 20.02304 0.09817
56297.5937 20.15037 0.0974
56297.59722 19.97291 0.08248
56297.59904 19.91001 0.11569
56297.60164 20.18883 0.10605
56297.60284 20.28471 0.12684
56297.6053 20.35863 0.11966
56297.61734 19.95139 0.11149
56297.61965 20.31701 0.10837
56297.62198 20.0193 0.0942
56297.62474 20.21185 0.09447
56297.62597 20.23726 0.10836
56297.62818 20.23234 0.10057
56297.63051 20.04796 0.09857
56297.63246 19.75293 0.10018
56297.6337 20.04296 0.10916
56297.63597 20.04314 0.09476
56297.63722 20.38025 0.12435
56297.63944 20.03748 0.11868
56297.64162 20.04784 0.10128
56297.64281 20.04012 0.09217
56297.64393 20.02953 0.09009
56297.64612 20.23724 0.09346
56297.64742 20.1455 0.10046
56297.64964 20.41282 0.10387
56297.65084 20.28047 0.11706
56297.65434 20.07676 0.10667
56297.65811 19.74487 0.10767
56297.65988 20.08445 0.10117
56297.66121 20.04934 0.1122
56297.66483 20.33332 0.11178
56297.66714 19.98839 0.10215
56297.67315 20.034 0.09367
56297.67547 20.0078 0.10037
56297.67675 20.13584 0.10248
56297.67954 20.07564 0.10117
56297.68076 20.25768 0.10717
56297.6819 19.90558 0.1047
56297.68325 20.31761 0.15225
56297.68541 19.86644 0.12088
56297.68786 19.80714 0.09167
56297.69171 20.13094 0.09987
56297.69635 20.02676 0.10688
56297.69767 20.14596 0.13095
56297.70113 20.20009 0.11897
56297.70743 20.14923 0.1072
56297.71084 20.031 0.09709
56297.71401 20.03442 0.09728
56297.71668 20.12053 0.10198
56297.7179 20.02548 0.11737
56297.72049 20.22539 0.10847
56297.72327 19.95121 0.11886
56297.72448 20.16233 0.12126
56297.72584 20.1714 0.11178
56297.72772 20.17041 0.11298
56297.72894 20.12377 0.11237
56297.74317 20.16815 0.16408
56297.74683 20.38679 0.14705
56297.74996 19.95832 0.10339
56297.75123 20.02065 0.11257
56297.75493 19.94177 0.14676
56297.75709 20.40638 0.12216
56297.7583 20.06208 0.12156
56297.76047 20.05748 0.11817
56297.76167 19.94447 0.15095
56297.76388 19.97405 0.13095
56297.76506 19.94005 0.12588
56297.76834 20.37148 0.16587
56297.77069 20.28604 0.15388
56297.77185 20.07645 0.14625
56297.77383 20.07329 0.1436
56297.79199 20.14341 0.15409
56297.79318 20.4176 0.19138
56297.79645 20.04132 0.1549
56297.79953 20.07189 0.18375
56297.80564 20.15268 0.1408
56298.58895 20.22976 0.15956
56298.59235 20.24847 0.20468
56298.59354 19.92539 0.19187
56298.59724 20.03979 0.15721
56298.60466 19.79004 0.16881
56298.60701 20.01639 0.20333
56298.61034 20.44455 0.19146
56298.61272 19.91148 0.13658
56298.61595 20.33784 0.16803
56298.61811 20.32239 0.10934
56298.62047 20.25915 0.11249
56298.62171 19.78759 0.15093
56298.62426 20.19157 0.10463
56298.62643 20.10704 0.12214
56298.62762 20.41291 0.1981
56298.63098 20.29388 0.14009
56298.63219 20.12756 0.12199
56298.63473 20.16914 0.15259
56298.63687 20.26779 0.11789
56298.63807 19.97434 0.13078
56298.63935 20.14463 0.12201
56298.64364 20.16164 0.10144
56298.64578 20.20087 0.10505
56298.64695 20.05536 0.12261
56298.6481 20.10145 0.11573
56298.65082 20.17043 0.11624
56298.65294 20.2269 0.12814
56298.65509 20.15224 0.12344
56298.65865 20.12355 0.10052
56298.66081 20.10259 0.12219
56298.66198 20.31885 0.09701
56298.66411 20.1392 0.10793
56298.66639 20.34045 0.0962
56298.6699 20.32999 0.10829
56298.68256 20.34246 0.1269
56298.68492 20.23575 0.15372
56298.68729 19.94295 0.20173
56301.59099 20.26808 0.10731
56302.62153 20.26829 0.13188
56305.59416 20.26179 0.12246
56305.62276 20.14064 0.09381
56307.63151 20.08833 0.15114
56308.60019 19.94857 0.14846
56310.63503 20.02878 0.12529
56311.62777 20.00108 0.13837
56314.61498 19.96245 0.13906
56322.63022 20.24913 0.1498
56323.59943 20.01525 0.10666
56323.60059 19.94135 0.10487
56323.60172 19.89287 0.12345
56323.60284 20.15115 0.10549
56323.60396 19.99682 0.10245
56323.60508 20.14565 0.10707
56323.60621 20.50426 0.12174
56323.60734 20.08797 0.10136
56323.60846 20.17665 0.1054
56323.60959 20.15769 0.10317
56323.61071 20.08256 0.10495
56323.61183 20.114 0.09457
56323.61297 20.05566 0.10565
56323.61409 19.95794 0.09647
56323.61521 20.16621 0.12875
56323.61635 20.00326 0.09749
56323.61747 20.0302 0.09101
56323.61859 19.74326 0.09848
56323.61971 20.34619 0.10907
56323.62085 19.97521 0.10567
56323.62197 20.02836 0.08817
56323.62309 20.15059 0.10916
56323.62423 20.16193 0.12576
56323.62535 20.01439 0.09406
56323.62647 20.21615 0.10537
56323.62759 20.07294 0.10217
56323.62872 20.21145 0.11635
56323.62985 20.37761 0.12225
56323.63097 20.17749 0.12236
56323.6321 20.06405 0.10458
56323.63322 20.26903 0.11936
56323.63435 20.00159 0.10146
56323.63549 20.07701 0.13316
56323.63661 20.21849 0.13095
56323.63773 19.83712 0.11756
56323.63887 20.04849 0.12585
56323.63999 20.27273 0.10865
56323.64112 20.39187 0.10578
56323.64225 20.06557 0.10716
56323.64338 20.1718 0.10025
56323.6445 20.15499 0.11306
56323.64563 19.95615 0.12117
56323.64676 20.04601 0.13376
56323.64789 19.87631 0.0954
56323.64902 20.08583 0.13684
56323.65014 20.12485 0.13106
56323.65127 20.34967 0.12267
56323.6524 20.08892 0.11607
56323.65352 20.00232 0.11256
56323.65465 20.21195 0.11637
56323.65577 20.19993 0.11485
56323.65691 19.92049 0.10735
56323.65803 20.22643 0.10645
56323.65917 20.02212 0.10445
56323.66029 20.24057 0.13146
56323.66142 19.96031 0.12367
56323.66255 20.38544 0.14175
56323.66367 20.43859 0.12924
56323.6648 20.13336 0.15404
56323.66594 20.1971 0.15504
56323.66819 20.086 0.17436
56323.66932 20.15564 0.13552
56323.67045 20.35189 0.14115
56323.67158 20.41059 0.13896
56323.67271 20.14353 0.15876
56323.67384 20.08485 0.12656
56323.67496 20.16333 0.17254
56323.67613 20.29304 0.15445
56323.67725 19.99908 0.13417
56323.67838 20.12816 0.13383
56323.67951 20.06871 0.13555
56323.68065 20.03265 0.12061
56323.68177 20.15517 0.15974
56323.6829 20.38177 0.17595
56323.68402 19.89904 0.12357
56323.68516 19.89072 0.13566
56323.68742 20.22028 0.16883
56323.68855 20.04268 0.13836
56323.68967 20.2078 0.16254
56323.69081 19.89085 0.13136
56323.69194 19.9669 0.13134
56323.69306 20.11766 0.13067
56323.6942 19.86004 0.13498
56323.69532 20.41225 0.15294
56323.69644 20.1451 0.13565
56323.69758 20.29799 0.16267
56323.69982 20.38579 0.17175
56323.70208 20.22042 0.14759
56323.70434 20.43966 0.19065
56323.70659 20.19292 0.17395
56328.60109 20.04353 0.13696
56328.63041 19.96047 0.0998
56329.6158 20.21933 0.19764
56330.60568 20.22152 0.12686
56330.63442 20.35198 0.11889
56336.60557 20.08491 0.12478
56336.6347 20.02496 0.12606
56337.61678 20.28736 0.11407
56337.646 20.28416 0.13229
56340.62168 19.83136 0.12161
56340.65261 20.16606 0.15776
56341.63432 19.96632 0.15966
56342.64414 19.9014 0.14694
56433.97522 20.01023 0.15565
56442.95121 19.93131 0.16627
56443.94843 20.15394 0.1798
56446.9404 20.04418 0.12628
56447.93827 19.94702 0.10782
56447.97245 20.08573 0.13848
56448.93551 20.11672 0.10898
56448.97043 19.71266 0.11711
56449.9322 19.8998 0.09125
56449.96744 19.77524 0.09242
56450.93056 20.02451 0.11519
56450.96471 19.69452 0.10748
56451.92757 19.97679 0.14799
56451.96268 19.84282 0.09763
56452.92487 19.89243 0.09159
56452.95905 19.86027 0.09678
56453.9223 19.81578 0.11539
56453.95718 19.99856 0.12563
56454.91904 20.05332 0.12225
56454.9531 19.86391 0.1022
56455.91706 19.77328 0.09177
56455.95123 19.85308 0.10372
56456.91361 20.07435 0.10909
56456.94859 19.8005 0.10748
56457.91086 20.01996 0.10747
56457.9457 19.9143 0.12197
56458.90893 20.13207 0.10369
56458.94334 19.94659 0.09179
56459.90596 19.90281 0.11717
56459.94092 19.88276 0.10527
56460.9034 20.14011 0.11778
56460.93791 20.01519 0.09427
56461.90107 19.85275 0.09342
56461.93811 20.11364 0.08771
56462.89824 20.06618 0.12457
56462.93439 19.74 0.10671
56463.89576 19.8365 0.13327
56463.93218 19.70457 0.09337
56469.87982 19.73539 0.13419
56469.91685 19.95042 0.14788
56471.91001 19.93523 0.15184
56473.90477 19.62884 0.12949
56475.9008 19.76973 0.13502
56476.86102 20.29335 0.20448
56485.83631 20.10108 0.10387
56486.83403 20.20551 0.11608
56486.87106 19.85632 0.09013
56488.83006 20.06351 0.11499
56488.86647 19.86178 0.0889
56489.82698 19.94664 0.11283
56489.86366 19.69274 0.09461
56491.8581 19.87368 0.21444
56498.802 19.97646 0.16619
56502.79167 20.06481 0.13035
56502.82864 20.15182 0.14203
56503.78903 19.87474 0.09803
56503.82769 19.75431 0.10474
56504.82017 20.22455 0.11238
56504.86992 20.22491 0.10939
56504.90811 19.88152 0.08892
56505.81768 19.90133 0.09556
56505.9509 19.90478 0.10167
56505.98842 19.94319 0.12738
56506.89349 19.95518 0.09465
56507.80198 19.92019 0.09869
56507.84712 20.10281 0.10651
56507.99891 20.1461 0.14929
56508.90167 19.82876 0.07186
56509.79634 19.80958 0.09727
56509.83877 19.84379 0.08168
56510.8262 19.80347 0.0923
56511.79111 20.03212 0.09931
56511.84089 20.1043 0.09799
56512.78788 20.00017 0.10264
56512.82519 19.86778 0.09354
56513.78624 20.06359 0.10822
56513.82352 20.03922 0.08968
56514.7834 19.90688 0.10225
56514.82081 19.99406 0.0871
56515.78106 19.99329 0.10361
56515.82231 19.72318 0.07896
56516.77774 20.11326 0.09209
56516.81437 19.90112 0.08028
56517.77605 19.87548 0.0969
56517.81715 19.85564 0.08557
56517.97309 19.9469 0.07691
56518.87478 20.01393 0.08679
56518.96686 19.96353 0.07725
56519.00311 19.71137 0.07451
56519.90443 19.88953 0.07369
56519.96504 19.78991 0.08689
56520.00171 20.08616 0.08868
56520.90327 19.94412 0.08319
56520.95521 19.82652 0.07026
56520.99262 19.92536 0.08833
56521.89446 19.83391 0.07049
56521.95772 19.83451 0.07215
56521.99393 19.88912 0.07761
56528.81982 20.1709 0.16743
56529.90241 19.72992 0.14235
56529.93849 20.05326 0.14307
56529.97462 19.94129 0.16889
56532.71221 19.91711 0.11678
56532.85928 19.95432 0.08872
56532.89645 19.86966 0.09321
56533.79895 19.92382 0.1009
56533.93493 19.88177 0.09209
56533.97228 19.83871 0.1157
56537.84525 19.81808 0.08619
56537.9874 20.0221 0.0878
56539.69386 19.73965 0.12528
56539.88447 19.95198 0.07692
56539.9215 19.83758 0.07325
56540.97669 19.80416 0.07271
56541.6883 19.66069 0.11947
56542.96698 19.76857 0.08553
56543.00294 20.14767 0.09596
56543.90463 19.88733 0.09019
56543.97085 19.84439 0.08375
56544.00787 19.99792 0.09025
56546.67441 19.91383 0.1159
56546.75907 19.97067 0.09645
56546.94639 19.83287 0.06864
56547.84788 19.88772 0.10141
56548.0057 20.21784 0.09499
56548.70582 19.86715 0.11109
56548.74172 20.20135 0.12816
56549.66591 20.28685 0.14238
56549.70273 20.24119 0.13149
56549.73967 19.77776 0.11658
56550.6994 20.20505 0.1465
56550.73216 20.10191 0.16398
56551.75862 19.92546 0.12416
56561.66061 19.83411 0.11029
56561.89034 19.97142 0.12863
56562.93459 19.94645 0.09463
56563.02169 19.93169 0.14178
56563.6893 20.12075 0.11116
56563.77494 20.00525 0.11567
56564.72602 19.95739 0.09769
56564.99301 19.88658 0.08916
56565.02672 19.65149 0.13095
56565.92832 19.79148 0.08551
56565.98151 20.13301 0.10989
56566.01544 19.86245 0.1023
56566.91724 19.93629 0.0876
56566.96287 20.16989 0.11217
56566.99591 20.13799 0.11225
56567.8986 19.99686 0.08502
56567.96702 19.72501 0.07479
56568.00039 19.95969 0.08928
56568.90245 19.86287 0.08918
56568.96343 20.21815 0.10344
56568.99843 19.8931 0.11718
56569.90084 19.82134 0.10139
56569.99803 20.12718 0.11757
56570.03082 19.91151 0.15149
56572.62632 20.14358 0.12784
56572.66032 19.96239 0.09778
56572.69287 19.90512 0.15583
56573.61429 20.01666 0.13208
56573.64765 19.92407 0.10588
56573.77817 19.99582 0.08797
56576.83948 19.95807 0.07791
56577.00541 20.07923 0.15477
56577.60601 19.89074 0.13469
56577.63144 20.11535 0.15006
56577.77306 19.7272 0.11635
56578.67217 20.3451 0.13955
56578.69674 19.92064 0.11187
56578.75347 19.65203 0.09858
56579.73584 19.9261 0.11857
56579.85963 20.25186 0.12605
56579.88516 20.0507 0.12857
56580.7875 20.06978 0.14676
56580.8553 20.00043 0.12452
56587.62864 19.92039 0.09749
56587.78993 19.91962 0.10999
56587.81475 19.96782 0.11397
56589.79481 19.99846 0.10218
56589.81959 19.96304 0.11167
56589.84642 19.99196 0.12027
56590.76387 20.04972 0.09715
56590.8749 19.90797 0.09947
56590.89969 19.67238 0.08707
56591.86057 19.99509 0.11389
56591.88508 19.96198 0.09196
56592.81972 20.09975 0.0945
56592.91348 20.2464 0.11107
56592.93852 19.89324 0.09897
56596.59731 19.76167 0.11697
56596.81771 20.27565 0.12386
56596.84238 20.09598 0.13196
56597.74425 19.8514 0.10119
56597.82393 20.04666 0.10469
56597.84943 20.00526 0.15988
56598.75163 20.0226 0.11959
56598.82179 20.13945 0.1062
56598.84855 19.80848 0.11265
56599.75014 19.83292 0.08048
56599.79577 19.9071 0.08181
56599.82112 19.79546 0.1025
56600.77441 19.90252 0.08384
56600.8753 20.15579 0.12886
56602.59024 20.04909 0.16677
56602.78065 20.15889 0.14159
56603.68227 20.00172 0.09641
56603.74296 20.17293 0.11459
56603.81581 20.00798 0.0915
56604.73691 20.09183 0.09575
56604.92616 19.86278 0.10733
56605.64733 20.0254 0.09377
56605.67213 20.03296 0.09228
56606.60932 20.18771 0.14429
56607.82225 20.14664 0.1353
56607.84927 19.8839 0.12406
56608.75086 20.25549 0.18565
56608.81398 19.91179 0.13028
56608.84048 20.06984 0.14641
56609.8617 20.1309 0.17207
56621.79766 20.24494 0.13409
56622.58588 19.92429 0.10169
56623.58717 19.78229 0.12628
56624.57999 19.87119 0.10126
56624.60429 20.11139 0.10087
56625.70494 19.80046 0.09053
56625.74386 19.92045 0.08847
56626.64578 20.2369 0.11236
56626.67007 19.90632 0.10218
56628.73144 20.13896 0.14067
56628.76212 19.82748 0.1057
56637.58042 20.21632 0.17759
56637.60549 20.26987 0.15828
56640.58279 19.96883 0.14387
56640.61699 20.2143 0.16458
56648.58277 19.92258 0.14967
56648.61266 20.41885 0.12828
56649.57885 20.21231 0.12228
56649.60387 19.99397 0.10146
56650.58762 20.23683 0.13838
56658.58519 20.13523 0.10832
56658.62914 19.96814 0.09192
56659.58605 20.10453 0.09313
56659.61086 19.88863 0.09278
56660.58569 20.04633 0.09572
56660.61029 19.90768 0.08687
56662.58587 19.88465 0.10338
56662.61038 19.85847 0.12756
56663.59143 19.88518 0.09051
56663.6171 19.94272 0.09559
56664.6104 20.07093 0.16993
56668.61177 20.24599 0.13239
56675.5969 19.87703 0.08433
56675.6459 20.2319 0.138
56676.59181 19.94081 0.12606
56676.61781 20.06762 0.095
56677.60718 19.77186 0.1907
56678.61458 19.98149 0.09747
56678.64019 20.00769 0.12158
56680.60724 20.21394 0.10707
56683.59693 19.85415 0.09316
56683.63252 19.79415 0.10928
56685.59847 19.93731 0.14852
56687.59886 20.05763 0.10682
56687.64144 19.8828 0.10699
56690.60286 20.15291 0.14309
56690.64549 20.07471 0.17736
56816.96412 19.97722 0.12027
56816.97531 19.79272 0.14076
56818.96227 20.09742 0.10647
56818.97512 19.81532 0.12516
56819.96647 19.9917 0.17005
56820.96625 20.24059 0.16777
56822.96143 20.3231 0.15416
56824.96428 20.3056 0.19925
56824.97573 19.99429 0.17915
56825.96455 20.30771 0.17975
56826.96127 19.79527 0.12096
56827.96384 20.0118 0.15575
56827.97622 19.88554 0.15627
56828.9654 19.79459 0.11939
56828.97804 19.96605 0.19185
56829.96383 20.10388 0.10327
56829.97653 19.90793 0.13789
56830.96102 20.15694 0.09777
56830.97338 20.06172 0.09609
56831.96161 19.88126 0.07861
56831.97427 20.05111 0.11106
56832.9648 19.9776 0.0862
56832.97563 20.25619 0.11233
56833.96568 20.01815 0.09418
56833.97644 19.87888 0.12758
56834.96484 20.17271 0.09211
56834.9776 20.01364 0.13789
56836.96625 19.97166 0.08688
56836.97711 20.04832 0.10758
56837.96638 19.87751 0.07729
56837.98211 19.84303 0.1627
56838.96389 19.89424 0.09236
56838.9786 19.91868 0.15028
56839.96511 20.03827 0.08189
56839.97834 19.87027 0.09409
56840.96951 20.00377 0.0955
56840.98137 19.9569 0.13907
56841.96857 19.80805 0.09142
56841.98075 20.03778 0.10783
56844.96636 20.099 0.09084
56844.97887 19.91783 0.08932
56845.96726 20.01885 0.08328
56845.98002 20.09297 0.10172
56846.96666 19.85249 0.07512
56846.98115 20.05001 0.11258
56847.96648 19.90604 0.07336
56847.98151 20.11425 0.09502
56848.96743 19.92695 0.07045
56848.98312 19.85181 0.09776
56849.96813 20.11387 0.13837
56849.98235 19.81363 0.13957
56851.97048 20.02527 0.12629
56851.98675 20.0382 0.12649
56854.96165 19.99668 0.11512
56854.98771 19.70431 0.11972
56855.96071 20.02479 0.1043
56856.96087 19.57465 0.12663
56856.98328 19.85818 0.14986
56858.96243 19.89423 0.0788
56858.98507 19.68167 0.09328
56859.96515 19.81442 0.06646
56859.98697 20.14999 0.1012
56861.96231 20.03761 0.08679
56861.98508 19.86873 0.07772
56862.9659 20.09511 0.08732
56862.98227 19.83373 0.07693
56863.94981 19.83825 0.07387
56864.94576 19.92042 0.08572
56864.96947 19.82508 0.09753
56865.92975 19.82234 0.0802
56865.96089 19.84506 0.07538
56867.98799 19.98254 0.07772
56868.96536 20.01568 0.07955
56868.98567 19.93849 0.08256
56869.96092 19.95422 0.07847
56869.98231 19.8136 0.09031
56870.96467 19.7826 0.07126
56870.98635 19.83066 0.06572
56874.97428 19.96822 0.06715
56874.99622 20.02121 0.08043
56875.98151 19.89504 0.07971
56875.99752 19.9955 0.08502
56876.91773 19.75097 0.06899
56876.94717 19.81959 0.07107
56877.9745 19.84205 0.06789
56877.9957 19.87239 0.08088
56878.00741 20.02151 0.1254
56878.9086 19.91714 0.10962
56878.93847 20.04601 0.16135
56879.92838 20.21439 0.17887
56879.95816 20.24008 0.13718
56880.9882 20.22309 0.16772
56882.96877 19.64321 0.20502
56883.9421 20.11659 0.10913
56883.98158 19.80046 0.10348
56884.99956 19.859 0.1432
56885.96448 20.04082 0.09903
56885.98159 19.85175 0.1048
56886.91453 19.81875 0.08134
56886.94264 20.00579 0.09488
56887.91623 19.9766 0.09196
56887.94902 19.98574 0.08543
56888.86519 19.80312 0.06591
56888.89905 19.92865 0.07393
56888.91008 19.91592 0.07359
56888.94196 19.68283 0.07714
56890.94091 19.79247 0.07506
56890.97479 19.63218 0.06737
56895.83087 19.83317 0.08561
56895.86667 19.935 0.0841
56972.71463 20.00005 0.09909
56972.73749 20.23145 0.12369
56978.74407 19.90585 0.09918
56978.79927 20.1396 0.15188
56979.72374 19.94463 0.15972
56980.71766 19.72748 0.09884
56980.83416 20.00433 0.09753
56981.71538 19.95226 0.09171
56981.77818 19.92677 0.10221
56984.71333 19.99928 0.15499
56984.78092 20.35135 0.19301
56986.72544 20.12977 0.1027
56986.79095 20.16822 0.15069
56987.70535 20.10233 0.10051
56987.76948 19.81287 0.1487
56988.66321 19.90122 0.09045
56989.60286 20.05054 0.10298
56989.66828 20.0787 0.10029
56990.59847 19.79827 0.09329
56990.66232 19.82839 0.08353
57000.62591 19.94917 0.09278
57000.65668 19.98593 0.12111
57001.60725 20.06832 0.09919
57001.63454 19.86944 0.0793
57011.62365 19.74867 0.08738
57011.65019 20.01126 0.09343
57014.60229 19.80868 0.08743
57014.62433 19.90027 0.1189
57015.60026 20.15948 0.1386
57015.6199 20.05418 0.11083
57018.60146 20.09109 0.1066
57018.62586 20.03287 0.10488
57019.59637 20.19826 0.13161
57019.61004 20.16284 0.11752
57030.59868 19.8403 0.11028
57037.60179 19.98547 0.11472
57039.60447 19.9989 0.10829
57040.60372 19.78074 0.11149
57040.65327 20.09994 0.11195
57041.64649 20.26222 0.10643
57042.59979 20.01128 0.09925
57042.64647 20.09249 0.09634
57043.60053 20.20933 0.10644
57043.64542 20.02555 0.11368
57044.59961 19.85936 0.14672
57046.59907 19.96791 0.1233
57046.64082 19.97226 0.1384
57047.65361 19.91004 0.12269
57059.60766 19.85072 0.09428
57059.61723 19.90219 0.10344
57063.60738 20.27199 0.11247
57063.61933 19.92706 0.10287
57064.61072 20.05647 0.09872
57064.62756 20.03938 0.13632
57065.60805 20.05659 0.1432
57067.60784 20.01246 0.1165
57067.62545 20.19497 0.12436
57069.61019 20.22651 0.12116
57069.6409 19.96146 0.12521
57070.61078 20.37658 0.13344
57070.6277 20.08144 0.13662
57071.61023 20.368 0.13112
57071.6267 19.992 0.12852
57089.62798 19.71622 0.14977
57185.96692 19.70885 0.14306
57187.96362 20.24795 0.11521
57188.93765 20.19491 0.10912
57188.96808 20.23099 0.13334
57189.95594 19.96844 0.11731
57190.94422 20.26506 0.12103
57191.9217 20.01739 0.11108
57191.95614 19.74343 0.14128
57192.94672 19.8304 0.10566
57193.93573 20.0666 0.1304
57193.96862 20.25396 0.12544
57194.94374 19.87383 0.09816
57194.97431 19.88818 0.13698
57195.94595 20.02872 0.15514
57196.92539 20.1657 0.14605
57197.91796 20.25889 0.1202
57197.96971 19.82915 0.10722
57198.93165 20.05525 0.11096
57199.9472 20.2233 0.12616
57207.95261 20.27497 0.19214
57208.90735 20.00876 0.16891
57208.94607 20.109 0.12722
57209.93937 20.28027 0.17131
57209.97959 20.47617 0.15161
57210.9363 19.92224 0.10792
57210.97519 20.30356 0.12692
57211.94997 20.06787 0.13807
57214.96163 20.11793 0.11658
57216.93262 20.06387 0.0938
57216.97994 20.09805 0.09666
57267.9816 19.84706 0.12724
