#mjd mag magerr
55061.92501 19.67981 0.06617
55061.95573 19.70877 0.05315
55063.91987 19.73908 0.05413
55063.9639 19.76849 0.06016
55064.92128 19.60986 0.05575
55064.9656 19.69541 0.06186
55066.91014 19.75133 0.06157
55066.95474 19.694 0.05363
55067.91649 19.78445 0.09107
55067.96099 20.0452 0.10107
55069.90324 19.76557 0.06752
55069.94786 19.7349 0.06153
55080.87449 19.91239 0.14932
55084.86328 19.88437 0.0908
55087.85609 19.82458 0.06739
55087.90101 19.6635 0.06552
55088.96983 19.89126 0.06371
55089.01521 19.81614 0.06862
55089.94574 19.76696 0.06574
55089.99042 19.89842 0.06623
55093.83741 19.80119 0.06513
55093.88196 19.77586 0.05944
55096.8292 19.69936 0.07829
55097.00858 19.69055 0.07489
55104.99862 19.91983 0.0907
55107.79764 19.82034 0.16197
55114.88125 19.84359 0.08116
55114.92522 19.61808 0.20083
55119.89538 19.86292 0.08117
55119.95365 19.87159 0.08142
55123.75696 19.74668 0.06511
55123.81523 19.86475 0.0691
55126.97957 19.74839 0.10957
55127.83329 19.68981 0.07956
55127.87706 19.98468 0.08877
55135.82555 19.89952 0.17197
55138.71472 19.67949 0.15294
55138.75871 19.56552 0.14717
55142.7036 19.95695 0.07955
55142.75219 20.02091 0.12165
55144.77886 19.89383 0.0787
55144.82305 19.67828 0.07709
55151.72943 19.79858 0.0779
55151.77257 19.81846 0.07478
55166.70473 20.15763 0.17055
55168.63378 20.11808 0.12639
55168.6775 19.64105 0.10562
55175.61224 19.70529 0.06634
55175.65684 19.92366 0.06754
55181.59421 19.73685 0.13314
55181.63825 19.94197 0.08729
55183.59204 20.0348 0.12611
55183.64253 19.60328 0.06645
55189.58054 19.87911 0.09661
55189.62557 19.88176 0.09008
55194.59026 19.96709 0.17925
55199.58559 19.76164 0.07405
55201.58642 20.00654 0.18725
55202.58667 19.75988 0.07802
55203.71441 19.67365 0.10479
55203.75743 19.54959 0.08872
55207.63092 19.70091 0.07191
55207.67514 19.7836 0.07113
55209.5968 19.7162 0.05829
55209.64149 19.75603 0.06842
55213.63312 19.71937 0.09078
55213.6798 19.7386 0.10111
55377.85123 19.48479 0.14807
55377.89535 19.83598 0.11348
55378.90615 19.63728 0.16092
55379.8591 19.67423 0.12935
55379.92482 19.61285 0.08208
55380.92078 19.72637 0.09787
55381.89606 19.91195 0.09497
55381.93934 19.84543 0.08508
55384.82671 19.93958 0.08227
55384.87028 19.89558 0.07229
55385.87021 19.58816 0.07318
55385.91339 19.85617 0.0643
55386.86524 19.80511 0.07187
55386.90867 19.68524 0.06708
55387.87002 19.78593 0.07059
55387.91342 19.84445 0.06319
55388.86609 19.80214 0.10337
55388.91005 19.72295 0.06173
55390.80957 19.69943 0.10277
55390.85393 19.74268 0.08499
55391.80613 19.96122 0.11037
55391.87538 19.83432 0.08059
55392.83258 19.72983 0.08248
55392.87538 19.78192 0.07146
55394.79908 19.79963 0.09729
55394.8431 19.78036 0.0781
55395.79551 19.78586 0.1193
55395.84215 19.71465 0.08369
55396.79527 19.85802 0.11408
55396.83932 19.70283 0.07009
55397.83526 19.83644 0.08337
55398.78764 19.90553 0.16296
55398.83124 19.56296 0.10536
55399.78802 19.85756 0.15696
55399.83261 19.72838 0.11779
55400.78534 19.5141 0.14488
55400.8289 20.10795 0.12575
55401.82518 20.18267 0.15024
55404.77424 19.96521 0.19017
55404.84266 19.71603 0.11728
55405.8416 19.75727 0.17176
55411.79896 19.68385 0.09631
55412.75232 19.72756 0.16275
55412.79539 19.79068 0.14826
55413.75577 19.99578 0.19244
55413.79945 19.99387 0.12371
55414.79555 19.91637 0.13711
55415.79727 20.0276 0.14731
55416.79342 19.791 0.1382
55418.79843 20.08067 0.17047
55418.84121 20.06259 0.10368
55419.79504 19.8511 0.11655
55420.78929 19.71017 0.13349
55420.83264 19.80025 0.12376
55421.73664 19.8658 0.08942
55421.79901 19.68837 0.06111
55422.75115 19.89024 0.09427
55422.79487 19.76557 0.08366
55423.74742 19.74234 0.07967
55423.79284 19.76848 0.06861
55424.75349 19.66026 0.09016
55424.80178 19.88216 0.07418
55425.76166 19.6058 0.09149
55425.80573 19.72013 0.06331
55426.80123 19.97134 0.08422
55426.8444 19.6458 0.059
55427.79708 19.55765 0.09206
55427.8408 19.76544 0.07488
55428.79281 19.69916 0.08876
55428.83703 19.87237 0.08456
55429.8142 19.81538 0.09985
55429.85716 19.79684 0.07472
55430.75769 20.00162 0.12105
55430.80485 19.86094 0.10437
55431.75639 19.78633 0.10909
55431.80024 20.11702 0.10385
55432.73907 19.74562 0.12745
55432.78359 20.06867 0.14156
55433.7493 19.9011 0.18516
55434.73769 19.63381 0.13703
55435.69148 19.78165 0.23787
55436.88575 19.7377 0.12045
55436.88891 19.92276 0.12657
55436.8919 19.68087 0.11587
55436.89501 19.86576 0.13225
55436.89797 19.74869 0.11317
55436.90109 19.58743 0.10827
55436.9042 19.79236 0.13366
55436.90728 19.80879 0.17964
55436.91041 19.90254 0.12088
55436.91351 19.85466 0.14975
55436.91641 20.14824 0.13316
55436.91931 19.77905 0.12526
55436.92221 19.72932 0.18694
55436.92514 19.63622 0.13584
55436.92806 19.80305 0.11467
55436.93096 19.43497 0.10396
55436.93413 19.78435 0.15265
55436.93703 19.68469 0.11076
55436.93974 19.54267 0.14145
55436.94297 19.68632 0.13107
55436.94613 19.74887 0.15555
55436.94915 19.79848 0.12146
55436.95231 19.87232 0.11557
55436.9553 20.00562 0.13546
55436.95826 19.98174 0.10997
55436.96116 19.99718 0.12335
55436.96403 19.65661 0.12896
55436.96671 19.84533 0.11519
55438.88857 19.90878 0.12096
55438.89169 19.97563 0.11697
55438.89485 19.55038 0.11717
55438.89798 19.88086 0.10396
55438.90086 20.11922 0.09806
55438.90371 19.91872 0.12255
55438.9065 19.89119 0.11525
55438.90927 20.06019 0.11099
55438.91204 19.90748 0.09718
55438.91487 19.39182 0.10257
55438.91763 19.84609 0.10366
55438.92084 19.92881 0.11217
55438.92394 19.8399 0.11496
55438.92672 19.7696 0.14334
55438.92954 19.65797 0.11406
55438.93259 19.85629 0.11717
55438.93833 19.9062 0.12536
55438.94106 19.70432 0.12015
55438.94411 19.81944 0.13106
55438.94678 19.67762 0.11267
55438.95017 19.64385 0.10116
55438.95913 19.85448 0.15585
55438.96141 19.79787 0.10796
55440.87507 19.86107 0.08127
55440.87823 19.77329 0.07427
55440.88428 19.71446 0.06569
55440.88675 19.66135 0.07156
55440.8894 19.889 0.07856
55440.89205 19.82614 0.06716
55440.89518 19.69452 0.07018
55440.89832 19.75685 0.09425
55440.90145 19.88422 0.06745
55440.90439 19.79495 0.07596
55440.90729 19.67748 0.06828
55440.91025 19.61771 0.0681
55440.91316 19.7649 0.09306
55440.91591 20.0025 0.08007
55440.9187 19.87198 0.08095
55440.92149 19.91351 0.07644
55440.92426 19.72193 0.07427
55440.93095 19.82869 0.07326
55440.93364 19.80156 0.07776
55440.93623 19.92714 0.08275
55440.9395 19.82469 0.08396
55440.94264 19.87004 0.08126
55440.94582 19.59514 0.07278
55440.94883 19.81517 0.07466
55440.95182 19.79986 0.07886
55440.95489 19.81363 0.08246
55440.95791 19.59865 0.08456
55441.87301 19.69641 0.063
55441.87592 19.70559 0.0676
55441.88645 19.72727 0.06381
55441.88962 19.68026 0.0654
55441.89254 19.91508 0.07071
55441.89542 19.60104 0.06231
55441.89828 19.88302 0.0667
55441.90107 19.8518 0.08277
55441.9037 19.70852 0.0624
55441.90634 19.68954 0.06376
55441.90906 19.83159 0.06919
55441.9118 19.87119 0.06929
55441.91445 19.82463 0.06668
55441.91722 19.70471 0.06348
55441.91981 19.6453 0.07648
55441.92242 19.90137 0.07298
55441.92546 19.82271 0.06809
55441.9281 19.74972 0.07819
55441.93183 19.84711 0.07518
55441.93458 19.72608 0.07089
55441.93727 19.77576 0.0637
55441.94048 19.79018 0.07441
55441.94326 19.71511 0.05812
55441.94546 19.79401 0.0661
55441.94852 19.76966 0.0649
55441.95194 19.73317 0.07889
55441.95469 19.7196 0.06381
55441.95786 19.77123 0.06698
55441.96081 19.90621 0.06969
55441.96392 19.7494 0.0641
55441.96715 19.7771 0.06582
55441.97012 19.70383 0.06329
55441.97294 19.76454 0.06488
55441.97532 19.73138 0.07998
55441.97757 19.71027 0.06289
55441.9798 19.67266 0.0713
55441.9835 19.74829 0.06797
55441.9863 19.62679 0.07691
55441.98852 19.80061 0.06951
55441.99078 19.68952 0.07598
55441.99382 19.74438 0.07081
55442.00593 19.83937 0.0731
55442.00906 19.91472 0.09306
55442.01216 19.81514 0.06971
55442.01486 19.83194 0.11376
55442.01753 20.10058 0.11989
55442.02001 19.89233 0.11558
55442.02226 19.72883 0.12391
55442.70382 19.71723 0.08098
55442.70734 19.65042 0.0701
55442.71097 19.91521 0.08257
55442.71448 19.71638 0.07226
55442.71808 19.78071 0.07186
55442.72168 19.72345 0.06737
55442.72527 19.72998 0.06719
55442.73272 19.79673 0.07727
55442.74184 19.80547 0.07249
55442.74882 19.75216 0.06111
55442.75572 19.68667 0.06367
55442.76147 19.78471 0.06718
55442.76615 19.66099 0.07358
55442.77616 19.78318 0.07407
55442.78135 19.74752 0.06297
55442.78615 19.76006 0.06516
55442.79145 19.87325 0.066
55442.79615 19.70987 0.07517
55442.80186 19.80763 0.06477
55442.8093 19.66859 0.0607
55442.81443 19.74845 0.06209
55442.81939 19.8453 0.06207
55442.82447 19.8263 0.06797
55442.8293 19.65652 0.05419
55442.83541 19.64578 0.05539
55442.84012 19.61564 0.05559
55442.84597 19.80683 0.0607
55442.85112 19.66738 0.06338
55442.85657 19.83534 0.06319
55442.86387 19.91442 0.07598
55442.87002 19.81391 0.07087
55442.87503 19.95335 0.06511
55442.88048 19.77005 0.05728
55442.88617 19.77126 0.06288
55442.89221 19.6924 0.05712
55442.89785 19.68438 0.0637
55442.90297 19.69348 0.06325
55442.90871 19.82764 0.0629
55442.91368 19.75673 0.06038
55442.91875 19.74733 0.06128
55442.92384 19.64786 0.06628
55442.93037 19.92941 0.07288
55442.93642 19.79883 0.06908
55442.94588 19.89937 0.08228
55442.95166 19.68865 0.06534
55442.95754 19.76882 0.07278
55442.96246 19.84576 0.06758
55442.96833 19.87441 0.06998
55442.97317 19.68811 0.06078
55442.97782 19.78236 0.06268
55442.98206 19.64476 0.06061
55442.9872 19.71509 0.06079
55442.99348 19.77404 0.06607
55442.99858 19.63304 0.05743
55443.00329 19.81749 0.06619
55443.01002 19.68155 0.06751
55443.01702 19.73463 0.0801
55443.02387 19.91677 0.1452
55443.68488 19.64156 0.09738
55443.69287 19.82175 0.09389
55443.70415 19.97599 0.08998
55443.71028 19.7191 0.08357
55443.71632 19.76169 0.07706
55443.72231 19.82709 0.08366
55443.72832 19.92848 0.08637
55443.736 19.63944 0.08136
55443.74306 19.76339 0.06716
55443.74812 19.75931 0.06997
55443.75372 19.6917 0.06688
55443.75946 19.61925 0.06626
55443.76526 19.89558 0.07807
55443.77007 19.66209 0.08475
55443.78027 19.83661 0.08287
55443.78539 19.86691 0.07196
55443.79156 19.85384 0.07696
55443.79717 19.77206 0.06139
55443.80302 19.78278 0.06959
55443.80895 19.91799 0.06746
55443.81493 19.81292 0.06968
55443.8204 19.85905 0.07211
55443.82634 19.711 0.06237
55443.83239 19.91467 0.07435
55443.83783 19.70816 0.06718
55443.84415 19.72855 0.06079
55443.84958 19.76333 0.06977
55443.85553 19.81846 0.07278
55443.86252 19.61782 0.06497
55443.87576 19.78117 0.06816
55443.88141 19.72982 0.05912
55443.88892 19.72992 0.06688
55443.89412 19.67412 0.07751
55443.90077 19.82235 0.06796
55443.90658 19.86776 0.07248
55443.91235 19.81439 0.07216
55443.91779 19.84846 0.08595
55443.92403 19.78248 0.08026
55443.92967 19.83126 0.08496
55443.93496 19.73975 0.06917
55443.94073 19.72866 0.07876
55443.94779 19.7891 0.06827
55443.95355 19.78331 0.06957
55443.95925 19.68486 0.06437
55443.9693 19.74644 0.07126
55443.97555 19.85908 0.06856
55443.98144 19.73559 0.06796
55443.98725 19.91951 0.08507
55443.99456 19.73937 0.07777
55444.00093 19.81623 0.07287
55444.0061 19.78685 0.06528
55444.01187 19.78118 0.07807
55444.0175 19.63708 0.10576
55444.02231 20.08471 0.11847
55444.66648 19.89437 0.13408
55444.67221 20.03935 0.11861
55444.67727 19.93702 0.1093
55444.68857 19.9373 0.10107
55444.69526 19.79606 0.08542
55444.70198 19.80686 0.0924
55444.7091 20.00851 0.0932
55444.71487 19.85252 0.08837
55444.72103 19.73677 0.07576
55444.72796 19.63112 0.09329
55444.73377 19.75819 0.07178
55444.74094 19.84112 0.0786
55444.74655 19.56984 0.0755
55444.75167 19.66561 0.07627
55444.75678 19.82277 0.07538
55444.76225 19.7178 0.07637
55444.7673 19.76484 0.07588
55444.77353 19.67326 0.06299
55444.77876 19.68215 0.0644
55444.78368 19.65961 0.06611
55444.79848 19.6841 0.06359
55444.80403 19.61707 0.06708
55444.81599 19.85991 0.07198
55444.8213 19.61868 0.06206
55444.83332 19.75679 0.06719
55444.83854 19.90372 0.07466
55444.84549 19.83549 0.06598
55444.85161 19.72546 0.06492
55444.85679 19.72241 0.0613
55444.86267 19.73276 0.06672
55444.86777 19.91404 0.08541
55444.87321 19.80191 0.06211
55444.87872 19.73131 0.0709
55444.88467 19.83895 0.06698
55444.89016 19.90302 0.07829
55444.89581 19.91902 0.0813
55444.90153 19.77455 0.06051
55444.90845 19.75594 0.07479
55444.91349 19.77465 0.07047
55444.92279 19.73263 0.06479
55444.93139 19.70816 0.06408
55444.94041 19.78083 0.06237
55444.94568 19.65271 0.07099
55444.951 19.65111 0.06889
55444.95724 19.83041 0.07598
55444.96289 19.8539 0.06748
55444.96923 19.75215 0.06221
55444.97411 19.76504 0.0645
55444.98062 19.7507 0.06281
55444.98915 19.59146 0.06863
55444.99553 19.68294 0.06611
55445.00157 19.71818 0.07041
55445.00779 19.79965 0.0689
55445.01282 19.58299 0.08109
55445.01777 19.79078 0.09537
55445.02227 19.92787 0.11509
55445.66261 20.11343 0.11661
55445.66749 19.99705 0.10488
55445.67244 19.67665 0.1035
55445.67731 19.94027 0.09018
55445.68422 19.83833 0.09196
55445.6905 19.71271 0.07908
55445.69681 19.8581 0.08167
55445.70294 19.7163 0.07855
55445.70921 19.74577 0.07459
55445.71534 19.73731 0.0884
55445.72141 19.91557 0.08969
55445.72791 19.70928 0.07889
55445.73457 19.95595 0.10245
55445.74013 19.85312 0.07436
55445.7456 19.61517 0.08278
55445.75096 19.87809 0.07879
55445.75643 19.62581 0.07168
55445.76191 19.81334 0.0747
55445.76784 19.67493 0.06334
55445.7737 19.95706 0.07568
55445.779 19.75434 0.06447
55445.78479 19.84572 0.06939
55445.79025 19.67463 0.06297
55445.79613 19.75482 0.07037
55445.81095 19.68505 0.06699
55445.81845 19.72977 0.06259
55445.82455 19.73476 0.0641
55445.83024 19.83016 0.06837
55445.84021 19.76802 0.0612
55445.84549 19.61992 0.06018
55445.85174 19.82667 0.06518
55445.85762 19.8047 0.057
55445.8636 19.73418 0.0632
55445.86963 19.71172 0.05569
55445.87567 19.85235 0.0578
55445.88207 19.69055 0.05661
55445.88844 19.85386 0.07089
55445.89432 19.71727 0.06167
55445.89983 19.65745 0.06668
55445.90668 19.57991 0.0623
55445.91299 19.75846 0.06141
55445.91722 19.72591 0.06249
55445.92351 19.67771 0.0628
55445.92915 19.75936 0.0622
55445.93496 19.67088 0.05599
55445.94048 19.72688 0.05877
55445.95216 19.75111 0.06449
55445.95886 19.83371 0.06506
55445.97191 19.68923 0.05869
55445.97872 19.76579 0.06038
55445.98437 19.76488 0.05738
55445.98972 19.87441 0.06501
55445.99581 19.78777 0.06549
55446.00245 19.91835 0.06605
55446.00827 19.70103 0.0563
55446.01324 19.7795 0.06099
55446.01787 19.8534 0.08047
55446.0233 19.90824 0.12076
55446.66046 19.72846 0.12129
55446.66501 19.99978 0.12947
55446.67089 19.88346 0.13055
55446.67601 19.67224 0.09859
55446.6814 19.8283 0.08539
55446.68915 19.87588 0.08118
55446.70044 19.7831 0.08767
55446.70781 19.70082 0.07
55446.71375 19.92247 0.08627
55446.71998 19.87554 0.08389
55446.7269 19.84582 0.07571
55446.73768 19.77279 0.08607
55446.74263 19.82263 0.06681
55446.74841 19.66014 0.08358
55446.75986 19.77858 0.06711
55446.76487 19.93369 0.0689
55446.77004 19.64573 0.05793
55446.77518 19.83457 0.06232
55446.78018 19.73018 0.06859
55446.78654 19.69009 0.064
55446.79243 19.62798 0.06248
55446.79818 19.91268 0.06628
55446.80822 19.79321 0.06802
55446.81336 19.78112 0.06342
55446.81934 19.84131 0.06262
55446.82569 19.76963 0.06709
55446.83186 19.83857 0.06522
55446.83803 19.67612 0.068
55446.84316 19.68171 0.05863
55446.84946 19.86521 0.06209
55446.85529 19.75481 0.08307
55446.86132 19.95665 0.08034
55446.86741 19.84695 0.11044
55446.87321 19.60631 0.05352
55446.87945 19.70103 0.06029
55446.88583 19.78957 0.06158
55446.89176 19.71362 0.05584
55446.89901 19.75952 0.0749
55446.90569 19.80861 0.06588
55446.91293 19.82269 0.0633
55446.91958 19.93203 0.06998
55446.92538 19.82977 0.06142
55446.93113 19.61681 0.05587
55446.93686 19.8178 0.06141
55446.94237 19.62238 0.05613
55446.94842 19.84772 0.06519
55446.95451 19.67991 0.05729
55446.96034 19.86921 0.06461
55446.96641 19.70548 0.06278
55446.97287 19.94209 0.068
55446.97827 19.84328 0.06457
55446.98464 19.81032 0.05833
55446.99026 19.65936 0.0578
55446.99646 19.69527 0.05753
55447.00329 19.78412 0.06189
55447.02248 19.70803 0.10107
55448.00377 19.70789 0.06766
55448.65527 19.75063 0.1275
55448.70146 19.90423 0.09149
55449.82958 19.72256 0.07476
55449.87259 19.85606 0.0714
55450.82585 19.8387 0.08038
55450.86998 19.88111 0.07313
55451.65338 19.81348 0.09533
55451.70095 19.91995 0.08172
55452.64792 19.91888 0.11049
55452.69243 19.76617 0.07656
55453.64519 19.84546 0.10605
55453.6895 19.7972 0.08966
55454.64058 20.13791 0.1225
55454.68793 19.86491 0.0993
55455.63923 19.60138 0.12071
55455.7154 19.87759 0.09886
55456.63346 19.64075 0.127
55456.67702 19.78283 0.11295
55457.63067 19.92834 0.21054
55457.6732 19.49673 0.10555
55458.66069 19.87461 0.13345
55458.7057 19.80693 0.10528
55460.63624 19.90496 0.13437
55460.72453 19.97893 0.13065
55461.62523 19.71107 0.19367
55461.67649 19.82078 0.12027
55462.80848 19.78665 0.16267
55463.71104 19.79476 0.19186
55466.61959 19.87807 0.10007
55466.62134 19.93701 0.10078
55466.6231 19.76607 0.09091
55466.62486 19.59431 0.11828
55466.62661 19.98008 0.10956
55466.62943 19.71803 0.0897
55466.63143 19.94622 0.11165
55466.63348 19.68053 0.09637
55466.67604 19.73098 0.14925
55467.62749 19.86628 0.10052
55468.7394 19.8043 0.08358
55468.78277 19.68365 0.09002
55469.73472 19.77875 0.1106
55470.82246 19.70799 0.07714
55471.77466 19.72188 0.06906
55471.82993 19.64291 0.12043
55472.62548 20.03807 0.10135
55472.66936 19.86422 0.06872
55473.62096 19.85279 0.12651
55477.66775 19.83 0.07425
55477.71276 19.88626 0.0827
55478.62384 19.72591 0.09496
55478.66775 19.85668 0.08287
55479.61565 19.675 0.09775
55479.65968 19.63719 0.07457
55480.61506 19.76092 0.09171
55480.65805 19.65394 0.08208
55481.61182 19.7597 0.09785
55481.69382 19.64255 0.05638
55482.61769 19.6868 0.08958
55482.66188 19.73513 0.06977
55482.67843 19.75213 0.06829
55483.61039 19.98724 0.09639
55483.66512 19.59723 0.0662
55484.66377 19.85939 0.07951
55484.70695 19.71001 0.07462
55485.61939 19.90212 0.08679
55485.66329 19.90648 0.08198
55486.61418 19.67382 0.1344
55497.84041 19.72445 0.12087
55497.89223 19.52672 0.11896
55498.71756 19.46428 0.07247
55498.79 19.75942 0.08649
55499.59404 19.66418 0.0796
55499.63881 19.8392 0.08655
55501.66259 19.70114 0.09619
55501.75706 19.96881 0.08019
55502.72145 19.84073 0.07857
55502.82148 19.83828 0.08727
55503.77762 19.95286 0.07802
55503.8732 19.91986 0.09127
55504.82418 19.66037 0.09047
55504.91868 19.57337 0.09838
55506.68972 19.59806 0.07566
55506.73387 19.62397 0.06692
55507.81368 19.81365 0.07957
55507.89267 20.06207 0.09937
55513.658 19.8246 0.08286
55513.7418 19.6342 0.07408
55514.69377 19.88993 0.09656
55514.73749 19.70942 0.08366
55515.69951 19.63511 0.10988
55515.74236 19.5927 0.08117
55516.67238 19.73639 0.10196
55516.71654 19.58349 0.10554
55517.61497 19.69678 0.09447
55517.6584 19.62609 0.08727
55518.61481 19.70043 0.12724
55518.6578 19.88124 0.16785
55527.74242 19.67567 0.08556
55530.70615 19.78097 0.09949
55530.75072 19.76732 0.11544
55531.77418 19.93848 0.10586
55531.81743 20.07865 0.18286
55532.78408 19.73411 0.06538
55532.82836 19.59614 0.07718
55535.68432 19.48217 0.0645
55537.58157 19.47478 0.12039
55537.62557 19.85827 0.0782
55538.57995 19.74948 0.07089
55538.62381 19.70189 0.07695
55539.58012 19.62642 0.06753
55539.62283 19.68606 0.06764
55540.61811 19.8278 0.07623
55540.66215 19.52644 0.06314
55541.61644 19.78282 0.07921
55541.65945 19.6641 0.09884
55544.59603 19.57337 0.07993
55544.64191 19.76361 0.07873
55545.59598 19.77234 0.14172
55545.63939 19.73042 0.11246
55558.69892 19.29824 0.1504
55558.75663 19.61944 0.07857
55559.7264 19.53409 0.12696
55561.73304 19.61572 0.09698
55561.77682 19.94867 0.12729
55567.59621 19.53572 0.07781
55575.595 19.59223 0.13656
55575.6386 19.69691 0.11277
55577.59504 19.62354 0.16185
55577.63849 19.8204 0.13837
55579.61368 19.58333 0.09786
55579.65687 19.66976 0.13775
55580.66998 19.63752 0.12975
55580.71648 19.75925 0.13366
55583.61703 19.42141 0.06461
55583.66119 19.64478 0.09466
55584.63985 19.64291 0.06719
55584.68286 19.52346 0.08498
55586.61685 19.52732 0.06326
55586.66038 19.67674 0.07306
55588.70647 19.68249 0.12193
55722.89872 19.77123 0.09416
55723.91976 19.66261 0.08318
55723.9634 19.60171 0.07508
55733.86776 19.50889 0.10656
55733.91212 19.37152 0.07807
55750.83279 19.49834 0.0842
55750.87598 19.50029 0.069
55753.86132 19.52431 0.0952
55756.93392 19.66512 0.1095
55759.84878 19.20167 0.10947
55759.89212 19.85439 0.09608
55762.79606 19.81128 0.13168
55762.8402 19.72283 0.10536
55766.7805 19.34063 0.09617
55766.83041 19.59008 0.0739
55768.77509 19.75125 0.09539
55768.82037 19.54676 0.07921
55769.80074 19.51469 0.07727
55769.84468 19.453 0.0611
55770.78189 19.51901 0.07457
55770.82573 19.37479 0.05757
55771.78074 19.48672 0.07399
55771.82449 19.49122 0.0608
55774.75968 19.23544 0.0899
55774.80363 19.4232 0.06559
55775.7599 19.44358 0.09081
55775.80332 19.73156 0.12038
55779.7464 19.36419 0.0872
55779.79086 19.54183 0.0677
55780.74948 19.45971 0.0865
55780.79415 19.36105 0.06721
55782.7508 19.70214 0.11289
55782.7956 19.44283 0.08537
55783.7573 19.79104 0.17808
55783.80103 19.50774 0.1075
55784.74207 19.65636 0.18274
55789.78039 19.27931 0.12437
55790.73125 19.57476 0.15746
55790.77463 19.36419 0.12375
55791.73123 19.33592 0.11089
55791.77527 19.56289 0.10628
55793.74743 19.57943 0.1066
55793.79097 19.76139 0.12047
55794.75972 19.48464 0.06638
55794.81629 19.62646 0.09407
55809.7101 19.40235 0.09683
55811.66044 19.80208 0.13264
55811.7042 19.6286 0.11356
55812.65876 19.51567 0.11531
55812.70198 19.53617 0.13925
55813.66257 19.59586 0.12532
55813.70671 19.55855 0.11688
55820.63925 19.43365 0.10041
55820.68324 19.30836 0.18718
55821.63464 19.57781 0.1056
55822.63132 19.51724 0.10531
55822.67415 19.45383 0.07206
55823.62908 19.4603 0.10737
55823.67275 19.58386 0.08098
55824.62608 19.30594 0.11608
55824.6697 19.6443 0.07447
55838.61464 19.65513 0.10899
55838.65944 19.65989 0.10069
55842.61856 19.72514 0.12558
55842.66208 19.49374 0.11016
55843.61073 19.60355 0.17287
55843.65444 19.48589 0.11719
55844.60924 19.5717 0.18308
55844.65374 19.25147 0.11648
55849.60547 19.40569 0.09401
55849.65079 19.22357 0.09959
55850.60468 19.36124 0.06979
55850.64918 19.51235 0.08507
55851.60318 19.5198 0.08096
55851.64641 19.45653 0.06481
55852.60416 19.43726 0.08738
55852.6481 19.47486 0.06179
55853.60163 19.49347 0.08826
55853.6463 19.41163 0.06183
55854.60164 19.42019 0.07681
55854.64607 19.45617 0.06173
55866.5884 19.39204 0.08357
55866.64679 19.52218 0.08077
55867.58757 19.41471 0.11768
55867.63053 19.6914 0.10196
55868.5865 19.62175 0.0921
55868.63002 19.49367 0.08378
55880.87841 19.60508 0.16316
55880.92255 19.58343 0.11848
55882.86968 19.6068 0.10022
55882.87146 19.64685 0.09746
55882.91495 19.67731 0.10807
55883.86679 19.57986 0.08478
55883.91496 19.80947 0.13256
55887.63181 19.61332 0.08525
55887.68352 19.42597 0.08101
55888.8957 19.62405 0.11418
55889.80049 19.55049 0.06918
55889.84447 19.46162 0.06249
55891.57974 19.52765 0.08218
55891.6225 19.40705 0.06788
55893.58261 19.6298 0.10197
55893.62546 19.50082 0.08886
55894.58144 19.35165 0.10701
55896.58202 19.62765 0.099
55898.86551 19.82455 0.13075
55899.80997 19.47886 0.13543
55902.58519 19.61378 0.1929
55902.64414 19.8794 0.20419
55903.58342 19.6423 0.12448
55903.62024 19.81993 0.17315
55904.58683 19.67918 0.16568
55906.58378 19.49582 0.12238
55906.64029 19.76865 0.11485
55916.59575 19.7354 0.09359
55916.64026 19.87992 0.08698
55922.6423 19.56336 0.07177
55923.59751 19.79853 0.09996
55923.64145 19.63026 0.08036
55924.60837 19.42622 0.06668
55925.59941 19.95868 0.12108
55925.67897 19.57075 0.06241
55926.58279 19.57886 0.07468
55926.62543 19.55404 0.07321
55930.58585 19.60849 0.14689
55930.62499 19.75437 0.12051
55931.58458 19.24487 0.09983
55931.62692 19.5901 0.15079
55932.62858 19.66403 0.1484
55936.60917 19.77136 0.1504
55936.65247 19.88128 0.12471
55937.58951 19.54075 0.0962
55939.64879 19.64602 0.09007
55939.6851 19.81527 0.09621
55940.64013 19.88576 0.18071
55943.69972 19.52376 0.07509
55943.74446 19.7182 0.10586
55944.64379 19.7675 0.10287
55944.67224 19.49531 0.09117
55946.63797 19.6358 0.15195
55947.59349 19.48603 0.0885
55947.63713 19.61341 0.1563
55949.64923 19.62587 0.11433
55949.6924 19.82653 0.14868
55952.60617 19.60585 0.0857
55952.64932 20.00405 0.10108
55953.59751 19.80658 0.10347
55953.64127 19.67465 0.08588
55954.64157 19.80903 0.11421
55958.61566 19.76378 0.11119
55958.67117 19.59641 0.1092
55959.64574 19.81837 0.1372
55962.61935 19.77227 0.11058
56059.98484 19.3759 0.18108
56060.97134 19.67348 0.14226
56061.96903 19.58954 0.1314
56063.96519 20.01386 0.16878
56065.96588 19.67806 0.15563
56066.96916 19.68416 0.12239
56067.96802 19.71104 0.11776
56070.97101 20.01632 0.15579
56071.95528 19.98867 0.14094
56075.93073 19.86902 0.11869
56075.96117 19.57576 0.09048
56076.96161 19.57859 0.11006
56077.97941 19.44714 0.18405
56078.92335 19.56868 0.11108
56078.95394 19.82328 0.14158
56079.94994 19.60816 0.09058
56079.97946 19.58326 0.17936
56084.95914 19.71579 0.14086
56085.9661 19.97262 0.14946
56086.90079 19.48088 0.14017
56086.96186 19.86074 0.12577
56087.95118 19.75007 0.11799
56088.93216 19.99797 0.12436
56088.96298 19.58922 0.13077
56089.90743 19.75489 0.11947
56089.9375 19.61788 0.10417
56090.89626 19.5068 0.15967
56091.93224 19.69497 0.09977
56091.96189 19.62601 0.11845
56092.88532 19.91277 0.12067
56092.91513 19.88168 0.10816
56092.94551 19.84781 0.10017
56093.88544 19.62507 0.12778
56093.91605 19.71861 0.11457
56093.95942 19.70471 0.08795
56094.8793 20.047 0.16504
56094.90895 19.86386 0.11139
56094.93794 19.7454 0.09867
56095.89413 19.56993 0.12817
56095.92394 19.72475 0.13227
56095.95378 19.56904 0.10458
56096.91464 19.79675 0.11128
56096.94475 19.92335 0.10297
56097.90204 19.5617 0.10296
56099.86796 19.84696 0.09168
56099.8979 19.54877 0.07538
56099.92867 19.57922 0.07939
56100.87134 19.73649 0.12066
56100.9014 20.07744 0.11266
56100.93113 19.73246 0.09147
56101.86099 19.99059 0.14059
56101.89166 19.73995 0.10238
56101.92164 19.79824 0.12425
56102.85884 19.63964 0.10036
56102.88948 19.67434 0.09117
56102.91975 19.75756 0.0962
56103.85688 19.67926 0.12136
56103.89198 19.75099 0.13109
56103.92203 19.68999 0.11545
56104.86298 19.98096 0.13735
56104.89266 19.62314 0.09804
56104.92258 19.74598 0.08576
56105.87772 19.65245 0.10127
56105.90846 19.72757 0.09765
56105.93782 19.63297 0.08488
56106.84826 19.65031 0.09298
56106.87859 19.74152 0.09505
56106.90907 19.57582 0.08827
56107.84497 20.00427 0.18589
56107.87579 19.78613 0.10086
56107.90655 19.68475 0.09407
56108.86703 19.73143 0.17144
56108.89669 19.96473 0.11056
56108.92686 19.72682 0.09276
56109.93363 19.68976 0.09458
56110.89782 19.72582 0.12954
56110.92786 19.39378 0.11205
56111.86949 20.09902 0.19499
56111.91431 19.52933 0.12017
56111.94457 19.91987 0.13305
56113.8878 19.63062 0.15038
56113.93235 19.56556 0.12925
56113.96218 19.427 0.10916
56114.87108 19.68569 0.18925
56114.92357 19.51366 0.128
56114.95378 19.68296 0.11027
56115.9179 19.74086 0.11337
56116.90131 19.64151 0.09699
56116.93261 19.98431 0.11768
56116.96078 19.68304 0.11027
56117.86349 19.51902 0.16017
56117.89333 19.71515 0.11398
56117.92405 20.03301 0.12228
56118.85812 19.53038 0.1278
56118.8884 19.49275 0.11072
56119.84536 19.76507 0.15518
56123.80269 19.53036 0.08788
56123.8333 19.71263 0.11024
56123.86323 19.59926 0.0839
56124.8239 19.99998 0.10668
56124.85579 19.79185 0.11508
56124.90647 19.50027 0.09787
56125.83541 19.85439 0.12364
56125.8655 19.73889 0.08616
56125.89611 19.62512 0.06986
56126.79674 19.38118 0.10131
56126.82683 19.70284 0.10898
56127.84219 19.71224 0.09358
56127.87262 19.62054 0.0841
56128.79045 19.75743 0.12976
56128.8202 19.6709 0.08948
56128.8509 19.60138 0.08517
56129.81763 19.51208 0.08927
56129.84839 19.5483 0.08049
56130.81619 19.79279 0.108
56130.84603 19.69912 0.09177
56131.81956 19.69596 0.11376
56131.84966 19.86583 0.0905
56131.87991 19.6409 0.07753
56132.81342 19.84887 0.09046
56132.85526 19.57974 0.09735
56133.77702 19.59116 0.09408
56133.80732 19.59315 0.07848
56133.83817 19.77266 0.09027
56135.77548 19.70231 0.10366
56135.80558 19.8412 0.08308
56135.8357 19.63648 0.05757
56136.78168 19.96153 0.10515
56136.81139 19.77528 0.08986
56136.84105 19.613 0.09046
56137.77719 19.58723 0.11651
56137.8165 19.84245 0.15386
56138.79423 19.73571 0.17014
56143.75013 19.91834 0.17859
56143.77946 20.06482 0.18575
56143.81202 19.9182 0.14075
56144.79078 19.74327 0.11837
56144.82138 19.50412 0.12767
56145.74531 19.45483 0.18198
56145.80436 19.71913 0.13046
56146.77217 19.59082 0.10478
56146.83591 19.73275 0.10938
56147.75046 19.53546 0.11116
56147.78019 19.64217 0.13888
56147.81614 19.6864 0.14455
56148.73743 19.61365 0.09102
56148.76798 19.64277 0.09547
56148.79928 19.586 0.0948
56151.84315 19.58217 0.05784
56151.87618 19.4792 0.05511
56151.91621 19.56757 0.05305
56164.86055 19.56502 0.05349
56164.89061 19.6096 0.05244
56164.92052 19.56789 0.0496
56165.82275 19.48636 0.06188
56165.85221 19.54452 0.06148
56165.88255 19.64223 0.05431
56166.78411 19.66918 0.08158
56166.82415 19.54452 0.07086
56166.85436 19.62729 0.06566
56167.76082 19.76457 0.09337
56167.79008 19.73541 0.08348
56167.82893 19.62326 0.07667
56168.76135 19.71574 0.10211
56168.79094 19.61691 0.09061
56169.70528 19.92738 0.25785
56169.73488 19.25021 0.11063
56169.78208 19.55672 0.10641
56170.73648 19.7497 0.13928
56170.76821 19.56993 0.18174
56176.74473 19.61791 0.08885
56176.77537 19.61961 0.09456
56177.67775 19.67458 0.07349
56177.71467 19.51652 0.07199
56177.7448 19.55109 0.06241
56178.65701 19.68898 0.10339
56178.7245 19.67118 0.07191
56178.75548 19.55803 0.06131
56189.71737 19.70746 0.08346
56189.74707 19.60144 0.08746
56194.65274 19.74362 0.10557
56194.68156 19.8033 0.10046
56194.73072 19.67283 0.07986
56195.68489 19.63982 0.12156
56195.74387 19.67491 0.09437
56196.64868 19.46887 0.10299
56196.67925 19.64152 0.11136
56196.70945 19.60857 0.12949
56198.66294 19.61116 0.1882
56198.69225 19.84427 0.13917
56202.64754 19.42645 0.13742
56202.70169 19.64942 0.16935
56207.71676 19.63109 0.10794
56207.82773 19.75473 0.13391
56224.66207 19.70772 0.10792
56224.69182 19.84647 0.11268
56225.74851 19.49287 0.10425
56225.84088 19.53538 0.10576
56227.72154 19.86368 0.14389
56227.75148 19.55018 0.14572
56228.67316 19.60578 0.11478
56229.68338 19.74139 0.11778
56230.64599 19.53424 0.19988
56230.73676 19.72738 0.15411
56231.86041 19.81968 0.13724
56232.82116 19.71642 0.09919
56233.75399 19.90901 0.0995
56233.78371 19.57756 0.15633
56234.68453 19.68228 0.08385
56234.71313 19.72884 0.11495
56235.61461 19.83965 0.09087
56235.64419 19.45721 0.06867
56236.58514 19.92687 0.11067
56236.61561 19.7656 0.07925
56237.58477 19.89815 0.09176
56237.61509 19.5599 0.06789
56238.58334 19.44708 0.10686
56238.61531 19.56826 0.08337
56239.58294 19.66155 0.09338
56239.61141 19.51595 0.06369
56251.83071 19.66594 0.07169
56251.86073 19.6884 0.07559
56252.58576 19.63156 0.06857
56252.60631 19.70956 0.07341
56252.62487 19.58283 0.06801
56252.64555 19.82868 0.08384
56252.66096 19.80059 0.07608
56252.69879 19.6311 0.07131
56252.71706 19.54513 0.06934
56252.73499 19.63788 0.06468
56252.75258 19.58327 0.08313
56252.76856 19.44732 0.08825
56252.78929 19.71416 0.11012
56252.80517 19.64747 0.08404
56252.821 19.62322 0.07333
56252.83831 19.55071 0.0698
56252.85634 19.72623 0.07061
56253.58621 19.49844 0.07246
56253.60335 19.64783 0.08346
56253.62054 19.63361 0.07938
56253.63682 19.5564 0.07938
56253.6539 19.69825 0.09075
56253.6721 19.7388 0.09736
56253.70902 19.70531 0.09076
56253.7307 19.73566 0.09295
56253.75003 19.54018 0.11589
56253.76637 19.66366 0.10057
56253.78832 19.73035 0.09074
56253.8078 19.63771 0.10205
56253.82956 19.5857 0.08797
56253.85372 19.7023 0.08589
56254.74613 19.68703 0.09158
56254.77889 19.74936 0.10187
56255.68248 19.56742 0.09378
56255.7252 19.61314 0.10025
56256.62657 19.90763 0.10506
56256.6557 19.6025 0.12505
56257.58763 19.77488 0.14936
56257.64219 19.47965 0.12537
56258.58614 19.9524 0.13419
56258.61848 19.65202 0.14625
56259.59443 19.86705 0.13798
56259.62495 19.65753 0.11528
56265.629 19.61044 0.06585
56265.6592 19.58494 0.08003
56266.58222 19.92885 0.12553
56266.6126 19.85857 0.18046
56267.58751 19.66508 0.06792
56267.61751 19.6451 0.07449
56268.59364 19.67638 0.06154
56268.62314 19.60102 0.0632
56269.58319 19.65357 0.07709
56269.58435 19.6444 0.06217
56269.58546 19.70135 0.06558
56269.58657 19.64316 0.06976
56269.58771 19.73019 0.06809
56269.58893 19.57238 0.08195
56269.59006 19.62844 0.06829
56269.59133 19.60112 0.06416
56269.59245 19.63056 0.06607
56269.59364 19.66447 0.06059
56269.59478 19.62009 0.06207
56269.596 19.70792 0.06157
56269.59713 19.57294 0.05477
56269.59843 19.63064 0.06779
56269.59956 19.63256 0.05988
56269.60977 19.52786 0.05757
56269.61093 19.59377 0.06301
56269.6121 19.60792 0.06377
56269.61321 19.5286 0.0594
56269.61434 19.63737 0.06437
56269.61547 19.71476 0.06536
56269.61659 19.70607 0.06978
56269.61773 19.59836 0.06318
56269.61884 19.67925 0.05727
56269.61995 19.73825 0.06628
56269.62115 19.67076 0.06314
56269.6223 19.63921 0.05798
56269.62343 19.59389 0.06107
56269.62457 19.51398 0.05798
56269.62569 19.60112 0.05978
56269.62688 19.472 0.06358
56269.628 19.65786 0.06626
56269.6375 19.70841 0.0631
56269.63881 19.67599 0.06649
56269.64001 19.69094 0.06578
56269.64114 19.6476 0.06177
56269.64226 19.69524 0.05789
56269.64337 19.67002 0.06797
56269.6445 19.65078 0.05412
56269.64562 19.42835 0.05969
56269.64675 19.6293 0.05302
56269.64789 19.58798 0.058
56269.64905 19.6337 0.05907
56269.65017 19.52859 0.05628
56269.65129 19.54453 0.05829
56269.65247 19.61928 0.05857
56269.65359 19.54833 0.0589
56269.65473 19.60405 0.06187
56269.65585 19.48653 0.06178
56269.65698 19.58744 0.05908
56269.65819 19.66827 0.05776
56269.65932 19.59963 0.05719
56269.66055 19.60067 0.05858
56269.66167 19.62235 0.0583
56269.66279 19.62422 0.06129
56269.66393 19.37033 0.05758
56269.66595 19.52543 0.05394
56269.66717 19.651 0.05758
56269.66829 19.52225 0.05409
56269.66952 19.59868 0.0531
56269.67064 19.58933 0.05778
56269.67184 19.48761 0.05068
56269.673 19.61175 0.05499
56269.67412 19.61666 0.05368
56269.67533 19.72888 0.05769
56269.67646 19.60337 0.05597
56269.6776 19.54943 0.05727
56269.67883 19.64129 0.0566
56269.67997 19.64469 0.05358
56269.6812 19.6535 0.05838
56269.68232 19.71926 0.0634
56269.68343 19.63744 0.05759
56269.68473 19.52847 0.05632
56269.68592 19.7163 0.059
56269.68705 19.49431 0.05236
56269.68816 19.78873 0.06789
56269.68929 19.52053 0.05717
56269.69041 19.54633 0.05719
56269.69157 19.63166 0.06146
56269.69269 19.63948 0.05507
56269.69383 19.55132 0.05779
56269.69496 19.63735 0.05656
56269.69608 19.41399 0.06176
56269.69898 19.62836 0.05644
56269.70011 19.59669 0.06395
56269.70126 19.63657 0.05978
56269.70241 19.64232 0.0569
56269.70357 19.50525 0.05327
56269.70468 19.53522 0.0585
56269.70581 19.73672 0.05718
56269.70705 19.65758 0.06067
56269.70816 19.41991 0.04939
56269.70937 19.64561 0.05857
56269.7105 19.54254 0.05629
56269.71167 19.54716 0.07736
56269.7128 19.61329 0.05707
56269.71403 19.61901 0.05458
56269.71516 19.5626 0.05467
56269.7163 19.61441 0.05268
56269.72641 19.64687 0.06818
56269.72763 19.54431 0.05718
56269.72875 19.58301 0.05919
56269.72987 19.74125 0.06658
56269.731 19.5318 0.05418
56269.73213 19.59879 0.06567
56269.73326 19.6253 0.0622
56269.73438 19.72253 0.06307
56269.73557 19.60768 0.05878
56269.73682 19.6258 0.05819
56269.73796 19.65822 0.05947
56269.73911 19.60516 0.06209
56269.74036 19.55414 0.05938
56269.74147 19.56151 0.05443
56269.74272 19.57138 0.05771
56269.74391 19.56716 0.05489
56269.74502 19.54235 0.06058
56269.7462 19.68048 0.05952
56269.74734 19.68936 0.05988
56269.74846 19.67858 0.06107
56269.74961 19.67981 0.06087
56269.75074 19.67014 0.06057
56269.75201 19.5835 0.06017
56269.75316 19.64242 0.06188
56269.75429 19.73612 0.06269
56269.75553 19.4786 0.05657
56269.75665 19.51992 0.05676
56269.75779 19.55591 0.06209
56269.75895 19.69065 0.06029
56269.76008 19.59261 0.05996
56269.76123 19.56182 0.05837
56269.76235 19.56368 0.06267
56269.76348 19.45543 0.05698
56269.76459 19.63258 0.06688
56269.76573 19.57952 0.06406
56269.78036 19.61267 0.06511
56269.78151 19.54856 0.06868
56269.78271 19.48978 0.07206
56269.78391 19.43214 0.07286
56269.78511 19.39777 0.0574
56269.78751 19.52831 0.05939
56269.78876 19.60959 0.06057
56269.78989 19.433 0.06647
56269.79108 19.74619 0.07368
56269.79227 19.45284 0.0595
56269.79356 19.68537 0.06466
56269.79478 19.51976 0.07286
56269.7959 19.5892 0.07616
56269.79701 19.65038 0.06117
56269.79816 19.58757 0.06767
56269.79928 19.5819 0.07056
56269.80041 19.67421 0.06566
56269.80156 19.63288 0.06646
56269.80276 19.47094 0.05639
56269.80404 19.62726 0.06277
56269.80517 19.47233 0.06057
56269.80638 19.51934 0.06185
56269.80752 19.66464 0.0705
56269.80866 19.58732 0.06
56270.57931 19.6028 0.07189
56270.58058 19.6337 0.06541
56270.58188 19.59559 0.0706
56270.58305 19.59048 0.07568
56270.58429 19.49069 0.06368
56270.58556 19.69945 0.06328
56270.58671 19.66363 0.06542
56270.58798 19.57091 0.06259
56270.58926 19.58283 0.05839
56270.59051 19.62378 0.0603
56270.59176 19.59829 0.06124
56270.59301 19.6169 0.06243
56270.59588 19.56321 0.0609
56270.59719 19.61236 0.05573
56270.59846 19.65879 0.05645
56270.59973 19.61027 0.05573
56270.60101 19.71138 0.05791
56270.60229 19.55493 0.0534
56270.60361 19.51196 0.05134
56270.60484 19.52045 0.053
56270.60617 19.70901 0.0576
56270.60733 19.5756 0.0554
56270.60868 19.57423 0.05407
56270.60993 19.63828 0.05251
56270.61121 19.5588 0.05453
56270.61244 19.50263 0.05783
56270.61368 19.70323 0.06328
56270.61481 19.63325 0.05492
56270.61593 19.68159 0.05723
56270.61713 19.72616 0.05603
56270.61835 19.51196 0.05563
56270.61963 19.49834 0.05112
56270.62082 19.64163 0.06049
56270.62212 19.51659 0.06012
56270.62324 19.62553 0.05554
56270.62438 19.6406 0.06328
56270.6255 19.52393 0.06398
56270.62668 19.69626 0.06081
56270.62781 19.61263 0.05668
56270.62895 19.59102 0.05972
56270.63017 19.5699 0.05448
56270.6313 19.62698 0.05711
56270.63259 19.62373 0.05536
56270.63372 19.63982 0.0577
56270.63484 19.72097 0.05541
56270.64581 19.6991 0.06074
56270.64713 19.56743 0.06221
56270.64825 19.60944 0.05393
56270.6495 19.59762 0.05583
56270.65082 19.66418 0.05781
56270.65222 19.71362 0.05851
56270.65336 19.69571 0.05769
56270.6545 19.70297 0.05643
56270.65562 19.55247 0.05653
56270.65697 19.60723 0.06019
56270.65832 19.65198 0.05717
56270.65959 19.69271 0.05951
56270.66092 19.61787 0.05401
56270.66217 19.51864 0.05699
56270.66351 19.61585 0.05813
56270.66477 19.66136 0.05893
56270.67891 19.67277 0.06668
56270.68008 19.49828 0.0547
56270.68122 19.55958 0.06101
56270.68243 19.54805 0.06153
56270.68382 19.54322 0.05439
56270.68508 19.54767 0.05046
56270.68653 19.58314 0.05222
56270.68784 19.61355 0.05365
56270.68912 19.613 0.05221
56270.69114 19.63533 0.05293
56270.69232 19.55966 0.05394
56270.69365 19.56927 0.05432
56270.6948 19.59993 0.05582
56270.69617 19.67678 0.05822
56270.69746 19.48962 0.05433
56270.6986 19.58452 0.06409
56270.6999 19.70876 0.05834
56270.70121 19.62416 0.0609
56270.70235 19.5341 0.05511
56270.70349 19.69798 0.05421
56270.70482 19.58493 0.05391
56270.70613 19.61525 0.05231
56270.70726 19.6275 0.05312
56270.7086 19.61133 0.05921
56270.70972 19.59266 0.05632
56270.71103 19.69021 0.05842
56270.71235 19.50781 0.05229
56270.71347 19.54546 0.05671
56270.71481 19.51918 0.052
56270.71608 19.53884 0.05702
56270.71722 19.54276 0.05364
56270.71853 19.60428 0.05501
56270.71967 19.67894 0.06437
56270.72098 19.56546 0.06189
56270.72302 19.70147 0.05806
56270.72439 19.65919 0.06561
56270.72553 19.61514 0.05819
56270.72665 19.58105 0.0561
56270.72793 19.56953 0.05299
56270.72927 19.59625 0.05282
56270.73043 19.53098 0.0563
56270.73161 19.60358 0.05761
56270.73292 19.60027 0.05631
56270.73506 19.47962 0.05163
56270.73622 19.54851 0.06118
56270.73753 19.47884 0.05551
56270.73887 19.55219 0.05911
56270.74001 19.5748 0.05405
56270.74126 19.58259 0.05423
56270.7424 19.58717 0.05453
56270.74369 19.60847 0.06351
56270.74498 19.61145 0.06141
56270.74609 19.73205 0.0657
56270.74744 19.60532 0.06531
56270.7486 19.62485 0.06052
56270.74995 19.5861 0.05813
56270.75121 19.65035 0.05988
56270.75241 19.62799 0.05748
56270.75372 19.54763 0.05651
56270.75502 19.5522 0.0552
56270.75706 19.67962 0.06352
56270.75826 19.54661 0.06643
56270.75948 19.55414 0.0587
56270.76078 19.66973 0.06391
56270.76208 19.61329 0.06128
56270.77223 19.52536 0.07317
56270.77464 19.53038 0.06039
56270.77775 19.64657 0.05992
56270.77887 19.56995 0.05923
56270.78012 19.5616 0.07008
56270.78147 19.6385 0.06618
56270.78273 19.63767 0.06318
56270.784 19.70045 0.06732
56270.78526 19.75867 0.07232
56270.78661 19.62836 0.06933
56270.78776 19.56774 0.0708
56270.7891 19.55035 0.08016
56270.79021 19.60724 0.07419
56270.79151 19.50723 0.0653
56270.7928 19.6298 0.06551
56270.79391 19.5491 0.06392
56270.79508 19.52293 0.06402
56270.79619 19.62794 0.06501
56270.7975 19.5791 0.07548
56270.79862 19.73252 0.07707
56270.79991 19.64349 0.06471
56270.80111 19.50862 0.07269
56270.80249 19.5373 0.0599
56270.80509 19.6321 0.06821
56270.80715 19.71425 0.06871
56270.80837 19.59266 0.06205
56270.80963 19.7467 0.07968
56271.71236 19.68973 0.08411
56271.74462 19.8481 0.08398
56272.64495 19.45779 0.07256
56272.7082 19.58324 0.0648
56273.60993 19.71521 0.08374
56273.63946 19.68718 0.08875
56281.58737 19.7569 0.12096
56281.61668 19.68357 0.10501
56282.58095 19.67937 0.09157
56282.61036 19.86652 0.10065
56282.62819 19.6665 0.08537
56297.58897 19.69503 0.07751
56297.59019 19.6623 0.0635
56297.5937 19.77203 0.07246
56297.59722 19.51534 0.06358
56297.59904 19.58331 0.07967
56297.60164 19.90423 0.07658
56297.60284 19.69982 0.06937
56297.6053 19.73654 0.06798
56297.61734 19.62187 0.068
56297.61965 19.57349 0.06526
56297.62198 19.65491 0.06149
56297.62474 19.73257 0.06967
56297.62597 19.72009 0.06706
56297.62818 19.55705 0.06146
56297.63051 19.61106 0.06637
56297.63246 19.71632 0.07007
56297.6337 19.70365 0.06738
56297.63597 19.65607 0.06798
56297.63722 19.76754 0.07091
56297.63944 19.78603 0.07218
56297.64162 19.68281 0.0795
56297.64281 19.61071 0.08537
56297.64393 19.71357 0.07595
56297.64612 19.62656 0.06767
56297.64742 19.55088 0.0646
56297.64964 19.72376 0.06587
56297.65084 19.64164 0.06637
56297.65434 19.71727 0.07476
56297.65811 19.66522 0.06649
56297.65988 19.6227 0.07926
56297.66121 19.66976 0.08877
56297.66483 19.53087 0.06447
56297.66714 19.77495 0.06736
56297.67315 19.76129 0.06948
56297.67547 19.59254 0.06758
56297.67675 19.62893 0.06609
56297.67954 19.78846 0.07208
56297.68076 19.83577 0.07247
56297.6819 19.66681 0.06988
56297.68325 19.61792 0.06356
56297.68541 19.80846 0.07055
56297.68786 19.82585 0.08697
56297.69171 19.65808 0.07497
56297.69635 19.62989 0.06468
56297.69767 19.68971 0.07009
56297.70113 19.6462 0.08217
56297.70743 19.62875 0.07537
56297.71084 19.60438 0.06887
56297.71401 19.78992 0.07778
56297.71668 19.59247 0.06778
56297.7179 19.43868 0.06208
56297.72049 19.68782 0.07376
56297.72327 19.6713 0.07509
56297.72448 19.72214 0.08059
56297.72584 19.65085 0.07199
56297.72772 19.73389 0.07647
56297.72894 19.65214 0.07727
56297.74317 19.75277 0.09936
56297.74683 19.88383 0.09438
56297.74996 19.64846 0.08244
56297.75123 19.66273 0.07757
56297.75493 19.64118 0.10985
56297.75709 19.82241 0.08598
56297.7583 19.60746 0.07947
56297.76047 19.53274 0.09366
56297.76167 19.54965 0.08745
56297.76388 19.55802 0.10315
56297.76506 19.67564 0.09155
56297.76834 19.55562 0.07897
56297.77069 19.68699 0.07808
56297.77185 19.669 0.08706
56297.77383 19.55223 0.07726
56297.79199 19.65741 0.09169
56297.79318 19.46579 0.08257
56297.79645 19.55178 0.10585
56297.79838 19.7418 0.10377
56297.79953 19.79606 0.10588
56297.80077 19.39959 0.08119
56297.80192 19.81639 0.13105
56297.80312 19.81855 0.11356
56297.80437 19.6159 0.09829
56297.80564 19.64054 0.10607
56297.80864 19.53154 0.11657
56298.58895 19.57542 0.0859
56298.59013 19.8268 0.10456
56298.59235 19.40576 0.11609
56298.59354 19.73965 0.11555
56298.59724 19.8126 0.13196
56298.59842 19.71942 0.11099
56298.60089 19.67654 0.16127
56298.6021 19.80861 0.12781
56298.60332 19.81406 0.1208
56298.60466 19.99673 0.11305
56298.60701 19.42975 0.08926
56298.60823 19.74594 0.16027
56298.61034 19.61346 0.16452
56298.61272 19.74718 0.15609
56298.61595 19.75495 0.09199
56298.61811 19.58994 0.07122
56298.62047 19.80751 0.08234
56298.62171 19.86209 0.10653
56298.62426 19.52409 0.06697
56298.62643 19.61182 0.08799
56298.62762 19.51173 0.10067
56298.63098 19.572 0.08108
56298.63219 19.41909 0.08713
56298.63473 19.73087 0.09545
56298.63687 19.73125 0.07668
56298.63807 19.688 0.09703
56298.63935 19.63663 0.095
56298.64364 19.77455 0.0677
56298.64578 19.55985 0.07258
56298.64695 19.52412 0.08332
56298.6481 19.63863 0.07446
56298.65082 19.66069 0.09278
56298.65294 19.66835 0.07078
56298.65509 19.75934 0.07034
56298.65745 19.58891 0.10486
56298.65865 19.75747 0.0685
56298.66081 19.61528 0.07141
56298.66198 19.71559 0.06769
56298.66411 19.85178 0.08001
56298.66639 19.63174 0.07272
56298.6699 19.76385 0.07354
56298.68256 19.71149 0.08631
56298.68492 19.80264 0.09252
56298.68729 19.60607 0.11275
56301.59099 19.5335 0.06702
56302.62153 19.65959 0.08711
56305.59416 19.77406 0.07229
56305.62276 19.81701 0.07556
56307.60089 19.77818 0.1424
56307.63151 19.60497 0.09338
56308.60019 19.68009 0.10427
56308.63015 19.56835 0.11133
56310.60466 19.59854 0.09749
56310.63503 19.91066 0.10597
56311.59823 19.81735 0.09406
56311.62777 19.66304 0.11695
56313.60478 19.68161 0.09266
56313.63593 19.84281 0.09797
56314.61498 19.63924 0.10307
56314.64504 19.80828 0.12801
56322.60046 20.03717 0.12097
56322.63022 19.80013 0.11378
56323.59943 19.62186 0.07806
56323.60059 19.64789 0.07357
56323.60172 19.627 0.06928
56323.60284 19.73978 0.07676
56323.60396 19.67414 0.06946
56323.60508 19.81738 0.08027
56323.60621 19.62093 0.06708
56323.60734 19.67638 0.08166
56323.60846 19.60838 0.08954
56323.60959 19.6343 0.06859
56323.61071 19.61906 0.06938
56323.61183 19.75854 0.07267
56323.61297 19.64264 0.08145
56323.61409 19.69844 0.07815
56323.61521 19.70899 0.07708
56323.61635 19.80211 0.07557
56323.61747 19.72379 0.06878
56323.61859 19.71573 0.07406
56323.61971 19.82207 0.08325
56323.62085 19.54252 0.06787
56323.62197 19.65507 0.06837
56323.62309 19.63084 0.07355
56323.62423 19.59298 0.07865
56323.62535 19.62178 0.09094
56323.62647 19.63228 0.07046
56323.62759 19.77963 0.07666
56323.62872 19.77148 0.07436
56323.62985 19.62535 0.07038
56323.63097 19.79863 0.07407
56323.6321 19.63339 0.07085
56323.63322 19.68707 0.07455
56323.63435 19.78102 0.07916
56323.63549 19.7904 0.07836
56323.63661 19.71981 0.08084
56323.63773 19.5364 0.06856
56323.63887 19.65275 0.07636
56323.63999 19.57046 0.07227
56323.64112 19.79142 0.07876
56323.64225 19.7486 0.07406
56323.64338 19.67844 0.09675
56323.6445 19.74547 0.08376
56323.64563 19.81199 0.08086
56323.64676 19.8723 0.07846
56323.64789 19.49958 0.07915
56323.64902 19.88227 0.08195
56323.65014 19.76321 0.07377
56323.65127 19.72853 0.08345
56323.6524 19.68623 0.08186
56323.65352 19.66645 0.07725
56323.65465 19.79766 0.08085
56323.65577 19.85861 0.09255
56323.65691 19.68725 0.09105
56323.65803 19.61959 0.09175
56323.65917 19.70686 0.07397
56323.66029 19.59422 0.08068
56323.66142 19.62692 0.09245
56323.66255 19.77054 0.09487
56323.66367 19.81909 0.08916
56323.6648 19.9207 0.08585
56323.66594 19.69308 0.08008
56323.66706 19.74043 0.08488
56323.66819 19.62329 0.09527
56323.66932 19.66717 0.10999
56323.67045 19.62534 0.09706
56323.67158 19.64646 0.10106
56323.67271 19.65411 0.09935
56323.67384 19.69041 0.08566
56323.67496 19.54669 0.07769
56323.67613 19.82326 0.11026
56323.67725 19.72832 0.09248
56323.67838 19.67783 0.09505
56323.67951 19.82805 0.09416
56323.68065 19.77791 0.10446
56323.68177 19.84178 0.09396
56323.6829 19.82529 0.09276
56323.68402 19.74847 0.10935
56323.68516 19.76158 0.09486
56323.68628 19.68297 0.09046
56323.68742 19.79058 0.09079
56323.68855 19.80399 0.08456
56323.68967 19.78288 0.09785
56323.69081 19.80038 0.10355
56323.69194 19.73298 0.10976
56323.69306 19.94857 0.10427
56323.6942 19.61699 0.10889
56323.69532 19.47986 0.09728
56323.69644 19.76506 0.09945
56323.69758 19.61962 0.13607
56323.6987 19.77435 0.14378
56323.69982 19.62217 0.09809
56323.70208 19.97167 0.13947
56323.7032 19.92298 0.15115
56323.70434 19.74318 0.14687
56323.70887 19.7391 0.13448
56323.71001 19.89867 0.15289
56323.71226 19.9541 0.13857
56323.7134 19.91929 0.15638
56323.71453 19.95469 0.13901
56323.71565 19.76935 0.1776
56323.72695 19.8651 0.19779
56323.72921 19.7266 0.17294
56324.6344 19.85584 0.08676
56324.67356 19.74766 0.08585
56328.60109 19.82701 0.10285
56328.63041 19.60471 0.06319
56329.6158 19.6131 0.1254
56330.60568 19.63763 0.07331
56330.63442 19.57527 0.08375
56336.60557 19.68847 0.10236
56336.6347 19.93206 0.11616
56337.61678 19.63845 0.07718
56337.646 19.63882 0.09736
56339.61462 19.43201 0.14891
56340.62168 19.72141 0.09116
56340.65261 19.62574 0.10388
56341.63432 19.91063 0.15981
56342.61542 19.54425 0.12373
56342.64414 19.79048 0.1457
56432.97832 20.11767 0.15545
56433.97522 19.79398 0.11706
56434.97306 19.6982 0.10705
56442.95121 19.83943 0.11976
56443.94843 19.62752 0.09583
56444.94545 19.62653 0.1573
56444.97977 19.53861 0.17918
56446.9404 19.87391 0.10196
56446.9746 19.64627 0.10626
56447.93827 19.89334 0.0891
56447.97245 19.80443 0.10837
56448.93551 19.56149 0.07747
56448.97043 19.61703 0.09008
56449.9322 19.81391 0.07867
56449.96744 19.79131 0.08335
56450.93056 19.58285 0.07568
56450.96471 19.85191 0.09337
56451.92757 19.70714 0.10457
56451.96268 19.47612 0.08648
56452.92487 19.41789 0.07748
56452.95905 19.70322 0.06946
56453.9223 19.70862 0.09718
56453.95718 19.79446 0.12168
56454.91904 19.8632 0.09156
56454.9531 19.84493 0.07916
56455.91706 19.65166 0.08091
56455.95123 19.72313 0.06838
56456.91361 19.78368 0.09075
56456.94859 19.84211 0.08146
56457.91086 19.82079 0.09005
56457.9457 19.68537 0.07678
56458.90893 19.67215 0.07731
56458.94334 19.76399 0.06795
56459.90596 19.83844 0.08216
56459.94092 19.66387 0.07786
56460.9034 19.73225 0.08299
56460.93791 19.86427 0.07696
56461.90107 19.48703 0.07287
56461.93811 19.60464 0.07876
56462.89824 19.87147 0.09917
56462.93439 19.82397 0.09288
56463.89576 19.70325 0.12547
56463.93218 19.49393 0.06838
56469.91685 19.64938 0.09748
56471.87375 19.69549 0.11753
56471.91001 19.84485 0.11041
56473.86804 19.63263 0.22056
56473.90477 19.93411 0.15935
56475.86334 19.61253 0.13229
56475.9008 19.85133 0.13097
56476.86102 19.83827 0.14357
56476.89765 19.82702 0.16778
56485.83631 19.70618 0.09156
56486.83403 19.6999 0.08219
56486.87106 19.58141 0.06339
56488.83006 19.72192 0.08729
56488.86647 19.63335 0.06551
56489.82698 19.71683 0.11289
56489.86366 19.59676 0.08537
56491.8581 19.80559 0.12759
56498.802 19.68206 0.14841
56498.83888 19.84472 0.13881
56502.79167 19.7139 0.08849
56502.82864 19.8984 0.09846
56503.78903 19.61895 0.0724
56503.82769 19.7243 0.08634
56504.82017 19.78368 0.08619
56504.86992 19.58471 0.07055
56504.90811 19.6345 0.09038
56505.81768 19.62466 0.10176
56505.9509 19.53788 0.0723
56505.98842 19.94068 0.09839
56506.89349 19.65081 0.08025
56507.80198 19.43557 0.06939
56507.84712 19.56291 0.06641
56507.99891 19.73375 0.07701
56508.90167 19.64875 0.05725
56509.79634 19.75211 0.08028
56509.83877 19.68542 0.06112
56510.8262 19.72127 0.06107
56511.79111 19.48236 0.06615
56511.84089 19.76686 0.0698
56512.78788 19.69963 0.0827
56512.82519 19.61014 0.06452
56513.78624 19.57502 0.07922
56513.82352 19.59097 0.05812
56514.7834 19.65936 0.07878
56514.82081 19.60177 0.06228
56515.78106 19.57366 0.06622
56515.82231 19.76337 0.06561
56516.77774 19.61984 0.06526
56516.81437 19.71577 0.06161
56517.77605 19.5566 0.0721
56517.81715 19.54759 0.05401
56517.97309 19.59861 0.06344
56518.87478 19.69326 0.07058
56518.96686 19.79135 0.05879
56519.00311 19.62179 0.058
56519.90443 19.70917 0.05565
56519.96504 19.67539 0.05469
56520.00171 19.71317 0.06012
56520.90327 19.4824 0.05064
56520.95521 19.62619 0.06148
56520.99262 19.55812 0.05322
56521.89446 19.62799 0.0566
56521.95772 19.6724 0.05969
56521.99393 19.69809 0.05683
56527.76434 19.85332 0.20333
56528.72198 19.36018 0.1771
56528.81982 19.70103 0.16287
56528.87422 19.60048 0.11662
56529.90241 19.74027 0.10361
56529.93849 19.72805 0.1062
56529.97462 19.56129 0.10699
56532.71221 19.89837 0.09304
56532.85928 19.52112 0.06723
56532.89645 19.59242 0.06029
56533.79895 19.61566 0.06209
56533.93493 19.57041 0.07249
56533.97228 19.55855 0.05991
56537.84525 19.62114 0.05473
56537.9874 19.59718 0.05362
56539.69386 19.79547 0.09269
56539.88447 19.55134 0.05205
56539.9215 19.7278 0.05905
56540.97669 19.48792 0.05195
56541.6883 19.779 0.08362
56541.83165 19.57111 0.16278
56542.96698 19.77002 0.06347
56543.00294 19.59961 0.06952
56543.90463 19.78036 0.10557
56543.97085 19.67733 0.0593
56544.00787 19.65305 0.06284
56546.67441 19.60747 0.10628
56546.75907 19.63817 0.06748
56546.94639 19.63101 0.05554
56547.84788 19.56268 0.05503
56548.0057 19.63864 0.05782
56548.66959 19.78731 0.13065
56548.70582 19.54253 0.08141
56548.74172 19.67044 0.08179
56549.66591 19.6999 0.10226
56549.70273 19.65364 0.0918
56549.73967 19.64881 0.10506
56550.6994 19.53953 0.13548
56550.73216 19.68823 0.09427
56551.66063 19.70384 0.16745
56551.72202 19.8282 0.11788
56551.75862 19.76789 0.13004
56552.66117 19.32718 0.13098
56552.71291 20.01207 0.17425
56552.74635 19.72714 0.14635
56561.66061 19.66509 0.07887
56561.89034 19.75889 0.10083
56562.93459 19.65386 0.08968
56563.02169 19.621 0.0984
56563.6524 19.76848 0.09926
56563.6893 19.54248 0.08339
56563.77494 19.66019 0.08295
56564.72602 19.55428 0.0822
56564.99301 19.7456 0.07459
56565.02672 19.69148 0.08627
56565.92832 20.03606 0.07955
56565.98151 19.49432 0.06778
56566.01544 19.63586 0.07606
56566.91724 19.71766 0.06557
56566.96287 19.57214 0.062
56566.99591 19.82552 0.07859
56567.8986 19.75689 0.06495
56567.96702 19.57563 0.06842
56568.00039 19.59304 0.05587
56568.90245 19.71547 0.06461
56568.96343 19.62052 0.07009
56568.99843 19.86252 0.07998
56569.90084 19.92845 0.07777
56569.99803 19.83645 0.09176
56570.03082 19.95984 0.11206
56571.62526 19.82656 0.14306
56571.69052 19.82834 0.10102
56571.72419 19.93692 0.11784
56572.62632 19.66263 0.09939
56572.66032 19.82386 0.07922
56572.69287 19.9997 0.09589
56573.61429 19.56188 0.09936
56573.64765 19.79102 0.07928
56573.77817 19.8363 0.07317
56576.83948 19.54253 0.06157
56577.00541 19.61032 0.09286
56577.60601 19.64823 0.09961
56577.63144 19.55344 0.11086
56577.77306 19.79604 0.08889
56578.67217 19.60743 0.08148
56578.69674 19.73427 0.0866
56578.75347 19.64934 0.07445
56579.73584 19.60096 0.1046
56579.85963 19.8676 0.1009
56579.88516 19.85599 0.0881
56580.7875 19.94551 0.10648
56580.8553 19.43443 0.09685
56580.88022 19.60097 0.10055
56581.78167 19.78983 0.19025
56587.62864 19.66019 0.08406
56587.78993 20.06641 0.11826
56587.81475 19.80479 0.09689
56588.71625 19.707 0.11256
56588.86644 19.77977 0.17319
56588.89281 19.79969 0.12826
56589.79481 19.6153 0.07717
56589.81959 19.77379 0.07645
56589.84642 19.54207 0.07319
56590.76387 19.65127 0.07268
56590.8749 19.78016 0.07558
56590.89969 19.55112 0.07737
56591.80204 19.80989 0.17936
56591.86057 19.65994 0.07333
56591.88508 19.71064 0.07814
56592.81972 19.71026 0.06581
56592.91348 19.84465 0.10186
56592.93852 19.76209 0.08411
56596.59731 19.55354 0.07829
56596.81771 19.51836 0.08766
56596.84238 20.08519 0.10517
56597.74425 19.88827 0.0892
56597.82393 19.51758 0.08418
56598.75163 19.84239 0.09345
56598.82179 19.42439 0.07638
56598.84855 19.58327 0.08078
56599.75014 19.65978 0.06778
56599.79577 19.66629 0.06032
56599.82112 19.61118 0.06747
56600.77441 19.71738 0.06728
56600.8753 19.72944 0.07778
56602.59024 20.09945 0.16295
56602.75501 19.92152 0.16339
56602.78065 19.85724 0.10495
56603.68227 19.72957 0.09468
56603.74296 19.56656 0.07718
56603.81581 19.72941 0.07679
56604.73691 19.75495 0.06905
56604.92616 19.85281 0.08145
56605.64733 19.67023 0.06838
56605.67213 19.80801 0.07317
56606.58401 19.6071 0.17937
56606.60932 19.57438 0.09878
56606.64241 19.4983 0.12291
56607.82225 19.89372 0.10607
56607.84927 19.62547 0.08307
56608.75086 19.7326 0.10197
56608.81398 19.83382 0.10146
56608.84048 19.76691 0.13337
56609.8617 19.88522 0.10697
56609.88847 19.92053 0.11566
56621.79766 19.72674 0.09917
56622.58588 19.79702 0.07551
56623.58717 19.73259 0.09364
56624.57999 19.86531 0.08076
56624.60429 19.78058 0.06998
56625.70494 19.59489 0.08405
56625.74386 19.5674 0.065
56626.64578 19.81636 0.07917
56626.67007 19.68127 0.0731
56627.83411 19.69221 0.17522
56628.73144 19.76451 0.07669
56628.76212 19.83125 0.08108
56637.58042 19.36524 0.11291
56637.60549 19.90448 0.1104
56639.58002 19.63702 0.11549
56639.60438 19.51081 0.12037
56640.58279 19.41567 0.11606
56640.61699 20.12935 0.17306
56648.58277 19.56772 0.10376
56648.61266 19.82087 0.10947
56649.57885 19.92088 0.09999
56649.60387 19.95718 0.08373
56650.58762 19.98999 0.08944
56653.61955 20.03936 0.13763
56658.58519 19.44855 0.06277
56658.62914 19.67499 0.07889
56659.58605 19.64744 0.07098
56659.61086 19.58452 0.0641
56660.58569 19.52217 0.07957
56660.61029 19.58907 0.07126
56662.58587 19.92038 0.09512
56662.61038 19.8795 0.10307
56663.59143 19.56287 0.07359
56663.6171 19.62557 0.07467
56664.58594 19.63122 0.14524
56664.6104 19.64199 0.09046
56668.58721 20.01548 0.18614
56668.61177 19.60514 0.08906
56669.61423 19.65314 0.09925
56675.5969 19.56749 0.0666
56675.6459 19.72544 0.09538
56676.59181 19.72712 0.07971
56676.61781 19.73316 0.08028
56677.60718 19.54267 0.19336
56678.61458 19.68001 0.08338
56678.64019 19.64087 0.08767
56680.60724 19.66344 0.07938
56683.59693 19.64911 0.07596
56683.63252 19.61855 0.08278
56685.59847 19.88968 0.13534
56685.6471 19.7114 0.11017
56686.63379 19.79226 0.16095
56687.59886 19.51379 0.07295
56687.64144 19.75417 0.07767
56690.60286 19.67401 0.11469
56690.64549 19.68769 0.08948
56697.60505 19.50776 0.0953
56699.60928 19.76765 0.14616
56816.96412 19.4664 0.08486
56816.97531 19.65473 0.12486
56817.96427 19.59455 0.07356
56817.97654 19.6801 0.10379
56818.96227 19.55505 0.05963
56818.97512 19.53171 0.08077
56819.96647 19.51796 0.13165
56819.97765 19.97687 0.13826
56820.96625 19.77243 0.11729
56821.96237 19.68222 0.16946
56821.9727 19.91499 0.16708
56822.96143 19.7225 0.11418
56822.97681 19.4703 0.14966
56823.97346 19.98807 0.13189
56824.96428 19.64287 0.12556
56824.97573 19.5444 0.10608
56826.96127 19.87354 0.11628
56826.97472 19.85615 0.12945
56827.96384 19.6361 0.09808
56827.97622 19.94864 0.11606
56828.9654 19.61194 0.09828
56829.96383 19.60487 0.07046
56829.97653 19.74571 0.08848
56830.96102 19.63038 0.07227
56830.97338 19.63001 0.07908
56832.9648 19.52934 0.05971
56832.97563 19.66875 0.07182
56833.96568 19.59797 0.06491
56833.97644 19.6394 0.08357
56834.96484 19.53629 0.06547
56834.9776 19.68088 0.10039
56835.96569 19.51944 0.06437
56835.97723 19.82831 0.09849
56836.96625 19.6246 0.0579
56836.97711 19.59774 0.08578
56837.96638 19.59154 0.05252
56837.98211 19.62596 0.09729
56838.96389 19.56813 0.0526
56838.9786 19.6339 0.08528
56839.96511 19.57398 0.05332
56839.97834 19.61928 0.07787
56840.96951 19.5925 0.06391
56840.98137 19.61652 0.09958
56841.96857 19.52172 0.05743
56841.98075 19.63698 0.09789
56844.96636 19.60086 0.05988
56844.97887 19.52251 0.07449
56845.96726 19.73834 0.06029
56845.98002 19.72611 0.07258
56846.96666 19.62581 0.06049
56846.98115 19.65405 0.06565
56847.96648 19.63485 0.05519
56847.98151 19.7298 0.0635
56848.96743 19.52562 0.05391
56848.98312 19.62358 0.08729
56849.96813 19.76977 0.10227
56849.98235 19.60044 0.10246
56850.96941 19.47025 0.1866
56850.98368 19.79701 0.13215
56851.97048 19.64134 0.09103
56851.98675 19.8746 0.10676
56854.96165 19.85711 0.09143
56854.98771 19.70333 0.08212
56855.96071 19.63032 0.07949
56855.98393 19.6309 0.084
56856.96087 19.58145 0.1271
56856.98328 19.92855 0.09687
56858.96243 19.58437 0.06402
56858.98507 19.75622 0.07816
56859.96515 19.56378 0.0529
56859.98697 19.55445 0.0649
56861.96231 19.78631 0.064
56861.98508 19.64905 0.06314
56862.9659 19.5935 0.05544
56862.98227 19.70142 0.06508
56863.94981 19.62016 0.05278
56864.94576 19.57902 0.06028
56864.96947 19.70528 0.07573
56865.92975 19.6018 0.07543
56865.96089 19.72996 0.05418
56867.98799 19.69531 0.0598
56868.96536 19.62539 0.05715
56868.98567 19.66185 0.05973
56869.96092 19.76345 0.06252
56869.98231 19.72631 0.05694
56870.96467 19.65153 0.05362
56870.98635 19.65013 0.05476
56874.97428 19.57689 0.0509
56874.99622 19.42222 0.05451
56875.98151 19.70535 0.0665
56875.99752 19.7703 0.0706
56876.91773 19.61983 0.05115
56876.94717 19.72857 0.05378
56877.9745 19.73535 0.05709
56877.9957 19.84105 0.05812
56878.00741 19.64381 0.10728
56878.9086 19.67086 0.08435
56878.93847 19.53716 0.10438
56879.92838 19.78791 0.09887
56879.95816 19.98238 0.10637
56880.95792 19.8201 0.16362
56880.9882 19.69812 0.10131
56882.96877 19.58863 0.12157
56882.98848 19.50581 0.10567
56883.9421 19.60469 0.08122
56883.98158 19.86595 0.0936
56884.99956 19.6315 0.08421
56885.96448 19.54659 0.06867
56885.98159 19.62944 0.07142
56886.91453 19.74589 0.07005
56886.94264 19.71081 0.06708
56887.91623 19.64065 0.05786
56887.94902 19.67994 0.06648
56888.86519 19.62215 0.05075
56888.89905 19.59223 0.05543
56888.91008 19.74658 0.06135
56888.94196 19.72418 0.05609
56890.94091 19.71686 0.0572
56890.97479 19.67528 0.07025
56895.83087 19.74841 0.06947
56895.86667 19.58203 0.07486
56972.71463 19.7981 0.07576
56972.73749 19.70262 0.07558
56978.74407 19.65425 0.07275
56978.79927 19.72087 0.12228
56979.72374 19.59827 0.10911
56980.71766 19.65463 0.07741
56980.83416 19.71453 0.0791
56981.71538 19.77588 0.07131
56981.77818 19.57239 0.06781
56984.71333 19.62684 0.11923
56984.78092 19.60429 0.12562
56986.72544 19.72431 0.08149
56986.79095 19.92732 0.1038
56987.70535 19.77298 0.08698
56987.76948 19.65365 0.09297
56988.66321 19.68383 0.0852
56989.60286 19.92505 0.08389
56989.66828 19.54229 0.10328
56990.59847 19.66079 0.08119
56990.66232 19.51216 0.09069
57000.62591 19.76505 0.0746
57000.65668 19.66616 0.0981
57001.60725 19.59476 0.0675
57001.63454 19.73832 0.06689
57011.62365 19.70992 0.07101
57011.65019 19.65093 0.07562
57014.60229 19.72382 0.07769
57014.62433 19.63367 0.07267
57015.60026 19.76374 0.08385
57015.6199 19.78308 0.08977
57018.60146 19.81622 0.08539
57018.62586 19.64933 0.08777
57019.59637 19.66146 0.12689
57019.61004 19.69128 0.08838
57030.59868 19.95204 0.07916
57037.60179 19.92596 0.08789
57039.60447 19.81681 0.08127
57040.60372 19.52665 0.0824
57040.65327 20.04144 0.1024
57041.64649 19.96387 0.08879
57042.59979 19.65372 0.08133
57042.64647 19.94204 0.08631
57043.60053 19.76149 0.09021
57043.64542 19.64482 0.07282
57044.59961 20.15788 0.11402
57044.64222 20.13828 0.116
57046.59907 19.92241 0.1113
57046.64082 19.94603 0.11029
57047.65127 19.88178 0.11529
57047.65361 19.83467 0.09851
57059.60766 19.72251 0.07308
57059.61723 19.76453 0.07559
57063.61933 19.93782 0.08876
57064.61072 19.86054 0.10434
57064.62756 19.68051 0.1094
57065.60805 20.02876 0.1359
57065.62471 19.67105 0.10414
57067.62545 19.70863 0.08535
57069.61019 19.8534 0.10012
57069.6409 20.10389 0.11542
57070.61078 19.8308 0.1017
57070.6277 19.75901 0.08461
57071.61023 19.5644 0.0897
57071.6267 19.7862 0.10196
57089.61859 20.03179 0.16749
57089.62798 19.79219 0.17136
57090.63028 20.09876 0.17388
57091.62051 19.9604 0.14869
57180.95646 20.03306 0.12684
57185.96692 19.70797 0.10243
57187.96362 19.67543 0.07622
57188.93765 19.79734 0.07619
57188.96808 19.74079 0.08043
57189.95594 20.02188 0.08535
57190.94422 19.78248 0.08596
57191.9217 19.89555 0.0893
57191.95614 19.73381 0.08061
57192.94672 19.83528 0.08542
57192.97846 20.00149 0.1406
57193.93573 19.71427 0.08318
57193.96862 19.73304 0.08665
57194.94374 19.78351 0.07317
57194.97431 19.77138 0.10004
57195.94595 19.81207 0.08502
57195.97546 19.93588 0.12435
57196.92539 20.05318 0.12658
57196.97637 19.66486 0.12715
57197.91796 19.75386 0.07832
57197.96971 19.52782 0.09473
57198.93165 19.73333 0.09464
57198.96479 19.9021 0.08531
57199.9472 19.60579 0.08384
57207.95261 19.73588 0.11283
57207.98422 20.1307 0.11527
57208.90735 19.83655 0.14738
57208.94607 19.50771 0.09532
57209.93937 19.92762 0.11456
57209.97959 19.69254 0.12876
57210.9363 19.85647 0.11548
57210.97519 19.81924 0.08159
57211.94997 19.58381 0.09427
57211.98409 20.07327 0.11844
57212.9376 19.78952 0.15048
57212.97329 19.71289 0.13561
57214.96163 19.74948 0.07473
57216.93262 19.70158 0.06895
57216.97994 19.66164 0.07651
57218.92712 19.83507 0.07211
57218.977 19.83081 0.07189
57219.94247 19.89901 0.06391
57219.97077 19.70133 0.06117
57220.92305 19.74718 0.06643
57220.98129 19.62984 0.0634
57225.95176 19.75449 0.05187
57226.95332 19.78783 0.05957
57227.93417 19.68359 0.0718
57227.97035 19.70351 0.0752
57231.91879 19.75197 0.06598
57231.96902 19.80433 0.05897
57232.8829 19.88515 0.09133
57232.9489 19.72795 0.08094
57237.93379 19.7028 0.10631
57237.98326 19.99641 0.11862
57238.91268 19.87489 0.08308
57238.96563 19.79262 0.08849
57239.93796 19.92411 0.09117
57239.98313 19.83501 0.08746
57240.95317 19.63133 0.07852
57241.93368 19.86092 0.09164
57242.93933 19.56623 0.06705
57242.98523 19.80682 0.08023
57244.91131 19.87109 0.0794
57244.96611 19.77508 0.0711
57245.87591 19.62603 0.0708
57245.91376 19.75801 0.0623
57246.89995 19.71301 0.06545
57246.93423 19.77694 0.0838
57247.92574 19.71547 0.06405
57247.95614 19.79406 0.05505
57248.84393 19.776 0.06615
57248.8782 19.80012 0.0688
57249.88436 19.82619 0.0595
57249.9163 19.76344 0.06441
57250.88236 19.72972 0.06038
57250.92114 19.71426 0.07327
57251.8693 19.5932 0.06312
57251.91419 19.75709 0.06093
57267.93864 20.1716 0.14311
57267.9816 19.86566 0.1069
57554.97044 20.02556 0.13886
57555.93989 20.00026 0.1092
57555.96363 20.04016 0.10929
57564.94449 20.06651 0.13206
57564.95195 20.03597 0.16985
57565.94418 19.86239 0.13207
57567.97572 20.32367 0.15943
57568.97479 20.24121 0.13483
57569.92685 19.88729 0.11383
57570.93954 20.02895 0.09965
57571.91515 20.24487 0.15496
57571.96845 19.96787 0.11544
57572.94 20.302 0.11382
57572.961 19.88402 0.12471
57573.95955 20.16574 0.09664
57574.96997 19.72545 0.11922
57575.96076 19.88493 0.09439
57576.95096 19.86195 0.09492
57577.97714 20.15998 0.15263
57578.93031 20.24681 0.10267
57578.9597 20.00014 0.09939
57579.93833 20.00297 0.0936
57579.96636 19.90763 0.13258
57580.94991 20.18246 0.10935
57580.97641 20.05996 0.13616
57581.93908 19.85327 0.08642
57581.96061 20.25447 0.0924
57582.96612 20.14923 0.09916
57582.9889 20.00849 0.1389
57583.93612 20.08284 0.08152
57583.97225 20.0315 0.08321
57584.92871 19.89902 0.0943
57584.97404 19.94452 0.082
57585.92275 20.09272 0.1126
57585.96134 19.917 0.08302
57586.91575 19.86825 0.10561
57592.99636 19.71717 0.1393
57595.9848 20.2449 0.12601
57596.95384 20.26787 0.11132
57596.98786 19.86419 0.14377
57597.93735 19.94582 0.11409
57597.9794 19.88679 0.09482
57598.9281 20.29877 0.12628
57598.97263 19.95138 0.08811
57599.94579 19.85044 0.09572
57600.96483 20.09129 0.09901
57601.9531 20.01442 0.10026
57601.99102 19.96867 0.1069
57602.95616 20.11834 0.09301
57602.99208 19.8908 0.10106
57603.95654 20.06146 0.08647
57603.99274 20.28045 0.10242
57604.96148 20.13498 0.09628
57604.99535 20.01852 0.1134
57605.93926 20.12258 0.08251
57605.97693 19.99112 0.09937
57606.94732 20.09784 0.08997
57606.99101 19.98239 0.08257
57607.92659 19.99083 0.08806
57607.97806 20.01325 0.08765
57608.92515 19.91176 0.09828
57608.96585 20.13649 0.09199
57609.94301 20.12957 0.10421
57610.89516 20.37513 0.13696
57610.92695 20.05118 0.09179
57611.90199 19.87006 0.07878
57611.93252 19.93692 0.08889
57612.88937 20.18517 0.08981
57612.93148 20.08363 0.0785
57613.84046 20.06852 0.11225
57613.87193 20.11253 0.09636
57613.90353 19.94363 0.0884
57614.96436 20.13605 0.08317
57614.99496 19.80869 0.09038
57615.90761 20.20625 0.14036
57615.95637 19.9637 0.09429
57623.99038 20.00373 0.18436
57624.97236 20.18485 0.15848
57625.94454 20.0653 0.11237
