#mjd mag magerr
55061.92501 19.31846 0.0383
55061.95573 19.35286 0.03808
55063.91987 19.33969 0.03981
55063.9639 19.33586 0.04056
55064.92128 19.45242 0.04283
55064.9656 19.37398 0.04323
55066.91014 19.28739 0.03933
55066.95474 19.30864 0.03857
55067.96099 19.37649 0.06455
55069.90324 19.4321 0.04514
55069.94786 19.41997 0.04823
55080.87449 19.40938 0.09443
55080.95988 19.37637 0.10318
55084.86328 19.31679 0.06257
55087.85609 19.32275 0.04223
55087.90101 19.32815 0.03933
55088.96983 19.23998 0.0418
55089.01521 19.39643 0.04453
55089.94574 19.31264 0.04025
55089.99042 19.34667 0.04772
55093.83741 19.38566 0.04048
55093.88196 19.2441 0.04037
55096.8292 19.31835 0.04205
55097.00858 19.36579 0.05549
55104.99862 19.49744 0.06793
55107.79764 19.47801 0.08843
55114.88125 19.33794 0.0522
55114.92522 19.35272 0.14892
55119.89538 19.52891 0.05609
55119.95365 19.45031 0.05327
55123.75696 19.30394 0.04443
55123.81523 19.3427 0.04693
55126.97957 19.43413 0.06464
55127.83329 19.42069 0.04932
55127.87706 19.46999 0.05759
55135.82555 19.46982 0.08797
55135.86926 19.38684 0.11496
55138.71472 19.6087 0.10408
55142.7036 19.36574 0.04829
55142.75219 19.3207 0.05341
55144.77886 19.36858 0.04821
55144.82305 19.33272 0.05186
55151.72943 19.55931 0.06145
55151.77257 19.38244 0.04993
55166.70473 19.48879 0.11518
55166.74897 19.60274 0.11233
55168.63378 19.63297 0.08789
55168.6775 19.3285 0.08243
55175.61224 19.46853 0.04314
55175.65684 19.37528 0.04311
55181.59421 19.48023 0.07011
55181.63825 19.44394 0.06269
55183.59204 19.26717 0.06326
55183.64253 19.44856 0.05301
55189.58054 19.63503 0.07928
55189.62557 19.41822 0.05581
55194.59026 19.56908 0.09668
55199.58559 19.31268 0.04827
55201.58642 19.60031 0.19595
55202.58667 19.46654 0.05558
55203.71441 19.40838 0.06992
55203.75743 19.40748 0.07212
55207.63092 19.3135 0.05372
55207.67514 19.40969 0.05174
55209.5968 19.37555 0.04527
55209.64149 19.43391 0.04823
55213.63312 19.47512 0.06412
55213.6798 19.44506 0.0733
55377.85123 19.35061 0.09854
55377.89535 19.38739 0.07811
55378.90615 19.51436 0.10734
55379.8591 19.42666 0.06788
55379.92482 19.24038 0.0571
55380.92078 19.34593 0.06763
55381.89606 19.34069 0.05979
55381.93934 19.23289 0.04824
55384.82671 19.33826 0.04618
55384.87028 19.30047 0.04406
55385.87021 19.27202 0.04122
55385.91339 19.27885 0.04046
55386.86524 19.29994 0.04627
55386.90867 19.32127 0.04291
55387.87002 19.24317 0.0423
55387.91342 19.28151 0.03875
55388.86609 19.35887 0.05697
55388.91005 19.3195 0.04019
55389.97252 19.33029 0.08726
55390.80957 19.40324 0.06078
55390.85393 19.32106 0.05097
55391.80613 19.36144 0.06062
55391.87538 19.26653 0.04473
55392.83258 19.27283 0.05221
55392.87538 19.33671 0.04427
55394.79908 19.36424 0.05793
55394.8431 19.26255 0.04436
55395.79551 19.24088 0.06879
55395.84215 19.29228 0.04727
55396.79527 19.36596 0.07818
55396.83932 19.27647 0.04272
55397.79163 19.4016 0.07296
55397.83526 19.2433 0.04627
55398.78764 19.39583 0.08641
55398.83124 19.30048 0.05929
55399.78802 19.4052 0.08124
55399.83261 19.21344 0.0618
55400.78534 19.27776 0.08212
55400.8289 19.48857 0.0748
55402.77979 19.39044 0.13457
55402.8246 19.42996 0.11671
55404.77424 19.51485 0.11194
55404.84266 19.19563 0.07698
55405.8416 19.34648 0.08859
55411.75477 19.301 0.12192
55411.79896 19.22247 0.06023
55412.75232 19.2962 0.11474
55412.79539 19.29684 0.06878
55413.75577 19.24497 0.08744
55413.79945 19.18148 0.06289
55414.75161 19.31649 0.08912
55414.79555 19.24706 0.06332
55415.75266 19.31154 0.09032
55415.79727 19.28856 0.08094
55416.79342 19.41347 0.07162
55417.75979 19.33546 0.08839
55417.84511 19.20999 0.06662
55418.79843 19.18595 0.06468
55418.84121 19.17869 0.06342
55419.75121 19.25387 0.09456
55419.79504 19.22519 0.06454
55420.78929 19.35151 0.08249
55421.73664 19.30708 0.05027
55421.79901 19.25941 0.03716
55422.75115 19.31699 0.05214
55422.79487 19.23719 0.04175
55423.74742 19.21664 0.04712
55423.79284 19.25255 0.04077
55424.75349 19.17722 0.05187
55424.80178 19.18978 0.04168
55425.76166 19.13877 0.0519
55425.80573 19.19436 0.03787
55426.80123 19.20501 0.05537
55426.8444 19.15026 0.03571
55427.79708 19.31356 0.05291
55427.8408 19.17169 0.04532
55428.79281 19.24628 0.05513
55428.83703 19.20167 0.048
55429.8142 19.32547 0.05918
55429.85716 19.21271 0.05252
55430.75769 19.25937 0.07383
55430.80485 19.13426 0.05917
55431.75639 19.31581 0.07441
55431.80024 19.19864 0.06455
55432.73907 19.2496 0.08956
55432.78359 19.37121 0.09702
55433.7493 19.20201 0.09883
55434.73769 19.26709 0.09126
55435.69148 19.37145 0.12912
55435.74218 19.22185 0.10058
55436.88575 19.28992 0.06825
55436.88891 19.40144 0.07083
55436.8919 19.36797 0.07555
55436.89501 19.11446 0.07638
55436.89797 19.2027 0.06625
55436.90109 19.26353 0.07118
55436.9042 19.32661 0.08264
55436.90728 19.25212 0.07152
55436.91351 19.26189 0.07371
55436.91931 19.35056 0.07971
55436.92221 19.28013 0.07672
55436.92514 19.28573 0.07872
55436.92806 19.21403 0.07533
55436.93096 19.24665 0.08131
55436.93413 19.41445 0.08432
55436.93703 19.38193 0.07971
55436.93974 19.27059 0.07075
55436.94297 19.30954 0.08043
55436.94613 19.37059 0.0845
55436.94915 19.25193 0.07235
55436.95231 19.21496 0.06606
55436.9553 19.33974 0.0779
55436.95826 19.20143 0.07117
55436.96116 19.42633 0.07461
55436.96403 19.39756 0.07261
55436.96671 19.31697 0.07453
55438.88857 19.28558 0.06152
55438.89169 19.25904 0.07449
55438.89485 19.42089 0.0738
55438.89798 19.40454 0.06711
55438.90086 19.19671 0.05603
55438.90371 19.42961 0.06745
55438.9065 19.39688 0.05557
55438.90927 19.24504 0.05844
55438.91204 19.26044 0.06211
55438.91487 19.27492 0.05973
55438.91763 19.26948 0.06331
55438.92394 19.37615 0.07529
55438.92672 19.27609 0.06761
55438.92954 19.21338 0.0663
55438.93259 19.29336 0.07261
55438.93551 19.34349 0.08467
55438.93833 19.37986 0.07045
55438.94106 19.34241 0.06601
55438.94411 19.2462 0.06852
55438.94678 19.3361 0.07551
55438.95017 19.40872 0.0684
55438.95913 19.26731 0.0676
55438.96141 19.23451 0.06083
55440.87507 19.18334 0.04524
55440.87823 19.2218 0.0453
55440.88428 19.16658 0.04165
55440.88675 19.3341 0.04464
55440.8894 19.33183 0.04485
55440.89205 19.27713 0.04569
55440.89518 19.26633 0.04429
55440.89832 19.21488 0.04641
55440.90145 19.25556 0.04531
55440.90439 19.22749 0.04409
55440.90729 19.22213 0.04294
55440.91025 19.23469 0.04265
55440.91316 19.29692 0.04969
55440.91591 19.21396 0.04685
55440.9187 19.22321 0.04743
55440.92149 19.15549 0.04386
55440.92426 19.26978 0.04502
55440.93095 19.2529 0.04502
55440.93364 19.28993 0.04563
55440.93623 19.14607 0.04579
55440.9395 19.24221 0.04901
55440.94264 19.25815 0.0448
55440.94582 19.29814 0.04875
55440.94883 19.18669 0.04434
55440.95182 19.25834 0.05021
55440.95489 19.19374 0.04334
55440.95791 19.32801 0.04914
55441.87301 19.17287 0.03886
55441.87592 19.17358 0.03675
55441.88645 19.20837 0.03845
55441.88962 19.17551 0.03898
55441.89254 19.23087 0.0387
55441.89542 19.17961 0.03844
55441.89828 19.19186 0.03816
55441.90107 19.2153 0.03978
55441.9037 19.23608 0.04176
55441.90634 19.21622 0.03866
55441.90906 19.19466 0.03785
55441.9118 19.25243 0.04035
55441.91445 19.28045 0.04203
55441.91722 19.31402 0.03918
55441.91981 19.25689 0.04139
55441.92242 19.26783 0.04265
55441.92546 19.27378 0.04123
55441.9281 19.21004 0.04066
55441.93183 19.2049 0.0391
55441.93458 19.16509 0.03865
55441.93727 19.24257 0.0405
55441.94048 19.17649 0.04081
55441.94326 19.1654 0.03911
55441.94546 19.23509 0.0414
55441.94852 19.28338 0.03826
55441.95194 19.1601 0.03818
55441.95469 19.07857 0.03706
55441.95786 19.17403 0.03719
55441.96081 19.24917 0.04336
55441.96392 19.26685 0.04563
55441.96715 19.21977 0.04121
55441.97012 19.26621 0.04205
55441.97294 19.26097 0.04125
55441.97532 19.20876 0.03897
55441.97757 19.23052 0.03984
55441.9798 19.29755 0.04314
55441.9835 19.23177 0.04049
55441.9863 19.29721 0.04202
55441.98852 19.20711 0.04232
55441.99078 19.28465 0.04164
55441.99382 19.20136 0.04304
55442.00593 19.25764 0.04543
55442.00906 19.253 0.04736
55442.01216 19.27978 0.04767
55442.01486 19.22223 0.05282
55442.01753 19.30494 0.06835
55442.02001 19.08492 0.06827
55442.70382 19.21038 0.04712
55442.70734 19.27596 0.04614
55442.71097 19.24667 0.04645
55442.71448 19.23039 0.04402
55442.71808 19.22033 0.04302
55442.72168 19.25703 0.04117
55442.72527 19.2338 0.03946
55442.73272 19.15848 0.03915
55442.74184 19.15135 0.03813
55442.74882 19.17393 0.03858
55442.75572 19.22771 0.03968
55442.76147 19.16944 0.03871
55442.76615 19.17795 0.03755
55442.77616 19.25805 0.04195
55442.78135 19.22204 0.03655
55442.78615 19.14026 0.03604
55442.79145 19.16826 0.03478
55442.79615 19.16874 0.0364
55442.80186 19.25066 0.03927
55442.8093 19.22679 0.03634
55442.81443 19.21557 0.03797
55442.81939 19.2076 0.03562
55442.82447 19.21874 0.0367
55442.8293 19.20204 0.03534
55442.83541 19.20238 0.03616
55442.84012 19.21388 0.03656
55442.84597 19.16588 0.03645
55442.85112 19.19661 0.03602
55442.85657 19.21707 0.0358
55442.86387 19.19004 0.03697
55442.87002 19.23226 0.03611
55442.87503 19.22059 0.03732
55442.88048 19.15272 0.03578
55442.88617 19.16954 0.03434
55442.89221 19.23999 0.03712
55442.89785 19.31115 0.04082
55442.90297 19.2008 0.03551
55442.90871 19.14996 0.03786
55442.91368 19.17597 0.03536
55442.91875 19.24402 0.03825
55442.92384 19.17448 0.0374
55442.93037 19.25961 0.03813
55442.93642 19.27088 0.03897
55442.94588 19.23232 0.04278
55442.95166 19.27153 0.03781
55442.95754 19.28409 0.04121
55442.96246 19.21214 0.03829
55442.96833 19.21452 0.04069
55442.97317 19.22734 0.03889
55442.97782 19.15377 0.03668
55442.98206 19.18864 0.03571
55442.9872 19.3073 0.03945
55442.99348 19.32154 0.04342
55442.99858 19.25475 0.03836
55443.00329 19.24781 0.04153
55443.01002 19.23313 0.04031
55443.01702 19.34086 0.04852
55443.02387 19.32146 0.08751
55443.67742 19.31695 0.06101
55443.68488 19.20418 0.05415
55443.69287 19.34922 0.05399
55443.70415 19.17476 0.04853
55443.71028 19.23451 0.04932
55443.71632 19.21903 0.04472
55443.72231 19.25535 0.04463
55443.72832 19.19163 0.04479
55443.736 19.29326 0.0471
55443.74306 19.26168 0.03997
55443.74812 19.27595 0.04187
55443.75372 19.15815 0.04071
55443.75946 19.13503 0.0395
55443.76526 19.20831 0.0448
55443.77007 19.2379 0.04483
55443.78027 19.29042 0.04437
55443.78539 19.19615 0.04014
55443.79156 19.28034 0.03955
55443.79717 19.27837 0.04227
55443.80302 19.22475 0.03855
55443.80895 19.13857 0.03818
55443.81493 19.22874 0.03983
55443.8204 19.25506 0.04396
55443.82634 19.21633 0.03862
55443.83239 19.21213 0.0403
55443.83783 19.22887 0.0378
55443.84415 19.17769 0.03494
55443.84958 19.30035 0.04105
55443.85553 19.27627 0.03754
55443.86252 19.19624 0.0397
55443.87576 19.22099 0.03896
55443.88141 19.30078 0.04013
55443.88892 19.29559 0.04185
55443.89412 19.30282 0.04216
55443.90077 19.2087 0.04234
55443.90658 19.24243 0.03794
55443.91235 19.31614 0.03973
55443.91779 19.29376 0.04485
55443.92403 19.30551 0.04462
55443.92967 19.28455 0.04228
55443.93496 19.2794 0.04026
55443.94073 19.31369 0.04243
55443.94779 19.34577 0.04399
55443.95355 19.25409 0.03942
55443.95925 19.27124 0.04275
55443.9693 19.21206 0.04303
55443.97555 19.22705 0.04222
55443.98144 19.28592 0.04111
55443.98725 19.30625 0.04366
55443.99456 19.12973 0.04122
55444.00093 19.15831 0.04293
55444.0061 19.32989 0.04471
55444.01187 19.17566 0.04369
55444.0175 19.15757 0.05314
55444.02231 19.26945 0.07214
55444.66648 19.26781 0.06338
55444.67221 19.09902 0.05566
55444.67727 19.34857 0.05838
55444.68199 19.34829 0.07572
55444.68857 19.21523 0.05395
55444.69526 19.24348 0.05537
55444.70198 19.34086 0.05629
55444.7091 19.28885 0.05171
55444.71487 19.25163 0.05041
55444.72103 19.04085 0.04452
55444.72796 19.21018 0.04562
55444.73377 19.1617 0.04315
55444.74094 19.22905 0.0459
55444.74655 19.20496 0.04343
55444.75167 19.25109 0.04431
55444.75678 19.18382 0.04028
55444.76225 19.17099 0.04176
55444.7673 19.14491 0.0399
55444.77353 19.19255 0.04144
55444.77876 19.15366 0.03956
55444.78368 19.17151 0.04223
55444.79848 19.16702 0.03789
55444.80403 19.17809 0.03996
55444.81599 19.24815 0.04045
55444.8213 19.18744 0.04036
55444.83332 19.14842 0.03795
55444.83854 19.2359 0.03958
55444.84549 19.21848 0.03804
55444.85161 19.26967 0.03972
55444.85679 19.2164 0.03573
55444.86267 19.30412 0.04243
55444.86777 19.31817 0.04376
55444.87321 19.25407 0.04115
55444.87872 19.27326 0.04171
55444.88467 19.19011 0.04
55444.89016 19.15901 0.03943
55444.89581 19.34626 0.04596
55444.90153 19.19407 0.03926
55444.90845 19.3216 0.04263
55444.91349 19.11455 0.03713
55444.92279 19.20797 0.04013
55444.93139 19.20062 0.03886
55444.94041 19.19563 0.0389
55444.94568 19.29303 0.04086
55444.951 19.26822 0.04462
55444.95724 19.23531 0.04051
55444.96289 19.24945 0.03859
55444.96923 19.30824 0.04012
55444.97411 19.22778 0.03953
55444.98062 19.26683 0.04082
55444.98915 19.2286 0.04047
55444.99553 19.24564 0.04235
55445.00157 19.12241 0.04054
55445.00779 19.17282 0.0419
55445.01282 19.28127 0.04471
55445.01777 19.32772 0.05492
55445.02227 19.30681 0.07487
55445.66261 19.2032 0.05726
55445.66749 19.19419 0.05201
55445.67244 19.27006 0.05402
55445.67731 19.30737 0.05628
55445.68422 19.23009 0.04846
55445.6905 19.17709 0.04584
55445.69681 19.17233 0.04371
55445.70294 19.21224 0.04345
55445.70921 19.24758 0.04505
55445.71534 19.29717 0.05085
55445.72141 19.14669 0.0491
55445.72791 19.29612 0.04653
55445.73457 19.25432 0.04495
55445.74013 19.28663 0.04524
55445.7456 19.20148 0.04394
55445.75096 19.29855 0.04572
55445.75643 19.20231 0.04106
55445.76191 19.2749 0.04255
55445.76784 19.22516 0.04154
55445.7737 19.3393 0.04019
55445.779 19.16592 0.03846
55445.78479 19.20918 0.03919
55445.79025 19.25266 0.03795
55445.79613 19.17941 0.03746
55445.81095 19.23359 0.04196
55445.81845 19.17223 0.03443
55445.82455 19.18151 0.03569
55445.83024 19.16965 0.03466
55445.84021 19.22307 0.03741
55445.84549 19.17348 0.03418
55445.85174 19.15569 0.03404
55445.85762 19.20544 0.03744
55445.8636 19.27083 0.03655
55445.86963 19.22062 0.03456
55445.87567 19.26395 0.03646
55445.88207 19.24623 0.03584
55445.88844 19.16122 0.03557
55445.89432 19.23256 0.0374
55445.89983 19.10479 0.03468
55445.90668 19.23663 0.03637
55445.91299 19.22989 0.03363
55445.91722 19.20827 0.03508
55445.92351 19.29611 0.03673
55445.92915 19.22333 0.03694
55445.93496 19.21821 0.03714
55445.94048 19.20829 0.03576
55445.95216 19.28504 0.03858
55445.95886 19.23569 0.03688
55445.97191 19.21545 0.03665
55445.97872 19.20453 0.03356
55445.98437 19.17145 0.03592
55445.98972 19.22735 0.03692
55445.99581 19.25974 0.03986
55446.00245 19.17759 0.03623
55446.00827 19.15178 0.03594
55446.01324 19.17415 0.04007
55446.01787 19.29543 0.04889
55446.0233 19.21396 0.07393
55446.66046 19.30741 0.05901
55446.66501 19.30325 0.05749
55446.67089 19.2638 0.05612
55446.67601 19.32873 0.0517
55446.68915 19.27579 0.04896
55446.70044 19.22106 0.04736
55446.70781 19.16414 0.04285
55446.71375 19.25505 0.04782
55446.71998 19.24876 0.0444
55446.7269 19.29012 0.04433
55446.73768 19.2502 0.04263
55446.74263 19.12667 0.03749
55446.74841 19.21593 0.0405
55446.75986 19.20038 0.03695
55446.76487 19.22855 0.03858
55446.77004 19.21117 0.03718
55446.77518 19.23977 0.03785
55446.78018 19.16487 0.03713
55446.78654 19.21463 0.03857
55446.79243 19.19746 0.03814
55446.79818 19.23195 0.03888
55446.80822 19.22821 0.0402
55446.81336 19.26569 0.037
55446.81934 19.21877 0.03736
55446.82569 19.19901 0.0374
55446.83186 19.14979 0.03625
55446.83803 19.24664 0.03594
55446.84316 19.2515 0.03565
55446.84946 19.19133 0.03877
55446.85529 19.27294 0.04809
55446.86132 19.27975 0.0434
55446.87321 19.26586 0.03814
55446.87945 19.27567 0.0373
55446.88583 19.25382 0.03948
55446.89176 19.19032 0.03815
55446.89901 19.27214 0.04203
55446.90569 19.17259 0.03944
55446.91293 19.21924 0.03615
55446.91958 19.25143 0.03801
55446.92538 19.24902 0.03579
55446.93113 19.17295 0.03697
55446.93686 19.20933 0.03511
55446.94237 19.25275 0.03854
55446.94842 19.1925 0.03536
55446.95451 19.22247 0.03761
55446.96034 19.20763 0.0378
55446.96641 19.16702 0.03657
55446.97287 19.24374 0.03827
55446.97827 19.24567 0.03717
55446.98464 19.18978 0.03732
55446.99026 19.17801 0.03594
55446.99646 19.21458 0.03641
55447.00329 19.25683 0.04236
55448.00377 19.22946 0.03546
55448.70146 19.29371 0.05414
55449.82958 19.22463 0.03924
55449.87259 19.23252 0.03747
55450.82585 19.2806 0.04125
55450.86998 19.22571 0.03661
55451.65338 19.21385 0.06463
55451.70095 19.25525 0.04771
55452.64792 19.2037 0.05547
55452.69243 19.22447 0.04609
55453.64519 19.3276 0.06071
55453.6895 19.20468 0.04729
55454.64058 19.26214 0.06772
55454.68793 19.25794 0.06656
55455.7154 19.22739 0.05394
55456.63346 19.41597 0.07931
55456.67702 19.18967 0.0564
55457.63067 19.23492 0.08089
55457.6732 19.18582 0.05743
55458.66069 19.16516 0.06342
55458.7057 19.24048 0.06302
55459.69034 19.33284 0.08456
55460.63624 19.24232 0.0788
55460.72453 19.07042 0.06163
55462.76573 19.28407 0.08873
55463.63005 19.27165 0.15923
55463.71104 19.20646 0.08245
55466.61784 19.21461 0.06903
55466.61959 19.28768 0.06128
55466.62134 19.23293 0.058
55466.6231 19.22348 0.05441
55466.62486 19.17871 0.05888
55466.62661 19.28604 0.05557
55466.62943 19.23401 0.05735
55466.63143 19.23898 0.05607
55466.63348 19.30986 0.05862
55466.67604 19.2376 0.07618
55467.62749 19.34644 0.06234
55468.7394 19.27064 0.05326
55468.78277 19.23236 0.05737
55469.73472 19.141 0.07435
55470.77885 19.11305 0.09875
55471.77466 19.25213 0.03852
55471.82993 19.34899 0.07745
55472.62548 19.34765 0.05011
55472.66936 19.19711 0.04225
55473.62096 19.22117 0.07114
55477.66775 19.27867 0.04752
55477.71276 19.09153 0.03981
55478.62384 19.12408 0.05229
55478.66775 19.23327 0.04825
55479.61565 19.33433 0.05966
55479.65968 19.29427 0.04871
55480.61506 19.30687 0.0565
55480.65805 19.22687 0.04622
55481.61182 19.32475 0.05454
55481.69382 19.16403 0.03716
55482.61769 19.27518 0.0539
55482.66188 19.18374 0.04458
55482.67843 19.14628 0.04153
55483.61039 19.24084 0.05423
55483.66512 19.20598 0.04762
55484.66377 19.32973 0.05246
55484.70695 19.28054 0.04788
55485.61939 19.31985 0.05501
55485.66329 19.16738 0.05219
55486.61418 19.23408 0.06867
55486.658 19.3038 0.07092
55497.84041 19.41826 0.07735
55498.71756 19.1391 0.04422
55498.79 19.33042 0.05587
55499.59404 19.25793 0.05411
55499.63881 19.23741 0.04577
55501.66259 19.31463 0.05354
55501.75706 19.30921 0.04363
55502.72145 19.23129 0.04747
55502.82148 19.28752 0.04994
55503.8732 19.28908 0.0527
55504.82418 19.20316 0.04624
55504.91868 19.3485 0.06263
55506.68972 19.18804 0.05069
55506.73387 19.20317 0.04384
55507.81368 19.23639 0.04675
55507.89267 19.31966 0.05598
55513.658 19.22054 0.05083
55513.7418 19.28175 0.0534
55514.69377 19.23421 0.05592
55514.73749 19.19282 0.05533
55515.69951 19.2175 0.05139
55515.74236 19.21191 0.05461
55516.67238 19.23742 0.066
55516.71654 19.29474 0.07037
55517.61497 19.30555 0.06631
55517.6584 19.32137 0.06211
55527.74242 19.32338 0.06086
55530.70615 19.4501 0.06532
55530.75072 19.47215 0.07469
55531.77418 19.48814 0.07531
55531.81743 19.45287 0.0924
55532.78408 19.19879 0.04487
55532.82836 19.29095 0.05984
55535.68432 19.21512 0.04157
55537.58157 19.35439 0.0788
55537.62557 19.29474 0.05157
55538.57995 19.27822 0.05283
55538.62381 19.17242 0.04026
55539.58012 19.27992 0.05084
55539.62283 19.17175 0.04501
55540.61811 19.29423 0.04416
55540.66215 19.33806 0.04502
55541.61644 19.44494 0.05658
55541.65945 19.45703 0.07277
55544.59603 19.16887 0.05501
55544.64191 19.30645 0.05614
55545.59598 19.35161 0.07223
55545.63939 19.35029 0.06717
55558.75663 19.34982 0.05676
55559.7264 19.43558 0.09785
55561.73304 19.30972 0.06395
55567.59621 19.45191 0.06006
55575.595 19.43314 0.09593
55575.6386 19.34097 0.08313
55577.59504 19.31665 0.12442
55577.63849 19.26355 0.10472
55579.61368 19.43274 0.07549
55579.65687 19.5229 0.08699
55580.66998 19.1914 0.08134
55580.71648 19.34082 0.09917
55583.61703 19.28038 0.04799
55583.66119 19.2781 0.06164
55584.63985 19.1565 0.04784
55584.68286 19.4172 0.06353
55586.61685 19.31651 0.0479
55586.66038 19.37331 0.05963
55722.89872 19.40194 0.06423
55723.91976 19.25318 0.05864
55723.9634 19.34308 0.06311
55730.92322 19.38899 0.105
55733.86776 19.28135 0.07921
55733.91212 19.38502 0.06453
55750.83279 19.34356 0.06104
55750.87598 19.18253 0.0502
55756.93392 19.46195 0.08867
55759.84878 19.2123 0.0771
55759.89212 19.30432 0.06881
55762.79606 19.23969 0.09234
55762.8402 19.19478 0.0806
55766.7805 19.30232 0.06434
55766.83041 19.22655 0.05109
55768.77509 19.50162 0.07412
55768.82037 19.34986 0.05961
55769.80074 19.32978 0.05418
55769.84468 19.32094 0.04649
55770.78189 19.29407 0.05499
55770.82573 19.264 0.04742
55771.78074 19.2283 0.05162
55771.82449 19.32657 0.0478
55774.75968 19.3768 0.06562
55774.80363 19.34491 0.05201
55775.7599 19.35752 0.06082
55775.80332 19.24965 0.08601
55779.7464 19.24744 0.06076
55779.79086 19.29279 0.04856
55780.74948 19.37774 0.07013
55780.79415 19.27278 0.04895
55782.7508 19.16409 0.07817
55782.7956 19.34438 0.06662
55783.80103 19.43708 0.07949
55784.74207 19.49228 0.10153
55789.78039 19.4698 0.10301
55790.73125 19.2736 0.09127
55790.77463 19.35995 0.08851
55791.73123 19.29073 0.10017
55791.77527 19.50394 0.09282
55793.74743 19.43285 0.07315
55793.79097 19.41126 0.08811
55794.75972 19.19809 0.05038
55794.81629 19.14117 0.05359
55809.66644 19.46922 0.11245
55809.7101 19.33525 0.06962
55811.66044 19.38322 0.10309
55811.7042 19.29017 0.07869
55812.65876 19.2291 0.1072
55812.70198 19.29382 0.06862
55813.66257 19.47458 0.08894
55813.70671 19.35034 0.07863
55818.70874 19.45411 0.18391
55820.63925 19.3083 0.07966
55820.68324 19.41055 0.11609
55821.63464 19.28993 0.06463
55822.67415 19.35408 0.05671
55823.62908 19.23922 0.06782
55823.67275 19.30115 0.055
55824.62608 19.35073 0.08292
55824.6697 19.37748 0.0589
55838.61464 19.30636 0.07815
55838.65944 19.48991 0.06944
55842.61856 19.4726 0.10101
55842.66208 19.2142 0.08419
55843.65444 19.29861 0.09282
55844.60924 19.35202 0.14901
55844.65374 19.3186 0.08614
55849.60547 19.34926 0.07197
55849.65079 19.29908 0.07817
55850.60468 19.23813 0.05163
55850.64918 19.27501 0.06099
55851.60318 19.32426 0.059
55851.64641 19.29951 0.04982
55852.60416 19.34703 0.06173
55852.6481 19.29119 0.04707
55853.60163 19.25809 0.05426
55853.6463 19.21368 0.04745
55854.60164 19.19488 0.05988
55854.64607 19.25586 0.04486
55866.5884 19.22039 0.06194
55866.64679 19.19358 0.05201
55867.58757 19.38939 0.07013
55867.63053 19.33722 0.06364
55868.5865 19.27968 0.074
55868.63002 19.24707 0.06031
55880.87841 19.34071 0.09469
55880.92255 19.36132 0.09351
55882.86968 19.15191 0.05618
55882.87146 19.1219 0.05776
55882.91495 19.31218 0.07029
55883.86679 19.216 0.06071
55887.63181 19.18722 0.05093
55887.68352 19.25403 0.05391
55889.80049 19.26708 0.04835
55889.84447 19.25924 0.05097
55891.57974 19.32094 0.05905
55891.6225 19.1192 0.04743
55893.58261 19.16582 0.0574
55893.62546 19.24269 0.05683
55894.58144 19.16794 0.06097
55898.82137 19.43463 0.09671
55899.80997 19.43508 0.12426
55902.58519 19.34695 0.11228
55902.64414 19.34143 0.10408
55903.58342 19.08761 0.08462
55903.62024 19.3434 0.09396
55904.58683 19.20571 0.08861
55906.64029 19.1127 0.07203
55916.59575 19.39211 0.07425
55916.64026 19.20856 0.052
55922.6423 19.18161 0.04773
55923.59751 19.30091 0.05859
55923.64145 19.32187 0.05231
55924.60837 19.31725 0.05312
55925.59941 19.27179 0.07291
55925.67897 19.26661 0.04939
55926.58279 19.22827 0.05473
55926.62543 19.2669 0.0517
55930.58585 19.15124 0.0774
55930.62499 19.29524 0.09575
55931.58458 19.25452 0.07998
55931.62692 19.22199 0.08131
55932.62858 19.39107 0.07942
55936.60917 19.31505 0.07216
55936.65247 19.23695 0.07398
55937.58951 19.20861 0.07479
55937.63319 19.17863 0.13305
55939.64879 19.28302 0.06218
55939.6851 19.33974 0.06515
55943.69972 19.268 0.0562
55943.74446 19.3602 0.07234
55944.64379 19.30087 0.05257
55944.67224 19.19606 0.05001
55946.63797 19.31472 0.11497
55947.59349 19.28967 0.05562
55947.63713 19.14702 0.08544
55949.64923 19.27491 0.06442
55949.6924 19.29684 0.09391
55952.60617 19.28273 0.05941
55952.64932 19.2192 0.06371
55953.59751 19.2326 0.06498
55953.64127 19.21914 0.05561
55954.64157 19.47307 0.08249
55958.67117 19.28921 0.07812
55959.64574 19.33149 0.12302
55960.64497 19.22092 0.1314
55962.61935 19.11185 0.06841
55962.69096 19.23779 0.12086
56059.98484 19.23912 0.10675
56060.97134 19.37249 0.08612
56061.96903 19.19091 0.07223
56063.96519 19.19044 0.08215
56066.96916 19.24968 0.08869
56067.96802 19.23423 0.05973
56070.97101 19.18683 0.06905
56071.95528 19.20682 0.06919
56075.93073 19.2206 0.06726
56075.96117 19.21955 0.06403
56076.96161 19.13103 0.05674
56077.97941 19.20807 0.10544
56078.92335 19.21291 0.07073
56078.95394 19.06445 0.07152
56079.91957 19.42753 0.08302
56079.94994 19.07524 0.05019
56079.97946 19.43466 0.10677
56081.9528 19.41086 0.10958
56084.95914 19.27119 0.08316
56085.9361 19.29163 0.09921
56086.9317 19.28848 0.07411
56086.96186 19.23814 0.07568
56087.95118 19.21754 0.0682
56088.93216 19.32882 0.06433
56088.96298 19.24077 0.06453
56089.90743 19.16928 0.07113
56089.9375 19.23763 0.06852
56090.89626 19.36802 0.10674
56091.93224 19.29926 0.05987
56091.96189 19.13299 0.05207
56092.88532 19.26218 0.06624
56092.91513 19.16557 0.05671
56092.94551 19.30501 0.06219
56093.91605 19.38488 0.06823
56093.95942 19.18385 0.04982
56094.8793 19.30284 0.07501
56094.90895 19.23001 0.06023
56094.93794 19.25101 0.05537
56095.89413 19.15864 0.06495
56095.92394 19.26072 0.06566
56095.95378 19.16275 0.05311
56096.8846 19.39975 0.07127
56096.91464 19.2128 0.05526
56096.94475 19.13412 0.04918
56097.90204 19.27975 0.05593
56099.86796 19.10782 0.05514
56099.8979 19.17336 0.04511
56099.92867 19.17893 0.0428
56100.87134 19.34848 0.06573
56100.9014 19.25521 0.06001
56100.93113 19.11526 0.05213
56101.86099 19.26914 0.07573
56101.89166 19.34463 0.06769
56101.92164 19.16768 0.05282
56102.85884 19.22221 0.06313
56102.88948 19.13531 0.05411
56102.91975 19.09112 0.04584
56103.85688 19.16809 0.07126
56103.89198 19.27644 0.06304
56103.92203 19.40706 0.06447
56104.89266 19.17011 0.05175
56104.92258 19.15308 0.05074
56105.87772 19.10592 0.05391
56105.90846 19.17483 0.05089
56105.93782 19.25207 0.04897
56106.84826 19.13776 0.05882
56106.87859 19.19894 0.05412
56106.90907 19.22857 0.0484
56107.87579 19.19157 0.05849
56107.90655 19.28136 0.0555
56108.86703 19.17488 0.09244
56108.89669 19.26347 0.06238
56108.92686 19.20266 0.05008
56109.93363 19.13364 0.05872
56110.89782 19.30018 0.09022
56110.92786 19.27857 0.07473
56111.91431 19.27496 0.08216
56111.94457 19.12632 0.08512
56113.8878 19.33754 0.10292
56113.93235 19.35458 0.08322
56113.96218 19.12787 0.08592
56114.87108 19.13001 0.07949
56114.92357 19.06204 0.07281
56114.95378 19.03125 0.06146
56115.85803 19.35041 0.11575
56115.88797 19.32199 0.07982
56115.9179 19.17452 0.07418
56116.90131 19.25508 0.0699
56116.93261 19.28312 0.06863
56116.96078 19.20574 0.06212
56117.86349 19.40048 0.09958
56117.89333 19.20377 0.06921
56117.92405 19.15613 0.0623
56118.82762 19.20499 0.09432
56118.85812 19.22329 0.07475
56118.8884 19.10259 0.07044
56119.81535 19.12671 0.11579
56123.80269 19.11535 0.05609
56123.8333 19.25627 0.05401
56123.86323 19.06251 0.04323
56124.8239 19.1415 0.06298
56124.85579 19.18444 0.06553
56124.90647 19.26207 0.05667
56125.83541 19.16841 0.05202
56125.8655 19.19432 0.04756
56125.89611 19.2165 0.04381
56126.79674 19.07448 0.0605
56126.85662 19.09569 0.08079
56127.81162 19.22067 0.09222
56127.84219 19.22068 0.05896
56127.87262 19.07546 0.04917
56128.8202 19.27281 0.05609
56128.8509 19.10714 0.04434
56129.81763 19.24437 0.05424
56129.84839 19.15232 0.04978
56130.78415 19.25777 0.06926
56130.81619 19.20094 0.0612
56130.84603 19.28082 0.06382
56131.81956 19.13622 0.05584
56131.84966 19.15487 0.04926
56131.87991 19.21295 0.04616
56132.81342 19.24267 0.05207
56132.85526 19.16229 0.04866
56133.77702 19.16544 0.05223
56133.80732 19.16678 0.04766
56133.83817 19.188 0.04759
56135.77548 19.2297 0.06148
56135.80558 19.2329 0.0492
56135.8357 19.09324 0.0351
56136.78168 19.32659 0.0657
56136.81139 19.20735 0.05649
56136.84105 19.36799 0.05229
56137.77719 19.07832 0.06535
56137.8165 19.20642 0.11324
56137.84943 19.25415 0.08886
56138.79423 19.11996 0.1756
56143.75013 19.30754 0.13861
56143.77946 19.07395 0.0846
56143.81202 19.35695 0.10198
56144.79078 19.02834 0.07101
56144.82138 19.20742 0.06683
56146.74205 19.27578 0.10751
56146.77217 19.2958 0.08533
56146.83591 19.2484 0.06827
56147.75046 19.19172 0.068
56147.78019 19.27102 0.07791
56147.81614 19.15697 0.06511
56148.73743 19.1794 0.05582
56148.76798 19.21205 0.05251
56148.79928 19.03123 0.05565
56151.84315 19.10438 0.03509
56151.87618 19.10633 0.03374
56151.91621 19.20544 0.03388
56164.86055 19.18994 0.03352
56164.89061 19.11428 0.03153
56164.92052 19.1236 0.03111
56165.82275 19.16801 0.04121
56165.85221 19.21433 0.03753
56165.88255 19.14788 0.03215
56166.78411 19.09899 0.04733
56166.82415 19.19561 0.04692
56166.85436 19.09132 0.04223
56167.76082 19.18729 0.05902
56167.79008 19.07461 0.04956
56167.82893 19.20088 0.04712
56168.73084 19.22212 0.07094
56168.76135 19.22583 0.06209
56168.79094 19.20535 0.06303
56169.70528 19.22614 0.10541
56169.78208 19.22147 0.08545
56170.70609 19.17701 0.10615
56170.73648 19.12573 0.09635
56170.76821 19.2639 0.09732
56176.66101 19.28111 0.08329
56176.74473 19.14102 0.05554
56176.77537 19.1658 0.0608
56177.67775 19.12686 0.04457
56177.71467 19.11373 0.04075
56177.7448 19.0942 0.0387
56178.65701 19.2697 0.06475
56178.7245 19.10329 0.0397
56178.75548 19.1221 0.03786
56189.71737 19.25045 0.05023
56189.74707 19.25309 0.04613
56194.65274 19.19786 0.06751
56194.68156 19.11211 0.05671
56194.73072 19.25471 0.04811
56195.63238 19.28114 0.07654
56195.68489 19.19158 0.07162
56195.74387 19.19745 0.05792
56196.64868 19.06146 0.06513
56196.67925 19.15164 0.06661
56196.70945 19.13383 0.06441
56197.62224 19.32484 0.10154
56197.65122 19.23093 0.08636
56197.68048 19.17473 0.07624
56198.63271 19.30866 0.09947
56198.66294 19.36293 0.11935
56198.69225 19.11403 0.0806
56202.61563 19.0648 0.09585
56202.64754 19.20853 0.10151
56202.70169 19.19431 0.08431
56207.71676 19.32524 0.06156
56207.74712 19.3146 0.18732
56207.82773 19.24885 0.08094
56224.66207 19.15986 0.05703
56224.69182 19.26454 0.06776
56225.74851 19.29847 0.06212
56225.84088 19.20383 0.06561
56227.72154 19.40594 0.08272
56227.75148 19.24404 0.09686
56228.67316 19.29132 0.07361
56228.71 19.31333 0.07759
56229.61202 19.23871 0.07748
56229.68338 19.31639 0.08396
56230.64599 19.34633 0.08872
56230.73676 19.43801 0.10319
56231.86041 19.23982 0.08372
56232.82116 19.10958 0.0632
56233.75399 19.30994 0.06626
56233.78371 19.45935 0.09546
56234.68453 19.23417 0.0535
56234.71313 19.29905 0.05779
56235.61461 19.22975 0.05076
56235.64419 19.20566 0.04181
56236.58514 19.41805 0.0718
56236.61561 19.21616 0.04619
56237.58477 19.17014 0.05413
56237.61509 19.28625 0.04588
56238.58334 19.27971 0.06341
56238.61531 19.22757 0.04602
56239.58294 19.0809 0.05391
56239.61141 19.17471 0.0438
56251.83071 19.28291 0.04765
56251.86073 19.25826 0.05208
56252.58576 19.09344 0.04665
56252.60631 19.27795 0.0499
56252.62487 19.23704 0.04941
56252.64555 19.2129 0.05224
56252.66096 19.12746 0.04581
56252.69879 19.23468 0.05002
56252.71706 19.41546 0.05423
56252.73499 19.13994 0.04376
56252.75258 19.1813 0.04977
56252.76856 19.18891 0.05565
56252.78929 19.27853 0.05854
56252.80517 19.26181 0.05657
56252.821 19.34419 0.05051
56252.83831 19.26001 0.0482
56252.85634 19.13021 0.05046
56253.58621 19.28044 0.05763
56253.60335 19.34809 0.06572
56253.62054 19.21639 0.05419
56253.63682 19.21705 0.05575
56253.6539 19.12407 0.06032
56253.6721 19.23935 0.0607
56253.70902 19.36356 0.0686
56253.7307 19.2819 0.06354
56253.75003 19.37597 0.07609
56253.78832 19.34074 0.06581
56253.8078 19.18861 0.06761
56253.82956 19.31909 0.06859
56253.85372 19.17232 0.06773
56254.74613 19.27222 0.06042
56254.77889 19.19038 0.08099
56255.68248 19.27807 0.0758
56255.7252 19.2637 0.07661
56256.62657 19.14708 0.06871
56256.6557 19.39593 0.08491
56257.58763 19.32795 0.08302
56257.64219 19.39125 0.08028
56258.58614 19.35326 0.10573
56258.61848 19.24993 0.08185
56259.59443 19.29072 0.08683
56259.62495 19.16483 0.09351
56265.629 19.22962 0.04286
56265.6592 19.31414 0.0584
56266.58222 19.35302 0.06941
56267.58751 19.24758 0.0436
56267.61751 19.18832 0.04488
56268.59364 19.21554 0.03863
56268.62314 19.22186 0.04242
56269.58319 19.38395 0.04812
56269.58435 19.28285 0.04138
56269.58546 19.28538 0.04213
56269.58657 19.18102 0.03901
56269.58771 19.26762 0.04338
56269.58893 19.30743 0.04409
56269.59006 19.24689 0.04099
56269.59133 19.20951 0.04254
56269.59245 19.305 0.04192
56269.59364 19.23213 0.04015
56269.59478 19.23678 0.03862
56269.596 19.2655 0.03865
56269.59713 19.25109 0.03983
56269.59843 19.20697 0.03932
56269.59956 19.20988 0.04018
56269.60977 19.19724 0.04133
56269.61093 19.23097 0.04373
56269.6121 19.18324 0.04132
56269.61321 19.25823 0.04095
56269.61434 19.20094 0.04119
56269.61547 19.25339 0.04066
56269.61659 19.27811 0.0437
56269.61773 19.27508 0.04301
56269.61884 19.21013 0.03899
56269.61995 19.19258 0.04122
56269.62115 19.29674 0.04523
56269.6223 19.25381 0.04272
56269.62343 19.26819 0.04254
56269.62457 19.25086 0.0394
56269.62569 19.23647 0.03884
56269.62688 19.21243 0.03962
56269.628 19.21966 0.04001
56269.6375 19.29494 0.04412
56269.63881 19.25585 0.04245
56269.64001 19.24405 0.04043
56269.64114 19.20529 0.03954
56269.64226 19.22974 0.03929
56269.64337 19.30571 0.04124
56269.6445 19.25919 0.0397
56269.64562 19.17458 0.03906
56269.64675 19.28879 0.03973
56269.64789 19.2441 0.04046
56269.64905 19.18889 0.03872
56269.65017 19.26564 0.03808
56269.65129 19.28406 0.0371
56269.65247 19.24296 0.04192
56269.65359 19.15782 0.04036
56269.65698 19.20228 0.03762
56269.66055 19.24906 0.03984
56269.66167 19.29857 0.04322
56269.66279 19.21415 0.04084
56269.66393 19.29112 0.03906
56269.66595 19.18269 0.03845
56269.66717 19.21355 0.03919
56269.66829 19.20535 0.03651
56269.66952 19.24685 0.03759
56269.67064 19.21721 0.0381
56269.67184 19.26135 0.03723
56269.673 19.21441 0.03875
56269.67412 19.25699 0.03803
56269.67533 19.25173 0.04103
56269.67646 19.21823 0.03966
56269.6776 19.14946 0.0367
56269.67883 19.20415 0.03917
56269.67997 19.21716 0.03893
56269.6812 19.22703 0.03773
56269.68232 19.23699 0.03884
56269.68343 19.20737 0.03795
56269.68473 19.25412 0.03957
56269.68592 19.135 0.03787
56269.68705 19.22852 0.03907
56269.68816 19.20453 0.03818
56269.68929 19.26197 0.04001
56269.69041 19.25258 0.04104
56269.69157 19.21344 0.03825
56269.69269 19.23456 0.03901
56269.69383 19.17568 0.03856
56269.69496 19.2169 0.03982
56269.69608 19.22621 0.03883
56269.69898 19.28547 0.03853
56269.70011 19.24082 0.03874
56269.70126 19.29078 0.03789
56269.70241 19.27151 0.03985
56269.70357 19.29529 0.04064
56269.70468 19.36086 0.04135
56269.70581 19.23841 0.0388
56269.70705 19.22598 0.03923
56269.70816 19.26198 0.03866
56269.70937 19.31512 0.03955
56269.7105 19.29642 0.03981
56269.71167 19.20283 0.03815
56269.7128 19.13864 0.03828
56269.71403 19.23824 0.03704
56269.71516 19.23776 0.03864
56269.7163 19.23447 0.0385
56269.72641 19.25845 0.04243
56269.72763 19.30856 0.03899
56269.72875 19.27772 0.04068
56269.72987 19.25915 0.03823
56269.731 19.23476 0.03832
56269.73213 19.26601 0.03941
56269.73326 19.25407 0.03903
56269.73438 19.30895 0.04272
56269.73557 19.25837 0.04431
56269.73682 19.21148 0.04034
56269.73796 19.16279 0.03937
56269.73911 19.25904 0.04001
56269.74036 19.25074 0.04054
56269.74147 19.26901 0.03769
56269.74272 19.19301 0.03999
56269.74391 19.19146 0.0385
56269.74502 19.22042 0.03973
56269.7462 19.34013 0.04215
56269.74734 19.26389 0.03964
56269.74846 19.26021 0.04193
56269.74961 19.23577 0.04195
56269.75074 19.2801 0.04192
56269.75201 19.27522 0.0426
56269.75316 19.23943 0.04133
56269.75429 19.30179 0.03927
56269.75553 19.28671 0.04233
56269.75665 19.24555 0.04082
56269.75779 19.28025 0.04392
56269.75895 19.29354 0.04258
56269.76008 19.19171 0.03901
56269.76123 19.28884 0.04581
56269.76235 19.27615 0.04531
56269.76348 19.2204 0.04321
56269.76459 19.25627 0.04341
56269.76573 19.19503 0.04478
56269.78036 19.30169 0.05088
56269.78151 19.31464 0.04503
56269.78271 19.1914 0.0435
56269.78391 19.3086 0.0447
56269.78511 19.25089 0.04429
56269.78751 19.35487 0.04568
56269.78876 19.25101 0.04189
56269.78989 19.29958 0.0458
56269.79108 19.20093 0.04386
56269.79227 19.29476 0.0449
56269.79356 19.29879 0.04433
56269.79478 19.26063 0.042
56269.7959 19.21396 0.04246
56269.79701 19.26128 0.04525
56269.79816 19.191 0.04285
56269.79928 19.20728 0.04346
56269.80041 19.36264 0.04759
56269.80156 19.28445 0.0447
56269.80276 19.24039 0.04303
56269.80404 19.25619 0.04271
56269.80517 19.24044 0.04426
56269.80638 19.26844 0.04633
56269.80752 19.25928 0.04414
56269.80866 19.29584 0.04688
56270.57931 19.1645 0.04514
56270.58058 19.29875 0.04516
56270.58188 19.22978 0.04068
56270.58305 19.22854 0.04073
56270.58429 19.27143 0.03915
56270.58556 19.23783 0.03991
56270.58671 19.30878 0.04307
56270.58798 19.305 0.04003
56270.58926 19.24591 0.03877
56270.59051 19.28795 0.04079
56270.59176 19.20155 0.03871
56270.59301 19.22565 0.03786
56270.59588 19.19066 0.03656
56270.59719 19.20294 0.0373
56270.59846 19.24955 0.0387
56270.59973 19.25536 0.03733
56270.60101 19.20512 0.03827
56270.60229 19.24711 0.03713
56270.60361 19.33336 0.04
56270.60484 19.20369 0.03725
56270.60617 19.22914 0.03965
56270.60733 19.19083 0.03843
56270.60868 19.23593 0.03756
56270.60993 19.20155 0.03803
56270.61121 19.23012 0.03745
56270.61244 19.30564 0.04045
56270.61368 19.27073 0.03841
56270.61481 19.2314 0.03859
56270.61593 19.1901 0.03796
56270.61713 19.19723 0.0366
56270.61835 19.22824 0.0376
56270.61963 19.18698 0.03556
56270.62082 19.144 0.03543
56270.62212 19.25563 0.03761
56270.62324 19.20377 0.03517
56270.62438 19.2151 0.03834
56270.6255 19.21312 0.03777
56270.62668 19.33304 0.04148
56270.62781 19.23366 0.03984
56270.62895 19.26163 0.03772
56270.63017 19.20231 0.03718
56270.6313 19.27002 0.03872
56270.63259 19.29545 0.03793
56270.63372 19.23468 0.0376
56270.63484 19.28695 0.03682
56270.64581 19.16042 0.03731
56270.64713 19.20113 0.03697
56270.64825 19.24951 0.03907
56270.6495 19.22283 0.03588
56270.65082 19.27446 0.03806
56270.65222 19.28159 0.03997
56270.65336 19.1929 0.03691
56270.6545 19.2645 0.03861
56270.65562 19.29889 0.03738
56270.65697 19.23371 0.03777
56270.65832 19.17569 0.0389
56270.65959 19.13964 0.03699
56270.66092 19.15021 0.03699
56270.66217 19.26903 0.0378
56270.66351 19.20814 0.03686
56270.66477 19.23 0.03838
56270.67891 19.15097 0.03841
56270.68008 19.24683 0.03741
56270.68122 19.24539 0.0371
56270.68243 19.22066 0.03644
56270.68382 19.3112 0.04107
56270.68508 19.26123 0.0362
56270.68653 19.23898 0.03862
56270.68784 19.21898 0.03593
56270.68912 19.23738 0.0386
56270.69114 19.23112 0.03838
56270.69232 19.32659 0.03988
56270.69365 19.26353 0.03875
56270.6948 19.19534 0.03745
56270.69617 19.22395 0.03762
56270.69746 19.25252 0.03842
56270.6986 19.23602 0.0378
56270.6999 19.23394 0.03818
56270.70121 19.21894 0.03779
56270.70235 19.28713 0.03866
56270.70349 19.21201 0.03759
56270.70482 19.18196 0.03679
56270.70613 19.21478 0.03806
56270.70726 19.24444 0.03735
56270.7086 19.27773 0.03831
56270.70972 19.22095 0.03802
56270.71103 19.25404 0.03918
56270.71235 19.21636 0.03792
56270.71347 19.2302 0.03858
56270.71481 19.27585 0.03772
56270.71608 19.24444 0.03768
56270.71722 19.14348 0.0361
56270.71853 19.31363 0.03823
56270.71967 19.21739 0.03818
56270.72098 19.28675 0.04128
56270.72302 19.26886 0.03964
56270.72439 19.23023 0.0376
56270.72553 19.16709 0.03774
56270.72665 19.20673 0.03676
56270.72793 19.28676 0.04009
56270.72927 19.28258 0.03691
56270.73043 19.23558 0.03782
56270.73161 19.2881 0.03716
56270.73292 19.18613 0.03717
56270.73506 19.30513 0.03944
56270.73622 19.13902 0.03627
56270.73753 19.34861 0.04124
56270.73887 19.2959 0.03995
56270.74001 19.28651 0.03966
56270.74126 19.20836 0.03723
56270.7424 19.18224 0.03737
56270.74369 19.27878 0.04125
56270.74498 19.16212 0.03748
56270.74609 19.21335 0.0408
56270.74744 19.25627 0.03865
56270.7486 19.24696 0.04153
56270.74995 19.28275 0.03886
56270.75121 19.23548 0.04279
56270.75241 19.34653 0.04294
56270.75372 19.21636 0.03999
56270.75502 19.1415 0.03936
56270.75706 19.22878 0.03807
56270.75826 19.27451 0.03975
56270.75948 19.23413 0.04036
56270.76078 19.24447 0.04253
56270.76208 19.23863 0.04231
56270.77223 19.16324 0.04244
56270.77464 19.23022 0.04089
56270.77775 19.25517 0.04086
56270.77887 19.22803 0.04143
56270.78012 19.22759 0.03907
56270.78147 19.32295 0.04412
56270.78273 19.31892 0.04515
56270.784 19.31484 0.04232
56270.78526 19.25629 0.04249
56270.78661 19.25961 0.04418
56270.78776 19.16327 0.04143
56270.7891 19.37075 0.04813
56270.79021 19.33091 0.04471
56270.79151 19.27957 0.04177
56270.7928 19.33208 0.04576
56270.79391 19.16811 0.04229
56270.79508 19.2262 0.04294
56270.79619 19.23021 0.04306
56270.7975 19.29909 0.04464
56270.79862 19.20404 0.04298
56270.79991 19.25061 0.04395
56270.80111 19.23351 0.04252
56270.80249 19.24756 0.04412
56270.80509 19.31455 0.04651
56270.80715 19.33212 0.04435
56270.80837 19.23422 0.04374
56270.80963 19.18709 0.04532
56271.71236 19.32373 0.05251
56271.74462 19.39272 0.05523
56272.64495 19.2866 0.04871
56272.7082 19.4122 0.05404
56273.60993 19.22256 0.04673
56273.63946 19.37351 0.05413
56282.58095 19.36426 0.06597
56282.61036 19.37894 0.0646
56282.62819 19.22368 0.06443
56297.58897 19.29721 0.04991
56297.59019 19.26521 0.04322
56297.5937 19.36531 0.04624
56297.59722 19.22106 0.04343
56297.59904 19.29243 0.04121
56297.60164 19.24905 0.04334
56297.60284 19.24275 0.04224
56297.6053 19.25953 0.0439
56297.61734 19.31367 0.04872
56297.61965 19.33131 0.04876
56297.62198 19.31445 0.04304
56297.62474 19.33218 0.04383
56297.62597 19.25477 0.04296
56297.62818 19.29174 0.04536
56297.63051 19.17624 0.04546
56297.63246 19.30646 0.0477
56297.6337 19.28773 0.0489
56297.63597 19.35491 0.04739
56297.63722 19.35555 0.0473
56297.63944 19.33913 0.05093
56297.64162 19.32235 0.04802
56297.64281 19.24804 0.04512
56297.64393 19.35057 0.04382
56297.64612 19.17658 0.04573
56297.64742 19.34089 0.04661
56297.64964 19.24846 0.04392
56297.65084 19.18733 0.04255
56297.65434 19.29637 0.04691
56297.65811 19.29816 0.0451
56297.65988 19.28816 0.04577
56297.66121 19.27563 0.0463
56297.66483 19.41722 0.05048
56297.66714 19.29351 0.04616
56297.67315 19.3421 0.04691
56297.67547 19.27208 0.048
56297.67675 19.31089 0.04881
56297.67954 19.26266 0.04601
56297.68076 19.30719 0.04676
56297.6819 19.17821 0.04545
56297.68325 19.3326 0.04823
56297.68541 19.32893 0.04912
56297.68786 19.22652 0.04687
56297.69171 19.34366 0.04543
56297.69635 19.18543 0.04461
56297.69767 19.26486 0.04384
56297.70113 19.2876 0.04754
56297.70743 19.33672 0.04915
56297.71084 19.32318 0.05112
56297.71401 19.28181 0.04854
56297.71668 19.33175 0.05342
56297.7179 19.24184 0.04822
56297.72049 19.28173 0.05111
56297.72327 19.37103 0.05304
56297.72448 19.29764 0.0508
56297.72584 19.25137 0.0492
56297.72772 19.26947 0.04709
56297.72894 19.34847 0.0518
56297.74317 19.38997 0.05948
56297.74683 19.43726 0.05969
56297.74996 19.27185 0.05192
56297.75123 19.14951 0.05294
56297.75493 19.38221 0.0518
56297.75709 19.35758 0.05581
56297.7583 19.31034 0.05901
56297.76047 19.30514 0.06178
56297.76167 19.33088 0.05277
56297.76388 19.27929 0.05505
56297.76506 19.19076 0.05343
56297.76834 19.3359 0.05653
56297.77069 19.21345 0.05175
56297.77185 19.24541 0.0563
56297.77383 19.15835 0.05376
56297.79199 19.34631 0.06721
56297.79318 19.30779 0.06197
56297.79645 19.2041 0.06128
56297.79838 19.24902 0.07238
56297.79953 19.26764 0.06467
56297.80077 19.40807 0.07783
56297.80192 19.39346 0.0734
56297.80312 19.13682 0.06643
56297.80437 19.35463 0.07461
56297.80564 19.2821 0.07025
56297.80864 19.30527 0.06732
56298.58895 19.3187 0.07403
56298.59013 19.37245 0.06348
56298.59354 19.40295 0.08445
56298.60089 19.42463 0.09708
56298.6021 19.283 0.07879
56298.60332 19.23677 0.08688
56298.60466 19.25237 0.0819
56298.60823 19.4177 0.09239
56298.61034 19.2501 0.07971
56298.61272 19.43571 0.09496
56298.61595 19.34655 0.06097
56298.61811 19.33975 0.05445
56298.62047 19.34764 0.0612
56298.62171 19.3508 0.07193
56298.62426 19.34874 0.05726
56298.62643 19.43721 0.06806
56298.62762 19.41237 0.0783
56298.63219 19.32259 0.05793
56298.63687 19.37208 0.0636
56298.63807 19.41831 0.07214
56298.63935 19.33852 0.06737
56298.64364 19.26045 0.05038
56298.64578 19.4238 0.05903
56298.64695 19.33414 0.06299
56298.6481 19.20511 0.05355
56298.65082 19.3179 0.05533
56298.65294 19.31737 0.05209
56298.65509 19.34471 0.04687
56298.65745 19.30095 0.07947
56298.65865 19.31224 0.04973
56298.66081 19.18237 0.04515
56298.66198 19.31327 0.04493
56298.66411 19.3646 0.0566
56298.66639 19.2808 0.04659
56298.6699 19.22289 0.04664
56298.68256 19.37201 0.05861
56298.68492 19.27556 0.06632
56298.68729 19.29413 0.08642
56298.68852 19.34658 0.10348
56298.6908 19.38 0.1788
56301.59099 19.21448 0.04677
56302.5927 19.30452 0.13614
56302.62153 19.32027 0.06288
56305.59416 19.29052 0.04632
56305.62276 19.34933 0.04667
56307.60089 19.52407 0.08644
56307.63151 19.36664 0.0595
56308.60019 19.3971 0.06459
56310.60466 19.32226 0.06597
56310.63503 19.34709 0.06658
56311.59823 19.34385 0.061
56311.62777 19.33397 0.07612
56313.60478 19.25475 0.06623
56314.61498 19.46029 0.07201
56314.64504 19.44719 0.09192
56322.60046 19.51887 0.08181
56323.59943 19.34113 0.05441
56323.60059 19.22874 0.04973
56323.60172 19.41012 0.05191
56323.60284 19.26104 0.04507
56323.60396 19.24544 0.0455
56323.60508 19.32202 0.05019
56323.60621 19.29835 0.04781
56323.60734 19.28416 0.04504
56323.60846 19.39013 0.05019
56323.60959 19.31358 0.04893
56323.61071 19.32725 0.04827
56323.61183 19.18227 0.04616
56323.61297 19.33119 0.0494
56323.61409 19.35399 0.0495
56323.61521 19.34637 0.04926
56323.61635 19.34674 0.04699
56323.61747 19.28473 0.04773
56323.61859 19.30581 0.04768
56323.61971 19.2508 0.04442
56323.62085 19.38522 0.0476
56323.62197 19.20251 0.04444
56323.62309 19.36772 0.05039
56323.62423 19.3298 0.05199
56323.62535 19.3427 0.04943
56323.62647 19.30664 0.04882
56323.62759 19.20226 0.04731
56323.62872 19.29999 0.0486
56323.62985 19.3298 0.04681
56323.63097 19.25011 0.0486
56323.6321 19.34508 0.04972
56323.63322 19.34772 0.04886
56323.63435 19.35451 0.04908
56323.63549 19.25225 0.05058
56323.63661 19.31567 0.04867
56323.63773 19.3333 0.04851
56323.63887 19.36536 0.05329
56323.63999 19.3177 0.05011
56323.64112 19.19981 0.04545
56323.64225 19.3293 0.04655
56323.64338 19.27423 0.04882
56323.6445 19.2918 0.0494
56323.64563 19.2457 0.05219
56323.64676 19.29132 0.04941
56323.64789 19.31878 0.0498
56323.64902 19.3604 0.04845
56323.65014 19.28004 0.04861
56323.65127 19.48209 0.05829
56323.6524 19.34108 0.04934
56323.65352 19.24728 0.04755
56323.65465 19.32048 0.04741
56323.65577 19.19108 0.05199
56323.65691 19.33818 0.05098
56323.65803 19.3465 0.05029
56323.65917 19.36378 0.04881
56323.66029 19.24309 0.0536
56323.66142 19.34059 0.05858
56323.66255 19.38426 0.05865
56323.66367 19.35423 0.05629
56323.6648 19.24181 0.0541
56323.66594 19.24331 0.05019
56323.66706 19.34076 0.05747
56323.66819 19.37786 0.06253
56323.66932 19.35311 0.06672
56323.67045 19.35592 0.05686
56323.67158 19.39344 0.0583
56323.67271 19.23415 0.0581
56323.67384 19.36751 0.05967
56323.67496 19.32967 0.05603
56323.67613 19.48064 0.06281
56323.67725 19.46978 0.06414
56323.67838 19.21389 0.05805
56323.67951 19.33043 0.05539
56323.68065 19.36253 0.05744
56323.68177 19.2387 0.05824
56323.6829 19.35999 0.06175
56323.68402 19.38244 0.05971
56323.68516 19.48295 0.06734
56323.68628 19.34028 0.05825
56323.68742 19.38553 0.06688
56323.68855 19.28458 0.05653
56323.68967 19.2465 0.05872
56323.69081 19.2594 0.05814
56323.69194 19.40262 0.06261
56323.69306 19.30727 0.06351
56323.69532 19.41767 0.07023
56323.69644 19.33189 0.06505
56323.6987 19.43994 0.08503
56323.69982 19.52863 0.07408
56323.70094 19.49361 0.07617
56323.70208 19.39488 0.06805
56323.70434 19.37474 0.07726
56323.70546 19.43289 0.08598
56323.70659 19.45186 0.07653
56323.70772 19.49872 0.10318
56323.71001 19.2777 0.08178
56323.71114 19.34454 0.1074
56323.71226 19.44992 0.09893
56323.7134 19.48919 0.09247
56323.72017 19.47173 0.10336
56323.7213 19.48558 0.11157
56323.72468 19.36018 0.10737
56323.72582 19.30238 0.11799
56323.72808 19.43368 0.11263
56323.73259 19.26496 0.10548
56323.73485 19.13785 0.12066
56324.6344 19.26081 0.05299
56324.67356 19.38929 0.05682
56328.60109 19.29637 0.0654
56328.63041 19.25986 0.05082
56329.6158 19.35251 0.08119
56330.60568 19.25331 0.05433
56330.63442 19.35126 0.06068
56336.6347 19.47025 0.07142
56337.61678 19.27156 0.05809
56337.646 19.31503 0.05928
56340.62168 19.40614 0.07284
56340.65261 19.22973 0.07277
56341.63432 19.40836 0.07975
56342.64414 19.43629 0.10719
56432.97832 19.33076 0.10516
56433.97522 19.33875 0.07531
56440.95678 19.49141 0.10458
56441.9545 19.48391 0.12819
56442.95121 19.54417 0.1159
56443.94843 19.35699 0.06995
56444.94545 19.39326 0.11112
56446.9404 19.27308 0.06022
56446.9746 19.50629 0.07571
56447.93827 19.24621 0.05152
56447.97245 19.53223 0.0838
56448.93551 19.36998 0.05383
56448.97043 19.42518 0.06781
56449.9322 19.38842 0.05311
56449.96744 19.21862 0.04959
56450.93056 19.34989 0.0517
56450.96471 19.37374 0.05862
56451.92757 19.38343 0.06196
56451.96268 19.4386 0.05994
56452.92487 19.30105 0.0513
56452.95905 19.33717 0.04571
56453.9223 19.3973 0.06316
56453.95718 19.46284 0.06594
56454.91904 19.33728 0.05759
56454.9531 19.36543 0.04913
56455.91706 19.30034 0.05341
56455.95123 19.29623 0.05
56456.91361 19.40289 0.05489
56457.91086 19.44252 0.05978
56457.9457 19.29272 0.04912
56458.90893 19.38762 0.05053
56458.94334 19.3474 0.04847
56459.90596 19.31511 0.05108
56459.94092 19.44485 0.04909
56460.9034 19.37191 0.05681
56460.93791 19.27243 0.04269
56461.90107 19.3793 0.05581
56461.93811 19.39373 0.05021
56462.89824 19.253 0.06003
56462.93439 19.51751 0.0612
56463.89576 19.3432 0.08571
56463.93218 19.35198 0.04551
56469.91685 19.35402 0.06853
56471.87375 19.34494 0.08517
56473.90477 19.47768 0.09421
56475.86334 19.42706 0.09194
56475.9008 19.56275 0.08775
56476.86102 19.37105 0.07785
56476.89765 19.3829 0.09061
56477.85777 19.44713 0.09913
56485.83631 19.3176 0.05404
56486.83403 19.35195 0.05494
56486.87106 19.37028 0.04742
56488.83006 19.34007 0.05851
56488.86647 19.3099 0.04764
56489.82698 19.39414 0.06024
56489.86366 19.36125 0.05111
56491.82149 19.36339 0.15696
56498.802 19.53646 0.10231
56498.83888 19.45902 0.10851
56502.79167 19.34975 0.06106
56502.82864 19.39512 0.06222
56503.78903 19.26175 0.04956
56503.82769 19.35817 0.05095
56504.82017 19.37332 0.05622
56504.86992 19.35131 0.04746
56504.90811 19.35918 0.04782
56505.9509 19.37184 0.04794
56505.98842 19.33154 0.05914
56506.89349 19.42223 0.05931
56507.80198 19.36658 0.05252
56507.84712 19.28405 0.04591
56507.99891 19.45771 0.05145
56508.90167 19.33155 0.04033
56509.79634 19.30873 0.04901
56509.83877 19.29378 0.0423
56510.8262 19.29053 0.04096
56511.79111 19.36764 0.04835
56511.84089 19.4494 0.04701
56512.78788 19.32318 0.05179
56512.82519 19.34248 0.04554
56513.78624 19.28418 0.04459
56513.82352 19.37774 0.04384
56514.7834 19.32762 0.047
56514.82081 19.33318 0.04187
56515.78106 19.40196 0.05111
56515.82231 19.35282 0.04401
56516.77774 19.48202 0.05178
56516.81437 19.32321 0.04043
56517.77605 19.36645 0.0526
56517.81715 19.33136 0.04157
56517.97309 19.3464 0.04226
56518.87478 19.32207 0.03992
56518.96686 19.41488 0.0414
56519.00311 19.34257 0.04293
56519.90443 19.34481 0.03993
56519.96504 19.2469 0.03427
56520.00171 19.43312 0.04621
56520.90327 19.24364 0.03931
56520.95521 19.3102 0.04081
56520.99262 19.23902 0.03991
56521.89446 19.32923 0.04194
56521.95772 19.27736 0.04173
56521.99393 19.35095 0.04176
56527.80142 19.43085 0.12023
56528.72198 19.3921 0.10636
56528.87422 19.50369 0.09272
56529.90241 19.53685 0.08006
56529.93849 19.24401 0.07304
56532.71221 19.45924 0.05471
56532.85928 19.32758 0.04793
56532.89645 19.31919 0.04524
56533.79895 19.27698 0.04524
56533.93493 19.36876 0.04881
56533.97228 19.3776 0.05002
56537.84525 19.25386 0.03547
56537.9874 19.31566 0.04027
56539.69386 19.32628 0.06001
56539.88447 19.34043 0.03919
56539.9215 19.30045 0.04015
56540.97669 19.38201 0.04319
56541.6883 19.37983 0.0584
56542.96698 19.42275 0.04626
56543.00294 19.40946 0.05156
56543.90463 19.35105 0.0427
56543.97085 19.37131 0.04413
56544.00787 19.33824 0.04682
56546.67441 19.47937 0.06359
56546.75907 19.30964 0.06806
56546.94639 19.34475 0.04101
56547.84788 19.34668 0.04631
56548.0057 19.41538 0.04978
56548.66959 19.35568 0.08158
56548.70582 19.31533 0.06741
56548.74172 19.40237 0.05909
56549.66591 19.40889 0.0682
56549.70273 19.41376 0.06629
56549.73967 19.25586 0.05282
56550.66388 19.38883 0.09579
56550.6994 19.30015 0.07457
56550.73216 19.35912 0.06817
56551.66063 19.31452 0.09281
56551.72202 19.40072 0.08311
56551.75862 19.37524 0.06731
56552.66117 19.35539 0.08877
56552.71291 19.41232 0.09372
56552.74635 19.48532 0.08759
56561.66061 19.40109 0.05365
56561.89034 19.56335 0.06558
56561.92356 19.334 0.05993
56562.93459 19.38282 0.05556
56563.02169 19.40146 0.08275
56563.6524 19.4023 0.05549
56563.6893 19.33556 0.05747
56563.77494 19.37308 0.04629
56564.72602 19.38319 0.04944
56564.99301 19.43368 0.05259
56565.02672 19.42958 0.06255
56565.92832 19.31202 0.04702
56565.98151 19.33937 0.0494
56566.01544 19.34755 0.0565
56566.91724 19.34806 0.04659
56566.96287 19.37835 0.04979
56566.99591 19.33244 0.0501
56567.8986 19.43731 0.04276
56567.96702 19.33152 0.04175
56568.00039 19.40148 0.04744
56568.90245 19.38692 0.03993
56568.96343 19.49858 0.04726
56568.99843 19.40802 0.05539
56569.90084 19.46983 0.05214
56569.99803 19.33829 0.06132
56570.03082 19.42921 0.07812
56571.69052 19.49599 0.07327
56572.62632 19.44935 0.06687
56572.66032 19.24388 0.05191
56572.69287 19.30623 0.06716
56573.61429 19.3008 0.07597
56573.64765 19.29511 0.04939
56573.77817 19.41237 0.04664
56576.83948 19.33218 0.04125
56577.00541 19.31893 0.05464
56577.60601 19.60059 0.085
56577.63144 19.44442 0.07728
56577.77306 19.43528 0.0556
56578.67217 19.44297 0.07679
56578.69674 19.32514 0.05864
56578.75347 19.35152 0.05642
56579.73584 19.41189 0.06498
56579.85963 19.36302 0.0641
56579.88516 19.43378 0.06608
56580.7875 19.46415 0.07008
56580.8553 19.32243 0.07043
56580.88022 19.48821 0.07843
56581.78167 19.53279 0.10527
56581.83883 19.57874 0.11489
56587.62864 19.37791 0.05229
56587.78993 19.3912 0.06375
56587.81475 19.45868 0.0658
56588.71625 19.30991 0.09599
56588.86644 19.28329 0.09462
56588.89281 19.37358 0.09224
56589.79481 19.32003 0.04904
56589.81959 19.42905 0.05379
56589.84642 19.38928 0.05651
56590.76387 19.4674 0.05267
56590.8749 19.43061 0.05837
56590.89969 19.37811 0.05511
56591.80204 19.46688 0.08397
56591.86057 19.47462 0.05148
56591.88508 19.51517 0.05813
56592.81972 19.32611 0.04269
56592.91348 19.45248 0.05859
56592.93852 19.42369 0.06081
56596.59731 19.46482 0.05979
56596.81771 19.5306 0.06583
56596.84238 19.53313 0.05992
56597.74425 19.53734 0.05702
56597.82393 19.32472 0.05935
56597.84943 19.52113 0.07022
56598.75163 19.48966 0.05492
56598.82179 19.32143 0.05888
56598.84855 19.3295 0.05556
56599.75014 19.4039 0.04406
56599.79577 19.28603 0.04357
56599.82112 19.46978 0.05263
56600.77441 19.39601 0.04501
56600.8753 19.35426 0.05051
56602.59024 19.54362 0.07413
56603.68227 19.46742 0.0571
56603.74296 19.34008 0.05642
56603.81581 19.43421 0.05099
56604.73691 19.3846 0.05273
56604.92616 19.47372 0.06482
56605.64733 19.44296 0.05052
56605.67213 19.33147 0.0477
56606.58401 19.35374 0.14628
56606.60932 19.34011 0.07065
56607.82225 19.51451 0.07296
56607.84927 19.502 0.0563
56608.75086 19.46742 0.07091
56608.81398 19.53936 0.07217
56608.84048 19.63045 0.10473
56609.8617 19.57685 0.07697
56609.88847 19.41491 0.09078
56621.79766 19.56666 0.06354
56622.58588 19.44496 0.05611
56623.58717 19.37166 0.06609
56624.57999 19.28048 0.05793
56624.60429 19.34969 0.04913
56625.70494 19.37174 0.05084
56625.74386 19.40198 0.05079
56626.64578 19.42583 0.0502
56626.67007 19.38309 0.0485
56628.73144 19.3884 0.05343
56628.76212 19.47985 0.05951
56637.58042 19.33153 0.07046
56637.60549 19.456 0.0802
56639.58002 19.58058 0.11866
56639.60438 19.39547 0.07655
56640.58279 19.44338 0.08608
56640.61699 19.61695 0.14011
56648.61266 19.48466 0.08094
56658.58519 19.34841 0.04928
56658.62914 19.42944 0.04969
56659.58605 19.31046 0.04792
56659.61086 19.38316 0.04803
56660.58569 19.3438 0.05366
56660.61029 19.33242 0.04903
56662.58587 19.43886 0.06077
56663.59143 19.42694 0.0557
56663.6171 19.34564 0.05053
56664.58594 19.27037 0.14187
56664.6104 19.32443 0.08467
56668.58721 19.44636 0.09895
56668.61177 19.43341 0.07393
56669.61423 19.33242 0.08997
56675.5969 19.29737 0.04638
56675.6459 19.41328 0.07095
56676.59181 19.43458 0.0639
56676.61781 19.3515 0.05682
56678.61458 19.35311 0.05191
56678.64019 19.32252 0.05322
56680.60724 19.42617 0.05795
56683.59693 19.42433 0.05544
56683.63252 19.38883 0.05107
56685.59847 19.47711 0.10364
56685.6471 19.45214 0.08337
56687.59886 19.42901 0.06177
56687.64144 19.27812 0.0548
56690.60286 19.37777 0.07508
56690.64549 19.59696 0.07978
56697.60505 19.29972 0.07125
56816.96412 19.26898 0.05195
56816.97531 19.31311 0.06754
56818.96227 19.27028 0.0432
56818.97512 19.29577 0.06979
56819.97765 19.32288 0.106
56820.96625 19.37121 0.09378
56822.96143 19.45743 0.08622
56822.97681 19.41654 0.12351
56823.96094 19.3883 0.0873
56824.97573 19.38237 0.0767
56825.96455 19.40782 0.06951
56826.96127 19.43037 0.06973
56826.97472 19.31963 0.09206
56828.9654 19.25952 0.0561
56828.97804 19.3448 0.0793
56829.96383 19.30491 0.05064
56829.97653 19.26242 0.05831
56830.96102 19.34775 0.04951
56830.97338 19.28529 0.05143
56831.96161 19.31686 0.04204
56831.97427 19.25873 0.05
56833.96568 19.33906 0.04406
56833.97644 19.3628 0.06224
56835.96569 19.34159 0.04753
56835.97723 19.44198 0.07109
56836.96625 19.31139 0.04154
56836.97711 19.32439 0.05692
56837.96638 19.26774 0.03948
56837.98211 19.31791 0.07713
56838.96389 19.30674 0.03967
56838.9786 19.25645 0.0559
56839.96511 19.23573 0.0392
56839.97834 19.33769 0.0535
56840.96951 19.23801 0.04238
56840.98137 19.17704 0.06033
56841.96857 19.21528 0.04195
56841.98075 19.41689 0.0654
56844.96636 19.4264 0.0474
56844.97887 19.26776 0.05057
56845.96726 19.22059 0.03766
56845.98002 19.2938 0.04505
56846.96666 19.22038 0.03811
56846.98115 19.2889 0.04421
56847.96648 19.24445 0.0382
56847.98151 19.30823 0.04299
56848.96743 19.25935 0.03723
56848.98312 19.30567 0.05237
56849.96813 19.29203 0.06123
56849.98235 19.28376 0.06362
56850.98368 19.28355 0.10551
56851.97048 19.26361 0.06851
56851.98675 19.27996 0.07215
56854.96165 19.2782 0.05727
56854.98771 19.26791 0.06332
56855.96071 19.3112 0.05552
56855.98393 19.3166 0.05712
56856.96087 19.342 0.07413
56856.98328 19.3721 0.06635
56858.96243 19.32231 0.04533
56858.98507 19.42072 0.05132
56859.96515 19.34824 0.03783
56859.98697 19.36614 0.04909
56861.96231 19.30564 0.03875
56861.98508 19.35196 0.04215
56862.9659 19.21758 0.03949
56862.98227 19.30101 0.04151
56863.94981 19.25504 0.03616
56864.94576 19.23266 0.04286
56864.96947 19.30119 0.04897
56865.92975 19.23648 0.04157
56865.96089 19.2761 0.03812
56867.98799 19.20472 0.04011
56868.96536 19.23841 0.03709
56868.98567 19.28722 0.04155
56869.96092 19.2084 0.04032
56869.98231 19.28123 0.03771
56870.96467 19.3008 0.03617
56870.98635 19.19001 0.03676
56874.97428 19.26267 0.03654
56874.99622 19.21412 0.03923
56875.98151 19.21879 0.04002
56875.99752 19.30987 0.04667
56876.91773 19.27044 0.03577
56876.94717 19.12698 0.03215
56877.9745 19.24881 0.03641
56877.9957 19.27025 0.04006
56878.00741 19.36979 0.07503
56878.9086 19.25871 0.05951
56878.93847 19.28119 0.05934
56879.92838 19.26413 0.06888
56879.95816 19.41035 0.07114
56880.9882 19.43351 0.09043
56882.96877 19.30966 0.09833
56882.98848 19.27027 0.09311
56883.9421 19.2809 0.0641
56883.98158 19.29943 0.05888
56884.99956 19.40116 0.06383
56885.96448 19.3317 0.04964
56885.98159 19.33397 0.05196
56886.91453 19.37784 0.04579
56886.94264 19.26975 0.04459
56887.91623 19.2702 0.04233
56887.94902 19.30108 0.04199
56888.86519 19.25721 0.03605
56888.89905 19.26215 0.03569
56888.91008 19.31787 0.03789
56888.94196 19.2518 0.03703
56890.94091 19.25661 0.03816
56890.97479 19.25689 0.03988
56895.83087 19.31098 0.05077
56895.86667 19.27177 0.04656
56972.71463 19.14539 0.04623
56972.73749 19.31156 0.054
56978.74407 19.37023 0.05149
56978.79927 19.44294 0.07225
56979.72374 19.48021 0.07252
56980.71766 19.24181 0.05945
56980.83416 19.25965 0.05153
56981.71538 19.31252 0.04732
56981.77818 19.35675 0.05261
56984.78092 19.48388 0.0883
56986.72544 19.35855 0.05953
56987.70535 19.27787 0.05563
56987.76948 19.31615 0.05615
56988.66321 19.27893 0.0539
56989.60286 19.30704 0.05512
56989.66828 19.37727 0.05722
56990.59847 19.24869 0.05282
56990.66232 19.314 0.05064
57000.62591 19.32843 0.05042
57000.65668 19.39825 0.06722
57001.60725 19.30589 0.04672
57001.63454 19.25565 0.04367
57011.62365 19.33549 0.04788
57011.65019 19.42461 0.05263
57014.60229 19.35881 0.05147
57014.62433 19.30826 0.05316
57015.60026 19.26071 0.0719
57015.6199 19.34579 0.05791
57018.60146 19.32326 0.05496
57018.62586 19.28627 0.05517
57019.61004 19.35146 0.05913
57030.59868 19.41696 0.05813
57037.60179 19.33565 0.05685
57039.60447 19.35 0.05323
57040.60372 19.43329 0.06034
57040.65327 19.498 0.06511
57041.64649 19.47757 0.0574
57042.59979 19.33905 0.04947
57042.64647 19.44079 0.05776
57043.60053 19.34528 0.04853
57043.64542 19.44909 0.05577
57044.64222 19.53706 0.0792
57046.59907 19.40332 0.06654
57046.64082 19.42288 0.07423
57047.65127 19.49269 0.07872
57059.60766 19.34113 0.05042
57059.61723 19.43778 0.05989
57063.60738 19.49356 0.06469
57063.61933 19.32259 0.05936
57064.61072 19.49683 0.06926
57064.62756 19.45804 0.07278
57065.60805 19.54822 0.08243
57067.60784 19.4641 0.06648
57067.62545 19.42869 0.06851
57069.61019 19.25089 0.06228
57069.6409 19.47074 0.08232
57070.61078 19.44571 0.0662
57070.6277 19.46004 0.06298
57071.61023 19.25381 0.06196
57071.6267 19.37601 0.06025
57089.61859 19.48076 0.15013
57089.62798 19.61898 0.10075
57091.62877 19.54104 0.10579
57179.97424 19.31989 0.10524
57180.95646 19.35959 0.06964
57185.96692 19.48252 0.06838
57187.96362 19.32727 0.05318
57188.93765 19.29751 0.04774
57188.96808 19.22088 0.05078
57189.95594 19.27904 0.0496
57190.94422 19.34131 0.0515
57190.9766 19.36841 0.092
57191.9217 19.27426 0.05688
57191.95614 19.24928 0.05097
57192.94672 19.30741 0.05279
57192.97846 19.3191 0.09719
57193.93573 19.21588 0.04824
57193.96862 19.2476 0.0577
57194.94374 19.34877 0.04751
57194.97431 19.39956 0.06756
57195.94595 19.32971 0.05592
57196.92539 19.16782 0.06277
57196.97637 19.37604 0.07779
57197.91796 19.31239 0.05065
57197.96971 19.25903 0.05124
57198.93165 19.24467 0.04801
57198.96479 19.18158 0.04912
57199.9472 19.30402 0.05585
57207.95261 19.34754 0.09796
57207.98422 19.15246 0.07404
57208.90735 19.26157 0.08642
57208.94607 19.2262 0.06866
57209.93937 19.30856 0.06698
57209.97959 19.29512 0.06652
57210.9363 19.33372 0.06169
57210.97519 19.31494 0.05791
57211.94997 19.30317 0.05505
57211.98409 19.38721 0.07331
57212.9376 19.49283 0.08081
57214.96163 19.2068 0.04525
57216.93262 19.26934 0.04748
57216.97994 19.26305 0.04951
57218.92712 19.23417 0.04465
57218.977 19.31128 0.04688
57219.94247 19.31413 0.03923
57219.97077 19.15135 0.03705
57220.92305 19.24987 0.04007
57220.98129 19.24085 0.04308
57225.95176 19.21408 0.03752
57226.95332 19.2798 0.0341
57227.93417 19.25144 0.03924
57227.97035 19.27064 0.03727
57231.91879 19.23713 0.04421
57231.96902 19.29793 0.03891
57232.8829 19.25187 0.06397
57232.9489 19.15615 0.04503
57237.93379 19.31302 0.07008
57237.98326 19.38507 0.07231
57238.91268 19.24405 0.04984
57238.96563 19.27165 0.04999
57239.93796 19.30846 0.05221
57239.98313 19.12351 0.04945
57240.95317 19.10597 0.04725
57241.93368 19.16278 0.04766
57242.93933 19.2218 0.03935
57242.98523 19.22236 0.0364
57244.91131 19.23869 0.04204
57244.96611 19.20496 0.03663
57245.87591 19.23499 0.03667
57245.91376 19.23229 0.03508
57246.89995 19.28565 0.04919
57246.93423 19.24235 0.04577
57247.92574 19.15259 0.03401
57247.95614 19.24888 0.03577
57248.84393 19.17493 0.03876
57248.8782 19.23528 0.0415
57249.88436 19.26482 0.03895
57249.9163 19.25191 0.04043
57250.88236 19.26097 0.04211
57250.92114 19.39183 0.04625
57251.8693 19.19538 0.03607
57251.91419 19.18036 0.0369
57267.93864 19.10252 0.07579
57267.9816 19.33261 0.06664
57554.97044 19.53255 0.07189
57555.93989 19.47326 0.0551
57555.96363 19.43535 0.05447
57564.95195 19.47753 0.08925
57565.94418 19.45202 0.07231
57567.951 19.59919 0.07794
57568.92119 19.42238 0.06621
57568.97479 19.68443 0.08994
57569.92685 19.46165 0.05858
57570.93954 19.58742 0.06052
57571.91515 19.49666 0.0605
57571.96845 19.66074 0.06418
57572.94 19.48275 0.05737
57572.961 19.64363 0.06727
57573.95955 19.38259 0.05188
57574.96997 19.55597 0.05541
57575.96076 19.43553 0.05251
57576.95096 19.37666 0.05013
57577.97714 19.61927 0.07015
57578.93031 19.59509 0.05677
57578.9597 19.42519 0.05253
57579.93833 19.3826 0.05445
57579.96636 19.52301 0.05966
57580.94991 19.48377 0.05627
57580.97641 19.40064 0.05969
57581.93908 19.50902 0.05441
57581.96061 19.5219 0.05313
57582.96612 19.46416 0.05375
57583.93612 19.55089 0.05473
57583.97225 19.49641 0.05454
57584.92871 19.5682 0.05358
57584.97404 19.49613 0.05456
57585.92275 19.60224 0.06679
57585.96134 19.45859 0.05518
57586.91575 19.53357 0.08052
57592.99636 19.55986 0.10764
57596.95384 19.59414 0.0794
57596.98786 19.56283 0.07961
57597.93735 19.50408 0.06371
57597.9794 19.39354 0.06255
57598.9281 19.50251 0.06061
57598.97263 19.5 0.06303
57599.94579 19.49607 0.05994
57600.96483 19.50434 0.05778
57601.9531 19.60036 0.06423
57601.99102 19.48907 0.06582
57602.95616 19.5317 0.06145
57602.99208 19.59276 0.06535
57603.95654 19.47045 0.05442
57603.99274 19.53544 0.06461
57604.96148 19.47096 0.05719
57604.99535 19.60823 0.06588
57605.93926 19.52636 0.05642
57605.97693 19.32001 0.04481
57606.94732 19.46685 0.05262
57606.99101 19.53183 0.0581
57607.92659 19.61391 0.05621
57607.97806 19.5756 0.05754
57608.92515 19.57962 0.06321
57608.96585 19.4985 0.05553
57609.94301 19.61901 0.06651
57610.89516 19.50927 0.05674
57610.92695 19.57188 0.05703
57611.90199 19.36946 0.06173
57611.93252 19.58488 0.069
57612.88937 19.35826 0.04997
57612.93148 19.42429 0.05504
57613.84046 19.40896 0.06507
57613.87193 19.47444 0.05904
57613.90353 19.39871 0.05185
57614.96436 19.4697 0.05263
57614.99496 19.40554 0.05478
57615.90761 19.58383 0.07694
57615.95637 19.41644 0.05841
57622.96114 19.37539 0.15359
57623.99038 19.38363 0.15298
57624.99829 19.55002 0.13497
57625.94454 19.50166 0.0755
