#mjd mag magerr
55061.92501 19.41781 0.04724
55061.95573 19.40076 0.04579
55063.91987 19.43908 0.04328
55063.9639 19.39649 0.0466
55064.92128 19.48386 0.04818
55064.9656 19.46141 0.05201
55066.91014 19.39133 0.04991
55066.95474 19.427 0.04567
55067.91649 19.63245 0.07068
55067.96099 19.6242 0.0661
55069.90324 19.33157 0.04647
55069.94786 19.3569 0.04956
55080.87449 19.58939 0.11425
55080.95988 19.74492 0.13584
55084.86328 19.36438 0.07073
55087.85609 19.43658 0.05042
55087.90101 19.3355 0.04578
55088.96983 19.38226 0.04595
55089.01521 19.35414 0.04737
55089.94574 19.39596 0.05158
55089.99042 19.48042 0.05436
55093.83741 19.32319 0.04548
55093.88196 19.43286 0.04578
55096.8292 19.39136 0.04721
55097.00858 19.39655 0.05934
55104.99862 19.64183 0.08381
55107.79764 19.53633 0.10331
55114.88125 19.35459 0.05674
55114.92522 19.19608 0.13261
55119.89538 19.46492 0.0675
55119.95365 19.38259 0.05737
55123.75696 19.40868 0.05234
55123.81523 19.32975 0.05213
55126.97957 19.54039 0.0729
55127.83329 19.34881 0.06121
55127.87706 19.47869 0.06001
55135.82555 19.52952 0.10073
55138.71472 19.3505 0.12015
55138.75871 19.54352 0.14577
55142.7036 19.51495 0.05667
55142.75219 19.37592 0.0648
55144.77886 19.46683 0.05913
55144.82305 19.37828 0.06201
55151.72943 19.50458 0.06592
55151.77257 19.37046 0.05361
55166.70473 19.31063 0.12007
55166.74897 19.47551 0.10949
55168.63378 19.39108 0.08962
55168.6775 19.37405 0.08585
55175.61224 19.36429 0.04628
55175.65684 19.38667 0.04615
55181.59421 19.40785 0.0786
55181.63825 19.50697 0.07524
55183.59204 19.7228 0.13867
55183.64253 19.49228 0.05987
55189.58054 19.37311 0.06726
55189.62557 19.53876 0.06296
55194.59026 19.0281 0.11992
55199.58559 19.35664 0.05196
55201.58642 19.70654 0.16411
55202.58667 19.34388 0.06133
55203.71441 19.38266 0.06063
55203.75743 19.31759 0.06886
55207.63092 19.39091 0.05768
55207.67514 19.3946 0.05177
55209.5968 19.3792 0.05032
55209.64149 19.43103 0.04827
55213.63312 19.42738 0.06786
55213.6798 19.3316 0.07309
55377.85123 19.81379 0.11708
55377.89535 19.58098 0.09599
55378.90615 19.42828 0.16112
55379.8591 19.50123 0.11466
55379.92482 19.44285 0.065
55380.87684 19.5069 0.0981
55380.92078 19.35437 0.07649
55381.89606 19.53495 0.08208
55381.93934 19.39143 0.06411
55384.82671 19.52559 0.06289
55384.87028 19.33258 0.05222
55385.87021 19.41416 0.05282
55385.91339 19.45117 0.04913
55386.86524 19.49811 0.05758
55386.90867 19.46624 0.0543
55387.87002 19.34893 0.04872
55387.91342 19.33745 0.0455
55388.86609 19.35714 0.06307
55388.91005 19.41395 0.05297
55390.80957 19.36143 0.0723
55390.85393 19.43968 0.06412
55391.80613 19.49421 0.0825
55391.87538 19.34132 0.05593
55392.83258 19.41582 0.06341
55392.87538 19.31392 0.05199
55394.79908 19.52963 0.07961
55394.8431 19.45036 0.05944
55395.79551 19.36386 0.09206
55395.84215 19.37165 0.05573
55396.79527 19.39401 0.08141
55396.83932 19.30883 0.05083
55397.79163 19.43799 0.1016
55397.83526 19.36844 0.0568
55398.78764 19.37054 0.12738
55398.83124 19.31896 0.06799
55399.78802 19.29956 0.11828
55399.83261 19.46038 0.08672
55400.78534 19.6751 0.10931
55400.8289 19.30595 0.08338
55401.78133 19.30472 0.1216
55401.82518 19.40567 0.10396
55402.8246 19.34822 0.13326
55403.77642 19.42172 0.20999
55403.81973 19.59471 0.14258
55404.77424 19.52921 0.1331
55404.84266 19.33703 0.09969
55405.8416 19.50627 0.0981
55407.7691 19.03292 0.12718
55407.83003 19.68419 0.12103
55411.79896 19.21785 0.06948
55412.75232 19.57656 0.11557
55412.79539 19.51368 0.09185
55413.75577 19.40278 0.11176
55413.79945 19.67687 0.11006
55414.75161 19.69431 0.12934
55414.79555 19.32937 0.08051
55415.75266 19.45883 0.12012
55415.79727 19.4416 0.11367
55416.75096 19.06423 0.1209
55416.79342 19.438 0.09085
55417.75979 19.55778 0.11827
55417.84511 19.23344 0.10553
55418.79843 19.24767 0.10608
55418.84121 19.22959 0.06987
55419.75121 19.47852 0.11793
55419.79504 19.2911 0.08696
55420.78929 19.46117 0.13244
55420.83264 19.29726 0.09408
55421.73664 19.4218 0.06617
55421.79901 19.31237 0.04624
55422.75115 19.19424 0.07169
55422.79487 19.33157 0.05129
55423.74742 19.40334 0.06469
55423.79284 19.30748 0.05055
55424.75349 19.33226 0.06782
55424.80178 19.36116 0.04892
55425.76166 19.37881 0.0766
55425.80573 19.31313 0.05074
55426.80123 19.39834 0.0628
55426.8444 19.3168 0.04705
55427.79708 19.33265 0.06598
55427.8408 19.42944 0.0629
55428.79281 19.33715 0.07067
55428.83703 19.35037 0.06019
55429.8142 19.53739 0.07016
55429.85716 19.29384 0.05655
55430.75769 19.24162 0.07589
55430.80485 19.35594 0.07489
55431.75639 19.38533 0.08521
55431.80024 19.37502 0.09595
55432.73907 19.57963 0.11486
55432.78359 19.38667 0.09989
55433.70425 19.22713 0.14791
55433.7493 19.2911 0.13918
55434.69401 19.20509 0.14278
55434.73769 19.22481 0.13384
55435.69148 19.67965 0.13692
55436.88575 19.3047 0.08547
55436.88891 19.32076 0.08231
55436.8919 19.17787 0.10338
55436.89501 19.26975 0.08338
55436.89797 19.53669 0.09948
55436.90109 19.58143 0.09878
55436.9042 19.35636 0.09219
55436.90728 19.44479 0.11256
55436.91041 19.40954 0.0991
55436.91351 19.41666 0.11236
55436.91641 19.56824 0.12707
55436.91931 19.38506 0.09807
55436.92221 19.34132 0.10256
55436.92514 19.48122 0.09845
55436.92806 19.29104 0.09958
55436.93096 19.52997 0.09037
55436.93413 19.42935 0.09128
55436.93703 19.55969 0.08937
55436.93974 19.44267 0.08997
55436.94297 19.20232 0.10738
55436.94613 19.54887 0.11506
55436.94915 19.56548 0.14675
55436.95231 19.63832 0.09758
55436.9553 19.27562 0.0822
55436.95826 19.33074 0.08559
55436.96116 19.50118 0.09477
55436.96403 19.44061 0.0839
55436.96671 19.49133 0.09221
55438.88857 19.52879 0.08589
55438.89169 19.40863 0.0843
55438.89485 19.57138 0.08559
55438.89798 19.51386 0.08567
55438.90086 19.55122 0.07717
55438.90371 19.33972 0.07109
55438.9065 19.36719 0.07528
55438.90927 19.38318 0.07433
55438.91204 19.31048 0.0761
55438.91487 19.43582 0.07969
55438.91763 19.41209 0.07438
55438.92084 19.53581 0.08659
55438.92394 19.3859 0.09207
55438.92672 19.6506 0.09246
55438.92954 19.34497 0.08418
55438.93259 19.55129 0.09168
55438.93551 19.45443 0.09259
55438.93833 19.1312 0.08049
55438.94106 19.34432 0.08297
55438.94411 19.35744 0.074
55438.94678 19.24762 0.08619
55438.95017 19.43085 0.09197
55438.95913 19.13748 0.0826
55438.96141 19.44187 0.07858
55440.87507 19.27407 0.05609
55440.87823 19.30129 0.0548
55440.88428 19.33846 0.05171
55440.88675 19.23935 0.04959
55440.8894 19.435 0.05448
55440.89205 19.43414 0.05588
55440.89518 19.15952 0.04841
55440.89832 19.28585 0.05458
55440.90145 19.38122 0.05676
55440.90439 19.29495 0.05498
55440.90729 19.37248 0.05361
55440.91025 19.25071 0.05054
55440.91316 19.3569 0.05789
55440.91591 19.3475 0.0538
55440.9187 19.40898 0.05687
55440.92149 19.37351 0.05616
55440.92426 19.39793 0.05869
55440.93095 19.40669 0.05778
55440.93364 19.31756 0.05349
55440.93623 19.27714 0.05278
55440.9395 19.31869 0.05959
55440.94264 19.41004 0.05838
55440.94582 19.48314 0.0603
55440.94883 19.45317 0.05937
55440.95182 19.34586 0.05448
55440.95489 19.33563 0.05689
55440.95791 19.37065 0.05919
55441.87301 19.38442 0.04773
55441.87592 19.21559 0.04754
55441.88645 19.27527 0.04795
55441.88962 19.34026 0.04823
55441.89254 19.36609 0.04836
55441.89542 19.37004 0.05064
55441.89828 19.28702 0.04724
55441.90107 19.3528 0.05002
55441.9037 19.27252 0.04464
55441.90634 19.29655 0.04718
55441.90906 19.30159 0.04673
55441.9118 19.32119 0.04514
55441.91445 19.21964 0.04691
55441.91722 19.36971 0.0473
55441.91981 19.3863 0.05391
55441.92242 19.35937 0.05092
55441.92546 19.38272 0.04753
55441.9281 19.44971 0.04944
55441.93183 19.38211 0.05182
55441.93458 19.37208 0.04604
55441.93727 19.35176 0.04733
55441.94048 19.31418 0.04677
55441.94326 19.38811 0.04725
55441.94546 19.31501 0.05043
55441.94852 19.33466 0.04564
55441.95194 19.38017 0.04616
55441.95469 19.35061 0.04934
55441.95786 19.33323 0.04562
55441.96081 19.35921 0.05102
55441.96392 19.3164 0.05192
55441.96715 19.3081 0.04368
55441.97012 19.39383 0.04812
55441.97294 19.27754 0.04741
55441.97532 19.35638 0.04464
55441.97757 19.30327 0.04921
55441.9798 19.36665 0.05314
55441.9835 19.30329 0.048
55441.9863 19.49479 0.05206
55441.98852 19.35661 0.05174
55441.99078 19.32852 0.05291
55441.99382 19.43038 0.05076
55442.00593 19.42436 0.05334
55442.00906 19.38472 0.0578
55442.01216 19.43514 0.05614
55442.01486 19.36893 0.06591
55442.01753 19.44658 0.07773
55442.02001 19.45333 0.0941
55442.02226 19.55383 0.11272
55442.70382 19.24123 0.05162
55442.70734 19.33742 0.05562
55442.71097 19.26121 0.05361
55442.71448 19.38738 0.05898
55442.71808 19.36071 0.05349
55442.72168 19.30645 0.04919
55442.72527 19.30998 0.05002
55442.73272 19.31273 0.0513
55442.74184 19.33847 0.04913
55442.74882 19.35817 0.04923
55442.75572 19.33867 0.04779
55442.76147 19.30371 0.04712
55442.76615 19.41199 0.04783
55442.77616 19.28218 0.0553
55442.78135 19.40252 0.05068
55442.78615 19.33906 0.04598
55442.79145 19.28925 0.04375
55442.79615 19.24187 0.04353
55442.80186 19.27963 0.04371
55442.8093 19.27559 0.04364
55442.81443 19.30545 0.04403
55442.81939 19.2893 0.04321
55442.82447 19.3343 0.04302
55442.8293 19.25352 0.04352
55442.83541 19.37578 0.04461
55442.84012 19.30964 0.04342
55442.84597 19.41183 0.04743
55442.85112 19.37737 0.04791
55442.85657 19.38634 0.04482
55442.86387 19.21542 0.04334
55442.87002 19.3789 0.05099
55442.87503 19.40635 0.04516
55442.88048 19.32305 0.0419
55442.88617 19.46526 0.04551
55442.89221 19.3764 0.04535
55442.89785 19.30938 0.04823
55442.90297 19.43248 0.04677
55442.90871 19.33264 0.04584
55442.91368 19.38473 0.04771
55442.91875 19.32833 0.0498
55442.92384 19.32385 0.04621
55442.93037 19.34941 0.04942
55442.93642 19.28483 0.04563
55442.94588 19.41237 0.05561
55442.95166 19.39165 0.0452
55442.95754 19.36982 0.05102
55442.96246 19.31776 0.04642
55442.96833 19.33841 0.04952
55442.97317 19.24711 0.0487
55442.97782 19.38236 0.0493
55442.98206 19.36076 0.04504
55442.9872 19.35009 0.04711
55442.99348 19.27304 0.0462
55442.99858 19.38504 0.04387
55443.00329 19.29848 0.04693
55443.01002 19.28854 0.04756
55443.01702 19.25763 0.05624
55443.02387 19.22477 0.12322
55443.67742 19.42649 0.07611
55443.68488 19.39657 0.07361
55443.69287 19.34675 0.06393
55443.70415 19.24099 0.05813
55443.71028 19.2981 0.05751
55443.71632 19.30469 0.05628
55443.72231 19.34909 0.05599
55443.72832 19.30748 0.05252
55443.736 19.27244 0.05349
55443.74306 19.34039 0.04879
55443.74812 19.29831 0.05189
55443.75372 19.3747 0.0518
55443.75946 19.34625 0.04878
55443.76526 19.38758 0.0533
55443.77007 19.43409 0.06147
55443.78027 19.26961 0.05571
55443.78539 19.36691 0.04979
55443.79156 19.42784 0.0497
55443.79717 19.31906 0.04762
55443.80302 19.35878 0.04604
55443.80895 19.31799 0.05008
55443.81493 19.43592 0.05011
55443.8204 19.40606 0.05046
55443.82634 19.299 0.0436
55443.83239 19.38467 0.04958
55443.83783 19.38316 0.04772
55443.84415 19.32655 0.04472
55443.84958 19.44733 0.04879
55443.85553 19.26446 0.04482
55443.86252 19.39281 0.04869
55443.87576 19.34717 0.04758
55443.88141 19.31882 0.04516
55443.88892 19.46392 0.0507
55443.89412 19.46412 0.05515
55443.90077 19.46435 0.05388
55443.90658 19.19076 0.04493
55443.91235 19.34739 0.04979
55443.91779 19.40846 0.05477
55443.92403 19.38348 0.05379
55443.92967 19.26426 0.0491
55443.93496 19.28975 0.04661
55443.94073 19.33966 0.05019
55443.94779 19.3681 0.05109
55443.95355 19.23931 0.0466
55443.95925 19.33686 0.04849
55443.9693 19.36844 0.05578
55443.97555 19.35708 0.05208
55443.98144 19.41959 0.05738
55443.98725 19.38051 0.05571
55443.99456 19.24737 0.04941
55444.00093 19.38723 0.05509
55444.0061 19.33685 0.0532
55444.01187 19.34018 0.05071
55444.0175 19.34208 0.06679
55444.02231 19.13172 0.10129
55444.66648 19.34738 0.08134
55444.67221 19.55935 0.08954
55444.67727 19.40602 0.06946
55444.68199 19.69217 0.10922
55444.68857 19.4073 0.0687
55444.69526 19.29706 0.06266
55444.70198 19.34486 0.06953
55444.7091 19.36152 0.06723
55444.71487 19.38452 0.06449
55444.72103 19.35077 0.05369
55444.72796 19.33412 0.05894
55444.73377 19.32919 0.0542
55444.74094 19.29512 0.05314
55444.74655 19.28584 0.05534
55444.75167 19.28761 0.04791
55444.75678 19.38877 0.05611
55444.76225 19.4378 0.0506
55444.7673 19.32584 0.05042
55444.77353 19.36526 0.05041
55444.77876 19.37615 0.05043
55444.78368 19.35361 0.05154
55444.79848 19.2741 0.04543
55444.80403 19.33507 0.0492
55444.81599 19.39991 0.04922
55444.8213 19.33068 0.04508
55444.83332 19.28879 0.05052
55444.83854 19.36472 0.05059
55444.84549 19.30649 0.04661
55444.85161 19.28146 0.04866
55444.85679 19.29841 0.04523
55444.86267 19.41576 0.05644
55444.86777 19.34004 0.05417
55444.87321 19.35691 0.04724
55444.87872 19.34631 0.04954
55444.88467 19.36095 0.04702
55444.89016 19.39202 0.05274
55444.89581 19.40302 0.05964
55444.90153 19.31555 0.04544
55444.90845 19.23594 0.05103
55444.91349 19.25465 0.04641
55444.92279 19.36763 0.04902
55444.93139 19.36316 0.05
55444.94041 19.37983 0.048
55444.94568 19.29271 0.04783
55444.951 19.43312 0.05571
55444.95724 19.32541 0.04872
55444.96289 19.3809 0.04971
55444.96923 19.36915 0.04963
55444.97411 19.24104 0.04693
55444.98062 19.28969 0.04944
55444.98915 19.30346 0.05207
55444.99553 19.44794 0.05254
55445.00157 19.35618 0.05016
55445.00779 19.27365 0.04755
55445.01282 19.26199 0.05712
55445.01777 19.22978 0.06231
55445.02227 19.26787 0.08802
55445.66261 19.43143 0.07417
55445.66749 19.20905 0.06763
55445.67244 19.33965 0.06156
55445.67731 19.41527 0.0698
55445.68422 19.29433 0.06269
55445.6905 19.40071 0.0607
55445.69681 19.4021 0.06119
55445.70294 19.3233 0.05617
55445.70921 19.40577 0.06151
55445.71534 19.35931 0.06603
55445.72141 19.30857 0.07391
55445.72791 19.33828 0.06362
55445.73457 19.31295 0.07168
55445.74013 19.34212 0.05388
55445.7456 19.41317 0.05591
55445.75096 19.44709 0.06142
55445.75643 19.39581 0.05471
55445.76191 19.45335 0.05733
55445.76784 19.36393 0.04998
55445.7737 19.34306 0.04922
55445.779 19.29934 0.04879
55445.78479 19.22371 0.04783
55445.79025 19.33363 0.04639
55445.79613 19.29082 0.04561
55445.81095 19.36705 0.04912
55445.81845 19.43077 0.04582
55445.82455 19.38276 0.04485
55445.83024 19.35416 0.04491
55445.84021 19.29502 0.04683
55445.84549 19.37392 0.04401
55445.85174 19.40267 0.04592
55445.85762 19.2707 0.04183
55445.8636 19.35118 0.04584
55445.86963 19.33172 0.04182
55445.87567 19.38235 0.04512
55445.88207 19.32555 0.04514
55445.88844 19.35886 0.04583
55445.89432 19.44127 0.04629
55445.89983 19.23445 0.04452
55445.90668 19.42291 0.04464
55445.91299 19.32446 0.04514
55445.91722 19.40791 0.04622
55445.92351 19.41271 0.04234
55445.92915 19.31236 0.04574
55445.93496 19.32288 0.04222
55445.94048 19.28388 0.0446
55445.95216 19.45911 0.04872
55445.95886 19.42871 0.04738
55445.97191 19.33523 0.04302
55445.97872 19.37179 0.04181
55445.98437 19.27388 0.045
55445.98972 19.35041 0.04575
55445.99581 19.32877 0.04543
55446.00245 19.34835 0.04488
55446.00827 19.32903 0.04352
55446.01324 19.3045 0.04642
55446.01787 19.3074 0.06149
55446.0233 19.40924 0.09137
55446.66046 19.30845 0.07364
55446.66501 19.42278 0.09269
55446.67089 19.32545 0.06571
55446.67601 19.33324 0.06714
55446.6814 19.3223 0.07879
55446.68915 19.28888 0.06251
55446.70044 19.3761 0.0607
55446.70781 19.46082 0.05783
55446.71375 19.29447 0.05551
55446.71998 19.34154 0.05803
55446.7269 19.31482 0.05296
55446.73768 19.27179 0.059
55446.74263 19.32863 0.05394
55446.74841 19.39415 0.05582
55446.75986 19.28558 0.04456
55446.76487 19.42269 0.04795
55446.77004 19.32773 0.04486
55446.77518 19.36657 0.04606
55446.78018 19.34818 0.04594
55446.78654 19.33009 0.04553
55446.79243 19.29898 0.04401
55446.79818 19.44768 0.05101
55446.80822 19.31021 0.05116
55446.81336 19.34812 0.04537
55446.81934 19.42131 0.04876
55446.82569 19.28863 0.04404
55446.83186 19.38757 0.04706
55446.83803 19.36812 0.04734
55446.84316 19.3357 0.04247
55446.84946 19.34921 0.04304
55446.85529 19.24781 0.05512
55446.86132 19.41165 0.05281
55446.86741 19.31996 0.07452
55446.87321 19.36031 0.04594
55446.87945 19.30403 0.04252
55446.88583 19.33157 0.04341
55446.89176 19.26462 0.0407
55446.89901 19.27952 0.05703
55446.90569 19.3646 0.0517
55446.91293 19.31969 0.04385
55446.91958 19.36903 0.04651
55446.92538 19.33077 0.04656
55446.93113 19.25781 0.04339
55446.93686 19.4028 0.04784
55446.94237 19.38838 0.04666
55446.94842 19.35772 0.04532
55446.95451 19.39892 0.04571
55446.96034 19.33821 0.04356
55446.96641 19.26148 0.04412
55446.97287 19.38409 0.04654
55446.97827 19.16028 0.0429
55446.98464 19.35232 0.04328
55446.99026 19.36036 0.04264
55446.99646 19.38627 0.04487
55447.00329 19.36612 0.04583
55447.02248 19.32303 0.08328
55448.00377 19.32289 0.0439
55448.65527 19.47863 0.07876
55448.70146 19.56723 0.07341
55449.82958 19.39856 0.05293
55449.87259 19.34606 0.04595
55450.82585 19.3497 0.04754
55450.86998 19.32711 0.04501
55451.65338 19.40648 0.07137
55451.70095 19.23995 0.06256
55452.64792 19.31488 0.06924
55452.69243 19.36917 0.06257
55453.64519 19.34346 0.07278
55453.6895 19.24319 0.06189
55454.64058 19.2479 0.08624
55454.68793 19.30891 0.08169
55455.63923 19.30638 0.08386
55455.7154 19.62659 0.08038
55456.63346 19.55275 0.09443
55456.67702 19.24983 0.07637
55457.63067 19.28234 0.11167
55457.6732 19.39072 0.07707
55458.66069 19.38561 0.08088
55458.7057 19.32693 0.07661
55459.69034 19.53138 0.10372
55460.63624 19.40696 0.14017
55460.72453 19.36292 0.07668
55461.62523 19.19407 0.14059
55461.67649 19.57178 0.10818
55462.76573 19.49305 0.1058
55462.80848 19.13865 0.12998
55463.63005 19.41108 0.12892
55463.71104 19.52276 0.13539
55466.61784 19.21277 0.09051
55466.61959 19.40707 0.0737
55466.62134 19.47201 0.0836
55466.6231 19.26407 0.07074
55466.62486 19.50231 0.07442
55466.62661 19.35808 0.0673
55466.62943 19.27403 0.07911
55466.63143 19.47922 0.09236
55466.63348 19.32453 0.06531
55466.67604 19.24898 0.09358
55467.62749 19.54828 0.07946
55468.7394 19.2663 0.05861
55468.78277 19.39465 0.06677
55469.73472 19.22875 0.07762
55470.77885 19.5077 0.12665
55470.82246 19.42899 0.0613
55471.77466 19.37188 0.04849
55471.82993 19.46091 0.08586
55472.62548 19.39507 0.06327
55472.66936 19.39821 0.05415
55473.62096 19.15979 0.09265
55477.66775 19.258 0.05589
55477.71276 19.31526 0.05964
55478.62384 19.52991 0.07298
55478.66775 19.43068 0.06119
55479.61565 19.511 0.08216
55479.65968 19.41519 0.06329
55480.61506 19.25392 0.06875
55480.65805 19.34794 0.06201
55481.61182 19.3667 0.06398
55481.69382 19.27755 0.0472
55482.61769 19.3188 0.08159
55482.66188 19.42913 0.05309
55482.67843 19.43414 0.0584
55483.61039 19.50224 0.07112
55483.66512 19.40722 0.0626
55484.66377 19.29339 0.07382
55484.70695 19.29801 0.05955
55485.61939 19.39212 0.06512
55485.66329 19.48047 0.0652
55486.61418 19.17082 0.09035
55497.84041 19.27345 0.09469
55497.89223 19.41872 0.09628
55498.71756 19.26827 0.0542
55498.79 19.25343 0.06432
55499.59404 19.44118 0.06475
55499.63881 19.4062 0.05693
55501.66259 19.38214 0.06354
55501.75706 19.29581 0.05283
55502.72145 19.64373 0.06598
55502.82148 19.21528 0.06929
55503.77762 19.42486 0.06205
55503.8732 19.26886 0.063
55504.82418 19.33137 0.05512
55504.91868 19.37137 0.06932
55506.68972 19.29206 0.05771
55506.73387 19.28697 0.04647
55507.81368 19.27365 0.06459
55507.89267 19.35507 0.0739
55513.658 19.4136 0.06178
55513.7418 19.3482 0.06439
55514.69377 19.45494 0.06648
55514.73749 19.46642 0.06868
55515.69951 19.41112 0.06863
55515.74236 19.3767 0.06818
55516.67238 19.59439 0.09406
55516.71654 19.4685 0.08885
55517.61497 19.31178 0.07059
55517.6584 19.37009 0.07758
55518.61481 19.38943 0.10115
55518.6578 19.65624 0.13067
55527.74242 19.66167 0.10005
55530.70615 19.61297 0.08221
55530.75072 19.61133 0.10336
55531.77418 19.53348 0.08869
55531.81743 19.62965 0.14128
55532.78408 19.32911 0.04991
55532.82836 19.48014 0.08208
55535.68432 19.46017 0.05725
55537.58157 19.57078 0.10101
55537.62557 19.31428 0.06113
55538.57995 19.42248 0.05931
55538.62381 19.41388 0.05467
55539.58012 19.48642 0.0776
55539.62283 19.28806 0.05201
55540.61811 19.4248 0.05359
55540.66215 19.41444 0.05227
55541.61644 19.33582 0.06954
55541.65945 19.6011 0.08865
55544.59603 19.40537 0.06836
55544.64191 19.47261 0.06426
55545.59598 19.85334 0.10766
55545.63939 19.39742 0.07035
55558.69892 19.29124 0.10513
55558.75663 19.53944 0.07267
55559.7264 19.5691 0.10362
55561.73304 19.46272 0.0854
55561.77682 19.44567 0.08643
55567.59621 19.45872 0.06378
55575.595 19.24123 0.11388
55575.6386 19.40191 0.10607
55577.59504 19.44254 0.11827
55577.63849 19.4064 0.16766
55579.61368 19.49933 0.07738
55579.65687 19.51076 0.10906
55580.66998 19.43852 0.09986
55580.71648 19.55925 0.12307
55583.61703 19.45141 0.06232
55583.66119 19.42178 0.07518
55584.63985 19.41791 0.0587
55584.68286 19.57846 0.07979
55586.61685 19.51732 0.05966
55586.66038 19.56674 0.06617
55588.66264 19.77571 0.11003
55588.70647 19.60249 0.14041
55722.89872 19.36023 0.06918
55723.91976 19.3676 0.06929
55723.9634 19.37471 0.07388
55730.92322 19.17876 0.1147
55733.86776 19.39589 0.08458
55733.91212 19.31952 0.06788
55750.83279 19.40634 0.07511
55750.87598 19.25429 0.06201
55753.86132 19.24231 0.08062
55756.88391 19.41634 0.10432
55756.93392 19.30712 0.10281
55759.84878 19.19467 0.09038
55759.89212 19.17339 0.0761
55762.79606 19.33028 0.09371
55762.8402 19.33283 0.08737
55766.7805 19.30263 0.07969
55766.83041 19.46208 0.0733
55768.77509 19.30325 0.07971
55768.82037 19.41076 0.07621
55769.80074 19.22569 0.06388
55769.84468 19.339 0.05391
55770.78189 19.36502 0.06778
55770.82573 19.33579 0.05288
55771.78074 19.29172 0.0662
55771.82449 19.30322 0.04873
55774.75968 19.35444 0.06893
55774.80363 19.24621 0.0544
55775.7599 19.25658 0.08598
55775.80332 19.32156 0.10042
55779.7464 19.67719 0.09529
55779.79086 19.41783 0.06041
55780.74948 19.38471 0.08031
55780.79415 19.39705 0.06231
55782.7508 19.44414 0.09521
55782.7956 19.59783 0.08646
55783.7573 19.68304 0.11873
55783.80103 19.33874 0.09901
55784.74207 19.35536 0.14305
55789.73736 19.49383 0.14181
55789.78039 19.71631 0.14196
55790.73125 19.42476 0.11578
55790.77463 19.59919 0.11486
55791.73123 19.49392 0.11499
55791.77527 19.38088 0.09519
55793.74743 19.48043 0.09221
55793.79097 19.30839 0.084
55794.75972 19.31064 0.06638
55794.81629 19.27846 0.07242
55809.66644 19.39304 0.12866
55809.7101 19.47535 0.08885
55811.66044 19.41408 0.15892
55811.7042 19.37359 0.08708
55812.65876 19.51267 0.11501
55812.70198 19.33817 0.08718
55813.66257 19.25786 0.09826
55813.70671 19.48054 0.0944
55820.63925 19.32065 0.1134
55821.63464 19.35781 0.08822
55822.63132 19.36124 0.08494
55822.67415 19.31883 0.06197
55823.62908 19.4233 0.08769
55823.67275 19.27786 0.0643
55824.62608 19.36694 0.09081
55824.6697 19.3603 0.07007
55838.61464 19.36813 0.098
55838.65944 19.37189 0.0981
55842.61856 19.57214 0.12478
55842.66208 19.39574 0.10337
55843.65444 19.41589 0.13778
55844.60924 19.1417 0.13021
55844.65374 19.43647 0.10349
55849.60547 19.23769 0.06401
55849.65079 19.40957 0.0941
55850.60468 19.26224 0.0652
55850.64918 19.28335 0.06878
55851.60318 19.3318 0.06317
55851.64641 19.33853 0.06371
55852.60416 19.48526 0.08018
55852.6481 19.31786 0.0551
55853.60163 19.28847 0.07158
55853.6463 19.28063 0.05635
55854.60164 19.56218 0.07691
55854.64607 19.38018 0.05734
55866.5884 19.47904 0.10965
55866.64679 19.29618 0.06119
55867.58757 19.31571 0.08371
55867.63053 19.3264 0.07878
55868.5865 19.31575 0.08421
55868.63002 19.38567 0.07369
55880.87841 19.16908 0.09541
55880.92255 19.25543 0.10059
55882.86968 19.4568 0.0723
55882.87146 19.19585 0.06095
55882.91495 19.29532 0.07793
55883.86679 19.19286 0.07311
55887.63181 19.34032 0.06929
55887.68352 19.36297 0.07681
55888.8957 19.44506 0.15001
55889.80049 19.26449 0.05101
55889.84447 19.35062 0.0608
55891.57974 19.29664 0.07519
55891.6225 19.20305 0.0562
55893.58261 19.1898 0.06141
55893.62546 19.38682 0.06608
55894.58144 19.25365 0.08108
55894.62473 19.58827 0.146
55896.58202 19.42464 0.08833
55898.82137 19.58863 0.10418
55898.86551 19.53555 0.09687
55902.58519 19.52478 0.15233
55902.64414 19.1174 0.13045
55903.58342 19.1913 0.12708
55903.62024 19.17693 0.09587
55904.58683 19.25918 0.13799
55906.58378 19.46782 0.1044
55906.64029 19.27265 0.10135
55916.59575 19.2054 0.06451
55916.64026 19.31492 0.063
55922.6423 19.39736 0.05988
55923.59751 19.29353 0.07908
55923.64145 19.33426 0.06287
55924.60837 19.43322 0.06109
55925.59941 19.49068 0.09091
55925.67897 19.30275 0.05802
55926.58279 19.36285 0.06968
55926.62543 19.18204 0.05424
55930.58585 19.56749 0.11781
55930.62499 19.17737 0.09743
55931.58458 19.40487 0.09245
55931.62692 18.9601 0.09565
55932.62858 19.11403 0.08458
55936.60917 19.28436 0.08828
55936.65247 19.13529 0.08586
55937.58951 19.30475 0.07597
55937.63319 19.10929 0.1326
55939.64879 19.16202 0.06281
55939.6851 19.30727 0.06896
55940.59145 19.15363 0.11169
55940.64013 19.49876 0.10981
55941.59048 19.35678 0.15235
55943.69972 19.32176 0.06291
55943.74446 19.2352 0.08908
55944.64379 19.3345 0.05953
55944.67224 19.3003 0.06391
55946.63797 19.5018 0.16203
55947.59349 19.27903 0.06044
55947.63713 19.52741 0.10728
55949.64923 19.32686 0.09538
55949.6924 19.39753 0.12552
55952.60617 19.35585 0.06983
55952.64932 19.50805 0.07361
55953.59751 19.52758 0.08248
55953.64127 19.16265 0.05972
55954.59787 19.54015 0.12202
55954.64157 19.38003 0.10911
55958.61566 19.45378 0.09061
55958.67117 19.29742 0.08872
55959.64574 19.24038 0.11711
55960.60205 19.29639 0.13934
55960.64497 19.0083 0.12743
55962.61935 19.22027 0.09899
55962.69096 19.28421 0.13339
56059.98484 19.4269 0.1339
56060.97134 19.39849 0.10219
56061.96903 19.23354 0.09254
56063.96519 19.34986 0.13231
56065.96588 19.08806 0.10499
56066.96916 19.08116 0.08562
56067.96802 19.39404 0.08138
56068.98301 19.08821 0.14707
56070.97101 19.43431 0.11902
56071.95528 19.60667 0.10386
56075.93073 19.30202 0.08084
56075.96117 19.14576 0.07629
56076.96161 19.40959 0.08848
56077.97941 19.17714 0.11828
56078.92335 19.19968 0.09169
56078.95394 19.32628 0.09391
56079.91957 19.35156 0.08941
56079.94994 19.25616 0.06272
56079.97946 19.13726 0.13018
56081.9528 19.24378 0.15977
56084.95914 19.58179 0.09892
56085.9361 19.12148 0.13741
56085.9661 19.55762 0.10628
56086.90079 19.32788 0.14607
56086.9317 19.12935 0.0863
56086.96186 19.36874 0.08929
56087.95118 19.22007 0.0997
56088.93216 19.24497 0.0817
56088.96298 19.12622 0.07084
56089.90743 19.34889 0.09439
56089.9375 19.25888 0.08419
56090.89626 19.37079 0.12569
56091.93224 19.25297 0.0685
56091.96189 19.35701 0.07159
56092.88532 19.61777 0.10199
56092.91513 19.26768 0.0727
56092.94551 19.39081 0.07349
56093.88544 19.32607 0.08352
56093.91605 19.3646 0.0811
56093.95942 19.23071 0.07646
56094.8793 19.18799 0.1147
56094.90895 19.36286 0.08022
56094.93794 19.4234 0.08229
56095.89413 19.63993 0.09729
56095.92394 19.39175 0.10339
56095.95378 19.42204 0.07622
56096.8846 19.41924 0.07989
56096.91464 19.38375 0.07601
56096.94475 19.47335 0.07509
56097.90204 19.22169 0.06729
56099.86796 19.21396 0.08219
56099.8979 19.23877 0.06639
56099.92867 19.36022 0.05972
56100.87134 19.35449 0.10237
56100.9014 19.29944 0.07349
56100.93113 19.17546 0.0623
56101.86099 19.34859 0.09263
56101.89166 19.33994 0.09748
56101.92164 19.35124 0.07118
56102.85884 19.29164 0.07299
56102.88948 19.36434 0.07529
56102.91975 19.25955 0.06006
56103.85688 19.41426 0.10037
56103.89198 19.35099 0.07636
56103.92203 19.38899 0.07657
56104.86298 19.43096 0.08148
56104.89266 19.32214 0.06886
56104.92258 19.07298 0.05849
56105.87772 19.28045 0.0736
56105.90846 19.38557 0.06837
56105.93782 19.31297 0.06611
56106.84826 19.41231 0.08019
56106.87859 19.24952 0.06647
56106.90907 19.22882 0.05961
56107.84497 19.37227 0.13882
56107.87579 19.33013 0.06978
56107.90655 19.37075 0.06869
56108.86703 19.33243 0.12696
56108.89669 19.57973 0.09028
56108.92686 19.23981 0.06928
56109.93363 19.37276 0.0711
56110.86774 19.2329 0.13447
56110.89782 19.23083 0.09176
56110.92786 19.43178 0.09476
56111.86949 19.37902 0.12793
56111.91431 19.29933 0.09718
56111.94457 19.42687 0.09697
56113.8878 19.68862 0.1162
56113.93235 19.13156 0.08867
56113.96218 19.189 0.08318
56114.87108 19.30969 0.09371
56114.92357 19.08466 0.09574
56114.95378 19.30296 0.09068
56115.85803 19.19006 0.12337
56115.88797 19.1375 0.0997
56115.9179 19.43486 0.08809
56116.90131 19.10651 0.0905
56116.93261 19.20031 0.08391
56116.96078 19.32704 0.08149
56117.86349 19.28202 0.1107
56117.89333 19.35915 0.0909
56117.92405 19.21901 0.07453
56118.82762 19.56809 0.13739
56118.85812 19.27038 0.09913
56118.8884 19.53275 0.09583
56119.81535 19.47926 0.14211
56119.84536 19.41107 0.10481
56120.95573 19.47558 0.13202
56123.80269 19.34136 0.08069
56123.8333 19.39463 0.06817
56123.86323 19.27126 0.05854
56124.8239 19.42598 0.08011
56124.85579 19.50485 0.08101
56124.90647 19.28527 0.07819
56125.83541 19.2374 0.06738
56125.8655 19.41189 0.06818
56125.89611 19.36812 0.05927
56126.79674 19.28618 0.08106
56126.82683 19.31184 0.07372
56126.85662 19.21312 0.14627
56127.84219 19.22224 0.06951
56127.87262 19.19054 0.06347
56128.79045 19.57043 0.11916
56128.8202 19.2949 0.06242
56128.8509 19.28038 0.0597
56129.81763 19.27808 0.06859
56129.84839 19.4013 0.06811
56130.78415 19.23577 0.09205
56130.81619 19.48779 0.07944
56130.84603 19.23712 0.06448
56131.81956 19.21096 0.0659
56131.84966 19.24384 0.05865
56131.87991 19.1609 0.05448
56132.81342 19.24986 0.0595
56132.85526 19.29674 0.06147
56133.77702 19.41816 0.08389
56133.80732 19.33815 0.05741
56133.83817 19.24466 0.06669
56135.77548 19.49631 0.08977
56135.80558 19.3742 0.06501
56135.8357 19.20148 0.04769
56136.78168 19.29253 0.07557
56136.81139 19.37028 0.08157
56136.84105 19.356 0.06159
56137.77719 19.19023 0.08105
56137.8165 19.34345 0.12654
56137.84943 19.18899 0.08355
56143.75013 19.43934 0.13441
56143.77946 19.11282 0.10909
56143.81202 19.4102 0.09757
56144.79078 19.27927 0.10298
56144.82138 19.41612 0.0884
56145.74531 19.22783 0.11703
56145.77477 19.36983 0.12681
56145.80436 19.36713 0.09478
56146.77217 19.26682 0.10618
56146.83591 19.19576 0.07192
56147.75046 19.43746 0.08458
56147.78019 19.41017 0.1072
56147.81614 19.3004 0.09577
56148.73743 19.27165 0.06527
56148.76798 19.30877 0.0689
56148.79928 19.114 0.06923
56151.84315 19.28917 0.04368
56151.87618 19.2172 0.04374
56151.91621 19.25657 0.04149
56164.86055 19.21602 0.04003
56164.89061 19.1956 0.03889
56164.92052 19.30189 0.04015
56165.82275 19.27736 0.04861
56165.85221 19.34453 0.04172
56165.88255 19.20623 0.03925
56166.78411 19.40819 0.06051
56166.82415 19.24551 0.05268
56166.85436 19.33329 0.05048
56167.76082 19.29058 0.07179
56167.79008 19.29341 0.0684
56167.82893 19.31426 0.05939
56168.73084 19.47644 0.09121
56168.76135 19.20074 0.06856
56168.79094 19.16191 0.06556
56169.70528 19.21038 0.14239
56169.73488 19.50021 0.11053
56169.78208 19.25971 0.10252
56170.70609 19.65818 0.14047
56170.73648 19.4277 0.10931
56170.76821 19.42093 0.11917
56176.66101 19.54835 0.1315
56176.74473 19.30491 0.07876
56176.77537 19.12761 0.06819
56177.67775 19.37958 0.06251
56177.71467 19.28052 0.04834
56177.7448 19.20409 0.04585
56178.65701 19.41598 0.0958
56178.7245 19.37118 0.05675
56178.75548 19.31803 0.04794
56189.71737 19.26246 0.06578
56189.74707 19.22744 0.054
56194.65274 19.38862 0.07859
56194.68156 19.3813 0.07578
56194.73072 19.18883 0.06098
56195.63238 19.31602 0.09632
56195.68489 19.21082 0.07459
56195.74387 19.26391 0.06629
56196.64868 19.26787 0.07362
56196.67925 19.25852 0.08139
56196.70945 19.34757 0.07636
56197.62224 19.36945 0.13109
56197.65122 18.9747 0.11488
56197.68048 19.29209 0.09147
56198.63271 19.18081 0.12744
56198.66294 19.63616 0.13365
56198.69225 19.47127 0.10629
56202.61563 19.08338 0.13563
56202.64754 19.38145 0.13562
56202.70169 19.40342 0.10747
56207.71676 19.36109 0.0887
56207.82773 19.06174 0.13419
56224.66207 19.36572 0.06949
56224.69182 19.47847 0.0936
56225.74851 19.35387 0.08866
56225.84088 19.36538 0.07259
56226.79663 19.17471 0.15413
56227.72154 19.34568 0.09444
56227.75148 19.36818 0.10137
56228.67316 19.30778 0.10409
56228.71 19.42422 0.08701
56229.61202 19.27586 0.11128
56229.68338 19.4404 0.10669
56230.64599 19.51824 0.12653
56230.73676 19.28938 0.11096
56231.86041 19.36468 0.10325
56232.82116 19.11942 0.07432
56233.75399 19.43101 0.07367
56233.78371 19.37357 0.09441
56234.68453 19.32828 0.06647
56234.71313 19.31084 0.07817
56235.61461 19.33465 0.06271
56235.64419 19.29821 0.0537
56236.58514 19.49787 0.08579
56236.61561 19.2216 0.06547
56237.58477 19.31015 0.06079
56237.61509 19.2459 0.05471
56238.58334 19.26008 0.07228
56238.61531 19.21726 0.05131
56239.58294 19.46655 0.07121
56239.61141 19.30895 0.05281
56251.83071 19.40894 0.05401
56251.86073 19.2624 0.05482
56252.58576 19.17356 0.05232
56252.60631 19.33856 0.05369
56252.62487 19.37783 0.05745
56252.64555 19.33768 0.0582
56252.66096 19.33459 0.05773
56252.69879 19.3951 0.06432
56252.71706 19.25013 0.05747
56252.73499 19.31988 0.05113
56252.75258 19.25527 0.05549
56252.76856 19.30732 0.05713
56252.78929 19.29216 0.0643
56252.80517 19.50047 0.06608
56252.821 19.23822 0.05388
56252.83831 19.17571 0.05276
56252.85634 19.40523 0.06094
56253.58621 19.33244 0.06187
56253.60335 19.28683 0.07457
56253.62054 19.27361 0.07558
56253.63682 19.3774 0.06499
56253.6539 19.32026 0.07297
56253.6721 19.2658 0.08047
56253.70902 19.32331 0.07018
56253.7307 19.24866 0.07076
56253.75003 19.31218 0.07993
56253.76637 19.44366 0.08009
56253.78832 19.44835 0.07195
56253.8078 19.35971 0.07877
56253.82956 19.2877 0.07188
56253.85372 19.23331 0.07081
56254.74613 19.23203 0.075
56254.77889 19.29437 0.07679
56255.68248 19.48842 0.09798
56255.7252 19.32814 0.09175
56256.62657 19.47063 0.08097
56256.6557 19.2805 0.08418
56257.58763 19.33088 0.10819
56257.64219 19.37065 0.0856
56258.58614 19.3444 0.10771
56258.61848 19.30102 0.08588
56259.59443 19.38205 0.10421
56259.62495 19.27654 0.11778
56265.629 19.33245 0.05409
56265.6592 19.40694 0.06684
56266.58222 19.21685 0.07942
56267.58751 19.24708 0.05192
56267.61751 19.2771 0.05384
56268.59364 19.28438 0.05197
56268.62314 19.24002 0.04743
56269.58319 19.11457 0.05462
56269.58435 19.1784 0.04988
56269.58546 19.37235 0.0503
56269.58657 19.24516 0.04909
56269.58771 19.41419 0.05291
56269.58893 19.21938 0.05228
56269.59006 19.35644 0.04782
56269.59133 19.30112 0.05028
56269.59245 19.28656 0.05079
56269.59364 19.39147 0.04901
56269.59478 19.25509 0.04809
56269.596 19.23292 0.04579
56269.59713 19.35594 0.05208
56269.59843 19.36264 0.04803
56269.59956 19.33657 0.05159
56269.60977 19.44086 0.05178
56269.61093 19.20077 0.04645
56269.6121 19.36892 0.0484
56269.61321 19.3156 0.04593
56269.61434 19.35037 0.04999
56269.61547 19.27975 0.05048
56269.61659 19.26307 0.05091
56269.61773 19.33636 0.0492
56269.61884 19.24325 0.04818
56269.61995 19.23025 0.04442
56269.62115 19.34076 0.05225
56269.6223 19.30121 0.04929
56269.62343 19.2999 0.04819
56269.62457 19.24898 0.04211
56269.62569 19.28212 0.0491
56269.62688 19.356 0.04741
56269.628 19.39687 0.04928
56269.6375 19.46241 0.05641
56269.63881 19.25299 0.04593
56269.64001 19.27994 0.0487
56269.64114 19.3136 0.04509
56269.64226 19.30324 0.04721
56269.64337 19.26602 0.04481
56269.6445 19.25378 0.04524
56269.64562 19.36935 0.04692
56269.64675 19.3373 0.04554
56269.64789 19.38298 0.04842
56269.64905 19.2957 0.04579
56269.65017 19.21859 0.0447
56269.65129 19.34453 0.04472
56269.65247 19.21728 0.04489
56269.65359 19.31833 0.04812
56269.65473 19.25105 0.04789
56269.65585 19.34153 0.0476
56269.65698 19.36843 0.04561
56269.65819 19.14527 0.04098
56269.65932 19.31263 0.04552
56269.66055 19.19466 0.04201
56269.66167 19.32735 0.04702
56269.66279 19.27322 0.04503
56269.66393 19.27834 0.04141
56269.66595 19.25543 0.04357
56269.66717 19.283 0.04291
56269.66829 19.24325 0.04521
56269.66952 19.34968 0.04502
56269.67064 19.32833 0.04401
56269.67184 19.15961 0.0408
56269.673 19.29075 0.04561
56269.67412 19.29166 0.0427
56269.67533 19.23088 0.04521
56269.67646 19.32037 0.04679
56269.6776 19.20342 0.04239
56269.67883 19.32929 0.04443
56269.67997 19.28469 0.04639
56269.6812 19.2955 0.04291
56269.68232 19.23526 0.04355
56269.68343 19.29844 0.04303
56269.68473 19.24647 0.04415
56269.68592 19.2183 0.04583
56269.68705 19.35931 0.04567
56269.68816 19.29573 0.04225
56269.68929 19.27553 0.0434
56269.69041 19.23533 0.04631
56269.69157 19.34566 0.04379
56269.69269 19.25648 0.04359
56269.69383 19.22132 0.04352
56269.69496 19.25735 0.04647
56269.69608 19.26199 0.04488
56269.69898 19.27736 0.04578
56269.70011 19.20469 0.04468
56269.70126 19.32757 0.0487
56269.70241 19.27232 0.04443
56269.70357 19.23725 0.04139
56269.70468 19.21222 0.04154
56269.70581 19.23573 0.0434
56269.70705 19.15158 0.0433
56269.70816 19.28591 0.04311
56269.70937 19.21461 0.0414
56269.7105 19.28154 0.04292
56269.71167 19.33116 0.04461
56269.7128 19.33729 0.04389
56269.71403 19.36601 0.045
56269.71516 19.2996 0.04458
56269.7163 19.27141 0.0435
56269.72641 19.30487 0.04582
56269.72763 19.22231 0.0441
56269.72875 19.34201 0.04691
56269.72987 19.24825 0.04242
56269.731 19.3058 0.0466
56269.73213 19.27779 0.04161
56269.73326 19.3233 0.04454
56269.73438 19.28553 0.0474
56269.73557 19.32068 0.048
56269.73682 19.3128 0.04562
56269.73796 19.24222 0.04449
56269.73911 19.29816 0.04442
56269.74036 19.29914 0.0475
56269.74147 19.22751 0.04187
56269.74272 19.26838 0.04125
56269.74391 19.29716 0.04452
56269.74502 19.25735 0.04431
56269.7462 19.25748 0.04447
56269.74734 19.30336 0.0462
56269.74846 19.29758 0.04819
56269.74961 19.28781 0.04659
56269.75074 19.22114 0.04589
56269.75201 19.2475 0.04589
56269.75316 19.27842 0.0462
56269.75429 19.36412 0.04772
56269.75553 19.2996 0.04519
56269.75665 19.40892 0.04917
56269.75779 19.32791 0.05081
56269.75895 19.29065 0.0519
56269.76008 19.23261 0.04678
56269.76123 19.28082 0.04978
56269.76235 19.37068 0.05178
56269.76348 19.34243 0.05159
56269.76459 19.32058 0.04661
56269.76573 19.30352 0.05028
56269.78036 19.34967 0.05573
56269.78151 19.27056 0.04951
56269.78271 19.19378 0.05009
56269.78391 19.23614 0.05118
56269.78511 19.29777 0.04801
56269.78751 19.27431 0.0529
56269.78876 19.28259 0.04908
56269.78989 19.228 0.04969
56269.79108 19.30919 0.05122
56269.79227 19.23684 0.04593
56269.79356 19.32137 0.04948
56269.79478 19.31076 0.05209
56269.7959 19.3222 0.05109
56269.79701 19.31938 0.04969
56269.79816 19.32257 0.05349
56269.79928 19.3389 0.04869
56269.80041 19.31421 0.05257
56269.80156 19.31588 0.05148
56269.80276 19.31394 0.0515
56269.80404 19.31726 0.05029
56269.80517 19.32233 0.05068
56269.80638 19.37934 0.05216
56269.80752 19.23664 0.05443
56269.80866 19.33132 0.05172
56270.57931 19.3398 0.06271
56270.58058 19.2927 0.05024
56270.58188 19.33559 0.04985
56270.58305 19.33348 0.05251
56270.58429 19.24369 0.04871
56270.58556 19.22045 0.0511
56270.58671 19.30762 0.04965
56270.58798 19.1919 0.04542
56270.58926 19.30583 0.04532
56270.59051 19.20878 0.04533
56270.59176 19.30929 0.04997
56270.59301 19.2979 0.04577
56270.59588 19.26421 0.04634
56270.59719 19.30936 0.04645
56270.59846 19.32079 0.04698
56270.59973 19.21827 0.04306
56270.60101 19.25438 0.04275
56270.60229 19.29593 0.04642
56270.60361 19.31996 0.04705
56270.60484 19.31445 0.04392
56270.60617 19.30301 0.04822
56270.60733 19.36259 0.04871
56270.60868 19.27623 0.04431
56270.60993 19.27728 0.04343
56270.61121 19.2798 0.04246
56270.61244 19.28763 0.04556
56270.61368 19.26923 0.04481
56270.61481 19.33025 0.04704
56270.61593 19.22959 0.04227
56270.61713 19.25816 0.04317
56270.61835 19.26696 0.04456
56270.61963 19.33534 0.04295
56270.62082 19.28763 0.04492
56270.62212 19.25459 0.04297
56270.62324 19.27253 0.04258
56270.62438 19.2676 0.04422
56270.6255 19.36993 0.04551
56270.62668 19.17126 0.04086
56270.62781 19.33163 0.047
56270.62895 19.28002 0.04515
56270.63017 19.2969 0.04452
56270.6313 19.29999 0.04554
56270.63259 19.26473 0.044
56270.63372 19.26282 0.04214
56270.63484 19.16797 0.04065
56270.64581 19.3281 0.04737
56270.64713 19.28343 0.04425
56270.64825 19.27444 0.04495
56270.6495 19.27662 0.04467
56270.65082 19.26818 0.04444
56270.65222 19.28962 0.04605
56270.65336 19.26071 0.04402
56270.6545 19.30397 0.04387
56270.65562 19.25148 0.04655
56270.65697 19.29223 0.04522
56270.65832 19.28498 0.04609
56270.65959 19.28171 0.04515
56270.66092 19.19487 0.04255
56270.66217 19.26264 0.04223
56270.66351 19.29385 0.04357
56270.66477 19.25636 0.04398
56270.67891 19.42177 0.04732
56270.68008 19.35728 0.04263
56270.68122 19.37458 0.04316
56270.68243 19.35305 0.04349
56270.68382 19.38022 0.0478
56270.68508 19.22667 0.04179
56270.68653 19.20514 0.04444
56270.68784 19.29655 0.04258
56270.68912 19.25799 0.04213
56270.69114 19.21333 0.04465
56270.69232 19.22766 0.04287
56270.69365 19.24527 0.04076
56270.6948 19.33993 0.04425
56270.69617 19.24678 0.04087
56270.69746 19.29862 0.04277
56270.6986 19.34252 0.04334
56270.6999 19.26876 0.0417
56270.70121 19.31616 0.04315
56270.70235 19.2441 0.03975
56270.70349 19.26998 0.04155
56270.70482 19.27093 0.04175
56270.70613 19.29125 0.04243
56270.70726 19.2705 0.04564
56270.7086 19.25233 0.04385
56270.70972 19.28666 0.04275
56270.71103 19.37421 0.04515
56270.71235 19.30882 0.04361
56270.71347 19.21746 0.04304
56270.71481 19.24218 0.04502
56270.71608 19.33484 0.04814
56270.71722 19.26275 0.04456
56270.71853 19.19728 0.04364
56270.71967 19.25794 0.0451
56270.72098 19.21947 0.04363
56270.72302 19.27247 0.04458
56270.72439 19.32719 0.04655
56270.72553 19.31614 0.04731
56270.72665 19.30805 0.04572
56270.72793 19.26153 0.04221
56270.72927 19.29525 0.04434
56270.73043 19.27698 0.04383
56270.73161 19.21259 0.04324
56270.73292 19.32227 0.04494
56270.73506 19.22862 0.04385
56270.73622 19.38351 0.0462
56270.73753 19.32384 0.04793
56270.73887 19.29518 0.04584
56270.74001 19.2698 0.04498
56270.74126 19.18659 0.04187
56270.7424 19.22117 0.04955
56270.74369 19.23647 0.04456
56270.74498 19.22745 0.04435
56270.74609 19.28205 0.04874
56270.74744 19.21232 0.04417
56270.7486 19.25685 0.04447
56270.74995 19.2871 0.04646
56270.75121 19.27835 0.04691
56270.75241 19.24399 0.04291
56270.75372 19.24763 0.04674
56270.75502 19.2522 0.04592
56270.75706 19.28863 0.04576
56270.75826 19.31861 0.04708
56270.75948 19.29613 0.04842
56270.76078 19.34873 0.04785
56270.76208 19.27429 0.04412
56270.77223 19.37536 0.0536
56270.77464 19.18338 0.0537
56270.77775 19.28857 0.05015
56270.77887 19.29795 0.04855
56270.78012 19.3236 0.05002
56270.78147 19.29551 0.05279
56270.78273 19.25367 0.04691
56270.784 19.29545 0.04697
56270.78526 19.38967 0.05437
56270.78661 19.39336 0.05466
56270.78776 19.35774 0.05263
56270.7891 19.34435 0.05708
56270.79021 19.20624 0.05063
56270.79151 19.24123 0.05013
56270.7928 19.3508 0.05553
56270.79391 19.3581 0.05224
56270.79508 19.26093 0.05035
56270.79619 19.29794 0.05263
56270.7975 19.2801 0.05001
56270.79862 19.28452 0.05151
56270.79991 19.23349 0.04924
56270.80111 19.34662 0.05462
56270.80249 19.3243 0.04812
56270.80509 19.3611 0.05574
56270.80715 19.29425 0.05503
56270.80837 19.22066 0.05187
56270.80963 19.2177 0.05152
56271.71236 19.24673 0.05756
56271.74462 19.4791 0.06919
56272.64495 19.31779 0.05877
56272.7082 19.41325 0.05772
56273.60993 19.22121 0.05467
56273.63946 19.26918 0.05598
56281.58737 19.5149 0.09029
56281.61668 19.42957 0.07745
56282.58095 19.44437 0.07178
56282.61036 19.36752 0.07477
56282.62819 19.3845 0.06579
56297.58897 19.35203 0.05795
56297.59019 19.38531 0.05482
56297.5937 19.32703 0.05088
56297.59722 19.29534 0.05279
56297.59904 19.32631 0.04971
56297.60164 19.50723 0.05661
56297.60284 19.54482 0.05519
56297.6053 19.37754 0.053
56297.61734 19.41687 0.05143
56297.61965 19.28149 0.04759
56297.62198 19.34291 0.05151
56297.62474 19.33457 0.05359
56297.62597 19.34909 0.04928
56297.62818 19.35405 0.05208
56297.63051 19.37906 0.04969
56297.63246 19.40032 0.05099
56297.6337 19.37565 0.054
56297.63597 19.43107 0.05919
56297.63722 19.41355 0.05294
56297.63944 19.29703 0.05381
56297.64162 19.35381 0.05285
56297.64281 19.40071 0.05381
56297.64393 19.37857 0.05078
56297.64612 19.29956 0.05149
56297.64742 19.32588 0.05352
56297.64964 19.39076 0.05149
56297.65084 19.26464 0.04949
56297.65434 19.42226 0.05438
56297.65811 19.34922 0.05351
56297.65988 19.3897 0.05669
56297.66121 19.34676 0.05143
56297.66483 19.39487 0.05388
56297.66714 19.34695 0.05508
56297.67315 19.35229 0.0535
56297.67547 19.36454 0.06958
56297.67675 19.39693 0.0561
56297.67954 19.29046 0.05251
56297.68076 19.30377 0.05289
56297.6819 19.30081 0.05261
56297.68325 19.31293 0.05208
56297.68541 19.29246 0.05337
56297.68786 19.27585 0.05272
56297.69171 19.39508 0.05479
56297.69635 19.32189 0.0529
56297.69767 19.45071 0.05621
56297.70113 19.3852 0.0569
56297.70743 19.38275 0.05449
56297.71084 19.31838 0.05169
56297.71401 19.34092 0.05462
56297.71668 19.36947 0.05799
56297.7179 19.30568 0.05459
56297.72049 19.30882 0.05758
56297.72327 19.4183 0.05801
56297.72448 19.42914 0.066
56297.72584 19.44885 0.05641
56297.72772 19.36189 0.06188
56297.72894 19.36414 0.06338
56297.74317 19.21377 0.0561
56297.74683 19.46683 0.06272
56297.74996 19.22846 0.06366
56297.75123 19.27873 0.06289
56297.75493 19.35318 0.07317
56297.75709 19.42641 0.06341
56297.7583 19.42945 0.06378
56297.76047 19.34774 0.06169
56297.76167 19.38465 0.06556
56297.76388 19.30702 0.06617
56297.76506 19.31364 0.05948
56297.76834 19.39862 0.07277
56297.77069 19.36498 0.06849
56297.77185 19.26 0.05989
56297.77383 19.32923 0.06437
56297.79199 19.24841 0.08749
56297.79318 19.29379 0.07698
56297.79645 19.41378 0.07627
56297.79838 19.2898 0.07789
56297.79953 19.41306 0.081
56297.80077 19.56658 0.09348
56297.80192 19.15339 0.08009
56297.80312 19.44456 0.08728
56297.80437 19.22391 0.0901
56297.80564 19.41654 0.08169
56297.80864 19.18054 0.0798
56298.58895 19.40742 0.07771
56298.59013 19.2918 0.06505
56298.59235 19.27776 0.09671
56298.59354 19.28165 0.10856
56298.59724 19.3896 0.1045
56298.59842 19.36442 0.0975
56298.60089 19.45054 0.1142
56298.6021 19.59861 0.10564
56298.60332 19.02506 0.10273
56298.60466 19.31873 0.09648
56298.60701 19.41975 0.08028
56298.60823 19.20494 0.09791
56298.61034 19.43646 0.09991
56298.61272 19.25019 0.08727
56298.61595 19.34195 0.06483
56298.61811 19.22894 0.05651
56298.62047 19.3355 0.06097
56298.62171 19.2641 0.08693
56298.62426 19.39809 0.06796
56298.62643 19.31682 0.07272
56298.62762 19.36773 0.08068
56298.63098 19.224 0.06968
56298.63219 19.36509 0.06596
56298.63473 19.25087 0.06324
56298.63687 19.23825 0.05882
56298.63807 19.171 0.07004
56298.63935 19.38763 0.07236
56298.64364 19.26255 0.05195
56298.64578 19.37785 0.06071
56298.64695 19.40312 0.069
56298.6481 19.34663 0.06498
56298.65082 19.29769 0.06452
56298.65294 19.28635 0.05476
56298.65509 19.41534 0.05148
56298.65745 19.42791 0.09407
56298.65865 19.33547 0.0536
56298.66081 19.32628 0.05212
56298.66198 19.25759 0.04876
56298.66411 19.42678 0.05936
56298.66639 19.33174 0.05367
56298.6699 19.34885 0.0547
56298.68256 19.41949 0.06561
56298.68492 19.53064 0.07992
56298.68729 19.39407 0.1026
56298.68852 19.37179 0.10583
56298.6908 19.49954 0.15697
56301.59099 19.4015 0.06582
56302.62153 19.32959 0.06834
56305.59416 19.31905 0.0632
56305.62276 19.48201 0.06017
56307.60089 19.31418 0.10374
56307.63151 19.51697 0.0725
56308.60019 19.44409 0.08088
56308.63015 19.49335 0.10154
56310.60466 19.21754 0.07292
56310.63503 19.30366 0.07401
56311.59823 19.22235 0.07058
56311.62777 19.45504 0.10735
56313.60478 19.32961 0.07088
56313.63593 19.26881 0.09467
56314.61498 19.49024 0.09558
56314.64504 19.56428 0.11552
56322.60046 19.50216 0.09099
56322.63022 19.55213 0.094
56323.59943 19.41986 0.06368
56323.60059 19.39889 0.06328
56323.60172 19.412 0.0557
56323.60284 19.31178 0.05249
56323.60396 19.37214 0.05588
56323.60508 19.35938 0.05749
56323.60621 19.24193 0.05669
56323.60734 19.37438 0.05369
56323.60846 19.37037 0.05447
56323.60959 19.3183 0.05441
56323.61071 19.34806 0.0581
56323.61183 19.26954 0.05509
56323.61297 19.40364 0.05608
56323.61409 19.27744 0.05587
56323.61521 19.49299 0.0578
56323.61635 19.34211 0.05539
56323.61747 19.33779 0.0566
56323.61859 19.26173 0.06017
56323.61971 19.44207 0.05677
56323.62085 19.30352 0.05599
56323.62197 19.33307 0.0516
56323.62309 19.39984 0.05986
56323.62423 19.39098 0.06336
56323.62535 19.33578 0.05667
56323.62647 19.40328 0.06377
56323.62759 19.32463 0.05509
56323.62872 19.38348 0.05937
56323.62985 19.25235 0.0551
56323.63097 19.45063 0.05889
56323.6321 19.33739 0.05587
56323.63322 19.47808 0.06336
56323.63435 19.37102 0.05768
56323.63549 19.3714 0.06058
56323.63661 19.31781 0.05896
56323.63773 19.2874 0.05937
56323.63887 19.32775 0.06188
56323.63999 19.43545 0.06557
56323.64112 19.37542 0.05728
56323.64225 19.3386 0.05928
56323.64338 19.33144 0.05659
56323.6445 19.30647 0.06238
56323.64563 19.23899 0.05569
56323.64676 19.3633 0.06098
56323.64789 19.35458 0.06296
56323.64902 19.35227 0.05817
56323.65014 19.45021 0.06628
56323.65127 19.38253 0.06986
56323.6524 19.34623 0.06647
56323.65352 19.49245 0.06486
56323.65465 19.36566 0.06067
56323.65577 19.48662 0.06947
56323.65691 19.49625 0.06257
56323.65803 19.24359 0.05957
56323.65917 19.45586 0.06238
56323.66029 19.30922 0.06161
56323.66142 19.37792 0.08256
56323.66255 19.30754 0.06291
56323.66367 19.51109 0.06938
56323.6648 19.3227 0.08266
56323.66594 19.32408 0.06519
56323.66706 19.42743 0.07139
56323.66819 19.60729 0.08168
56323.66932 19.39617 0.07722
56323.67045 19.58034 0.07957
56323.67158 19.23846 0.06509
56323.67271 19.40511 0.07326
56323.67384 19.43841 0.06847
56323.67496 19.19369 0.0728
56323.67613 19.35126 0.08019
56323.67725 19.42032 0.0731
56323.67838 19.55383 0.08056
56323.67951 19.30705 0.06189
56323.68065 19.33991 0.07298
56323.68177 19.43378 0.07957
56323.6829 19.35729 0.07088
56323.68402 19.51447 0.07847
56323.68516 19.37758 0.07288
56323.68628 19.48197 0.07857
56323.68742 19.51458 0.0776
56323.68855 19.29199 0.06358
56323.68967 19.31688 0.06977
56323.69081 19.31938 0.07596
56323.69194 19.37698 0.08217
56323.69306 19.39557 0.08578
56323.6942 19.61399 0.08881
56323.69532 19.26586 0.08639
56323.69644 19.46206 0.08206
56323.69758 19.16162 0.08551
56323.6987 19.30435 0.08063
56323.69982 19.49817 0.11038
56323.70208 19.27267 0.07802
56323.7032 19.55698 0.08799
56323.70434 19.40018 0.08043
56323.70546 19.48899 0.09498
56323.70659 19.44783 0.08987
56323.70772 19.68021 0.13069
56323.70887 19.6001 0.11499
56323.71001 19.44067 0.12221
56323.71114 19.63931 0.12079
56323.71226 19.3801 0.13937
56323.7134 19.52229 0.1278
56323.71453 19.38369 0.13082
56323.71565 19.61735 0.11914
56323.71679 19.72886 0.15131
56323.71791 19.55797 0.15716
56323.72017 19.60172 0.17937
56323.72242 19.33617 0.14537
56323.72356 19.36546 0.14815
56323.72468 19.31704 0.13233
56323.72695 19.25311 0.12384
56323.72808 19.40257 0.15889
56323.72921 19.5966 0.15635
56323.73259 19.46958 0.16041
56324.6344 19.47384 0.06478
56324.67356 19.31166 0.06727
56328.60109 19.38101 0.06357
56328.63041 19.39571 0.0554
56329.6158 19.5431 0.09616
56330.60568 19.33963 0.05904
56330.63442 19.30627 0.06137
56336.60557 19.17147 0.0611
56336.6347 19.54006 0.08528
56337.61678 19.33145 0.0602
56337.646 19.22783 0.06579
56339.61462 19.31601 0.09445
56339.64973 19.18181 0.1156
56340.62168 19.47341 0.08158
56340.65261 19.55174 0.08681
56341.63432 19.50564 0.08351
56342.61542 19.31025 0.10346
56342.64414 19.62648 0.10514
56432.97832 19.37667 0.12786
56433.97522 19.36398 0.08368
56434.97306 19.0492 0.09006
56440.95678 19.71868 0.16278
56442.95121 19.58843 0.10317
56443.94843 19.37352 0.09363
56444.94545 19.41653 0.10465
56444.97977 19.44261 0.1421
56446.9404 19.42891 0.07758
56446.9746 19.28127 0.10277
56447.93827 19.63433 0.07222
56447.97245 19.45843 0.08129
56448.93551 19.50449 0.06489
56448.97043 19.32302 0.06751
56449.9322 19.4229 0.06408
56449.96744 19.46631 0.06387
56450.93056 19.33385 0.05671
56450.96471 19.43792 0.07539
56451.92757 19.32514 0.08198
56451.96268 19.48212 0.07429
56452.92487 19.36689 0.0616
56452.95905 19.31722 0.05398
56453.9223 19.67662 0.07631
56453.95718 19.75146 0.08491
56454.91904 19.5322 0.07128
56454.9531 19.34093 0.06108
56455.91706 19.35566 0.06364
56455.95123 19.31913 0.05629
56456.91361 19.35068 0.07266
56456.94859 19.4351 0.06218
56457.91086 19.42279 0.07536
56457.9457 19.30037 0.07009
56458.90893 19.25514 0.06274
56458.94334 19.35798 0.05546
56459.90596 19.37644 0.06638
56459.94092 19.47387 0.05569
56460.9034 19.43925 0.06672
56460.93791 19.43027 0.05648
56461.90107 19.36003 0.06628
56461.93811 19.31864 0.05438
56462.89824 19.42547 0.07289
56462.93439 19.46897 0.0769
56463.89576 19.45525 0.0913
56463.93218 19.44692 0.06019
56469.87982 19.57447 0.09858
56469.91685 19.33337 0.0732
56471.87375 19.34449 0.11166
56471.91001 19.48685 0.08595
56473.86804 19.24663 0.1226
56473.90477 19.34511 0.09729
56475.86334 19.38653 0.10731
56475.9008 19.58234 0.0971
56476.86102 19.56327 0.09929
56476.89765 19.60202 0.11071
56477.85777 19.54529 0.19163
56485.83631 19.34317 0.06907
56486.83403 19.3739 0.06142
56486.87106 19.47641 0.0561
56488.83006 19.30292 0.06343
56488.86647 19.42035 0.06251
56489.82698 19.46283 0.07383
56489.86366 19.36176 0.05681
56491.8581 19.26959 0.10876
56498.802 19.52306 0.13832
56502.79167 19.3729 0.0696
56502.82864 19.3724 0.07922
56503.78903 19.43995 0.06364
56503.82769 19.4243 0.06198
56504.82017 19.55369 0.07622
56504.86992 19.41371 0.06397
56504.90811 19.40051 0.05792
56505.81768 19.51966 0.07272
56505.9509 19.38688 0.05622
56505.98842 19.40468 0.07172
56506.89349 19.44781 0.06217
56507.80198 19.34958 0.0596
56507.84712 19.45691 0.05902
56507.99891 19.46775 0.06273
56508.90167 19.48575 0.04629
56509.79634 19.37211 0.05601
56509.83877 19.36342 0.04915
56510.8262 19.36427 0.0498
56511.79111 19.38436 0.05249
56511.84089 19.45486 0.05304
56512.78788 19.58262 0.06702
56512.82519 19.53014 0.06113
56513.78624 19.51701 0.06394
56513.82352 19.47497 0.05133
56514.7834 19.33136 0.05591
56514.82081 19.47077 0.0521
56515.78106 19.56766 0.06462
56515.82231 19.38137 0.05343
56516.77774 19.49684 0.06137
56516.81437 19.34577 0.04505
56517.77605 19.2406 0.06631
56517.81715 19.38759 0.04872
56517.97309 19.48361 0.06324
56518.87478 19.36526 0.04792
56518.96686 19.44835 0.0522
56519.00311 19.52779 0.05291
56519.90443 19.30017 0.0419
56519.96504 19.38439 0.04432
56520.00171 19.38417 0.04636
56520.90327 19.4394 0.04954
56520.95521 19.45919 0.048
56520.99262 19.35612 0.04464
56521.89446 19.31298 0.04731
56521.95772 19.4174 0.04861
56521.99393 19.37209 0.04695
56527.72557 19.07526 0.17656
56527.80142 19.51948 0.14553
56528.72198 19.47418 0.14712
56528.81982 19.63503 0.11639
56528.87422 19.48349 0.09725
56529.90241 19.59527 0.09393
56529.93849 19.28805 0.09243
56529.97462 19.41229 0.09721
56532.71221 19.36837 0.07816
56532.85928 19.46212 0.05945
56532.89645 19.35342 0.05172
56533.79895 19.44466 0.0564
56533.93493 19.46741 0.0617
56533.97228 19.33855 0.05801
56537.84525 19.43914 0.04655
56537.9874 19.34318 0.04395
56539.69386 19.69746 0.0846
56539.88447 19.40634 0.04367
56539.9215 19.3168 0.0435
56540.97669 19.44692 0.04797
56541.6883 19.467 0.07515
56541.83165 19.5631 0.13498
56542.96698 19.40102 0.05062
56543.00294 19.33961 0.05256
56543.90463 19.16737 0.07586
56543.97085 19.38433 0.04822
56544.00787 19.48605 0.05137
56546.67441 19.34048 0.06442
56546.75907 19.34517 0.05366
56546.94639 19.44401 0.04955
56547.84788 19.52668 0.05314
56548.0057 19.43064 0.05323
56548.66959 19.36031 0.08847
56548.70582 19.37353 0.06982
56548.74172 19.51244 0.0709
56549.66591 19.5319 0.07818
56549.70273 19.34664 0.07722
56549.73967 19.52481 0.07349
56550.66388 19.46459 0.10519
56550.6994 19.53053 0.12318
56550.73216 19.38424 0.08068
56551.66063 19.44484 0.09999
56551.72202 19.4242 0.10499
56551.75862 19.3879 0.08287
56552.66117 19.15318 0.11769
56552.71291 19.37907 0.10968
56552.74635 19.26014 0.08699
56561.66061 19.4371 0.06809
56561.89034 19.34189 0.07927
56561.92356 19.53649 0.09008
56562.93459 19.46486 0.06581
56563.02169 19.611 0.09751
56563.6524 19.41948 0.06569
56563.6893 19.48648 0.06781
56563.77494 19.49219 0.05727
56564.72602 19.40528 0.06452
56564.99301 19.2946 0.05892
56565.02672 19.40248 0.07019
56565.92832 19.29606 0.05078
56565.98151 19.47632 0.06649
56566.01544 19.45686 0.06457
56566.91724 19.49766 0.05269
56566.96287 19.41914 0.0586
56566.99591 19.49352 0.06161
56567.8986 19.40389 0.04847
56567.96702 19.37863 0.04757
56568.00039 19.25405 0.04848
56568.90245 19.39947 0.04635
56568.96343 19.45552 0.05302
56568.99843 19.57452 0.07099
56569.90084 19.45745 0.06488
56569.99803 19.52945 0.07408
56570.03082 19.56684 0.08897
56571.62526 19.65457 0.10667
56571.69052 19.19334 0.09483
56571.72419 19.58092 0.09417
56572.62632 19.35763 0.06354
56572.66032 19.36786 0.06614
56572.69287 19.2327 0.08656
56573.61429 19.33088 0.07138
56573.64765 19.47902 0.06599
56573.77817 19.38029 0.05909
56576.83948 19.39853 0.05029
56577.00541 19.46932 0.07538
56577.60601 19.40023 0.1045
56577.63144 19.47644 0.08108
56577.77306 19.47004 0.06033
56578.67217 19.39843 0.07279
56578.69674 19.51327 0.06923
56578.75347 19.34234 0.06326
56579.73584 19.37196 0.08592
56579.85963 19.4356 0.07623
56579.88516 19.42299 0.0863
56580.7875 19.68351 0.09489
56580.8553 19.50343 0.08076
56580.88022 19.31797 0.07118
56581.78167 19.53083 0.12208
56581.83883 19.39948 0.11407
56581.86464 19.31919 0.11588
56587.62864 19.44519 0.05849
56587.78993 19.42741 0.0722
56587.81475 19.4478 0.07452
56588.71625 19.444 0.10766
56588.86644 19.47377 0.10705
56588.89281 19.51169 0.14115
56589.79481 19.4203 0.06049
56589.81959 19.32579 0.05727
56589.84642 19.40607 0.0617
56590.76387 19.18927 0.05571
56590.8749 19.30416 0.05741
56590.89969 19.25611 0.05809
56591.80204 19.66089 0.09422
56591.86057 19.49094 0.06006
56591.88508 19.31664 0.0552
56592.81972 19.23326 0.05543
56592.91348 19.42165 0.06579
56592.93852 19.38009 0.06594
56596.59731 19.42054 0.0679
56596.81771 19.33136 0.07218
56596.84238 19.43019 0.06681
56597.74425 19.41827 0.06315
56597.82393 19.44058 0.07149
56597.84943 19.58307 0.08323
56598.75163 19.42939 0.06237
56598.82179 19.40339 0.07098
56598.84855 19.42727 0.0606
56599.75014 19.48178 0.05549
56599.79577 19.28229 0.04635
56599.82112 19.43418 0.05399
56600.77441 19.43838 0.0534
56600.8753 19.34744 0.05971
56602.59024 19.36545 0.08918
56602.75501 19.60152 0.11292
56602.78065 19.42024 0.07999
56603.68227 19.31057 0.05574
56603.74296 19.27256 0.06061
56603.81581 19.30641 0.05304
56604.73691 19.42295 0.05589
56604.92616 19.38381 0.0628
56605.64733 19.42123 0.0559
56605.67213 19.32601 0.0527
56606.58401 19.52711 0.1417
56606.60932 19.54037 0.07288
56606.64241 19.80931 0.13168
56607.82225 19.43572 0.09708
56607.84927 19.39347 0.059
56608.75086 19.3056 0.08099
56608.81398 19.55583 0.08487
56609.8617 19.36822 0.08329
56609.88847 19.29653 0.09067
56621.79766 19.48274 0.0731
56622.58588 19.38402 0.05625
56623.58717 19.34759 0.06769
56624.57999 19.22831 0.05903
56624.60429 19.38858 0.0559
56625.70494 19.27289 0.05702
56625.74386 19.3764 0.05572
56626.64578 19.39836 0.0568
56626.67007 19.38327 0.06181
56628.73144 19.56151 0.0701
56628.76212 19.41525 0.0651
56637.58042 19.32924 0.07278
56637.60549 19.41548 0.07654
56639.58002 19.31702 0.08383
56639.60438 19.40381 0.09079
56640.58279 19.38267 0.09328
56640.61699 19.47835 0.1074
56648.58277 19.31772 0.08847
56648.61266 19.42187 0.07461
56649.57885 19.30288 0.07374
56649.60387 19.42418 0.06388
56650.58762 19.37599 0.06686
56653.61955 19.29636 0.1041
56658.58519 19.23755 0.05101
56658.62914 19.11399 0.04635
56659.58605 19.24344 0.05433
56659.61086 19.29952 0.05453
56660.58569 19.20517 0.05414
56660.61029 19.19007 0.05209
56662.58587 19.24038 0.06592
56662.61038 19.0515 0.07179
56663.59143 19.33387 0.05521
56663.6171 19.33757 0.05889
56664.58594 19.14722 0.14254
56664.6104 19.14799 0.06715
56668.61177 19.17714 0.06628
56669.61423 19.42814 0.10963
56670.58877 19.21561 0.13103
56675.5969 19.32249 0.05352
56675.6459 19.24843 0.06991
56676.59181 19.28612 0.07262
56676.61781 19.14417 0.05491
56677.60718 19.24667 0.13878
56678.61458 19.35301 0.05332
56678.64019 19.22787 0.05571
56680.60724 19.33144 0.0617
56683.59693 19.14511 0.04855
56683.63252 19.22855 0.05134
56685.59847 19.16068 0.08693
56685.6471 19.1334 0.06828
56686.63379 19.45526 0.11098
56687.59886 19.19379 0.0563
56687.64144 19.25417 0.05823
56690.60286 19.17301 0.06477
56690.64549 19.36068 0.0724
56697.60505 19.24076 0.07293
56699.60928 19.41465 0.10059
56816.96412 19.2874 0.05869
56816.97531 19.23473 0.0795
56817.96427 19.18754 0.05219
56817.97654 19.1991 0.08321
56818.96227 19.24805 0.04776
56818.97512 19.16371 0.06569
56819.96647 19.36196 0.09498
56819.97765 19.28888 0.13176
56820.96625 19.27344 0.1044
56820.97769 19.49944 0.10699
56821.96237 19.22223 0.11569
56821.9727 19.09699 0.09044
56822.96143 19.2135 0.0887
56822.97681 19.1523 0.09009
56823.96094 19.26727 0.1102
56823.97346 19.24607 0.10571
56824.96428 19.46987 0.08798
56824.97573 19.21939 0.07282
56826.96127 19.27454 0.08331
56826.97472 19.43915 0.11646
56827.96384 19.2911 0.06062
56827.97622 19.34064 0.09087
56828.9654 19.19594 0.06023
56828.97804 19.26742 0.09879
56829.96383 19.18787 0.04824
56829.97653 19.23571 0.06395
56830.96102 19.13838 0.04831
56830.97338 19.25601 0.05751
56832.9648 19.17634 0.04474
56832.97563 19.19075 0.05307
56833.96568 19.13497 0.04645
56833.97644 19.1984 0.0574
56834.96484 19.16929 0.0452
56834.9776 19.30588 0.07143
56835.96569 19.28544 0.05059
56835.97723 19.28331 0.06993
56836.96625 19.2486 0.04074
56836.97711 19.27874 0.05692
56837.96638 19.20254 0.04285
56837.98211 19.21895 0.10109
56838.96389 19.29813 0.04312
56838.9786 19.2719 0.06101
56839.96511 19.26198 0.04235
56839.97834 19.26628 0.05789
56840.96951 19.2565 0.04736
56840.98137 19.26052 0.06482
56841.96857 19.24472 0.04417
56841.98075 19.39298 0.06604
56844.96636 19.33186 0.04981
56844.97887 19.22151 0.05386
56845.96726 19.11234 0.0393
56845.98002 19.23012 0.05056
56846.96666 19.16981 0.04068
56846.98115 19.24505 0.05189
56847.96648 19.21385 0.03834
56847.98151 19.2528 0.04754
56848.96743 19.19262 0.04024
56848.98312 19.20658 0.04956
56849.96813 19.30477 0.073
56849.98235 19.13444 0.06849
56850.96941 19.62925 0.14663
56850.98368 19.19401 0.12965
56851.97048 19.48434 0.08793
56851.98675 19.3126 0.07938
56854.96165 19.13611 0.05763
56854.98771 19.23133 0.06129
56855.96071 19.15432 0.05852
56855.98393 19.3249 0.06632
56856.96087 19.44345 0.0947
56856.98328 19.45855 0.07786
56858.96243 19.29437 0.05257
56858.98507 19.30122 0.05124
56859.96515 19.26778 0.03927
56859.98697 19.23045 0.04953
56861.96231 19.22231 0.04385
56861.98508 19.13505 0.04241
56862.9659 19.23649 0.04232
56862.98227 19.26142 0.04486
56863.94981 19.23116 0.04033
56864.94576 19.15802 0.04577
56864.96947 19.21128 0.0502
56865.92975 19.2908 0.05587
56865.96089 19.25796 0.04183
56867.98799 19.15531 0.0406
56868.96536 19.2464 0.0423
56868.98567 19.22785 0.04407
56869.96092 19.17545 0.04114
56869.98231 19.21331 0.03955
56870.96467 19.17753 0.03794
56870.98635 19.21413 0.04014
56874.97428 19.24589 0.03856
56874.99622 19.16822 0.04224
56875.98151 19.05435 0.05183
56875.99752 19.2983 0.04666
56876.91773 19.25883 0.03893
56876.94717 19.24457 0.03716
56877.9745 19.25835 0.04052
56877.9957 19.24805 0.04306
56878.00741 19.39181 0.07392
56878.9086 19.22886 0.06057
56878.93847 19.23416 0.06073
56879.92838 19.21991 0.0664
56879.95816 19.24338 0.08728
56880.9882 19.11112 0.07156
56882.96877 19.12963 0.11038
56882.98848 19.33681 0.09579
56883.9421 19.17869 0.06494
56883.98158 19.20595 0.05587
56884.99956 19.2085 0.06005
56885.96448 19.18659 0.04974
56885.98159 19.20744 0.04907
56886.91453 19.24089 0.04752
56886.94264 19.18081 0.0466
56887.91623 19.26965 0.0443
56887.94902 19.19294 0.04367
56888.86519 19.19615 0.0377
56888.89905 19.11123 0.0366
56888.91008 19.22959 0.03933
56888.94196 19.20618 0.04013
56890.94091 19.18886 0.04024
56890.97479 19.26827 0.04335
56895.83087 19.30941 0.04911
56895.86667 19.23903 0.05292
56972.71463 19.2301 0.05519
56972.73749 19.21062 0.05192
56978.74407 19.30526 0.05328
56978.79927 19.34687 0.08505
56979.72374 19.31927 0.08055
56980.71766 19.32563 0.05007
56980.83416 19.26454 0.05783
56981.71538 19.23088 0.05046
56981.77818 19.22339 0.05364
56984.71333 19.43584 0.07421
56984.78092 19.55529 0.08956
56986.72544 19.33631 0.06512
56986.79095 19.56332 0.07763
56987.70535 19.11298 0.05183
56987.76948 19.32965 0.05812
56988.66321 19.36683 0.05914
56989.60286 19.27705 0.05674
56989.66828 19.26429 0.05435
56990.59847 19.33979 0.05632
56990.66232 19.27115 0.05654
56991.66882 19.40531 0.14876
57000.62591 19.35505 0.05354
57000.65668 19.38316 0.07164
57001.60725 19.19876 0.04863
57001.63454 19.25932 0.04842
57002.61812 19.4947 0.17924
57011.62365 19.38292 0.05593
57011.65019 19.31593 0.05516
57014.60229 19.26382 0.05382
57014.62433 19.27167 0.05169
57015.60026 19.33874 0.0626
57015.6199 19.29008 0.05571
57018.60146 19.22522 0.05763
57018.62586 19.30433 0.0593
57019.59637 19.30846 0.07945
57019.61004 19.31129 0.06701
57030.59868 19.31004 0.05952
57037.60179 19.39396 0.06482
57039.60447 19.28181 0.056
57040.60372 19.24065 0.05375
57040.65327 19.26044 0.07713
57041.64649 19.20587 0.05186
57042.59979 19.30772 0.0542
57042.64647 19.35204 0.05707
57043.60053 19.25349 0.05537
57043.64542 19.17182 0.05097
57044.59961 19.40188 0.06913
57046.59907 19.41741 0.06766
57046.64082 19.45103 0.07943
57047.65127 19.10678 0.06846
57047.65361 19.37367 0.06785
57059.60766 19.22651 0.05132
57059.61723 19.22353 0.05104
57063.60738 19.2594 0.05919
57063.61933 19.34682 0.05805
57064.61072 19.25854 0.06123
57064.62756 19.27851 0.06158
57065.60805 19.57976 0.08556
57065.62471 19.32604 0.07559
57067.60784 19.26231 0.07065
57067.62545 19.42963 0.06679
57069.61019 19.27941 0.06179
57069.6409 19.17189 0.06432
57070.61078 19.3238 0.06436
57070.6277 19.44201 0.07312
57071.61023 19.2904 0.06493
57071.6267 19.2012 0.0653
57089.61859 19.61479 0.11413
57089.62798 19.52319 0.15127
57090.63028 19.29676 0.09546
57091.62051 19.5844 0.12111
57091.62877 19.34539 0.09211
57179.97424 19.06842 0.12982
57180.95646 19.34706 0.10338
57185.96692 19.31396 0.0785
57187.96362 19.25743 0.05626
57188.93765 19.31534 0.05646
57188.96808 19.23879 0.0606
57189.95594 19.43888 0.05792
57190.94422 19.28348 0.06285
57190.9766 19.33582 0.10016
57191.9217 19.31155 0.06239
57191.95614 19.21181 0.0552
57192.94672 19.32528 0.06087
57192.97846 19.07349 0.1293
57193.93573 19.26327 0.05945
57193.96862 19.22905 0.06783
57194.94374 19.20251 0.04915
57194.97431 19.10238 0.07589
57195.94595 19.15607 0.06349
57195.97546 19.31788 0.08571
57196.92539 19.17518 0.07733
57196.97637 19.15786 0.0955
57197.91796 19.14586 0.05253
57197.96971 19.41382 0.06389
57198.93165 19.10834 0.05613
57198.96479 19.1061 0.06275
57199.9472 19.33879 0.05781
57199.9815 19.00586 0.11954
57207.95261 19.23688 0.08118
57207.98422 19.3047 0.10877
57208.90735 19.23855 0.08005
57208.94607 19.39871 0.08264
57209.93937 19.22961 0.06571
57209.97959 19.22354 0.06581
57210.9363 19.23147 0.05935
57210.97519 19.30124 0.06731
57211.94997 19.35681 0.06544
57211.98409 19.22627 0.07841
57212.9376 19.47052 0.09373
57212.97329 19.34689 0.09536
57214.96163 19.22648 0.05069
57216.93262 19.21658 0.04981
57216.97994 19.27664 0.05285
57218.92712 19.21007 0.04837
57218.977 19.22981 0.05193
57219.94247 19.22601 0.04122
57219.97077 19.21333 0.03852
57220.92305 19.25918 0.04167
57220.98129 19.17684 0.04259
57225.95176 19.20948 0.03732
57226.95332 19.25683 0.04065
57227.93417 19.19059 0.03988
57227.97035 19.22351 0.04357
57231.91879 19.26597 0.05063
57231.96902 19.14933 0.03945
57232.8829 19.20015 0.0621
57232.9489 19.05295 0.04513
57237.93379 19.4038 0.07844
57237.98326 19.15841 0.07698
57238.91268 19.23489 0.05812
57238.96563 19.19262 0.05056
57239.93796 19.23011 0.05631
57239.98313 19.23401 0.0571
57240.95317 19.18833 0.05179
57241.93368 19.23293 0.0576
57242.93933 19.19123 0.04244
57242.98523 19.13982 0.04105
57244.91131 19.20409 0.0402
57244.96611 19.25607 0.03959
57245.87591 19.25703 0.04168
57245.91376 19.19201 0.03697
57246.89995 19.28601 0.04328
57246.93423 19.26194 0.0421
57247.92574 19.14547 0.03647
57247.95614 19.20106 0.03822
57248.84393 19.206 0.04457
57248.8782 19.18712 0.04162
57249.88436 19.18419 0.0409
57249.9163 19.17244 0.04004
57250.88236 19.18672 0.04181
57250.92114 19.15626 0.04646
57251.8693 19.2142 0.04232
57251.91419 19.18009 0.03748
57267.93864 18.9706 0.08688
57267.9816 19.04366 0.06097
57554.97044 19.03556 0.06003
57555.93989 19.07626 0.04913
57555.96363 19.08616 0.051
57564.94449 19.08351 0.07001
57564.95195 19.40897 0.0821
57565.94418 19.33439 0.07181
57567.951 19.13483 0.06263
57567.97572 19.26867 0.08145
57568.92119 19.07516 0.05579
57568.97479 19.16821 0.06894
57569.92685 19.16428 0.05299
57570.93954 19.09695 0.0515
57571.91515 19.14587 0.05248
57571.96845 19.14087 0.05282
57572.94 19.231 0.05336
57572.961 19.20702 0.05459
57573.95955 19.16774 0.04799
57574.96997 19.17545 0.05326
57575.96076 19.11393 0.04719
57576.95096 19.14095 0.04551
57577.97714 19.11898 0.05666
57578.93031 19.05881 0.04569
57578.9597 19.10013 0.0444
57579.93833 19.06097 0.04998
57579.96636 19.00763 0.05087
57580.94991 19.14146 0.04931
57580.97641 19.05596 0.05908
57581.93908 19.08427 0.04541
57581.96061 19.09747 0.04246
57582.96612 19.09123 0.04387
57583.93612 19.08784 0.04253
57583.97225 19.1255 0.0461
57584.92871 19.02902 0.04073
57584.97404 19.13952 0.04807
57585.92275 19.16872 0.0542
57585.96134 19.084 0.04671
57586.91575 19.17824 0.07176
57592.99636 19.11617 0.07578
57595.9848 19.2369 0.06442
57596.95384 19.15787 0.05932
57596.98786 19.05619 0.06116
57597.93735 19.09182 0.04647
57597.9794 19.04179 0.05399
57598.9281 19.15377 0.05209
57598.97263 19.17238 0.04731
57599.94579 19.08843 0.05181
57600.96483 19.10729 0.04735
57601.9531 19.06142 0.04703
57601.99102 19.18667 0.0516
57602.95616 19.19934 0.05129
57602.99208 19.1548 0.0519
57603.95654 19.03446 0.04354
57603.99274 19.14145 0.04875
57604.96148 19.01098 0.04191
57604.99535 19.09252 0.05062
57605.93926 18.98558 0.04122
57605.97693 19.23611 0.04377
57606.94732 19.11884 0.04573
57606.99101 19.15139 0.04479
57607.92659 19.09783 0.04402
57607.97806 19.13425 0.05152
57608.92515 19.23776 0.04628
57608.96585 19.05949 0.04777
57609.94301 19.09957 0.04695
57610.89516 19.08213 0.04947
57610.92695 19.16318 0.04837
57611.90199 19.15806 0.04873
57611.93252 19.04592 0.04597
57612.88937 19.10217 0.04572
57612.93148 19.04763 0.04188
57613.84046 19.03052 0.0588
57613.87193 19.26153 0.0515
57613.90353 19.17363 0.0468
57614.96436 19.15104 0.04433
57614.99496 19.14669 0.04327
57615.90761 19.17925 0.05884
57615.95637 19.1307 0.04418
57621.98607 19.25746 0.14713
57622.01291 19.25494 0.12338
57622.96114 19.31565 0.10693
57623.99038 18.95373 0.08763
57624.01266 19.40553 0.11397
57624.97236 19.15285 0.07467
57624.99829 18.95597 0.08524
57625.94454 19.2113 0.05974
