#mjd mag magerr
55061.92501 20.40934 0.0676
55061.95573 20.43877 0.06912
55063.91987 20.44913 0.06849
55063.9639 20.35661 0.06813
55064.92128 20.36326 0.08467
55064.9656 20.21921 0.07206
55066.91014 20.48397 0.07752
55066.95474 20.45335 0.07224
55067.91649 20.75616 0.14867
55067.96099 20.60727 0.11448
55069.90324 20.52108 0.07311
55069.94786 20.47855 0.09818
55084.86328 20.37177 0.1016
55087.85609 20.5631 0.0899
55087.90101 20.33353 0.07684
55088.96983 20.48516 0.08184
55089.01521 20.35732 0.0811
55089.94574 20.62534 0.09723
55089.99042 20.52801 0.09143
55093.83741 20.27693 0.06916
55093.88196 20.27051 0.0659
55096.8292 20.19205 0.07735
55097.00858 20.68378 0.11321
55104.99862 20.26734 0.10525
55114.88125 20.19997 0.09662
55119.89538 20.43419 0.10047
55119.95365 20.56306 0.11808
55123.75696 20.37479 0.08922
55123.81523 20.16914 0.09355
55126.97957 20.44265 0.11679
55127.83329 20.27378 0.0902
55127.87706 20.26077 0.09712
55135.86926 20.50327 0.164
55142.7036 20.45027 0.10426
55142.75219 20.25463 0.09976
55144.77886 20.37355 0.09661
55144.82305 20.46424 0.10154
55151.72943 20.36882 0.10321
55151.77257 20.57831 0.11028
55168.63378 20.73537 0.15109
55168.6775 20.39876 0.13233
55175.61224 20.26536 0.07749
55175.65684 20.28935 0.07118
55181.59421 20.54733 0.12825
55181.63825 20.23398 0.1043
55183.59204 20.18131 0.19572
55183.64253 20.22552 0.09282
55189.62557 20.55456 0.11569
55199.58559 20.30592 0.0846
55202.58667 20.71735 0.17703
55203.71441 20.36797 0.10884
55203.75743 20.34293 0.12542
55207.63092 20.4253 0.08607
55207.67514 20.3179 0.08688
55209.5968 20.33139 0.08022
55209.64149 20.38617 0.08273
55213.63312 20.4467 0.12296
55213.6798 20.43962 0.12389
55377.89535 19.87952 0.16663
55379.8591 20.11424 0.16574
55379.92482 20.09107 0.09789
55380.87684 20.1645 0.15498
55380.92078 20.26359 0.13228
55381.89606 20.22737 0.10109
55381.93934 19.94567 0.0843
55384.82671 19.92995 0.08077
55384.87028 20.07598 0.07578
55385.87021 19.96244 0.06452
55385.91339 19.95875 0.05722
55386.86524 20.2719 0.08218
55386.90867 20.19242 0.07675
55387.87002 19.93423 0.07796
55387.91342 19.96782 0.06184
55388.86609 20.31411 0.10338
55388.91005 20.11167 0.06812
55390.80957 20.00603 0.10677
55390.85393 19.99644 0.0806
55391.80613 20.34398 0.12652
55391.87538 19.94218 0.08976
55392.83258 20.02774 0.08915
55392.87538 20.12107 0.07989
55394.79908 20.23173 0.11191
55394.8431 19.95656 0.06853
55395.79551 19.82089 0.1303
55395.84215 19.98012 0.07928
55396.79527 20.13475 0.11672
55396.83932 19.86461 0.07172
55397.79163 20.07737 0.16474
55397.83526 19.76667 0.07767
55398.78764 20.12812 0.14294
55398.83124 20.13174 0.14817
55399.78802 19.8908 0.16424
55399.83261 19.80757 0.10934
55400.78534 19.93595 0.14781
55400.8289 19.84374 0.10758
55401.78133 19.85028 0.19966
55401.82518 20.07265 0.17932
55403.81973 19.96955 0.20398
55404.77424 19.94533 0.17374
55404.84266 20.07688 0.14101
55405.8416 19.99403 0.13931
55407.83003 20.3687 0.153
55411.79896 20.05658 0.1082
55412.75232 19.96269 0.16876
55412.79539 20.06506 0.13809
55413.75577 20.06113 0.13607
55413.79945 19.95921 0.13039
55414.75161 20.31847 0.1656
55414.79555 19.90048 0.08969
55415.79727 19.94671 0.14518
55416.79342 19.7699 0.12125
55417.84511 20.133 0.11639
55418.79843 19.93808 0.1164
55418.84121 19.99181 0.09606
55419.75121 20.2157 0.14186
55419.79504 20.0427 0.1192
55420.78929 20.03413 0.14701
55420.83264 20.04684 0.12287
55421.73664 20.00064 0.08143
55421.79901 20.0593 0.06891
55422.75115 19.96176 0.08568
55422.79487 20.0786 0.06992
55423.74742 19.87165 0.08583
55423.79284 19.94826 0.06278
55424.75349 20.10695 0.10449
55424.80178 19.941 0.07362
55425.76166 20.12712 0.09686
55425.80573 19.98453 0.06599
55426.80123 20.11382 0.09015
55426.8444 19.9346 0.06191
55427.79708 19.97489 0.09182
55427.8408 20.10666 0.07131
55428.79281 20.16834 0.11235
55428.83703 20.02583 0.08472
55429.8142 19.9505 0.09577
55429.85716 20.08797 0.0828
55430.75769 20.0503 0.10906
55430.80485 19.80849 0.09081
55431.75639 20.02736 0.15497
55431.80024 19.94264 0.11306
55432.78359 20.00593 0.19377
55436.88575 20.2447 0.11272
55436.88891 20.10154 0.12576
55436.8919 20.03924 0.14506
55436.89501 20.22926 0.13267
55436.90109 20.30353 0.13296
55436.90728 20.39107 0.13728
55436.91351 20.39628 0.13967
55436.91931 20.14305 0.14236
55436.92514 19.99408 0.14639
55436.93096 20.31685 0.12947
55436.93413 20.23442 0.12676
55436.93703 19.96653 0.12556
55436.93974 20.26868 0.16975
55436.94297 20.31606 0.12987
55436.94613 20.22603 0.13566
55436.9553 20.47351 0.14606
55436.95826 19.9064 0.11399
55436.96116 20.14171 0.14197
55436.96403 20.18677 0.12806
55436.96671 20.17937 0.17015
55438.88857 20.34996 0.11506
55438.89169 19.85305 0.13087
55438.89485 20.32978 0.13138
55438.89798 20.23665 0.13136
55438.90086 20.08159 0.10729
55438.90371 20.25239 0.11786
55438.9065 20.26135 0.12378
55438.90927 20.20192 0.10557
55438.91204 20.14929 0.10968
55438.91487 20.17937 0.12868
55438.91763 20.27736 0.10699
55438.92084 20.09515 0.11688
55438.92394 20.35362 0.18115
55438.92672 20.35613 0.13306
55438.92954 20.29928 0.17065
55438.93259 20.33904 0.16338
55438.93551 20.35964 0.15167
55438.94106 20.27638 0.15736
55438.94411 20.37491 0.14798
55438.94678 20.3127 0.20404
55438.95017 20.44069 0.12716
55438.95913 20.14048 0.10578
55438.96141 20.21585 0.12437
55440.87507 20.08566 0.08429
55440.87823 20.1504 0.08216
55440.88428 19.92257 0.06429
55440.88675 20.00274 0.07283
55440.8894 19.94252 0.07479
55440.89205 19.97065 0.07465
55440.89518 20.05685 0.07154
55440.89832 20.25241 0.08444
55440.90145 20.11484 0.07954
55440.90439 20.06292 0.06884
55440.90729 20.03013 0.07308
55440.91025 19.99746 0.06482
55440.91316 19.94716 0.07198
55440.91591 20.12497 0.07757
55440.9187 20.1168 0.06957
55440.92149 20.14086 0.07397
55440.92426 20.02917 0.07317
55440.93095 20.0871 0.07477
55440.93364 20.18815 0.0767
55440.93623 20.15049 0.07698
55440.9395 20.2256 0.08493
55440.94264 20.09829 0.0783
55440.94582 20.27935 0.08832
55440.94883 20.08088 0.07545
55440.95182 20.08525 0.08435
55440.95489 19.82719 0.06917
55440.95791 20.12102 0.07966
55441.87301 20.05031 0.07271
55441.87592 20.04422 0.06316
55441.88645 20.16154 0.07422
55441.88962 20.0866 0.05903
55441.89254 20.10942 0.0668
55441.89542 20.00489 0.06832
55441.89828 20.07666 0.06503
55441.90107 20.20165 0.07945
55441.9037 19.9598 0.05818
55441.90634 20.11897 0.06218
55441.90906 20.13408 0.06508
55441.9118 19.96787 0.06127
55441.91445 20.00427 0.06184
55441.91722 20.08116 0.06477
55441.91981 20.3143 0.08767
55441.92242 20.05023 0.07034
55441.92546 20.11776 0.06851
55441.9281 20.25873 0.07014
55441.93183 20.16911 0.07141
55441.93458 20.07855 0.06623
55441.93727 20.15731 0.07519
55441.94048 20.1372 0.07153
55441.94326 19.96617 0.063
55441.94546 20.0449 0.06776
55441.94852 20.10711 0.07132
55441.95194 20.03574 0.07192
55441.95469 20.09484 0.06871
55441.95786 20.07189 0.06893
55441.96081 20.03553 0.07043
55441.96392 20.18295 0.07194
55441.96715 19.99429 0.06282
55441.97012 20.07494 0.06575
55441.97294 20.04746 0.06637
55441.97532 20.11907 0.06508
55441.97757 20.06742 0.06682
55441.9798 20.05262 0.06398
55441.9835 19.96245 0.06182
55441.9863 20.02549 0.06811
55441.98852 19.99297 0.06672
55441.99078 20.05092 0.0702
55441.99382 20.13951 0.0752
55442.00593 20.1047 0.07651
55442.00906 20.24349 0.08341
55442.01216 20.13463 0.0936
55442.01486 20.26394 0.08881
55442.01753 20.28515 0.10489
55442.02001 20.47246 0.12958
55442.02226 20.17149 0.15238
55442.70382 20.02219 0.0843
55442.70734 20.1054 0.09535
55442.71097 20.01205 0.0908
55442.71448 20.09387 0.08256
55442.71808 20.05628 0.08191
55442.72168 19.98844 0.08025
55442.72527 19.94971 0.0711
55442.73272 19.92437 0.07405
55442.74184 19.95905 0.07462
55442.74882 20.00308 0.06912
55442.75572 20.03177 0.08
55442.76147 20.01353 0.07779
55442.76615 20.07296 0.07483
55442.77616 19.96722 0.07363
55442.78135 19.94815 0.07005
55442.78615 19.93493 0.06557
55442.79145 20.04903 0.06801
55442.79615 20.11031 0.0707
55442.80186 19.97159 0.06737
55442.8093 19.96755 0.06367
55442.81443 20.03465 0.06604
55442.81939 19.97561 0.06392
55442.82447 20.08661 0.06956
55442.8293 19.97375 0.06982
55442.83541 19.98667 0.06624
55442.84012 19.95739 0.06857
55442.84597 20.09046 0.06975
55442.85112 20.04817 0.06612
55442.85657 19.93917 0.07291
55442.86387 20.15251 0.07785
55442.87002 19.97665 0.07274
55442.87503 20.0977 0.07127
55442.88048 20.06515 0.0688
55442.88617 19.99317 0.06324
55442.89221 19.94442 0.06654
55442.89785 20.22934 0.07534
55442.90297 19.95608 0.06345
55442.90871 20.05444 0.06859
55442.91368 20.06497 0.06897
55442.91875 20.01111 0.07192
55442.92384 20.07469 0.06763
55442.93037 19.9921 0.0704
55442.93642 19.87485 0.06889
55442.94588 20.24094 0.08358
55442.95166 19.97003 0.06924
55442.95754 20.11197 0.07787
55442.96246 20.01668 0.073
55442.96833 20.0428 0.07301
55442.97317 20.09864 0.06966
55442.97782 19.95811 0.0673
55442.98206 20.11235 0.06771
55442.9872 20.01525 0.06974
55442.99348 20.14262 0.08077
55442.99858 20.12648 0.07411
55443.00329 20.04817 0.07968
55443.01002 20.08874 0.07142
55443.01702 20.24758 0.10207
55443.02387 20.32305 0.16441
55443.67742 20.11036 0.09599
55443.68488 20.33477 0.10976
55443.69287 20.28008 0.11725
55443.70415 19.93554 0.0844
55443.71028 20.21531 0.09809
55443.71632 19.98709 0.07937
55443.72231 20.03152 0.08209
55443.72832 20.05486 0.07799
55443.736 20.08953 0.08417
55443.74306 20.05598 0.07717
55443.74812 20.19263 0.07688
55443.75372 20.12431 0.07769
55443.75946 20.1033 0.08081
55443.76526 20.05835 0.07658
55443.77007 20.16573 0.0778
55443.78027 20.11802 0.08668
55443.78539 20.19496 0.07849
55443.79156 20.04857 0.06491
55443.79717 20.25981 0.07538
55443.80302 20.06366 0.0639
55443.80895 20.18714 0.0756
55443.81493 20.11855 0.07242
55443.8204 20.22071 0.09507
55443.82634 20.1999 0.06543
55443.83239 20.03891 0.06472
55443.83783 20.10699 0.05942
55443.84415 20.02642 0.05802
55443.84958 20.11814 0.06636
55443.85553 20.1806 0.0699
55443.86252 20.06063 0.06182
55443.87576 20.12133 0.06813
55443.88141 20.04385 0.05821
55443.88892 20.01014 0.06463
55443.89412 20.26338 0.07781
55443.90077 20.25511 0.07348
55443.90658 19.96978 0.06304
55443.91235 20.05949 0.06542
55443.91779 20.3023 0.08285
55443.92403 20.25123 0.08132
55443.92967 20.12134 0.0729
55443.93496 20.07509 0.07342
55443.94073 20.01106 0.07958
55443.94779 20.18881 0.09378
55443.95355 20.09568 0.06928
55443.95925 20.12147 0.07251
55443.9693 20.0201 0.07305
55443.97555 20.25644 0.08147
55443.98144 20.17353 0.0825
55443.98725 20.22804 0.07935
55443.99456 20.20475 0.07949
55444.00093 20.03585 0.08317
55444.0061 20.04857 0.07162
55444.01187 20.0254 0.06881
55444.0175 20.20156 0.098
55444.02231 20.34732 0.14937
55444.66648 19.80692 0.10822
55444.67221 20.20279 0.11778
55444.67727 20.22803 0.16415
55444.68857 20.16008 0.10327
55444.70198 20.06216 0.12417
55444.7091 20.24537 0.10397
55444.71487 20.26328 0.09687
55444.72103 20.16356 0.0887
55444.72796 20.12123 0.09064
55444.73377 20.14935 0.08958
55444.74094 20.12242 0.07699
55444.74655 20.07002 0.07532
55444.75167 20.13019 0.07968
55444.75678 20.02487 0.06778
55444.76225 20.0306 0.06959
55444.7673 19.93205 0.06689
55444.77353 20.0189 0.07129
55444.77876 20.10744 0.0742
55444.78368 20.02439 0.07072
55444.79848 20.07488 0.06669
55444.80403 20.00589 0.06709
55444.81599 20.15922 0.07198
55444.8213 20.01495 0.06479
55444.83332 20.137 0.07382
55444.83854 20.07676 0.07249
55444.84549 20.13433 0.0686
55444.85161 20.2373 0.08192
55444.85679 20.01339 0.06373
55444.86267 20.08617 0.077
55444.86777 20.27897 0.09287
55444.87321 20.15933 0.06703
55444.87872 19.87314 0.06241
55444.88467 20.03512 0.06572
55444.89016 20.17831 0.07232
55444.89581 20.19749 0.0809
55444.90153 20.02505 0.06112
55444.90845 20.12832 0.07777
55444.91349 20.00979 0.06312
55444.92279 20.03151 0.0638
55444.93139 20.05333 0.06581
55444.94041 20.10814 0.06139
55444.94568 20.03169 0.05911
55444.951 20.13359 0.07611
55444.95724 19.98935 0.07038
55444.96289 20.0032 0.06589
55444.96923 19.86445 0.06361
55444.97411 20.03135 0.06789
55444.98062 20.1193 0.07438
55444.98915 20.24947 0.09076
55444.99553 20.02269 0.06549
55445.00157 20.09418 0.06751
55445.00779 20.27498 0.08686
55445.01282 20.17238 0.08478
55445.01777 20.06341 0.11147
55445.66261 20.24123 0.12569
55445.66749 20.12041 0.09923
55445.67244 20.04275 0.09317
55445.67731 20.00548 0.0862
55445.68422 20.30056 0.10609
55445.6905 20.07727 0.09307
55445.69681 20.07421 0.0866
55445.70294 19.98182 0.0945
55445.70921 20.06801 0.0827
55445.71534 20.21912 0.10001
55445.72791 20.30224 0.09319
55445.73457 20.22433 0.08571
55445.74013 20.21265 0.09717
55445.7456 20.17457 0.0915
55445.75096 20.12059 0.09129
55445.75643 20.18176 0.07109
55445.76191 20.39205 0.08819
55445.76784 20.0868 0.07489
55445.7737 19.95923 0.06717
55445.779 20.06005 0.06461
55445.78479 20.07621 0.0688
55445.79025 20.02191 0.06449
55445.79613 20.03591 0.06622
55445.81095 20.07078 0.07079
55445.81845 20.13522 0.06231
55445.82455 20.01171 0.0596
55445.83024 20.11741 0.06409
55445.84021 20.19288 0.06941
55445.84549 20.13964 0.06114
55445.85174 20.12847 0.05922
55445.85762 19.92651 0.04978
55445.8636 19.97742 0.05486
55445.86963 20.04707 0.05387
55445.87567 20.02188 0.05501
55445.88207 19.95985 0.0559
55445.88844 20.10126 0.06012
55445.89432 19.93901 0.05703
55445.89983 20.12185 0.06088
55445.90668 20.07664 0.05626
55445.91299 19.97009 0.05723
55445.91722 20.06501 0.06
55445.92351 19.93242 0.0518
55445.92915 20.12551 0.06259
55445.93496 19.99257 0.05512
55445.94048 20.11719 0.05813
55445.95216 20.04492 0.05993
55445.95886 20.10928 0.06461
55445.97191 20.05261 0.05783
55445.97872 20.08422 0.05964
55445.98437 20.03634 0.06
55445.98972 20.16537 0.06089
55445.99581 20.05945 0.06141
55446.00245 20.02922 0.06032
55446.00827 20.05746 0.0591
55446.01324 20.14678 0.07359
55446.01787 20.069 0.08161
55446.0233 20.12647 0.11088
55446.66046 20.41431 0.12449
55446.66501 20.35167 0.12188
55446.67089 20.20158 0.11038
55446.6814 20.27125 0.13139
55446.68915 19.98351 0.08339
55446.70044 20.35873 0.1004
55446.70781 20.28292 0.0871
55446.71375 20.31748 0.08877
55446.71998 20.03356 0.08357
55446.7269 20.00315 0.07701
55446.73768 20.23189 0.08891
55446.74263 19.944 0.0637
55446.74841 20.11282 0.07281
55446.75986 19.92888 0.06203
55446.76487 20.1017 0.07238
55446.77004 19.98109 0.06211
55446.77518 20.06622 0.06279
55446.78018 20.08554 0.06791
55446.78654 20.10035 0.06642
55446.79243 19.94583 0.05836
55446.79818 19.97064 0.06272
55446.80822 20.07398 0.06713
55446.81336 20.01842 0.06401
55446.81934 19.98667 0.05954
55446.82569 20.05009 0.05981
55446.83186 20.08134 0.0659
55446.83803 19.94197 0.06256
55446.84316 20.01609 0.05956
55446.84946 19.91962 0.05763
55446.85529 20.20673 0.07158
55446.86132 20.2446 0.07568
55446.86741 19.93242 0.05779
55446.87321 20.01617 0.0547
55446.87945 20.08751 0.06145
55446.88583 19.97467 0.05506
55446.89176 20.06633 0.05888
55446.89901 20.06522 0.07139
55446.90569 20.08908 0.0627
55446.91293 19.96992 0.05945
55446.91958 19.91588 0.05455
55446.92538 20.12995 0.06567
55446.93113 20.06759 0.06173
55446.93686 20.04078 0.05904
55446.94237 19.95581 0.05702
55446.94842 19.96204 0.05425
55446.95451 20.1788 0.06402
55446.96034 20.03966 0.0591
55446.96641 20.04758 0.06385
55446.97287 20.17809 0.06451
55446.97827 20.14648 0.06043
55446.98464 20.11168 0.05862
55446.99026 19.9867 0.05894
55446.99646 20.08644 0.05962
55447.00329 20.12134 0.06224
55447.02248 20.41633 0.12077
55448.00377 20.1269 0.0614
55448.65527 20.43903 0.1642
55448.70146 20.39847 0.11728
55449.82958 20.14138 0.06875
55449.87259 20.06471 0.06052
55450.82585 20.05999 0.06579
55450.86998 20.05307 0.0569
55451.65338 20.06303 0.0999
55451.70095 20.28448 0.09553
55452.64792 20.00794 0.10531
55452.69243 20.13198 0.08571
55453.64519 20.27668 0.11919
55453.6895 20.18926 0.08071
55454.68793 20.04117 0.1005
55455.63923 20.26639 0.14746
55455.7154 20.18966 0.09019
55456.63346 20.4 0.1463
55456.67702 19.99151 0.10236
55457.6732 19.91373 0.10423
55458.66069 19.83749 0.09682
55458.7057 20.15669 0.11288
55460.72453 20.22383 0.11099
55462.76573 20.34793 0.19746
55462.80848 20.21411 0.15177
55466.61959 20.32447 0.14335
55466.62134 20.38538 0.12166
55466.6231 20.0621 0.10646
55466.62486 20.35501 0.11287
55466.62661 20.06479 0.11857
55466.62943 20.19081 0.11278
55466.63348 20.24581 0.11936
55466.67604 20.37558 0.14557
55467.62749 19.98755 0.1287
55468.7394 20.13883 0.08051
55468.78277 20.28566 0.09103
55469.73472 20.33988 0.12597
55470.77885 20.27717 0.16554
55470.82246 20.06373 0.07778
55471.77466 20.00743 0.06076
55471.82993 20.21308 0.10799
55472.62548 20.17954 0.09068
55472.66936 20.02268 0.08561
55473.62096 20.10158 0.11281
55477.66775 19.91593 0.06713
55477.71276 20.11342 0.07781
55478.62384 20.32026 0.11177
55478.66775 20.11174 0.08939
55479.61565 20.02456 0.0931
55479.65968 20.25406 0.0853
55480.65805 20.22497 0.08888
55481.61182 20.11033 0.093
55481.69382 20.09179 0.06658
55482.61769 20.31281 0.10647
55482.66188 20.07714 0.079
55482.67843 20.06644 0.07891
55483.61039 20.11051 0.1101
55483.66512 20.20001 0.09317
55484.66377 19.99476 0.08232
55484.70695 20.28084 0.09312
55485.61939 20.15655 0.11724
55485.66329 20.10358 0.09998
55486.658 20.10637 0.15212
55497.84041 20.46351 0.14977
55497.89223 20.47489 0.16617
55498.71756 20.20432 0.07418
55498.79 20.30941 0.103
55499.59404 20.08482 0.09219
55499.63881 19.99008 0.07885
55501.66259 20.34468 0.10303
55501.75706 20.20369 0.079
55502.72145 20.28139 0.07612
55502.82148 20.19172 0.09594
55503.77762 20.50208 0.11982
55503.8732 20.37791 0.10441
55504.82418 20.03182 0.09251
55504.91868 20.14478 0.10606
55506.68972 20.04383 0.10146
55506.73387 20.05534 0.07262
55507.81368 20.41176 0.09361
55513.658 20.09208 0.09507
55513.7418 20.21161 0.08737
55514.69377 20.29368 0.10658
55514.73749 20.50217 0.14826
55515.69951 20.52537 0.10998
55515.74236 20.19144 0.11395
55516.67238 20.13368 0.10816
55516.71654 20.19666 0.11336
55517.61497 20.09188 0.1133
55517.6584 20.09023 0.10657
55518.61481 20.41812 0.19297
55518.6578 20.08942 0.15787
55527.74242 20.26359 0.09598
55530.70615 20.25568 0.1148
55530.75072 20.36762 0.14212
55531.77418 20.45338 0.1531
55531.81743 20.47507 0.2029
55532.78408 19.98606 0.07185
55532.82836 20.28258 0.1061
55535.68432 20.271 0.08085
55537.58157 20.52375 0.19395
55537.62557 20.18279 0.0885
55538.57995 20.0794 0.09038
55538.62381 20.20484 0.08138
55539.58012 20.27035 0.09725
55539.62283 20.13215 0.0774
55540.61811 20.20279 0.07676
55540.66215 20.35802 0.08663
55541.61644 20.31562 0.10098
55541.65945 20.35885 0.15139
55544.59603 20.45087 0.10414
55544.64191 20.20147 0.08422
55545.63939 20.4122 0.16189
55558.69892 20.29217 0.13009
55558.75663 20.40652 0.10858
55561.73304 20.59211 0.13459
55567.59621 20.16635 0.08619
55575.6386 20.32936 0.12411
55579.61368 20.08236 0.11688
55579.65687 20.49924 0.17006
55580.66998 20.31273 0.13965
55583.61703 20.04269 0.08138
55583.66119 20.53999 0.11587
55584.63985 20.22675 0.08499
55584.68286 20.35144 0.11436
55586.61685 20.18704 0.08647
55586.66038 20.33735 0.10439
55722.89872 20.16659 0.10279
55723.9634 19.96677 0.10396
55733.86776 20.12335 0.13708
55733.91212 20.11716 0.09786
55750.83279 20.21012 0.11733
55750.87598 20.12448 0.08942
55753.86132 20.22242 0.13251
55756.93392 20.05584 0.13594
55759.84878 20.03762 0.12578
55759.89212 20.2177 0.12227
55762.79606 19.9568 0.18967
55762.8402 20.04197 0.14748
55766.7805 20.46136 0.15066
55766.83041 20.17806 0.1029
55768.77509 19.82456 0.12866
55768.82037 20.30702 0.14296
55769.80074 19.96827 0.08198
55769.84468 20.14893 0.08278
55770.78189 20.44827 0.12644
55770.82573 20.12427 0.08435
55771.78074 20.22158 0.0975
55771.82449 20.16272 0.08258
55774.75968 20.21754 0.14684
55774.80363 20.10007 0.09369
55779.7464 20.21098 0.10464
55779.79086 20.14243 0.09268
55780.79415 19.94928 0.08737
55782.7508 19.95768 0.13576
55782.7956 20.54753 0.15932
55790.77463 20.0518 0.13692
55793.74743 20.18901 0.10878
55794.75972 20.44401 0.12483
55794.81629 20.55474 0.13482
55809.7101 19.99317 0.11799
55811.7042 19.89613 0.16737
55812.70198 20.1977 0.13778
55813.66257 20.22713 0.21355
55813.70671 20.2509 0.21865
55821.63464 20.45549 0.12568
55822.63132 20.07351 0.15387
55822.67415 20.2349 0.10468
55823.62908 20.3361 0.16824
55823.67275 20.31851 0.11085
55824.6697 20.20628 0.14166
55838.65944 20.21087 0.16127
55842.66208 20.19301 0.16147
55849.60547 20.1592 0.1104
55849.65079 20.04634 0.1693
55850.60468 20.2937 0.13346
55850.64918 20.39611 0.11468
55851.60318 20.5253 0.11757
55851.64641 20.477 0.10832
55852.6481 20.51107 0.10408
55853.60163 20.13656 0.1702
55853.6463 20.43496 0.09835
55854.60164 20.32145 0.12551
55854.64607 20.28205 0.0892
55866.5884 20.50546 0.13665
55866.64679 20.44172 0.11477
55867.58757 20.45467 0.21694
55867.63053 20.49818 0.18875
55868.5865 20.29212 0.14669
55868.63002 20.34878 0.14437
55882.86968 20.44827 0.16728
55882.87146 20.16852 0.12289
55882.91495 20.3484 0.16877
55883.86679 20.32267 0.14699
55883.91496 20.45746 0.18597
55887.63181 20.05989 0.09563
55887.68352 20.77539 0.1247
55889.80049 20.44452 0.09989
55889.84447 20.1966 0.0876
55891.6225 20.3397 0.10368
55893.58261 20.15262 0.11518
55893.62546 20.61517 0.12806
55894.58144 20.42697 0.13284
55906.58378 20.63348 0.1477
55916.59575 20.40936 0.11734
55916.64026 20.23011 0.10028
55922.6423 20.37757 0.09891
55923.59751 20.6329 0.13288
55923.64145 20.44344 0.10345
55924.60837 20.4081 0.10101
55925.59941 20.58527 0.16242
55925.67897 20.17072 0.09864
55926.58279 20.2736 0.09637
55926.62543 20.24517 0.10251
55930.62499 20.44185 0.17238
55931.58458 20.27698 0.14661
55932.62858 20.80003 0.18757
55936.60917 20.21555 0.17408
55936.65247 20.5725 0.16821
55939.64879 20.52633 0.14187
55939.6851 20.48141 0.153
55943.69972 20.32175 0.11118
55943.74446 20.41138 0.13637
55944.64379 20.20119 0.09878
55944.67224 20.64835 0.12578
55947.59349 20.44426 0.11013
55949.64923 20.48674 0.15338
55952.60617 20.22699 0.10989
55952.64932 20.21011 0.11869
55953.59751 20.57315 0.12937
55953.64127 20.41539 0.11688
55954.64157 20.5766 0.14786
55958.67117 20.25564 0.14588
55962.61935 20.54539 0.19325
56075.96117 20.78221 0.17813
56086.96186 20.27025 0.13778
56089.9375 20.44696 0.15165
56091.93224 20.78017 0.15495
56091.96189 20.43506 0.15465
56092.88532 20.41761 0.12497
56092.94551 20.80801 0.15157
56093.95942 20.54994 0.14647
56094.90895 20.21245 0.1579
56094.93794 20.55529 0.12267
56095.89413 20.6736 0.19195
56095.95378 20.4572 0.16287
56096.91464 20.81919 0.14488
56096.94475 20.777 0.12716
56099.86796 20.70752 0.15466
56099.8979 20.69375 0.13535
56099.92867 20.49411 0.10995
56100.9014 20.58676 0.16624
56100.93113 20.78963 0.14325
56102.88948 20.58427 0.13547
56102.91975 20.28809 0.11095
56103.92203 20.3067 0.12967
56104.86298 20.86067 0.19805
56104.92258 20.56111 0.12547
56105.87772 20.48092 0.17874
56105.90846 20.89134 0.15845
56105.93782 20.58416 0.13374
56106.87859 20.49449 0.15623
56106.90907 20.66677 0.12146
56107.90655 20.8339 0.15654
56108.92686 20.83041 0.13925
56114.95378 20.59685 0.13637
56116.96078 20.67895 0.16218
56123.8333 20.65735 0.14056
56123.86323 20.67877 0.16396
56124.8239 20.67614 0.18315
56125.83541 20.56775 0.16674
56125.8655 20.86111 0.17295
56126.79674 20.70838 0.19758
56128.8202 20.36669 0.13536
56128.8509 20.60295 0.11896
56129.84839 20.78472 0.13904
56130.84603 20.41118 0.12511
56131.81956 20.80178 0.14616
56131.84966 20.72431 0.18646
56131.87991 20.59574 0.16696
56132.81342 20.82999 0.14395
56132.85526 20.92005 0.13687
56133.80732 20.67026 0.13834
56133.83817 20.80234 0.16094
56135.80558 20.97159 0.14974
56135.8357 20.58182 0.10726
56136.84105 20.6933 0.12719
56148.73743 20.68773 0.15468
56148.76798 20.47559 0.16755
56148.79928 20.75871 0.16495
56151.84315 20.65131 0.09169
56151.87618 20.65799 0.09427
56151.91621 20.55487 0.07972
56164.86055 20.56031 0.07833
56164.89061 20.55588 0.07669
56164.92052 20.55472 0.07891
56165.82275 20.95852 0.13114
56165.85221 20.62412 0.09426
56165.88255 20.76532 0.08926
56166.78411 20.34304 0.14006
56166.82415 20.51315 0.16594
56166.85436 20.6042 0.10737
56167.76082 20.76839 0.16105
56167.79008 20.79091 0.15245
56167.82893 20.7809 0.12326
56168.76135 20.38657 0.17527
56168.79094 20.50294 0.14568
56177.67775 20.6493 0.12507
56177.71467 20.4329 0.09877
56177.7448 20.60603 0.09981
56178.65701 20.74798 0.21846
56178.7245 20.66843 0.12398
56178.75548 20.59974 0.09146
56189.71737 20.42057 0.15015
56189.74707 20.68513 0.10965
56194.73072 20.56552 0.15245
56228.71 20.6559 0.24564
56232.82116 20.82532 0.15557
56234.68453 21.00514 0.14625
56234.71313 20.60751 0.16305
56235.61461 20.76017 0.14979
56235.64419 20.72413 0.11555
56236.61561 21.0326 0.15364
56237.58477 20.5524 0.12706
56237.61509 20.86723 0.13455
56238.58334 20.74791 0.13525
56238.61531 20.79248 0.12255
56239.61141 20.95126 0.13684
56251.83071 20.78061 0.11686
56251.86073 20.80329 0.18385
56252.58576 20.90125 0.11831
56252.60631 20.58626 0.1156
56252.62487 20.9665 0.11969
56252.64555 20.62692 0.13186
56252.66096 20.50936 0.11869
56252.69879 21.05112 0.15706
56252.71706 20.67436 0.12019
56252.73499 20.65514 0.11311
56252.75258 20.53307 0.10761
56252.76856 20.67103 0.11072
56252.78929 20.38787 0.17137
56252.80517 20.70749 0.16435
56252.821 20.34185 0.1284
56252.83831 20.64895 0.13008
56252.85634 20.89546 0.12988
56253.58621 20.59749 0.14856
56253.62054 21.03114 0.13127
56253.63682 20.60614 0.1186
56253.6539 20.79577 0.13654
56253.6721 21.00375 0.15066
56253.7307 20.73364 0.13715
56253.78832 20.87697 0.16245
56253.82956 20.53363 0.14125
56253.85372 20.73474 0.15745
56254.77889 20.86644 0.17976
56257.64219 20.54539 0.14577
56258.61848 20.42384 0.18606
56265.629 20.54342 0.10196
56265.6592 20.8623 0.1524
56267.58751 20.40508 0.1026
56267.61751 20.77051 0.12346
56268.59364 20.797 0.12116
56268.62314 21.08266 0.11935
56269.58319 20.96712 0.16084
56269.58435 20.82166 0.12565
56269.58546 20.57575 0.09787
56269.58657 20.71225 0.13676
56269.58893 20.70604 0.10425
56269.59006 20.69008 0.10995
56269.59133 21.00392 0.13955
56269.59245 20.43493 0.09258
56269.59364 20.98472 0.11805
56269.59478 20.75384 0.10047
56269.596 20.84797 0.11347
56269.59713 20.67474 0.10126
56269.59843 20.60139 0.10146
56269.59956 20.50414 0.09326
56269.60977 20.74189 0.13946
56269.61093 20.70541 0.10647
56269.6121 20.85181 0.12146
56269.61321 20.71432 0.11167
56269.61434 20.79957 0.10779
56269.61547 20.71779 0.11186
56269.61659 20.40552 0.10666
56269.61773 20.76615 0.09498
56269.61884 20.82794 0.11397
56269.61995 20.53196 0.08748
56269.62115 20.5718 0.09428
56269.6223 20.61842 0.09089
56269.62343 20.84206 0.10607
56269.62457 20.71838 0.10231
56269.62569 20.64524 0.09187
56269.62688 20.69043 0.10368
56269.628 20.80496 0.11556
56269.6375 20.91368 0.11887
56269.63881 20.74783 0.10836
56269.64001 20.49561 0.08358
56269.64114 20.87041 0.10117
56269.64226 20.61759 0.09178
56269.64337 20.53793 0.10047
56269.6445 20.64975 0.08687
56269.64562 20.75467 0.09067
56269.64675 20.7459 0.08969
56269.64789 20.62995 0.09576
56269.64905 20.72542 0.09238
56269.65017 20.70979 0.09478
56269.65129 20.55153 0.08916
56269.65247 20.77358 0.09246
56269.65359 20.53009 0.09417
56269.65585 20.66825 0.08747
56269.65698 20.79873 0.13906
56269.65819 20.64376 0.09301
56269.65932 20.71395 0.10656
56269.66055 20.56778 0.09008
56269.66167 20.68884 0.08909
56269.66279 20.47108 0.08577
56269.66393 20.75073 0.09419
56269.66595 20.7414 0.08958
56269.66717 20.65293 0.08718
56269.66829 20.61292 0.09831
56269.66952 20.65753 0.11946
56269.67184 20.67175 0.09877
56269.673 20.55372 0.09196
56269.67412 20.55931 0.0863
56269.67533 20.81439 0.11256
56269.67646 20.59797 0.08936
56269.6776 20.64109 0.0855
56269.67883 20.51674 0.11277
56269.67997 20.55799 0.0923
56269.6812 20.64073 0.08869
56269.68232 20.62049 0.08372
56269.68343 20.64202 0.08888
56269.68473 20.62597 0.09519
56269.68592 20.69526 0.08611
56269.68705 20.66575 0.0881
56269.68816 20.46248 0.0801
56269.68929 20.59109 0.09599
56269.69041 20.66658 0.0955
56269.69157 20.56981 0.08418
56269.69269 20.57781 0.08828
56269.69383 20.50844 0.08959
56269.69496 20.64716 0.09418
56269.69608 20.63559 0.09657
56269.69898 20.54408 0.07922
56269.70126 20.69344 0.10219
56269.70241 20.65087 0.08709
56269.70357 20.68466 0.09785
56269.70468 20.54404 0.09287
56269.70581 20.76393 0.09218
56269.70705 20.57273 0.0948
56269.70816 20.55823 0.09338
56269.70937 20.67433 0.10009
56269.7105 20.73583 0.10557
56269.71167 20.68125 0.09306
56269.7128 20.44788 0.08479
56269.71403 20.58303 0.12066
56269.71516 20.64631 0.08649
56269.7163 20.46071 0.11456
56269.72641 20.79836 0.10676
56269.72763 20.47012 0.0815
56269.72875 20.61948 0.09317
56269.72987 20.51034 0.08779
56269.731 20.78418 0.09947
56269.73213 20.71714 0.10997
56269.73326 20.65441 0.09736
56269.73438 20.59878 0.09616
56269.73557 20.74588 0.10636
56269.73682 20.57326 0.09788
56269.73796 20.64139 0.09628
56269.73911 20.75538 0.10165
56269.74036 20.64738 0.09218
56269.74147 20.67385 0.09037
56269.74272 20.58488 0.11778
56269.74391 20.66158 0.09367
56269.74502 20.8919 0.10546
56269.7462 20.35921 0.10376
56269.74734 20.46369 0.09475
56269.74846 20.60677 0.09417
56269.74961 20.56583 0.09038
56269.75074 20.70231 0.08989
56269.75201 20.76586 0.09489
56269.75316 20.67832 0.08756
56269.75429 20.75474 0.11954
56269.75553 20.60244 0.10135
56269.75665 20.689 0.10176
56269.75779 20.71432 0.10927
56269.75895 20.86791 0.10477
56269.76008 20.52201 0.11517
56269.76123 20.65664 0.11116
56269.76235 20.71953 0.09697
56269.76348 20.57427 0.11816
56269.76459 20.76803 0.10676
56269.76573 20.82458 0.10285
56269.78036 20.71076 0.14434
56269.78151 20.7542 0.15014
56269.78271 20.84956 0.12454
56269.78391 20.47871 0.12493
56269.78511 20.65922 0.10925
56269.78751 20.74619 0.11395
56269.78876 20.92942 0.128
56269.79108 20.74735 0.10987
56269.79227 20.79988 0.11057
56269.79356 20.66883 0.09835
56269.79478 20.73017 0.10376
56269.7959 20.57187 0.10616
56269.79701 20.68537 0.11795
56269.79816 20.80032 0.12145
56269.79928 20.73063 0.14994
56269.80041 20.82731 0.13045
56269.80156 20.55334 0.12235
56269.80276 20.88499 0.11566
56269.80404 20.74543 0.13455
56269.80517 20.78469 0.12176
56269.80638 20.73791 0.12184
56269.80752 20.81821 0.11635
56269.80866 20.76286 0.13045
56270.57931 20.62489 0.11569
56270.58058 20.55724 0.10687
56270.58188 20.82679 0.11889
56270.58305 20.81774 0.12107
56270.58429 20.78422 0.11652
56270.58556 20.69839 0.10749
56270.58671 20.6869 0.11337
56270.58798 20.62222 0.10799
56270.58926 20.70647 0.10758
56270.59051 20.66171 0.10617
56270.59176 20.59572 0.09628
56270.59301 20.66304 0.0935
56270.59588 20.65654 0.09299
56270.59719 20.36843 0.07651
56270.59846 20.56959 0.0912
56270.59973 20.84728 0.0988
56270.60101 20.78227 0.09381
56270.60229 20.68172 0.10509
56270.60361 20.68476 0.11508
56270.60484 20.59457 0.07941
56270.60617 20.70767 0.09981
56270.60733 20.74125 0.10241
56270.60868 20.72125 0.09681
56270.60993 20.69993 0.08701
56270.61121 20.81916 0.10078
56270.61244 20.69598 0.09021
56270.61368 20.76945 0.09654
56270.61481 20.60251 0.09003
56270.61593 20.68866 0.09312
56270.61713 20.54058 0.088
56270.61835 20.46643 0.08562
56270.61963 20.65705 0.08981
56270.62082 20.68703 0.0841
56270.62212 20.6022 0.08562
56270.62324 20.71151 0.08577
56270.62438 20.65034 0.08136
56270.6255 20.76101 0.0987
56270.62668 20.75944 0.09847
56270.62781 20.7515 0.09798
56270.62895 20.65542 0.0974
56270.63017 20.79564 0.0876
56270.6313 20.64855 0.096
56270.63259 20.71284 0.10111
56270.63372 20.74721 0.10448
56270.63484 20.69044 0.09584
56270.64581 20.63248 0.09909
56270.64713 20.59971 0.12776
56270.64825 20.73281 0.10356
56270.6495 20.65972 0.09683
56270.65082 20.92143 0.11288
56270.65222 20.65761 0.09663
56270.65336 20.701 0.09677
56270.6545 20.61582 0.08649
56270.65562 20.6218 0.09719
56270.65697 20.79421 0.10127
56270.65832 20.60896 0.09309
56270.65959 20.92059 0.11389
56270.66092 20.4569 0.08389
56270.66217 20.67601 0.0946
56270.66351 20.52099 0.08848
56270.66477 20.58302 0.08711
56270.67891 20.67112 0.11058
56270.68008 20.65476 0.09591
56270.68122 20.82767 0.09393
56270.68243 20.74775 0.1075
56270.68382 20.64441 0.09869
56270.68508 20.496 0.08915
56270.68653 20.87652 0.08834
56270.68784 20.64954 0.09242
56270.68912 20.61358 0.096
56270.69114 20.57975 0.09601
56270.69232 20.7319 0.08673
56270.69365 20.61838 0.09333
56270.6948 20.55847 0.07865
56270.69617 20.77329 0.09074
56270.69746 20.77767 0.10339
56270.6986 20.6518 0.09581
56270.6999 20.75158 0.09249
56270.70121 20.69366 0.08399
56270.70235 20.69335 0.10608
56270.70349 20.71413 0.09739
56270.70482 20.66615 0.09371
56270.70613 20.82522 0.10391
56270.70726 20.72593 0.10968
56270.7086 20.67958 0.10219
56270.70972 20.74387 0.09608
56270.71103 20.69703 0.0927
56270.71235 20.77907 0.11096
56270.71347 20.72105 0.0987
56270.71481 20.60403 0.0957
56270.71608 20.6564 0.10027
56270.71722 20.71585 0.09897
56270.71853 20.70808 0.10509
56270.71967 20.61203 0.09339
56270.72098 20.81476 0.10342
56270.72302 20.82601 0.09507
56270.72439 20.66864 0.10071
56270.72553 20.80036 0.10555
56270.72665 20.69258 0.0953
56270.72793 20.6661 0.08963
56270.72927 20.75773 0.10509
56270.73043 20.64282 0.09139
56270.73161 20.62563 0.10041
56270.73292 20.72158 0.10608
56270.73506 20.54989 0.10698
56270.73622 20.68941 0.09548
56270.73753 20.52051 0.10298
56270.73887 20.92964 0.11878
56270.74001 20.72121 0.10647
56270.74126 20.71404 0.10207
56270.7424 20.63851 0.09912
56270.74369 20.84331 0.10665
56270.74498 20.7455 0.08979
56270.74609 20.79226 0.10739
56270.74744 20.76126 0.09998
56270.7486 20.76808 0.13136
56270.74995 20.79758 0.09508
56270.75121 20.64972 0.12117
56270.75241 20.83396 0.10819
56270.75372 20.71631 0.09708
56270.75502 20.54324 0.09878
56270.75706 20.58167 0.1059
56270.75826 20.44776 0.12359
56270.75948 20.89672 0.13407
56270.76078 20.74819 0.11067
56270.77223 20.97511 0.13146
56270.77464 20.78023 0.11532
56270.77775 20.7086 0.10382
56270.77887 20.84927 0.12607
56270.78012 20.80885 0.1122
56270.78147 20.91478 0.11977
56270.78273 20.71616 0.12196
56270.784 20.89152 0.11838
56270.78526 20.64012 0.14759
56270.78661 20.81899 0.12667
56270.78776 20.9592 0.13318
56270.7891 20.6352 0.11577
56270.79021 20.58674 0.11728
56270.79151 20.7972 0.12858
56270.7928 20.59125 0.11479
56270.79391 20.86119 0.11686
56270.79508 20.80082 0.11657
56270.79619 21.08047 0.16105
56270.7975 20.67367 0.12008
56270.79862 20.77186 0.13167
56270.79991 20.69586 0.11878
56270.80111 20.87112 0.13426
56270.80249 20.76405 0.11337
56270.80509 20.87965 0.13138
56270.80715 20.60285 0.11099
56270.80837 20.62377 0.10901
56270.80963 20.88021 0.11558
56271.74462 20.55509 0.14036
56272.64495 20.75954 0.13464
56272.7082 20.95059 0.15425
56273.60993 20.69544 0.12695
56281.61668 20.91267 0.18129
56282.58095 20.97283 0.17395
56282.62819 20.67325 0.14506
56297.58897 20.84578 0.13084
56297.59019 20.52475 0.10121
56297.5937 20.91154 0.10626
56297.59722 20.51585 0.09182
56297.59904 20.73326 0.12895
56297.60164 20.65025 0.10296
56297.60284 20.8656 0.11367
56297.6053 21.01493 0.12987
56297.61734 20.80588 0.11887
56297.61965 20.77006 0.10467
56297.62198 20.89016 0.15324
56297.62474 20.82198 0.10369
56297.62597 20.74889 0.10295
56297.62818 20.58991 0.10647
56297.63051 20.55357 0.09589
56297.63246 20.57435 0.10328
56297.6337 20.48839 0.10976
56297.63597 20.62435 0.11556
56297.63944 20.87112 0.12906
56297.64162 20.55112 0.10087
56297.64281 20.6389 0.10926
56297.64393 20.53666 0.10577
56297.64612 20.72393 0.12217
56297.64742 20.61954 0.11467
56297.64964 20.55724 0.1005
56297.65084 20.7784 0.10679
56297.65434 20.63973 0.10828
56297.65811 20.68886 0.10397
56297.65988 20.84027 0.11296
56297.66121 20.93953 0.12425
56297.66483 20.56477 0.10686
56297.66714 20.63494 0.11686
56297.67547 20.78056 0.10536
56297.67675 20.56357 0.11626
56297.67954 20.80158 0.12486
56297.68076 20.75884 0.10857
56297.6819 20.45308 0.10117
56297.68325 20.60633 0.11266
56297.68541 20.73467 0.11276
56297.68786 20.56261 0.10935
56297.69171 21.04888 0.14294
56297.69635 20.56056 0.10615
56297.69767 20.49472 0.10405
56297.70113 20.6232 0.10996
56297.70743 20.58317 0.10658
56297.71084 20.53001 0.13496
56297.71401 20.52828 0.16085
56297.71668 21.0081 0.13635
56297.7179 20.68436 0.12337
56297.72049 20.44286 0.14735
56297.72327 20.69167 0.10895
56297.72448 20.7098 0.11077
56297.72584 20.52099 0.10738
56297.72772 20.92747 0.13666
56297.72894 20.55488 0.12127
56297.74683 20.73653 0.15305
56297.74996 20.77412 0.12745
56297.75123 20.517 0.12065
56297.75493 20.68416 0.14125
56297.75709 20.67618 0.16565
56297.7583 20.50994 0.14265
56297.76047 20.61104 0.11976
56297.76167 20.75197 0.13074
56297.76388 20.90856 0.16194
56297.76506 20.72149 0.15724
56297.76834 20.69748 0.14925
56297.77069 20.33789 0.14415
56297.77185 20.79433 0.19954
56297.77383 20.95188 0.16685
56297.79318 20.51598 0.16624
56297.80564 20.50799 0.20574
56298.58895 20.72898 0.1517
56298.59013 20.59687 0.12877
56298.59724 20.42091 0.16157
56298.60089 20.31257 0.16844
56298.61272 20.7203 0.1609
56298.61595 20.80988 0.1359
56298.61811 20.71114 0.11892
56298.62047 20.78318 0.13829
56298.62426 20.37005 0.12779
56298.62643 20.51676 0.12922
56298.62762 20.68044 0.23346
56298.63098 20.7495 0.22818
56298.63219 20.79769 0.13713
56298.63473 20.70889 0.13742
56298.63935 20.53301 0.13869
56298.64364 20.50905 0.1089
56298.64578 20.6532 0.11428
56298.64695 20.40224 0.15214
56298.6481 20.65977 0.12418
56298.65082 20.46726 0.13506
56298.65294 20.66204 0.13138
56298.65509 20.53712 0.08805
56298.65865 20.63397 0.10534
56298.66081 20.64473 0.10053
56298.66198 20.75051 0.11561
56298.66411 20.53024 0.10339
56298.66639 20.66225 0.11628
56298.6699 20.77307 0.11942
56298.68256 20.41154 0.13849
56301.59099 20.65957 0.1137
56305.59416 20.6383 0.12085
56305.62276 20.69992 0.12155
56310.60466 20.59174 0.13437
56310.63503 20.25927 0.11708
56311.59823 20.56557 0.12516
56311.62777 20.63679 0.20745
56313.60478 20.84434 0.17915
56313.63593 20.44572 0.14655
56322.63022 20.46575 0.1434
56323.59943 20.48734 0.14896
56323.60059 20.75293 0.11848
56323.60172 20.52852 0.11655
56323.60284 20.6723 0.11696
56323.60396 20.8188 0.12578
56323.60508 20.91907 0.16994
56323.60621 20.66454 0.11536
56323.60734 20.79049 0.11156
56323.60846 20.75301 0.12247
56323.60959 20.53177 0.13095
56323.61071 20.73884 0.13405
56323.61183 20.64602 0.13784
56323.61297 20.69882 0.12086
56323.61409 20.74214 0.11675
56323.61521 20.58738 0.11377
56323.61635 20.51284 0.10236
56323.61747 20.68427 0.13595
56323.61859 20.57386 0.11655
56323.61971 20.46739 0.10217
56323.62085 20.48382 0.10348
56323.62197 20.58165 0.11278
56323.62309 20.25821 0.09788
56323.62423 20.25211 0.12187
56323.62535 20.78491 0.12128
56323.62647 20.60765 0.11157
56323.62759 20.57948 0.11704
56323.62872 20.59548 0.11866
56323.62985 20.87499 0.14294
56323.63097 20.50422 0.09849
56323.6321 20.82796 0.13206
56323.63322 20.48211 0.12335
56323.63435 20.87111 0.13186
56323.63549 20.68394 0.12536
56323.63661 20.53162 0.10997
56323.63773 20.76785 0.13065
56323.63887 20.75355 0.13894
56323.63999 20.74843 0.12425
56323.64112 20.63767 0.12096
56323.64225 20.74908 0.12995
56323.64338 20.90403 0.13255
56323.6445 20.70247 0.11136
56323.64563 20.55035 0.13795
56323.64676 20.59676 0.12216
56323.64789 20.46608 0.12515
56323.64902 20.67306 0.12755
56323.65014 20.41552 0.14965
56323.65127 20.63872 0.12095
56323.6524 20.76655 0.12033
56323.65352 20.71354 0.14315
56323.65465 20.46683 0.15114
56323.65577 20.38897 0.12924
56323.65691 20.36728 0.12706
56323.65803 20.64181 0.12436
56323.65917 20.6835 0.15564
56323.66029 20.6736 0.13425
56323.66255 20.85434 0.14705
56323.66367 20.51366 0.15065
56323.6648 20.9171 0.16754
56323.66594 20.31223 0.12585
56323.66819 20.24323 0.15427
56323.67045 20.96805 0.12956
56323.67158 20.37944 0.17794
56323.67271 20.31383 0.11747
56323.67384 20.59622 0.13595
56323.67496 20.49656 0.14994
56323.67613 20.51554 0.13965
56323.67838 20.68888 0.16344
56323.68065 20.45353 0.13935
56323.6829 20.53182 0.15736
56323.68516 20.45704 0.16405
56323.68628 20.63406 0.13355
56323.68742 20.76477 0.20104
56323.68967 20.92104 0.15406
56323.69081 20.37466 0.14095
56323.69644 20.39403 0.19366
56324.6344 20.92027 0.19395
56328.60109 20.8708 0.17214
56328.63041 20.44255 0.09937
56329.6158 20.59224 0.15735
56330.60568 20.4722 0.11157
56330.63442 20.47983 0.11506
56336.60557 20.75281 0.15584
56336.6347 20.9099 0.16744
56337.61678 20.72534 0.12437
56340.62168 20.61144 0.12886
56341.63432 20.65926 0.15197
56448.93551 20.66323 0.13605
56449.9322 20.33761 0.11618
56449.96744 20.17954 0.13716
56450.93056 20.59933 0.15875
56450.96471 20.62205 0.19065
56451.92757 20.54445 0.14967
56451.96268 20.41611 0.14736
56452.92487 20.4009 0.11927
56452.95905 20.62011 0.10997
56453.9223 20.75792 0.19574
56454.91904 20.28629 0.14645
56454.9531 20.61802 0.12127
56455.91706 20.30178 0.13219
56455.95123 20.80585 0.12678
56456.91361 20.50278 0.15276
56456.94859 20.26352 0.11855
56457.91086 20.30649 0.14026
56457.9457 20.48599 0.10897
56458.94334 20.7089 0.16834
56459.90596 20.33424 0.13036
56459.94092 20.73732 0.12065
56460.9034 20.49828 0.13478
56460.93791 20.65548 0.10598
56461.93811 20.47775 0.10357
56462.89824 20.81089 0.15256
56463.93218 20.54612 0.11957
56469.91685 20.38823 0.1361
56475.9008 20.56719 0.17189
56485.83631 20.5653 0.11585
56486.87106 20.68624 0.14345
56488.83006 20.60652 0.13638
56488.86647 20.84579 0.12856
56489.82698 20.82629 0.14967
56489.86366 20.59225 0.13406
56502.79167 20.56667 0.18356
56502.82864 20.33909 0.11993
56503.78903 20.68025 0.13542
56503.82769 20.34847 0.10584
56504.82017 20.78503 0.15376
56504.86992 20.67087 0.12386
56504.90811 20.72387 0.11927
56505.9509 20.59713 0.11215
56506.89349 20.80187 0.15463
56507.80198 20.3041 0.12615
56507.84712 20.53756 0.10885
56508.90167 20.41689 0.07661
56509.79634 20.84334 0.12459
56509.83877 20.338 0.08991
56510.8262 20.28654 0.08303
56511.79111 20.50494 0.13947
56511.84089 20.61473 0.13477
56512.78788 20.81845 0.13887
56512.82519 20.30405 0.11788
56513.78624 20.76236 0.13176
56513.82352 20.76223 0.10729
56514.7834 20.57383 0.13777
56514.82081 20.69476 0.10986
56515.78106 20.80959 0.11968
56515.82231 20.39813 0.09949
56516.77774 20.63866 0.11739
56516.81437 20.50162 0.08935
56517.77605 20.68794 0.11848
56517.81715 20.40189 0.10522
56517.97309 20.61289 0.09541
56518.87478 20.59105 0.0985
56518.96686 20.70184 0.09808
56519.00311 20.55121 0.0916
56519.90443 20.42855 0.08133
56519.96504 20.74586 0.0809
56520.00171 20.46618 0.08829
56520.90327 20.61285 0.0834
56520.95521 20.68027 0.09439
56520.99262 20.67197 0.0858
56521.89446 20.49842 0.09262
56521.95772 20.59526 0.09139
56521.99393 20.5317 0.0903
56532.71221 20.94794 0.15296
56532.85928 20.48344 0.0964
56532.89645 20.60185 0.09404
56533.79895 20.39552 0.11169
56533.93493 20.66821 0.10091
56533.97228 20.54889 0.0993
56537.84525 20.60234 0.09601
56537.9874 20.45965 0.08451
56539.69386 20.56129 0.15996
56539.88447 20.31852 0.06539
56539.9215 20.50942 0.084
56540.97669 20.53987 0.08297
56541.6883 20.3444 0.14032
56542.96698 20.51618 0.10067
56543.00294 20.49196 0.13127
56543.97085 20.60339 0.12877
56544.00787 20.64788 0.10062
56546.67441 20.80888 0.13417
56546.75907 20.4187 0.09551
56546.94639 20.58295 0.0913
56547.84788 20.53831 0.09417
56548.0057 20.60202 0.09498
56548.66959 20.54091 0.16099
56548.70582 20.53927 0.13468
56548.74172 20.76476 0.14146
56549.66591 20.55402 0.16756
56549.70273 20.52164 0.20995
56549.73967 20.58843 0.14467
56550.73216 20.5654 0.14987
56551.72202 20.56878 0.20406
56552.74635 20.43455 0.17916
56561.66061 20.7017 0.14667
56561.92356 20.67216 0.16427
56562.93459 20.90812 0.13967
56563.6524 20.62437 0.14745
56563.6893 20.82777 0.13956
56563.77494 20.63153 0.11066
56564.72602 20.54228 0.12168
56564.99301 20.66795 0.12105
56565.02672 20.68289 0.13945
56565.92832 20.41177 0.10337
56565.98151 20.69697 0.11675
56566.01544 20.69798 0.14224
56566.91724 20.7092 0.12494
56566.96287 20.42334 0.11926
56566.99591 20.58082 0.11207
56567.8986 20.60474 0.09088
56567.96702 20.60367 0.12475
56568.00039 20.32648 0.08379
56568.90245 20.42125 0.08046
56568.96343 20.4863 0.0908
56568.99843 20.82063 0.12389
56569.90084 20.46283 0.09558
56569.99803 20.42772 0.1162
56572.62632 20.48997 0.12488
56572.66032 20.40157 0.10476
56572.69287 20.49563 0.12607
56573.61429 20.67941 0.13876
56573.64765 20.40265 0.10297
56573.77817 20.38367 0.09058
56576.83948 20.43879 0.09139
56577.00541 20.28063 0.12745
56577.60601 20.89136 0.17597
56577.63144 20.37209 0.16306
56577.77306 20.5239 0.11595
56578.67217 20.49245 0.13527
56578.69674 20.59135 0.13955
56578.75347 20.23555 0.12006
56579.73584 20.3309 0.12149
56579.85963 20.30077 0.10611
56580.7875 20.87439 0.15196
56580.8553 20.52855 0.20465
56580.88022 20.24554 0.11745
56587.62864 20.35557 0.09099
56587.78993 20.37953 0.12237
56587.81475 20.39841 0.13696
56588.71625 20.29712 0.20996
56589.79481 20.44407 0.09869
56589.81959 20.42608 0.10657
56589.84642 20.2581 0.12376
56590.76387 20.34301 0.08977
56590.8749 20.78757 0.10706
56590.89969 20.39919 0.10357
56591.86057 20.25722 0.10569
56591.88508 20.475 0.10572
56592.81972 20.44932 0.09562
56592.91348 20.49395 0.11
56592.93852 20.52078 0.13036
56596.59731 20.53256 0.11379
56596.81771 20.7562 0.13567
56596.84238 20.44545 0.10956
56597.74425 20.64703 0.12318
56597.82393 20.60462 0.13408
56597.84943 20.62743 0.17088
56598.75163 20.35524 0.10545
56598.82179 20.6494 0.14667
56598.84855 20.37534 0.10478
56599.75014 20.4647 0.09208
56599.79577 20.49029 0.08628
56599.82112 20.44488 0.09767
56600.77441 20.38618 0.09018
56600.8753 20.54952 0.15026
56603.68227 20.77116 0.11632
56603.74296 20.63868 0.11579
56603.81581 20.53074 0.11621
56604.73691 20.54383 0.10174
56604.92616 20.65971 0.11696
56605.64733 20.39973 0.09576
56605.67213 20.58745 0.10577
56606.60932 20.67338 0.14869
56607.82225 20.73716 0.16108
56607.84927 20.33544 0.10408
56608.75086 20.35576 0.17085
56608.81398 20.59806 0.16447
56609.88847 20.56792 0.16496
56621.79766 20.56589 0.11038
56622.58588 20.5297 0.10048
56623.58717 20.18169 0.11749
56624.57999 20.52074 0.11565
56624.60429 20.61084 0.10516
56625.70494 20.35759 0.0786
56625.74386 20.58064 0.13346
56626.64578 20.45309 0.09708
56626.67007 20.68705 0.09387
56628.73144 20.50729 0.10538
56628.76212 20.63865 0.1179
56637.60549 20.68424 0.14282
56648.58277 20.41615 0.13457
56650.58762 20.80347 0.13538
56658.58519 20.196 0.08932
56658.62914 20.17334 0.07826
56659.58605 20.38381 0.09373
56659.61086 20.42886 0.09411
56660.58569 20.32724 0.10401
56660.61029 20.43917 0.09134
56662.58587 20.25924 0.10735
56663.59143 20.45655 0.10336
56663.6171 20.35689 0.09029
56668.61177 20.41395 0.1069
56675.5969 20.4195 0.09222
56675.6459 20.46886 0.14157
56676.59181 20.38089 0.11076
56676.61781 20.6473 0.1025
56678.61458 20.25207 0.08409
56678.64019 20.46627 0.10917
56680.60724 20.41409 0.11746
56683.59693 20.31423 0.09535
56683.63252 20.53606 0.10083
56685.6471 20.54324 0.13136
56687.59886 20.3481 0.14288
56687.64144 20.43477 0.12457
56690.64549 20.25742 0.12828
56697.60505 20.0426 0.14097
56816.96412 20.43666 0.13185
56816.97531 20.93567 0.19615
56817.96427 20.77217 0.12565
56817.97654 20.29529 0.18743
56818.96227 20.41821 0.12344
56818.97512 20.6713 0.14946
56825.96455 20.6518 0.18576
56827.96384 20.45186 0.15185
56828.9654 20.76129 0.13906
56831.96161 20.40816 0.09629
56832.9648 20.87519 0.1201
56832.97563 20.79297 0.1276
56833.96568 20.58 0.11048
56834.96484 20.47434 0.09879
56834.9776 20.85954 0.17477
56836.96625 20.66428 0.12706
56836.97711 20.62549 0.14607
56839.96511 20.68367 0.1088
56839.97834 20.32677 0.15195
56840.96951 20.48571 0.10988
56841.96857 20.78217 0.09757
56841.98075 20.47114 0.14308
56844.96636 20.73994 0.10696
56844.97887 20.66465 0.11237
56845.96726 20.59278 0.0923
56845.98002 20.55478 0.11248
56846.96666 20.50678 0.09027
56846.98115 20.77257 0.12685
56847.96648 20.40687 0.07559
56847.98151 20.62781 0.09442
56848.96743 20.42708 0.08601
56848.98312 20.90165 0.13868
56851.97048 20.64579 0.15238
56854.96165 20.77318 0.12424
56854.98771 20.62517 0.14305
56855.96071 20.69507 0.16375
56855.98393 20.73947 0.20465
56858.96243 20.69456 0.10823
56858.98507 20.31398 0.11638
56859.96515 20.61023 0.09399
56859.98697 20.43053 0.09666
56861.96231 20.40778 0.1421
56861.98508 20.49083 0.11479
56862.9659 20.49559 0.1287
56862.98227 20.43153 0.09155
56863.94981 20.54765 0.079
56864.94576 20.57245 0.10345
56864.96947 20.68785 0.14125
56865.96089 20.53603 0.10138
56868.96536 20.52782 0.09715
56868.98567 20.19407 0.07876
56869.96092 20.53312 0.09193
56869.98231 20.41323 0.07977
56870.96467 20.60691 0.07818
56870.98635 20.56096 0.08438
56874.97428 20.54675 0.08153
56874.99622 20.52758 0.09004
56875.98151 20.50512 0.0931
56875.99752 20.5859 0.10196
56876.91773 20.60652 0.07949
56876.94717 20.54835 0.08272
56877.9745 20.53453 0.0816
56877.9957 20.40306 0.0829
56878.00741 20.45581 0.13798
56878.9086 20.74553 0.12037
56879.92838 20.65299 0.16297
56879.95816 20.73307 0.1737
56880.9882 20.6251 0.16829
56883.9421 20.44509 0.16379
56884.99956 20.58115 0.12654
56885.96448 20.78216 0.13197
56885.98159 20.56744 0.1112
56886.91453 20.65521 0.10686
56886.94264 20.59377 0.10763
56887.91623 20.3945 0.08503
56887.94902 20.49657 0.08979
56888.86519 20.40589 0.07739
56888.89905 20.48383 0.09111
56888.91008 20.42068 0.0803
56888.94196 20.67259 0.09057
56890.94091 20.47364 0.08646
56890.97479 20.74958 0.09169
56895.83087 20.48086 0.10589
56895.86667 20.61923 0.1104
56972.71463 20.35134 0.10319
56972.73749 20.37988 0.10578
56978.74407 20.46874 0.10204
56979.72374 20.62782 0.17389
56980.71766 20.504 0.09888
56980.83416 20.45035 0.09711
56981.71538 20.34134 0.09597
56981.77818 20.47458 0.08909
56986.72544 20.45475 0.11029
56986.79095 20.45515 0.16497
56987.70535 20.37502 0.09829
56987.76948 20.48551 0.11489
56988.66321 20.59242 0.10437
56989.60286 20.1219 0.09239
56989.66828 20.43542 0.09321
56990.59847 20.19332 0.09808
56990.66232 20.3874 0.09779
57000.62591 20.37378 0.10129
57000.65668 20.35446 0.12082
57001.60725 20.30008 0.08231
57001.63454 20.31452 0.08611
57011.62365 20.12226 0.0798
57011.65019 20.1899 0.10859
57014.60229 20.24911 0.08849
57014.62433 20.43141 0.09588
57015.60026 20.49399 0.12252
57015.6199 20.13044 0.11509
57018.60146 20.34003 0.10559
57018.62586 20.31643 0.12627
57019.59637 20.15891 0.12389
57019.61004 20.20541 0.10327
57030.59868 20.31186 0.10745
57037.60179 20.20192 0.09123
57039.60447 20.31525 0.0887
57040.60372 20.22777 0.09518
57040.65327 20.29849 0.10828
57041.64649 20.24186 0.08191
57042.59979 20.16551 0.09162
57042.64647 20.26399 0.09022
57043.60053 20.35622 0.09371
57043.64542 20.05662 0.09539
57044.59961 20.0862 0.11674
57044.64222 20.35953 0.14768
57046.59907 20.3651 0.13226
57046.64082 20.58039 0.15372
57047.65127 20.67373 0.13688
57047.65361 20.62848 0.11988
57059.60766 20.00155 0.0954
57059.61723 20.40326 0.08969
57063.60738 20.42523 0.10344
57063.61933 20.56549 0.13247
57064.61072 20.26689 0.10894
57064.62756 20.28269 0.12859
57065.62471 20.30186 0.14868
57067.60784 20.64927 0.13
57067.62545 20.24316 0.09882
57069.61019 20.32862 0.11376
57069.6409 20.26693 0.13689
57070.61078 20.28089 0.11409
57070.6277 20.51563 0.12491
57071.61023 20.67747 0.13896
57071.6267 20.38216 0.12128
57089.61859 20.71189 0.16209
57090.63028 20.68852 0.17147
57187.96362 20.55243 0.11574
57188.93765 20.55047 0.11498
57188.96808 20.66637 0.124
57189.95594 20.46791 0.10064
57190.94422 20.24744 0.10124
57191.9217 20.60765 0.14276
57191.95614 20.37925 0.15162
57192.94672 20.7337 0.13169
57193.93573 20.64644 0.1627
57193.96862 20.28771 0.13605
57194.94374 20.62289 0.12839
57195.94595 20.73547 0.16135
57195.97546 20.52148 0.22089
57196.92539 20.46439 0.17219
57197.96971 20.98254 0.14409
57198.93165 20.64803 0.11562
57198.96479 20.36307 0.11311
57199.9472 20.66362 0.17327
57208.94607 20.41798 0.15161
57209.97959 20.47046 0.15891
57210.97519 20.74547 0.12231
57211.94997 20.36345 0.13389
57214.96163 20.44228 0.09878
57216.93262 20.71717 0.13559
57216.97994 20.92874 0.13936
57218.92712 20.43678 0.10091
57219.94247 20.60805 0.0935
57219.97077 20.66497 0.09077
57220.92305 20.63039 0.0966
57220.98129 20.77485 0.09715
57226.95332 20.55474 0.09082
57227.93417 20.65838 0.09771
57237.93379 20.84277 0.20155
57238.91268 20.4044 0.1106
57238.96563 20.54743 0.11732
57239.93796 20.68504 0.18488
57240.95317 20.53263 0.14819
57241.93368 20.57812 0.14082
57242.93933 20.67451 0.11068
57242.98523 20.71358 0.10285
57244.96611 20.79986 0.10277
57245.87591 20.96084 0.10626
57245.91376 20.58817 0.08881
57246.89995 20.67261 0.09278
57246.93423 20.73912 0.1027
57247.92574 20.60917 0.07521
57248.84393 20.70937 0.10718
57248.8782 20.86163 0.11057
57249.88436 20.73723 0.09036
57249.9163 20.75839 0.0988
57250.88236 20.76282 0.09525
57250.92114 20.92877 0.12022
57251.8693 20.74648 0.11008
57251.91419 20.55201 0.08202
57554.97044 20.70445 0.15327
57555.93989 20.78531 0.11868
57555.96363 20.94359 0.19475
57564.95195 20.36301 0.18479
57565.94418 20.45522 0.1739
57567.951 20.57218 0.17022
57569.92685 20.90381 0.1265
57570.93954 20.70008 0.11904
57571.91515 20.93272 0.14235
57571.96845 20.91284 0.13211
57572.94 20.5064 0.10382
57572.961 20.74842 0.16039
57573.95955 20.75342 0.10487
57574.96997 20.74206 0.11202
57575.96076 20.54443 0.10306
57576.95096 20.88885 0.12301
57578.93031 20.65537 0.1039
57578.9597 20.86403 0.12244
57579.93833 20.56333 0.1023
57579.96636 20.72501 0.15323
57580.94991 20.77509 0.11404
57580.97641 20.43411 0.10637
57581.93908 20.88692 0.11091
57581.96061 20.50442 0.09248
57582.96612 20.68995 0.0942
57583.93612 20.70268 0.11239
57583.97225 20.52661 0.10019
57584.92871 20.57947 0.11962
57584.97404 20.68523 0.10208
57585.92275 20.61492 0.11924
57585.96134 20.56319 0.09504
57596.95384 20.43092 0.11667
57596.98786 20.6214 0.14876
57597.93735 20.41553 0.11831
57597.9794 20.67262 0.1276
57598.9281 20.64869 0.11365
57598.97263 20.55418 0.10157
57599.94579 20.91512 0.12238
57600.96483 20.82869 0.10642
57601.9531 20.6155 0.10703
57601.99102 20.55114 0.10792
57602.95616 20.60002 0.10868
57602.99208 20.83187 0.11102
57603.95654 20.55577 0.1021
57603.99274 20.74163 0.11057
57604.96148 20.67802 0.13181
57604.99535 20.68928 0.14069
57605.93926 20.62692 0.08927
57605.97693 20.33554 0.09947
57606.94732 20.73088 0.10965
57606.99101 20.85655 0.11046
57607.92659 20.81331 0.11605
57607.97806 20.53818 0.1023
57608.92515 20.72094 0.11751
57608.96585 20.50802 0.09042
57609.94301 20.94851 0.1233
57610.89516 20.76951 0.13392
57610.92695 20.56642 0.12118
57611.90199 20.70966 0.10085
57611.93252 20.36896 0.12342
57612.88937 20.60983 0.11218
57612.93148 20.56511 0.09574
57613.84046 20.71758 0.15798
57613.87193 20.72081 0.10897
57613.90353 20.42671 0.08621
57614.96436 20.67224 0.11083
57614.99496 20.80911 0.11571
57615.90761 20.62255 0.13288
57615.95637 20.86508 0.1133
57624.97236 20.31235 0.17327
57625.94454 20.37441 0.14005
