#mjd mag magerr
55097.00858 18.50514 0.03538
55104.99862 18.05585 0.03898
55119.95365 18.40262 0.03353
55126.97957 18.13824 0.04489
55135.82555 18.10014 0.05793
55135.86926 18.24701 0.07038
55138.71472 18.4581 0.07282
55138.75871 18.52772 0.08156
55142.7036 18.37536 0.03605
55142.75219 18.44654 0.03937
55144.77886 18.13569 0.04086
55144.82305 18.4498 0.03848
55151.72943 18.18355 0.04261
55166.70473 18.61449 0.06986
55166.74897 18.45248 0.06972
55168.63378 18.56714 0.05901
55168.6775 18.43174 0.06152
55175.61224 18.21371 0.03047
55175.65684 18.32664 0.03057
55181.59421 18.22083 0.04591
55181.63825 18.13767 0.04197
55183.59204 18.31406 0.04642
55183.64253 18.41576 0.03421
55189.58054 18.42823 0.04221
55189.62557 18.24934 0.03757
55203.71441 18.53546 0.04268
55203.75743 18.56978 0.04528
55207.63092 18.22381 0.0318
55207.67514 18.14492 0.02992
55209.5968 18.26877 0.02655
55209.64149 18.26003 0.02835
55213.63312 18.35318 0.04411
55213.6798 18.47384 0.04627
55380.87684 18.41338 0.06677
55384.82671 18.29104 0.03118
55385.87021 18.41925 0.03307
55385.91339 18.4937 0.03156
55386.86524 18.26714 0.03439
55386.90867 18.28975 0.03479
55387.87002 18.08515 0.02764
55387.91342 17.97419 0.02971
55388.86609 18.08846 0.03486
55388.91005 18.27304 0.0277
55390.80957 17.9177 0.02827
55395.79551 18.01015 0.04603
55395.84215 18.01991 0.02885
55396.79527 17.99685 0.0412
55396.83932 18.06665 0.02999
55397.79163 18.20655 0.05605
55397.83526 18.12208 0.03041
55398.78764 18.07118 0.05077
55398.83124 18.18585 0.03794
55399.78802 18.25125 0.04845
55399.83261 18.13231 0.04405
55400.78534 18.3448 0.06237
55400.8289 18.36189 0.04607
55401.78133 18.25142 0.08581
55401.82518 18.31021 0.06343
55402.77979 18.38533 0.12087
55402.8246 18.24051 0.08658
55403.77642 18.39874 0.11539
55403.81973 18.20037 0.07703
55404.77424 18.3441 0.08547
55404.84266 18.49171 0.06555
55405.8416 18.20573 0.06545
55407.7691 18.64398 0.08754
55407.83003 18.37809 0.07057
55408.78389 18.65833 0.12052
55411.79896 18.34888 0.05753
55412.75232 18.30145 0.07222
55413.75577 18.38823 0.08214
55413.79945 18.38438 0.07837
55414.75161 18.3719 0.09481
55415.79727 18.28582 0.0834
55416.75096 18.48545 0.07619
55416.79342 18.28653 0.05659
55417.75979 18.18915 0.08958
55417.84511 18.43762 0.06645
55418.79843 18.48248 0.07088
55418.84121 18.31823 0.05834
55419.75121 18.46334 0.09566
55419.79504 18.12031 0.05757
55420.78929 18.52135 0.08167
55420.83264 18.01064 0.05714
55421.73664 18.36623 0.04701
55421.79901 18.39928 0.03336
55422.75115 18.03839 0.04175
55423.79284 18.36407 0.03522
55424.75349 18.50772 0.04682
55424.80178 18.43372 0.04074
55425.76166 18.4907 0.04911
55425.80573 18.49476 0.03517
55426.80123 18.34482 0.05243
55427.79708 18.05066 0.05199
55427.8408 18.25173 0.04028
55428.79281 18.43465 0.04927
55428.83703 18.35604 0.04321
55429.8142 18.48125 0.04755
55429.85716 18.49803 0.04227
55430.75769 18.44004 0.05296
55430.80485 18.62828 0.05021
55431.75639 18.35556 0.0591
55431.80024 18.25426 0.0582
55432.73907 18.41994 0.09899
55432.78359 18.45317 0.08375
55433.70425 18.43022 0.12696
55433.7493 18.45432 0.07816
55434.69401 18.30394 0.10755
55434.73769 18.53182 0.08815
55435.69148 18.542 0.08057
55436.88575 18.47918 0.05286
55436.88891 18.28962 0.05018
55436.8919 18.41658 0.06146
55436.89501 18.27813 0.06444
55436.89797 18.30437 0.05611
55436.90109 18.31981 0.05598
55436.9042 18.21015 0.06661
55436.90728 18.38127 0.06594
55436.91041 18.2635 0.06745
55436.91351 18.50666 0.06672
55436.91931 18.40252 0.0713
55436.92221 18.30375 0.06309
55436.92514 18.36556 0.06977
55436.92806 18.04032 0.07179
55436.93096 18.18671 0.06327
55436.93413 18.3483 0.0719
55436.93703 18.16509 0.05402
55436.93974 18.40639 0.05524
55436.94297 18.34925 0.06769
55436.94613 18.49006 0.05843
55436.94915 18.38436 0.06633
55436.95231 18.07199 0.06239
55436.9553 18.36754 0.06248
55436.95826 18.31315 0.06012
55436.96116 18.33623 0.0604
55436.96403 18.19621 0.06362
55436.96671 18.38222 0.06894
55438.88857 18.33552 0.05688
55438.89169 18.50808 0.05731
55438.89485 18.41559 0.05004
55438.89798 18.3179 0.0545
55438.90086 18.49777 0.04943
55438.90371 18.47626 0.05356
55438.9065 18.56466 0.04898
55438.90927 18.52015 0.05223
55438.91204 18.16567 0.05205
55438.91487 18.35487 0.05302
55438.91763 18.2127 0.05449
55438.92084 18.40297 0.05285
55438.92394 18.2278 0.06349
55438.92672 18.30604 0.05691
55438.92954 18.37736 0.06564
55438.93259 18.39804 0.05967
55438.93551 18.4392 0.05766
55438.93833 18.38442 0.06206
55438.94106 18.28838 0.06394
55438.94411 18.51975 0.06019
55438.94678 18.46155 0.0645
55438.95017 18.54388 0.058
55438.95913 18.29757 0.05922
55438.96141 18.37973 0.05655
55440.87507 18.28679 0.04326
55440.88675 18.53985 0.03813
55440.8894 18.48388 0.04306
55440.89518 18.20639 0.04371
55440.89832 18.38772 0.04064
55440.90145 18.39495 0.04493
55440.90439 18.12896 0.04265
55440.90729 18.47292 0.04567
55440.91025 18.46325 0.03821
55440.91316 18.00456 0.04383
55440.91591 18.36275 0.03915
55440.9187 18.42322 0.03536
55440.92426 18.36961 0.0394
55440.93095 18.39671 0.03996
55440.93364 18.42431 0.03517
55440.93623 18.31562 0.04068
55440.9395 18.37306 0.04032
55440.94582 18.4107 0.04184
55440.94883 18.4922 0.04027
55440.95791 18.15049 0.04774
55441.87592 18.3826 0.03738
55441.88645 18.34386 0.03918
55441.88962 18.36687 0.04029
55441.89254 18.49037 0.03505
55441.89542 18.31589 0.03547
55441.89828 17.99827 0.04547
55441.90107 18.46449 0.03431
55441.90634 18.3251 0.03719
55441.90906 18.49983 0.03412
55441.91981 18.0656 0.04015
55441.92242 18.28552 0.03753
55441.9281 18.34222 0.03514
55441.93458 18.45853 0.03458
55441.93727 18.52618 0.03385
55441.94048 18.44024 0.0332
55441.94546 18.44259 0.0338
55441.94852 18.14203 0.04001
55441.95194 18.43307 0.03455
55441.95469 18.40021 0.03494
55441.95786 18.3684 0.0348
55441.96392 18.29795 0.04202
55441.96715 18.41967 0.03425
55441.97012 18.46277 0.03352
55441.97294 18.35414 0.04319
55441.97532 18.42312 0.04185
55441.97757 18.46736 0.03573
55441.9835 18.48616 0.04305
55441.9863 18.17972 0.04172
55441.98852 18.03111 0.04296
55441.99078 18.4265 0.03118
55441.99382 18.50809 0.03576
55442.01216 18.55888 0.03851
55442.01486 18.37713 0.04601
55442.01753 18.29778 0.05226
55442.02001 18.3851 0.05495
55442.02226 18.59646 0.07208
55442.70382 18.41232 0.03934
55442.70734 18.38458 0.03681
55442.71097 18.50921 0.04342
55442.71808 18.33223 0.04431
55442.72168 18.39145 0.03945
55442.74184 18.41469 0.03823
55442.74882 18.40246 0.03467
55442.75572 18.03653 0.04024
55442.76147 18.22808 0.03804
55442.77616 18.33563 0.03704
55442.78135 18.40269 0.03498
55442.78615 18.35891 0.03905
55442.79145 18.31919 0.03793
55442.79615 18.22887 0.03682
55442.80186 18.37143 0.03178
55442.8093 18.35139 0.03241
55442.81443 18.35981 0.03501
55442.81939 18.24028 0.03601
55442.82447 18.34558 0.03609
55442.8293 18.3977 0.03132
55442.83541 18.36766 0.03236
55442.84012 18.32897 0.03067
55442.84597 18.33854 0.03375
55442.85657 18.35118 0.03489
55442.86387 18.30391 0.03242
55442.87002 18.29478 0.03508
55442.87503 18.45858 0.03297
55442.88048 18.2568 0.03472
55442.88617 18.29029 0.03662
55442.89221 18.30314 0.03451
55442.89785 18.08821 0.03724
55442.90297 18.43525 0.0335
55442.90871 18.45855 0.03254
55442.91368 18.39024 0.0359
55442.91875 18.44315 0.03281
55442.92384 18.23371 0.03673
55442.94588 18.40985 0.038
55442.95166 18.30217 0.03718
55442.95754 18.29079 0.03738
55442.96246 18.28962 0.03574
55442.96833 18.36753 0.03991
55442.97317 18.35899 0.03145
55442.97782 18.38643 0.03467
55442.98206 18.28761 0.03284
55442.99348 18.35449 0.04114
55442.99858 18.32887 0.03601
55443.00329 18.28794 0.03843
55443.01702 18.55584 0.04359
55443.02387 18.56434 0.07778
55443.67742 18.37712 0.05403
55443.68488 18.49912 0.05075
55443.70415 18.50459 0.04513
55443.71028 18.04316 0.04511
55443.71632 18.44655 0.04374
55443.72231 18.41604 0.03963
55443.72832 18.47413 0.03783
55443.736 18.45864 0.04034
55443.74306 18.50817 0.03763
55443.74812 18.4218 0.03582
55443.75372 18.4456 0.03769
55443.75946 18.27819 0.03532
55443.77007 18.50793 0.03977
55443.78539 18.33885 0.03847
55443.79156 18.35469 0.03772
55443.79717 18.35907 0.03383
55443.80302 18.41973 0.03294
55443.80895 18.38347 0.03724
55443.82634 18.29114 0.03552
55443.83239 18.368 0.03446
55443.84415 18.47331 0.03416
55443.84958 18.32451 0.03666
55443.85553 18.34066 0.03661
55443.86252 17.96188 0.03923
55443.87576 18.40329 0.03301
55443.88141 18.36746 0.03315
55443.88892 17.99265 0.03743
55443.89412 18.37638 0.03294
55443.90077 18.26491 0.03638
55443.92403 18.03251 0.04
55443.92967 18.32631 0.03492
55443.94073 18.44324 0.03484
55443.94779 18.49691 0.03626
55443.95355 18.08359 0.03683
55443.9693 18.04662 0.0437
55443.97555 18.33075 0.03526
55443.98144 18.16012 0.04353
55443.99456 18.37846 0.03444
55444.02231 18.59293 0.0558
55444.67221 18.23659 0.04759
55444.67727 18.28377 0.05261
55444.68857 18.43149 0.05264
55444.69526 18.18017 0.04431
55444.71487 18.23458 0.04078
55444.72796 18.38157 0.04051
55444.74094 18.04502 0.04271
55444.74655 18.53223 0.03847
55444.76225 18.46651 0.03854
55444.7673 18.5271 0.04282
55444.77876 17.95668 0.0402
55444.78368 18.5483 0.03599
55444.79848 18.55413 0.03477
55444.80403 18.13939 0.0415
55444.8213 18.37556 0.03353
55444.83332 18.39206 0.03554
55444.84549 18.49404 0.03592
55444.85161 18.37148 0.03326
55444.86267 18.32444 0.03923
55444.86777 18.1781 0.03767
55444.88467 18.35809 0.0334
55444.89581 18.17483 0.03768
55444.90153 18.53527 0.03223
55444.91349 18.51113 0.03324
55444.92279 18.45042 0.03959
55444.94041 18.28872 0.0344
55444.95724 18.24312 0.0348
55444.97411 18.30138 0.04111
55444.98062 18.15726 0.03705
55444.98915 18.21685 0.04064
55444.99553 18.01631 0.03927
55445.00779 18.33106 0.03511
55445.01777 18.47537 0.0478
55445.02227 18.50008 0.07374
55445.66261 18.33428 0.05062
55445.66749 17.9698 0.05392
55445.67244 18.47209 0.05265
55445.67731 18.35549 0.0437
55445.68422 18.46201 0.04114
55445.6905 18.24413 0.04228
55445.69681 18.51104 0.04213
55445.70294 18.54143 0.04133
55445.70921 18.50069 0.04377
55445.71534 18.33543 0.04732
55445.72141 18.45752 0.04563
55445.73457 18.2795 0.04465
55445.7456 18.4296 0.04082
55445.75643 18.43559 0.03554
55445.76784 18.07835 0.03762
55445.7737 18.28609 0.03288
55445.779 18.46278 0.03833
55445.78479 18.42112 0.03417
55445.79025 18.37338 0.03714
55445.79613 18.10372 0.03678
55445.81095 18.4506 0.03229
55445.82455 18.44567 0.0316
55445.83024 18.41876 0.03437
55445.84021 18.3991 0.034
55445.85174 18.40257 0.03311
55445.85762 18.51793 0.0321
55445.86963 18.51502 0.0303
55445.88207 18.25193 0.03409
55445.88844 18.29627 0.03273
55445.89983 18.54299 0.03218
55445.90668 18.06995 0.03517
55445.91299 18.46301 0.03134
55445.91722 18.40742 0.03387
55445.92351 18.4453 0.03094
55445.92915 18.30239 0.0334
55445.93496 18.35816 0.03185
55445.94048 18.39238 0.03276
55445.95216 18.34379 0.03645
55445.95886 18.42074 0.03308
55445.97191 18.46529 0.03457
55445.97872 18.4537 0.03334
55445.98437 18.54233 0.03138
55445.98972 17.98757 0.04064
55445.99581 18.41089 0.0351
55446.00827 18.29357 0.03773
55446.01324 18.4284 0.03568
55446.01787 18.40582 0.04286
55446.0233 18.55713 0.06581
55446.66501 18.1304 0.05578
55446.67089 18.56461 0.04803
55446.67601 18.4141 0.04402
55446.6814 18.50596 0.0434
55446.68915 18.25701 0.04605
55446.70044 18.40864 0.04642
55446.70781 18.40824 0.03755
55446.71375 18.37406 0.04098
55446.71998 18.01639 0.04074
55446.7269 18.55251 0.03929
55446.74263 18.41929 0.0345
55446.74841 18.47246 0.03829
55446.75986 18.54504 0.03344
55446.76487 18.50511 0.03545
55446.77004 18.43656 0.03453
55446.77518 18.4399 0.03444
55446.78018 18.34762 0.03563
55446.78654 18.41019 0.03394
55446.79243 18.36601 0.03419
55446.79818 18.03361 0.03876
55446.81336 18.38132 0.03362
55446.81934 18.27542 0.03505
55446.82569 18.44675 0.03659
55446.83803 18.43245 0.0335
55446.84316 18.3455 0.03467
55446.84946 18.42553 0.0336
55446.85529 18.41288 0.04262
55446.86132 18.37828 0.03472
55446.87321 18.42813 0.03219
55446.87945 18.48177 0.03104
55446.89176 18.23667 0.03486
55446.90569 18.40564 0.03364
55446.91293 18.42165 0.03928
55446.91958 18.53415 0.03152
55446.92538 18.46014 0.03504
55446.93113 18.41958 0.03226
55446.93686 18.41291 0.03327
55446.94237 18.40923 0.03339
55446.94842 18.1414 0.0427
55446.95451 18.32579 0.03945
55446.96641 18.27369 0.03657
55446.97287 18.32501 0.03305
55446.97827 18.40247 0.03395
55446.98464 18.21568 0.03934
55446.99026 18.41445 0.03398
55446.99646 18.31908 0.03641
55447.00329 18.42076 0.03577
55447.02248 18.50647 0.05116
55448.00377 18.29605 0.03249
55448.70146 18.00392 0.04591
55449.82958 18.43432 0.03667
55449.87259 18.39409 0.03757
55450.82585 18.35101 0.03762
55450.86998 18.44919 0.0347
55451.65338 18.32473 0.05202
55451.70095 18.40567 0.04139
55452.64792 18.39239 0.04799
55452.69243 18.4634 0.04223
55453.64519 18.44816 0.05919
55453.6895 18.43019 0.04515
55454.64058 18.42472 0.06806
55454.68793 18.31522 0.05976
55455.63923 18.45558 0.06262
55455.7154 18.35309 0.04603
55456.63346 18.3989 0.0772
55456.67702 18.49427 0.05064
55457.63067 18.26933 0.07985
55457.6732 18.43735 0.0515
55458.66069 18.27707 0.06531
55459.63016 18.64178 0.10987
55459.69034 18.19351 0.06497
55460.63624 18.39636 0.07529
55460.72453 18.48635 0.06263
55461.62523 18.29738 0.09368
55461.67649 18.45687 0.08754
55462.76573 18.39882 0.07489
55462.80848 18.64337 0.1024
55463.63005 18.3635 0.09623
55463.71104 18.38072 0.08608
55466.61784 18.3784 0.06324
55466.61959 18.35152 0.05932
55466.62134 18.33668 0.05436
55466.6231 18.33378 0.05241
55466.62661 17.9702 0.05284
55466.62943 18.33213 0.05123
55466.67604 18.26202 0.07353
55468.7394 18.36513 0.04145
55468.78277 18.45888 0.05112
55469.73472 18.65441 0.07451
55469.80235 18.34062 0.12889
55470.77885 18.47588 0.08968
55471.77466 18.38294 0.03656
55471.82993 18.54612 0.08373
55472.62548 18.45376 0.04824
55472.66936 18.48626 0.04487
55473.62096 18.37263 0.08269
55477.66775 18.45197 0.03706
55477.71276 18.48672 0.03796
55478.62384 18.47172 0.0459
55480.61506 17.96732 0.05391
55480.65805 18.29811 0.04247
55481.61182 18.35842 0.04941
55481.69382 18.3521 0.03715
55482.61769 18.38882 0.04954
55482.66188 18.32968 0.04229
55482.67843 18.46234 0.03461
55483.66512 18.38183 0.04028
55484.66377 18.49444 0.04472
55484.70695 18.48536 0.03716
55485.61939 18.46434 0.04729
55485.66329 18.4181 0.04077
55486.61418 18.41421 0.05778
55486.658 18.48246 0.08668
55497.89223 18.21823 0.0552
55498.79 18.50465 0.04757
55499.59404 18.33938 0.04208
55499.63881 18.07788 0.04294
55501.75706 18.20352 0.03753
55503.8732 18.17951 0.04294
55504.82418 18.46162 0.04025
55504.91868 18.32904 0.04766
55506.68972 18.42551 0.04316
55506.73387 18.37151 0.0356
55513.658 17.96926 0.04401
55513.7418 18.35225 0.04317
55514.69377 18.35214 0.04465
55514.73749 18.14915 0.05061
55515.69951 18.14183 0.0499
55515.74236 18.42014 0.04364
55516.67238 18.22437 0.05703
55516.71654 18.40142 0.04791
55517.61497 18.60865 0.05754
55517.6584 18.39069 0.04898
55518.61481 18.46178 0.05834
55518.6578 18.37485 0.07168
55527.74242 18.28744 0.04802
55530.70615 18.26422 0.04652
55531.81743 18.31515 0.07662
55532.82836 18.51007 0.05137
55535.68432 18.51188 0.0354
55537.58157 18.56679 0.06552
55537.62557 18.1794 0.04228
55538.57995 18.37996 0.0461
55538.62381 18.06085 0.03878
55539.62283 18.06502 0.04164
55540.61811 18.46573 0.03373
55540.66215 18.33933 0.03339
55541.61644 18.39233 0.04415
55541.65945 18.54089 0.05086
55544.59603 18.57478 0.0498
55544.64191 18.30438 0.05471
55545.59598 18.22905 0.05364
55545.63939 18.50453 0.05753
55558.75663 18.5337 0.04455
55559.7264 18.47038 0.07623
55561.77682 18.16455 0.05894
55567.59621 18.13622 0.04535
55575.595 18.38989 0.08337
55575.6386 18.67592 0.08625
55577.59504 18.35566 0.09803
55577.63849 18.5335 0.09312
55579.61368 18.53411 0.06239
55579.65687 18.54237 0.07298
55580.66998 18.5361 0.07285
55580.71648 18.78544 0.08327
55583.61703 18.43901 0.04628
55583.66119 18.47428 0.04875
55584.68286 18.28709 0.05287
55586.61685 18.13774 0.04237
55588.70647 18.07003 0.06816
55722.89872 17.95153 0.05503
55723.91976 17.81377 0.05088
55723.9634 17.98773 0.05431
55733.86776 18.16819 0.05606
55733.91212 18.21596 0.04278
55750.83279 18.28729 0.0653
55750.87598 18.15347 0.05278
55753.86132 18.27401 0.07639
55756.88391 18.16328 0.09057
55766.7805 18.00353 0.04537
55766.83041 18.1353 0.03856
55768.77509 17.76498 0.04196
55768.82037 17.85979 0.03603
55769.80074 17.71187 0.02976
55769.84468 17.79623 0.02849
55770.78189 17.89788 0.02916
55770.82573 17.84535 0.02496
55771.78074 17.94055 0.02824
55771.82449 17.88209 0.02426
55774.80363 17.78437 0.03128
55775.7599 17.93129 0.03329
55775.80332 17.90185 0.0425
55779.7464 18.42467 0.04795
55780.74948 18.3672 0.05507
55780.79415 17.90224 0.05142
55782.7508 18.48843 0.07755
55782.7956 18.37094 0.05931
55783.7573 17.9874 0.07678
55783.80103 18.33899 0.07546
55784.74207 18.07744 0.0887
55789.73736 18.16004 0.08118
55790.73125 18.22179 0.08577
55790.77463 18.33316 0.07309
55791.73123 18.48785 0.08809
55791.77527 18.39745 0.07373
55793.74743 18.48377 0.06427
55793.79097 18.41978 0.05302
55794.75972 17.92995 0.05571
55794.81629 18.36887 0.05482
55809.66644 17.86243 0.06656
55809.7101 18.12 0.0445
55811.66044 18.00662 0.07134
55811.7042 18.10373 0.04687
55812.65876 18.08062 0.0595
55812.70198 18.00824 0.04966
55813.66257 18.21253 0.06424
55813.70671 18.20651 0.04753
55818.70874 18.32431 0.11699
55820.63925 18.43252 0.06468
55820.68324 18.35773 0.11223
55821.63464 18.25817 0.05241
55822.63132 18.33762 0.0694
55822.67415 18.30595 0.0504
55823.62908 18.14977 0.05319
55823.67275 18.51697 0.0542
55824.62608 18.11151 0.06457
55824.6697 18.14052 0.04516
55838.61464 18.20496 0.05577
55838.65944 18.29663 0.0475
55842.61856 18.29919 0.08803
55842.66208 18.44336 0.06797
55843.61073 18.37135 0.10016
55843.65444 18.18659 0.07103
55844.60924 18.35176 0.07456
55844.65374 18.25508 0.06202
55849.60547 18.31824 0.0537
55849.65079 18.30523 0.06561
55850.60468 18.27227 0.04619
55850.64918 18.39012 0.04102
55851.64641 18.03523 0.04249
55852.60416 18.43339 0.04375
55853.60163 18.32603 0.0418
55853.6463 17.99339 0.04406
55854.60164 18.20302 0.03994
55854.64607 18.25348 0.03244
55866.5884 18.25658 0.05276
55866.64679 18.22347 0.0431
55867.58757 18.23049 0.06783
55867.63053 18.22641 0.05342
55868.5865 18.28653 0.06109
55868.63002 18.30461 0.04547
55880.87841 18.23356 0.05682
55880.92255 18.00943 0.07653
55882.86968 18.31093 0.05364
55882.87146 18.36086 0.04832
55882.91495 18.41164 0.0579
55883.86679 18.26611 0.04838
55883.91496 18.15016 0.07363
55887.63181 18.48104 0.03602
55887.68352 18.48652 0.03982
55888.8957 18.31243 0.07169
55889.80049 18.36101 0.03529
55889.84447 17.98985 0.0414
55891.57974 18.41967 0.0453
55891.6225 18.05518 0.04281
55893.58261 18.42677 0.04387
55893.62546 18.50921 0.04109
55894.58144 18.35316 0.05448
55894.62473 18.38814 0.0898
55896.58202 18.22518 0.05471
55898.82137 18.14917 0.0646
55898.86551 18.28199 0.06902
55899.80997 18.37369 0.0972
55902.58519 18.22449 0.0905
55902.64414 18.42522 0.08895
55903.58342 18.26748 0.0793
55903.62024 18.28522 0.07336
55904.58683 18.32899 0.07567
55906.58378 18.32318 0.05859
55906.64029 18.53735 0.05846
55916.59575 18.31857 0.05151
55916.64026 18.35849 0.03965
55922.6423 18.33481 0.03446
55923.59751 18.59918 0.04104
55923.64145 18.14832 0.04472
55924.60837 18.49796 0.03871
55925.59941 18.59498 0.05675
55925.67897 18.0534 0.04475
55926.62543 18.40002 0.03828
55930.58585 18.58434 0.07532
55930.62499 18.59426 0.08299
55931.62692 18.36664 0.0721
55932.62858 18.48082 0.07398
55936.60917 18.32114 0.0521
55936.65247 18.32916 0.0504
55937.58951 18.43936 0.06134
55937.63319 18.32569 0.147
55939.64879 18.41311 0.0477
55939.6851 18.5108 0.04451
55940.64013 18.65576 0.10372
55943.69972 18.2277 0.04911
55943.74446 18.16318 0.0545
55944.64379 18.36789 0.03718
55944.67224 18.41994 0.03709
55946.63797 18.48079 0.08992
55947.59349 18.65401 0.04697
55947.63713 18.46541 0.07707
55949.64923 18.51703 0.04866
55952.60617 18.70104 0.04789
55952.64932 18.62464 0.0462
55953.59751 18.67657 0.04748
55954.59787 18.51737 0.06557
55954.64157 18.12782 0.06516
55958.61566 18.45664 0.05801
55958.67117 18.45837 0.06343
55959.64574 18.06941 0.06885
55960.60205 18.5332 0.08125
55960.64497 18.26093 0.08246
55962.61935 18.48327 0.06162
55962.69096 18.54188 0.11172
56060.97134 18.54852 0.09314
56061.96903 18.66939 0.10053
56067.96802 18.68648 0.06
56070.97101 18.30853 0.07094
56071.95528 17.98316 0.06098
56075.93073 18.60216 0.07966
56076.96161 18.33566 0.052
56077.97941 18.47833 0.09173
56079.91957 18.29991 0.067
56079.94994 18.29666 0.04698
56079.97946 18.2983 0.08259
56081.92247 17.9916 0.10844
56081.9528 17.96166 0.08007
56084.95914 17.97009 0.06124
56085.9055 18.26097 0.10297
56085.9361 18.05064 0.0583
56085.9661 18.62445 0.07881
56086.90079 18.19739 0.07766
56086.9317 18.29736 0.05988
56086.96186 18.27859 0.05719
56087.95118 18.34271 0.05673
56088.93216 18.3364 0.05999
56088.96298 18.32367 0.05408
56089.9375 18.22023 0.05841
56090.89626 18.31781 0.07126
56091.93224 18.10786 0.04345
56091.96189 18.48157 0.03852
56092.88532 18.26498 0.05276
56092.91513 18.36662 0.0538
56092.94551 18.33092 0.04307
56093.88544 18.26118 0.05858
56093.95942 18.41495 0.05097
56094.8793 18.33234 0.06473
56094.90895 18.35103 0.05339
56094.93794 18.35235 0.04964
56095.89413 18.56244 0.06604
56095.95378 18.67777 0.05245
56096.8846 18.21501 0.05945
56096.91464 18.58244 0.05481
56096.94475 18.6982 0.04496
56097.90204 18.29144 0.05686
56099.8979 18.26521 0.05377
56099.92867 18.64369 0.05076
56100.9014 18.63293 0.07482
56100.93113 18.62744 0.06837
56102.88948 18.53978 0.05822
56102.91975 18.3537 0.05014
56103.85688 18.77069 0.08563
56103.89198 18.07817 0.05638
56104.89266 18.6995 0.07327
56104.92258 18.52477 0.05236
56105.87772 18.52032 0.05734
56105.90846 18.47698 0.06611
56105.93782 18.78845 0.053
56106.84826 18.42652 0.055
56106.87859 18.26715 0.05799
56107.84497 18.45075 0.09109
56107.87579 18.6507 0.05864
56107.90655 18.7596 0.05909
56108.86703 18.12715 0.08005
56108.89669 18.76732 0.08102
56108.92686 18.52612 0.05351
56110.86774 18.319 0.09987
56111.86949 18.65391 0.11915
56113.8878 18.78228 0.11533
56114.87108 18.30028 0.0855
56115.85803 18.56097 0.10861
56115.88797 18.46127 0.08455
56117.86349 18.85343 0.08614
56118.82762 18.33775 0.09599
56118.85812 18.58891 0.08458
56119.81535 18.46757 0.10275
56119.84536 18.75097 0.13953
56120.95573 18.795 0.07324
56122.80682 18.76266 0.08808
56123.8333 18.63504 0.05633
56123.86323 18.25667 0.04955
56124.8239 18.21303 0.05263
56124.90647 18.62582 0.04931
56125.89611 18.80958 0.04137
56126.79674 18.3975 0.06091
56127.84219 18.28002 0.05783
56127.87262 18.59963 0.04428
56128.79045 18.49854 0.0684
56128.8509 18.43921 0.04058
56129.81763 18.48638 0.05568
56130.78415 18.61215 0.07195
56130.81619 18.43265 0.05884
56130.84603 18.31489 0.05793
56131.81956 18.50058 0.05831
56131.84966 18.3079 0.05379
56131.87991 18.64511 0.04281
56132.81342 18.27231 0.05445
56132.85526 18.66036 0.0464
56133.83817 18.30634 0.05344
56135.77548 18.54266 0.05241
56135.8357 18.46155 0.03547
56136.78168 18.66974 0.06726
56136.81139 18.51779 0.05029
56136.84105 18.33858 0.05333
56137.77719 18.56329 0.07459
56137.8165 18.41934 0.11789
56137.84943 18.84492 0.09962
56138.79423 18.35304 0.11348
56143.75013 18.55699 0.11938
56143.77946 18.86802 0.13061
56143.81202 18.74317 0.08185
56144.79078 18.74137 0.0948
56144.82138 18.57648 0.08243
56145.74531 18.69805 0.13835
56145.77477 18.45825 0.1089
56145.80436 18.63182 0.09084
56146.77217 18.40221 0.08594
56146.83591 18.63329 0.06824
56147.75046 18.44209 0.07147
56147.78019 18.55704 0.09532
56147.81614 18.38499 0.07237
56148.73743 18.43332 0.06553
56148.79928 18.53399 0.06516
56151.84315 18.51688 0.03949
56151.87618 18.6805 0.03515
56151.91621 18.52245 0.03434
56164.86055 18.56424 0.03634
56164.89061 18.55452 0.03368
56164.92052 18.59887 0.03469
56165.82275 18.36148 0.04385
56165.85221 18.49505 0.04136
56165.88255 18.47143 0.03167
56166.78411 18.43871 0.04909
56166.82415 18.54286 0.04606
56166.85436 18.63958 0.04229
56167.79008 18.44125 0.05616
56167.82893 18.65637 0.04635
56168.73084 18.63573 0.07749
56168.76135 18.61182 0.06032
56168.79094 18.54129 0.06336
56169.70528 18.55224 0.10853
56169.73488 18.51591 0.10709
56169.78208 18.76161 0.09298
56170.70609 18.71867 0.12842
56170.73648 18.58436 0.0941
56170.76821 18.62088 0.11442
56176.74473 18.56685 0.06346
56176.77537 18.52956 0.05835
56177.67775 18.5505 0.04508
56177.71467 18.28949 0.04147
56177.7448 18.60149 0.04007
56178.65701 18.66643 0.07216
56178.7245 18.62768 0.04137
56178.75548 18.65903 0.03876
56189.74707 18.41781 0.037
56194.68156 18.14194 0.04218
56194.73072 18.26237 0.03345
56195.74387 18.12207 0.03884
56196.64868 18.22202 0.04431
56196.70945 18.10695 0.04721
56197.62224 18.16654 0.0922
56197.68048 18.24644 0.05872
56198.63271 18.15112 0.0808
56198.66294 18.14171 0.07979
56198.69225 18.08016 0.06767
56202.61563 18.17592 0.08667
56202.64754 18.10798 0.09348
56202.70169 18.37806 0.06642
56207.71676 18.59349 0.05841
56207.82773 18.4925 0.08367
56224.66207 18.41035 0.04736
56224.69182 18.34421 0.05327
56225.74851 18.35088 0.05038
56225.84088 17.9773 0.04927
56226.75858 18.07203 0.07406
56226.79663 18.07736 0.08061
56227.72154 18.31217 0.07214
56227.75148 18.0149 0.0627
56228.67316 18.3497 0.06582
56228.71 18.41533 0.06116
56229.61202 18.49841 0.06571
56229.68338 18.4307 0.06883
56230.64599 18.29028 0.07883
56230.73676 18.52459 0.07491
56231.86041 18.35355 0.08135
56232.82116 18.57133 0.05753
56233.75399 18.64926 0.04972
56233.78371 18.48889 0.06805
56234.68453 18.36847 0.04546
56234.71313 18.41243 0.04836
56235.61461 18.36586 0.04768
56235.64419 18.42386 0.03885
56236.58514 18.41248 0.06833
56236.61561 18.48495 0.0403
56237.58477 18.46933 0.05233
56237.61509 18.46464 0.03629
56238.58334 18.51069 0.05586
56238.61531 18.60441 0.03712
56239.58294 18.4383 0.04725
56239.61141 18.36544 0.03807
56251.83071 18.47576 0.04705
56251.86073 18.5279 0.04938
56252.58576 18.63771 0.05297
56252.60631 18.80336 0.04546
56252.62487 18.67997 0.04599
56252.66096 18.5956 0.04735
56252.69879 18.75989 0.05089
56252.78929 18.60424 0.05626
56252.80517 18.7146 0.04934
56252.83831 18.6618 0.05186
56253.58621 18.5147 0.05795
56253.60335 18.70925 0.05555
56253.62054 18.73188 0.05655
56253.63682 18.65208 0.04878
56253.6539 18.58475 0.05241
56253.6721 18.60204 0.05642
56253.70902 18.6963 0.06482
56253.7307 18.31186 0.064
56253.75003 18.51782 0.06193
56253.76637 18.30966 0.06281
56253.78832 18.59592 0.05976
56253.8078 18.50627 0.06171
56253.85372 18.62468 0.05798
56254.74613 18.68003 0.05431
56254.77889 18.49957 0.06243
56255.68248 18.78884 0.0633
56256.62657 18.68531 0.07848
56256.6557 18.50469 0.07045
56257.58763 18.69233 0.07642
56257.64219 18.72817 0.0636
56258.58614 18.78701 0.09803
56258.61848 18.71618 0.0772
56259.59443 18.74469 0.08298
56259.62495 18.63203 0.08471
56266.58222 18.63776 0.08727
56266.6126 18.77601 0.13251
56267.58751 18.5935 0.05025
56268.59364 18.5472 0.05121
56268.62314 18.77226 0.04943
56269.58319 18.39001 0.04904
56269.58435 18.72278 0.04239
56269.58771 18.66632 0.04273
56269.58893 18.86167 0.04815
56269.59006 18.62673 0.04375
56269.59133 18.768 0.04901
56269.59245 18.67149 0.04236
56269.59364 18.67981 0.04129
56269.59478 18.74209 0.04277
56269.59713 18.75723 0.04002
56269.59843 18.76768 0.04205
56269.59956 18.79457 0.04021
56269.60977 18.6826 0.03927
56269.61093 18.59702 0.04219
56269.6121 18.79402 0.04113
56269.61321 18.74259 0.04311
56269.61434 18.78887 0.04322
56269.61547 18.71605 0.04104
56269.61659 18.8053 0.04106
56269.61773 18.79984 0.03898
56269.61884 18.62231 0.05163
56269.61995 18.37889 0.04872
56269.62115 18.37202 0.04751
56269.6223 18.72276 0.03845
56269.62343 18.72787 0.03974
56269.62457 18.71524 0.039
56269.62569 18.5533 0.04411
56269.62688 18.69505 0.04167
56269.628 18.87649 0.04025
56269.6375 18.87148 0.04562
56269.63881 18.81486 0.0418
56269.64001 18.74615 0.04684
56269.64114 18.71362 0.03933
56269.64226 18.68849 0.04176
56269.64337 18.77478 0.03936
56269.6445 18.84889 0.04634
56269.64562 18.54602 0.04671
56269.64675 18.80323 0.03919
56269.64789 18.5605 0.04153
56269.64905 18.76517 0.0396
56269.65017 18.72401 0.04168
56269.65129 18.87919 0.04783
56269.65247 18.98718 0.04088
56269.65359 19.10201 0.04037
56269.65473 18.82722 0.04314
56269.65585 18.72325 0.04257
56269.65698 18.79026 0.04003
56269.65819 18.7743 0.04047
56269.65932 18.84916 0.04208
56269.66055 18.76699 0.04027
56269.66167 18.67972 0.04096
56269.66279 18.92559 0.04241
56269.66393 18.80569 0.03955
56269.66595 18.81247 0.04186
56269.66717 18.87649 0.04412
56269.66829 18.48505 0.04695
56269.66952 18.8033 0.04266
56269.67064 18.80353 0.04034
56269.67184 18.83546 0.04744
56269.673 18.7774 0.03961
56269.67412 18.77493 0.03905
56269.67533 18.77186 0.04053
56269.67646 18.82329 0.04065
56269.6776 18.74542 0.04428
56269.67883 18.8222 0.04082
56269.67997 18.72762 0.04143
56269.6812 18.74983 0.04167
56269.68232 18.59724 0.04182
56269.68343 18.63123 0.04648
56269.68473 18.71629 0.03982
56269.68592 18.60671 0.04816
56269.68705 18.66189 0.04163
56269.68816 18.73613 0.04156
56269.68929 18.63226 0.03859
56269.69041 18.62691 0.04534
56269.69157 18.74118 0.0379
56269.69269 18.67808 0.04015
56269.69383 18.67792 0.03922
56269.69496 18.55253 0.04423
56269.69608 18.79125 0.03724
56269.69898 18.73036 0.04
56269.70011 18.62317 0.04702
56269.70581 18.69172 0.03959
56269.70705 18.56305 0.04805
56269.70816 18.79981 0.04354
56269.70937 18.67635 0.03753
56269.7105 18.76822 0.041
56269.71167 18.72883 0.04026
56269.71403 18.67922 0.04773
56269.71516 18.37717 0.04166
56269.72763 18.76678 0.03996
56269.72875 18.53109 0.04268
56269.72987 18.55057 0.04785
56269.731 18.78505 0.04246
56269.73213 18.59296 0.05215
56269.73326 18.69023 0.03878
56269.73438 18.49384 0.04374
56269.73557 18.65125 0.04016
56269.73682 18.75791 0.04272
56269.73796 18.6733 0.03804
56269.73911 18.64596 0.04361
56269.74147 18.40583 0.04286
56269.74272 18.42017 0.04694
56269.74391 18.58336 0.05111
56269.74502 18.79358 0.04504
56269.7462 18.3895 0.0509
56269.74734 18.77555 0.04218
56269.74961 18.83186 0.04376
56269.75074 18.59821 0.04604
56269.75201 18.56255 0.04794
56269.75429 18.74625 0.04244
56269.75553 18.38133 0.05034
56269.75665 18.77753 0.04288
56269.75779 18.88675 0.04583
56269.76235 18.76014 0.04283
56269.76348 18.7441 0.04796
56269.76459 18.81156 0.04043
56269.78036 18.71756 0.05539
56269.78151 18.72437 0.04164
56269.78271 18.75665 0.04146
56269.78391 18.75918 0.04554
56269.78511 18.81799 0.04333
56269.78751 18.91976 0.04322
56269.78876 18.82619 0.0433
56269.78989 18.77055 0.04474
56269.79108 18.73625 0.04184
56269.79227 18.85228 0.04622
56269.79356 18.77056 0.04126
56269.79478 18.7701 0.04405
56269.7959 18.37042 0.0522
56269.79816 18.83519 0.05681
56269.79928 18.84606 0.04402
56269.80041 18.7833 0.04354
56269.80156 18.65238 0.04941
56269.80276 18.79859 0.04525
56269.80404 18.73181 0.04506
56269.80517 18.68671 0.04094
56269.80638 18.76537 0.04733
56269.80752 18.93856 0.04954
56269.80866 18.81306 0.04554
56270.57931 18.37678 0.05145
56270.58058 18.37743 0.05129
56270.58188 18.66532 0.04768
56270.58305 18.87996 0.0418
56270.58429 18.76925 0.04187
56270.58556 18.37556 0.05252
56270.58671 18.69697 0.0419
56270.58798 18.81309 0.03945
56270.58926 18.75194 0.04476
56270.59051 18.84464 0.04098
56270.59176 18.7125 0.03992
56270.59301 18.78526 0.04565
56270.59588 18.74399 0.03852
56270.59719 18.76831 0.04559
56270.59846 18.74082 0.03746
56270.59973 18.8591 0.04132
56270.60101 18.66877 0.03842
56270.60229 18.80464 0.03772
56270.60361 18.73371 0.04551
56270.60484 18.61054 0.04561
56270.60617 18.66191 0.04404
56270.60733 18.66742 0.04043
56270.60868 18.77298 0.03651
56270.60993 18.54832 0.04979
56270.61121 18.8412 0.04166
56270.61244 18.69182 0.05068
56270.61368 18.62958 0.04545
56270.61481 18.72963 0.03622
56270.61593 18.87984 0.03999
56270.61713 18.68491 0.04205
56270.61835 18.79491 0.0392
56270.61963 18.74118 0.0392
56270.62082 18.39819 0.04547
56270.62212 18.72749 0.0376
56270.62324 18.70152 0.03884
56270.62438 18.74756 0.04058
56270.6255 18.94534 0.03909
56270.62668 18.8464 0.04049
56270.62781 18.7107 0.04587
56270.62895 18.78892 0.0418
56270.63017 18.73067 0.03993
56270.6313 18.603 0.04353
56270.63259 18.84031 0.04118
56270.63372 18.76913 0.0367
56270.63484 18.86292 0.03845
56270.64581 18.78325 0.04513
56270.64713 18.78046 0.04287
56270.64825 18.84374 0.04207
56270.6495 18.96563 0.03752
56270.65082 19.07153 0.03887
56270.65222 18.79242 0.03992
56270.65336 18.74912 0.04076
56270.6545 18.78743 0.04038
56270.65562 18.76561 0.03691
56270.65697 18.76656 0.03768
56270.65832 18.77312 0.04014
56270.65959 18.75209 0.04727
56270.66092 18.74293 0.04071
56270.66217 18.77129 0.03924
56270.66351 18.67017 0.03802
56270.66477 18.39751 0.0479
56270.67891 18.85513 0.0392
56270.68008 18.8261 0.03839
56270.68122 18.79004 0.03689
56270.68382 18.31435 0.04493
56270.68508 18.71243 0.03757
56270.68653 18.8027 0.03682
56270.68784 18.66537 0.03816
56270.68912 18.6017 0.04285
56270.69232 18.7875 0.03919
56270.69365 18.67981 0.04195
56270.69617 18.7396 0.04412
56270.69746 18.73591 0.03737
56270.6986 18.56608 0.04065
56270.6999 18.60623 0.04235
56270.70121 18.59813 0.04141
56270.70235 18.69517 0.03944
56270.70349 18.74915 0.03831
56270.70482 18.67881 0.04479
56270.70613 18.59328 0.04024
56270.70726 18.57524 0.04477
56270.7086 18.509 0.04973
56270.70972 18.65113 0.03702
56270.71103 18.79145 0.04068
56270.71235 18.81552 0.03719
56270.71347 18.52508 0.04341
56270.71481 18.51859 0.04347
56270.71608 18.65969 0.04198
56270.71722 18.58051 0.04587
56270.71853 18.66371 0.03821
56270.71967 18.6792 0.04198
56270.72098 18.45741 0.04795
56270.72302 18.5153 0.04279
56270.72439 18.76405 0.03849
56270.72553 18.45334 0.04464
56270.72665 18.46519 0.04153
56270.72793 18.5567 0.04186
56270.72927 18.7299 0.03917
56270.73161 18.73082 0.03867
56270.73292 18.78157 0.04215
56270.73506 18.60245 0.04626
56270.73622 18.67112 0.03958
56270.73753 18.74264 0.03965
56270.73887 18.57387 0.0473
56270.74001 18.74269 0.04244
56270.74126 18.86983 0.03791
56270.7424 18.33217 0.04425
56270.74609 18.73995 0.04007
56270.74744 18.72215 0.04045
56270.7486 18.36666 0.04744
56270.74995 18.66708 0.04097
56270.75121 18.70494 0.03784
56270.75241 18.4243 0.04805
56270.75372 18.82316 0.04115
56270.75706 18.57243 0.04012
56270.75826 18.7779 0.03974
56270.75948 18.71713 0.04223
56270.76208 18.74641 0.04875
56270.77223 18.3519 0.04973
56270.77464 18.77271 0.04428
56270.77775 18.71458 0.04343
56270.77887 18.7093 0.04224
56270.78012 18.86073 0.04416
56270.78147 18.76741 0.04459
56270.78661 18.5239 0.05194
56270.78776 18.75412 0.04826
56270.7891 18.47002 0.05188
56270.79021 18.82232 0.04572
56270.79151 18.85629 0.04456
56270.7928 18.73141 0.04291
56270.79391 18.63431 0.05426
56270.79508 18.51951 0.05793
56270.79619 18.77108 0.04466
56270.7975 18.87982 0.0446
56270.79862 18.42149 0.04964
56270.79991 18.73804 0.04287
56270.80111 18.83439 0.04837
56270.80249 18.77718 0.04399
56270.80509 18.74195 0.04859
56270.80715 18.78594 0.04312
56270.80837 18.82513 0.04541
56270.80963 18.79578 0.04604
56271.71236 18.57248 0.0516
56272.64495 19.1034 0.0528
56273.60993 18.64618 0.04058
56273.63946 19.06011 0.0473
56282.58095 18.5865 0.05409
56282.61036 18.71553 0.05391
56282.62819 18.32263 0.04829
56297.58897 18.65294 0.03659
56297.59019 18.67904 0.0353
56297.5937 18.32637 0.03715
56297.59722 18.55691 0.034
56297.59904 18.58201 0.03539
56297.60164 18.50082 0.03665
56297.60284 18.5737 0.03864
56297.6053 18.52963 0.03728
56297.61734 18.60939 0.03618
56297.61965 18.62301 0.03929
56297.62198 18.5833 0.03576
56297.62474 18.56585 0.03488
56297.62597 18.44826 0.03698
56297.62818 18.44734 0.03998
56297.63051 18.28496 0.04505
56297.63246 18.27893 0.04627
56297.6337 18.47696 0.04066
56297.63597 18.54014 0.03675
56297.63722 18.40425 0.03726
56297.63944 18.48347 0.03567
56297.64162 18.56384 0.03662
56297.64281 18.63013 0.03896
56297.64393 18.53853 0.03465
56297.64612 18.59824 0.04103
56297.64742 18.2455 0.04663
56297.64964 18.55382 0.0352
56297.65434 18.54775 0.0389
56297.65811 18.54487 0.04249
56297.65988 18.58245 0.0356
56297.66121 18.54533 0.03759
56297.66483 18.63832 0.03833
56297.66714 18.54339 0.03625
56297.67315 18.55 0.03608
56297.67547 18.5498 0.03957
56297.67675 18.57484 0.03991
56297.67954 18.55964 0.03669
56297.68076 18.33968 0.04019
56297.6819 18.62658 0.03846
56297.68325 18.56661 0.03971
56297.68541 18.47844 0.03806
56297.68786 18.61114 0.03846
56297.69171 18.49994 0.03829
56297.69635 18.57776 0.03762
56297.69767 18.45696 0.03618
56297.70113 18.61209 0.03852
56297.70743 18.52023 0.03579
56297.71084 18.621 0.03554
56297.71401 18.61642 0.0391
56297.71668 18.64653 0.03922
56297.7179 18.65448 0.04062
56297.72049 18.54839 0.04187
56297.72327 18.59221 0.03949
56297.72448 18.58233 0.03899
56297.72584 18.5204 0.0453
56297.72772 18.60141 0.04082
56297.72894 18.37077 0.05165
56297.74317 18.62915 0.04549
56297.74683 18.23279 0.05064
56297.74996 18.69632 0.04589
56297.75123 18.65365 0.04349
56297.75493 18.51677 0.0431
56297.75709 18.52938 0.04108
56297.7583 18.43008 0.04546
56297.76047 18.63148 0.04518
56297.76167 18.66047 0.03959
56297.76388 18.64605 0.04336
56297.76506 18.67205 0.04502
56297.76834 18.56749 0.04378
56297.77069 18.65704 0.04298
56297.77185 18.60545 0.04418
56297.77383 18.67829 0.046
56297.79199 18.63641 0.05755
56297.79318 18.6326 0.04929
56297.79645 18.54832 0.06445
56297.79838 18.39841 0.0524
56297.79953 18.51989 0.06086
56297.80077 18.49924 0.06182
56297.80192 18.59037 0.05425
56297.80312 18.62439 0.05514
56297.80437 18.60461 0.05643
56297.80564 18.68468 0.05387
56297.80864 18.58495 0.05942
56298.58895 18.66376 0.04858
56298.59013 18.39161 0.0574
56298.59235 18.68947 0.06914
56298.59354 18.64639 0.06293
56298.59724 18.4468 0.05825
56298.59842 18.53931 0.07484
56298.60089 18.56496 0.06539
56298.6021 18.61005 0.06358
56298.60332 18.50089 0.06589
56298.60466 18.52804 0.06149
56298.60701 18.49339 0.0669
56298.60823 18.5485 0.06346
56298.61034 18.59955 0.06013
56298.61272 18.47948 0.0769
56298.61595 18.54184 0.04675
56298.61811 18.62639 0.04111
56298.62047 18.32815 0.04375
56298.62171 18.48059 0.05254
56298.62426 18.52457 0.05236
56298.62643 18.51004 0.05824
56298.62762 18.6569 0.06312
56298.63098 18.62988 0.05267
56298.63219 18.56756 0.04255
56298.63473 18.56914 0.05758
56298.63687 18.42779 0.04248
56298.63807 18.39934 0.05143
56298.63935 18.58963 0.04913
56298.64364 18.47664 0.03851
56298.64578 18.53887 0.0461
56298.64695 18.50536 0.05046
56298.6481 18.45245 0.04271
56298.65082 18.52743 0.04156
56298.65294 18.6039 0.03884
56298.65509 18.42524 0.04309
56298.65745 18.53994 0.06309
56298.65865 18.67656 0.03919
56298.66081 18.55659 0.03717
56298.66639 18.61645 0.04028
56298.68256 18.47446 0.04611
56298.68492 18.49575 0.04742
56298.68729 18.50995 0.07809
56298.68852 18.64851 0.11159
56298.6908 18.70106 0.13967
56301.59099 18.34908 0.04229
56302.5927 18.51474 0.11241
56302.62153 18.43429 0.06068
56305.59416 18.49079 0.04276
56307.63151 18.52633 0.04445
56308.60019 18.52757 0.05048
56310.60466 18.26531 0.05394
56310.63503 18.73378 0.05091
56311.59823 18.70443 0.05205
56311.62777 18.42708 0.06595
56312.59699 18.31397 0.07506
56312.63396 18.53195 0.07866
56313.60478 18.62068 0.05765
56313.63593 18.50679 0.06397
56314.61498 18.17546 0.05766
56314.64504 18.44386 0.06705
56322.60046 18.28895 0.05023
56322.63022 18.42713 0.05388
56323.59943 18.69324 0.05043
56323.60059 18.50935 0.05054
56323.60172 18.59787 0.04503
56323.60284 18.58415 0.0451
56323.60396 18.39682 0.04362
56323.60508 18.54165 0.04487
56323.60621 18.61726 0.04671
56323.60734 18.54197 0.04354
56323.60846 18.24865 0.04373
56323.60959 18.76169 0.04376
56323.61071 18.65256 0.04293
56323.61183 18.706 0.04524
56323.61297 18.62366 0.05011
56323.61409 18.58294 0.04815
56323.61521 18.24621 0.04486
56323.61635 18.67326 0.04301
56323.61747 18.6382 0.04771
56323.61859 18.57826 0.04118
56323.61971 18.50219 0.04577
56323.62085 18.68722 0.04397
56323.62197 18.76037 0.04493
56323.62309 18.54459 0.04426
56323.62423 18.61992 0.04258
56323.62535 18.59939 0.04393
56323.62647 18.44214 0.03988
56323.62759 18.73993 0.04457
56323.62872 18.48845 0.04483
56323.62985 18.67261 0.04304
56323.63097 18.78349 0.04415
56323.6321 18.64805 0.04717
56323.63322 18.75803 0.04665
56323.63435 18.62659 0.05152
56323.63549 18.60501 0.04926
56323.63661 18.83549 0.04734
56323.63773 18.80812 0.04814
56323.63887 18.86349 0.04306
56323.63999 18.74573 0.04403
56323.64112 18.73487 0.04191
56323.64225 18.95156 0.04564
56323.64338 18.8558 0.04401
56323.64563 18.83615 0.0425
56323.64676 18.82601 0.04627
56323.64789 18.89831 0.0458
56323.64902 18.62783 0.04304
56323.65014 18.75785 0.04826
56323.65127 18.84267 0.04907
56323.6524 18.74792 0.04696
56323.65352 18.78132 0.04544
56323.65465 18.58795 0.04577
56323.65577 18.73793 0.04473
56323.65691 18.64649 0.04393
56323.65803 18.64743 0.04732
56323.65917 18.77712 0.0507
56323.66029 18.60057 0.05814
56323.66142 18.85331 0.05198
56323.66255 18.77744 0.04814
56323.66367 18.60358 0.04571
56323.6648 18.78736 0.04883
56323.66594 18.7671 0.04914
56323.66706 18.68036 0.05125
56323.66819 18.552 0.05768
56323.66932 18.60563 0.0519
56323.67045 18.38689 0.05154
56323.67158 18.44159 0.04958
56323.67271 18.40453 0.04979
56323.67384 18.48085 0.04607
56323.67496 18.35233 0.05262
56323.67613 18.54804 0.04954
56323.67725 18.43008 0.04739
56323.67838 18.38016 0.044
56323.67951 18.51071 0.04665
56323.68065 18.38564 0.05296
56323.68177 18.24217 0.04733
56323.6829 18.50277 0.05117
56323.68402 18.42404 0.04619
56323.68516 18.61972 0.05604
56323.68628 18.34054 0.05027
56323.68742 18.45527 0.05519
56323.68855 18.47968 0.05894
56323.68967 18.2488 0.04774
56323.69081 18.53885 0.06062
56323.69194 18.8109 0.06128
56323.69306 18.55866 0.06593
56323.6942 18.33104 0.05012
56323.69532 18.45925 0.06579
56323.69644 18.3131 0.05292
56323.69758 18.40999 0.05521
56323.6987 18.62481 0.07373
56323.69982 18.32079 0.05714
56323.70094 18.29617 0.04792
56323.70208 18.31641 0.05634
56323.7032 18.49604 0.05786
56323.70434 18.72866 0.07943
56323.70546 18.50912 0.06369
56323.70659 18.39992 0.06055
56323.70772 18.35078 0.06743
56323.70887 18.37691 0.06805
56323.71001 18.55221 0.08588
56323.71114 18.33507 0.07583
56323.71226 18.21413 0.06599
56323.7134 18.23599 0.06574
56323.71453 18.38779 0.07364
56323.71565 18.29825 0.0703
56323.71679 18.28806 0.07045
56323.71905 18.3925 0.08871
56323.72017 18.37169 0.09347
56323.72356 18.57856 0.09573
56323.72468 18.21553 0.0834
56323.72695 18.19185 0.08917
56323.72808 18.57353 0.10685
56323.72921 18.54179 0.10328
56323.73146 18.62094 0.09703
56323.73485 18.64966 0.1034
56324.67356 18.84167 0.04931
56329.6158 18.89033 0.07207
56449.9322 18.61379 0.04589
56450.93056 19.03551 0.04533
56451.92757 18.90979 0.04808
56452.92487 18.70043 0.03532
56453.9223 18.83777 0.0511
56454.91904 18.60332 0.05365
56455.91706 18.72828 0.04148
56456.91361 18.78835 0.04352
56457.91086 18.81096 0.04548
56458.90893 18.55007 0.03666
56459.90596 18.52381 0.03822
56460.9034 18.64211 0.04084
56461.90107 18.67574 0.04337
56462.89824 18.44418 0.04519
56463.89576 18.4295 0.06904
56469.87982 18.57539 0.09393
56469.91685 18.56942 0.06388
56471.87375 18.52507 0.06626
56471.91001 18.71123 0.05786
56473.86804 18.28826 0.08549
56473.90477 18.41184 0.06022
56475.86334 18.22304 0.06775
56475.9008 18.70073 0.06475
56476.86102 18.46835 0.05745
56476.89765 18.28975 0.07901
56477.85777 18.77309 0.12163
56485.83631 18.35708 0.05659
56486.83403 18.28851 0.0452
56486.87106 18.47932 0.03601
56488.83006 18.61351 0.04872
56488.86647 18.76178 0.04331
56489.82698 18.51064 0.05257
56489.86366 18.58474 0.04634
56491.8581 18.86668 0.07879
56498.802 18.54146 0.11437
56498.83888 18.79393 0.10058
56502.79167 18.46581 0.05776
56502.82864 18.70182 0.05985
56503.78903 18.73174 0.04412
56503.82769 18.76131 0.04952
56504.82017 18.65856 0.05121
56504.86992 18.80891 0.04392
56504.90811 18.27952 0.04622
56505.81768 18.46933 0.04198
56505.9509 18.46078 0.04855
56505.98842 18.50719 0.04563
56506.89349 18.30519 0.0475
56507.80198 18.58419 0.04252
56507.84712 18.42681 0.04605
56507.99891 18.4441 0.03695
56508.90167 18.41776 0.03077
56509.79634 18.60258 0.03952
56509.83877 18.29179 0.04294
56510.8262 18.53347 0.03457
56511.79111 18.50213 0.0355
56511.84089 18.2043 0.03776
56512.78788 18.48817 0.03897
56512.82519 18.16879 0.04004
56513.78624 18.38459 0.03625
56513.82352 18.39622 0.03409
56514.7834 18.05488 0.03701
56514.82081 18.08906 0.03455
56515.78106 17.96829 0.03909
56515.82231 17.96918 0.03477
56516.77774 18.05826 0.03921
56516.81437 18.14112 0.03698
56517.77605 18.27848 0.03457
56517.81715 18.31964 0.03179
56517.97309 18.3459 0.03038
56518.96686 18.36853 0.02802
56519.90443 18.22853 0.02605
56519.96504 18.23591 0.0255
56520.00171 18.15216 0.02806
56520.90327 18.02112 0.03184
56520.95521 18.16253 0.02791
56520.99262 18.14536 0.02743
56521.89446 18.07891 0.03636
56521.95772 18.38851 0.02997
56521.99393 18.16112 0.0285
56527.76434 18.35628 0.0773
56527.80142 18.21621 0.07537
56528.72198 18.11527 0.07147
56528.81982 18.3059 0.06186
56528.87422 18.25446 0.06207
56529.90241 18.45792 0.04726
56529.93849 18.39926 0.05942
56529.97462 18.42929 0.05855
56532.71221 18.11711 0.03836
56532.85928 17.95932 0.03946
56532.89645 18.17966 0.03282
56533.79895 18.34582 0.03034
56533.93493 18.29677 0.03076
56537.84525 17.98608 0.03403
56539.69386 18.25865 0.04423
56539.88447 18.24298 0.03041
56539.9215 18.38358 0.03075
56540.97669 18.14615 0.03395
56541.6883 18.37969 0.03971
56541.83165 18.37857 0.11315
56542.96698 18.33557 0.03399
56543.00294 17.94667 0.03954
56543.90463 18.29633 0.04412
56543.97085 17.99039 0.03496
56544.00787 18.23892 0.03508
56546.67441 18.27983 0.04964
56546.75907 18.51067 0.0347
56547.84788 18.31972 0.03433
56548.0057 18.43584 0.03862
56548.66959 18.37924 0.05864
56548.70582 18.49314 0.0511
56548.74172 18.26035 0.04636
56549.66591 18.26185 0.0567
56549.70273 18.33319 0.04864
56549.73967 18.45076 0.04432
56550.66388 18.33329 0.07776
56550.6994 18.24605 0.06523
56550.73216 18.53491 0.05484
56551.66063 18.15514 0.07693
56551.72202 18.31703 0.05499
56551.75862 18.51146 0.05473
56552.66117 18.398 0.08134
56552.71291 18.59327 0.06359
56552.74635 18.48376 0.05804
56561.66061 17.95311 0.03906
56561.89034 18.26542 0.0428
56563.02169 18.41869 0.04805
56563.6524 18.23715 0.04763
56563.6893 17.97275 0.04276
56563.77494 17.98325 0.03842
56564.72602 18.48839 0.03992
56564.99301 18.33058 0.03884
56565.02672 18.48749 0.04825
56565.92832 18.41148 0.03766
56565.98151 18.31301 0.0473
56566.91724 18.01829 0.03912
56566.96287 17.99789 0.04119
56567.8986 18.05386 0.0351
56567.96702 18.27201 0.03677
56568.00039 18.29769 0.03481
56568.90245 18.22487 0.02749
56568.99843 18.0241 0.03864
56569.90084 18.21434 0.03307
56571.62526 18.06654 0.05262
56571.72419 18.22438 0.0481
56572.62632 18.43758 0.05374
56572.66032 18.49939 0.04238
56572.69287 18.20812 0.05984
56573.61429 18.41166 0.0515
56573.64765 18.42807 0.0436
56573.77817 18.49482 0.03577
56576.83948 18.60907 0.03702
56577.00541 18.48623 0.04613
56577.60601 18.55774 0.07745
56577.63144 18.31735 0.06694
56577.77306 18.5452 0.04364
56578.67217 18.6361 0.04486
56578.69674 18.61064 0.04449
56578.75347 18.54603 0.04616
56579.73584 18.6051 0.04877
56579.88516 18.0517 0.05267
56580.7875 18.65979 0.05158
56580.8553 18.61643 0.0509
56580.88022 18.58349 0.0662
56581.78167 18.32005 0.08243
56581.83883 18.29648 0.07294
56581.86464 18.48549 0.07166
56587.62864 18.34639 0.05017
56587.78993 18.68263 0.05119
56587.81475 18.48782 0.05106
56588.71625 18.40031 0.07186
56588.89281 18.50377 0.07948
56589.79481 18.51246 0.04438
56589.81959 18.51703 0.04118
56589.84642 18.07596 0.04588
56590.76387 18.51572 0.0439
56590.8749 18.55897 0.04136
56590.89969 18.56638 0.04893
56591.80204 18.72197 0.08346
56591.86057 18.39409 0.04729
56591.88508 17.97598 0.04552
56592.81972 18.50275 0.04322
56592.91348 18.6474 0.04836
56592.93852 18.53024 0.05314
56596.59731 18.08867 0.05334
56596.81771 18.02965 0.05105
56596.84238 18.11497 0.05264
56597.82393 18.12966 0.04979
56597.84943 18.25826 0.05434
56598.75163 18.0776 0.04762
56598.82179 18.36945 0.04384
56599.75014 18.58192 0.03619
56599.79577 18.0221 0.03973
56600.77441 18.27152 0.04229
56600.8753 18.19779 0.05105
56602.59024 18.33109 0.05191
56603.68227 18.06672 0.04443
56603.74296 18.53993 0.04284
56603.81581 18.24598 0.0453
56604.73691 18.57683 0.04016
56604.92616 18.65178 0.05177
56605.64733 18.1304 0.04554
56605.67213 18.06895 0.04328
56606.58401 18.63614 0.08719
56606.60932 18.52871 0.05232
56606.64241 18.57663 0.09229
56607.82225 18.34664 0.04859
56607.84927 18.4219 0.0393
56608.75086 18.00949 0.04791
56608.81398 18.33679 0.05639
56608.84048 18.53284 0.07481
56609.8617 18.4199 0.0644
56609.88847 18.56053 0.07235
56622.58588 18.48429 0.04043
56623.58717 18.70228 0.05105
56624.57999 18.56419 0.04265
56625.70494 18.14946 0.04189
56625.74386 18.61445 0.03959
56626.64578 18.6149 0.04027
56626.67007 18.58332 0.03831
56628.73144 18.60596 0.04232
56637.58042 18.61132 0.06404
56637.60549 18.61786 0.05654
56639.58002 18.586 0.07234
56639.60438 18.48341 0.06506
56640.58279 18.50583 0.05458
56640.61699 18.57529 0.07946
56649.57885 18.60431 0.05
56649.60387 18.65497 0.04521
56650.58762 18.37383 0.05603
56653.58621 18.74452 0.07482
56658.62914 18.47515 0.05191
56659.61086 18.56463 0.04765
56660.61029 18.65968 0.03859
56662.58587 18.99265 0.05125
56662.61038 18.37346 0.05706
56663.59143 18.82818 0.04343
56663.6171 18.68972 0.04191
56664.58594 18.75439 0.102
56664.6104 18.78993 0.06102
56668.58721 18.67532 0.08773
56668.61177 18.74699 0.06609
56669.61423 18.61078 0.06378
56670.58877 18.5741 0.09742
56675.5969 18.69503 0.04415
56675.6459 18.5929 0.05845
56676.61781 18.65162 0.04023
56677.60718 18.69586 0.10967
56678.61458 18.7075 0.04435
56678.64019 18.75169 0.04172
56680.60724 18.65694 0.04656
56683.59693 18.49015 0.03938
56683.63252 18.57815 0.03972
56685.59847 18.78331 0.06927
56685.6471 18.56354 0.07741
56686.63379 18.56985 0.09206
56687.64144 18.4268 0.05826
56690.60286 18.78591 0.05583
56690.64549 18.60871 0.0493
56697.60505 18.7378 0.05773
56699.60928 18.53177 0.06931
56818.96227 19.44442 0.05574
56836.97711 18.94332 0.0433
56837.98211 18.94903 0.06655
56839.96511 18.91927 0.03462
56839.97834 18.73427 0.04439
56840.96951 18.80377 0.03617
56840.98137 18.8749 0.05518
56841.96857 18.75005 0.03233
56841.98075 18.65378 0.04542
56844.96636 18.59 0.03576
56844.97887 18.36683 0.03551
56845.96726 18.49185 0.03098
56845.98002 18.38997 0.04707
56846.96666 18.33149 0.03486
56846.98115 18.53401 0.04342
56847.96648 18.50404 0.03099
56847.98151 18.49525 0.04366
56848.96743 18.57395 0.03422
56848.98312 18.53481 0.0389
56849.96813 18.48687 0.05418
56849.98235 18.41163 0.05458
56850.96941 18.66766 0.08734
56850.98368 18.64202 0.08617
56851.97048 18.66827 0.05072
56851.98675 18.4572 0.05651
56854.96165 18.36068 0.04164
56854.98771 18.37931 0.04294
56855.96071 18.57579 0.04295
56855.98393 18.56367 0.04323
56856.96087 18.24365 0.06267
56856.98328 18.31018 0.04156
56858.98507 18.29667 0.03549
56859.96515 18.35742 0.03272
56859.98697 18.25799 0.04413
56861.96231 18.47661 0.03274
56861.98508 18.24073 0.04202
56862.9659 18.54811 0.03293
56862.98227 18.59773 0.0333
56863.94981 18.60725 0.03072
56864.94576 18.54942 0.03612
56864.96947 18.47607 0.0382
56865.92975 18.53934 0.03469
56865.96089 18.21406 0.03678
56867.98799 18.54954 0.03234
56868.96536 18.62769 0.03445
56868.98567 18.53149 0.03597
56869.96092 18.45422 0.03973
56869.98231 18.5406 0.03365
56870.96467 18.53561 0.03233
56870.98635 18.28666 0.04159
56874.97428 18.57122 0.03677
56874.99622 18.69321 0.0365
56875.98151 18.19204 0.03853
56875.99752 18.5425 0.03451
56876.91773 18.61697 0.03399
56876.94717 18.5736 0.03256
56877.9745 18.54805 0.03517
56877.9957 18.53539 0.03946
56878.00741 18.50651 0.05134
56878.9086 18.49814 0.05016
56878.93847 18.269 0.04937
56879.92838 18.36039 0.04925
56879.95816 18.43908 0.04496
56880.95792 18.32735 0.07722
56880.9882 18.42809 0.05337
56882.96877 18.59921 0.08201
56882.98848 18.14772 0.0672
56883.9421 18.30059 0.03816
56883.98158 18.29645 0.03872
56884.99956 18.351 0.03935
56885.96448 18.36982 0.03201
56885.98159 18.23375 0.03254
56886.91453 18.28075 0.03035
56886.94264 18.30379 0.03115
56887.91623 18.3796 0.02782
56887.94902 18.09374 0.03759
56888.86519 18.36912 0.02825
56888.89905 18.28365 0.02922
56888.94196 18.13583 0.03441
56890.94091 18.25747 0.02636
56895.83087 18.31117 0.03192
56895.86667 18.27399 0.03332
56972.71463 18.30205 0.03792
56972.73749 18.12745 0.04027
56979.72374 18.42463 0.05395
56980.71766 18.48548 0.03658
56980.83416 18.30333 0.03664
56981.71538 18.36926 0.04194
56981.77818 18.26277 0.03226
56984.71333 18.31928 0.04743
56984.78092 18.08136 0.05221
56986.79095 18.32522 0.0448
56987.70535 18.03132 0.04117
56987.76948 18.47987 0.03857
56988.66321 18.48023 0.04084
56989.60286 18.42953 0.03811
56989.66828 18.4837 0.04023
56990.59847 17.99227 0.05086
56990.66232 18.11039 0.04723
56991.66882 18.34805 0.07698
57000.62591 18.06017 0.04627
57000.65668 18.37692 0.04769
57001.60725 18.04232 0.03972
57011.62365 18.49167 0.03689
57011.65019 18.32426 0.03961
57014.60229 18.04868 0.04099
57014.62433 17.91427 0.0385
57015.60026 18.29349 0.04847
57015.6199 18.17018 0.04364
57018.60146 18.34308 0.04394
57018.62586 18.43687 0.04263
57019.59637 18.36726 0.0499
57019.61004 18.56284 0.04145
57030.59868 18.5623 0.04187
57037.60179 18.36047 0.0469
57039.60447 18.57689 0.04044
57040.60372 18.46674 0.03838
57040.65327 18.34394 0.05212
57041.64649 18.38222 0.03914
57042.59979 18.50727 0.03719
57042.64647 18.36849 0.03926
57043.60053 18.61633 0.03858
57043.64542 18.01554 0.0413
57044.59961 18.58036 0.04748
57044.64222 18.10571 0.06192
57046.59907 18.17391 0.04836
57046.64082 18.39627 0.05863
57047.65127 18.43833 0.05167
57047.65361 18.39304 0.05709
57059.60766 18.56572 0.04052
57059.61723 18.44118 0.03669
57063.60738 18.41799 0.04147
57063.61933 18.52406 0.0432
57064.61072 18.34147 0.04248
57064.62756 18.39338 0.04408
57065.60805 18.34959 0.06253
57065.62471 18.34171 0.05406
57066.61485 18.56582 0.11502
57067.60784 18.57346 0.04883
57067.62545 18.44897 0.04624
57069.61019 18.59351 0.05456
57070.61078 18.64058 0.05291
57070.6277 18.38744 0.06396
57071.61023 18.49 0.05331
57071.6267 18.534 0.04524
57089.61859 18.56021 0.07436
57089.62798 18.24023 0.07603
57090.63028 18.40547 0.11317
57091.62051 18.2325 0.08031
57091.62877 18.3005 0.07479
57180.95646 18.19199 0.05739
57185.96692 18.46485 0.05213
57187.96362 18.34795 0.03815
57188.96808 18.39399 0.03737
57189.95594 18.35444 0.04228
57190.94422 18.54106 0.03989
57190.9766 18.16191 0.07654
57191.95614 18.46743 0.04053
57192.94672 18.2394 0.04458
57192.97846 18.46831 0.0799
57193.93573 18.57159 0.03927
57193.96862 18.57697 0.05173
57194.94374 18.10184 0.04517
57194.97431 18.20918 0.06151
57195.94595 18.61172 0.04388
57196.92539 18.3577 0.05382
57196.97637 18.67585 0.072
57197.91796 18.46089 0.04001
57197.96971 18.08415 0.04881
57198.93165 18.41025 0.04139
57198.96479 18.40733 0.04088
57199.9472 18.4303 0.04162
57199.9815 18.46383 0.07564
57207.98422 18.68222 0.05465
57208.90735 18.58276 0.04969
57209.97959 18.58717 0.05073
57210.97519 18.65956 0.04008
57211.98409 18.78601 0.05456
57212.97329 18.30445 0.06061
57214.96163 18.34093 0.03935
57216.93262 18.54587 0.03434
57216.97994 18.37105 0.03495
57218.92712 18.70851 0.03908
57218.977 18.42708 0.03704
57219.94247 18.69423 0.03577
57219.97077 18.37586 0.032
57220.92305 18.51136 0.03092
57220.98129 18.38168 0.03206
57225.95176 18.4069 0.03031
57226.95332 18.36152 0.026
57227.93417 18.43221 0.02969
57227.97035 18.41329 0.03425
57231.91879 18.44029 0.03308
57231.96902 18.38658 0.03144
57232.8829 18.5115 0.05119
57232.9489 18.50812 0.03498
57237.93379 18.44821 0.05332
57237.98326 18.21066 0.05749
57238.91268 18.63393 0.04495
57238.96563 18.5663 0.04108
57239.93796 18.53629 0.03597
57239.98313 18.56761 0.04299
57240.95317 18.53653 0.03842
57241.93368 18.57779 0.03617
57242.93933 18.41663 0.03167
57242.98523 18.40045 0.03318
57244.91131 18.13725 0.03618
57244.96611 18.49424 0.03207
57245.87591 18.42084 0.03156
57245.91376 18.08865 0.03481
57247.92574 18.32913 0.03126
57247.95614 18.42961 0.03159
57248.84393 18.37096 0.03153
57248.8782 18.35793 0.03742
57249.88436 18.41995 0.02804
57249.9163 18.07098 0.0344
57250.88236 18.3968 0.0302
57250.92114 18.45406 0.0307
57251.91419 18.39093 0.03641
57267.93864 18.31597 0.06577
57267.9816 18.44605 0.05413
57554.97044 17.87954 0.06359
57555.93989 18.34335 0.05211
57564.95195 18.22961 0.07018
57567.97572 17.96076 0.06794
57568.92119 17.80208 0.05523
57569.92685 17.64655 0.05326
57570.93954 18.00155 0.05206
57571.91515 17.84859 0.05869
57571.96845 17.82128 0.05395
57572.94 17.8128 0.05319
57572.961 17.83085 0.05605
57573.95955 18.23767 0.04949
57574.96997 17.71008 0.0439
57575.96076 17.64887 0.04542
57576.95096 17.71855 0.04604
57577.97714 17.62552 0.05371
57578.93031 18.31669 0.03559
57578.9597 18.1404 0.03788
57580.94991 17.59253 0.02869
57582.9889 17.98173 0.0481
57583.93612 17.85837 0.0297
57583.97225 17.70387 0.02952
57584.92871 18.01763 0.03086
57584.97404 17.98788 0.03155
57585.92275 17.62451 0.04185
57585.96134 17.65439 0.04001
57586.91575 18.36174 0.05792
57596.95384 17.97863 0.08131
57600.96483 18.331 0.06836
57601.9531 17.6709 0.06585
57602.95616 17.9619 0.06506
57602.99208 17.91631 0.05799
57603.95654 18.1889 0.08075
57603.99274 17.9755 0.07023
57604.96148 18.5538 0.05697
57604.99535 17.8073 0.05862
57605.93926 18.56757 0.05264
57606.94732 18.26986 0.06409
57606.99101 18.09439 0.06229
57607.92659 18.47149 0.04685
57607.97806 18.5599 0.04551
57609.94301 17.82521 0.06053
57610.89516 18.0544 0.05911
57610.92695 18.23293 0.05434
57611.93252 18.22344 0.04907
57612.88937 17.91895 0.05383
57612.93148 18.57865 0.04899
57613.87193 17.88354 0.06259
57613.90353 18.33876 0.0531
57614.96436 18.03012 0.06312
57614.99496 18.07208 0.06509
57615.90761 18.48506 0.07555
57622.98808 18.50465 0.11028
57623.99038 18.35805 0.11407
57625.94454 18.42775 0.06497
