#mjd mag magerr
55061.92501 19.02499 0.0358
55061.95573 18.9368 0.03294
55063.91987 18.9361 0.03509
55063.9639 19.01052 0.03547
55064.92128 19.0403 0.03911
55064.9656 18.98162 0.04037
55066.91014 19.02122 0.04094
55066.95474 18.96022 0.03471
55067.91649 18.93587 0.04857
55067.96099 19.07145 0.05194
55069.90324 19.03961 0.0354
55069.94786 18.97779 0.03641
55080.95988 18.99123 0.12471
55084.86328 19.05661 0.05046
55087.85609 19.02634 0.03762
55087.90101 19.04917 0.03798
55088.96983 19.07717 0.04127
55089.01521 19.00754 0.0409
55089.94574 19.05069 0.04094
55089.99042 19.05947 0.04026
55093.83741 19.07575 0.0365
55093.88196 18.99687 0.03549
55096.8292 18.99624 0.03741
55097.00858 19.14136 0.04788
55104.99862 19.32136 0.05983
55107.79764 19.2084 0.08481
55114.88125 19.10655 0.04741
55114.92522 19.08712 0.09609
55119.89538 19.09558 0.04364
55119.95365 19.2204 0.05054
55123.75696 19.11012 0.03886
55123.81523 19.0878 0.03933
55126.97957 19.20524 0.06292
55127.83329 19.11314 0.04291
55127.87706 19.07251 0.04721
55135.82555 19.2167 0.07646
55135.86926 19.15938 0.09067
55138.71472 19.03101 0.09193
55138.75871 19.29324 0.10543
55142.7036 19.08957 0.04445
55142.75219 19.14502 0.05282
55144.77886 19.13476 0.04352
55144.82305 19.1354 0.04916
55151.72943 19.14854 0.04898
55151.77257 19.1441 0.04402
55166.70473 19.16998 0.08051
55166.74897 18.98698 0.08548
55168.63378 19.28271 0.10823
55168.6775 19.14944 0.06473
55175.61224 19.08841 0.03872
55175.65684 19.09178 0.03772
55181.59421 19.09793 0.06168
55181.63825 19.16169 0.05421
55183.59204 19.08249 0.06477
55183.64253 19.14352 0.04324
55189.58054 19.18809 0.05903
55189.62557 19.13514 0.04777
55194.59026 19.20497 0.08437
55199.58559 19.16254 0.0422
55201.58642 19.19661 0.0913
55202.58667 19.00898 0.05308
55203.71441 19.0318 0.05262
55203.75743 19.06613 0.05298
55207.63092 19.11482 0.04475
55207.67514 18.99977 0.0404
55209.5968 19.04616 0.03799
55209.64149 18.96194 0.03547
55213.63312 19.32224 0.05673
55213.6798 19.11669 0.05911
55377.85123 19.1299 0.07843
55377.89535 19.04682 0.08257
55379.8591 18.97633 0.06124
55379.92482 19.05231 0.05022
55380.87684 19.16656 0.07635
55380.92078 19.05387 0.06302
55381.89606 19.07388 0.05102
55381.93934 19.09744 0.04731
55384.82671 18.99115 0.04064
55384.87028 19.03293 0.04154
55385.87021 19.00713 0.03791
55385.91339 19.05242 0.03619
55386.86524 19.09936 0.04172
55386.90867 19.01516 0.03794
55387.87002 19.02072 0.04075
55387.91342 18.9823 0.03462
55388.86609 19.09928 0.05119
55388.91005 19.01754 0.03836
55390.80957 19.05916 0.05335
55390.85393 18.97338 0.04458
55391.80613 18.99815 0.05447
55391.87538 19.01093 0.04303
55392.87538 19.00984 0.04007
55394.79908 18.92522 0.05138
55394.8431 19.03243 0.04283
55395.79551 19.2016 0.07145
55395.84215 18.93554 0.04136
55396.79527 19.11487 0.06225
55396.83932 18.98982 0.03966
55397.79163 19.14596 0.07175
55397.83526 19.01743 0.04573
55398.78764 19.18261 0.07969
55398.83124 19.03526 0.06015
55399.78802 18.92922 0.07407
55399.83261 18.96896 0.06342
55400.78534 18.98578 0.09322
55400.8289 18.94878 0.06496
55401.82518 19.07517 0.08731
55402.8246 19.09357 0.0984
55403.81973 18.86265 0.08365
55404.77424 19.14382 0.10435
55404.84266 19.16102 0.07585
55405.8416 19.14092 0.08531
55407.7691 19.18568 0.10393
55407.83003 19.05579 0.08182
55408.78389 19.08773 0.14778
55411.79896 19.06726 0.06593
55412.75232 19.08407 0.079
55412.79539 19.02988 0.06859
55413.75577 19.12414 0.07885
55413.79945 19.07459 0.06358
55414.75161 18.99262 0.09187
55414.79555 19.07927 0.06704
55415.75266 18.96395 0.07219
55415.79727 19.03917 0.07688
55416.75096 19.06333 0.09237
55416.79342 19.16537 0.06954
55417.75979 19.02272 0.08337
55417.84511 18.99565 0.06756
55418.79843 19.25235 0.08087
55418.84121 19.06576 0.0598
55419.75121 18.91234 0.07742
55419.79504 19.08745 0.06472
55420.78929 19.19095 0.09037
55420.83264 19.10837 0.06815
55421.73664 19.03656 0.04845
55421.79901 19.04311 0.03641
55422.75115 19.01578 0.04494
55422.79487 19.08615 0.03906
55423.74742 18.95872 0.04525
55423.79284 19.05687 0.04084
55424.75349 18.99008 0.05332
55424.80178 18.99935 0.03891
55425.76166 18.97779 0.05186
55425.80573 18.96208 0.03699
55426.80123 19.06873 0.05187
55426.8444 19.05103 0.03645
55427.79708 19.07234 0.05141
55427.8408 19.02991 0.04054
55428.79281 19.0015 0.05029
55428.83703 19.02767 0.0452
55429.8142 18.99359 0.04963
55429.85716 19.04081 0.04505
55430.75769 19.02488 0.06948
55430.80485 18.98848 0.0576
55431.75639 19.06196 0.07037
55431.80024 18.99553 0.05754
55432.73907 18.93954 0.09592
55432.78359 19.0748 0.10139
55433.70425 19.35913 0.12653
55433.7493 19.09124 0.09253
55434.69401 19.02142 0.13197
55435.69148 18.87188 0.13375
55436.88575 19.12235 0.06379
55436.88891 19.18767 0.06322
55436.8919 19.00064 0.0695
55436.89501 19.19042 0.0693
55436.89797 19.22026 0.07321
55436.90109 19.0894 0.0685
55436.9042 19.15728 0.07472
55436.90728 19.05454 0.06722
55436.91041 19.09214 0.0758
55436.91351 19.25904 0.07529
55436.91641 19.24188 0.08343
55436.91931 19.16336 0.07731
55436.92221 19.25796 0.0753
55436.92514 19.24695 0.0792
55436.92806 19.12421 0.07619
55436.93096 19.1829 0.07461
55436.93413 19.08409 0.07361
55436.93703 19.13481 0.07129
55436.93974 19.17159 0.06958
55436.94297 18.9966 0.07428
55436.94613 19.07838 0.07109
55436.94915 19.17009 0.07511
55436.95231 19.14852 0.07491
55436.9553 19.03024 0.0691
55436.95826 19.15577 0.07668
55436.96116 19.05503 0.06691
55436.96403 19.18118 0.07859
55436.96671 19.09644 0.06633
55438.88857 19.13563 0.06434
55438.89169 19.07225 0.06082
55438.89485 19.09155 0.05684
55438.89798 19.16369 0.06251
55438.90086 19.18911 0.06252
55438.90371 19.07521 0.0589
55438.9065 19.0987 0.05952
55438.90927 19.13317 0.05547
55438.91204 19.02233 0.05774
55438.91487 19.28248 0.0639
55438.91763 19.11776 0.06281
55438.92084 19.12988 0.06075
55438.92394 19.21353 0.07205
55438.92672 19.22006 0.07092
55438.92954 19.25634 0.07471
55438.93259 19.05513 0.06674
55438.93551 19.09548 0.06755
55438.93833 19.14303 0.06736
55438.94106 18.96177 0.05963
55438.94411 19.1761 0.071
55438.94678 19.2149 0.06993
55438.95017 19.05345 0.06484
55438.95913 18.98688 0.06731
55438.96141 19.21997 0.06541
55440.87507 19.08163 0.04412
55440.87823 19.05864 0.04175
55440.88428 19.04814 0.03859
55440.88675 19.0313 0.04221
55440.8894 19.05756 0.04245
55440.89205 19.03673 0.04411
55440.89518 19.04062 0.04184
55440.89832 19.03419 0.04371
55440.90145 19.11555 0.04614
55440.90439 19.02681 0.04095
55440.90729 18.99558 0.04213
55440.91025 19.08839 0.04403
55440.91316 19.0521 0.04348
55440.91591 19.11525 0.04762
55440.9187 19.15193 0.04362
55440.92149 19.24785 0.04623
55440.92426 19.08921 0.04324
55440.93095 19.12019 0.04531
55440.93364 19.10392 0.04106
55440.93623 18.98639 0.04201
55440.9395 19.15391 0.04371
55440.94264 19.02075 0.04171
55440.94582 19.10898 0.04343
55440.94883 19.02311 0.04234
55440.95182 19.0925 0.04563
55440.95489 18.98151 0.04095
55440.95791 19.03937 0.04431
55441.87301 19.07038 0.03736
55441.87592 19.01557 0.03674
55441.88645 19.06051 0.03785
55441.88962 19.03373 0.03577
55441.89254 18.99379 0.03646
55441.89542 19.06093 0.03718
55441.89828 19.07103 0.03754
55441.90107 19.05482 0.03837
55441.9037 19.0261 0.03455
55441.90634 19.00903 0.03666
55441.90906 18.99973 0.03507
55441.9118 19.03372 0.03668
55441.91445 19.04371 0.03625
55441.91722 19.00059 0.03581
55441.91981 19.07858 0.04203
55441.92242 19.10199 0.04044
55441.92546 19.07176 0.03732
55441.9281 19.05569 0.03886
55441.93183 19.07838 0.03725
55441.93458 19.02763 0.03597
55441.93727 18.99936 0.03828
55441.94048 19.0774 0.03874
55441.94326 19.03584 0.03812
55441.94546 19.04844 0.03921
55441.94852 18.9932 0.03684
55441.95194 19.01536 0.03618
55441.95469 19.0859 0.03538
55441.95786 19.11208 0.03687
55441.96081 18.99877 0.03687
55441.96392 19.07503 0.03718
55441.96715 19.06294 0.03411
55441.97012 19.05783 0.03763
55441.97294 19.04255 0.0358
55441.97532 19.01011 0.03585
55441.97757 19.04345 0.03855
55441.9798 19.05439 0.03887
55441.9835 18.989 0.03646
55441.9863 19.02231 0.03925
55441.98852 19.0574 0.03916
55441.99078 19.07628 0.03894
55441.99382 19.08574 0.04056
55442.00593 19.0956 0.04216
55442.00906 19.11979 0.0424
55442.01216 19.16942 0.04521
55442.01486 19.18619 0.05307
55442.01753 19.17593 0.05867
55442.02001 19.20887 0.07465
55442.02226 19.08172 0.07656
55442.70382 19.09159 0.04539
55442.70734 19.07424 0.04515
55442.71097 19.04494 0.04266
55442.71448 18.96726 0.03944
55442.71808 19.09736 0.04264
55442.72168 18.98147 0.03893
55442.72527 18.99032 0.03918
55442.73272 19.039 0.03812
55442.74184 19.00502 0.0375
55442.74882 19.07336 0.03887
55442.75572 19.08268 0.03859
55442.76147 19.04123 0.03678
55442.76615 19.06823 0.03737
55442.77616 19.03971 0.04051
55442.78135 19.0658 0.03639
55442.78615 19.02292 0.03509
55442.79145 19.01743 0.03472
55442.79615 19.01311 0.03556
55442.80186 19.11762 0.03821
55442.8093 18.9758 0.03401
55442.81443 19.04027 0.03438
55442.81939 19.01687 0.03594
55442.82447 18.98106 0.03249
55442.8293 19.07645 0.03307
55442.83541 19.06956 0.03383
55442.84012 19.11663 0.03382
55442.84597 19.02384 0.034
55442.85112 18.98713 0.03401
55442.85657 19.06699 0.03498
55442.86387 19.06182 0.03931
55442.87002 19.08528 0.0365
55442.87503 19.03871 0.0339
55442.88048 19.12167 0.03353
55442.88617 19.07677 0.03381
55442.89221 18.95461 0.03385
55442.89785 19.04707 0.03548
55442.90297 19.03583 0.0343
55442.90871 19.03683 0.03558
55442.91368 19.04778 0.03436
55442.91875 19.12206 0.03744
55442.92384 19.07979 0.0347
55442.93037 19.07509 0.03545
55442.93642 19.0444 0.03601
55442.94588 18.99198 0.04643
55442.95166 19.10078 0.03597
55442.95754 19.06664 0.03638
55442.96246 19.1228 0.03874
55442.96833 19.07652 0.03844
55442.97317 19.06329 0.0351
55442.97782 19.12582 0.03777
55442.98206 19.05446 0.03503
55442.9872 19.07565 0.03689
55442.99348 19.06756 0.03711
55442.99858 19.09112 0.03672
55443.00329 19.09702 0.03649
55443.01002 19.05328 0.03532
55443.01702 19.19931 0.05168
55443.02387 18.96005 0.09745
55443.67742 19.04048 0.05644
55443.68488 19.05198 0.05372
55443.69287 19.07736 0.04976
55443.70415 19.02088 0.04891
55443.71028 19.07366 0.0476
55443.71632 18.99714 0.04244
55443.72231 19.04366 0.0435
55443.72832 19.03894 0.04023
55443.736 19.03529 0.04209
55443.74306 19.07685 0.04076
55443.74812 18.99689 0.03831
55443.75372 19.12627 0.04086
55443.75946 19.00019 0.03747
55443.76526 19.07321 0.04122
55443.77007 19.1542 0.04322
55443.78027 19.04111 0.04432
55443.78539 19.12697 0.03944
55443.79156 19.07882 0.03924
55443.79717 19.0478 0.04002
55443.80302 19.0537 0.03466
55443.80895 19.10098 0.03773
55443.81493 19.03631 0.03658
55443.8204 19.11643 0.04021
55443.82634 19.03517 0.03595
55443.83239 19.16006 0.03669
55443.83783 19.01777 0.03427
55443.84415 19.00855 0.03474
55443.84958 19.14164 0.03813
55443.85553 18.99801 0.03633
55443.86252 19.0818 0.03713
55443.87576 19.08129 0.03563
55443.88141 19.12422 0.03683
55443.88892 19.07156 0.037
55443.89412 19.05101 0.03926
55443.90077 19.17018 0.04052
55443.90658 19.09727 0.03585
55443.91235 19.10985 0.03554
55443.91779 19.05636 0.03884
55443.92403 19.03614 0.03986
55443.92967 19.12015 0.03858
55443.93496 19.09944 0.03701
55443.94073 19.08393 0.03938
55443.94779 19.03404 0.03736
55443.95355 19.12532 0.03833
55443.95925 19.10035 0.03862
55443.9693 18.99467 0.04333
55443.97555 19.098 0.03936
55443.98144 19.08248 0.04111
55443.98725 19.09657 0.04581
55443.99456 19.12606 0.04267
55444.00093 19.0453 0.03884
55444.0061 19.02116 0.03675
55444.01187 18.9986 0.03985
55444.0175 19.08533 0.05059
55444.02231 19.32447 0.08191
55444.66648 19.12957 0.06996
55444.67221 19.04167 0.06373
55444.67727 19.11137 0.06213
55444.68857 19.09653 0.05112
55444.69526 19.00933 0.04892
55444.70198 19.05597 0.05181
55444.7091 19.02406 0.04843
55444.71487 19.21015 0.0537
55444.72103 18.99368 0.04295
55444.72796 19.00329 0.05297
55444.73377 19.0559 0.04252
55444.74094 18.98313 0.03912
55444.74655 19.03413 0.04083
55444.75167 19.05687 0.04243
55444.75678 19.02612 0.04123
55444.76225 19.12338 0.04129
55444.7673 19.04364 0.03852
55444.77353 19.00835 0.0404
55444.77876 19.02835 0.03812
55444.78368 19.03277 0.03965
55444.79848 18.98465 0.03678
55444.80403 18.96701 0.03682
55444.81599 19.06454 0.03954
55444.8213 19.04944 0.03774
55444.83332 19.05249 0.03908
55444.83854 19.0991 0.03774
55444.84549 19.09827 0.03845
55444.85161 19.1294 0.03771
55444.85679 19.10071 0.03714
55444.86267 19.07312 0.03922
55444.86777 19.1685 0.04358
55444.87321 19.10435 0.03714
55444.87872 19.11691 0.03754
55444.88467 19.04013 0.04022
55444.89016 19.05407 0.03928
55444.89581 19.17485 0.04422
55444.90153 19.01588 0.03524
55444.90845 19.05506 0.04322
55444.91349 19.03573 0.03455
55444.92279 19.08268 0.0352
55444.93139 19.15248 0.03953
55444.94041 19.02217 0.03562
55444.94568 19.07902 0.03545
55444.951 19.17464 0.04215
55444.95724 19.16327 0.03937
55444.96289 19.069 0.0381
55444.96923 19.0053 0.03529
55444.97411 19.03334 0.03921
55444.98062 19.09119 0.03644
55444.98915 18.93398 0.05159
55444.99553 19.10152 0.04016
55445.00157 19.05449 0.04094
55445.00779 19.0871 0.04006
55445.01282 18.99026 0.04227
55445.01777 19.1087 0.05208
55445.02227 19.10588 0.07441
55445.66261 18.97961 0.05476
55445.66749 19.06456 0.05184
55445.67244 19.11046 0.05282
55445.67731 19.02429 0.05315
55445.68422 19.06255 0.04713
55445.6905 19.06713 0.0469
55445.69681 19.04236 0.04523
55445.70294 19.09688 0.04471
55445.70921 19.0173 0.04611
55445.71534 19.07135 0.04964
55445.72141 19.0491 0.04947
55445.72791 19.01626 0.04391
55445.73457 19.04626 0.04394
55445.74013 19.05295 0.04151
55445.7456 19.12314 0.04341
55445.75096 19.14879 0.04146
55445.75643 19.04087 0.04016
55445.76191 19.07314 0.04086
55445.76784 19.06427 0.03925
55445.7737 19.11328 0.03894
55445.779 19.12554 0.03814
55445.78479 19.06507 0.03775
55445.79025 19.03754 0.03565
55445.79613 19.0358 0.03327
55445.81095 19.05699 0.03955
55445.81845 19.06962 0.03462
55445.82455 19.07034 0.03379
55445.83024 19.10302 0.03461
55445.84021 19.07314 0.03667
55445.84549 19.06706 0.03416
55445.85174 19.07084 0.03446
55445.85762 19.01159 0.03321
55445.8636 19.03609 0.03148
55445.86963 19.0455 0.0318
55445.87567 18.99207 0.03309
55445.88207 19.07456 0.03218
55445.88844 19.09691 0.03474
55445.89432 19.06964 0.03456
55445.89983 19.06974 0.03247
55445.90668 19.07692 0.0333
55445.91299 19.04683 0.03186
55445.91722 19.02187 0.03475
55445.92351 19.01359 0.03209
55445.92915 19.10444 0.03502
55445.93496 19.09743 0.03257
55445.94048 19.07562 0.03403
55445.95216 19.05761 0.03505
55445.95886 19.05681 0.03495
55445.97191 19.05055 0.03366
55445.97872 19.04373 0.03294
55445.98437 19.03785 0.03275
55445.98972 19.05138 0.03504
55445.99581 18.99293 0.03265
55446.00245 19.08914 0.03273
55446.00827 19.01195 0.03276
55446.01324 19.13782 0.03858
55446.01787 19.1068 0.04494
55446.0233 19.16736 0.06503
55446.66046 19.17823 0.0609
55446.66501 19.08039 0.0542
55446.67089 19.11791 0.05464
55446.67601 19.16899 0.05334
55446.6814 19.00764 0.05684
55446.68915 19.06947 0.04631
55446.70044 19.13244 0.0483
55446.70781 19.10967 0.04389
55446.71375 19.16675 0.04594
55446.71998 19.05062 0.04311
55446.7269 19.00733 0.03944
55446.73768 19.02125 0.04581
55446.74263 19.05745 0.03901
55446.74841 19.06973 0.04224
55446.75986 19.09856 0.03744
55446.76487 19.04638 0.03615
55446.77004 19.05537 0.03465
55446.77518 19.08611 0.03743
55446.78018 19.04416 0.03467
55446.78654 19.06317 0.03704
55446.79243 19.02368 0.0336
55446.79818 19.05597 0.03683
55446.80822 19.07652 0.03864
55446.81336 19.04174 0.03613
55446.81934 19.08353 0.03586
55446.82569 19.06207 0.03408
55446.83186 19.09826 0.03315
55446.83803 19.06521 0.03464
55446.84316 19.09225 0.03631
55446.84946 19.01961 0.03532
55446.85529 19.02236 0.04166
55446.86132 19.12674 0.04083
55446.87321 19.01278 0.03295
55446.87945 19.09952 0.03385
55446.88583 19.08639 0.03495
55446.89176 19.07067 0.03397
55446.89901 19.08308 0.03936
55446.90569 19.07942 0.03805
55446.91293 18.97452 0.03463
55446.91958 19.03746 0.03343
55446.92538 19.04634 0.03383
55446.93113 19.04838 0.03368
55446.93686 19.05318 0.03451
55446.94237 19.03028 0.03339
55446.94842 19.07899 0.03524
55446.95451 19.00756 0.03376
55446.96034 19.02773 0.03472
55446.96641 19.01827 0.03328
55446.97287 19.09008 0.03405
55446.97827 19.02974 0.03437
55446.98464 19.04562 0.03444
55446.99026 19.101 0.03338
55446.99646 19.04404 0.03474
55447.00329 19.03853 0.03555
55447.02248 19.12575 0.0621
55448.00377 19.06074 0.03371
55448.65527 19.10966 0.06148
55448.70146 19.01754 0.04946
55449.82958 19.08444 0.0376
55449.87259 19.16877 0.03659
55450.82585 19.0549 0.03933
55450.86998 19.08676 0.0347
55451.65338 19.06249 0.05434
55451.70095 18.99173 0.04324
55452.64792 19.24686 0.06331
55452.69243 19.06281 0.04594
55453.64519 19.10042 0.06113
55453.6895 19.11729 0.04929
55454.64058 18.99712 0.07301
55454.68793 19.0554 0.05819
55455.63923 19.22664 0.11238
55455.7154 18.96259 0.05162
55456.63346 19.3446 0.08411
55456.67702 19.00461 0.05871
55457.63067 18.87791 0.09978
55457.6732 18.93246 0.05333
55458.66069 19.06642 0.06508
55458.7057 19.03342 0.05956
55459.69034 19.33973 0.10312
55460.63624 19.00227 0.10738
55460.72453 19.0413 0.06173
55461.62523 19.06244 0.1004
55462.76573 19.22651 0.09578
55462.80848 19.04329 0.08762
55463.71104 19.10305 0.09869
55466.61784 19.18157 0.07112
55466.61959 19.07013 0.06115
55466.62134 19.03127 0.05613
55466.6231 19.14021 0.05474
55466.62486 19.08573 0.0559
55466.62661 19.08316 0.05305
55466.62943 19.09119 0.05387
55466.63143 19.07023 0.05514
55466.63348 19.107 0.05643
55466.67604 19.12214 0.07422
55467.62749 19.06918 0.05582
55468.7394 18.99566 0.05094
55468.78277 18.98282 0.0546
55469.73472 18.92516 0.07386
55469.80235 19.3307 0.2347
55470.77885 19.29876 0.10602
55470.82246 19.10095 0.04361
55471.77466 19.0345 0.03498
55471.82993 18.96355 0.07337
55472.62548 19.0522 0.04933
55472.66936 19.04447 0.04149
55473.62096 18.97019 0.0708
55477.66775 19.0313 0.04092
55477.71276 18.97645 0.0415
55478.62384 19.04866 0.0522
55478.66775 19.14418 0.0481
55479.61565 19.12962 0.05271
55479.65968 19.03958 0.04373
55480.61506 18.96923 0.05398
55480.65805 19.02012 0.0455
55481.61182 19.06798 0.04858
55481.69382 19.09376 0.03762
55482.61769 19.22625 0.05941
55482.66188 18.97981 0.04039
55482.67843 18.99192 0.03864
55483.61039 19.04397 0.0524
55483.66512 19.07635 0.04451
55484.66377 19.034 0.04498
55484.70695 19.02904 0.04386
55485.61939 19.0935 0.05583
55485.66329 19.01426 0.04748
55486.61418 18.97412 0.06326
55486.658 18.97289 0.07566
55497.84041 19.30555 0.07117
55497.89223 19.01618 0.06539
55498.71756 19.05163 0.0396
55498.79 19.07909 0.05144
55499.59404 19.10117 0.04751
55499.63881 19.00181 0.04452
55501.66259 19.01799 0.04746
55501.75706 19.04423 0.03978
55502.72145 19.14186 0.04417
55502.82148 19.11694 0.04487
55503.77762 19.10361 0.04783
55503.8732 19.11919 0.04878
55504.82418 19.0383 0.03875
55504.91868 19.0678 0.05451
55506.68972 19.03847 0.04682
55506.73387 19.03876 0.03834
55507.81368 19.03986 0.04498
55507.89267 19.10953 0.05388
55513.658 18.95358 0.04329
55513.7418 18.97435 0.04226
55514.69377 19.10699 0.05097
55514.73749 19.03307 0.05036
55515.69951 19.00485 0.05049
55515.74236 19.09778 0.04975
55516.67238 18.94854 0.07531
55516.71654 18.96541 0.05924
55517.61497 19.01192 0.05911
55517.6584 19.00182 0.07219
55518.61481 18.88934 0.06363
55518.6578 19.04874 0.07308
55527.74242 19.11017 0.05545
55530.70615 19.09126 0.05001
55530.75072 19.01796 0.05809
55531.77418 19.13828 0.05838
55531.81743 18.96054 0.0721
55532.78408 18.94065 0.04085
55532.82836 18.94522 0.04745
55535.68432 18.97 0.03796
55537.58157 19.05519 0.06895
55537.62557 18.90714 0.04347
55538.57995 19.06522 0.04761
55538.62381 19.00281 0.03943
55539.58012 19.03253 0.04653
55539.62283 19.02768 0.04142
55540.61811 19.02568 0.03857
55540.66215 19.05358 0.03938
55541.61644 19.15182 0.05223
55541.65945 19.18179 0.0631
55544.59603 19.18823 0.05089
55544.64191 19.01629 0.04674
55545.59598 19.14329 0.06284
55545.63939 19.1691 0.06193
55558.75663 19.08122 0.04612
55559.7264 19.11734 0.08694
55561.73304 19.1252 0.05474
55561.77682 18.85574 0.06065
55567.59621 19.08739 0.04967
55575.595 19.03543 0.08426
55575.6386 19.07012 0.07021
55577.59504 19.32078 0.09614
55577.63849 19.0926 0.09465
55579.61368 19.17407 0.06332
55579.65687 19.11378 0.07315
55580.66998 19.15259 0.07181
55580.71648 19.25451 0.09286
55583.61703 19.09194 0.04312
55583.66119 19.05657 0.06078
55584.63985 19.08476 0.04645
55584.68286 19.10466 0.05612
55586.61685 19.0612 0.04135
55586.66038 19.07769 0.05126
55588.66264 19.23701 0.07809
55588.70647 19.35416 0.09485
55722.89872 19.06147 0.05595
55723.91976 18.97191 0.05044
55723.9634 19.09217 0.05044
55730.92322 19.11362 0.09185
55733.86776 19.08751 0.07091
55733.91212 18.93676 0.05444
55750.83279 19.05592 0.05586
55750.87598 19.0593 0.048
55753.86132 19.22532 0.07884
55756.88391 19.13365 0.08575
55759.84878 19.07492 0.06602
55759.89212 19.14824 0.06793
55762.79606 18.82001 0.06733
55762.8402 19.10727 0.06412
55766.7805 19.04653 0.05477
55766.83041 19.01052 0.05141
55768.77509 19.12122 0.06891
55768.82037 19.14418 0.05643
55769.80074 18.95608 0.04494
55769.84468 19.13423 0.04335
55770.78189 18.95959 0.04754
55770.82573 19.03353 0.04522
55771.78074 18.95688 0.04716
55771.82449 18.93113 0.04011
55774.75968 18.93595 0.05402
55774.80363 19.06715 0.04753
55775.7599 18.95772 0.05793
55775.80332 19.03423 0.0654
55779.7464 19.06655 0.06245
55779.79086 19.08575 0.04574
55780.74948 19.09097 0.07062
55780.79415 19.03729 0.04733
55782.7508 18.90012 0.07155
55782.7956 19.15177 0.06659
55783.7573 19.23248 0.09381
55783.80103 19.11831 0.08093
55784.74207 19.1944 0.11243
55789.78039 19.13432 0.08617
55790.73125 19.07475 0.08371
55790.77463 19.02429 0.10121
55791.73123 19.14395 0.08321
55791.77527 18.97855 0.07464
55793.74743 19.10277 0.07292
55793.79097 19.07101 0.05724
55794.75972 19.0489 0.04924
55794.81629 19.13069 0.06105
55809.66644 19.19835 0.10466
55809.7101 19.09475 0.07483
55811.66044 19.17508 0.10759
55811.7042 19.15799 0.0753
55812.65876 18.96826 0.08735
55812.70198 19.06378 0.06972
55813.66257 19.11413 0.08765
55813.70671 18.86383 0.0756
55818.70874 19.12193 0.18938
55820.63925 19.13041 0.07488
55820.68324 19.35973 0.18127
55821.63464 19.14585 0.06103
55822.63132 19.17629 0.07551
55822.67415 19.04389 0.05141
55823.62908 19.10315 0.06391
55823.67275 19.05946 0.0497
55824.62608 19.18448 0.07951
55824.6697 19.14003 0.05272
55838.61464 19.29904 0.07393
55838.65944 19.13256 0.06382
55842.61856 18.95864 0.09159
55842.66208 18.99431 0.1068
55843.61073 19.07867 0.10584
55843.65444 19.30064 0.09581
55844.60924 19.04611 0.09797
55844.65374 19.0172 0.08262
55849.60547 19.09922 0.05622
55849.65079 19.18027 0.08388
55850.60468 19.1879 0.05392
55850.64918 19.02458 0.05681
55851.60318 19.05674 0.05395
55851.64641 19.13212 0.04641
55852.60416 19.20569 0.06066
55852.6481 18.97288 0.0418
55853.60163 19.02932 0.05604
55853.6463 19.0592 0.04505
55854.60164 19.12293 0.06049
55854.64607 18.99876 0.04374
55866.5884 19.15573 0.06369
55866.64679 19.17987 0.05784
55867.58757 19.13834 0.07091
55867.63053 19.1993 0.0692
55868.5865 18.99236 0.0789
55868.63002 19.03124 0.0582
55880.87841 19.32306 0.08803
55880.92255 19.29282 0.09782
55882.86968 19.11276 0.05429
55882.87146 19.16949 0.05408
55882.91495 19.11608 0.06733
55883.86679 19.09601 0.05754
55883.91496 19.2501 0.13034
55887.63181 19.04653 0.04592
55887.68352 19.21298 0.05159
55888.8957 19.14224 0.1054
55889.80049 19.0611 0.04113
55889.84447 19.11575 0.0475
55891.57974 19.18714 0.05857
55891.6225 19.18241 0.04752
55893.58261 19.10344 0.05961
55893.62546 19.22648 0.05392
55894.58144 19.02262 0.05981
55894.62473 19.31841 0.14675
55896.58202 19.18527 0.06759
55898.82137 19.26203 0.08416
55898.86551 19.09433 0.09783
55902.58519 19.26502 0.11025
55902.64414 19.11286 0.10679
55903.62024 19.11116 0.09917
55904.58683 19.4417 0.12051
55906.58378 19.31797 0.08372
55906.64029 19.16908 0.07625
55916.59575 19.27007 0.06913
55916.64026 19.16988 0.05339
55922.6423 19.15523 0.04971
55923.59751 19.1325 0.05598
55923.64145 19.20803 0.05404
55924.60837 19.14142 0.05044
55925.59941 19.20051 0.0704
55925.67897 19.09122 0.04764
55926.58279 19.10089 0.05381
55926.62543 19.12315 0.04998
55930.58585 18.93975 0.09649
55930.62499 18.99917 0.08244
55931.58458 19.12229 0.07607
55931.62692 19.15111 0.12161
55932.62858 19.14889 0.08652
55936.60917 19.19976 0.0727
55936.65247 19.27212 0.09739
55937.58951 18.9731 0.06769
55939.64879 19.14399 0.05892
55939.6851 19.17943 0.06118
55940.64013 19.11446 0.09071
55941.59048 19.43985 0.16619
55943.69972 18.98913 0.05115
55943.74446 19.27987 0.06634
55944.64379 19.07329 0.04675
55944.67224 19.16511 0.05674
55946.63797 19.15644 0.10589
55947.59349 19.17235 0.05638
55947.63713 19.20628 0.10033
55949.64923 19.22207 0.06088
55952.60617 19.24161 0.06241
55952.64932 19.07234 0.05814
55953.59751 19.19893 0.06366
55953.64127 19.15882 0.05694
55954.64157 19.26329 0.08142
55958.61566 19.2665 0.08471
55958.67117 19.19281 0.07473
55960.60205 19.33073 0.12891
55960.64497 19.38688 0.11976
55962.61935 19.27501 0.0828
55962.69096 19.199 0.10859
56059.98484 19.26354 0.10079
56060.97134 19.22856 0.09259
56061.96903 19.13259 0.07724
56063.96519 19.17539 0.09866
56065.96588 19.32081 0.0966
56066.96916 19.17491 0.07903
56067.96802 19.29821 0.07121
56068.98301 19.27919 0.13321
56070.97101 19.11615 0.07943
56071.95528 19.28306 0.08031
56075.93073 19.10427 0.07159
56075.96117 19.25093 0.06668
56076.96161 19.12553 0.06742
56077.97941 19.36567 0.13151
56078.92335 19.24467 0.07675
56078.95394 19.25338 0.06937
56079.91957 19.17209 0.08641
56079.94994 19.1145 0.05965
56079.97946 19.05309 0.09943
56081.9528 19.05982 0.10514
56084.95914 19.27695 0.10762
56085.9661 19.16789 0.10874
56086.90079 19.01924 0.08641
56086.9317 19.14251 0.07929
56086.96186 19.17247 0.07422
56087.95118 19.05074 0.07331
56088.93216 19.21013 0.07309
56088.96298 19.16021 0.07058
56089.90743 19.23565 0.0787
56089.9375 19.17537 0.0692
56090.89626 19.27293 0.08927
56091.93224 19.1004 0.06419
56091.96189 19.17628 0.05983
56092.88532 19.24479 0.0631
56092.91513 19.27694 0.0626
56092.94551 19.15281 0.057
56093.88544 19.11779 0.06988
56093.91605 19.17183 0.07115
56093.95942 19.11936 0.05483
56094.8793 19.25193 0.07788
56094.90895 19.1864 0.07812
56094.93794 19.1823 0.05841
56095.89413 19.17815 0.07275
56095.92394 19.29893 0.07266
56095.95378 19.15133 0.05761
56096.8846 19.15549 0.06632
56096.91464 19.21425 0.05861
56096.94475 19.25996 0.05633
56097.87211 19.36908 0.12003
56097.90204 19.12927 0.05903
56099.86796 19.1664 0.0589
56099.8979 19.1425 0.05151
56099.92867 19.17595 0.04533
56100.87134 19.11622 0.06945
56100.9014 19.09959 0.05979
56100.93113 19.25585 0.06031
56101.86099 19.18705 0.07959
56101.89166 19.17218 0.0761
56101.92164 19.15886 0.06347
56102.85884 19.08499 0.06329
56102.88948 19.1688 0.0552
56102.91975 19.08624 0.0472
56103.85688 19.11227 0.07474
56103.89198 19.15495 0.07769
56103.92203 19.13783 0.05778
56104.86298 19.15408 0.06655
56104.89266 19.10185 0.0578
56104.92258 19.29704 0.05561
56105.87772 19.15552 0.06022
56105.90846 19.09428 0.05331
56105.93782 19.27777 0.06051
56106.84826 19.09779 0.05829
56106.87859 19.13592 0.05234
56106.90907 19.11457 0.05009
56107.84497 19.30656 0.0968
56107.87579 19.03153 0.05771
56107.90655 19.16628 0.05513
56108.86703 19.25529 0.10505
56108.89669 19.16801 0.06759
56108.92686 19.16443 0.0543
56109.93363 19.10507 0.059
56110.86774 19.442 0.11504
56110.89782 19.15005 0.08453
56110.92786 19.17854 0.08029
56111.86949 19.31081 0.12648
56111.91431 19.30269 0.10027
56111.94457 19.10005 0.08261
56112.91217 19.14813 0.13843
56113.8878 19.25667 0.11649
56113.93235 19.16196 0.08661
56113.96218 19.20036 0.08178
56114.87108 19.2435 0.10039
56114.92357 19.13239 0.07881
56114.95378 18.98853 0.06492
56115.85803 19.0976 0.09277
56115.88797 19.17166 0.07489
56115.9179 19.04778 0.07101
56116.90131 19.05892 0.07999
56116.93261 19.18416 0.06341
56117.86349 19.04712 0.07855
56117.89333 19.11604 0.07398
56117.92405 19.22392 0.07012
56118.82762 19.06289 0.09392
56118.85812 19.11331 0.07626
56118.8884 19.14938 0.08124
56119.81535 19.14694 0.12963
56119.84536 19.42568 0.13385
56120.95573 19.11022 0.07848
56122.80682 19.2808 0.1182
56123.80269 19.18092 0.06603
56123.8333 19.13586 0.07069
56123.86323 19.09863 0.04982
56124.8239 19.16863 0.06487
56124.85579 19.21515 0.07411
56124.90647 19.16331 0.05535
56125.83541 19.08597 0.05581
56125.8655 19.12434 0.0525
56125.89611 19.16065 0.04871
56126.79674 19.01169 0.06178
56126.82683 19.25859 0.06926
56127.84219 19.1165 0.07118
56127.87262 19.20638 0.05185
56128.79045 19.36741 0.08633
56128.8202 19.14392 0.05412
56128.8509 19.14196 0.04823
56129.81763 19.05636 0.05473
56129.84839 19.16563 0.05282
56130.78415 19.11869 0.07256
56130.81619 19.09788 0.05931
56130.84603 19.144 0.06737
56131.81956 19.24554 0.05625
56131.84966 19.08687 0.05276
56131.87991 19.15368 0.04939
56132.81342 19.06495 0.05173
56132.85526 19.18178 0.05114
56133.77702 19.02807 0.05501
56133.80732 19.05815 0.0504
56133.83817 19.15826 0.05302
56135.77548 19.20447 0.066
56135.80558 19.03611 0.05093
56135.8357 19.0562 0.0357
56136.78168 19.09568 0.06064
56136.81139 19.19143 0.06099
56136.84105 19.21767 0.05165
56137.77719 19.2512 0.08432
56137.84943 19.11709 0.08716
56138.79423 19.12401 0.11687
56143.75013 19.04132 0.16128
56143.77946 19.04421 0.11659
56143.81202 19.0457 0.08443
56144.79078 19.03876 0.07794
56144.82138 19.06124 0.06849
56145.77477 19.26003 0.11351
56145.80436 19.13255 0.09711
56146.77217 19.23862 0.09858
56146.83591 19.32326 0.08079
56147.75046 19.06388 0.06734
56147.78019 19.11762 0.08188
56147.81614 19.10321 0.06769
56148.73743 19.19417 0.06215
56148.76798 19.14702 0.05831
56148.79928 19.11063 0.06518
56151.84315 19.05381 0.03596
56151.87618 19.07017 0.03451
56151.91621 19.07833 0.03384
56164.86055 19.07399 0.03295
56164.89061 19.09428 0.03243
56164.92052 19.13035 0.03266
56165.82275 19.05272 0.04289
56165.85221 19.07346 0.03586
56165.88255 19.02981 0.03264
56166.78411 18.96587 0.04999
56166.82415 19.14551 0.04883
56166.85436 19.00978 0.0404
56167.76082 19.07219 0.05831
56167.79008 18.98448 0.05026
56167.82893 18.99812 0.04843
56168.73084 19.18951 0.07363
56168.76135 19.19452 0.0704
56168.79094 18.99108 0.05618
56169.70528 19.04559 0.10197
56169.73488 19.27427 0.10298
56169.78208 19.30738 0.0851
56170.70609 19.13661 0.1341
56170.73648 18.95672 0.1129
56170.76821 19.27999 0.11871
56176.66101 19.27566 0.08693
56176.74473 19.07699 0.06808
56176.77537 19.03824 0.06002
56177.67775 19.18757 0.04796
56177.71467 19.07826 0.04225
56177.7448 19.11281 0.04017
56178.65701 19.1239 0.06956
56178.7245 19.21472 0.057
56178.75548 19.07264 0.03955
56189.71737 19.13683 0.04966
56189.74707 19.15501 0.04744
56194.65274 19.0429 0.0743
56194.68156 19.0688 0.06123
56194.73072 19.05081 0.04623
56195.63238 19.32104 0.08054
56195.68489 19.19765 0.06894
56195.74387 19.18995 0.0616
56196.64868 19.08725 0.06719
56196.67925 19.14827 0.07314
56196.70945 19.12195 0.0638
56197.62224 19.231 0.0972
56197.65122 19.14968 0.10711
56197.68048 18.99401 0.07287
56198.63271 18.95247 0.10095
56198.66294 19.07596 0.09524
56198.69225 19.28393 0.10326
56202.61563 19.39594 0.12041
56202.64754 19.3014 0.11241
56202.70169 19.12165 0.08846
56207.71676 19.04479 0.06931
56207.82773 18.98708 0.08319
56224.66207 19.14247 0.06399
56224.69182 19.08503 0.06167
56225.74851 19.07836 0.06241
56225.84088 19.03852 0.06769
56226.75858 19.25765 0.10631
56227.72154 19.22529 0.07979
56227.75148 19.19729 0.08736
56228.67316 19.20999 0.0736
56228.71 19.21911 0.08163
56229.61202 19.18574 0.08201
56229.68338 18.98111 0.09212
56230.64599 19.18652 0.09249
56230.73676 19.35871 0.09312
56231.86041 19.24802 0.08251
56232.82116 19.11321 0.06597
56233.75399 19.15082 0.0602
56233.78371 19.19803 0.08981
56234.68453 19.07212 0.05138
56234.71313 19.23739 0.06087
56235.61461 19.13147 0.04911
56235.64419 19.07866 0.0433
56236.58514 19.26237 0.07222
56236.61561 19.17076 0.04652
56237.58477 19.1552 0.05472
56237.61509 19.14534 0.04841
56238.58334 18.86456 0.05363
56238.61531 19.09807 0.04718
56239.58294 19.01393 0.0553
56239.61141 19.07743 0.04362
56251.83071 19.10739 0.04653
56251.86073 19.10096 0.0552
56252.58576 19.04344 0.0478
56252.60631 19.11156 0.04877
56252.62487 19.12282 0.04807
56252.64555 18.98479 0.04417
56252.66096 19.10059 0.04983
56252.69879 19.03126 0.04762
56252.71706 19.16972 0.05058
56252.73499 19.12879 0.04368
56252.75258 19.113 0.04582
56252.76856 19.15587 0.05198
56252.78929 19.1062 0.05672
56252.80517 19.17072 0.05809
56252.821 19.13419 0.04885
56252.83831 19.1596 0.04786
56252.85634 19.12337 0.04623
56253.58621 18.99616 0.05162
56253.60335 19.2081 0.05371
56253.62054 19.16596 0.05195
56253.63682 19.08125 0.0525
56253.6539 19.26382 0.05761
56253.6721 19.2418 0.0639
56253.70902 19.14186 0.0625
56253.7307 19.26325 0.06361
56253.75003 19.17303 0.08078
56253.76637 19.11084 0.06529
56253.78832 19.06019 0.05849
56253.8078 19.20651 0.06732
56253.82956 19.03802 0.05717
56253.85372 19.11808 0.06689
56254.74613 19.04072 0.05851
56254.77889 19.08123 0.0666
56255.68248 19.21954 0.0658
56255.7252 19.21067 0.07343
56256.62657 19.02635 0.0577
56256.6557 19.19683 0.07869
56257.58763 19.26067 0.08534
56257.64219 19.1377 0.06886
56258.58614 19.27389 0.10125
56258.61848 19.19087 0.07387
56259.59443 19.22409 0.08781
56259.62495 19.01124 0.0773
56265.629 19.1032 0.04177
56265.6592 19.08241 0.05432
56266.58222 19.11331 0.0722
56266.6126 19.25818 0.13119
56267.58751 19.1233 0.0432
56267.61751 19.23989 0.0451
56268.59364 19.151 0.04246
56268.62314 19.10863 0.039
56269.58319 19.11825 0.0446
56269.58435 19.14554 0.04121
56269.58546 19.05335 0.03952
56269.58657 19.16631 0.04251
56269.58771 19.11457 0.04073
56269.58893 19.18263 0.04135
56269.59006 19.09113 0.03796
56269.59133 19.02031 0.03843
56269.59245 19.09642 0.03942
56269.59364 19.08631 0.04054
56269.59478 19.10421 0.03941
56269.596 19.09336 0.0397
56269.59713 19.16973 0.04141
56269.59843 19.13115 0.03956
56269.59956 19.12307 0.0414
56269.60977 19.13035 0.0421
56269.61093 19.15858 0.04002
56269.6121 19.11304 0.03913
56269.61321 19.04986 0.03872
56269.61434 19.16325 0.04182
56269.61547 19.12062 0.0379
56269.61659 19.15685 0.04224
56269.61773 19.13574 0.043
56269.61884 19.16305 0.04005
56269.61995 19.04286 0.03885
56269.62115 19.16046 0.04075
56269.6223 19.15003 0.04181
56269.62343 19.14529 0.04002
56269.62457 19.10839 0.03737
56269.62569 19.12736 0.03853
56269.62688 19.16295 0.03893
56269.628 19.12535 0.03877
56269.6375 19.15698 0.04501
56269.63881 19.11475 0.04163
56269.64001 19.09681 0.03882
56269.64114 19.0656 0.03695
56269.64226 19.11322 0.04101
56269.64337 19.12787 0.03894
56269.6445 19.09961 0.03794
56269.64562 19.09719 0.03783
56269.64675 19.07694 0.03842
56269.64789 19.08047 0.03712
56269.64905 19.14343 0.03839
56269.65017 19.12931 0.03412
56269.65129 19.07854 0.03562
56269.65247 19.12788 0.03946
56269.65359 19.1302 0.03741
56269.65473 19.1928 0.04106
56269.65585 18.99674 0.03451
56269.65698 19.09354 0.03987
56269.65819 19.08298 0.03496
56269.65932 19.09916 0.03622
56269.66055 19.09975 0.03614
56269.66167 19.13737 0.03922
56269.66279 19.09874 0.03696
56269.66393 19.15683 0.03846
56269.66595 19.10389 0.03794
56269.66717 19.07492 0.03933
56269.66829 19.13017 0.03752
56269.66952 19.07347 0.03695
56269.67064 19.12495 0.03801
56269.67184 19.11136 0.03589
56269.673 19.07283 0.03811
56269.67412 19.10803 0.03752
56269.67533 19.13695 0.0389
56269.67646 19.12033 0.03754
56269.6776 19.10246 0.03729
56269.67883 19.11908 0.03763
56269.67997 19.1143 0.03675
56269.6812 19.14057 0.03777
56269.68232 19.12881 0.03796
56269.68343 19.14923 0.03893
56269.68473 19.09349 0.03684
56269.68592 19.08044 0.03722
56269.68705 19.12115 0.03757
56269.68816 19.13964 0.03661
56269.68929 19.12261 0.03826
56269.69041 19.19825 0.03786
56269.69157 19.16437 0.03682
56269.69269 19.11326 0.03634
56269.69383 19.08054 0.03604
56269.69496 19.19647 0.03952
56269.69608 19.09044 0.03833
56269.69898 19.07986 0.03748
56269.70011 19.10417 0.03893
56269.70126 19.13789 0.03916
56269.70241 19.13009 0.03865
56269.70357 19.11608 0.03728
56269.70468 19.13291 0.03742
56269.70581 19.05985 0.03705
56269.70705 19.08065 0.03724
56269.70816 19.17074 0.03772
56269.70937 19.11604 0.03619
56269.7105 19.0489 0.03726
56269.71167 19.12972 0.03862
56269.7128 19.12487 0.03749
56269.71403 19.09726 0.0367
56269.71516 19.12089 0.03812
56269.7163 19.09782 0.03676
56269.72641 19.13808 0.04115
56269.72763 19.07578 0.03548
56269.72875 19.07006 0.03702
56269.72987 19.17406 0.04191
56269.731 19.06355 0.03685
56269.73213 19.10817 0.03766
56269.73326 19.13107 0.03945
56269.73438 19.11572 0.03754
56269.73557 19.07757 0.03953
56269.73682 19.02399 0.03796
56269.73796 19.10741 0.04045
56269.73911 19.07964 0.03676
56269.74036 19.03756 0.03632
56269.74147 19.0369 0.03901
56269.74272 19.15076 0.03914
56269.74391 19.09418 0.03883
56269.74502 19.08143 0.03871
56269.7462 19.0635 0.03771
56269.74734 19.07664 0.03823
56269.74846 19.01795 0.0404
56269.74961 19.08673 0.04001
56269.75074 19.01954 0.03702
56269.75201 19.09858 0.0396
56269.75316 19.13414 0.03813
56269.75429 19.09237 0.03884
56269.75553 19.01701 0.03808
56269.75665 19.04451 0.03802
56269.75779 19.14121 0.04224
56269.75895 19.03605 0.03761
56269.76008 19.09975 0.04142
56269.76123 19.11932 0.04212
56269.76235 19.06474 0.04042
56269.76348 19.06602 0.03962
56269.76459 19.03312 0.04003
56269.76573 19.15354 0.04052
56269.78036 19.14038 0.0497
56269.78151 19.15761 0.04233
56269.78271 19.09015 0.04298
56269.78391 19.20062 0.04507
56269.78511 19.08329 0.04151
56269.78751 19.16437 0.04253
56269.78876 19.11477 0.0444
56269.78989 19.1348 0.04509
56269.79108 19.13304 0.04203
56269.79227 19.10603 0.04281
56269.79356 19.05158 0.04061
56269.79478 19.12251 0.04319
56269.7959 19.09956 0.04201
56269.79701 19.19641 0.04339
56269.79816 19.12152 0.04281
56269.79928 18.99654 0.04081
56269.80041 19.1404 0.04381
56269.80156 19.07958 0.04176
56269.80276 19.08769 0.04174
56269.80404 19.10842 0.04341
56269.80517 19.10105 0.04322
56269.80638 19.06636 0.04082
56269.80752 19.13401 0.04521
56269.80866 19.1243 0.0434
56270.57931 19.10818 0.04573
56270.58058 19.19879 0.04395
56270.58188 19.12951 0.04046
56270.58305 19.09589 0.03939
56270.58429 19.19938 0.04274
56270.58556 19.1735 0.04149
56270.58671 19.19476 0.04186
56270.58798 19.10741 0.03831
56270.58926 19.10981 0.03885
56270.59051 19.11231 0.03873
56270.59176 19.10832 0.03775
56270.59301 19.10114 0.03368
56270.59588 19.185 0.03825
56270.59719 19.17045 0.03683
56270.59846 19.10692 0.0378
56270.59973 19.10199 0.03627
56270.60101 19.07773 0.03547
56270.60229 19.09934 0.03702
56270.60361 19.04162 0.03569
56270.60484 19.10948 0.03798
56270.60617 19.09031 0.03706
56270.60733 19.10392 0.03685
56270.60868 19.1457 0.03816
56270.60993 19.14692 0.03607
56270.61121 19.17266 0.03743
56270.61244 19.1516 0.03864
56270.61368 19.11413 0.03709
56270.61481 19.09098 0.03639
56270.61593 19.17659 0.03745
56270.61713 19.07784 0.03787
56270.61835 19.05979 0.03607
56270.61963 19.10653 0.03527
56270.62082 19.12555 0.03699
56270.62212 19.0763 0.03589
56270.62324 19.07622 0.03582
56270.62438 19.05162 0.03677
56270.6255 19.05471 0.03755
56270.62668 19.16752 0.03947
56270.62781 19.097 0.03762
56270.62895 19.18464 0.03857
56270.63017 19.11867 0.03685
56270.6313 19.17398 0.03887
56270.63259 19.07417 0.03498
56270.63372 19.12334 0.03811
56270.63484 19.12117 0.03676
56270.64581 19.06157 0.03713
56270.64713 19.03681 0.03741
56270.64825 19.1324 0.0382
56270.6495 19.02937 0.03576
56270.65082 19.13723 0.03677
56270.65222 19.10639 0.03676
56270.65336 19.17315 0.03868
56270.6545 19.10293 0.03675
56270.65562 19.16579 0.03611
56270.65697 19.14447 0.03727
56270.65832 19.12452 0.03678
56270.65959 19.0532 0.03794
56270.66092 19.08488 0.03655
56270.66217 19.16022 0.03837
56270.66351 19.07222 0.03631
56270.66477 19.08862 0.03626
56270.67891 19.11725 0.03901
56270.68008 19.14596 0.03718
56270.68122 19.13049 0.03637
56270.68243 19.11183 0.03591
56270.68382 19.07921 0.03726
56270.68508 19.09566 0.03622
56270.68653 19.04701 0.03553
56270.68784 19.0767 0.0358
56270.68912 19.11633 0.03551
56270.69114 19.10992 0.03681
56270.69232 19.12135 0.03697
56270.69365 19.0975 0.03702
56270.6948 19.04434 0.03429
56270.69617 19.06277 0.03509
56270.69746 19.07934 0.03487
56270.6986 19.12334 0.03747
56270.6999 19.09038 0.03571
56270.70121 19.05841 0.03529
56270.70235 19.128 0.03468
56270.70349 19.09497 0.0365
56270.70482 19.08059 0.03473
56270.70613 19.12435 0.03678
56270.70726 19.14661 0.03829
56270.7086 19.0688 0.03576
56270.70972 19.0619 0.03283
56270.71103 19.12512 0.03679
56270.71235 19.06072 0.03689
56270.71347 19.03277 0.03481
56270.71481 19.14786 0.03772
56270.71608 19.10702 0.03721
56270.71722 19.11536 0.03541
56270.71853 19.10376 0.03643
56270.71967 19.1381 0.03666
56270.72098 19.13384 0.03786
56270.72302 19.06279 0.03498
56270.72439 19.14267 0.03796
56270.72553 19.15247 0.03754
56270.72665 19.09898 0.03657
56270.72793 19.07008 0.035
56270.72927 19.10174 0.03722
56270.73043 19.12929 0.03607
56270.73161 19.14094 0.03715
56270.73292 19.12329 0.03749
56270.73506 19.12571 0.03757
56270.73622 19.05836 0.03569
56270.73753 19.14689 0.03785
56270.73887 19.12439 0.03756
56270.74001 19.10762 0.03729
56270.74126 19.07567 0.03629
56270.7424 19.06563 0.03801
56270.74369 19.17077 0.03939
56270.74498 19.08556 0.03669
56270.74609 19.11942 0.04012
56270.74744 19.13551 0.03618
56270.7486 19.17037 0.03996
56270.74995 19.10066 0.03842
56270.75121 19.08323 0.03646
56270.75241 19.13833 0.03755
56270.75372 19.13707 0.03812
56270.75502 19.10905 0.03802
56270.75706 19.0786 0.03921
56270.75826 19.10886 0.03825
56270.75948 19.13996 0.03714
56270.76078 19.11835 0.03974
56270.76208 19.16634 0.04008
56270.77223 19.19252 0.04524
56270.77464 19.0738 0.03943
56270.77775 19.1177 0.03938
56270.77887 19.06626 0.04163
56270.78012 19.10899 0.0396
56270.78147 19.12865 0.04288
56270.78273 19.09732 0.04096
56270.784 19.02951 0.03956
56270.78526 19.09922 0.04305
56270.78661 19.23658 0.04531
56270.78776 19.16533 0.03817
56270.7891 19.08646 0.04362
56270.79021 19.1671 0.04293
56270.79151 19.07921 0.04126
56270.7928 19.15426 0.04266
56270.79391 19.10869 0.04095
56270.79508 19.16535 0.04316
56270.79619 19.19287 0.04418
56270.7975 19.10885 0.04423
56270.79862 19.15777 0.04305
56270.79991 19.13016 0.0429
56270.80111 19.11597 0.04165
56270.80249 19.07731 0.04285
56270.80509 19.02834 0.0406
56270.80715 19.11118 0.04236
56270.80837 19.12561 0.04374
56270.80963 19.10813 0.04168
56271.71236 19.13424 0.05081
56271.74462 19.13207 0.05201
56272.64495 19.04752 0.04421
56272.7082 19.09669 0.04828
56273.60993 19.08433 0.04532
56273.63946 19.07436 0.04763
56281.58737 19.33829 0.06973
56282.58095 19.17968 0.05991
56282.61036 19.23487 0.06428
56282.62819 19.15108 0.05789
56297.58897 19.15465 0.04829
56297.59019 19.0947 0.04368
56297.5937 19.13951 0.04009
56297.59722 19.1703 0.04358
56297.59904 19.00895 0.04271
56297.60164 19.23951 0.04723
56297.60284 19.19944 0.04468
56297.6053 19.08389 0.04142
56297.61734 19.12819 0.04353
56297.61965 19.05554 0.04266
56297.62198 19.20959 0.04711
56297.62474 19.15263 0.04393
56297.62597 19.16259 0.0442
56297.62818 19.1219 0.04302
56297.63051 19.11515 0.04213
56297.63246 19.18089 0.04582
56297.6337 19.12587 0.04572
56297.63597 19.14667 0.04521
56297.63722 19.10752 0.04281
56297.63944 19.09396 0.0432
56297.64162 19.13347 0.043
56297.64281 19.16545 0.04409
56297.64393 19.19204 0.04278
56297.64612 19.07779 0.04429
56297.64742 19.17137 0.046
56297.64964 19.13059 0.04337
56297.65084 19.1549 0.0435
56297.65434 19.15724 0.04272
56297.65811 19.10317 0.04202
56297.65988 19.16363 0.04392
56297.66121 19.11637 0.04433
56297.66483 19.22797 0.04622
56297.66714 19.10761 0.0423
56297.67315 19.01412 0.04288
56297.67547 19.14247 0.04564
56297.67675 19.18693 0.04399
56297.67954 19.15541 0.04511
56297.68076 19.15801 0.04611
56297.6819 19.13439 0.045
56297.68325 19.15431 0.04582
56297.68541 19.15224 0.04601
56297.68786 19.09233 0.04481
56297.69171 19.08673 0.04293
56297.69635 19.2158 0.0422
56297.69767 19.15238 0.0455
56297.70113 19.15058 0.04707
56297.70743 19.15478 0.04318
56297.71084 19.09198 0.04492
56297.71401 19.13008 0.04521
56297.71668 19.09213 0.04541
56297.7179 19.07845 0.04713
56297.72049 19.10356 0.0449
56297.72327 19.15613 0.04589
56297.72448 19.20155 0.04919
56297.72584 19.15869 0.04961
56297.72772 19.13875 0.04953
56297.72894 19.27178 0.05465
56297.74317 19.12442 0.0538
56297.74683 19.10397 0.05131
56297.74996 19.16767 0.0498
56297.75123 19.07825 0.05259
56297.75493 19.18373 0.05111
56297.75709 19.23994 0.05561
56297.7583 19.10658 0.0521
56297.76047 19.12896 0.05908
56297.76167 19.0914 0.05211
56297.76388 19.10115 0.04951
56297.76506 19.17368 0.05169
56297.76834 19.11209 0.0546
56297.77069 19.18336 0.0565
56297.77185 19.1891 0.05868
56297.77383 19.06184 0.05532
56297.79199 19.24872 0.06978
56297.79318 19.08306 0.05913
56297.79645 19.21439 0.0682
56297.79838 19.17631 0.06973
56297.79953 19.22587 0.07041
56297.80077 19.13278 0.08478
56297.80192 19.19028 0.07093
56297.80312 19.14295 0.07044
56297.80437 19.0117 0.07014
56297.80564 19.13533 0.07421
56297.80864 19.07644 0.06922
56298.58895 19.12111 0.06471
56298.59013 19.14129 0.06631
56298.59235 19.24919 0.09564
56298.59354 19.22927 0.08767
56298.59724 19.18919 0.08883
56298.59842 19.1823 0.08015
56298.60089 19.06512 0.07901
56298.6021 19.21735 0.07455
56298.60332 19.121 0.07053
56298.60466 19.14039 0.07617
56298.60701 19.11206 0.07703
56298.60823 19.3342 0.08679
56298.61034 19.21465 0.08477
56298.61272 19.07025 0.06838
56298.61595 19.10103 0.05223
56298.61811 19.2063 0.0494
56298.62047 19.14298 0.05164
56298.62171 19.16501 0.06896
56298.62426 18.9698 0.04807
56298.62643 19.04189 0.0603
56298.62762 19.03928 0.07317
56298.63098 19.14367 0.05752
56298.63219 19.12109 0.0523
56298.63473 19.27483 0.06548
56298.63687 19.18939 0.05647
56298.63807 19.16265 0.06749
56298.63935 19.02617 0.05978
56298.64364 19.10088 0.04458
56298.64578 19.02715 0.05209
56298.64695 19.11692 0.05925
56298.6481 19.13261 0.05123
56298.65082 19.0888 0.05278
56298.65294 19.07462 0.04723
56298.65509 19.02319 0.04153
56298.65745 19.08172 0.06794
56298.65865 19.05194 0.04231
56298.66081 19.07641 0.04232
56298.66198 19.03072 0.04208
56298.66411 19.09753 0.04546
56298.66639 19.15099 0.04976
56298.6699 19.09086 0.0448
56298.68256 19.10394 0.05174
56298.68492 19.12905 0.0581
56298.68729 19.10935 0.07987
56298.68852 19.15099 0.09619
56298.6908 19.36226 0.17228
56301.59099 19.12364 0.04605
56302.5927 19.08934 0.12071
56302.62153 19.11632 0.05964
56305.59416 19.15796 0.04515
56305.62276 19.15145 0.04383
56307.63151 19.14634 0.06015
56308.60019 19.32475 0.06709
56308.63015 19.1999 0.07343
56310.60466 19.13765 0.05982
56310.63503 19.19276 0.05933
56311.59823 19.15678 0.0574
56311.62777 19.22118 0.0688
56312.63396 19.406 0.11799
56313.60478 19.20746 0.0638
56313.63593 19.20439 0.06173
56314.61498 19.24443 0.07032
56322.60046 19.34647 0.07152
56322.63022 19.31807 0.06408
56323.59943 19.19383 0.05489
56323.60059 19.06506 0.04836
56323.60172 19.08142 0.04597
56323.60284 19.15237 0.04511
56323.60396 19.18177 0.04869
56323.60508 19.1252 0.04588
56323.60621 19.14193 0.0472
56323.60734 19.12542 0.04529
56323.60846 19.16437 0.04659
56323.60959 19.04197 0.04269
56323.61071 19.05437 0.04523
56323.61183 19.18365 0.04692
56323.61297 19.082 0.04471
56323.61409 19.15554 0.04683
56323.61521 19.1392 0.04881
56323.61635 19.09892 0.04547
56323.61747 19.10499 0.04393
56323.61859 19.129 0.0469
56323.61971 19.06597 0.04592
56323.62085 19.11703 0.0446
56323.62197 19.17027 0.04657
56323.62309 19.08065 0.04342
56323.62423 19.11206 0.0482
56323.62535 19.07027 0.04651
56323.62647 19.04034 0.0442
56323.62759 19.14182 0.04501
56323.62872 18.99392 0.04321
56323.62985 19.07794 0.0478
56323.63097 19.13394 0.0473
56323.6321 19.1347 0.04689
56323.63322 19.20812 0.04869
56323.63435 19.11897 0.048
56323.63549 19.16737 0.04999
56323.63661 19.09914 0.04661
56323.63773 19.16982 0.04747
56323.63887 19.11783 0.04762
56323.63999 19.14208 0.04832
56323.64112 19.04536 0.04618
56323.64225 19.12988 0.04552
56323.64338 19.17876 0.0514
56323.6445 19.0844 0.04914
56323.64563 19.21817 0.0494
56323.64676 19.1148 0.0506
56323.64789 19.0522 0.04551
56323.64902 19.00011 0.04203
56323.65014 19.17173 0.04791
56323.65127 19.14692 0.04818
56323.6524 19.09588 0.04779
56323.65352 19.12981 0.04829
56323.65465 19.18299 0.05081
56323.65577 19.12255 0.05019
56323.65691 19.11099 0.049
56323.65803 19.06722 0.04903
56323.65917 19.16072 0.0495
56323.66029 19.0625 0.0527
56323.66142 19.19883 0.05693
56323.66255 19.11977 0.05021
56323.66367 19.10523 0.0549
56323.6648 19.22075 0.05521
56323.66594 19.11865 0.05029
56323.66706 19.21496 0.05574
56323.66819 19.21129 0.05926
56323.66932 19.16557 0.05626
56323.67045 19.11761 0.06379
56323.67158 19.28453 0.0604
56323.67271 19.33821 0.06139
56323.67384 19.05412 0.0522
56323.67496 19.17773 0.05883
56323.67613 19.18602 0.05433
56323.67725 19.12271 0.06013
56323.67838 19.22169 0.0597
56323.67951 19.11952 0.05668
56323.68065 19.20062 0.05931
56323.68177 19.06142 0.05554
56323.6829 19.19222 0.05711
56323.68402 19.07693 0.05373
56323.68516 19.20772 0.06213
56323.68628 19.14537 0.06549
56323.68742 19.34146 0.06329
56323.68855 19.18992 0.05997
56323.68967 19.29222 0.06792
56323.69081 19.22752 0.06072
56323.69194 19.1734 0.064
56323.69306 19.14859 0.06241
56323.6942 19.19465 0.06977
56323.69532 19.18347 0.06572
56323.69644 19.19759 0.06336
56323.69758 19.15175 0.06826
56323.6987 19.18571 0.07062
56323.69982 19.21684 0.07117
56323.70094 19.23887 0.07519
56323.70208 19.35322 0.07831
56323.7032 19.25188 0.07385
56323.70434 19.26593 0.07016
56323.70546 19.21767 0.07713
56323.70659 19.22934 0.07463
56323.70772 19.19038 0.10487
56323.70887 19.24187 0.08654
56323.71114 19.44247 0.09756
56323.71226 19.08595 0.09174
56323.7134 19.23956 0.10535
56323.71453 19.33772 0.10184
56323.71565 19.30993 0.09456
56323.71791 19.1074 0.10678
56323.72017 19.29581 0.12158
56323.7213 19.33416 0.15427
56323.72356 19.2513 0.10414
56323.72582 19.33743 0.15018
56323.72695 19.4399 0.13477
56323.72921 19.42467 0.11693
56323.73034 19.33272 0.14296
56323.73146 19.13303 0.12538
56323.73259 19.29745 0.11092
56324.6344 19.06774 0.05802
56324.67356 19.17623 0.0495
56328.60109 19.05386 0.05429
56328.63041 19.12631 0.04663
56329.6158 19.00135 0.06834
56330.60568 19.10673 0.04784
56330.63442 19.14075 0.0516
56336.60557 19.12331 0.06331
56336.6347 19.18478 0.06641
56337.61678 19.18457 0.05573
56337.646 19.10955 0.05332
56339.64973 19.29389 0.12025
56340.62168 19.03745 0.05373
56340.65261 19.2159 0.07386
56341.63432 19.02998 0.06374
56342.61542 19.18748 0.09638
56342.64414 19.14342 0.09096
56431.98143 19.13716 0.12463
56432.97832 19.14334 0.09078
56433.97522 19.13631 0.06881
56434.97306 19.19635 0.07609
56440.95678 19.32692 0.11035
56442.95121 19.23918 0.08123
56443.94843 19.18807 0.06317
56444.94545 19.15895 0.0843
56444.97977 19.33234 0.14952
56446.9404 19.1475 0.06064
56446.9746 19.36244 0.0877
56447.93827 19.15662 0.05143
56447.97245 19.1186 0.07231
56448.93551 19.09231 0.04725
56448.97043 19.12264 0.06452
56449.9322 19.11826 0.04974
56449.96744 19.17049 0.05191
56450.93056 19.09555 0.04775
56450.96471 19.25519 0.06403
56451.92757 19.23621 0.058
56451.96268 19.22071 0.055
56452.92487 19.095 0.05085
56452.95905 19.1245 0.04541
56453.9223 19.06471 0.05649
56453.95718 19.34962 0.06416
56454.91904 19.10915 0.05331
56454.9531 19.11388 0.04513
56455.91706 19.10109 0.05245
56455.95123 19.13129 0.04631
56456.91361 19.1464 0.05419
56456.94859 19.07935 0.04287
56457.91086 19.15601 0.05516
56457.9457 19.16415 0.04783
56458.90893 19.12882 0.04758
56458.94334 19.11953 0.04477
56459.90596 19.19218 0.05302
56459.94092 19.09649 0.04714
56460.9034 19.17825 0.05052
56460.93791 19.16009 0.04521
56461.90107 19.11785 0.05027
56461.93811 19.09998 0.04248
56462.89824 19.12964 0.05572
56462.93439 19.19792 0.05367
56463.89576 19.3129 0.08568
56463.93218 19.13505 0.04791
56469.87982 19.32191 0.08838
56469.91685 18.99933 0.06353
56471.87375 19.28897 0.08632
56471.91001 19.11557 0.0665
56473.86804 19.10508 0.13263
56473.90477 19.15561 0.08261
56475.86334 19.17382 0.07782
56475.9008 19.32646 0.07813
56476.86102 19.38971 0.08402
56476.89765 19.41492 0.09739
56477.85777 19.29371 0.12164
56485.83631 19.07796 0.0555
56486.83403 19.15431 0.0529
56486.87106 19.15721 0.04658
56488.83006 19.17057 0.05424
56488.86647 19.12595 0.04595
56489.82698 19.15117 0.05842
56489.86366 19.10783 0.04722
56491.8581 19.19148 0.08254
56498.802 19.13492 0.11523
56498.83888 19.22149 0.08745
56502.79167 19.25772 0.06024
56503.78903 19.05612 0.04736
56503.82769 19.18832 0.05261
56504.82017 19.2647 0.05589
56504.86992 19.20187 0.04867
56504.90811 19.13702 0.04684
56505.81768 19.17964 0.0497
56505.9509 19.13618 0.04337
56505.98842 19.07566 0.05676
56506.89349 19.10244 0.05008
56507.80198 19.07211 0.04574
56507.84712 19.07759 0.04355
56507.99891 19.13958 0.04846
56508.90167 19.06415 0.03582
56509.79634 19.1713 0.04517
56509.83877 19.02861 0.03835
56510.8262 19.14229 0.03858
56511.79111 19.02886 0.0425
56511.84089 19.24059 0.04262
56512.78788 19.07546 0.04881
56512.82519 19.08817 0.04258
56513.78624 19.05576 0.04319
56513.82352 19.1373 0.03833
56514.7834 19.0014 0.04448
56514.82081 19.06809 0.03846
56515.78106 19.10592 0.04676
56515.82231 19.14454 0.04425
56516.77774 19.0426 0.0436
56516.81437 19.04916 0.03501
56517.77605 19.03041 0.04359
56517.81715 19.11301 0.03764
56517.97309 19.07887 0.0362
56518.87478 19.10879 0.03797
56518.96686 19.10811 0.03899
56519.00311 19.13096 0.04086
56519.90443 19.11032 0.03597
56519.96504 19.07796 0.03442
56520.00171 19.11 0.03883
56520.90327 19.07306 0.03496
56520.95521 19.15197 0.03898
56520.99262 19.06229 0.035
56521.89446 19.09798 0.03732
56521.95772 19.11772 0.03908
56521.99393 19.09582 0.03761
56527.76434 19.198 0.17563
56528.81982 19.21195 0.08781
56528.87422 19.13548 0.07793
56529.90241 19.10535 0.06414
56529.93849 19.16326 0.07275
56529.97462 19.14564 0.07558
56532.71221 19.09046 0.05066
56532.85928 19.15575 0.04238
56532.89645 19.08953 0.04244
56533.79895 19.06952 0.04067
56533.97228 19.15688 0.04353
56537.84525 19.08902 0.03566
56537.9874 19.09031 0.03516
56539.69386 19.01337 0.05119
56539.88447 19.01191 0.03255
56539.9215 19.08753 0.03487
56540.97669 19.10301 0.03697
56541.6883 18.98568 0.05122
56541.83165 18.90407 0.09333
56542.96698 19.058 0.03835
56544.00787 19.08532 0.03732
56546.67441 18.95458 0.05404
56546.75907 19.03636 0.04111
56546.94639 19.07939 0.03699
56547.84788 19.15491 0.03911
56548.0057 19.06328 0.03975
56548.66959 19.11557 0.0744
56548.70582 19.13406 0.05581
56548.74172 19.06032 0.05451
56549.66591 19.14855 0.06913
56549.70273 19.10258 0.05563
56549.73967 19.08287 0.05631
56550.66388 19.14526 0.0941
56550.6994 19.06455 0.06799
56550.73216 19.22878 0.061
56551.66063 18.98587 0.0888
56551.72202 19.15564 0.07315
56551.75862 19.1588 0.0619
56552.66117 19.13039 0.09452
56552.71291 19.37607 0.09314
56552.74635 19.1206 0.0722
56561.66061 19.17384 0.04986
56561.89034 19.15775 0.05548
56561.92356 19.2939 0.06218
56562.93459 19.05605 0.04752
56563.02169 19.12444 0.06292
56563.6524 19.05744 0.04979
56563.6893 19.08155 0.04949
56563.77494 19.07798 0.04203
56564.72602 19.06292 0.04963
56564.99301 19.09069 0.04609
56565.92832 19.10558 0.0426
56565.98151 19.04785 0.04721
56566.01544 19.01981 0.04722
56566.91724 19.05989 0.03739
56566.96287 19.06042 0.04173
56566.99591 19.03046 0.0437
56567.8986 19.127 0.03711
56567.96702 19.03454 0.03622
56568.00039 19.0695 0.04033
56568.90245 19.03891 0.03494
56568.96343 19.09229 0.03898
56568.99843 19.12228 0.04823
56569.90084 19.11098 0.0428
56569.99803 19.10441 0.05132
56570.03082 19.21145 0.06616
56571.62526 19.36685 0.07791
56571.69052 19.18612 0.06761
56571.72419 19.25401 0.06293
56572.62632 18.99696 0.05131
56572.66032 19.15075 0.04855
56572.69287 19.15626 0.05557
56573.61429 18.9902 0.05513
56573.64765 19.13425 0.04839
56573.77817 19.06345 0.04033
56576.83948 19.05699 0.03793
56577.00541 19.14553 0.05534
56577.60601 19.30162 0.07139
56577.63144 19.02545 0.06195
56577.77306 19.01409 0.0442
56578.67217 19.05662 0.04915
56578.69674 18.8823 0.0455
56578.75347 19.0659 0.049
56579.73584 19.20988 0.05673
56579.85963 19.24091 0.05975
56579.88516 19.12293 0.05527
56580.7875 19.14329 0.06012
56580.8553 19.13425 0.06019
56580.88022 18.9761 0.05313
56581.78167 19.26266 0.09231
56581.83883 19.27182 0.08394
56581.86464 19.37341 0.08933
56587.62864 19.1175 0.04422
56587.78993 19.14346 0.05739
56588.71625 19.14272 0.07348
56588.86644 19.08837 0.08231
56588.89281 19.28155 0.09564
56589.79481 18.99716 0.04253
56589.81959 19.09308 0.04504
56589.84642 19.05892 0.04806
56590.76387 19.06878 0.04393
56590.8749 18.95846 0.04444
56590.89969 18.99774 0.04493
56591.80204 19.03028 0.07209
56591.86057 19.01095 0.04165
56591.88508 19.0625 0.04668
56592.81972 19.0239 0.03778
56592.91348 19.15485 0.05193
56592.93852 19.05425 0.05716
56596.59731 19.12609 0.05277
56597.74425 19.00663 0.04816
56597.82393 19.17442 0.05597
56597.84943 19.15565 0.06268
56598.75163 19.10151 0.04893
56598.82179 19.16453 0.05146
56598.84855 19.10608 0.04471
56599.75014 19.01629 0.03812
56599.79577 19.02469 0.03816
56599.82112 19.0582 0.04014
56600.77441 19.03887 0.03865
56600.8753 19.041 0.04541
56602.59024 19.19582 0.06565
56602.75501 19.24881 0.08198
56602.78065 19.20641 0.06101
56603.68227 19.04928 0.04507
56603.74296 19.14371 0.04965
56603.81581 19.05068 0.042
56604.73691 19.03225 0.04226
56604.92616 19.02633 0.04732
56605.64733 18.96496 0.04087
56605.67213 19.01519 0.04193
56606.58401 19.27716 0.09379
56606.60932 18.96945 0.05607
56606.64241 19.08519 0.11749
56607.82225 19.16429 0.0618
56607.84927 19.14019 0.04776
56608.75086 19.16538 0.05843
56608.81398 19.18716 0.07123
56608.84048 19.18038 0.07419
56609.8617 19.16722 0.07269
56609.88847 19.19093 0.07299
56621.79766 19.11728 0.04755
56622.58588 19.05278 0.04505
56623.58717 19.24574 0.0623
56624.57999 18.96077 0.04397
56624.60429 18.99701 0.03972
56625.70494 19.05732 0.03889
56625.74386 19.05079 0.04051
56626.64578 18.99662 0.04083
56627.83411 19.27029 0.12974
56628.73144 18.99086 0.04454
56628.76212 19.1537 0.05116
56637.58042 19.031 0.06109
56637.60549 19.12178 0.06586
56639.58002 18.98718 0.0666
56639.60438 19.08908 0.066
56640.58279 18.88249 0.07663
56640.61699 19.21408 0.08668
56648.58277 19.13282 0.06016
56648.61266 19.35014 0.06716
56649.57885 19.04299 0.05859
56649.60387 19.09669 0.04675
56650.58762 19.33477 0.05442
56653.61955 19.28827 0.06935
56658.58519 19.0695 0.04158
56658.62914 19.0369 0.03988
56659.58605 19.04173 0.04129
56659.61086 19.02842 0.04274
56660.58569 19.06018 0.04602
56660.61029 19.07753 0.04003
56661.58623 19.20809 0.1779
56662.58587 19.05896 0.05054
56662.61038 19.19975 0.06329
56663.59143 18.97598 0.04594
56663.6171 19.01544 0.04307
56664.58594 19.16282 0.10906
56664.6104 19.02924 0.05687
56668.58721 19.35757 0.09682
56668.61177 19.07009 0.06013
56669.61423 19.06921 0.0737
56670.58877 19.19168 0.10008
56675.5969 19.06098 0.04126
56675.6459 19.15574 0.06057
56676.59181 19.10499 0.04781
56676.61781 19.07909 0.04454
56677.60718 19.00084 0.09343
56678.61458 18.98188 0.04365
56678.64019 19.01014 0.0456
56680.60724 19.03251 0.04917
56683.59693 19.08748 0.04599
56683.63252 19.04689 0.04246
56685.59847 19.06809 0.07378
56685.6471 19.04593 0.07472
56686.63379 19.17745 0.08971
56687.59886 19.15274 0.04982
56687.64144 19.11176 0.04705
56690.60286 19.28103 0.06373
56690.64549 19.13295 0.06051
56697.60505 19.14709 0.06075
56699.60928 18.90597 0.08213
56816.96412 19.10156 0.04992
56816.97531 19.278 0.0802
56817.96427 19.02299 0.04659
56817.97654 19.12821 0.0774
56818.96227 19.0977 0.04489
56818.97512 19.38227 0.07038
56819.97765 19.01696 0.10841
56820.96625 19.19306 0.0894
56820.97769 19.17012 0.10117
56821.96237 19.39779 0.09791
56821.9727 19.40149 0.1157
56822.96143 19.19995 0.0835
56822.97681 18.99222 0.0967
56823.96094 19.25344 0.08729
56824.96428 19.16456 0.07082
56824.97573 19.28193 0.08469
56825.96455 19.10846 0.0737
56825.97592 19.42152 0.10653
56826.96127 19.25057 0.07204
56826.97472 19.13218 0.07811
56827.96384 19.16263 0.0569
56827.97622 19.24695 0.07804
56828.9654 19.14613 0.05468
56828.97804 19.23884 0.06883
56829.96383 19.08904 0.04896
56829.97653 19.12414 0.05293
56830.96102 19.1415 0.04445
56830.97338 19.20638 0.04803
56831.96161 19.05383 0.03751
56831.97427 19.06664 0.04741
56832.9648 19.09315 0.03955
56832.97563 19.09263 0.04703
56833.96568 19.1213 0.04213
56833.97644 19.18626 0.05494
56834.96484 19.06583 0.03824
56834.9776 19.1272 0.06884
56835.96569 19.15542 0.04721
56835.97723 19.07755 0.06313
56836.96625 19.09789 0.03663
56836.97711 19.08888 0.05332
56837.96638 18.983 0.03722
56837.98211 19.23616 0.07493
56838.96389 19.16565 0.03787
56838.9786 19.01146 0.05577
56839.96511 19.09863 0.037
56839.97834 19.16611 0.05105
56840.96951 19.12119 0.04082
56840.98137 19.13719 0.05955
56841.96857 19.11231 0.03878
56841.98075 19.22405 0.05653
56845.96726 19.12057 0.03933
56845.98002 19.05198 0.04504
56846.96666 19.12908 0.03608
56846.98115 19.0533 0.04371
56847.96648 19.14562 0.03646
56847.98151 19.06717 0.04092
56848.96743 19.13295 0.03781
56848.98312 19.16805 0.04735
56849.96813 19.06598 0.06069
56849.98235 19.13792 0.06648
56850.96941 19.08983 0.10753
56850.98368 19.07267 0.08399
56851.97048 19.1122 0.06569
56851.98675 19.17826 0.06954
56854.96165 19.00952 0.04741
56854.98771 19.08729 0.05287
56855.96071 19.16459 0.05294
56855.98393 19.14679 0.05564
56856.96087 19.06912 0.07004
56856.98328 19.10876 0.06092
56858.96243 19.15954 0.04336
56858.98507 19.04541 0.04299
56859.96515 19.03983 0.03385
56859.98697 19.12215 0.04455
56861.96231 19.11926 0.03769
56861.98508 19.13844 0.03879
56862.9659 19.12645 0.03919
56862.98227 19.1906 0.03954
56863.94981 19.02795 0.03533
56864.94576 19.10238 0.04345
56864.96947 19.05118 0.04363
56865.92975 19.11884 0.04386
56865.96089 19.13045 0.03628
56867.98799 19.06664 0.03666
56868.96536 19.03289 0.03694
56868.98567 19.06918 0.03524
56869.96092 19.05045 0.03619
56869.98231 19.0859 0.03498
56870.96467 19.041 0.03402
56870.98635 19.1016 0.03495
56874.97428 19.10672 0.03301
56874.99622 19.05346 0.03718
56875.98151 19.09062 0.0397
56875.99752 19.07822 0.04086
56876.91773 19.05263 0.03257
56876.94717 19.06362 0.03181
56877.9745 19.09136 0.0334
56877.9957 19.0485 0.03609
56878.00741 19.25476 0.06891
56878.9086 19.02512 0.05287
56878.93847 19.15299 0.06201
56879.92838 19.08135 0.06443
56879.95816 19.05523 0.06861
56880.95792 19.25785 0.09983
56880.9882 19.14084 0.07284
56882.96877 19.04797 0.08269
56882.98848 19.12358 0.09493
56883.9421 19.08516 0.05579
56883.98158 19.01232 0.05547
56884.99956 19.10304 0.05248
56885.96448 19.08085 0.04719
56885.98159 19.07982 0.0451
56886.91453 19.03191 0.04125
56886.94264 19.06808 0.03879
56887.91623 19.03619 0.03674
56887.94902 19.06482 0.03781
56888.86519 19.04221 0.03207
56888.89905 19.07228 0.0322
56888.91008 19.07312 0.03516
56888.94196 18.98313 0.03487
56890.94091 19.08072 0.03426
56890.97479 19.08005 0.03455
56895.83087 19.10072 0.04242
56895.86667 19.10412 0.04779
56972.71463 19.2027 0.05079
56972.73749 19.15279 0.05143
56978.74407 19.28649 0.05232
56978.79927 19.39146 0.0741
56979.72374 19.33277 0.07578
56980.71766 19.13696 0.04898
56980.83416 19.14107 0.04938
56981.71538 19.20355 0.04465
56981.77818 19.1935 0.04457
56984.71333 19.25135 0.06039
56984.78092 19.36918 0.07941
56986.72544 19.22325 0.06206
56986.79095 19.15342 0.06106
56987.70535 19.20398 0.0546
56987.76948 19.24086 0.05353
56988.66321 19.30052 0.05175
56989.60286 19.1733 0.05026
56989.66828 19.12137 0.05196
56990.59847 19.11751 0.0477
56990.66232 19.05655 0.04755
56991.66882 19.08741 0.1157
57067.60784 19.27457 0.06228
57067.62545 19.14726 0.05817
57179.97424 19.1913 0.10395
57180.95646 19.3862 0.08131
57185.96692 19.16516 0.06206
57187.96362 19.09437 0.049
57188.93765 19.2239 0.04606
57188.96808 19.09349 0.05073
57189.95594 19.07454 0.04432
57190.94422 19.16022 0.05027
57190.9766 18.95305 0.10146
57191.9217 19.20112 0.05764
57191.95614 19.14968 0.04516
57192.94672 19.17604 0.05736
57192.97846 19.15179 0.08952
57193.93573 19.14867 0.04998
57193.96862 19.03963 0.06063
57194.94374 19.13347 0.04826
57194.97431 19.14043 0.06085
57195.94595 19.05717 0.05358
57195.97546 19.10438 0.06944
57196.92539 19.17103 0.06039
57196.97637 19.22469 0.09432
57197.91796 19.026 0.04882
57197.96971 19.1006 0.06075
57198.93165 19.18853 0.04959
57198.96479 19.12006 0.04956
57199.9472 19.1595 0.0538
57199.9815 19.37119 0.10234
57207.95261 19.15336 0.08437
57207.98422 19.20622 0.07057
57208.90735 19.13743 0.07517
57208.94607 19.09904 0.06707
57209.93937 19.1876 0.06914
57209.97959 19.10252 0.06343
57210.9363 19.22788 0.05449
57210.97519 19.12128 0.05819
57211.94997 19.07896 0.05253
57211.98409 19.05925 0.06988
57212.9376 19.04254 0.07116
57212.97329 19.33097 0.08228
57214.96163 19.19232 0.04556
57216.93262 19.14154 0.04366
57216.97994 19.17944 0.04559
57218.92712 19.15733 0.04362
57218.977 19.24747 0.04398
57219.94247 19.16943 0.03879
57219.97077 19.16183 0.03615
57220.92305 19.09107 0.03552
57220.98129 19.14462 0.0437
57225.95176 19.17226 0.03499
57226.95332 19.13022 0.0362
57227.93417 19.15327 0.03823
57227.97035 19.11954 0.03838
57231.91879 19.10709 0.04146
57231.96902 19.1158 0.03515
57232.8829 19.14567 0.05605
57232.9489 19.18149 0.04773
57237.93379 19.35266 0.07091
57237.98326 19.2826 0.07155
57238.91268 19.07523 0.04727
57238.96563 19.19487 0.05152
57239.93796 19.23441 0.05212
57239.98313 19.21131 0.05802
57240.95317 19.1123 0.04742
57241.93368 19.09031 0.04671
57242.93933 19.18298 0.03963
57242.98523 19.19147 0.04073
57244.91131 19.10515 0.03875
57244.96611 19.11603 0.03546
57245.87591 19.15075 0.03684
57245.91376 19.1413 0.03501
57246.89995 19.19692 0.03313
57246.93423 19.15067 0.03385
57247.92574 19.13419 0.0348
57247.95614 19.15164 0.0343
57248.84393 19.12255 0.03862
57248.8782 19.15799 0.03851
57249.88436 19.16276 0.03706
57249.9163 19.14054 0.03659
57250.88236 19.07695 0.03871
57250.92114 19.09802 0.0403
57251.8693 19.07482 0.03651
57251.91419 19.04743 0.0362
57267.93864 19.19413 0.08416
57267.9816 19.33146 0.0648
57554.97044 19.17539 0.06521
57555.93989 19.32418 0.05156
57555.96363 19.16303 0.04988
57569.92685 19.21659 0.05175
57570.93954 19.27203 0.04953
57571.91515 19.25414 0.05601
57571.96845 19.18999 0.05382
57572.94 19.15146 0.04905
57572.961 19.30172 0.05382
57573.95955 19.23937 0.04667
57574.96997 19.1886 0.04557
57575.96076 19.13493 0.04474
57576.95096 19.21899 0.04608
57577.97714 19.18139 0.05489
57578.93031 19.177 0.04653
57578.9597 19.22541 0.04826
57579.93833 19.217 0.04872
57579.96636 19.26765 0.05053
57580.94991 19.28861 0.0521
57580.97641 19.12202 0.05065
57581.93908 19.18002 0.04643
57581.96061 19.12157 0.04581
57582.96612 19.2111 0.04449
57582.9889 19.02638 0.1004
57583.93612 19.182 0.04361
57583.97225 19.05413 0.0439
57584.92871 19.18559 0.04411
57584.97404 19.24696 0.04762
57585.92275 19.30289 0.0557
57585.96134 19.11776 0.04668
57586.91575 19.29185 0.07566
