#mjd mag magerr
55061.92507 15.164 0.005
55063.91995 15.17 0.005
55069.90331 15.176 0.005
55084.86334 15.168 0.005
55087.85614 15.17 0.005
55088.96988 15.16 0.005
55089.01526 15.167 0.005
55093.83745 15.163 0.005
55104.99865 15.162 0.005
55123.75694 15.169 0.004
55126.97954 15.158 0.005
55127.83327 15.162 0.005
55127.87703 15.167 0.005
55142.70355 15.162 0.005
55142.75213 15.161 0.005
55144.7788 15.164 0.004
55144.82299 15.167 0.005
55151.72937 15.162 0.005
55151.77249 15.154 0.004
55183.64245 15.151 0.005
55189.58046 15.156 0.005
55189.62549 15.157 0.005
55199.58553 15.169 0.005
55207.67509 15.165 0.005
55209.59673 15.161 0.005
55209.64143 15.159 0.004
55379.92484 15.159 0.004
55380.9208 15.17 0.005
55381.89609 15.16 0.005
55381.93937 15.157 0.004
55384.82674 15.162 0.004
55384.8703 15.161 0.004
55385.87023 15.155 0.004
55385.91343 15.163 0.004
55386.86527 15.157 0.004
55386.9087 15.161 0.004
55388.86612 15.165 0.005
55388.91009 15.152 0.005
55390.8096 15.151 0.005
55390.85398 15.167 0.005
55391.87542 15.175 0.004
55392.83262 15.165 0.005
55392.87542 15.165 0.005
55394.79912 15.162 0.005
55394.84314 15.158 0.004
55395.84219 15.161 0.005
55396.83936 15.16 0.005
55398.83129 15.158 0.005
55399.83266 15.161 0.005
55421.73671 15.164 0.005
55421.79907 15.164 0.004
55422.75122 15.175 0.005
55422.79494 15.17 0.004
55423.74749 15.168 0.005
55423.7929 15.168 0.004
55425.76173 15.154 0.005
55425.8058 15.163 0.005
55427.79715 15.163 0.005
55427.84086 15.163 0.004
55428.79288 15.166 0.004
55428.83709 15.165 0.004
55429.81427 15.165 0.005
55429.85723 15.163 0.005
55436.88581 15.145 0.005
55436.88897 15.164 0.005
55436.89197 15.161 0.005
55436.89508 15.155 0.005
55436.89805 15.166 0.005
55436.90116 15.159 0.005
55436.90427 15.157 0.005
55436.90735 15.159 0.005
55436.91048 15.163 0.005
55436.91358 15.155 0.005
55436.91938 15.154 0.005
55436.92228 15.159 0.005
55436.92521 15.157 0.005
55436.92813 15.166 0.005
55436.93103 15.156 0.005
55436.9342 15.155 0.005
55436.9371 15.155 0.005
55436.93981 15.157 0.005
55436.94303 15.152 0.005
55436.94619 15.161 0.005
55436.94921 15.164 0.005
55436.95237 15.155 0.005
55436.95537 15.166 0.005
55436.95832 15.166 0.005
55436.96123 15.156 0.005
55436.9641 15.152 0.005
55436.96677 15.152 0.005
55438.88863 15.16 0.005
55438.89175 15.165 0.005
55438.89491 15.158 0.005
55438.89804 15.158 0.005
55438.90092 15.154 0.005
55438.90378 15.156 0.005
55438.90657 15.157 0.005
55438.90934 15.16 0.005
55438.91211 15.157 0.005
55438.91494 15.155 0.005
55438.9177 15.163 0.005
55438.92091 15.16 0.005
55438.92679 15.157 0.005
55438.92961 15.15 0.005
55438.94113 15.168 0.005
55438.94418 15.166 0.005
55438.94684 15.17 0.005
55438.95024 15.153 0.005
55438.95919 15.157 0.005
55438.96147 15.17 0.005
55440.87514 15.159 0.004
55440.8783 15.16 0.005
55440.88435 15.163 0.005
55440.88681 15.153 0.005
55440.88946 15.162 0.005
55440.89212 15.163 0.004
55440.89524 15.158 0.004
55440.89839 15.156 0.004
55440.90151 15.164 0.005
55440.90445 15.155 0.005
55440.90736 15.156 0.004
55440.91031 15.164 0.004
55440.91323 15.163 0.005
55440.91597 15.164 0.004
55440.91876 15.159 0.004
55440.92155 15.162 0.004
55440.92433 15.16 0.005
55440.93102 15.161 0.004
55440.9337 15.155 0.005
55440.93629 15.161 0.004
55440.93956 15.164 0.004
55440.94271 15.161 0.004
55440.94588 15.161 0.004
55440.94889 15.158 0.005
55440.95188 15.159 0.005
55440.95495 15.162 0.005
55440.95797 15.157 0.004
55441.87308 15.16 0.004
55441.87598 15.156 0.005
55441.88652 15.157 0.004
55441.88969 15.155 0.004
55441.8926 15.152 0.004
55441.89549 15.16 0.005
55441.89834 15.158 0.004
55441.90113 15.157 0.004
55441.90376 15.149 0.004
55441.9064 15.156 0.004
55441.90912 15.162 0.004
55441.91186 15.155 0.004
55441.91451 15.159 0.004
55441.91728 15.161 0.005
55441.91987 15.166 0.004
55441.92248 15.161 0.004
55441.92552 15.159 0.005
55441.92816 15.159 0.004
55441.93189 15.165 0.004
55441.93464 15.164 0.004
55441.93733 15.158 0.005
55441.94054 15.151 0.004
55441.94332 15.159 0.004
55441.94552 15.157 0.005
55441.94859 15.162 0.004
55441.95201 15.156 0.005
55441.95475 15.167 0.004
55441.95793 15.157 0.004
55441.96088 15.16 0.004
55441.96399 15.164 0.005
55441.96722 15.163 0.005
55441.97018 15.158 0.004
55441.97301 15.162 0.005
55441.97539 15.156 0.004
55441.97764 15.152 0.004
55441.97987 15.161 0.005
55441.98356 15.16 0.004
55441.98636 15.164 0.004
55441.98859 15.157 0.004
55441.99084 15.15 0.004
55441.99389 15.165 0.004
55442.00599 15.164 0.005
55442.00913 15.157 0.005
55442.01222 15.158 0.005
55442.01493 15.156 0.005
55442.70388 15.166 0.005
55442.7074 15.163 0.005
55442.71103 15.163 0.005
55442.71454 15.173 0.004
55442.71814 15.167 0.004
55442.72174 15.165 0.004
55442.72533 15.172 0.005
55442.73278 15.163 0.005
55442.7419 15.164 0.005
55442.74888 15.159 0.005
55442.75578 15.161 0.005
55442.76153 15.17 0.005
55442.76621 15.161 0.004
55442.77623 15.163 0.005
55442.78141 15.158 0.005
55442.78622 15.164 0.005
55442.79152 15.166 0.005
55442.79622 15.164 0.004
55442.80192 15.164 0.005
55442.80936 15.167 0.005
55442.81449 15.161 0.004
55442.81946 15.162 0.004
55442.82454 15.16 0.004
55442.82936 15.169 0.004
55442.83548 15.16 0.005
55442.84019 15.16 0.005
55442.84603 15.161 0.005
55442.85118 15.161 0.005
55442.85663 15.162 0.004
55442.86394 15.152 0.005
55442.87008 15.163 0.005
55442.87509 15.164 0.005
55442.88055 15.16 0.005
55442.88623 15.159 0.005
55442.89227 15.156 0.005
55442.89791 15.166 0.004
55442.90303 15.16 0.005
55442.90877 15.167 0.004
55442.91374 15.173 0.004
55442.91881 15.171 0.005
55442.9239 15.168 0.005
55442.93043 15.159 0.005
55442.93648 15.159 0.005
55442.94595 15.16 0.004
55442.95172 15.164 0.004
55442.9576 15.166 0.005
55442.96252 15.166 0.005
55442.96839 15.165 0.004
55442.97324 15.162 0.005
55442.97788 15.16 0.004
55442.98213 15.158 0.005
55442.98727 15.166 0.005
55442.99354 15.171 0.005
55442.99865 15.171 0.005
55443.00336 15.163 0.005
55443.01008 15.176 0.005
55443.01708 15.17 0.005
55443.67748 15.158 0.005
55443.68495 15.16 0.005
55443.69293 15.161 0.005
55443.70421 15.156 0.004
55443.71034 15.159 0.004
55443.71638 15.159 0.005
55443.72237 15.16 0.004
55443.72838 15.156 0.004
55443.73606 15.155 0.004
55443.74312 15.162 0.005
55443.74818 15.157 0.004
55443.75378 15.155 0.005
55443.75952 15.156 0.005
55443.76532 15.159 0.004
55443.77013 15.157 0.004
55443.78034 15.146 0.004
55443.78545 15.155 0.004
55443.79162 15.151 0.004
55443.79724 15.156 0.004
55443.80308 15.161 0.004
55443.80902 15.156 0.004
55443.81499 15.155 0.005
55443.82047 15.157 0.004
55443.8264 15.152 0.004
55443.83246 15.164 0.005
55443.8379 15.146 0.004
55443.84422 15.156 0.004
55443.84964 15.158 0.004
55443.85559 15.157 0.004
55443.86258 15.163 0.004
55443.87583 15.158 0.004
55443.88147 15.161 0.004
55443.88899 15.162 0.005
55443.89418 15.154 0.005
55443.90083 15.163 0.004
55443.90664 15.159 0.004
55443.91241 15.171 0.004
55443.91785 15.16 0.004
55443.92409 15.163 0.004
55443.92973 15.161 0.005
55443.93502 15.16 0.004
55443.94079 15.164 0.005
55443.94786 15.17 0.004
55443.95361 15.163 0.004
55443.95932 15.148 0.004
55443.96937 15.159 0.004
55443.97562 15.168 0.005
55443.98151 15.165 0.004
55443.98732 15.162 0.005
55443.99462 15.163 0.005
55444.001 15.159 0.004
55444.00616 15.16 0.004
55444.01193 15.16 0.004
55444.01756 15.159 0.004
55444.67228 15.157 0.005
55444.67733 15.158 0.005
55444.68863 15.155 0.005
55444.69532 15.154 0.005
55444.70204 15.156 0.004
55444.70916 15.157 0.005
55444.71493 15.155 0.004
55444.7211 15.158 0.005
55444.72802 15.154 0.004
55444.73383 15.157 0.004
55444.741 15.162 0.004
55444.7466 15.161 0.004
55444.75173 15.162 0.004
55444.75684 15.156 0.004
55444.76231 15.157 0.004
55444.76736 15.167 0.004
55444.77358 15.161 0.004
55444.77882 15.157 0.004
55444.78373 15.169 0.004
55444.79854 15.154 0.005
55444.80409 15.15 0.004
55444.81606 15.151 0.004
55444.82136 15.157 0.004
55444.83339 15.155 0.005
55444.83861 15.153 0.004
55444.84555 15.154 0.004
55444.85167 15.152 0.005
55444.85686 15.154 0.004
55444.86274 15.164 0.005
55444.87327 15.167 0.005
55444.87878 15.155 0.004
55444.88473 15.157 0.004
55444.89023 15.159 0.005
55444.89587 15.162 0.005
55444.90159 15.165 0.004
55444.90851 15.154 0.004
55444.91355 15.159 0.004
55444.92285 15.162 0.004
55444.93145 15.161 0.004
55444.94047 15.166 0.004
55444.94573 15.159 0.004
55444.95106 15.154 0.004
55444.9573 15.161 0.005
55444.96295 15.163 0.004
55444.96929 15.163 0.004
55444.97417 15.163 0.004
55444.98069 15.157 0.004
55444.98922 15.155 0.004
55444.99559 15.16 0.004
55445.00164 15.155 0.004
55445.00785 15.156 0.005
55445.01289 15.156 0.005
55445.01783 15.153 0.004
55445.02233 15.157 0.005
55445.66266 15.158 0.005
55445.66756 15.16 0.005
55445.67251 15.163 0.005
55445.67737 15.15 0.005
55445.68428 15.162 0.005
55445.69056 15.156 0.004
55445.69687 15.163 0.004
55445.70301 15.153 0.004
55445.70927 15.166 0.004
55445.7154 15.151 0.005
55445.72147 15.156 0.005
55445.72797 15.161 0.004
55445.73463 15.162 0.005
55445.74019 15.158 0.004
55445.74566 15.162 0.004
55445.75102 15.161 0.005
55445.75649 15.16 0.005
55445.76197 15.154 0.005
55445.7679 15.153 0.004
55445.77376 15.157 0.004
55445.77906 15.157 0.004
55445.78485 15.158 0.004
55445.79031 15.157 0.004
55445.79619 15.154 0.004
55445.811 15.146 0.004
55445.8185 15.159 0.004
55445.8246 15.151 0.004
55445.8303 15.157 0.004
55445.84027 15.154 0.004
55445.84555 15.16 0.004
55445.8518 15.159 0.004
55445.85768 15.167 0.004
55445.86367 15.162 0.004
55445.8697 15.158 0.004
55445.87574 15.16 0.004
55445.88214 15.159 0.004
55445.8885 15.154 0.004
55445.89438 15.17 0.004
55445.89989 15.161 0.004
55445.90674 15.165 0.004
55445.91305 15.167 0.004
55445.91728 15.167 0.004
55445.92357 15.167 0.004
55445.92921 15.166 0.004
55445.93502 15.16 0.004
55445.94054 15.163 0.004
55445.95222 15.16 0.004
55445.95892 15.165 0.004
55445.97196 15.161 0.004
55445.97878 15.161 0.004
55445.98443 15.17 0.004
55445.98978 15.162 0.004
55445.99586 15.162 0.004
55446.00251 15.155 0.004
55446.00833 15.16 0.004
55446.0133 15.161 0.005
55446.01793 15.162 0.005
55446.02336 15.155 0.005
55446.66507 15.161 0.005
55446.67095 15.158 0.005
55446.67607 15.157 0.005
55446.68146 15.158 0.005
55446.6892 15.152 0.004
55446.7005 15.16 0.004
55446.70786 15.155 0.004
55446.71381 15.154 0.005
55446.72005 15.161 0.004
55446.72697 15.159 0.004
55446.73774 15.155 0.004
55446.7427 15.162 0.004
55446.74847 15.157 0.004
55446.75992 15.162 0.004
55446.76493 15.156 0.004
55446.7701 15.158 0.004
55446.77524 15.155 0.004
55446.78024 15.155 0.004
55446.7866 15.158 0.004
55446.79249 15.154 0.005
55446.79824 15.161 0.004
55446.80828 15.147 0.004
55446.81341 15.158 0.004
55446.8194 15.152 0.004
55446.82575 15.144 0.004
55446.83192 15.154 0.004
55446.83809 15.156 0.004
55446.84322 15.154 0.004
55446.84951 15.163 0.004
55446.86138 15.156 0.004
55446.87326 15.163 0.004
55446.8795 15.154 0.004
55446.88588 15.147 0.004
55446.89182 15.163 0.004
55446.89907 15.159 0.005
55446.90575 15.157 0.004
55446.913 15.162 0.004
55446.91964 15.154 0.004
55446.92544 15.16 0.005
55446.93119 15.159 0.004
55446.93692 15.158 0.005
55446.94243 15.16 0.004
55446.94848 15.158 0.004
55446.95457 15.152 0.004
55446.9604 15.157 0.004
55446.96647 15.157 0.004
55446.97293 15.164 0.004
55446.97833 15.155 0.004
55446.9847 15.15 0.004
55446.99032 15.171 0.004
55446.99651 15.149 0.004
55447.00334 15.158 0.004
55447.02253 15.155 0.005
55448.00383 15.16 0.004
55448.70151 15.165 0.005
55449.82964 15.166 0.005
55449.87265 15.16 0.005
55450.8259 15.176 0.004
55450.87003 15.162 0.004
55451.65343 15.163 0.005
55451.701 15.155 0.005
55452.64797 15.165 0.005
55452.69247 15.165 0.005
55453.64524 15.149 0.005
55453.68955 15.159 0.004
55454.64063 15.167 0.005
55455.63927 15.151 0.005
55455.71545 15.169 0.005
55456.67706 15.163 0.005
55457.63072 15.152 0.005
55457.67325 15.155 0.005
55458.66073 15.16 0.005
55458.70574 15.161 0.005
55460.72457 15.164 0.005
55466.61787 15.156 0.005
55466.61962 15.172 0.005
55466.62136 15.159 0.005
55466.62312 15.152 0.005
55466.62488 15.154 0.005
55466.62663 15.158 0.005
55466.62945 15.166 0.005
55466.63146 15.153 0.005
55466.63351 15.168 0.005
55471.77468 15.159 0.004
55472.6255 15.163 0.005
55472.66938 15.169 0.004
55477.66775 15.17 0.004
55477.71277 15.163 0.004
55478.62384 15.165 0.004
55478.66775 15.173 0.004
55479.61565 15.161 0.005
55479.65968 15.167 0.004
55480.61505 15.149 0.004
55480.65805 15.155 0.004
55481.61182 15.154 0.004
55481.69382 15.164 0.004
55482.61769 15.157 0.005
55482.66187 15.164 0.004
55482.67843 15.161 0.004
55483.61038 15.165 0.004
55483.66511 15.166 0.004
55484.66376 15.15 0.005
55484.70694 15.166 0.005
55485.61938 15.166 0.005
55485.66328 15.17 0.005
55497.89219 15.156 0.005
55501.66254 15.168 0.005
55501.75701 15.168 0.005
55502.7214 15.171 0.005
55502.82143 15.163 0.005
55503.77757 15.166 0.005
55503.87315 15.167 0.005
55504.82413 15.163 0.004
55504.91863 15.159 0.005
55506.73382 15.165 0.004
55507.81362 15.176 0.005
55507.89261 15.174 0.005
55513.65793 15.163 0.004
55513.74173 15.166 0.005
55514.69371 15.157 0.005
55514.73742 15.163 0.005
55515.69944 15.157 0.004
55515.74229 15.167 0.005
55516.67232 15.159 0.005
55516.71647 15.161 0.005
55517.61489 15.168 0.005
55517.65833 15.153 0.005
55518.61474 15.167 0.005
55527.74234 15.167 0.005
55530.70606 15.159 0.005
55532.784 15.163 0.004
55537.62549 15.166 0.005
55538.57986 15.167 0.004
55538.62373 15.163 0.004
55540.61802 15.162 0.005
55540.66207 15.163 0.005
55544.59595 15.17 0.005
55558.75656 15.162 0.004
55561.73296 15.16 0.005
55579.61363 15.17 0.005
55580.66993 15.161 0.005
55583.61698 15.163 0.004
55583.66115 15.165 0.005
55584.63982 15.161 0.005
55584.68281 15.16 0.005
55586.61681 15.164 0.004
55586.66034 15.176 0.005
55722.89872 15.163 0.005
55723.91975 15.161 0.005
55723.96339 15.159 0.005
55733.86777 15.164 0.005
55733.91213 15.163 0.005
55750.83282 15.161 0.005
55750.87601 15.155 0.004
55759.84883 15.156 0.005
55766.83046 15.158 0.005
55768.77515 15.151 0.005
55768.82042 15.157 0.005
55769.80079 15.155 0.005
55769.84474 15.165 0.005
55771.7808 15.166 0.005
55771.82455 15.172 0.005
55774.75974 15.158 0.005
55774.80369 15.168 0.005
55779.74646 15.157 0.005
55779.79092 15.16 0.005
55780.74954 15.165 0.005
55780.79422 15.17 0.005
55782.79566 15.168 0.005
55789.78046 15.16 0.005
55793.7475 15.159 0.005
55794.75979 15.156 0.005
55794.81636 15.165 0.005
55811.70426 15.158 0.005
55812.70204 15.163 0.005
55813.70677 15.158 0.005
55820.63929 15.164 0.005
55821.63469 15.153 0.005
55822.63136 15.17 0.005
55822.6742 15.172 0.005
55823.62912 15.16 0.005
55823.67279 15.161 0.004
55824.66974 15.16 0.005
55838.65946 15.165 0.005
55850.60466 15.168 0.005
55850.64916 15.154 0.005
55851.60317 15.166 0.005
55851.6464 15.163 0.005
55852.60415 15.153 0.005
55852.64808 15.154 0.005
55853.60161 15.164 0.005
55854.64605 15.161 0.005
55866.58836 15.161 0.005
55866.64674 15.162 0.005
55867.58752 15.163 0.005
55867.63048 15.159 0.005
55868.58645 15.172 0.005
55868.62997 15.171 0.005
55882.87138 15.153 0.005
55887.63174 15.164 0.005
55887.68344 15.163 0.005
55889.80041 15.159 0.004
55889.84438 15.159 0.004
55891.62242 15.161 0.004
55893.58253 15.156 0.005
55893.62538 15.162 0.005
55916.64018 15.159 0.004
55922.64222 15.162 0.004
55923.64138 15.162 0.005
55924.60829 15.156 0.005
55925.59934 15.161 0.005
55925.6789 15.153 0.005
55939.64874 15.153 0.005
55943.69966 15.161 0.005
55944.64374 15.169 0.005
55944.67219 15.165 0.005
55952.60614 15.154 0.005
55952.64928 15.149 0.005
55953.64123 15.155 0.005
56067.968 15.157 0.005
56075.9307 15.149 0.005
56075.96115 15.159 0.005
56076.9616 15.161 0.005
56079.94993 15.158 0.005
56086.93169 15.166 0.005
56087.95116 15.157 0.005
56088.93216 15.161 0.005
56088.96297 15.161 0.005
56089.9375 15.155 0.005
56091.93223 15.161 0.005
56091.96189 15.173 0.005
56092.88532 15.151 0.005
56092.91513 15.159 0.005
56092.94551 15.153 0.005
56093.95942 15.152 0.005
56094.93794 15.162 0.005
56095.95379 15.163 0.005
56096.8846 15.157 0.005
56096.91463 15.151 0.005
56096.94476 15.161 0.005
56097.90204 15.16 0.005
56099.86796 15.151 0.005
56099.89791 15.163 0.005
56099.92867 15.161 0.005
56100.9014 15.155 0.005
56100.93114 15.166 0.005
56101.89167 15.156 0.005
56101.92165 15.16 0.004
56102.85885 15.163 0.005
56102.88949 15.156 0.005
56102.91976 15.163 0.004
56103.89199 15.149 0.005
56103.92204 15.16 0.004
56104.89268 15.165 0.005
56104.9226 15.164 0.005
56105.87773 15.167 0.005
56105.90848 15.161 0.005
56105.93783 15.168 0.005
56106.84827 15.155 0.005
56106.87861 15.154 0.005
56106.90909 15.164 0.004
56107.8758 15.168 0.005
56107.90657 15.163 0.005
56108.8967 15.159 0.005
56108.92688 15.167 0.005
56109.93365 15.162 0.005
56110.92788 15.166 0.005
56113.96221 15.169 0.005
56114.95382 15.165 0.005
56115.88799 15.163 0.005
56115.91792 15.156 0.005
56116.90134 15.172 0.005
56116.93263 15.168 0.005
56116.96082 15.174 0.005
56117.89336 15.162 0.005
56117.92408 15.163 0.005
56123.80273 15.155 0.005
56123.83333 15.159 0.005
56123.86327 15.169 0.005
56124.90651 15.161 0.005
56125.83546 15.165 0.005
56125.86554 15.163 0.005
56125.89615 15.165 0.004
56127.87266 15.158 0.005
56128.82025 15.158 0.005
56128.85095 15.165 0.005
56129.81768 15.157 0.005
56129.84844 15.16 0.005
56130.81624 15.153 0.005
56131.81961 15.162 0.005
56131.84971 15.162 0.005
56131.87995 15.164 0.004
56132.81347 15.162 0.005
56132.85531 15.162 0.005
56133.77707 15.157 0.005
56133.80737 15.154 0.004
56133.83822 15.159 0.005
56135.77553 15.15 0.005
56135.80563 15.162 0.005
56135.83576 15.152 0.004
56136.78173 15.158 0.005
56136.81145 15.159 0.005
56136.8411 15.163 0.005
56146.83598 15.156 0.005
56147.78025 15.166 0.005
56147.8162 15.156 0.005
56148.73749 15.157 0.005
56148.76805 15.164 0.005
56148.79935 15.159 0.005
56151.84322 15.159 0.004
56151.87625 15.168 0.005
56151.91628 15.164 0.004
56164.86061 15.167 0.004
56164.89068 15.164 0.004
56164.92058 15.161 0.004
56165.82282 15.159 0.004
56165.85228 15.166 0.004
56165.88261 15.168 0.004
56166.78418 15.162 0.004
56166.82422 15.168 0.005
56166.85443 15.163 0.004
56167.76089 15.162 0.005
56167.79015 15.163 0.005
56167.82899 15.166 0.005
56168.791 15.168 0.005
56176.7448 15.16 0.005
56176.77543 15.158 0.005
56177.67781 15.165 0.005
56177.71473 15.157 0.005
56177.74486 15.17 0.005
56178.75554 15.164 0.004
56189.7174 15.167 0.005
56189.7471 15.157 0.005
56194.65278 15.156 0.005
56194.6816 15.168 0.005
56194.73075 15.167 0.004
56195.68491 15.17 0.005
56195.74391 15.164 0.005
56202.70171 15.153 0.005
56225.74848 15.158 0.005
56225.84084 15.166 0.005
56228.67312 15.161 0.005
56234.68448 15.165 0.004
56234.71307 15.16 0.004
56235.61457 15.161 0.004
56235.64414 15.168 0.004
56236.58508 15.169 0.005
56236.61555 15.162 0.004
56237.58471 15.159 0.005
56237.61504 15.158 0.004
56238.58328 15.152 0.005
56238.61526 15.161 0.004
56239.58288 15.17 0.004
56239.61135 15.157 0.004
56251.83063 15.161 0.004
56251.86066 15.163 0.004
56252.69871 15.159 0.005
56252.71698 15.164 0.005
56252.7525 15.158 0.005
56252.76849 15.159 0.005
56252.83823 15.155 0.005
56253.58613 15.162 0.005
56253.60327 15.165 0.005
56253.62046 15.16 0.005
56253.63675 15.166 0.004
56253.65382 15.161 0.005
56253.67202 15.163 0.005
56253.70894 15.159 0.005
56253.73062 15.162 0.005
56253.74995 15.148 0.005
56253.76629 15.157 0.005
56253.78824 15.159 0.005
56253.80772 15.16 0.005
56253.82948 15.168 0.004
56253.85364 15.164 0.005
56254.74605 15.158 0.005
56254.77881 15.167 0.005
56255.68241 15.159 0.005
56256.65562 15.168 0.005
56259.62487 15.175 0.005
56268.59355 15.164 0.005
56268.62305 15.167 0.004
56269.58311 15.162 0.004
56269.58427 15.158 0.004
56269.58538 15.165 0.004
56269.58649 15.16 0.004
56269.58762 15.164 0.004
56269.58885 15.163 0.004
56269.58997 15.163 0.004
56269.59125 15.152 0.004
56269.59237 15.157 0.004
56269.59356 15.163 0.004
56269.59469 15.155 0.004
56269.59592 15.162 0.004
56269.59704 15.161 0.004
56269.59835 15.158 0.004
56269.59947 15.157 0.004
56269.60968 15.158 0.004
56269.61085 15.164 0.004
56269.61202 15.155 0.004
56269.61313 15.166 0.004
56269.61425 15.156 0.004
56269.61539 15.165 0.004
56269.61651 15.162 0.004
56269.61765 15.162 0.004
56269.61876 15.171 0.004
56269.61987 15.164 0.004
56269.62107 15.161 0.004
56269.62222 15.162 0.004
56269.62335 15.162 0.004
56269.62449 15.166 0.005
56269.62561 15.166 0.004
56269.6268 15.166 0.004
56269.62792 15.166 0.004
56269.63741 15.16 0.004
56269.63873 15.163 0.004
56269.63993 15.158 0.004
56269.64106 15.176 0.004
56269.64218 15.164 0.004
56269.64329 15.159 0.004
56269.64442 15.166 0.004
56269.64554 15.166 0.004
56269.64667 15.161 0.004
56269.64781 15.16 0.004
56269.64897 15.159 0.004
56269.65009 15.166 0.005
56269.65121 15.165 0.004
56269.65239 15.171 0.004
56269.65351 15.169 0.004
56269.65465 15.167 0.005
56269.65577 15.169 0.004
56269.6569 15.16 0.004
56269.6581 15.167 0.004
56269.65923 15.163 0.004
56269.66046 15.166 0.004
56269.66158 15.164 0.004
56269.66271 15.165 0.004
56269.66384 15.163 0.004
56269.66587 15.16 0.004
56269.66708 15.165 0.004
56269.6682 15.165 0.004
56269.66943 15.161 0.004
56269.67055 15.174 0.004
56269.67176 15.164 0.005
56269.67291 15.158 0.004
56269.67404 15.161 0.004
56269.67524 15.16 0.004
56269.67637 15.157 0.004
56269.67751 15.165 0.005
56269.67875 15.161 0.004
56269.67988 15.156 0.004
56269.68111 15.154 0.004
56269.68223 15.166 0.004
56269.68334 15.159 0.004
56269.68464 15.162 0.004
56269.68583 15.163 0.004
56269.68696 15.157 0.004
56269.68808 15.155 0.005
56269.6892 15.163 0.004
56269.69032 15.159 0.004
56269.69148 15.161 0.004
56269.6926 15.159 0.004
56269.69375 15.161 0.004
56269.69487 15.165 0.004
56269.69599 15.161 0.004
56269.6989 15.163 0.004
56269.70002 15.158 0.004
56269.70118 15.168 0.004
56269.70232 15.165 0.004
56269.70348 15.156 0.005
56269.70459 15.157 0.004
56269.70573 15.168 0.004
56269.70696 15.159 0.004
56269.70808 15.164 0.004
56269.70928 15.163 0.005
56269.71041 15.159 0.004
56269.71158 15.162 0.004
56269.71272 15.158 0.004
56269.71394 15.166 0.004
56269.71508 15.158 0.004
56269.71621 15.161 0.004
56269.72633 15.157 0.004
56269.72754 15.158 0.005
56269.72867 15.162 0.004
56269.72979 15.156 0.004
56269.73091 15.16 0.004
56269.73205 15.16 0.004
56269.73318 15.156 0.004
56269.73429 15.158 0.004
56269.73548 15.162 0.004
56269.73673 15.158 0.004
56269.73788 15.161 0.004
56269.73902 15.164 0.004
56269.74027 15.157 0.004
56269.74139 15.159 0.004
56269.74264 15.162 0.004
56269.74383 15.167 0.004
56269.74494 15.166 0.004
56269.74612 15.158 0.004
56269.74725 15.164 0.004
56269.74838 15.155 0.004
56269.74952 15.158 0.004
56269.75066 15.166 0.004
56269.75193 15.161 0.004
56269.75308 15.16 0.004
56269.75421 15.166 0.004
56269.75545 15.166 0.004
56269.75657 15.173 0.004
56269.75771 15.165 0.004
56269.75886 15.163 0.004
56269.76 15.162 0.004
56269.76114 15.165 0.004
56269.76227 15.158 0.004
56269.7634 15.167 0.004
56269.76451 15.17 0.004
56269.76565 15.163 0.004
56269.78027 15.164 0.004
56269.78143 15.167 0.004
56269.78262 15.166 0.004
56269.78383 15.168 0.004
56269.78503 15.168 0.004
56269.78743 15.159 0.004
56269.78868 15.162 0.004
56269.78981 15.168 0.004
56269.791 15.165 0.004
56269.79218 15.167 0.004
56269.79348 15.164 0.004
56269.7947 15.171 0.004
56269.79582 15.163 0.004
56269.79693 15.166 0.004
56269.79808 15.166 0.004
56269.7992 15.168 0.004
56269.80033 15.165 0.004
56269.80148 15.16 0.005
56269.80268 15.156 0.004
56269.80396 15.155 0.004
56269.80509 15.169 0.004
56269.80631 15.167 0.004
56269.80744 15.168 0.004
56269.80859 15.168 0.004
56270.57923 15.166 0.004
56270.5805 15.166 0.005
56270.5818 15.167 0.004
56270.58297 15.165 0.005
56270.58421 15.169 0.004
56270.58548 15.172 0.005
56270.58663 15.167 0.005
56270.5879 15.161 0.005
56270.58918 15.171 0.004
56270.59043 15.172 0.004
56270.59168 15.16 0.004
56270.59293 15.166 0.004
56270.59579 15.166 0.004
56270.5971 15.171 0.005
56270.59837 15.166 0.005
56270.59964 15.161 0.004
56270.60092 15.165 0.004
56270.60221 15.161 0.005
56270.60353 15.168 0.005
56270.60475 15.159 0.005
56270.60608 15.166 0.004
56270.60724 15.17 0.004
56270.60859 15.158 0.004
56270.60984 15.162 0.004
56270.61112 15.163 0.005
56270.61236 15.168 0.005
56270.61359 15.172 0.005
56270.61472 15.165 0.005
56270.61584 15.172 0.005
56270.61704 15.167 0.004
56270.61826 15.169 0.004
56270.61954 15.164 0.004
56270.62074 15.169 0.005
56270.62203 15.163 0.004
56270.62315 15.168 0.005
56270.62429 15.17 0.004
56270.62541 15.168 0.004
56270.62659 15.166 0.005
56270.62773 15.169 0.004
56270.62886 15.172 0.005
56270.63009 15.165 0.005
56270.63121 15.16 0.005
56270.63251 15.162 0.004
56270.63363 15.161 0.005
56270.63475 15.165 0.004
56270.64572 15.161 0.005
56270.64704 15.169 0.005
56270.64817 15.173 0.005
56270.64942 15.168 0.004
56270.65074 15.159 0.004
56270.65214 15.166 0.004
56270.65327 15.164 0.005
56270.65442 15.165 0.005
56270.65554 15.178 0.005
56270.65688 15.175 0.004
56270.65824 15.172 0.004
56270.65951 15.166 0.004
56270.66084 15.164 0.004
56270.66209 15.168 0.005
56270.66342 15.165 0.005
56270.66468 15.171 0.004
56270.67883 15.154 0.005
56270.67999 15.164 0.005
56270.68114 15.166 0.004
56270.68234 15.165 0.005
56270.68373 15.168 0.004
56270.68499 15.162 0.005
56270.68644 15.167 0.005
56270.68776 15.161 0.005
56270.68903 15.163 0.005
56270.69106 15.158 0.005
56270.69224 15.163 0.004
56270.69357 15.167 0.005
56270.69472 15.171 0.005
56270.69608 15.169 0.005
56270.69738 15.169 0.005
56270.69851 15.162 0.004
56270.69982 15.156 0.005
56270.70113 15.171 0.004
56270.70226 15.158 0.005
56270.70341 15.166 0.005
56270.70474 15.167 0.005
56270.70605 15.165 0.004
56270.70718 15.168 0.005
56270.70851 15.17 0.004
56270.70964 15.164 0.005
56270.71094 15.173 0.005
56270.71226 15.165 0.005
56270.71339 15.166 0.005
56270.71473 15.17 0.005
56270.716 15.174 0.005
56270.71714 15.172 0.005
56270.71844 15.165 0.005
56270.71959 15.176 0.004
56270.7209 15.176 0.004
56270.72293 15.164 0.004
56270.72431 15.171 0.004
56270.72545 15.165 0.004
56270.72657 15.167 0.005
56270.72785 15.174 0.005
56270.72918 15.172 0.005
56270.73035 15.162 0.004
56270.73153 15.162 0.004
56270.73284 15.176 0.005
56270.73498 15.168 0.004
56270.73614 15.168 0.005
56270.73745 15.161 0.005
56270.73879 15.168 0.004
56270.73993 15.171 0.005
56270.74118 15.167 0.005
56270.74232 15.165 0.005
56270.74361 15.164 0.005
56270.7449 15.165 0.005
56270.74601 15.167 0.005
56270.74736 15.167 0.005
56270.74853 15.172 0.005
56270.74987 15.17 0.005
56270.75112 15.167 0.004
56270.75232 15.174 0.004
56270.75363 15.167 0.004
56270.75493 15.166 0.005
56270.75698 15.173 0.004
56270.75817 15.16 0.004
56270.75939 15.167 0.004
56270.76069 15.167 0.004
56270.76199 15.168 0.005
56270.77214 15.155 0.005
56270.77456 15.162 0.004
56270.77766 15.166 0.005
56270.77878 15.164 0.004
56270.78003 15.168 0.005
56270.78139 15.161 0.005
56270.78265 15.173 0.005
56270.78391 15.167 0.004
56270.78517 15.162 0.005
56270.78652 15.168 0.005
56270.78767 15.163 0.004
56270.78901 15.171 0.004
56270.79012 15.171 0.005
56270.79142 15.162 0.005
56270.79272 15.175 0.005
56270.79383 15.175 0.004
56270.795 15.165 0.005
56270.79611 15.16 0.005
56270.79742 15.169 0.004
56270.79854 15.166 0.005
56270.79982 15.169 0.005
56270.80103 15.17 0.005
56270.8024 15.167 0.005
56270.80501 15.163 0.005
56270.80707 15.161 0.005
56270.80828 15.162 0.004
56270.80955 15.16 0.005
56271.71227 15.157 0.004
56271.74453 15.167 0.004
56272.64487 15.165 0.004
56272.70812 15.165 0.005
56273.60985 15.17 0.004
56273.63937 15.17 0.005
56281.58729 15.156 0.005
56282.58087 15.16 0.005
56282.61029 15.164 0.004
56282.62811 15.166 0.004
56297.58891 15.159 0.004
56297.59013 15.156 0.004
56297.59364 15.161 0.005
56297.59716 15.158 0.004
56297.59898 15.161 0.004
56297.60158 15.153 0.004
56297.60278 15.161 0.004
56297.60524 15.165 0.004
56297.61727 15.153 0.004
56297.61958 15.163 0.005
56297.62191 15.157 0.004
56297.62468 15.164 0.004
56297.6259 15.165 0.004
56297.62811 15.154 0.004
56297.63044 15.153 0.004
56297.6324 15.161 0.004
56297.63363 15.168 0.004
56297.6359 15.16 0.004
56297.63715 15.156 0.004
56297.63938 15.159 0.004
56297.64155 15.157 0.004
56297.64274 15.158 0.004
56297.64387 15.162 0.004
56297.64605 15.167 0.004
56297.64735 15.156 0.004
56297.64957 15.167 0.004
56297.65078 15.16 0.004
56297.65427 15.168 0.004
56297.65804 15.158 0.004
56297.65982 15.157 0.004
56297.66115 15.168 0.004
56297.66477 15.154 0.004
56297.66707 15.156 0.004
56297.67309 15.158 0.004
56297.67541 15.163 0.005
56297.67669 15.161 0.004
56297.67948 15.157 0.004
56297.68069 15.158 0.004
56297.68184 15.157 0.004
56297.68318 15.148 0.004
56297.68535 15.155 0.004
56297.6878 15.163 0.004
56297.69164 15.161 0.004
56297.69629 15.164 0.004
56297.6976 15.156 0.004
56297.70107 15.153 0.004
56297.70737 15.156 0.004
56297.71078 15.155 0.004
56297.71395 15.166 0.004
56297.71662 15.163 0.004
56297.71784 15.156 0.005
56297.72043 15.163 0.004
56297.72321 15.167 0.004
56297.72442 15.158 0.004
56297.72578 15.162 0.004
56297.72766 15.163 0.005
56297.72888 15.164 0.005
56297.7431 15.158 0.004
56297.74676 15.157 0.004
56297.7499 15.157 0.004
56297.75116 15.155 0.004
56297.75486 15.156 0.004
56297.75703 15.159 0.005
56297.75823 15.168 0.004
56297.76041 15.161 0.004
56297.7616 15.154 0.005
56297.76381 15.159 0.004
56297.76499 15.166 0.004
56297.76828 15.161 0.004
56297.77063 15.161 0.004
56297.77178 15.162 0.004
56297.77376 15.163 0.005
56297.79192 15.16 0.005
56297.79312 15.155 0.005
56297.79639 15.158 0.005
56297.79831 15.162 0.005
56297.79947 15.168 0.005
56297.80071 15.173 0.005
56297.80185 15.168 0.005
56297.80558 15.166 0.005
56297.80858 15.169 0.005
56305.59411 15.161 0.005
56305.62271 15.156 0.004
56307.63146 15.167 0.005
56310.6046 15.163 0.005
56310.63499 15.163 0.005
56311.59818 15.169 0.005
56311.62773 15.165 0.005
56313.60474 15.165 0.005
56313.63589 15.167 0.005
56314.61494 15.17 0.005
56323.59939 15.163 0.004
56323.60056 15.17 0.004
56323.60169 15.169 0.004
56323.60281 15.164 0.004
56323.60393 15.16 0.004
56323.60505 15.166 0.004
56323.60618 15.165 0.004
56323.60731 15.17 0.004
56323.60843 15.161 0.004
56323.60956 15.162 0.004
56323.61068 15.164 0.004
56323.6118 15.171 0.004
56323.61294 15.163 0.004
56323.61406 15.169 0.004
56323.61518 15.17 0.004
56323.61632 15.164 0.004
56323.61744 15.16 0.004
56323.61856 15.168 0.004
56323.61968 15.161 0.004
56323.62082 15.158 0.004
56323.62194 15.164 0.004
56323.62306 15.162 0.004
56323.6242 15.164 0.004
56323.62532 15.157 0.004
56323.62644 15.161 0.004
56323.62757 15.161 0.004
56323.62869 15.165 0.004
56323.62982 15.163 0.004
56323.63095 15.16 0.004
56323.63207 15.155 0.004
56323.63319 15.169 0.004
56323.63433 15.157 0.004
56323.63546 15.167 0.004
56323.63658 15.161 0.004
56323.6377 15.168 0.004
56323.63884 15.16 0.004
56323.63996 15.164 0.004
56323.6411 15.167 0.004
56323.64222 15.168 0.004
56323.64335 15.161 0.004
56323.64448 15.159 0.005
56323.6456 15.172 0.004
56323.64673 15.166 0.004
56323.64787 15.167 0.004
56323.64899 15.163 0.004
56323.65011 15.165 0.004
56323.65125 15.163 0.004
56323.65237 15.17 0.004
56323.65349 15.162 0.004
56323.65463 15.164 0.004
56323.65575 15.164 0.004
56323.65688 15.158 0.004
56323.65801 15.155 0.005
56323.65914 15.17 0.004
56323.66026 15.167 0.004
56323.6614 15.17 0.005
56323.66252 15.164 0.004
56323.66364 15.164 0.005
56323.66478 15.166 0.005
56323.66591 15.156 0.004
56323.66703 15.168 0.005
56323.66817 15.167 0.005
56323.66929 15.163 0.005
56323.67042 15.159 0.005
56323.67156 15.156 0.005
56323.67268 15.16 0.005
56323.67382 15.157 0.004
56323.67494 15.164 0.005
56323.67611 15.167 0.005
56323.67723 15.159 0.005
56323.67835 15.172 0.005
56323.67949 15.174 0.004
56323.68062 15.167 0.005
56323.68174 15.166 0.005
56323.68288 15.165 0.005
56323.684 15.154 0.005
56323.68514 15.164 0.005
56323.68626 15.164 0.005
56323.68739 15.168 0.005
56323.68853 15.162 0.004
56323.68965 15.169 0.005
56323.69078 15.166 0.005
56323.69192 15.168 0.005
56323.69304 15.166 0.005
56323.6953 15.157 0.005
56323.69867 15.16 0.005
56323.70205 15.163 0.005
56324.63437 15.173 0.005
56324.67353 15.152 0.004
56328.60107 15.165 0.004
56328.63038 15.168 0.005
56330.60565 15.163 0.005
56330.6344 15.163 0.004
56336.60556 15.163 0.005
56336.63469 15.16 0.005
56337.61677 15.168 0.005
56337.64599 15.165 0.005
56341.6343 15.152 0.005
56433.97519 15.157 0.005
56434.97304 15.165 0.005
56446.94039 15.169 0.005
56446.97459 15.168 0.005
56447.93825 15.162 0.005
56447.97244 15.165 0.005
56448.9355 15.161 0.005
56448.97042 15.167 0.005
56449.93219 15.163 0.005
56449.96742 15.152 0.004
56450.93055 15.162 0.005
56450.96469 15.16 0.005
56452.92487 15.166 0.005
56452.95905 15.172 0.004
56454.9531 15.171 0.004
56455.95123 15.17 0.005
56456.9136 15.159 0.004
56456.94859 15.163 0.004
56457.91086 15.161 0.005
56457.9457 15.156 0.005
56458.90893 15.166 0.005
56458.94334 15.166 0.005
56459.90596 15.157 0.005
56459.94092 15.151 0.005
56460.9034 15.168 0.005
56460.93791 15.157 0.004
56461.90107 15.154 0.004
56461.93812 15.163 0.004
56462.89824 15.163 0.005
56462.93439 15.163 0.005
56463.89576 15.157 0.005
56463.93218 15.16 0.004
56469.87982 15.163 0.005
56469.91687 15.158 0.005
56486.83407 15.154 0.004
56486.87109 15.157 0.004
56488.8301 15.16 0.005
56488.86651 15.159 0.005
56489.82702 15.157 0.005
56489.8637 15.162 0.004
56504.86997 15.157 0.005
56504.90816 15.161 0.005
56505.81774 15.155 0.005
56505.95096 15.155 0.005
56505.98847 15.155 0.005
56507.80204 15.163 0.005
56507.84718 15.168 0.005
56507.99897 15.175 0.005
56508.90174 15.158 0.004
56509.7964 15.163 0.005
56509.83883 15.166 0.004
56510.82626 15.152 0.005
56511.79117 15.168 0.005
56511.84096 15.163 0.005
56512.78794 15.148 0.005
56512.82525 15.159 0.005
56513.78631 15.151 0.005
56513.82359 15.157 0.005
56514.82088 15.156 0.005
56515.78112 15.169 0.005
56515.82238 15.158 0.005
56517.77612 15.153 0.005
56517.81722 15.164 0.005
56517.97315 15.166 0.005
56518.87484 15.167 0.004
56518.96693 15.169 0.005
56519.00318 15.159 0.005
56519.9045 15.164 0.004
56519.96511 15.159 0.005
56520.00178 15.166 0.004
56520.90334 15.169 0.004
56520.95527 15.164 0.005
56520.99269 15.163 0.005
56521.89452 15.156 0.005
56521.95779 15.15 0.005
56532.71228 15.162 0.005
56532.85935 15.151 0.005
56532.89652 15.16 0.004
56533.79902 15.153 0.005
56533.97235 15.161 0.004
56537.84531 15.162 0.004
56537.98746 15.157 0.004
56539.69392 15.155 0.005
56539.88453 15.154 0.004
56539.92155 15.157 0.004
56542.96703 15.149 0.005
56544.00793 15.17 0.005
56546.67447 15.165 0.005
56546.94643 15.154 0.004
56548.00575 15.16 0.004
56548.66964 15.154 0.005
56548.70586 15.159 0.005
56548.74177 15.157 0.005
56549.66596 15.159 0.005
56549.70278 15.161 0.005
56549.73971 15.153 0.005
56550.69945 15.173 0.005
56550.7322 15.159 0.005
56551.75866 15.155 0.005
56552.74639 15.153 0.005
56561.66064 15.162 0.005
56562.93461 15.152 0.004
56563.02171 15.147 0.005
56563.65242 15.155 0.004
56563.68932 15.15 0.004
56563.77497 15.154 0.004
56564.72605 15.155 0.005
56564.99303 15.152 0.004
56565.02673 15.166 0.004
56565.92834 15.159 0.004
56565.98153 15.161 0.004
56566.01546 15.162 0.004
56566.91726 15.157 0.004
56566.96289 15.156 0.004
56566.99593 15.153 0.004
56567.89861 15.158 0.004
56567.96704 15.16 0.004
56568.00041 15.161 0.004
56568.90247 15.171 0.005
56568.96344 15.159 0.005
56569.90085 15.153 0.005
56569.99804 15.16 0.005
56571.62527 15.163 0.005
56573.61429 15.151 0.005
56573.64765 15.155 0.004
56573.77817 15.157 0.004
56576.83948 15.151 0.004
56577.00541 15.161 0.005
56577.60601 15.162 0.005
56577.63144 15.154 0.005
56577.77306 15.161 0.004
56578.67216 15.164 0.005
56578.69674 15.153 0.004
56578.75346 15.156 0.004
56579.73583 15.149 0.005
56579.85962 15.147 0.005
56579.88515 15.152 0.005
56580.78749 15.148 0.005
56580.85529 15.157 0.005
56580.88021 15.163 0.005
56587.62862 15.161 0.004
56587.7899 15.163 0.004
56589.79478 15.158 0.004
56589.81956 15.162 0.005
56589.84638 15.156 0.005
56590.76384 15.155 0.004
56590.87487 15.149 0.005
56590.89966 15.161 0.005
56592.81969 15.161 0.005
56592.91345 15.165 0.005
56592.93848 15.156 0.005
56596.59726 15.158 0.005
56597.74421 15.155 0.005
56597.82388 15.158 0.005
56598.75159 15.155 0.005
56598.82175 15.171 0.005
56598.84851 15.163 0.004
56599.7501 15.164 0.004
56599.79572 15.162 0.004
56599.82107 15.154 0.004
56600.77436 15.164 0.004
56600.87525 15.17 0.004
56603.68222 15.16 0.005
56603.81576 15.174 0.005
56604.73685 15.167 0.005
56604.9261 15.166 0.004
56605.64727 15.156 0.005
56605.67207 15.169 0.004
56607.8492 15.168 0.005
56608.7508 15.156 0.005
56608.81391 15.157 0.005
56609.86163 15.156 0.005
56609.8884 15.157 0.005
56621.79759 15.165 0.005
56622.5858 15.159 0.005
56624.5799 15.167 0.005
56624.60421 15.168 0.004
56625.70486 15.154 0.005
56625.74378 15.158 0.005
56626.6457 15.16 0.004
56628.73136 15.167 0.005
56628.76204 15.166 0.005
56639.57994 15.163 0.005
56639.6043 15.169 0.005
56648.58269 15.166 0.005
56658.58513 15.167 0.005
56658.62907 15.173 0.005
56659.58598 15.163 0.005
56659.61079 15.159 0.004
56660.61023 15.173 0.005
56663.59137 15.16 0.005
56663.61704 15.157 0.005
56668.61172 15.172 0.005
56675.59686 15.162 0.005
56675.64585 15.169 0.005
56676.59177 15.164 0.004
56676.61776 15.164 0.005
56678.61454 15.159 0.005
56678.64015 15.161 0.004
56680.6072 15.165 0.005
56687.59883 15.169 0.005
56687.6414 15.168 0.005
56690.60283 15.163 0.005
56697.60504 15.162 0.005
56816.9641 15.153 0.005
56816.9753 15.154 0.005
56817.96426 15.163 0.004
56817.97653 15.156 0.005
56818.96226 15.161 0.004
56818.97511 15.162 0.005
56822.96143 15.158 0.005
56823.96093 15.157 0.005
56824.96428 15.151 0.005
56824.97572 15.163 0.005
56825.96454 15.163 0.005
56826.97472 15.165 0.005
56827.96384 15.169 0.005
56828.9654 15.17 0.005
56828.97804 15.165 0.005
56829.96383 15.159 0.005
56829.97653 15.153 0.005
56830.96102 15.156 0.005
56830.97339 15.149 0.005
56831.96162 15.154 0.004
56831.97428 15.158 0.004
56832.9648 15.158 0.004
56832.97563 15.159 0.005
56833.96569 15.157 0.004
56833.97646 15.155 0.005
56834.96485 15.165 0.004
56834.97761 15.165 0.005
56835.9657 15.154 0.004
56835.97724 15.151 0.005
56836.96626 15.154 0.005
56836.97712 15.161 0.005
56837.9664 15.162 0.005
56838.9639 15.157 0.004
56838.97862 15.153 0.005
56839.96512 15.161 0.005
56839.97835 15.147 0.005
56840.96953 15.158 0.004
56840.98138 15.162 0.005
56841.96859 15.156 0.005
56841.98077 15.155 0.005
56846.96668 15.164 0.004
56846.98118 15.157 0.004
56847.96651 15.153 0.005
56847.98154 15.163 0.004
56848.96746 15.167 0.005
56854.96168 15.154 0.005
56854.98775 15.16 0.005
56855.98397 15.158 0.005
56859.96519 15.162 0.004
56859.98701 15.163 0.005
56861.96237 15.157 0.005
56861.98513 15.161 0.005
56862.96595 15.158 0.005
56862.98232 15.152 0.005
56863.94986 15.164 0.005
56868.96541 15.161 0.005
56868.98573 15.161 0.005
56874.97434 15.156 0.005
56874.99627 15.143 0.005
56875.98157 15.148 0.005
56875.99758 15.163 0.004
56877.97457 15.147 0.004
56877.99576 15.162 0.005
56878.00748 15.16 0.005
56878.90867 15.163 0.005
56878.93853 15.156 0.005
56879.92845 15.162 0.005
56879.95823 15.168 0.005
56883.98165 15.151 0.005
56884.99963 15.157 0.005
56885.96455 15.162 0.005
56885.98166 15.165 0.005
56888.86526 15.155 0.005
56888.89912 15.153 0.005
56888.94202 15.155 0.005
56972.71457 15.156 0.004
56972.73743 15.163 0.005
56980.71759 15.156 0.005
56980.83409 15.163 0.005
56981.7153 15.154 0.005
56981.77811 15.164 0.005
56986.72536 15.159 0.005
56986.79087 15.159 0.005
56987.7694 15.154 0.005
56988.66313 15.169 0.005
56989.60278 15.159 0.005
56989.6682 15.155 0.005
56990.59839 15.171 0.004
56990.66224 15.159 0.005
57067.62544 15.155 0.005
57192.94672 15.165 0.005
57216.97997 15.157 0.005
57218.92716 15.157 0.005
57218.97703 15.161 0.005
57220.92308 15.145 0.005
57220.98133 15.162 0.005
57227.93421 15.154 0.005
57227.9704 15.158 0.005
57231.91885 15.158 0.005
57231.96907 15.159 0.004
57232.88295 15.166 0.005
57232.94895 15.156 0.005
57238.91274 15.162 0.005
57238.96569 15.153 0.005
57239.93802 15.164 0.004
57239.98319 15.167 0.005
57240.95322 15.153 0.005
57242.93939 15.17 0.005
57242.98528 15.165 0.005
57244.91137 15.156 0.005
57244.96617 15.157 0.005
57245.87597 15.168 0.005
57245.91382 15.163 0.005
57247.92581 15.152 0.005
57247.9562 15.143 0.005
57248.84399 15.159 0.005
57248.87826 15.165 0.005
57249.88442 15.156 0.004
57249.91637 15.152 0.005
57250.88243 15.152 0.005
57250.9212 15.146 0.005
57251.86936 15.169 0.005
57251.91425 15.166 0.005
57554.97043 15.154 0.005
57555.93989 15.169 0.005
57555.96362 15.172 0.005
57582.96616 15.16 0.005
57583.93615 15.172 0.005
57584.92875 15.156 0.005
57584.97407 15.166 0.005
57596.95389 15.16 0.005
57596.98791 15.153 0.005
57604.99541 15.16 0.005
57605.93931 15.158 0.005
57605.977 15.161 0.005
57606.94738 15.163 0.005
57606.99107 15.156 0.004
57607.92665 15.164 0.005
57607.97812 15.164 0.005
57608.92521 15.158 0.005
57608.96591 15.16 0.005
57610.92701 15.158 0.005
57611.93258 15.162 0.005
57612.88943 15.154 0.005
57612.93154 15.16 0.005
57613.84051 15.17 0.005
57613.87199 15.161 0.005
57613.90359 15.155 0.004
57614.96442 15.161 0.004
57614.99503 15.172 0.005
57615.90768 15.158 0.005
57615.95643 15.163 0.004
57625.9446 15.164 0.005
