#mjd mag magerr
55061.92501 20.22981 0.08194
55061.95573 20.07376 0.07398
55063.91987 20.19308 0.07177
55063.9639 20.09949 0.07363
55064.92128 20.18786 0.0814
55064.9656 20.17541 0.08609
55066.91014 20.09433 0.08053
55066.95474 20.132 0.08125
55067.96099 20.1052 0.11876
55069.90324 19.97957 0.07341
55069.94786 20.0839 0.0763
55084.86328 20.18338 0.10778
55087.85609 20.03558 0.07688
55087.90101 20.0855 0.07661
55088.96983 19.88026 0.09857
55089.01521 20.17314 0.08659
55089.94574 19.84996 0.08082
55089.99042 20.10142 0.08051
55093.83741 20.03219 0.06662
55093.88196 20.04086 0.07471
55096.8292 20.03536 0.08168
55097.00858 20.05255 0.09505
55104.99862 19.97883 0.12224
55107.79764 20.39334 0.27084
55114.88125 20.35759 0.12134
55119.89538 20.11592 0.09354
55119.95365 20.33959 0.11548
55123.75696 20.07968 0.09857
55123.81523 19.99475 0.08268
55126.97957 20.45639 0.13276
55127.83329 20.06481 0.08505
55127.87706 20.10668 0.09357
55142.7036 19.95595 0.10604
55142.75219 20.10291 0.12255
55144.77886 20.18583 0.11367
55144.82305 20.24428 0.10416
55151.72943 20.24358 0.13056
55151.77257 20.23846 0.10436
55166.70473 20.44163 0.17085
55168.6775 20.50805 0.18537
55175.61224 20.01229 0.0734
55175.65684 20.06466 0.07342
55181.59421 20.37885 0.12774
55181.63825 19.81097 0.11262
55183.64253 19.98428 0.08582
55189.58054 20.40211 0.13238
55189.62557 19.85376 0.10476
55199.58559 20.16464 0.11157
55202.58667 19.90388 0.11648
55203.71441 20.03366 0.14434
55203.75743 20.13859 0.1054
55207.63092 20.09191 0.09414
55207.67514 20.0236 0.10269
55209.5968 20.3722 0.08902
55209.64149 19.96603 0.07541
55213.63312 20.21537 0.12005
55213.6798 20.1616 0.11574
55379.8591 20.13223 0.13345
55379.92482 20.23385 0.11116
55380.92078 20.16437 0.14435
55381.89606 20.11895 0.10886
55381.93934 20.26743 0.10707
55384.82671 19.95658 0.09536
55384.87028 19.99358 0.08438
55385.87021 20.01816 0.08287
55385.91339 19.95917 0.07388
55386.86524 20.14611 0.08835
55386.90867 20.03024 0.08187
55387.87002 20.01393 0.07547
55387.91342 19.99945 0.07325
55388.86609 20.19314 0.11665
55388.91005 20.09895 0.08118
55390.85393 20.31468 0.11277
55391.80613 20.35022 0.13176
55391.87538 20.17032 0.09418
55392.83258 20.22482 0.10496
55392.87538 20.04692 0.07336
55394.79908 19.89563 0.12857
55394.8431 19.86036 0.08739
55395.79551 20.32586 0.15285
55395.84215 20.04765 0.08509
55396.79527 20.00902 0.13947
55396.83932 19.93583 0.08028
55397.79163 20.25099 0.14197
55397.83526 19.87244 0.08477
55398.83124 20.26296 0.11585
55399.83261 20.25738 0.15067
55400.78534 20.2801 0.18656
55400.8289 19.91995 0.14314
55401.78133 20.27172 0.17527
55401.82518 20.16667 0.16594
55403.81973 20.15671 0.19675
55404.84266 19.77403 0.13777
55405.8416 20.36827 0.15696
55411.79896 19.86285 0.10459
55412.75232 20.41956 0.18378
55414.75161 20.05331 0.18924
55414.79555 20.13637 0.11848
55415.79727 20.04159 0.17417
55416.79342 20.113 0.16518
55417.75979 19.67078 0.16013
55417.84511 20.03044 0.13115
55418.79843 20.30367 0.20454
55418.84121 20.11659 0.15672
55419.79504 20.0031 0.15027
55421.73664 19.9268 0.1071
55421.79901 19.97637 0.07768
55422.75115 20.16524 0.10076
55422.79487 20.03757 0.08825
55423.74742 20.05034 0.08896
55423.79284 19.98448 0.0752
55424.75349 20.05126 0.11253
55424.80178 19.95716 0.07617
55425.76166 19.9008 0.10348
55425.80573 19.88513 0.0727
55426.80123 20.00134 0.13004
55426.8444 19.90581 0.07097
55427.79708 20.02565 0.09376
55427.8408 20.03544 0.08218
55428.79281 19.99715 0.09705
55428.83703 20.20237 0.09446
55429.8142 19.90639 0.09335
55429.85716 20.08684 0.09549
55430.75769 20.05962 0.18434
55430.80485 19.81894 0.09887
55431.75639 19.78433 0.11239
55431.80024 20.07902 0.12854
55433.7493 20.0171 0.18616
55436.88891 20.26976 0.14456
55436.8919 19.80987 0.11217
55436.89501 20.18876 0.19553
55436.9042 20.33336 0.15915
55436.90728 20.13379 0.14695
55436.91041 20.04954 0.13207
55436.91351 20.17966 0.17444
55436.91641 19.73624 0.14426
55436.91931 19.86205 0.12636
55436.92221 20.09432 0.13825
55436.92514 19.84922 0.15473
55436.92806 20.16004 0.13946
55436.93413 19.91035 0.16004
55436.93703 20.09769 0.13225
55436.93974 20.15167 0.13255
55436.94297 20.02232 0.16905
55436.94613 20.05187 0.11986
55436.94915 20.31548 0.15105
55436.95231 20.09832 0.12956
55436.95826 19.99274 0.12196
55436.96116 20.02018 0.13635
55436.96671 19.97133 0.13748
55438.88857 20.06279 0.12686
55438.89169 20.23163 0.15155
55438.89485 19.93538 0.13116
55438.89798 19.67586 0.14164
55438.90086 19.97822 0.10595
55438.90371 20.11072 0.11536
55438.90927 20.33119 0.11838
55438.91204 20.00748 0.12356
55438.91763 19.89409 0.10406
55438.92084 20.31281 0.14675
55438.92394 20.2619 0.14155
55438.93259 20.18229 0.13626
55438.93551 19.92543 0.14436
55438.94106 20.15532 0.13644
55438.94678 20.35562 0.15175
55438.95017 19.64785 0.13995
55438.95913 19.82748 0.13076
55438.96141 20.25987 0.14064
55440.87507 20.09507 0.09306
55440.87823 19.77529 0.07157
55440.88428 19.85446 0.07598
55440.88675 20.02835 0.08515
55440.8894 20.029 0.08276
55440.89205 19.94214 0.08665
55440.89518 20.00352 0.07797
55440.89832 20.14985 0.09115
55440.90145 20.01722 0.08394
55440.90439 20.08395 0.08615
55440.90729 19.80548 0.07168
55440.91025 20.12671 0.08558
55440.91316 19.8739 0.08466
55440.91591 20.0355 0.08477
55440.9187 19.89798 0.08215
55440.92149 20.08451 0.08544
55440.92426 19.89893 0.09995
55440.93095 20.09269 0.08895
55440.93364 20.14056 0.09585
55440.93623 19.90314 0.08485
55440.9395 20.31869 0.12014
55440.94264 19.98904 0.08196
55440.94582 20.14614 0.10456
55440.94883 19.96317 0.08955
55440.95182 20.02286 0.09555
55440.95489 19.93463 0.08356
55440.95791 19.94065 0.08736
55441.87301 19.85441 0.07488
55441.87592 19.93659 0.0717
55441.88645 20.00227 0.07779
55441.88962 19.92326 0.07209
55441.89254 19.90409 0.073
55441.89542 19.72404 0.0699
55441.89828 19.71102 0.0678
55441.90107 19.9288 0.08227
55441.9037 19.90352 0.08388
55441.90634 19.96955 0.07445
55441.90906 19.95959 0.06989
55441.9118 19.89719 0.06999
55441.91445 20.06063 0.07097
55441.91722 19.88171 0.07307
55441.91981 19.9123 0.07977
55441.92242 19.88137 0.07618
55441.92546 19.92971 0.06759
55441.9281 19.92671 0.0679
55441.93183 20.06211 0.08087
55441.93458 19.91708 0.07129
55441.93727 19.92276 0.06939
55441.94048 19.76818 0.06402
55441.94326 20.01711 0.0721
55441.94546 19.79301 0.0684
55441.94852 19.87766 0.06659
55441.95194 20.01317 0.0748
55441.95469 19.9226 0.0713
55441.95786 19.98523 0.07117
55441.96081 19.93121 0.07438
55441.96392 19.8014 0.0679
55441.96715 19.9521 0.06922
55441.97012 19.87183 0.06659
55441.97294 19.99854 0.07187
55441.97532 19.86538 0.06669
55441.97757 20.02727 0.07957
55441.9798 19.88365 0.0723
55441.9835 19.83829 0.06857
55441.9863 19.85579 0.07461
55441.98852 19.81361 0.0712
55441.99078 19.87352 0.07727
55441.99382 19.96638 0.078
55442.00593 19.87936 0.08828
55442.00906 20.08472 0.09186
55442.01216 20.14014 0.10068
55442.01486 20.16693 0.10177
55442.01753 20.00958 0.11209
55442.02001 19.78233 0.14427
55442.02226 20.20883 0.18197
55442.70382 19.97223 0.07898
55442.70734 20.10342 0.09717
55442.71097 20.07721 0.08447
55442.71448 19.91638 0.08006
55442.71808 20.19071 0.09135
55442.72168 20.11445 0.07416
55442.72527 19.91698 0.07528
55442.73272 19.93973 0.08866
55442.74184 19.98247 0.07129
55442.74882 19.93616 0.07269
55442.75572 19.86767 0.07166
55442.76147 20.04371 0.07338
55442.76615 19.89799 0.07239
55442.77616 19.98518 0.07147
55442.78135 19.92152 0.07006
55442.78615 19.89006 0.06815
55442.79145 19.95325 0.0653
55442.79615 19.96287 0.06958
55442.80186 19.85663 0.06647
55442.8093 19.87159 0.0625
55442.81443 19.97145 0.06648
55442.81939 19.9123 0.06657
55442.82447 20.06829 0.07197
55442.8293 19.77452 0.06358
55442.83541 19.91378 0.06677
55442.84012 19.99464 0.07017
55442.84597 19.99483 0.06369
55442.85112 19.93138 0.07357
55442.85657 20.05134 0.07507
55442.86387 19.84842 0.07258
55442.87002 20.0289 0.07307
55442.87503 20.04335 0.06941
55442.88048 19.85805 0.06607
55442.88617 19.93726 0.06408
55442.89221 20.0754 0.07199
55442.89785 19.91438 0.07169
55442.90297 20.05248 0.07105
55442.90871 19.79264 0.06769
55442.91368 19.89373 0.07507
55442.91875 19.95033 0.07007
55442.92384 19.98685 0.06448
55442.93037 19.88841 0.07079
55442.93642 19.93883 0.07348
55442.94588 19.83037 0.07788
55442.95166 19.89266 0.06713
55442.95754 20.08082 0.08117
55442.96246 19.92876 0.06978
55442.96833 19.93341 0.08107
55442.97317 19.84211 0.06987
55442.97782 19.93636 0.07227
55442.98206 19.90276 0.0624
55442.9872 19.93509 0.07067
55442.99348 20.06404 0.08985
55442.99858 20.11904 0.07949
55443.00329 19.78249 0.06799
55443.01002 19.89054 0.0725
55443.01702 19.82263 0.0804
55443.02387 20.02677 0.1509
55443.67742 20.15449 0.11467
55443.68488 20.06156 0.10118
55443.69287 19.96975 0.12027
55443.70415 20.26199 0.10337
55443.71028 19.8351 0.09367
55443.71632 20.04669 0.09015
55443.72231 19.95609 0.08576
55443.72832 20.04648 0.08967
55443.736 19.78444 0.09155
55443.74306 19.99039 0.07636
55443.74812 19.94031 0.08336
55443.75372 19.7597 0.07197
55443.75946 19.94425 0.07545
55443.76526 19.88458 0.08017
55443.77007 20.17409 0.09815
55443.78027 19.92761 0.07468
55443.78539 19.98591 0.07706
55443.79156 20.11984 0.08086
55443.79717 19.84506 0.06988
55443.80302 19.91978 0.06659
55443.80895 20.12499 0.08885
55443.81493 20.07892 0.07857
55443.8204 19.91905 0.07341
55443.82634 19.974 0.07016
55443.83239 19.88267 0.07296
55443.83783 19.89516 0.07048
55443.84415 19.90755 0.07347
55443.84958 19.96533 0.07596
55443.85553 20.07346 0.07697
55443.86252 20.03082 0.07876
55443.87576 19.76317 0.06366
55443.88141 19.86382 0.0689
55443.88892 19.96692 0.07097
55443.89412 20.10612 0.09989
55443.90077 20.16735 0.07995
55443.90658 19.88476 0.06799
55443.91235 20.10839 0.08055
55443.91779 19.84046 0.07655
55443.92403 20.10248 0.08946
55443.92967 20.32726 0.10505
55443.93496 19.98175 0.08146
55443.94073 20.17466 0.08765
55443.94779 19.9331 0.07676
55443.95355 19.87031 0.07886
55443.95925 19.92086 0.07346
55443.9693 19.99244 0.08285
55443.97555 19.97108 0.07666
55443.98144 19.85459 0.07156
55443.98725 19.99651 0.09856
55443.99456 19.76436 0.07437
55444.00093 19.96223 0.07646
55444.0061 19.98085 0.07657
55444.01187 19.95218 0.08606
55444.0175 19.83608 0.09217
55444.02231 19.91772 0.13706
55444.66648 20.08638 0.14108
55444.67221 20.07235 0.13889
55444.67727 19.86102 0.11979
55444.68199 20.06417 0.14029
55444.68857 20.0133 0.10426
55444.69526 20.15706 0.10979
55444.70198 20.07986 0.10588
55444.7091 20.25751 0.13836
55444.71487 19.97052 0.09686
55444.72103 20.00677 0.08765
55444.72796 19.85712 0.09549
55444.73377 20.07019 0.08217
55444.74094 19.85612 0.08109
55444.74655 20.08484 0.08449
55444.75167 19.72161 0.07796
55444.75678 19.95378 0.09956
55444.76225 19.8208 0.07407
55444.7673 19.80684 0.07288
55444.77353 20.00026 0.08097
55444.77876 19.93315 0.07109
55444.78368 19.91862 0.07849
55444.79848 20.0831 0.07977
55444.80403 20.04507 0.08266
55444.81599 19.96692 0.07228
55444.8213 20.14568 0.08395
55444.83332 19.82479 0.07068
55444.83854 19.80772 0.07127
55444.84549 19.96649 0.06747
55444.85161 19.91046 0.0774
55444.85679 19.81641 0.06899
55444.86267 19.81776 0.07121
55444.86777 19.90104 0.07732
55444.87321 19.91091 0.07299
55444.87872 19.94631 0.08028
55444.88467 19.99095 0.07408
55444.89016 20.02702 0.08499
55444.89581 19.94302 0.09009
55444.90153 20.09055 0.07678
55444.90845 19.97194 0.08178
55444.91349 19.79865 0.08386
55444.92279 19.89563 0.06778
55444.93139 19.93916 0.07616
55444.94041 19.88583 0.07866
55444.94568 19.88871 0.06769
55444.951 20.13011 0.08497
55444.95724 20.04341 0.08747
55444.96289 19.9899 0.08257
55444.96923 19.85715 0.066
55444.97411 19.90504 0.07059
55444.98062 19.84669 0.07099
55444.98915 19.81346 0.07552
55444.99553 19.75594 0.07141
55445.00157 19.99518 0.0795
55445.00779 19.87165 0.0689
55445.01282 19.72499 0.09408
55445.01777 20.06478 0.10087
55445.02227 20.30887 0.15367
55445.66261 20.21342 0.121
55445.66749 19.75705 0.11188
55445.67244 19.94665 0.09621
55445.67731 19.84727 0.10197
55445.68422 20.00733 0.09026
55445.6905 20.04071 0.09517
55445.69681 20.1171 0.09146
55445.70294 20.0023 0.08954
55445.70921 19.96078 0.08358
55445.71534 19.97731 0.09869
55445.72141 19.97757 0.13096
55445.72791 20.04928 0.09588
55445.73457 20.22295 0.09965
55445.74013 20.08712 0.07366
55445.7456 20.02817 0.08697
55445.75096 20.17409 0.08988
55445.75643 20.02581 0.08007
55445.76191 19.93835 0.07989
55445.76784 19.96193 0.08001
55445.7737 19.94906 0.07568
55445.779 20.00134 0.07446
55445.78479 19.83872 0.07098
55445.79025 19.97863 0.07146
55445.79613 19.91382 0.06977
55445.81095 19.96305 0.07378
55445.81845 19.93977 0.06538
55445.82455 19.98476 0.0678
55445.83024 19.92516 0.06678
55445.84021 19.86702 0.07119
55445.84549 20.08092 0.07297
55445.85174 20.02367 0.07118
55445.85762 19.8647 0.06339
55445.8636 19.95718 0.0659
55445.86963 19.92572 0.06587
55445.87567 19.89035 0.06499
55445.88207 19.72955 0.05891
55445.88844 19.87686 0.06549
55445.89432 20.04127 0.07016
55445.89983 19.87645 0.06218
55445.90668 20.09091 0.07119
55445.91299 19.83047 0.06121
55445.91722 19.99091 0.06938
55445.92351 19.92571 0.06659
55445.92915 20.13536 0.07738
55445.93496 19.90088 0.06558
55445.94048 19.93488 0.06596
55445.95216 19.86011 0.07508
55445.95886 19.93171 0.06946
55445.97191 19.83723 0.06698
55445.97872 20.02679 0.06897
55445.98437 19.88988 0.06897
55445.98972 20.00441 0.0697
55445.99581 20.08577 0.07038
55446.00245 19.98035 0.07375
55446.00827 19.78203 0.05769
55446.01324 19.94749 0.07128
55446.01787 19.9254 0.08417
55446.0233 20.09224 0.11086
55446.66046 20.29545 0.12728
55446.66501 19.90678 0.10209
55446.67089 20.11445 0.10667
55446.67601 19.79724 0.0904
55446.6814 19.7403 0.11077
55446.68915 19.92988 0.09397
55446.70044 19.8601 0.10596
55446.70781 19.76382 0.07879
55446.71375 20.12447 0.10186
55446.71998 19.86654 0.07999
55446.7269 20.03382 0.083
55446.73768 19.93479 0.08667
55446.74263 19.77063 0.0714
55446.74841 19.92514 0.07948
55446.75986 19.92258 0.0731
55446.76487 19.82069 0.08438
55446.77004 19.96972 0.06951
55446.77518 20.03657 0.0776
55446.78018 19.98818 0.07139
55446.78654 19.90009 0.06869
55446.79243 19.71498 0.06528
55446.79818 19.94068 0.06888
55446.80822 20.00721 0.07621
55446.81336 19.94512 0.07031
55446.81934 19.86631 0.07111
55446.82569 20.00663 0.06649
55446.83186 19.97957 0.07091
55446.83803 19.98612 0.0714
55446.84316 19.93171 0.06831
55446.84946 20.02221 0.07008
55446.85529 19.91681 0.08136
55446.86132 19.87165 0.08233
55446.86741 19.89195 0.09164
55446.87321 19.83131 0.0654
55446.87945 19.89903 0.06558
55446.88583 19.95257 0.06617
55446.89176 19.87762 0.06153
55446.89901 19.99652 0.07849
55446.90569 20.00161 0.07667
55446.91293 19.95969 0.0685
55446.91958 20.01703 0.07037
55446.92538 19.82477 0.06042
55446.93113 20.00281 0.07525
55446.93686 19.8738 0.06501
55446.94237 19.81638 0.06831
55446.94842 19.91572 0.06149
55446.95451 19.96891 0.06917
55446.96034 19.85021 0.06261
55446.96641 19.95048 0.06578
55446.97287 19.84009 0.0671
55446.97827 20.09728 0.07756
55446.98464 19.88632 0.06911
55446.99026 19.92036 0.06499
55446.99646 19.75527 0.06103
55447.00329 19.91012 0.07258
55447.02248 20.02603 0.13595
55448.00377 19.93089 0.07056
55448.65527 20.10363 0.126
55448.70146 20.12023 0.10168
55449.82958 19.90656 0.08904
55449.87259 19.92106 0.0721
55450.82585 19.8777 0.07589
55450.86998 19.93612 0.06884
55451.65338 20.08648 0.11251
55451.70095 20.01395 0.08981
55452.64792 20.19988 0.12687
55452.69243 19.87717 0.09515
55453.64519 20.02246 0.15873
55453.6895 19.7822 0.08657
55454.64058 20.2309 0.1256
55455.7154 20.16559 0.10786
55456.63346 19.92075 0.18237
55456.67702 20.05783 0.11795
55457.6732 19.89972 0.10725
55458.66069 20.08462 0.17054
55458.7057 19.87893 0.14606
55460.72453 20.07592 0.11036
55461.62523 20.09307 0.19717
55463.71104 20.18576 0.19196
55466.61784 20.18277 0.15046
55466.61959 19.80807 0.11047
55466.62134 20.163 0.11807
55466.6231 20.06707 0.12158
55466.62486 19.89631 0.09709
55466.62661 19.77408 0.10356
55466.62943 19.73603 0.10109
55466.63143 20.08122 0.13114
55466.63348 20.29653 0.12466
55466.67604 20.17498 0.14675
55467.62749 19.89828 0.11361
55468.7394 19.8053 0.08568
55468.78277 20.09665 0.10371
55469.73472 19.79976 0.10861
55470.77885 20.2247 0.26831
55470.82246 20.05699 0.09303
55471.77466 19.94388 0.07116
55471.82993 19.87391 0.12834
55472.62548 19.77807 0.08795
55472.66936 19.99722 0.08839
55473.62096 19.75679 0.12228
55477.66775 19.914 0.08093
55477.71276 19.73026 0.09758
55478.62384 19.79291 0.10545
55478.66775 19.74968 0.08636
55479.61565 19.916 0.11434
55479.65968 19.80519 0.07667
55480.61506 19.91392 0.0974
55480.65805 19.87194 0.08758
55481.61182 19.8317 0.09565
55481.69382 19.84155 0.06777
55482.61769 19.8778 0.12226
55482.66188 19.85313 0.07866
55482.67843 19.93613 0.07418
55483.61039 20.04424 0.10688
55483.66512 19.79823 0.07768
55484.66377 20.13039 0.10628
55484.70695 19.93001 0.0862
55485.61939 19.88512 0.09948
55485.66329 19.78647 0.11356
55486.61418 19.97082 0.16538
55497.89223 19.68972 0.14405
55498.71756 19.79627 0.07764
55498.79 19.90143 0.09944
55499.59404 19.71818 0.10555
55499.63881 20.0882 0.09204
55501.66259 20.11014 0.10349
55501.75706 19.95781 0.07669
55502.72145 19.91073 0.08067
55502.82148 19.69728 0.08038
55503.77762 19.90286 0.0947
55503.8732 19.93486 0.11585
55504.82418 19.95637 0.09057
55504.91868 20.05437 0.11117
55506.68972 19.63806 0.09323
55506.73387 19.87497 0.07451
55507.81368 20.15065 0.09286
55507.89267 19.85607 0.10067
55513.658 19.8666 0.08486
55513.7418 19.9072 0.08926
55514.69377 19.80693 0.09026
55514.73749 20.04242 0.09836
55515.69951 19.77312 0.09819
55515.74236 19.9737 0.09516
55516.67238 19.92539 0.12215
55516.71654 20.0505 0.11704
55517.61497 19.74878 0.09737
55518.61481 20.12743 0.12304
55518.6578 19.97724 0.13766
55527.74242 20.01267 0.13374
55530.70615 19.84797 0.11878
55531.77418 19.96048 0.13113
55531.81743 19.87765 0.18956
55532.78408 19.86111 0.07647
55532.82836 19.90814 0.09407
55535.68432 19.95417 0.08401
55537.58157 20.08278 0.14907
55537.62557 19.72227 0.09278
55538.57995 20.10148 0.09507
55538.62381 20.05988 0.08605
55539.58012 19.89242 0.08628
55539.62283 19.94806 0.0786
55540.61811 20.0098 0.08172
55540.66215 19.97744 0.08091
55541.61644 19.95382 0.10855
55541.65945 19.8461 0.10313
55544.59603 20.07337 0.12918
55544.64191 19.70961 0.11179
55545.59598 20.18134 0.15931
55545.63939 20.33742 0.14702
55558.75663 20.30744 0.10905
55561.73304 19.88371 0.11727
55561.77682 20.21067 0.15457
55567.59621 20.23471 0.10333
55575.6386 19.94791 0.20034
55579.61368 19.88233 0.10766
55579.65687 19.74276 0.12655
55580.66998 20.26652 0.20283
55580.71648 19.93125 0.18685
55583.61703 19.90241 0.09178
55583.66119 20.00578 0.14354
55584.63985 20.14291 0.11485
55584.68286 20.42046 0.12525
55586.61685 19.93332 0.07805
55586.66038 20.00574 0.09894
55723.91976 20.1196 0.10586
55723.9634 19.97671 0.08906
55733.86776 19.92589 0.12575
55733.91212 19.80952 0.10115
55750.83279 19.65034 0.08999
55750.87598 19.75529 0.08698
55753.86132 20.02331 0.12538
55756.93392 19.96412 0.12249
55759.84878 19.86267 0.12706
55759.89212 20.13339 0.13435
55762.79606 19.92228 0.12638
55762.8402 19.85283 0.11246
55766.7805 19.82963 0.11806
55766.83041 19.83008 0.09318
55768.77509 19.85325 0.11657
55768.82037 20.11376 0.11187
55769.80074 19.76369 0.08086
55769.84468 19.791 0.07228
55770.78189 19.66602 0.08165
55770.82573 19.6318 0.06954
55771.78074 19.62172 0.09117
55771.82449 19.68122 0.063
55774.75968 19.40644 0.11208
55774.80363 19.63721 0.07228
55775.7599 19.81158 0.11688
55775.80332 19.85656 0.1623
55779.7464 19.60319 0.11298
55779.79086 19.77983 0.07768
55780.74948 19.52771 0.09289
55780.79415 19.50705 0.09517
55782.7508 19.79514 0.11629
55782.7956 19.78483 0.10775
55783.80103 20.00574 0.15307
55789.78039 19.86631 0.13627
55790.73125 19.59076 0.15346
55790.77463 19.59219 0.14705
55791.73123 19.98192 0.20175
55791.77527 19.59488 0.13426
55793.74743 20.14643 0.12568
55793.79097 19.49539 0.09859
55794.75972 19.88364 0.08624
55794.81629 19.74146 0.09147
55809.66644 19.92104 0.13495
55809.7101 19.60835 0.09643
55811.66044 19.93708 0.14023
55811.7042 19.7686 0.13035
55812.65876 19.79567 0.13409
55812.70198 19.66817 0.10087
55813.66257 19.69486 0.1577
55813.70671 19.74254 0.13017
55820.63925 19.81465 0.15138
55821.63464 20.01581 0.1092
55822.63132 20.16724 0.16157
55822.67415 19.76883 0.08415
55823.62908 20.0393 0.12856
55823.67275 19.68286 0.08298
55824.62608 19.53494 0.12458
55824.6697 19.5623 0.08356
55838.61464 19.44613 0.0921
55838.65944 20.04689 0.12038
55843.61073 19.95655 0.17747
55843.65444 20.15689 0.14607
55844.65374 19.71547 0.17525
55849.60547 19.80369 0.09232
55849.65079 19.40058 0.12977
55850.60468 19.59924 0.08508
55850.64918 19.53735 0.09336
55851.60318 19.7858 0.09375
55851.64641 19.79853 0.08898
55852.60416 19.99826 0.11006
55852.6481 19.84186 0.07937
55853.60163 19.82547 0.12744
55853.6463 19.64863 0.06862
55854.60164 19.76718 0.0881
55854.64607 19.91918 0.0832
55866.5884 19.79604 0.10815
55866.64679 19.90318 0.09026
55867.58757 19.70471 0.14566
55867.63053 19.7114 0.11785
55868.5865 19.80575 0.12577
55868.63002 19.63867 0.09107
55880.87841 20.05808 0.13577
55880.92255 20.08743 0.15016
55882.86968 19.7768 0.10601
55882.87146 19.83885 0.09047
55882.91495 19.98932 0.10547
55883.86679 19.94886 0.10524
55883.91496 20.09348 0.19121
55887.63181 19.76132 0.08685
55887.68352 19.94897 0.09529
55888.8957 20.08905 0.1622
55889.80049 19.77649 0.07298
55889.84447 19.82062 0.08147
55891.57974 19.86365 0.10676
55891.6225 19.84705 0.08806
55893.58261 19.8528 0.10117
55893.62546 19.99782 0.09845
55894.58144 19.73265 0.09955
55896.58202 20.08665 0.11825
55898.82137 19.83263 0.14806
55898.86551 19.77855 0.14795
55903.62024 20.25793 0.18594
55904.58683 20.17719 0.15998
55906.58378 19.86382 0.11189
55906.64029 19.53965 0.13944
55916.59575 19.8304 0.08822
55916.64026 19.93392 0.08917
55922.6423 19.81436 0.08126
55923.59751 19.83453 0.11345
55923.64145 19.87126 0.09535
55924.60837 19.98622 0.08017
55925.59941 19.65768 0.1042
55925.67897 19.72675 0.0723
55926.58279 19.83385 0.09256
55926.62543 19.94304 0.09358
55930.62499 19.93137 0.15958
55931.58458 20.23787 0.14486
55931.62692 19.7271 0.1354
55932.62858 19.64303 0.11603
55936.60917 19.62236 0.10455
55936.65247 20.06129 0.16509
55937.58951 19.89075 0.11232
55939.64879 20.12902 0.11206
55939.6851 19.69327 0.09741
55940.59145 19.71663 0.14727
55940.64013 19.63976 0.14778
55943.69972 19.90176 0.08917
55943.74446 20.0002 0.11246
55944.64379 19.6495 0.10178
55944.67224 19.8523 0.09107
55946.63797 19.8208 0.17711
55947.59349 19.79703 0.10458
55947.63713 19.79941 0.13357
55949.64923 19.53787 0.11553
55952.60617 19.79085 0.0881
55952.64932 19.89305 0.09609
55953.59751 19.57458 0.09627
55953.64127 19.71765 0.08738
55958.61566 19.53578 0.13757
55958.67117 19.70341 0.1116
55960.60205 20.09539 0.20169
55962.61935 19.57127 0.12487
56060.97134 19.65248 0.13986
56065.96588 20.08206 0.1982
56067.96802 19.74504 0.10396
56070.97101 19.79732 0.1348
56075.93073 19.81802 0.15857
56075.96117 19.95676 0.11306
56076.96161 19.96059 0.10776
56078.92335 20.20468 0.14166
56079.94994 19.62616 0.09248
56084.95914 19.88979 0.17862
56085.9361 19.64548 0.14141
56086.9317 19.93935 0.14276
56087.95118 19.96007 0.12458
56088.93216 19.98197 0.12936
56088.96298 19.70122 0.0998
56089.90743 19.86189 0.13756
56089.9375 19.80588 0.14525
56091.93224 19.86497 0.13155
56091.96189 19.93801 0.10826
56092.88532 19.80677 0.14056
56092.91513 19.78468 0.11646
56092.94551 19.74281 0.10596
56093.88544 20.11007 0.16146
56093.91605 19.93461 0.14456
56093.95942 19.93271 0.10584
56094.8793 20.16999 0.14715
56094.90895 19.85386 0.11449
56094.93794 20.22839 0.11217
56095.89413 19.92693 0.13007
56095.92394 19.70475 0.13567
56095.95378 19.86604 0.11218
56096.8846 19.96325 0.12526
56096.91464 19.60675 0.10598
56096.94475 19.99635 0.09897
56097.90204 19.89969 0.10266
56099.86796 20.06096 0.11266
56099.8979 19.91777 0.08108
56099.92867 19.67322 0.08098
56100.9014 19.89244 0.15514
56101.86099 19.86759 0.12909
56101.89166 20.02595 0.11807
56101.92164 19.80024 0.10706
56102.85884 20.12264 0.11455
56102.88948 20.00034 0.10936
56102.91975 19.75956 0.0923
56103.89198 19.79999 0.10611
56103.92203 19.81199 0.09965
56104.86298 19.79096 0.14954
56104.89266 20.09314 0.10963
56104.92258 20.04198 0.10665
56105.87772 19.89345 0.10567
56105.90846 19.77257 0.10545
56105.93782 19.77097 0.11376
56106.84826 20.0083 0.14395
56106.87859 19.77452 0.11504
56106.90907 19.73582 0.07998
56107.84497 19.69827 0.1742
56107.87579 19.85513 0.10225
56107.90655 19.93575 0.08807
56108.86703 19.87943 0.18054
56108.89669 19.81373 0.14065
56108.92686 19.87981 0.09705
56109.93363 19.66276 0.09927
56110.89782 19.69482 0.14274
56110.92786 19.74178 0.11535
56111.94457 20.04087 0.17454
56113.93235 19.65755 0.14844
56113.96218 19.734 0.12685
56114.87108 19.78769 0.16526
56114.92357 19.90466 0.19247
56114.95378 19.82396 0.12766
56115.88797 19.9845 0.13207
56115.9179 19.84986 0.15155
56116.90131 20.02752 0.18525
56116.93261 19.73331 0.10739
56116.96078 19.80304 0.13605
56117.86349 20.03902 0.15267
56117.92405 19.96701 0.11349
56118.82762 19.81909 0.18144
56118.85812 19.82438 0.15468
56118.8884 19.83975 0.11072
56119.81535 19.82526 0.17039
56123.80269 20.28236 0.13426
56123.8333 20.04463 0.12964
56123.86323 19.84926 0.0818
56124.8239 19.97698 0.12727
56124.90647 19.98927 0.11366
56125.83541 19.9634 0.10465
56125.8655 19.65489 0.08996
56125.89611 20.04212 0.09104
56126.79674 20.03618 0.11838
56126.82683 19.86384 0.13902
56127.84219 19.99624 0.09189
56127.87262 19.85654 0.11565
56128.79045 20.13842 0.14805
56128.8202 19.8059 0.09128
56128.8509 20.21338 0.09536
56129.81763 19.98508 0.14004
56129.84839 19.8633 0.08669
56130.78415 20.11377 0.12531
56130.81619 20.22279 0.12299
56130.84603 20.08512 0.11032
56131.81956 19.88696 0.09967
56131.84966 19.76683 0.0869
56131.87991 19.8599 0.07463
56132.81342 19.62786 0.08647
56132.85526 19.61474 0.08395
56133.77702 19.79916 0.09958
56133.80732 19.93615 0.08987
56133.83817 19.92966 0.11545
56135.80558 19.7342 0.09927
56135.8357 19.86048 0.06716
56136.81139 19.93028 0.12625
56136.84105 19.965 0.10535
56137.77719 19.76723 0.13859
56137.84943 20.13099 0.13586
56143.81202 19.74321 0.13635
56144.79078 20.30427 0.14455
56144.82138 19.86112 0.11138
56146.77217 19.74582 0.15456
56146.83591 20.03476 0.11937
56147.75046 19.81246 0.13465
56147.81614 20.2704 0.14435
56148.73743 20.17165 0.11749
56148.76798 19.99977 0.13165
56148.79928 20.108 0.12257
56151.84315 19.88617 0.06712
56151.87618 19.8962 0.06939
56151.91621 19.86957 0.06243
56164.86055 19.77602 0.05519
56164.89061 19.9446 0.06362
56164.92052 19.84489 0.05996
56165.82275 19.81036 0.08076
56165.85221 19.85452 0.06557
56165.88255 19.88123 0.06359
56166.82415 20.05251 0.09834
56166.85436 19.97529 0.08565
56167.76082 20.16957 0.10776
56167.79008 20.17141 0.10766
56167.82893 19.98126 0.08736
56168.73084 20.17444 0.14917
56168.76135 19.96274 0.12049
56168.79094 19.93491 0.10909
56169.78208 19.73671 0.18626
56170.73648 19.7367 0.17177
56170.76821 19.60393 0.16805
56176.74473 19.70391 0.10874
56176.77537 19.84961 0.10666
56177.67775 19.65558 0.07519
56177.71467 19.92052 0.07888
56177.7448 19.87209 0.07459
56178.65701 20.12298 0.12907
56178.75548 19.78303 0.0694
56189.71737 19.97346 0.13154
56189.74707 19.90944 0.10095
56194.65274 19.98862 0.12046
56194.68156 19.5823 0.09846
56194.73072 19.93783 0.09945
56195.63238 20.31002 0.15767
56195.74387 20.03891 0.11905
56196.64868 20.09487 0.13327
56196.67925 20.11252 0.13415
56196.70945 19.87157 0.14448
56197.62224 20.00445 0.14708
56197.65122 19.8757 0.20135
56197.68048 19.90109 0.17514
56198.63271 20.10881 0.16501
56198.69225 19.84627 0.18525
56202.70169 19.91042 0.14485
56207.71676 19.99309 0.14649
56207.82773 19.53873 0.13539
56224.66207 19.77272 0.09564
56225.74851 19.64187 0.12894
56225.84088 20.21338 0.11815
56226.79663 20.08871 0.2027
56227.72154 19.71168 0.12281
56227.75148 19.95118 0.1649
56228.67316 20.07878 0.14487
56230.64599 20.18824 0.1571
56230.73676 19.86838 0.13733
56231.86041 20.26868 0.16983
56232.82116 19.77641 0.11628
56233.75399 20.02801 0.15243
56234.68453 20.22828 0.11254
56235.61461 19.86565 0.09967
56235.64419 19.91621 0.07737
56236.58514 20.08787 0.14805
56236.61561 20.2326 0.10634
56237.58477 19.74215 0.11615
56237.61509 19.9739 0.08267
56238.58334 19.91408 0.10126
56238.61531 19.96826 0.08167
56239.58294 19.83555 0.09788
56239.61141 19.84095 0.08127
56251.83071 19.98494 0.08857
56251.86073 19.8004 0.08428
56252.58576 20.00056 0.09752
56252.60631 19.92057 0.08139
56252.62487 19.80884 0.09855
56252.64555 19.99268 0.09592
56252.66096 20.13359 0.10493
56252.69879 19.9331 0.08139
56252.71706 19.78713 0.0994
56252.73499 19.82588 0.08444
56252.75258 19.81627 0.07464
56252.76856 20.15932 0.10862
56252.80517 20.14947 0.09662
56252.821 19.87022 0.10679
56252.83831 19.78171 0.10633
56252.85634 20.02223 0.08188
56253.58621 20.13844 0.10414
56253.60335 19.96483 0.09565
56253.62054 19.90161 0.09606
56253.63682 19.9234 0.08827
56253.6539 19.90325 0.09565
56253.6721 19.7048 0.11675
56253.70902 19.87031 0.11375
56253.7307 20.21165 0.12823
56253.75003 19.74518 0.11359
56253.76637 20.03266 0.13476
56253.78832 20.00835 0.10434
56253.82956 19.9027 0.10516
56253.85372 19.89631 0.10738
56254.74613 19.82003 0.13256
56254.77889 19.85336 0.14165
56255.7252 19.83514 0.13943
56256.62657 19.90463 0.12795
56256.6557 20.0605 0.12096
56257.58763 19.72988 0.14147
56257.64219 20.02065 0.11688
56258.58614 19.7684 0.18007
56258.61848 19.90102 0.11916
56259.59443 19.79705 0.13269
56265.629 20.00244 0.08808
56265.6592 20.17894 0.11048
56266.58222 19.98985 0.16984
56267.58751 20.19708 0.10122
56267.61751 19.8891 0.08544
56268.59364 19.73038 0.07072
56268.62314 20.03502 0.08567
56269.58319 19.91857 0.08288
56269.58435 19.9624 0.07386
56269.58546 19.89935 0.08266
56269.58657 20.02716 0.07846
56269.58771 19.93819 0.08457
56269.58893 20.03538 0.08545
56269.59006 19.95444 0.07937
56269.59133 19.87512 0.07495
56269.59245 19.95756 0.07436
56269.59364 20.12347 0.08166
56269.59478 19.89009 0.07346
56269.596 19.83192 0.07106
56269.59713 19.96194 0.07575
56269.59843 19.81664 0.06839
56269.59956 19.92356 0.07786
56269.60977 19.87786 0.08095
56269.61093 19.86777 0.0701
56269.6121 20.05092 0.07996
56269.61321 19.7926 0.07518
56269.61434 19.88637 0.08556
56269.61547 19.97776 0.07695
56269.61659 19.88007 0.07837
56269.61773 19.79436 0.07237
56269.61884 19.88125 0.06906
56269.61995 19.80925 0.07727
56269.62115 19.95376 0.07963
56269.6223 19.86421 0.06767
56269.62343 19.9269 0.07696
56269.62457 19.87098 0.06567
56269.62569 19.88112 0.07357
56269.62688 19.849 0.07367
56269.628 19.90586 0.06816
56269.6375 19.93341 0.07338
56269.63881 20.13699 0.07988
56269.64001 20.00294 0.07317
56269.64114 19.9536 0.07186
56269.64226 19.95224 0.06907
56269.64337 20.08103 0.07257
56269.6445 19.84978 0.0668
56269.64562 19.89235 0.07118
56269.64675 19.9593 0.07139
56269.64789 20.12398 0.07997
56269.64905 20.0327 0.07386
56269.65017 19.85459 0.07356
56269.65129 19.92953 0.06748
56269.65247 19.87528 0.07016
56269.65359 20.00733 0.07058
56269.65473 19.99905 0.07436
56269.65585 19.90853 0.07007
56269.65698 19.84743 0.06817
56269.65819 19.74127 0.06355
56269.65932 19.99263 0.06688
56269.66055 19.85567 0.06337
56269.66167 19.97435 0.07428
56269.66279 20.01522 0.07298
56269.66393 20.02334 0.07117
56269.66595 19.99843 0.0722
56269.66717 19.95299 0.06757
56269.66829 19.94125 0.07097
56269.66952 20.01968 0.06868
56269.67064 19.84033 0.06767
56269.67184 19.79161 0.06157
56269.673 19.92875 0.07127
56269.67412 19.87366 0.07136
56269.67533 19.87488 0.06997
56269.67646 19.96737 0.07166
56269.6776 19.86643 0.06566
56269.67883 19.78229 0.06618
56269.67997 19.93669 0.06776
56269.6812 19.9535 0.06867
56269.68232 19.87827 0.0644
56269.68343 19.90544 0.06988
56269.68473 19.99747 0.07379
56269.68592 20.1023 0.07678
56269.68705 19.86431 0.06605
56269.68816 19.89773 0.06809
56269.68929 19.80652 0.06267
56269.69041 19.78233 0.06298
56269.69157 19.84065 0.07105
56269.69269 19.87148 0.06256
56269.69383 19.95232 0.07357
56269.69496 19.87535 0.07015
56269.69608 19.90699 0.07045
56269.69898 19.85836 0.06782
56269.70011 19.88169 0.06356
56269.70126 19.88657 0.06957
56269.70241 20.00232 0.07258
56269.70357 19.83525 0.06485
56269.70468 19.93622 0.06878
56269.70581 19.98972 0.07456
56269.70705 19.76958 0.06097
56269.70816 19.77591 0.06777
56269.70937 19.91361 0.06516
56269.7105 20.01353 0.06887
56269.71167 19.73016 0.06198
56269.7128 19.91529 0.07315
56269.71403 19.98901 0.07606
56269.71516 19.9106 0.07275
56269.7163 19.82541 0.07096
56269.72641 19.86687 0.07138
56269.72763 19.84331 0.06437
56269.72875 19.88301 0.06468
56269.72987 19.81225 0.06817
56269.731 19.8028 0.06757
56269.73213 19.83079 0.07326
56269.73326 19.7623 0.07059
56269.73438 19.91353 0.07536
56269.73557 19.97968 0.07836
56269.73682 19.9608 0.07058
56269.73796 19.92722 0.06996
56269.73911 20.04216 0.07717
56269.74036 20.05314 0.07557
56269.74147 19.96851 0.0722
56269.74272 19.80838 0.06829
56269.74391 19.78415 0.07647
56269.74502 19.88235 0.07157
56269.7462 19.91148 0.0718
56269.74734 19.91636 0.08156
56269.74846 19.91358 0.06567
56269.74961 19.86181 0.06446
56269.75074 19.92614 0.07056
56269.75201 19.7975 0.06476
56269.75316 20.00742 0.07566
56269.75429 19.99212 0.07278
56269.75553 19.9696 0.07805
56269.75665 19.99792 0.07465
56269.75779 19.83891 0.07517
56269.75895 19.84265 0.07157
56269.76008 19.83161 0.07115
56269.76123 19.74882 0.07255
56269.76235 19.80468 0.07476
56269.76348 19.95043 0.07706
56269.76459 19.95158 0.08936
56269.76573 19.90652 0.08265
56269.78036 19.96868 0.07759
56269.78151 20.04756 0.08187
56269.78271 19.87978 0.08305
56269.78391 19.94214 0.09215
56269.78511 19.85277 0.07268
56269.78751 20.00531 0.07367
56269.78876 20.00059 0.08145
56269.78989 20.045 0.07896
56269.79108 20.01319 0.08937
56269.79227 19.94484 0.07738
56269.79356 20.06437 0.09124
56269.79478 19.97476 0.07906
56269.7959 20.02719 0.07866
56269.79701 19.89338 0.08895
56269.79816 19.97857 0.08995
56269.79928 19.9369 0.07656
56269.80041 19.93021 0.08115
56269.80156 19.98288 0.07765
56269.80276 19.86794 0.07667
56269.80404 20.11626 0.08116
56269.80517 19.94833 0.07536
56269.80638 19.85934 0.07834
56269.80752 19.73064 0.08618
56269.80866 19.88931 0.08138
56270.57931 20.0148 0.09214
56270.58058 20.0127 0.07949
56270.58188 19.80659 0.0709
56270.58305 20.04449 0.08647
56270.58429 20.02269 0.08276
56270.58556 19.74945 0.07647
56270.58671 19.88763 0.0742
56270.58798 19.76291 0.07088
56270.58926 19.91083 0.07417
56270.59051 19.81078 0.06769
56270.59176 19.82429 0.06952
56270.59301 19.9039 0.06951
56270.59588 19.73921 0.0652
56270.59719 19.90336 0.0703
56270.59846 19.91479 0.07082
56270.59973 19.83627 0.0731
56270.60101 19.88538 0.0638
56270.60229 19.97293 0.06888
56270.60361 19.86196 0.06611
56270.60484 19.86245 0.06628
56270.60617 20.01301 0.07108
56270.60733 20.00859 0.06608
56270.60868 19.90123 0.06644
56270.60993 19.89128 0.06579
56270.61121 19.8498 0.06331
56270.61244 19.87663 0.06292
56270.61368 19.80323 0.06418
56270.61481 19.93925 0.0661
56270.61593 19.92559 0.06911
56270.61713 19.96716 0.06941
56270.61835 19.87596 0.06631
56270.61963 19.90334 0.06929
56270.62082 19.88663 0.06628
56270.62212 20.09959 0.073
56270.62324 19.83553 0.06352
56270.62438 19.9126 0.06798
56270.6255 19.97593 0.06598
56270.62668 19.83826 0.06899
56270.62781 19.96864 0.07176
56270.62895 19.83401 0.0675
56270.63017 19.9349 0.06535
56270.6313 19.76998 0.0663
56270.63259 20.02473 0.07472
56270.63372 19.87382 0.07268
56270.63484 19.79097 0.06599
56270.64581 20.1061 0.07601
56270.64713 20.00843 0.0702
56270.64825 19.79144 0.0696
56270.6495 19.97662 0.06991
56270.65082 19.79418 0.0632
56270.65222 19.90062 0.0673
56270.65336 20.00971 0.07397
56270.6545 20.11497 0.06871
56270.65562 19.92447 0.06521
56270.65697 19.87123 0.06558
56270.65832 19.83898 0.06236
56270.65959 20.01471 0.0661
56270.66092 19.82787 0.06839
56270.66217 19.80964 0.06718
56270.66351 19.80385 0.06551
56270.66477 20.06636 0.07341
56270.67891 19.98977 0.07427
56270.68008 19.89328 0.07417
56270.68122 19.77458 0.0679
56270.68243 19.89405 0.07371
56270.68382 20.02022 0.07466
56270.68508 19.89467 0.06482
56270.68653 19.84214 0.0639
56270.68784 19.90455 0.06562
56270.68912 19.83099 0.06169
56270.69114 19.95634 0.0642
56270.69232 19.87066 0.06551
56270.69365 19.73027 0.06111
56270.6948 19.91893 0.0665
56270.69617 19.95478 0.07639
56270.69746 19.90562 0.06581
56270.6986 19.88652 0.06849
56270.6999 19.89176 0.06882
56270.70121 19.88616 0.0663
56270.70235 19.8151 0.0607
56270.70349 19.92798 0.06669
56270.70482 19.91793 0.06859
56270.70613 19.81925 0.06788
56270.70726 20.0605 0.07349
56270.7086 19.82733 0.0633
56270.70972 19.78966 0.0623
56270.71103 19.79621 0.0659
56270.71235 19.87181 0.06517
56270.71347 19.85946 0.061
56270.71481 20.05018 0.08296
56270.71608 19.88684 0.0689
56270.71722 19.73676 0.06511
56270.71853 19.89528 0.06949
56270.71967 19.81095 0.06936
56270.72098 19.88746 0.07058
56270.72302 19.85747 0.06865
56270.72439 19.83519 0.067
56270.72553 19.84914 0.06977
56270.72665 19.95505 0.06629
56270.72793 20.01153 0.06987
56270.72927 19.89825 0.07079
56270.73043 19.85899 0.06319
56270.73161 19.97658 0.07438
56270.73292 19.93727 0.07019
56270.73506 19.82262 0.06979
56270.73622 19.86951 0.07137
56270.73753 19.91784 0.07278
56270.73887 19.77818 0.06599
56270.74001 19.9878 0.0814
56270.74126 19.97759 0.0708
56270.7424 20.04317 0.0726
56270.74369 19.96447 0.0721
56270.74498 19.87945 0.0652
56270.74609 19.85505 0.0717
56270.74744 19.81832 0.06591
56270.7486 19.96785 0.0718
56270.74995 19.9451 0.07211
56270.75121 20.02735 0.07737
56270.75241 19.91799 0.07057
56270.75372 19.85464 0.07399
56270.75502 19.7672 0.06518
56270.75706 19.80063 0.06741
56270.75826 19.77461 0.08081
56270.75948 19.75913 0.07338
56270.76078 19.92673 0.0747
56270.76208 19.91529 0.07427
56270.77223 19.96636 0.08217
56270.77464 19.99138 0.08246
56270.77775 20.01357 0.0762
56270.77887 19.91595 0.08059
56270.78012 19.9686 0.06899
56270.78147 19.8775 0.07826
56270.78273 19.85067 0.07457
56270.784 19.92045 0.10937
56270.78526 19.85267 0.0912
56270.78661 19.89536 0.07801
56270.78776 20.01474 0.08368
56270.7891 20.07535 0.08935
56270.79021 19.76724 0.07879
56270.79151 19.92923 0.08078
56270.7928 20.0828 0.09058
56270.79391 19.9611 0.08569
56270.79508 19.92193 0.08289
56270.79619 19.93894 0.07919
56270.7975 19.8921 0.08067
56270.79862 19.97252 0.09556
56270.79991 19.96049 0.08608
56270.80111 19.91362 0.09867
56270.80249 19.7403 0.07018
56270.80509 20.0921 0.08729
56270.80715 19.88125 0.08209
56270.80837 20.16667 0.0922
56270.80963 19.9557 0.08117
56271.71236 19.88473 0.10179
56271.74462 20.1051 0.10356
56272.64495 20.07279 0.09405
56272.7082 19.88824 0.08518
56273.60993 19.89221 0.08074
56273.63946 19.76618 0.09155
56281.58737 20.1999 0.16635
56281.61668 20.09557 0.11989
56282.58095 20.02637 0.10406
56282.61036 19.85552 0.10935
56282.62819 19.7365 0.08647
56297.58897 19.90504 0.0898
56297.59019 20.0473 0.08757
56297.5937 19.83703 0.07326
56297.59722 19.92434 0.07427
56297.59904 19.94431 0.07567
56297.60164 20.14723 0.08417
56297.60284 19.93482 0.07946
56297.6053 19.98454 0.08986
56297.61734 19.97587 0.08348
56297.61965 19.82949 0.07855
56297.62198 19.88991 0.08087
56297.62474 19.97157 0.07986
56297.62597 19.99109 0.08115
56297.62818 19.82905 0.07265
56297.63051 19.74106 0.07316
56297.63246 20.11032 0.08595
56297.6337 20.03465 0.08326
56297.63597 19.93307 0.07847
56297.63722 19.96555 0.08539
56297.63944 20.04703 0.08397
56297.64162 20.00681 0.08629
56297.64281 19.84072 0.07658
56297.64393 20.05257 0.08885
56297.64612 20.10156 0.08196
56297.64742 19.87788 0.09747
56297.64964 19.89577 0.08985
56297.65084 19.88964 0.08935
56297.65434 20.01326 0.08635
56297.65811 20.00722 0.11585
56297.65988 19.8787 0.07667
56297.66121 19.97976 0.10996
56297.66483 20.00487 0.08955
56297.66714 19.98795 0.07745
56297.67315 20.15429 0.09076
56297.67547 19.80654 0.08047
56297.67675 20.01893 0.08667
56297.67954 20.08646 0.08927
56297.68076 19.93277 0.07996
56297.6819 20.12681 0.07887
56297.68325 20.05993 0.08085
56297.68541 19.90646 0.07805
56297.68786 19.88185 0.07428
56297.69171 20.00408 0.08296
56297.69635 20.01789 0.08146
56297.69767 19.95071 0.07928
56297.70113 20.0732 0.08407
56297.70743 19.85675 0.07996
56297.71084 19.87138 0.07636
56297.71401 20.05692 0.08777
56297.71668 19.96847 0.09296
56297.7179 20.08668 0.09705
56297.72049 20.24482 0.11924
56297.72327 20.0123 0.08897
56297.72448 19.95514 0.08458
56297.72584 19.91085 0.09846
56297.72772 19.74789 0.08246
56297.72894 19.91413 0.09106
56297.74317 19.83176 0.09876
56297.74683 19.75683 0.10307
56297.74996 19.84946 0.08234
56297.75123 20.11173 0.09286
56297.75493 19.75918 0.08836
56297.75709 19.93241 0.09327
56297.7583 19.87745 0.08906
56297.76047 19.83774 0.10216
56297.76167 19.89765 0.10054
56297.76388 19.80002 0.10664
56297.76506 19.82264 0.10734
56297.76834 20.19162 0.11465
56297.77069 19.97499 0.09597
56297.77185 20.031 0.11854
56297.77383 19.83023 0.10015
56297.79199 19.95741 0.11817
56297.79318 20.27779 0.13305
56297.79645 19.58178 0.10036
56297.79838 20.0538 0.15085
56297.79953 20.13706 0.13686
56297.80077 19.94258 0.11946
56297.80312 20.08155 0.15405
56297.80437 19.9659 0.14696
56297.80564 20.12154 0.12376
56297.80864 19.59353 0.12976
56298.58895 19.69342 0.11088
56298.59013 20.1948 0.11714
56298.59235 19.81075 0.13248
56298.59354 20.07765 0.14762
56298.59724 19.8956 0.14155
56298.59842 20.26342 0.12998
56298.60089 20.26854 0.15378
56298.60332 19.69606 0.14147
56298.60466 19.84473 0.12254
56298.60701 19.70775 0.13191
56298.60823 20.02794 0.19435
56298.61034 19.98446 0.12486
56298.61272 19.76618 0.11553
56298.61595 19.89994 0.08298
56298.61811 19.86794 0.09414
56298.62047 19.93151 0.10022
56298.62171 20.1881 0.11261
56298.62426 19.9701 0.0975
56298.62643 19.77382 0.09376
56298.62762 19.95573 0.12188
56298.63098 19.948 0.10794
56298.63219 19.98309 0.09765
56298.63473 19.96287 0.10471
56298.63687 20.27525 0.11223
56298.63807 19.873 0.10101
56298.63935 20.05963 0.10731
56298.64364 19.93855 0.08038
56298.64578 20.07385 0.08627
56298.64695 20.09512 0.11549
56298.6481 20.23263 0.09278
56298.65082 19.94268 0.09159
56298.65294 19.99635 0.08697
56298.65509 19.94134 0.07649
56298.65745 20.00891 0.11696
56298.65865 19.89247 0.08884
56298.66081 19.99528 0.07735
56298.66198 20.07359 0.08594
56298.66411 19.95478 0.0811
56298.66639 19.91374 0.0762
56298.6699 20.13585 0.08543
56298.68256 20.05049 0.09665
56298.68492 20.18464 0.11301
56298.68729 20.17407 0.18817
56301.59099 19.7615 0.0836
56302.62153 19.83759 0.09128
56305.59416 20.00105 0.07938
56305.62276 19.95501 0.08415
56307.60089 19.83918 0.13661
56307.63151 20.37897 0.12336
56308.60019 19.99909 0.10277
56308.63015 20.17935 0.16609
56310.60466 19.96854 0.14186
56310.63503 20.11066 0.11177
56311.59823 19.98235 0.11075
56311.62777 19.86204 0.12944
56313.60478 20.03161 0.12125
56313.63593 19.90981 0.11666
56314.61498 19.98924 0.11627
56322.60046 20.29016 0.12916
56322.63022 20.04813 0.12018
56323.59943 19.77786 0.09265
56323.60059 19.84189 0.08636
56323.60172 19.97 0.08467
56323.60284 19.98078 0.08615
56323.60396 19.91613 0.08505
56323.60508 20.01838 0.10415
56323.60621 19.92993 0.08486
56323.60734 19.95738 0.08875
56323.60846 20.09337 0.08864
56323.60959 19.9363 0.08847
56323.61071 20.07406 0.10505
56323.61183 20.07254 0.08666
56323.61297 19.95364 0.08785
56323.61409 20.10244 0.09504
56323.61521 19.98998 0.08097
56323.61635 20.15511 0.09615
56323.61747 20.04578 0.08487
56323.61859 20.09073 0.09135
56323.61971 20.03408 0.09225
56323.62085 19.78753 0.07587
56323.62197 20.19307 0.09995
56323.62309 19.94384 0.08724
56323.62423 20.02398 0.09434
56323.62535 20.03578 0.10894
56323.62647 20.24228 0.09795
56323.62759 19.93463 0.09545
56323.62872 19.98048 0.08585
56323.62985 19.82336 0.08287
56323.63097 19.90463 0.08686
56323.6321 19.98539 0.08624
56323.63322 20.30407 0.10434
56323.63435 20.17402 0.09625
56323.63549 20.1244 0.09565
56323.63661 20.10881 0.09154
56323.63773 19.9094 0.11944
56323.63887 19.76175 0.09925
56323.63999 20.19446 0.11694
56323.64112 20.11542 0.09815
56323.64225 20.0116 0.09735
56323.64338 19.91044 0.09545
56323.6445 20.19447 0.11534
56323.64563 20.10699 0.09535
56323.64676 20.1193 0.10505
56323.64789 19.88658 0.08974
56323.64902 20.09127 0.08845
56323.65127 20.09153 0.09215
56323.6524 19.87923 0.10384
56323.65352 20.14645 0.09674
56323.65465 20.13566 0.09604
56323.65577 20.18962 0.09805
56323.65691 20.12925 0.11104
56323.65803 19.76059 0.08785
56323.65917 20.13986 0.10415
56323.66142 20.10792 0.09955
56323.66255 20.35354 0.12395
56323.66367 20.38009 0.13084
56323.6648 20.1407 0.10305
56323.66594 20.33108 0.12595
56323.66706 19.93743 0.11746
56323.66932 20.19217 0.12817
56323.67045 20.02134 0.13694
56323.67158 20.22946 0.12125
56323.67271 20.39711 0.13303
56323.67384 20.11741 0.10664
56323.67496 19.99969 0.12466
56323.67613 20.33626 0.13215
56323.67725 19.95532 0.10477
56323.67838 20.08983 0.11214
56323.67951 20.13405 0.11964
56323.68065 19.97091 0.12095
56323.68177 19.96778 0.13564
56323.6829 19.98328 0.11585
56323.68402 20.11747 0.11614
56323.68516 20.04258 0.12365
56323.68628 20.02097 0.11585
56323.68742 20.08858 0.11117
56323.68855 20.14799 0.12364
56323.68967 20.06888 0.11384
56323.69081 20.08038 0.11494
56323.69194 20.14598 0.12675
56323.6942 20.13499 0.18845
56323.69532 19.88986 0.10247
56323.69644 20.14405 0.11884
56323.69758 20.32262 0.14666
56323.6987 20.22935 0.15017
56323.69982 20.25017 0.15786
56323.70094 20.08613 0.12941
56323.7032 20.32098 0.13956
56323.70434 20.08118 0.17706
56323.70546 20.11098 0.14365
56323.70659 19.86983 0.15864
56323.71114 20.07031 0.17696
56323.71226 20.0791 0.17566
56323.71565 20.18635 0.18949
56324.6344 20.26184 0.10175
56324.67356 19.82366 0.09315
56328.60109 20.00101 0.10604
56328.63041 20.09671 0.09586
56329.6158 20.1971 0.12979
56330.60568 20.07063 0.09908
56330.63442 19.88227 0.10154
56336.60557 20.18647 0.12075
56336.6347 20.15006 0.13975
56337.61678 19.94045 0.09926
56337.646 19.88983 0.10106
56340.62168 19.89841 0.10324
56340.65261 20.09974 0.15082
56341.63432 20.33064 0.12964
56342.61542 20.41525 0.14691
56342.64414 19.93149 0.1485
56433.97522 20.10398 0.21133
56442.95121 19.83343 0.16324
56443.94843 19.57852 0.11801
56444.94545 19.91553 0.14671
56446.9404 19.96491 0.11136
56447.93827 20.01734 0.12187
56447.97245 20.09843 0.13925
56448.93551 19.94249 0.10116
56448.97043 19.49802 0.09748
56449.9322 19.8779 0.08666
56449.96744 19.72431 0.07946
56450.93056 19.96285 0.08487
56451.92757 19.80214 0.11716
56451.96268 19.86812 0.09607
56452.92487 19.75089 0.10596
56452.95905 19.85622 0.08455
56453.9223 19.73862 0.11187
56453.95718 20.08146 0.14496
56454.91904 19.9582 0.10765
56454.9531 19.65693 0.08886
56455.91706 19.75366 0.08501
56455.95123 19.74413 0.07217
56456.91361 19.88468 0.11284
56456.94859 19.95611 0.08706
56457.91086 19.90979 0.09575
56457.9457 19.78736 0.08437
56458.90893 19.85015 0.08291
56458.94334 19.90098 0.07754
56459.90596 20.20444 0.09925
56459.94092 19.81287 0.07406
56460.9034 19.77225 0.08309
56460.93791 19.88327 0.07946
56461.90107 19.75503 0.08546
56461.93811 19.83264 0.07007
56462.89824 20.00847 0.12345
56462.93439 19.99597 0.13816
56463.93218 19.83193 0.08546
56469.87982 19.91147 0.14925
56469.91685 19.61538 0.10867
56471.87375 19.96749 0.15533
56471.91001 19.89085 0.1117
56473.90477 19.71311 0.14486
56475.9008 19.64633 0.11548
56476.86102 19.93727 0.12724
56476.89765 20.05102 0.18414
56477.85777 19.71429 0.18198
56485.83631 19.86418 0.08957
56486.83403 19.8759 0.08468
56486.87106 19.70641 0.07867
56488.83006 19.82392 0.09289
56488.86647 19.76235 0.07479
56489.82698 19.89583 0.0938
56489.86366 19.78975 0.08037
56491.8581 19.87259 0.15452
56498.802 19.87806 0.17749
56502.79167 20.0409 0.09706
56502.82864 19.8934 0.09417
56503.78903 19.92695 0.08466
56503.82769 19.9733 0.09382
56504.82017 19.75368 0.09925
56504.86992 19.95371 0.08592
56504.90811 19.76751 0.08638
56505.9509 19.78988 0.0711
56505.98842 19.80268 0.09579
56506.89349 19.72481 0.08223
56507.80198 19.85857 0.08867
56507.84712 19.80491 0.0734
56507.99891 19.77975 0.07701
56508.90167 19.85175 0.06364
56509.79634 19.75711 0.06889
56509.83877 19.79243 0.06581
56510.8262 19.69027 0.06246
56511.79111 19.97036 0.07394
56511.84089 19.66086 0.06701
56512.78788 19.66463 0.083
56512.82519 19.86614 0.0811
56513.78624 19.80002 0.07602
56513.82352 19.82297 0.0683
56514.7834 19.64536 0.08287
56514.82081 19.75677 0.06568
56515.78106 19.72165 0.08519
56515.82231 19.78437 0.0694
56516.77774 19.91884 0.07583
56516.81437 19.70977 0.05792
56517.77605 20.0016 0.09028
56517.81715 19.81659 0.06499
56517.97309 19.82661 0.06554
56518.87478 19.69126 0.0557
56518.96686 19.71935 0.06009
56519.00311 19.81779 0.06759
56519.90443 19.76717 0.05595
56519.96504 19.78339 0.05729
56520.00171 19.72617 0.05802
56520.90327 19.77539 0.05982
56520.95521 19.74119 0.05749
56520.99262 19.67812 0.05392
56521.89446 19.77598 0.06658
56521.95772 19.9134 0.06758
56521.99393 19.76509 0.06082
56528.81982 19.65003 0.12689
56528.87422 19.56449 0.11213
56529.90241 19.87427 0.11309
56529.93849 19.78105 0.09722
56529.97462 20.11929 0.13525
56532.71221 20.04037 0.08825
56532.85928 19.88012 0.07861
56532.89645 19.54442 0.06488
56533.79895 19.76266 0.06828
56533.93493 19.74841 0.07219
56533.97228 19.58755 0.0629
56537.84525 19.78514 0.05882
56537.9874 19.79818 0.05951
56539.69386 19.94646 0.0885
56539.88447 19.73934 0.05713
56539.9215 19.6948 0.05337
56540.97669 19.72692 0.05574
56541.6883 19.926 0.0919
56541.83165 20.01811 0.15136
56542.96698 19.77502 0.06477
56543.00294 19.83361 0.06692
56543.90463 19.52436 0.08344
56543.97085 19.72832 0.0607
56544.00787 19.70105 0.06084
56546.67441 19.76247 0.09648
56546.75907 19.78517 0.06659
56546.94639 19.68201 0.06162
56547.84788 19.72268 0.06212
56548.0057 19.84364 0.0679
56548.66959 19.58131 0.11765
56548.70582 19.68353 0.09089
56548.74172 19.94744 0.09338
56549.66591 19.8199 0.10396
56549.70273 19.76764 0.0906
56549.73967 19.73481 0.08598
56550.66388 19.67159 0.11149
56550.6994 19.61553 0.107
56550.73216 19.73923 0.09377
56551.66063 19.93084 0.17005
56551.72202 19.9362 0.11578
56551.75862 19.6619 0.13264
56552.66117 19.73218 0.12769
56552.71291 19.75907 0.14936
56552.74635 19.99114 0.13046
56561.66061 19.8361 0.08877
56561.89034 19.65589 0.10353
56561.92356 19.61849 0.08828
56562.93459 19.77386 0.09038
56563.02169 19.851 0.1018
56563.6524 19.65748 0.07807
56563.6893 19.72748 0.09068
56563.77494 19.78719 0.07126
56564.72602 19.68828 0.07031
56564.99301 19.8026 0.08348
56565.02672 19.95148 0.09087
56565.92832 19.84506 0.07195
56565.98151 19.92432 0.07907
56566.01544 19.89686 0.08306
56566.91724 19.73365 0.06367
56566.96287 19.75614 0.06819
56566.99591 19.72752 0.07269
56567.8986 19.74189 0.06275
56567.96702 19.64963 0.05924
56568.00039 19.70104 0.06466
56568.90245 19.59347 0.06191
56568.96343 19.93852 0.07448
56568.99843 20.09952 0.10316
56569.90084 19.66545 0.06668
56569.99803 19.82045 0.08717
56570.03082 19.69284 0.10326
56571.62526 19.96357 0.11287
56571.69052 19.55534 0.1215
56571.72419 19.85192 0.12373
56572.62632 19.88863 0.09179
56572.66032 19.64486 0.07502
56572.69287 19.7887 0.08735
56573.61429 19.56088 0.08487
56573.64765 19.80702 0.07668
56573.77817 19.8453 0.07547
56576.83948 19.87654 0.07346
56577.00541 19.81033 0.09017
56577.60601 19.85123 0.1086
56577.63144 19.84644 0.13375
56577.77306 19.82204 0.08089
56578.67217 19.65343 0.10766
56578.69674 19.89927 0.0899
56578.75347 19.74834 0.08175
56579.73584 19.61396 0.1041
56579.85963 19.9696 0.0974
56579.88516 19.83999 0.08551
56580.7875 20.02151 0.10878
56580.8553 19.82843 0.12004
56580.88022 19.69297 0.10305
56581.86464 19.68819 0.11108
56587.62864 19.67519 0.06687
56587.78993 19.88941 0.09588
56587.81475 19.6978 0.0894
56588.71625 19.81 0.11615
56588.86644 19.77077 0.12283
56588.89281 19.73169 0.11238
56589.79481 19.7953 0.07447
56589.81959 19.63179 0.06446
56589.84642 19.77407 0.07978
56590.76387 19.76427 0.07738
56590.8749 19.64916 0.07159
56590.89969 19.71311 0.08766
56591.80204 19.61789 0.1059
56591.86057 19.67194 0.07104
56591.88508 19.60764 0.07365
56592.81972 19.74225 0.0693
56592.91348 19.84064 0.07727
56592.93852 19.69009 0.07722
56596.59731 19.72254 0.08348
56596.81771 19.61636 0.09656
56596.84238 19.82319 0.08598
56597.74425 19.96627 0.0937
56597.82393 19.67558 0.10046
56597.84943 19.80507 0.09981
56598.75163 19.89439 0.09135
56598.82179 19.95039 0.09197
56598.84855 19.67627 0.06919
56599.75014 19.69578 0.06298
56599.79577 19.64429 0.05812
56599.82112 19.71018 0.06437
56600.77441 19.75438 0.06808
56600.8753 19.82644 0.07728
56602.59024 19.71345 0.09927
56602.75501 19.91652 0.15091
56603.68227 19.84757 0.08629
56603.74296 19.63156 0.09837
56603.81581 19.85141 0.0715
56604.73691 19.63395 0.06826
56604.92616 19.60881 0.07357
56605.64733 19.66123 0.06988
56605.67213 19.71901 0.06807
56606.58401 19.59711 0.13582
56606.60932 19.69838 0.09719
56606.64241 19.85331 0.14324
56607.82225 19.81772 0.08618
56607.84927 19.59647 0.07938
56608.75086 19.7386 0.10897
56608.81398 19.89282 0.09976
56608.84048 19.76091 0.12708
56609.8617 19.87722 0.12326
56609.88847 19.71553 0.10536
56621.79766 19.89574 0.10247
56622.58588 19.81102 0.07711
56623.58717 19.50859 0.07607
56624.57999 19.99831 0.10043
56624.60429 19.86958 0.07618
56625.70494 19.78089 0.07457
56625.74386 19.7854 0.07
56626.64578 19.78636 0.06868
56626.67007 19.83027 0.0722
56627.83411 19.57121 0.16463
56628.73144 19.84951 0.10017
56628.76212 19.95825 0.09876
56637.58042 19.56924 0.08855
56639.58002 19.60902 0.1051
56639.60438 19.60481 0.11567
56640.58279 19.79767 0.11156
56640.61699 19.93035 0.15987
56648.58277 19.95472 0.12405
56648.61266 19.93987 0.10538
56649.57885 19.97288 0.10345
56649.60387 19.79218 0.07831
56650.58762 19.44699 0.09761
56653.61955 19.89836 0.14522
56658.58519 19.58255 0.07175
56658.62914 19.68199 0.0708
56659.58605 19.66844 0.07068
56659.61086 19.69252 0.07078
56660.58569 19.61417 0.07151
56660.61029 19.69307 0.06798
56662.58587 19.99038 0.09851
56662.61038 19.8595 0.11095
56663.59143 19.81287 0.08118
56663.6171 19.69657 0.07817
56664.58594 19.42822 0.17591
56664.6104 19.67899 0.11151
56668.58721 19.45347 0.14855
56668.61177 19.59514 0.12574
56669.61423 19.82414 0.15989
56675.5969 19.73849 0.07169
56675.6459 19.80443 0.10128
56676.59181 19.71512 0.091
56676.61781 19.82016 0.09387
56677.60718 19.76567 0.21535
56678.61458 19.81001 0.07589
56678.64019 19.71987 0.07898
56680.60724 19.78844 0.10206
56683.59693 19.89811 0.08015
56683.63252 19.86354 0.07929
56685.59847 19.97968 0.13275
56685.6471 19.9894 0.10123
56687.59886 19.97279 0.09432
56687.64144 19.70317 0.08076
56690.60286 19.84801 0.10151
56690.64549 19.76268 0.08818
56697.60505 19.61376 0.15846
56699.60928 19.82465 0.15146
56816.96412 19.7594 0.08636
56816.97531 19.60573 0.09628
56817.96427 19.72955 0.07646
56817.97654 19.7991 0.16756
56818.96227 19.72505 0.06811
56818.97512 19.59971 0.08757
56820.96625 19.81243 0.17596
56820.97769 19.82944 0.19055
56821.96237 19.87723 0.16396
56821.9727 19.77099 0.13359
56822.96143 19.5615 0.12767
56822.97681 19.7663 0.20524
56823.96094 19.92126 0.13618
56823.97346 19.80907 0.14138
56824.96428 19.99687 0.12736
56824.97573 19.68439 0.11298
56826.96127 19.61754 0.0931
56826.97472 19.83715 0.11446
56827.96384 19.9781 0.10027
56827.97622 19.80664 0.12885
56828.9654 19.69794 0.08709
56828.97804 19.57442 0.12318
56829.96383 19.62487 0.06787
56829.97653 19.68471 0.08419
56830.96102 19.69338 0.06698
56830.97338 19.57201 0.07518
56832.9648 19.66834 0.0633
56832.97563 19.54475 0.07172
56833.96568 19.68597 0.06132
56833.97644 19.7454 0.09466
56834.96484 19.60629 0.06007
56834.9776 19.58987 0.0933
56835.96569 19.61045 0.06956
56835.97723 19.57831 0.10429
56836.96625 19.7226 0.06079
56836.97711 19.56674 0.07459
56837.96638 19.68354 0.05282
56837.98211 19.36795 0.10549
56838.96389 19.74713 0.05909
56838.9786 19.6779 0.08508
56839.96511 19.64098 0.05411
56839.97834 19.71628 0.07607
56840.96951 19.7605 0.06292
56840.98137 19.50151 0.07511
56841.96857 19.63772 0.05713
56841.98075 19.84198 0.0942
56844.96636 19.62486 0.06955
56844.97887 19.59051 0.06911
56845.96726 19.75234 0.06767
56845.98002 19.62712 0.0656
56846.96666 19.67581 0.0551
56846.98115 19.76005 0.07284
56847.96648 19.65585 0.05539
56847.98151 19.7708 0.0648
56848.96743 19.64462 0.0577
56848.98312 19.78358 0.0833
56849.96813 19.78877 0.12136
56849.98235 19.83845 0.10396
56850.96941 19.91325 0.1898
56850.98368 19.96601 0.18111
56851.97048 19.65334 0.10161
56851.98675 19.9526 0.11356
56854.96165 19.69411 0.08306
56854.98771 19.58633 0.08043
56855.96071 19.63432 0.07499
56855.98393 19.7699 0.08719
56856.96087 19.49845 0.10095
56856.98328 19.60655 0.10933
56858.96243 19.61237 0.06432
56858.98507 19.79722 0.06818
56859.96515 19.73778 0.05619
56859.98697 19.58745 0.0645
56861.96231 19.67131 0.05742
56861.98508 19.55805 0.05785
56862.9659 19.7025 0.05863
56862.98227 19.62342 0.0574
56863.94981 19.57716 0.05258
56864.94576 19.71802 0.06576
56864.96947 19.62028 0.07713
56865.92975 19.8088 0.0796
56865.96089 19.62796 0.05208
56867.98799 19.64831 0.05841
56868.96536 19.7024 0.05884
56868.98567 19.58785 0.05823
56869.96092 19.69245 0.06063
56869.98231 19.65031 0.05256
56870.96467 19.70653 0.05412
56870.98635 19.60713 0.05525
56874.97428 19.59989 0.04811
56874.99622 19.68122 0.05651
56875.98151 19.70435 0.06111
56875.99752 19.6973 0.06372
56876.91773 19.65982 0.05314
56876.94717 19.72457 0.05527
56877.9745 19.68335 0.05509
56877.9957 19.61605 0.05562
56878.00741 19.64381 0.0913
56878.9086 19.54386 0.08845
56878.93847 19.62616 0.083
56879.92838 19.96791 0.10996
56879.95816 19.76438 0.10307
56880.95792 19.6881 0.15114
56880.9882 19.32612 0.12389
56882.96877 19.63663 0.13145
56882.98848 19.84481 0.14812
56883.9421 19.64569 0.0906
56883.98158 19.75995 0.09051
56884.99956 19.63649 0.07842
56885.96448 19.70359 0.07286
56885.98159 19.66444 0.07192
56886.91453 19.64589 0.06309
56886.94264 19.54481 0.06151
56887.91623 19.60965 0.05985
56887.94902 19.63594 0.0586
56888.86519 19.70515 0.05364
56888.89905 19.61923 0.05473
56888.91008 19.64659 0.05207
56888.94196 19.65518 0.0549
56890.94091 19.75386 0.0548
56890.97479 19.62828 0.05569
56895.83087 19.64841 0.06471
56895.86667 19.64803 0.07367
56972.71463 19.8071 0.08026
56972.73749 19.64262 0.07668
56978.74407 19.69125 0.07823
56978.79927 19.89487 0.1103
56979.72374 19.78327 0.11291
56980.71766 19.50563 0.0798
56980.83416 19.74054 0.0775
56981.71538 19.59387 0.06722
56981.77818 19.72839 0.07011
56984.71333 19.73584 0.10894
56984.78092 19.78729 0.12422
56986.72544 19.72731 0.08379
56986.79095 19.83632 0.1039
56987.70535 19.62798 0.07659
56987.76948 19.73165 0.09227
56988.66321 19.79882 0.08999
56989.60286 19.74905 0.08509
56989.66828 19.63629 0.0779
56990.59847 19.71479 0.07729
56990.66232 19.60016 0.06971
57000.62591 19.62405 0.08419
57000.65668 19.61516 0.08451
57001.60725 19.62276 0.0633
57001.63454 19.78032 0.06469
57011.62365 19.64392 0.06941
57011.65019 19.75593 0.07472
57014.60229 19.71482 0.07109
57014.62433 19.73567 0.07367
57015.60026 19.70974 0.11121
57015.6199 19.62108 0.08268
57018.60146 19.66722 0.07929
57018.62586 19.74433 0.09036
57019.59637 19.73646 0.08744
57019.61004 19.83628 0.08938
57030.59868 19.52604 0.07038
57037.60179 19.71796 0.0757
57039.60447 19.60681 0.07618
57040.60372 19.68365 0.07741
57040.65327 19.66544 0.08512
57041.64649 19.66787 0.07871
57042.59979 19.71472 0.06935
57042.64647 19.63004 0.06784
57043.60053 19.66649 0.06405
57043.64542 19.61582 0.06623
57044.59961 19.83389 0.13034
57046.59907 19.75541 0.08732
57046.64082 19.55103 0.12129
57047.65127 19.70978 0.09012
57047.65361 19.64267 0.09401
57059.60766 19.75251 0.07198
57059.61723 19.70453 0.0708
57063.60738 19.7174 0.08523
57063.61933 19.73282 0.07779
57064.61072 19.86054 0.09575
57064.62756 19.69151 0.08094
57065.60805 20.06976 0.10603
57065.62471 19.98905 0.11502
57067.60784 19.71631 0.08702
57067.62545 19.84463 0.08914
57069.61019 19.7394 0.08354
57069.6409 19.87889 0.11652
57070.61078 19.68981 0.08822
57070.6277 19.59401 0.08481
57071.61023 19.7774 0.09119
57071.6267 19.6802 0.09347
57089.61859 19.59579 0.13191
57089.62798 20.04419 0.14507
57090.63028 19.94276 0.14151
57091.62877 19.71739 0.16286
57179.97424 19.78842 0.12832
57180.95646 20.02606 0.13134
57185.96692 20.08197 0.13138
57187.96362 19.67142 0.06826
57188.93765 19.89934 0.08707
57188.96808 19.74678 0.07773
57189.95594 19.72088 0.07377
57190.94422 19.58948 0.07898
57190.9766 19.57082 0.11781
57191.9217 19.52455 0.07305
57191.95614 19.72481 0.07193
57192.94672 19.77528 0.07983
57193.93573 19.85327 0.0743
57193.96862 19.59005 0.09044
57194.94374 19.61751 0.07566
57194.97431 19.90137 0.10254
57195.94595 19.62107 0.08322
57195.97546 19.83688 0.11646
57196.92539 19.63618 0.09223
57196.97637 19.58685 0.10833
57197.91796 19.64386 0.07962
57197.96971 19.74582 0.08334
57198.93165 19.70433 0.07577
57198.96479 19.7091 0.07732
57199.9472 19.63279 0.07556
57207.98422 19.7047 0.10767
57208.90735 20.00955 0.11511
57208.94607 19.55471 0.11949
57209.93937 19.94162 0.10377
57209.97959 19.73254 0.11107
57210.9363 19.75147 0.0908
57210.97519 19.55924 0.08589
57211.94997 19.70481 0.0794
57211.98409 19.80027 0.11055
57212.97329 19.80889 0.13631
57214.96163 19.69648 0.07304
57216.93262 19.69058 0.06696
57216.97994 19.66264 0.07151
57218.92712 19.80507 0.06872
57218.977 19.76081 0.07239
57219.94247 19.87901 0.06162
57219.97077 19.71633 0.05967
57220.92305 19.74618 0.05796
57220.98129 19.74484 0.0631
57225.95176 19.74849 0.05296
57226.95332 19.78983 0.06206
57227.93417 19.64359 0.05812
57227.97035 19.73151 0.05913
57231.91879 19.72397 0.06747
57231.96902 19.68233 0.05916
57232.8829 19.76315 0.1188
57232.9489 19.71695 0.07296
57237.93379 20.0098 0.1154
57238.91268 19.65689 0.08768
57238.96563 19.86162 0.09289
57239.93796 19.79511 0.07528
57239.98313 19.70301 0.07458
57240.95317 19.60833 0.07403
57241.93368 19.77292 0.09134
57242.93933 19.79724 0.06705
57242.98523 19.74982 0.06516
57244.91131 19.86809 0.06133
57244.96611 19.70407 0.05374
57245.87591 19.75503 0.05813
57245.91376 19.75201 0.05771
57246.89995 19.70501 0.05375
57246.93423 19.69794 0.04975
57247.92574 19.73847 0.05557
57247.95614 19.71306 0.05356
57248.84393 19.799 0.06296
57248.8782 19.93412 0.06511
57249.88436 19.70119 0.05611
57249.9163 19.65844 0.05743
57250.88236 19.67772 0.05839
57250.92114 19.68226 0.06698
57251.8693 19.66021 0.05724
57251.91419 19.75809 0.05595
57267.93864 19.8916 0.14901
57267.9816 19.80766 0.12628
57554.97044 20.28156 0.12566
57555.93989 20.09526 0.10111
57555.96363 20.07516 0.0968
57564.94449 20.26751 0.14085
57564.95195 19.88497 0.16945
57565.94418 20.27439 0.12548
57567.951 19.98883 0.15032
57567.97572 19.92667 0.12888
57568.92119 19.89116 0.12611
57568.97479 19.93921 0.14351
57569.92685 19.89828 0.08491
57570.93954 20.11495 0.11973
57571.91515 20.21587 0.11272
57571.96845 20.16587 0.12592
57572.94 20.278 0.12799
57573.95955 20.20574 0.09075
57574.96997 19.91445 0.11197
57575.96076 20.00793 0.08365
57576.95096 19.84995 0.0842
57577.97714 20.18298 0.12422
57578.93031 20.39281 0.10906
57578.9597 20.21313 0.0918
57579.93833 20.25397 0.11022
57579.96636 19.96563 0.10004
57580.94991 19.95046 0.11135
57580.97641 19.97196 0.11097
57581.93908 19.86427 0.09788
57581.96061 20.13247 0.08682
57582.96612 19.94222 0.0802
57582.9889 19.83449 0.1341
57583.93612 19.81184 0.08012
57583.97225 19.8105 0.0947
57584.92871 20.05802 0.08271
57584.97404 20.03652 0.08799
57585.92275 20.11272 0.1139
57585.96134 19.946 0.0931
57586.91575 19.93124 0.13988
57592.99636 20.13017 0.16498
57595.9848 20.0799 0.11582
57596.95384 19.96087 0.1309
57596.98786 19.81319 0.12978
57597.93735 20.01882 0.08875
57597.9794 20.12979 0.08953
57598.9281 19.88477 0.08132
57598.97263 19.90538 0.08501
57599.94579 20.14643 0.10351
57600.96483 19.95129 0.09622
57601.9531 19.74142 0.09117
57601.99102 20.25067 0.0987
57602.95616 20.11834 0.09162
57602.99208 20.0768 0.08948
57603.95654 19.88546 0.0729
57603.99274 20.12245 0.10212
57604.96148 19.99298 0.08321
57604.99535 20.19352 0.09792
57605.93926 20.00158 0.07951
57605.97693 20.14911 0.08898
57606.94732 20.05083 0.08239
57606.99101 20.06739 0.09543
57607.92659 20.06283 0.09664
57607.97806 20.20225 0.09094
57608.92515 19.86276 0.07441
57608.96585 20.18949 0.09858
57609.94301 19.88457 0.09353
57610.89516 20.00713 0.11068
57610.92695 20.01718 0.0859
57611.90199 19.89706 0.08677
57611.93252 20.26892 0.10158
57612.88937 20.26917 0.08951
57612.93148 20.00363 0.09128
57613.84046 19.91752 0.10536
57613.87193 19.90653 0.08536
57613.90353 20.15063 0.0877
57614.96436 19.95605 0.09746
57614.99496 20.01569 0.08578
57615.90761 20.03825 0.14676
57615.95637 19.7947 0.08689
57624.97236 20.34085 0.20456
57624.99829 19.69497 0.16008
57625.94454 19.8833 0.10708
