#mjd mag magerr
55061.92501 19.94694 0.05772
55061.95573 19.82147 0.05044
55063.91987 19.74591 0.05031
55063.9639 19.83979 0.05045
55064.92128 19.71507 0.0538
55064.9656 19.77478 0.05819
55066.91014 19.88559 0.05759
55066.95474 19.81308 0.05106
55067.91649 19.86742 0.07726
55067.96099 19.77573 0.06821
55069.90324 19.89146 0.05545
55069.94786 19.81621 0.06279
55080.87449 20.1161 0.13203
55084.86328 19.93394 0.09346
55087.85609 19.78729 0.06221
55087.90101 19.85009 0.05879
55088.96983 19.95693 0.05961
55089.01521 19.81095 0.05946
55089.94574 19.80093 0.06324
55089.99042 19.78794 0.06061
55093.83741 19.86273 0.0573
55093.88196 19.87729 0.06009
55096.8292 19.75015 0.05821
55097.00858 19.8985 0.07268
55104.99862 19.88889 0.09866
55107.79764 20.1007 0.15486
55114.88125 19.99812 0.0801
55114.92522 19.83393 0.15367
55119.89538 20.0413 0.07904
55119.95365 19.9178 0.07711
55123.75696 19.75492 0.06336
55123.81523 19.67025 0.06032
55126.97957 20.07455 0.09469
55127.83329 19.94184 0.07593
55127.87706 19.73089 0.07247
55135.82555 20.14885 0.16269
55135.86926 19.70091 0.1428
55138.71472 19.9181 0.15826
55138.75871 20.00914 0.19395
55142.7036 19.90903 0.07178
55142.75219 19.97429 0.07976
55144.77886 19.83578 0.06717
55144.82305 19.72143 0.06863
55151.72943 19.79807 0.07775
55151.77257 19.72986 0.06524
55168.63378 19.7931 0.10673
55168.6775 19.77369 0.1201
55175.61224 19.81055 0.05744
55175.65684 19.71626 0.05596
55181.59421 20.05916 0.11267
55181.63825 19.88513 0.08269
55183.64253 19.85843 0.07712
55189.58054 20.03121 0.1142
55189.62557 19.76177 0.0751
55194.59026 19.96012 0.21454
55199.58559 19.8217 0.06787
55202.58667 19.90176 0.08152
55203.71441 19.84373 0.08544
55203.75743 19.62307 0.07823
55207.63092 19.77965 0.0655
55207.67514 19.78154 0.06027
55209.5968 19.7875 0.05644
55209.64149 19.76436 0.05592
55213.63312 19.60597 0.08576
55213.6798 19.82691 0.08751
55377.85123 19.85582 0.12756
55377.89535 19.95502 0.13018
55379.8591 19.68864 0.09756
55379.92482 19.78793 0.08168
55380.87684 19.63379 0.11577
55380.92078 19.85395 0.11643
55381.89606 19.68908 0.07668
55381.93934 19.84363 0.07738
55384.82671 19.71299 0.06709
55384.87028 19.71955 0.06956
55385.87021 19.89537 0.07067
55385.91339 19.82186 0.05527
55386.86524 19.74278 0.06611
55386.90867 19.76202 0.06417
55387.87002 19.79098 0.06478
55387.91342 19.88561 0.0602
55388.86609 19.66933 0.07902
55388.91005 19.80596 0.06317
55390.80957 19.84218 0.11915
55390.85393 19.86963 0.07709
55391.80613 19.85982 0.09796
55391.87538 19.87204 0.07039
55392.83258 19.60926 0.07118
55392.87538 19.79709 0.06588
55394.79908 19.88872 0.11297
55394.8431 19.79817 0.07107
55395.79551 19.58759 0.08829
55395.84215 19.75617 0.07502
55396.79527 19.739 0.10448
55396.83932 19.682 0.06267
55397.79163 19.88773 0.13946
55397.83526 19.92132 0.07606
55398.78764 20.07805 0.16975
55398.83124 19.95753 0.09656
55399.78802 19.79167 0.15166
55399.83261 19.92306 0.11215
55400.78534 19.54557 0.16736
55400.8289 19.89816 0.11346
55401.78133 19.93444 0.17597
55401.82518 19.74889 0.15245
55402.8246 19.87245 0.16465
55404.77424 19.95674 0.17997
55404.84266 19.89376 0.17225
55405.8416 19.59701 0.13926
55407.7691 19.78762 0.15098
55407.83003 19.88634 0.20276
55411.79896 19.79616 0.09397
55412.75232 19.7364 0.13289
55412.79539 19.74249 0.08661
55413.75577 19.88325 0.17283
55413.79945 20.0664 0.13115
55414.75161 20.08717 0.20073
55414.79555 19.85188 0.08874
55415.75266 19.83766 0.12781
55417.75979 19.91551 0.15103
55417.84511 19.96383 0.11796
55418.79843 19.82444 0.11119
55418.84121 19.76924 0.09151
55419.75121 19.65494 0.15716
55419.79504 19.73501 0.0927
55420.78929 19.99821 0.14108
55420.83264 19.64649 0.10416
55421.73664 19.87471 0.08009
55421.79901 19.70874 0.05796
55422.75115 19.84368 0.07117
55422.79487 19.8193 0.06718
55423.74742 19.77407 0.06809
55423.79284 19.92512 0.06616
55424.75349 19.75004 0.07961
55424.80178 19.77343 0.05889
55425.76166 19.6852 0.08368
55425.80573 19.72535 0.05928
55426.80123 19.81648 0.07532
55426.8444 19.76008 0.055
55427.79708 19.85517 0.10835
55427.8408 19.65251 0.06827
55428.79281 19.59906 0.07386
55428.83703 19.79978 0.09574
55429.8142 20.00432 0.08745
55429.85716 19.77532 0.07135
55430.75769 19.99634 0.12227
55431.75639 19.72493 0.10046
55431.80024 20.01837 0.11446
55432.73907 19.55483 0.15205
55432.78359 19.97532 0.13545
55433.7493 19.84986 0.15636
55434.73769 19.52543 0.1652
55435.69148 19.89943 0.16939
55436.88891 20.02198 0.12264
55436.8919 19.64727 0.11515
55436.89501 19.68272 0.13915
55436.89797 19.97337 0.11436
55436.90109 19.53672 0.11136
55436.9042 19.64126 0.11586
55436.90728 19.70946 0.14954
55436.91041 19.85185 0.11385
55436.91351 19.72437 0.11464
55436.91641 19.76345 0.10616
55436.91931 19.93789 0.13896
55436.92221 19.70141 0.12316
55436.92514 19.59599 0.11396
55436.92806 19.66651 0.12845
55436.93096 19.71735 0.13934
55436.93413 19.5413 0.14064
55436.93974 19.76477 0.13804
55436.94297 19.87656 0.12054
55436.94613 19.85741 0.14837
55436.94915 19.75402 0.12095
55436.95231 19.79895 0.11245
55436.9553 19.58451 0.10496
55436.95826 20.052 0.11825
55436.96116 19.62494 0.10826
55436.96403 19.93946 0.13373
55436.96671 19.76464 0.12394
55438.88857 20.04123 0.11265
55438.89169 19.8519 0.10197
55438.89485 19.72089 0.08828
55438.89798 19.93676 0.09727
55438.90086 19.83446 0.10697
55438.90371 19.85414 0.09537
55438.9065 19.70297 0.08176
55438.90927 19.86711 0.11646
55438.91204 19.79176 0.08896
55438.91487 19.91254 0.10436
55438.91763 19.86642 0.09786
55438.92084 19.91989 0.09847
55438.92394 19.76353 0.10198
55438.92672 19.96236 0.10715
55438.93259 19.76002 0.10497
55438.93551 19.69274 0.09586
55438.94106 19.83721 0.13115
55438.94411 20.0375 0.11226
55438.94678 19.96785 0.12535
55438.95017 19.97628 0.09447
55438.96141 19.79586 0.11555
55440.87507 19.69797 0.07557
55440.87823 19.84114 0.07436
55440.88428 19.70326 0.064
55440.88675 19.60061 0.06579
55440.8894 19.77624 0.06601
55440.89205 19.65668 0.06069
55440.89518 19.83162 0.06598
55440.89832 19.69199 0.07666
55440.90145 19.8114 0.07559
55440.90439 19.65732 0.06557
55440.90729 19.8401 0.0658
55440.91025 19.75029 0.06547
55440.91316 19.58202 0.06367
55440.91591 19.62443 0.0626
55440.9187 19.75206 0.07149
55440.92149 19.65781 0.07918
55440.92426 19.89658 0.06908
55440.93095 19.69296 0.07387
55440.93364 19.872 0.07436
55440.93623 19.84245 0.06599
55440.9395 19.78308 0.06917
55440.94264 19.8291 0.07058
55440.94582 19.7301 0.06727
55440.94883 19.86097 0.07318
55440.95182 19.73471 0.06919
55440.95489 19.74724 0.07058
55440.95791 19.79263 0.06719
55441.87301 19.7569 0.06169
55441.87592 19.83586 0.06072
55441.88645 19.76587 0.05972
55441.88962 19.71944 0.05599
55441.89254 19.8147 0.06231
55441.89542 19.67012 0.05742
55441.89828 19.73609 0.069
55441.90107 19.70056 0.05542
55441.9037 19.83166 0.0615
55441.90634 19.7683 0.0607
55441.90906 19.76266 0.06512
55441.9118 19.67771 0.05672
55441.91445 19.75274 0.05812
55441.91722 19.78399 0.06111
55441.91981 19.81693 0.07289
55441.92242 19.85505 0.05949
55441.92546 19.76634 0.06151
55441.9281 19.83347 0.06554
55441.93183 19.76273 0.06241
55441.93458 19.79193 0.06258
55441.93727 19.75567 0.06071
55441.94048 19.70635 0.05203
55441.94326 19.8016 0.0598
55441.94546 19.77996 0.06159
55441.94852 19.70555 0.06109
55441.95194 19.9254 0.06051
55441.95469 19.77221 0.0611
55441.95786 19.74841 0.05361
55441.96081 19.89506 0.07549
55441.96392 19.75377 0.063
55441.96715 19.78551 0.05836
55441.97012 19.71251 0.0598
55441.97294 19.78107 0.0585
55441.97532 19.91674 0.06151
55441.97757 19.72302 0.06007
55441.9798 19.74914 0.06182
55441.9835 19.71881 0.06301
55441.9863 19.72041 0.05991
55441.98852 19.82264 0.05989
55441.99078 19.67288 0.05933
55441.99382 19.77725 0.0641
55442.00593 19.73254 0.06553
55442.00906 19.91538 0.07737
55442.01216 19.7067 0.0719
55442.01486 19.91842 0.08101
55442.01753 19.76452 0.08487
55442.02001 19.63356 0.09891
55442.02226 19.80348 0.1279
55442.70382 19.82134 0.07177
55442.70734 19.8002 0.07016
55442.71097 19.81192 0.06418
55442.71448 19.78007 0.06665
55442.71808 19.84432 0.07527
55442.72168 19.69886 0.06068
55442.72527 19.68653 0.06557
55442.73272 19.70955 0.06439
55442.74184 19.77487 0.06477
55442.74882 19.73613 0.05807
55442.75572 19.81208 0.06257
55442.76147 19.77462 0.05957
55442.76615 19.77979 0.06087
55442.77616 19.72246 0.06128
55442.78135 19.77524 0.06207
55442.78615 19.75069 0.05718
55442.79145 19.82153 0.06011
55442.79615 19.80637 0.05859
55442.80186 19.64797 0.05828
55442.8093 19.75278 0.05538
55442.81443 19.73242 0.05809
55442.81939 19.58893 0.05259
55442.82447 19.72515 0.05048
55442.8293 19.68553 0.0516
55442.83541 19.62703 0.0493
55442.84012 19.71353 0.05262
55442.84597 19.84992 0.05808
55442.85112 19.6891 0.05348
55442.85657 19.76749 0.05331
55442.86387 19.64619 0.07119
55442.87002 19.86561 0.05629
55442.87503 19.78878 0.0565
55442.88048 19.66878 0.05061
55442.88617 19.68245 0.05158
55442.89221 19.76026 0.05387
55442.89785 19.68571 0.05288
55442.90297 19.73944 0.05571
55442.90871 19.6912 0.05445
55442.91368 19.70204 0.05557
55442.91875 19.77285 0.05487
55442.92384 19.65525 0.0536
55442.93037 19.76342 0.0592
55442.93642 19.86197 0.06256
55442.94588 19.86273 0.0838
55442.95166 19.74744 0.0557
55442.95754 19.73001 0.05748
55442.96246 19.77077 0.06018
55442.96833 19.83124 0.06508
55442.97317 19.75813 0.0534
55442.97782 19.73732 0.05469
55442.98206 19.72357 0.05339
55442.9872 19.75756 0.0603
55442.99348 19.84597 0.064
55442.99858 19.75186 0.05668
55443.00329 19.73521 0.05989
55443.01002 19.78017 0.05737
55443.01702 19.64162 0.06942
55443.02387 19.73108 0.12598
55443.67742 19.73018 0.08681
55443.68488 19.78733 0.09258
55443.69287 19.7341 0.07507
55443.70415 19.86336 0.07618
55443.71028 19.76406 0.07421
55443.71632 19.84894 0.07607
55443.72231 19.93441 0.07526
55443.72832 19.74802 0.06247
55443.736 19.7977 0.06488
55443.74306 19.64031 0.06666
55443.74812 19.90561 0.06516
55443.75372 19.72185 0.06017
55443.75946 19.77087 0.06336
55443.76526 19.54888 0.07047
55443.77007 19.90152 0.06997
55443.78027 20.01268 0.07168
55443.78539 19.75893 0.06198
55443.79156 19.71065 0.06177
55443.79717 19.74438 0.06028
55443.80302 19.83519 0.05947
55443.80895 19.92131 0.06256
55443.81493 19.88828 0.06415
55443.8204 19.6536 0.05604
55443.82634 19.70029 0.05507
55443.83239 19.64668 0.05437
55443.83783 19.78003 0.05628
55443.84415 19.78658 0.05597
55443.84958 19.74797 0.05869
55443.85553 19.74146 0.05597
55443.86252 19.77529 0.0587
55443.87576 19.63305 0.0504
55443.88141 19.8284 0.05647
55443.88892 19.75383 0.05962
55443.89412 19.88536 0.05906
55443.90077 19.85942 0.06518
55443.90658 19.78894 0.05797
55443.91235 19.78261 0.05758
55443.91779 19.83387 0.06787
55443.92403 19.90798 0.07046
55443.92967 19.93497 0.06256
55443.93496 19.63043 0.05709
55443.94073 19.8883 0.06048
55443.94779 19.58813 0.05697
55443.95355 19.71355 0.05869
55443.95925 19.79777 0.06098
55443.9693 19.78698 0.06469
55443.97555 19.8687 0.06266
55443.98144 19.6802 0.06039
55443.98725 19.62101 0.06968
55443.99456 19.88662 0.07136
55444.00093 19.73313 0.0592
55444.0061 19.79764 0.05719
55444.01187 19.97534 0.07655
55444.0175 19.71541 0.09265
55444.02231 19.70877 0.10501
55444.66648 19.65332 0.104
55444.67221 19.92742 0.09289
55444.67727 20.01142 0.12555
55444.68857 19.70263 0.08383
55444.69526 19.91685 0.08854
55444.70198 19.9295 0.0885
55444.7091 19.86584 0.08533
55444.71487 19.72671 0.06991
55444.72103 19.82136 0.08501
55444.72796 19.77027 0.0783
55444.73377 19.76997 0.06949
55444.74094 19.76498 0.06872
55444.74655 19.7461 0.06754
55444.75167 19.90644 0.0646
55444.75678 19.94927 0.0723
55444.76225 19.87996 0.06739
55444.7673 19.96133 0.06849
55444.77353 19.91872 0.06689
55444.77876 19.67035 0.06042
55444.78368 19.68927 0.05906
55444.79848 19.73113 0.06597
55444.80403 19.73494 0.05839
55444.81599 19.80311 0.06141
55444.8213 19.79079 0.05801
55444.83332 19.78913 0.0637
55444.83854 19.65942 0.05446
55444.84549 19.69187 0.05659
55444.85161 19.88574 0.06441
55444.85679 19.7114 0.0534
55444.86267 19.85705 0.07252
55444.86777 19.76916 0.0653
55444.87321 19.80641 0.0567
55444.87872 19.74759 0.06172
55444.88467 19.70595 0.05591
55444.89016 19.91395 0.0668
55444.89581 19.89662 0.07004
55444.90153 19.83574 0.05911
55444.90845 19.62544 0.06554
55444.91349 19.69194 0.05355
55444.92279 19.69335 0.0552
55444.93139 19.79367 0.05654
55444.94041 19.76801 0.05559
55444.94568 19.79683 0.05803
55444.951 19.89752 0.07278
55444.95724 19.77462 0.06342
55444.96289 19.79338 0.0578
55444.96923 19.70753 0.05772
55444.97411 19.8524 0.06159
55444.98062 19.73473 0.05933
55444.98915 19.66518 0.06669
55444.99553 19.83066 0.06381
55445.00157 19.76513 0.06575
55445.00779 19.94281 0.07597
55445.01282 19.81469 0.07289
55445.01777 19.82309 0.0842
55445.02227 19.85403 0.1147
55445.66261 19.74858 0.09669
55445.66749 19.66794 0.10408
55445.67244 19.86732 0.08648
55445.67731 19.92061 0.09615
55445.68422 19.72444 0.07517
55445.6905 19.78362 0.07237
55445.69681 19.53122 0.07487
55445.70294 19.81041 0.07405
55445.70921 19.88996 0.08744
55445.71534 19.82474 0.0939
55445.72141 20.02846 0.10806
55445.72791 19.8142 0.07368
55445.73457 20.03279 0.0763
55445.74013 19.92185 0.06756
55445.7456 19.67037 0.06228
55445.75096 19.84159 0.06771
55445.75643 19.67229 0.05979
55445.76191 19.93228 0.07028
55445.76784 19.74465 0.0614
55445.7737 19.66603 0.05488
55445.779 19.76457 0.05597
55445.78479 19.81095 0.06299
55445.79025 19.9116 0.06347
55445.79613 19.73358 0.05836
55445.81095 19.96356 0.06479
55445.81845 19.71654 0.05429
55445.82455 19.77718 0.05259
55445.83024 19.62681 0.04903
55445.84021 19.69738 0.05633
55445.84549 19.79883 0.05309
55445.85174 19.71707 0.05142
55445.85762 19.75837 0.0507
55445.8636 19.71823 0.0513
55445.86963 19.69107 0.04724
55445.87567 19.75723 0.05079
55445.88207 19.68897 0.05059
55445.88844 19.71765 0.05189
55445.89432 19.83305 0.05491
55445.89983 19.67189 0.0489
55445.90668 19.77134 0.0537
55445.91299 19.88844 0.05302
55445.91722 19.84029 0.05459
55445.92351 19.75913 0.05158
55445.92915 19.66216 0.05263
55445.93496 19.70732 0.04878
55445.94048 19.7682 0.0515
55445.95216 19.81902 0.05668
55445.95886 19.66938 0.05481
55445.97191 19.74102 0.0493
55445.97872 19.74388 0.05351
55445.98437 19.80247 0.04981
55445.98972 19.77628 0.0555
55445.99581 19.69358 0.0494
55446.00245 19.64913 0.05478
55446.00827 19.83473 0.05421
55446.01787 19.905 0.07377
55446.0233 19.90576 0.09818
55446.66046 19.64336 0.11098
55446.66501 20.00919 0.09527
55446.67089 19.64255 0.08629
55446.67601 19.91194 0.09238
55446.6814 19.80056 0.07759
55446.70044 19.79319 0.07717
55446.70781 19.90312 0.07426
55446.71375 19.82125 0.06926
55446.71998 19.7965 0.08128
55446.7269 19.82715 0.07186
55446.73768 19.95155 0.0756
55446.74263 19.80209 0.06497
55446.74841 19.90703 0.06976
55446.75986 19.7632 0.0585
55446.76487 19.81494 0.05591
55446.77004 19.7001 0.05599
55446.77518 19.83298 0.05459
55446.78018 19.69817 0.05707
55446.78654 19.78402 0.05456
55446.79243 19.82302 0.05999
55446.79818 19.80852 0.05838
55446.80822 19.79523 0.063
55446.81336 19.73118 0.0568
55446.81934 19.66412 0.06002
55446.82569 19.85495 0.05449
55446.83186 19.7399 0.05511
55446.83803 19.77596 0.05568
55446.84316 19.65541 0.05128
55446.84946 19.68478 0.0518
55446.85529 19.89345 0.0694
55446.86132 19.85757 0.07918
55446.86741 19.66247 0.06434
55446.87321 19.68348 0.04709
55446.87945 19.72238 0.05149
55446.88583 19.83697 0.05571
55446.89176 19.70565 0.05121
55446.89901 19.57792 0.06221
55446.90569 19.6978 0.0545
55446.91293 19.74476 0.0547
55446.91958 19.73838 0.05478
55446.92538 19.7209 0.05201
55446.93113 19.80707 0.05561
55446.93686 19.7394 0.0546
55446.94237 19.73269 0.05298
55446.94842 19.83367 0.0539
55446.95451 19.80304 0.05241
55446.96034 19.81986 0.05536
55446.96641 19.74762 0.05388
55446.97287 19.76239 0.05351
55446.97827 19.78189 0.05399
55446.98464 19.74778 0.05436
55446.99026 19.73645 0.05298
55446.99646 19.77308 0.0537
55447.00329 19.73058 0.06457
55447.02248 19.80192 0.11426
55448.00377 19.78642 0.05158
55448.65527 20.07137 0.10982
55448.70146 20.05667 0.11426
55449.82958 19.81758 0.06139
55449.87259 19.78351 0.05579
55450.82585 19.721 0.05908
55450.86998 19.71019 0.05147
55451.65338 19.96553 0.10049
55451.70095 19.70342 0.06762
55452.64792 19.65944 0.09599
55452.69243 19.76192 0.07826
55453.64519 19.6217 0.09606
55453.6895 19.74705 0.07405
55454.64058 19.97141 0.11448
55454.68793 19.76379 0.09272
55455.63923 19.95376 0.121
55455.7154 20.02314 0.08626
55456.63346 19.90015 0.10929
55456.67702 19.92844 0.10535
55457.63067 19.80421 0.11587
55457.6732 19.84006 0.10075
55458.66069 19.81986 0.11636
55458.7057 19.51203 0.08548
55459.69034 19.97715 0.15066
55460.63624 19.88794 0.15118
55460.72453 19.79968 0.11105
55461.67649 19.68675 0.15755
55462.76573 19.94925 0.16046
55462.80848 19.54058 0.13777
55463.63005 19.66523 0.19617
55463.71104 19.69335 0.14786
55466.61784 19.69093 0.09826
55466.61959 19.69354 0.08808
55466.62134 19.72848 0.10227
55466.6231 19.84331 0.08747
55466.62486 19.63141 0.08407
55466.62661 19.68507 0.10364
55466.62943 19.86934 0.10558
55466.63143 19.8243 0.09557
55466.63348 19.58016 0.08289
55467.62749 19.92925 0.09507
55468.7394 19.70756 0.07218
55469.73472 19.76884 0.13871
55470.77885 19.95894 0.13834
55470.82246 19.71701 0.06773
55471.77466 19.7276 0.05357
55472.62548 19.72509 0.07648
55472.66936 19.76345 0.06447
55473.62096 19.91211 0.10552
55477.66775 19.73365 0.0671
55477.71276 19.73656 0.07121
55478.62384 19.70288 0.08267
55478.66775 19.80721 0.07186
55479.61565 19.94209 0.09097
55479.65968 19.70898 0.07258
55480.61506 19.64939 0.08251
55480.65805 19.6826 0.07881
55481.61182 19.81894 0.08457
55481.69382 19.76709 0.05609
55482.61769 19.66629 0.08948
55482.66188 19.75108 0.06587
55482.67843 19.81525 0.06506
55483.61039 19.73552 0.09167
55483.66512 19.5965 0.07529
55484.66377 19.8131 0.08038
55484.70695 19.8027 0.06655
55485.61939 19.96049 0.13413
55485.66329 19.71649 0.07507
55486.61418 19.71358 0.10271
55486.658 19.58652 0.12314
55497.84041 19.89122 0.10217
55498.71756 19.75318 0.06074
55498.79 19.67682 0.077
55499.59404 19.62968 0.07227
55499.63881 19.75858 0.06833
55501.66259 19.83575 0.07457
55501.75706 19.73103 0.06287
55502.72145 19.7032 0.0677
55502.82148 19.78554 0.07301
55503.77762 19.71962 0.07421
55503.8732 19.60959 0.08728
55504.82418 19.76091 0.06506
55504.91868 19.76463 0.08278
55506.68972 19.69819 0.07231
55506.73387 19.71329 0.06298
55507.81368 19.68796 0.07506
55507.89267 19.88385 0.08336
55513.658 19.73027 0.07606
55513.7418 19.79512 0.07206
55514.69377 19.67946 0.07356
55514.73749 19.66667 0.07966
55515.69951 19.89009 0.08876
55515.74236 19.78918 0.07895
55516.67238 19.81538 0.10325
55516.71654 19.75134 0.11684
55517.61497 19.562 0.10825
55517.6584 19.78044 0.09896
55518.61481 19.78094 0.11266
55518.6578 19.89024 0.14405
55527.74242 19.90372 0.08369
55530.70615 19.65002 0.08349
55531.81743 19.8534 0.16025
55532.78408 19.60772 0.06107
55532.82836 19.6119 0.07465
55535.68432 19.64754 0.05989
55537.58157 20.025 0.11428
55537.62557 19.52924 0.07827
55538.57995 19.60256 0.07056
55538.62381 19.69903 0.05916
55539.58012 19.74546 0.07457
55539.62283 19.93379 0.06926
55540.61811 19.7287 0.06081
55540.66215 19.74366 0.06016
55541.61644 19.70678 0.06788
55541.65945 19.85587 0.08874
55544.59603 19.83545 0.08411
55544.64191 19.80767 0.07746
55545.59598 19.84344 0.10484
55545.63939 19.87239 0.12291
55558.69892 19.67188 0.11552
55558.75663 19.75238 0.07697
55559.7264 19.52169 0.12792
55561.73304 19.83176 0.09531
55561.77682 19.65878 0.09598
55567.59621 19.76405 0.07097
55575.595 19.75349 0.13017
55575.6386 20.03189 0.14906
55577.59504 19.69521 0.15463
55577.63849 20.00652 0.21186
55579.61368 19.99623 0.10486
55579.65687 19.68011 0.09705
55580.66998 19.81259 0.11405
55583.61703 19.90571 0.07086
55583.66119 19.60062 0.08315
55584.63985 19.82994 0.07345
55584.68286 19.60894 0.07737
55586.61685 19.74566 0.06509
55586.66038 19.67786 0.07817
55588.66264 19.95457 0.11341
55723.91976 19.92883 0.09938
55723.9634 20.10082 0.08645
55730.92322 20.03754 0.15967
55733.86776 20.18455 0.13336
55733.91212 19.68537 0.08426
55750.83279 19.9706 0.10126
55750.87598 19.64752 0.07945
55753.86132 19.74699 0.13446
55756.88391 19.94794 0.12166
55756.93392 19.95506 0.10987
55759.84878 19.83066 0.12916
55759.89212 19.72003 0.10955
55762.79606 19.96393 0.13649
55762.8402 19.7425 0.10629
55766.7805 19.81651 0.10076
55766.83041 19.56706 0.07859
55768.77509 19.59924 0.10039
55768.82037 19.8076 0.08257
55769.80074 19.71594 0.07499
55769.84468 19.84765 0.06746
55770.78189 19.62768 0.07866
55770.82573 19.65756 0.06379
55771.78074 19.69505 0.0883
55771.82449 19.71044 0.06828
55774.75968 19.67721 0.09017
55774.80363 19.67316 0.07079
55775.80332 19.60059 0.12221
55779.7464 19.87328 0.10368
55779.79086 19.737 0.073
55780.74948 19.84606 0.10398
55780.79415 19.81018 0.07377
55782.7508 19.78573 0.13665
55782.7956 20.03965 0.11484
55783.80103 19.94011 0.16675
55789.73736 20.01786 0.16056
55789.78039 19.74172 0.14986
55790.73125 19.94312 0.15105
55790.77463 19.9684 0.15653
55791.73123 19.7731 0.15426
55793.74743 19.95056 0.1124
55793.79097 19.85289 0.10748
55794.75972 19.59892 0.07373
55794.81629 19.62841 0.1125
55809.66644 20.06484 0.19604
55809.7101 19.84385 0.10525
55811.66044 20.03892 0.14229
55811.7042 19.51901 0.11857
55812.65876 19.56525 0.13437
55812.70198 19.9607 0.12077
55813.70671 19.89873 0.15826
55820.63925 19.6985 0.14578
55820.68324 19.73258 0.19836
55821.63464 19.78718 0.09959
55822.63132 19.68312 0.10111
55822.67415 19.81246 0.08596
55823.62908 19.99918 0.11187
55823.67275 19.77452 0.09196
55824.62608 19.93618 0.14585
55824.6697 19.88065 0.09164
55838.61464 19.75999 0.10442
55838.65944 19.85304 0.0982
55842.61856 19.5833 0.16056
55842.66208 19.76649 0.14496
55843.61073 19.55177 0.14799
55843.65444 19.77088 0.16386
55844.60924 19.83165 0.17359
55849.60547 19.82487 0.08987
55849.65079 19.63539 0.10802
55850.60468 19.87507 0.09017
55850.64918 19.7003 0.08045
55851.60318 19.7171 0.08697
55851.64641 19.68095 0.06488
55852.60416 19.73673 0.0869
55852.6481 19.56348 0.06123
55853.60163 19.49739 0.07848
55853.6463 19.70291 0.07106
55854.60164 19.65968 0.08491
55854.64607 19.73349 0.07271
55866.5884 19.73964 0.10354
55866.64679 19.72811 0.07137
55867.58757 19.63745 0.11968
55867.63053 20.00216 0.11087
55868.5865 19.85209 0.12994
55868.63002 19.70263 0.08276
55880.87841 19.72821 0.13783
55882.86968 19.70774 0.08506
55882.87146 19.60371 0.07963
55882.91495 19.62031 0.11701
55883.86679 19.62544 0.09474
55883.91496 19.71131 0.13939
55887.63181 19.63906 0.0681
55887.68352 19.94955 0.0821
55888.8957 19.74463 0.14837
55889.80049 19.81306 0.06647
55889.84447 19.84596 0.07805
55891.57974 19.71246 0.10065
55891.6225 19.82369 0.07316
55893.58261 20.03024 0.10105
55893.62546 19.86472 0.08567
55894.58144 19.91001 0.12476
55894.62473 19.8899 0.17257
55898.82137 19.96101 0.13859
55898.86551 19.69472 0.11828
55902.58519 19.7652 0.1567
55903.58342 19.93693 0.15504
55903.62024 19.83773 0.1526
55904.58683 19.67763 0.13008
55906.58378 19.73153 0.12226
55906.64029 19.54618 0.10086
55916.59575 19.66245 0.08333
55916.64026 19.76843 0.07255
55922.6423 19.73319 0.08218
55923.59751 19.75206 0.09286
55923.64145 19.84551 0.09646
55924.60837 19.84377 0.07176
55925.59941 19.68826 0.15789
55925.67897 19.70152 0.06876
55926.58279 19.90024 0.09748
55926.62543 19.72381 0.07959
55930.58585 19.91014 0.17847
55930.62499 19.70063 0.1235
55931.58458 19.64234 0.11212
55932.62858 19.68593 0.11007
55936.60917 19.93893 0.10609
55936.65247 19.55092 0.09313
55937.58951 19.71278 0.11622
55939.64879 19.90149 0.09698
55939.6851 19.63995 0.09459
55940.59145 19.67801 0.14933
55940.64013 19.77994 0.1616
55943.69972 19.8199 0.07629
55943.74446 19.59246 0.09807
55944.64379 19.64542 0.06917
55944.67224 19.75672 0.07788
55947.59349 19.64736 0.09568
55949.64923 19.77695 0.09196
55949.6924 19.95593 0.15098
55952.64932 19.83028 0.08698
55953.59751 19.8389 0.10071
55953.64127 19.82308 0.08309
55958.61566 19.93473 0.12484
55958.67117 19.86525 0.11612
55959.64574 19.7534 0.17895
55960.60205 19.84955 0.14794
55962.61935 20.00031 0.18924
56059.98484 19.86982 0.16259
56061.96903 19.57546 0.13129
56066.96916 19.68095 0.13676
56067.96802 19.85782 0.10486
56070.97101 19.97734 0.12818
56071.95528 19.53864 0.11538
56075.93073 19.93192 0.15306
56075.96117 19.81872 0.12016
56076.96161 19.73278 0.08226
56078.92335 19.73768 0.11398
56078.95394 19.87768 0.11798
56079.91957 19.80538 0.13538
56079.94994 19.5129 0.07798
56085.9361 20.01926 0.19867
56085.9661 19.77647 0.13559
56086.9317 19.59119 0.10147
56086.96186 19.5965 0.11616
56087.95118 19.8682 0.10497
56088.93216 19.78487 0.11956
56088.96298 19.76215 0.09065
56089.90743 19.97947 0.13255
56089.9375 19.80793 0.13076
56091.93224 19.84286 0.09795
56091.96189 20.02374 0.09545
56092.88532 19.87222 0.12785
56092.91513 20.01471 0.10077
56092.94551 19.76076 0.08945
56093.88544 19.69958 0.11976
56093.91605 19.89015 0.10227
56093.95942 19.6698 0.09347
56094.8793 19.74284 0.1423
56094.90895 19.87385 0.1013
56094.93794 19.61569 0.08639
56095.89413 19.60142 0.10818
56095.92394 19.84929 0.11975
56095.95378 19.98775 0.09647
56096.8846 19.66898 0.11336
56096.91464 19.80746 0.11705
56096.94475 19.65841 0.07898
56097.90204 19.9492 0.09916
56099.86796 19.95357 0.09679
56099.8979 19.77935 0.07257
56099.92867 19.56962 0.06547
56100.87134 19.94177 0.13825
56100.9014 19.71401 0.09925
56100.93113 19.93212 0.09435
56101.89166 19.76327 0.12375
56101.92164 19.57427 0.09056
56102.85884 19.6449 0.09519
56102.88948 19.85605 0.09525
56102.91975 19.73773 0.07106
56103.89198 19.71373 0.12227
56103.92203 19.86341 0.10426
56104.86298 19.71482 0.11645
56104.89266 19.85488 0.08385
56104.92258 19.87305 0.07986
56105.87772 19.68818 0.08485
56105.90846 19.70575 0.07577
56105.93782 19.82166 0.07905
56106.84826 20.11831 0.12566
56106.87859 19.65374 0.07967
56106.90907 19.83189 0.08225
56107.84497 19.92418 0.14568
56107.87579 19.93749 0.09256
56107.90655 19.85442 0.08137
56108.89669 19.87597 0.09907
56108.92686 19.77524 0.08338
56109.93363 19.81254 0.09846
56110.92786 19.7668 0.10287
56111.86949 19.89573 0.15487
56111.91431 19.87506 0.16866
56111.94457 19.6307 0.14145
56113.93235 19.80198 0.11386
56113.96218 19.66435 0.12657
56114.87108 19.83047 0.13527
56114.92357 19.66004 0.16166
56114.95378 20.06981 0.12176
56115.85803 19.66844 0.16766
56115.88797 19.87842 0.12225
56115.9179 19.99255 0.12585
56116.90131 20.04851 0.12396
56116.93261 19.79115 0.11956
56116.96078 19.5709 0.09015
56117.86349 19.85007 0.12596
56117.89333 19.56607 0.11166
56117.92405 19.73777 0.12895
56118.82762 19.97268 0.17995
56118.85812 19.71681 0.12958
56119.81535 20.02811 0.18336
56119.84536 19.78424 0.15552
56123.80269 19.93488 0.11718
56123.8333 19.92971 0.09606
56123.86323 19.74692 0.07328
56124.8239 19.82175 0.10638
56124.85579 19.83252 0.11629
56124.90647 19.93176 0.0826
56125.83541 19.86263 0.08976
56125.8655 19.76122 0.08099
56125.89611 19.9597 0.07735
56126.79674 19.85311 0.11101
56126.82683 19.87298 0.11949
56127.84219 19.92789 0.09422
56127.87262 19.54653 0.07443
56128.79045 19.71681 0.13185
56128.8202 19.83365 0.09825
56128.8509 19.78223 0.07869
56129.81763 19.98825 0.09486
56129.84839 19.92806 0.08935
56130.78415 19.8136 0.1175
56130.84603 19.67319 0.08622
56131.81956 19.9356 0.09906
56131.84966 19.74801 0.08418
56131.87991 19.72414 0.0791
56132.81342 19.99797 0.08886
56132.85526 19.74685 0.07657
56133.77702 19.84025 0.09487
56133.80732 19.60964 0.08376
56133.83817 19.71108 0.07626
56135.77548 19.93072 0.12655
56135.80558 19.69528 0.07447
56135.8357 19.72662 0.05865
56136.78168 19.69102 0.09989
56136.81139 19.78786 0.10106
56136.84105 19.79935 0.07565
56137.77719 19.94487 0.10928
56137.84943 20.0062 0.11251
56143.81202 19.65542 0.12317
56144.79078 19.85138 0.13975
56144.82138 19.7707 0.10927
56145.80436 19.60537 0.16365
56146.77217 19.65322 0.12113
56146.83591 19.70392 0.10229
56147.81614 19.96629 0.12297
56148.73743 19.66976 0.10491
56148.76798 19.76649 0.10466
56148.79928 19.62022 0.10296
56151.84315 19.63114 0.05264
56151.87618 19.74025 0.05752
56151.91621 19.8303 0.0578
56164.86055 19.66013 0.04672
56164.89061 19.68276 0.04752
56164.92052 19.7361 0.04753
56165.82275 19.74448 0.07115
56165.85221 19.79645 0.05507
56165.88255 19.67953 0.04737
56166.78411 19.84579 0.08227
56166.82415 19.8489 0.07226
56166.85436 19.86031 0.07627
56167.76082 19.68146 0.09681
56167.79008 19.74124 0.0842
56167.82893 19.53037 0.0689
56168.73084 19.73301 0.1235
56168.76135 19.51408 0.10058
56168.79094 19.83102 0.093
56169.73488 19.49601 0.14237
56169.78208 19.96438 0.16336
56170.70609 19.58799 0.15689
56170.73648 19.81053 0.18534
56170.76821 19.63844 0.13027
56176.74473 19.62412 0.08917
56176.77537 19.77339 0.09657
56177.67775 19.77501 0.07389
56177.71467 19.69262 0.06529
56177.7448 19.65458 0.05919
56178.65701 19.62634 0.10009
56178.7245 19.75026 0.0736
56178.75548 19.68884 0.07045
56189.71737 20.01096 0.08436
56189.74707 19.88597 0.06607
56194.65274 19.91423 0.11449
56194.68156 19.75863 0.11836
56194.73072 19.8025 0.07996
56195.63238 20.00807 0.13647
56195.68489 19.9748 0.10776
56195.74387 19.68995 0.09675
56196.64868 19.82311 0.09806
56196.67925 19.92307 0.11315
56196.70945 19.82355 0.09836
56197.65122 19.7544 0.16698
56197.68048 19.83396 0.11456
56198.66294 19.91999 0.1825
56198.69225 19.7097 0.12178
56202.64754 20.02326 0.26659
56207.71676 20.05245 0.12226
56207.74712 19.95719 0.18699
56207.82773 19.68527 0.18031
56224.66207 19.88005 0.09799
56224.69182 19.80417 0.09249
56225.74851 19.94165 0.09615
56225.84088 19.83098 0.08765
56227.75148 19.75436 0.15026
56228.67316 19.5948 0.10188
56228.71 20.02282 0.15124
56229.61202 19.95699 0.14156
56230.64599 19.76282 0.14608
56232.82116 19.60366 0.09256
56233.75399 19.77314 0.10453
56233.78371 19.96661 0.13879
56234.68453 19.88127 0.08607
56234.71313 19.66785 0.08217
56235.61461 19.8534 0.08389
56235.64419 19.75165 0.08635
56236.58514 20.06003 0.13317
56236.61561 19.85466 0.07677
56237.58477 19.76092 0.08116
56237.61509 19.92629 0.07206
56238.58334 19.73544 0.09935
56238.61531 19.74385 0.07045
56239.58294 19.68192 0.07885
56239.61141 19.66253 0.06575
56251.83071 19.8496 0.07336
56251.86073 19.7323 0.07958
56252.58576 19.95062 0.08057
56252.60631 19.68722 0.0683
56252.62487 19.65351 0.06818
56252.64555 19.74723 0.07486
56252.66096 19.89329 0.0729
56252.69879 19.82287 0.07048
56252.71706 19.83492 0.07927
56252.73499 19.75218 0.06409
56252.75258 19.71916 0.0615
56252.76856 19.76319 0.07407
56252.78929 19.80271 0.09677
56252.80517 19.87042 0.08588
56252.821 19.82773 0.06929
56252.83831 19.77435 0.07488
56252.85634 19.85673 0.07298
56253.58621 19.76912 0.09005
56253.60335 19.62676 0.08136
56253.62054 19.81524 0.09625
56253.63682 19.72107 0.07495
56253.6539 19.76808 0.08414
56253.6721 19.90204 0.09094
56253.70902 20.01941 0.10114
56253.75003 19.78079 0.11805
56253.76637 19.7098 0.09913
56253.78832 19.82643 0.08427
56253.8078 19.9841 0.10985
56253.82956 19.93439 0.09805
56253.85372 19.61563 0.08528
56254.74613 19.79302 0.08864
56254.77889 19.81305 0.09756
56255.7252 19.91087 0.11955
56256.62657 19.82983 0.09615
56256.6557 19.56128 0.09176
56257.58763 19.58706 0.12316
56257.64219 19.83302 0.15055
56258.58614 19.63832 0.12247
56258.61848 19.83587 0.14025
56259.59443 19.91265 0.15614
56265.629 19.74602 0.06039
56265.6592 19.62294 0.07748
56266.58222 19.97095 0.10373
56267.58751 19.74789 0.06507
56267.61751 19.77762 0.0648
56268.59364 19.73373 0.06094
56268.62314 19.83219 0.06066
56269.58319 19.81633 0.07346
56269.58435 19.93923 0.06447
56269.58546 19.81823 0.06378
56269.58657 19.74509 0.06197
56269.58771 19.83947 0.06577
56269.58893 19.82407 0.05877
56269.59006 19.74597 0.06136
56269.59133 19.628 0.05637
56269.59245 19.74966 0.06329
56269.59364 19.73785 0.06369
56269.59478 19.79307 0.05618
56269.596 19.74042 0.05348
56269.59713 19.60957 0.0542
56269.59843 19.74707 0.05628
56269.59956 19.76997 0.05608
56269.60977 19.74824 0.06337
56269.61093 19.62707 0.05822
56269.6121 19.95887 0.06396
56269.61321 19.77189 0.06117
56269.61434 19.81321 0.06217
56269.61547 19.78231 0.06039
56269.61659 19.72741 0.05988
56269.61773 19.78778 0.05928
56269.61884 19.81514 0.05906
56269.61995 19.72915 0.05706
56269.62115 19.68434 0.05628
56269.6223 19.78733 0.05766
56269.62343 19.77794 0.05568
56269.62457 19.80909 0.05685
56269.62569 19.71759 0.0537
56269.62688 19.69721 0.05646
56269.628 19.86753 0.06436
56269.6375 19.67906 0.0604
56269.63881 19.6872 0.05598
56269.64001 19.78048 0.06147
56269.64114 19.77235 0.05588
56269.64226 19.64721 0.05209
56269.64337 19.82254 0.06048
56269.6445 19.79544 0.05777
56269.64562 19.79451 0.05646
56269.64675 19.77452 0.05647
56269.64789 19.77975 0.05545
56269.64905 19.93967 0.06377
56269.65017 19.77195 0.05496
56269.65129 19.80494 0.05528
56269.65247 19.75136 0.05686
56269.65359 19.82841 0.05817
56269.65473 19.69741 0.05787
56269.65585 19.76101 0.05457
56269.65698 19.79477 0.05346
56269.65819 19.777 0.05516
56269.65932 19.82105 0.05625
56269.66055 19.77738 0.05897
56269.66167 19.80162 0.05915
56269.66279 19.75291 0.05429
56269.66393 19.78153 0.05445
56269.66595 19.73372 0.05477
56269.66717 19.83598 0.05449
56269.66829 19.73878 0.05278
56269.66952 19.66373 0.05446
56269.67064 19.73058 0.05665
56269.67184 19.76098 0.05435
56269.673 19.73334 0.05447
56269.67412 19.81778 0.05866
56269.67533 19.64298 0.05655
56269.67646 19.72729 0.05546
56269.6776 19.78181 0.05285
56269.67883 19.82755 0.06025
56269.67997 19.77325 0.05746
56269.6812 19.71735 0.05465
56269.68232 19.833 0.05646
56269.68343 19.81941 0.06015
56269.68473 19.75597 0.05296
56269.68592 19.82242 0.06035
56269.68705 19.73278 0.05466
56269.68816 19.83664 0.05288
56269.68929 19.71557 0.05277
56269.69041 19.74854 0.05286
56269.69157 19.73341 0.05335
56269.69269 19.78008 0.05298
56269.69383 19.73704 0.05616
56269.69496 19.60882 0.05037
56269.69608 19.67875 0.05217
56269.69898 19.83784 0.05736
56269.70011 19.88285 0.06685
56269.70126 19.77734 0.05597
56269.70241 19.81946 0.05516
56269.70357 19.71523 0.05526
56269.70468 19.76095 0.05377
56269.70581 19.63239 0.05156
56269.70705 19.72599 0.05696
56269.70816 19.73236 0.05376
56269.70937 19.73058 0.05359
56269.7105 19.78282 0.05965
56269.71167 19.70334 0.05456
56269.7128 19.79379 0.05538
56269.71403 19.73727 0.05636
56269.71516 19.73848 0.05628
56269.7163 19.79532 0.05386
56269.72641 19.86641 0.06916
56269.72763 19.90787 0.05717
56269.72875 19.75322 0.05786
56269.72987 19.68509 0.05337
56269.731 19.78846 0.05297
56269.73213 19.66939 0.05529
56269.73326 19.83799 0.05718
56269.73438 19.76314 0.05506
56269.73557 19.76176 0.06057
56269.73682 19.70143 0.05378
56269.73796 19.67015 0.05546
56269.73911 19.53853 0.05117
56269.74036 19.64949 0.05307
56269.74147 19.74873 0.05516
56269.74272 19.71054 0.05336
56269.74391 19.77362 0.05548
56269.74502 19.81022 0.05599
56269.7462 19.70729 0.05517
56269.74734 19.61638 0.05539
56269.74846 19.68575 0.05665
56269.74961 19.67018 0.05458
56269.75074 19.67112 0.05487
56269.75201 19.64012 0.05436
56269.75316 19.73517 0.05527
56269.75429 19.73389 0.05787
56269.75553 19.68747 0.05586
56269.75665 19.65311 0.05398
56269.75779 19.82564 0.06356
56269.75895 19.60442 0.05527
56269.76008 19.69263 0.05756
56269.76123 19.74336 0.06036
56269.76235 19.70834 0.06096
56269.76348 19.75615 0.05976
56269.76459 19.68827 0.05679
56269.76573 19.67911 0.05389
56269.78036 19.83372 0.06677
56269.78151 19.87628 0.06395
56269.78271 19.78896 0.06486
56269.78391 19.69954 0.05775
56269.78511 19.72709 0.05868
56269.78751 19.6901 0.05546
56269.78876 19.94247 0.07126
56269.78989 19.70786 0.06086
56269.79108 19.59258 0.07315
56269.79227 19.65465 0.06097
56269.79356 19.81351 0.06105
56269.79478 19.65003 0.05447
56269.7959 19.84639 0.06346
56269.79701 19.84176 0.06485
56269.79816 19.82967 0.07046
56269.79928 19.67009 0.05869
56269.80041 19.65532 0.06316
56269.80156 19.65757 0.06088
56269.80276 19.73713 0.05986
56269.80404 19.68816 0.06015
56269.80517 19.94514 0.07016
56269.80638 19.9394 0.07016
56269.80752 19.80828 0.06606
56269.80866 19.63528 0.06686
56270.57931 19.72223 0.0676
56270.58058 19.61741 0.06308
56270.58188 19.78066 0.06299
56270.58305 19.80275 0.06168
56270.58429 19.71827 0.05639
56270.58556 19.73208 0.05889
56270.58671 19.83959 0.06558
56270.58798 19.81906 0.0578
56270.58926 19.70635 0.05828
56270.59051 19.66288 0.0548
56270.59176 19.65585 0.05429
56270.59301 19.8626 0.06008
56270.59588 19.77363 0.05409
56270.59719 19.72092 0.05467
56270.59846 19.72477 0.05609
56270.59973 19.65595 0.05298
56270.60101 19.69283 0.05479
56270.60229 19.82358 0.05761
56270.60361 19.61877 0.05727
56270.60484 19.71208 0.0557
56270.60617 19.77579 0.0576
56270.60868 19.69066 0.05451
56270.60993 19.75692 0.06029
56270.61121 19.75838 0.05528
56270.61244 19.6771 0.05476
56270.61368 19.68216 0.05509
56270.61481 19.72798 0.06058
56270.61593 19.6892 0.05288
56270.61713 19.71664 0.05418
56270.61835 19.67557 0.05488
56270.61963 19.65863 0.05136
56270.62082 19.68461 0.05128
56270.62212 19.76051 0.05238
56270.62324 19.62101 0.0497
56270.62438 19.7432 0.05381
56270.6255 19.76018 0.05759
56270.62668 19.67615 0.05339
56270.62781 19.80908 0.06009
56270.62895 19.70366 0.05649
56270.63017 19.6961 0.0544
56270.6313 19.75359 0.05478
56270.63259 19.7242 0.0542
56270.63372 19.66521 0.05409
56270.63484 19.63614 0.0516
56270.64581 19.7172 0.05839
56270.64713 19.69902 0.05568
56270.64825 19.77327 0.0541
56270.6495 19.77822 0.05449
56270.65082 19.6579 0.05392
56270.65222 19.75643 0.06209
56270.65336 19.72073 0.05557
56270.6545 19.72568 0.05689
56270.65562 19.78206 0.05758
56270.65697 19.83086 0.05719
56270.65832 19.67999 0.05381
56270.65959 19.73056 0.05392
56270.66092 19.7142 0.0551
56270.66217 19.64222 0.05072
56270.66351 19.70015 0.05581
56270.66477 19.79894 0.06069
56270.67891 19.75704 0.05732
56270.68008 19.72849 0.0509
56270.68122 19.72639 0.05339
56270.68243 19.72366 0.05054
56270.68382 19.71225 0.05653
56270.68508 19.80596 0.05449
56270.68653 19.61571 0.05149
56270.68784 19.67023 0.05418
56270.68912 19.73806 0.0564
56270.69114 19.71323 0.05502
56270.69232 19.79596 0.0564
56270.69365 19.65274 0.05356
56270.6948 19.69209 0.05539
56270.69617 19.6923 0.05389
56270.69746 19.69773 0.05409
56270.6986 19.75667 0.05333
56270.6999 19.7848 0.05349
56270.70121 19.77726 0.05429
56270.70235 19.82018 0.0537
56270.70349 19.67492 0.05048
56270.70482 19.75043 0.05289
56270.70613 19.81415 0.05612
56270.70726 19.81091 0.05609
56270.7086 19.80871 0.05474
56270.70972 19.66581 0.0496
56270.71103 19.70794 0.05619
56270.71235 19.78901 0.05777
56270.71347 19.84214 0.05612
56270.71481 19.67739 0.05229
56270.71608 19.6931 0.05429
56270.71722 19.70453 0.05479
56270.71853 19.70221 0.05589
56270.71967 19.79136 0.05659
56270.72098 19.74594 0.05829
56270.72302 19.74107 0.05779
56270.72439 19.83365 0.05872
56270.72553 19.73188 0.0573
56270.72665 19.72826 0.05312
56270.72793 19.70732 0.0525
56270.72927 19.74214 0.06107
56270.73043 19.6909 0.05289
56270.73161 19.81336 0.05766
56270.73292 19.75342 0.05509
56270.73506 19.72428 0.0544
56270.73622 19.73981 0.05417
56270.73753 19.73249 0.05788
56270.73887 19.76763 0.05828
56270.74001 19.75954 0.05939
56270.74126 19.74719 0.05488
56270.7424 19.66815 0.0548
56270.74369 19.74762 0.05876
56270.74498 19.7136 0.05708
56270.74609 19.85367 0.06446
56270.74744 19.86619 0.05638
56270.7486 19.63994 0.0541
56270.74995 19.73909 0.05478
56270.75121 19.70193 0.05908
56270.75241 19.66319 0.05378
56270.75372 19.73398 0.052
56270.75502 19.78189 0.05569
56270.75706 19.79115 0.0617
56270.75826 19.76452 0.06039
56270.75948 19.80761 0.06188
56270.76078 19.78089 0.06068
56270.76208 19.79704 0.06197
56270.77223 19.7876 0.06339
56270.77464 19.72871 0.05916
56270.77775 19.76152 0.05929
56270.77887 19.83261 0.06847
56270.78012 19.72352 0.05571
56270.78147 19.76954 0.06409
56270.78273 19.87616 0.06407
56270.784 19.72319 0.06038
56270.78526 19.78655 0.06298
56270.78661 19.92013 0.06946
56270.78776 19.81405 0.05849
56270.7891 19.77532 0.06285
56270.79021 19.71947 0.06858
56270.79151 19.71708 0.06478
56270.7928 19.80902 0.06497
56270.79391 19.60788 0.06008
56270.79508 19.74751 0.06318
56270.79619 19.74894 0.06957
56270.7975 19.83448 0.06656
56270.79862 19.80095 0.06497
56270.79991 19.65023 0.05927
56270.80111 19.70726 0.06398
56270.80249 19.6277 0.06239
56270.80509 19.61232 0.06327
56270.80715 19.82521 0.07127
56270.80837 19.63158 0.07149
56270.80963 19.71068 0.06597
56271.71236 19.83355 0.07497
56271.74462 19.8243 0.0755
56272.64495 19.76061 0.06965
56272.7082 19.72295 0.08743
56273.60993 19.663 0.06426
56273.63946 19.78877 0.07436
56281.58737 19.69463 0.11318
56281.61668 19.79577 0.09509
56282.58095 19.73152 0.09315
56282.61036 19.94921 0.09566
56282.62819 19.72822 0.08016
56297.58897 19.77592 0.06806
56297.59019 19.74559 0.06638
56297.5937 19.69801 0.06706
56297.59722 19.6934 0.06138
56297.59904 19.77889 0.06335
56297.60164 19.78626 0.06357
56297.60284 19.67946 0.06197
56297.6053 19.65452 0.05539
56297.61734 19.75546 0.06496
56297.61965 19.74998 0.05719
56297.62198 19.78368 0.05906
56297.62474 19.79467 0.06107
56297.62597 19.76468 0.05948
56297.62818 19.69962 0.06199
56297.63051 19.79478 0.0634
56297.63246 19.7123 0.06526
56297.6337 19.71059 0.06387
56297.63597 19.79406 0.0639
56297.63722 19.65905 0.06189
56297.63944 19.83618 0.06777
56297.64162 19.78888 0.06528
56297.64281 19.83377 0.06428
56297.64393 19.75653 0.06097
56297.64612 19.77095 0.06237
56297.64742 19.91578 0.06888
56297.64964 19.71356 0.06599
56297.65084 19.78637 0.06297
56297.65434 19.77646 0.06248
56297.65811 19.59128 0.06067
56297.65988 19.76021 0.06746
56297.66121 19.78622 0.06646
56297.66483 19.82034 0.06756
56297.66714 19.83342 0.06798
56297.67315 19.70282 0.06548
56297.67547 19.86384 0.08116
56297.67675 19.73827 0.06377
56297.67954 19.72618 0.06461
56297.68076 19.86524 0.06376
56297.6819 19.79396 0.07278
56297.68325 19.76371 0.06498
56297.68541 19.66208 0.05847
56297.68786 19.73853 0.06257
56297.69171 19.7946 0.07516
56297.69635 19.7024 0.06668
56297.69767 19.80983 0.06879
56297.70113 19.89579 0.07155
56297.70743 19.80743 0.06756
56297.71084 19.63935 0.06115
56297.71401 19.71391 0.07077
56297.71668 19.79325 0.07156
56297.7179 19.68793 0.06797
56297.72049 19.85833 0.07596
56297.72327 19.70918 0.07286
56297.72448 19.82731 0.08416
56297.72584 19.74585 0.06897
56297.72772 19.69227 0.07416
56297.72894 19.76158 0.07777
56297.74317 19.64116 0.08555
56297.74996 19.65977 0.06756
56297.75123 19.56995 0.06717
56297.75493 19.56762 0.07985
56297.75709 19.60613 0.07195
56297.7583 19.68181 0.07876
56297.76047 19.73534 0.08206
56297.76167 19.77229 0.07535
56297.76388 19.75355 0.07695
56297.76506 19.7993 0.08096
56297.76834 19.78993 0.08665
56297.77069 19.82445 0.08336
56297.77185 19.72678 0.08287
56297.77383 19.86425 0.08757
56297.79199 19.57068 0.10077
56297.79318 19.5336 0.08996
56297.79645 19.63782 0.08896
56297.79838 19.67984 0.08669
56297.79953 19.89887 0.11017
56297.80077 19.8659 0.09239
56297.80192 19.85483 0.09845
56297.80312 19.45317 0.10107
56297.80437 19.59322 0.11045
56297.80564 19.63753 0.10138
56297.80864 19.93904 0.11215
56298.58895 19.6231 0.08473
56298.59013 19.81321 0.08639
56298.59235 19.81321 0.13151
56298.59724 19.99179 0.15
56298.59842 19.83871 0.11585
56298.60089 19.78594 0.11502
56298.6021 19.69067 0.11402
56298.60332 19.75874 0.12508
56298.60466 19.52547 0.13041
56298.60701 19.68168 0.11154
56298.60823 19.78705 0.12204
56298.61034 19.61511 0.13104
56298.61595 19.6983 0.06798
56298.61811 19.53979 0.06577
56298.62047 19.75577 0.07188
56298.62171 19.61518 0.1013
56298.62426 19.70244 0.07088
56298.62643 19.78552 0.08924
56298.62762 19.73009 0.10814
56298.63098 19.75821 0.08613
56298.63219 19.52693 0.07833
56298.63473 19.65777 0.07908
56298.63687 19.83529 0.0838
56298.63807 19.62527 0.07685
56298.63935 19.78861 0.08833
56298.64364 19.74817 0.06621
56298.64578 19.74823 0.08652
56298.64695 19.95185 0.09529
56298.6481 19.80641 0.07374
56298.65082 19.54807 0.09217
56298.65294 19.71539 0.071
56298.65509 19.69709 0.06502
56298.65745 19.68852 0.09398
56298.65865 19.69764 0.06267
56298.66081 19.74514 0.06886
56298.66198 19.63363 0.05749
56298.66411 19.81279 0.06962
56298.66639 19.73812 0.06597
56298.6699 19.73685 0.06206
56298.68256 19.98817 0.08449
56298.68492 19.85686 0.08894
56298.68729 19.9628 0.11948
56298.68852 19.87178 0.14028
56301.59099 19.74107 0.06498
56302.62153 19.82303 0.09801
56305.59416 19.81555 0.06986
56305.62276 19.70255 0.06219
56307.63151 19.66747 0.07328
56308.60019 19.78229 0.09086
56310.60466 19.92636 0.10488
56310.63503 19.62552 0.08256
56311.59823 20.00933 0.09165
56311.62777 19.75543 0.09318
56312.59699 19.93218 0.14387
56312.63396 19.95545 0.14806
56313.60478 19.75121 0.08257
56313.63593 19.63546 0.08667
56314.61498 19.73415 0.09376
56314.64504 19.78958 0.12976
56322.60046 19.69755 0.10799
56322.63022 19.92579 0.094
56323.59943 19.80606 0.07896
56323.60059 19.7899 0.07667
56323.60172 19.77936 0.07575
56323.60284 19.85732 0.07268
56323.60396 19.69418 0.07345
56323.60508 19.89222 0.07265
56323.60621 19.83191 0.08124
56323.60734 19.83766 0.07806
56323.60846 19.92026 0.06917
56323.60959 19.64557 0.06528
56323.61071 19.76621 0.07085
56323.61183 19.77851 0.06398
56323.61297 19.74932 0.07547
56323.61409 19.96003 0.07746
56323.61521 19.76813 0.07555
56323.61635 19.61962 0.06228
56323.61747 19.82228 0.07476
56323.61859 19.55728 0.07665
56323.61971 19.63655 0.06716
56323.62085 19.68465 0.06746
56323.62197 19.60437 0.06394
56323.62309 19.60328 0.06648
56323.62423 19.92175 0.08074
56323.62535 19.65549 0.06856
56323.62647 19.59966 0.06737
56323.62759 19.52324 0.07445
56323.62872 19.90238 0.07907
56323.62985 19.75097 0.06925
56323.63097 19.75862 0.07266
56323.6321 19.87092 0.07367
56323.63322 19.84553 0.07537
56323.63435 19.77907 0.07428
56323.63549 19.77544 0.07854
56323.63661 19.87781 0.07677
56323.63773 19.79338 0.08526
56323.63887 19.90727 0.09496
56323.63999 19.78933 0.08125
56323.64112 19.69983 0.07995
56323.64225 19.81477 0.07625
56323.64338 19.67928 0.06906
56323.6445 19.95269 0.08316
56323.64563 19.65558 0.08227
56323.64676 19.81127 0.06836
56323.64789 19.97213 0.07908
56323.64902 19.76824 0.07415
56323.65014 19.80035 0.08225
56323.65127 19.72939 0.07626
56323.6524 19.59376 0.07575
56323.65352 19.73254 0.07407
56323.65465 19.75706 0.07265
56323.65577 19.76124 0.08375
56323.65691 19.69284 0.07505
56323.65803 19.71412 0.07835
56323.65917 19.88617 0.08495
56323.66029 19.75416 0.07916
56323.66142 19.7573 0.11585
56323.66255 20.01914 0.09875
56323.66367 19.62511 0.08656
56323.66594 19.89601 0.09554
56323.66706 19.72175 0.08306
56323.66819 19.87992 0.10314
56323.66932 19.96041 0.09706
56323.67045 19.7872 0.09905
56323.67158 19.83171 0.09794
56323.67271 19.85597 0.08754
56323.67384 19.81623 0.08606
56323.67496 19.57425 0.08646
56323.67613 19.89216 0.09715
56323.67725 19.65298 0.09814
56323.67838 19.74256 0.08803
56323.67951 19.90622 0.08756
56323.68065 19.57681 0.08236
56323.68177 19.77417 0.10305
56323.6829 19.96049 0.09115
56323.68402 19.85854 0.12313
56323.68516 20.03141 0.09827
56323.68628 20.06303 0.10115
56323.68742 19.57856 0.07676
56323.68855 19.85452 0.08955
56323.68967 19.6981 0.08695
56323.69081 19.52694 0.09934
56323.69194 19.69714 0.09784
56323.69306 19.77206 0.10174
56323.6942 20.05424 0.11515
56323.69532 19.85918 0.10016
56323.69644 19.98798 0.10865
56323.69758 20.06317 0.13165
56323.6987 19.86007 0.11846
56323.69982 19.70079 0.11824
56323.70094 19.87314 0.13114
56323.70208 19.91568 0.11336
56323.7032 19.97771 0.12377
56323.70434 19.83653 0.11916
56323.70546 19.83577 0.10207
56323.70659 19.76296 0.13194
56323.70772 19.91883 0.13227
56323.70887 19.97357 0.15727
56323.71001 20.00541 0.15417
56323.71114 19.94183 0.13397
56323.7134 19.90772 0.15416
56323.71453 20.05926 0.16315
56323.71565 19.91145 0.16925
56323.71905 19.82649 0.18326
56323.72242 19.82302 0.15358
56323.72356 20.00063 0.16978
56323.72582 19.70829 0.17068
56324.6344 19.72806 0.07705
56324.67356 19.84683 0.08255
56328.60109 19.7172 0.08206
56328.63041 19.74794 0.06977
56329.6158 19.92522 0.10409
56330.60568 19.81373 0.07547
56330.63442 19.78483 0.07706
56336.60557 19.84856 0.09225
56336.6347 19.7071 0.11075
56337.61678 19.71746 0.08016
56337.646 19.89314 0.09395
56339.61462 19.81816 0.14876
56340.62168 19.89682 0.11197
56340.65261 19.66682 0.08883
56341.63432 19.8727 0.1174
56434.97306 19.59632 0.12015
56440.95678 19.69273 0.17672
56442.95121 19.61548 0.13637
56443.94843 20.03032 0.10837
56444.94545 19.66347 0.13938
56444.97977 19.78325 0.21107
56446.9404 19.89559 0.11036
56447.93827 19.90769 0.08129
56447.97245 19.78731 0.10206
56448.93551 19.86236 0.07597
56448.97043 19.88758 0.09386
56449.9322 19.77904 0.07289
56449.96744 19.63896 0.07107
56450.93056 19.84695 0.07589
56450.96471 19.88918 0.11446
56451.92757 19.6377 0.0886
56451.96268 19.89198 0.07818
56452.92487 19.65783 0.07537
56452.95905 19.93812 0.07914
56453.9223 19.88573 0.08958
56453.95718 19.74369 0.0842
56454.91904 19.85591 0.11094
56454.9531 19.86435 0.07876
56455.91706 19.86334 0.0844
56455.95123 19.79022 0.06407
56456.91361 19.86672 0.09367
56456.94859 19.76641 0.06948
56457.91086 19.61851 0.07856
56457.9457 19.75502 0.08646
56458.90893 19.93136 0.08435
56458.94334 19.83045 0.07614
56459.90596 19.84021 0.07695
56459.94092 20.03769 0.07608
56460.9034 19.90668 0.08175
56460.93791 19.87498 0.07627
56461.90107 19.58287 0.07218
56461.93811 19.7173 0.0671
56462.89824 20.07377 0.09746
56462.93439 19.76186 0.08887
56463.89576 19.9014 0.16154
56463.93218 19.76463 0.07611
56469.87982 20.12941 0.13477
56469.91685 19.7859 0.10397
56471.87375 19.8216 0.15161
56471.91001 19.86312 0.15391
56475.86334 19.95119 0.17458
56475.9008 19.91945 0.11508
56476.86102 19.91466 0.13269
56476.89765 19.63415 0.13265
56477.85777 19.8303 0.19471
56485.83631 19.84129 0.08191
56486.83403 19.97803 0.08297
56486.87106 19.79631 0.0755
56488.83006 19.86352 0.0871
56488.86647 19.83876 0.0698
56489.82698 19.80166 0.08702
56489.86366 19.61565 0.06886
56491.8581 19.75744 0.13757
56502.82864 19.6404 0.08026
56503.78903 19.91373 0.08314
56503.82769 19.81553 0.08704
56504.82017 19.81953 0.10031
56504.86992 19.8148 0.07552
56504.90811 19.8062 0.06691
56505.81768 19.92438 0.08433
56505.9509 19.62687 0.06485
56505.98842 19.845 0.08898
56506.89349 19.87888 0.08429
56507.80198 19.76469 0.07837
56507.84712 19.89332 0.07057
56507.99891 19.97165 0.07479
56508.90167 19.81448 0.05102
56509.79634 19.77442 0.06372
56509.83877 19.78369 0.0605
56510.8262 19.93684 0.061
56511.79111 19.71212 0.06544
56511.84089 19.87305 0.06631
56512.78788 19.73826 0.07052
56512.82519 19.83842 0.072
56513.78624 19.80055 0.06845
56513.82352 19.63896 0.05535
56514.7834 19.83216 0.07674
56514.82081 19.80375 0.06195
56515.78106 19.86188 0.07412
56515.82231 19.83343 0.06447
56516.77774 20.00233 0.07272
56516.81437 19.88725 0.05758
56517.77605 19.73652 0.08262
56517.81715 19.75067 0.05284
56517.97309 19.80589 0.05882
56518.87478 19.79091 0.0554
56518.96686 19.74537 0.06031
56519.00311 19.81502 0.0625
56519.90443 19.7275 0.04935
56519.96504 19.7638 0.05191
56520.00171 19.75992 0.0554
56520.90327 19.77606 0.05572
56520.95521 19.79067 0.05429
56520.99262 19.76057 0.05221
56521.89446 19.88053 0.06369
56521.95772 19.6949 0.05951
56521.99393 19.80796 0.05869
56528.81982 19.85368 0.15649
56528.87422 19.61334 0.1053
56529.90241 19.65916 0.11919
56529.93849 19.87021 0.14585
56532.71221 19.85353 0.09309
56532.85928 19.75344 0.0701
56532.89645 19.74175 0.0623
56533.79895 19.84043 0.06468
56533.93493 19.89995 0.06776
56533.97228 19.95476 0.07385
56537.84525 19.71775 0.05317
56537.9874 19.71615 0.05307
56539.69386 20.06452 0.09576
56539.88447 19.74764 0.04969
56539.9215 19.78284 0.05669
56540.97669 19.77304 0.05809
56541.6883 19.89622 0.08213
56541.83165 19.68707 0.15746
56542.96698 19.79115 0.05838
56543.00294 19.90847 0.06848
56543.97085 19.84768 0.05576
56544.00787 19.66411 0.06159
56546.67441 20.01119 0.09396
56546.75907 19.82401 0.07909
56546.94639 19.93001 0.05788
56547.84788 19.82528 0.0648
56548.0057 19.93797 0.06518
56548.66959 20.09015 0.13826
56548.70582 20.00559 0.11356
56548.74172 19.80295 0.08566
56549.66591 19.96884 0.10188
56549.73967 19.89643 0.09256
56550.66388 19.69049 0.14778
56550.6994 19.99428 0.12196
56550.73216 19.867 0.09396
56551.75862 19.65036 0.11055
56552.66117 20.06627 0.18464
56552.74635 19.82272 0.10686
56561.66061 19.69409 0.08777
56561.92356 20.03041 0.10685
56562.93459 19.82407 0.07396
56563.6524 19.63087 0.08676
56563.6893 19.84487 0.10776
56563.77494 19.58811 0.06827
56564.72602 19.70043 0.06976
56564.99301 19.8899 0.07346
56565.02672 19.75095 0.08677
56565.92832 19.78375 0.0638
56565.98151 19.76314 0.08066
56566.01544 19.72815 0.07757
56566.91724 19.77605 0.06397
56566.96287 19.63295 0.06458
56566.99591 19.8821 0.08064
56567.8986 19.75066 0.05446
56567.96702 19.72965 0.05367
56568.00039 19.64823 0.07735
56568.90245 19.77225 0.06033
56568.96343 19.91979 0.06427
56568.99843 19.82437 0.07188
56569.90084 19.76987 0.06136
56569.99803 19.77749 0.07477
56570.03082 19.78092 0.10227
56571.62526 19.83316 0.12914
56571.69052 19.93089 0.11235
56571.72419 20.00914 0.12558
56572.62632 19.71858 0.08558
56572.66032 19.892 0.07548
56572.69287 19.88392 0.10002
56573.61429 19.68625 0.08547
56573.64765 19.54185 0.07547
56573.77817 19.80542 0.06038
56576.83948 19.83272 0.06162
56577.00541 19.68151 0.07976
56577.60601 20.01869 0.11977
56577.63144 19.87637 0.12256
56577.77306 19.77129 0.07087
56578.67217 19.92605 0.08666
56578.69674 19.7557 0.09776
56578.75347 19.73398 0.07429
56579.73584 19.79886 0.07686
56579.85963 20.02506 0.10886
56579.88516 19.89996 0.08795
56580.7875 19.74449 0.08897
56580.8553 19.91814 0.11715
56580.88022 19.81804 0.11047
56581.78167 20.04044 0.13997
56581.83883 20.03003 0.15094
56581.86464 19.95875 0.15656
56587.62864 19.61522 0.07106
56587.78993 20.03798 0.09948
56587.81475 19.95271 0.10357
56588.71625 19.77137 0.11536
56588.86644 19.64466 0.12869
56588.89281 19.83886 0.15024
56589.79481 19.78609 0.07096
56589.81959 19.91054 0.07897
56589.84642 19.69006 0.07436
56590.76387 19.72421 0.0653
56590.8749 19.87951 0.08006
56590.89969 19.92504 0.08284
56591.80204 19.55943 0.10366
56591.86057 19.92016 0.07306
56591.88508 19.72034 0.07257
56592.81972 19.8368 0.06678
56592.91348 19.79475 0.09576
56592.93852 19.87136 0.08346
56596.59731 19.75857 0.0866
56596.81771 19.78573 0.08207
56596.84238 19.89442 0.08127
56597.74425 19.80613 0.07778
56597.82393 19.9168 0.08717
56597.84943 20.03382 0.09979
56598.75163 19.93572 0.07828
56598.82179 19.76609 0.07847
56598.84855 19.73064 0.07878
56599.75014 19.88503 0.06516
56599.79577 19.7229 0.05589
56599.82112 19.81428 0.06797
56600.77441 19.75637 0.06537
56600.8753 19.90027 0.07687
56602.59024 19.80619 0.11347
56602.75501 19.92878 0.1196
56602.78065 19.83353 0.09407
56603.68227 19.85273 0.07587
56603.74296 19.89076 0.07987
56603.81581 19.82104 0.07069
56604.73691 19.84881 0.06911
56604.92616 19.81326 0.07923
56605.64733 19.71738 0.06727
56605.67213 19.76275 0.06805
56606.58401 19.82161 0.1521
56606.60932 19.87614 0.09242
56606.64241 20.02244 0.14485
56607.82225 19.96988 0.09506
56607.84927 19.78049 0.07326
56608.81398 20.0198 0.11645
56608.84048 19.69453 0.1175
56609.8617 19.79963 0.09476
56609.88847 19.94661 0.10579
56621.79766 19.73414 0.07438
56622.58588 19.54313 0.06099
56623.58717 19.9675 0.09556
56624.57999 19.71668 0.0728
56624.60429 19.77119 0.06801
56625.70494 19.78496 0.06578
56625.74386 19.70927 0.06587
56626.64578 19.82679 0.0669
56626.67007 19.82301 0.0704
56627.83411 20.02363 0.18483
56628.73144 19.72885 0.0664
56628.76212 19.84745 0.07678
56637.58042 19.82606 0.09114
56637.60549 19.9706 0.10252
56639.58002 19.8004 0.12264
56639.60438 19.89038 0.17363
56640.58279 19.72766 0.12735
56648.58277 19.74302 0.08527
56648.61266 20.00787 0.09496
56650.58762 19.7381 0.08151
56653.58621 19.77928 0.13563
56653.61955 19.77423 0.11565
56658.58519 19.74396 0.07021
56658.62914 19.67347 0.06265
56659.58605 19.75305 0.0627
56659.61086 19.75075 0.0659
56660.58569 19.83112 0.06962
56660.61029 19.66492 0.06615
56662.58587 19.82444 0.07978
56662.61038 20.07143 0.09845
56663.59143 19.74981 0.06876
56663.6171 19.75277 0.07397
56664.58594 19.63504 0.13667
56664.6104 20.04444 0.11463
56668.61177 19.74845 0.09335
56675.5969 19.61487 0.07421
56675.6459 19.7434 0.09318
56676.59181 19.77116 0.07798
56676.61781 19.79338 0.06699
56677.71635 19.88379 0.18979
56678.61458 19.9622 0.07264
56678.64019 19.69404 0.07016
56680.60724 19.72657 0.07676
56683.59693 19.84372 0.07968
56683.63252 19.7626 0.0705
56685.59847 19.5395 0.13183
56685.6471 19.85745 0.0881
56686.63379 19.77466 0.14421
56687.59886 19.76373 0.07937
56687.64144 19.95915 0.07832
56690.60286 19.62502 0.09017
56690.64549 19.66886 0.07989
56697.60505 19.68052 0.08826
56816.96412 20.02193 0.09231
56816.97531 20.01263 0.12803
56817.96427 19.6146 0.07427
56818.96227 19.62855 0.06457
56818.97512 19.88939 0.09304
56819.96647 20.09424 0.1502
56820.96625 19.74557 0.14074
56820.97769 19.64809 0.17301
56822.96143 19.9618 0.1324
56823.96094 19.85679 0.18749
56823.97346 19.77756 0.16249
56824.96428 20.05044 0.11752
56824.97573 19.91484 0.14601
56825.96455 19.83871 0.13558
56825.97592 19.80641 0.14877
56826.96127 20.07328 0.11053
56826.97472 20.04923 0.12578
56827.96384 19.71829 0.08361
56827.97622 20.06952 0.13248
56828.9654 20.0086 0.09173
56828.97804 19.82379 0.11702
56829.96383 19.85291 0.07152
56829.97653 19.84521 0.10858
56830.96102 19.8245 0.06908
56830.97338 19.67637 0.08342
56831.96161 19.83156 0.06042
56831.97427 19.80156 0.08789
56832.9648 19.73586 0.06264
56832.97563 19.70005 0.06933
56833.96568 19.77315 0.06453
56833.97644 19.64729 0.07404
56834.96484 19.69845 0.06075
56834.9776 19.77703 0.11925
56835.96569 19.88755 0.07507
56835.97723 19.74297 0.09669
56836.96625 19.87238 0.06239
56836.97711 19.91855 0.09146
56837.96638 19.69081 0.05611
56838.96389 19.70997 0.04997
56838.9786 19.62632 0.07602
56839.96511 19.70446 0.05501
56839.97834 19.75727 0.07349
56840.96951 19.82044 0.0613
56840.98137 19.77141 0.10099
56841.96857 19.77338 0.05381
56841.98075 19.76789 0.096
56844.96636 19.69513 0.06182
56844.97887 19.65588 0.06951
56845.96726 19.85265 0.05732
56845.98002 19.61139 0.07821
56846.96666 19.7754 0.05471
56846.98115 19.76827 0.07138
56847.96648 19.68497 0.05311
56847.98151 19.78541 0.06171
56848.96743 19.63869 0.0524
56848.98312 19.64422 0.07068
56849.96813 19.96565 0.13235
56850.96941 20.01592 0.17873
56850.98368 19.79105 0.1907
56851.97048 19.66395 0.12116
56851.98675 19.77503 0.10128
56854.96165 19.78695 0.08562
56854.98771 19.78176 0.08811
56855.96071 19.80405 0.09145
56855.98393 19.95788 0.09247
56856.96087 20.05314 0.12985
56856.98328 19.75704 0.10006
56858.96243 19.81952 0.06083
56858.98507 19.64528 0.06445
56859.96515 19.64378 0.05302
56859.98697 19.75653 0.06739
56861.96231 19.6199 0.05379
56861.98508 19.67437 0.05431
56862.9659 19.63334 0.0565
56862.98227 19.71807 0.05431
56863.94981 19.56645 0.04785
56864.94576 19.68327 0.06479
56864.96947 19.78199 0.07466
56865.92975 19.76853 0.07901
56865.96089 19.82103 0.05367
56867.98799 19.7669 0.05591
56868.96536 19.76197 0.05686
56868.98567 19.67457 0.05827
56869.96092 19.78245 0.05268
56869.98231 19.70824 0.05248
56870.96467 19.6737 0.04848
56870.98635 19.6173 0.04806
56874.97428 19.68955 0.04595
56874.99622 19.72368 0.05985
56875.98151 19.86859 0.06102
56875.99752 19.70002 0.06405
56876.91773 19.82827 0.05573
56876.94717 19.67658 0.04853
56877.9745 19.77505 0.05179
56877.9957 19.74715 0.05529
56878.00741 19.97147 0.10405
56879.92838 19.69797 0.09528
56879.95816 19.68683 0.10968
56880.95792 19.74138 0.19018
56880.9882 19.6937 0.1203
56882.96877 19.83973 0.14239
56882.98848 19.88238 0.13318
56883.9421 19.72569 0.08129
56883.98158 19.75672 0.08521
56884.99956 19.73122 0.08309
56885.96448 19.75092 0.06991
56885.98159 19.6229 0.07343
56886.91453 19.83449 0.06769
56886.94264 19.73763 0.06432
56887.91623 19.76332 0.0625
56887.94902 19.7158 0.06092
56888.86519 19.71906 0.05028
56888.89905 19.78955 0.05259
56888.91008 19.73324 0.05077
56888.94196 19.75463 0.0563
56890.94091 19.6139 0.05309
56890.97479 19.75926 0.05496
56895.83087 19.72618 0.06212
56895.86667 19.80736 0.07702
56972.71463 19.95868 0.08217
56972.73749 19.93863 0.08911
56978.74407 19.81822 0.07903
56978.79927 19.73783 0.12546
56979.72374 19.81982 0.11506
56980.71766 19.93752 0.07652
56980.83416 19.78324 0.08175
56981.71538 19.88585 0.06998
56981.77818 19.85266 0.06983
56984.71333 19.89503 0.09665
56984.78092 19.65419 0.13455
56986.72544 19.81171 0.07574
56987.70535 19.96869 0.08899
56987.76948 19.78551 0.0853
56988.66321 19.87034 0.07731
56989.60286 19.90155 0.08441
56989.66828 19.75827 0.07543
56990.59847 19.74647 0.07313
56990.66232 19.87873 0.07697
56991.66882 20.07252 0.1781
57555.93989 20.06287 0.08603
57555.96363 19.77685 0.07923
57564.94449 19.90147 0.12654
57564.95195 19.79406 0.1409
57565.94418 20.1117 0.1022
57567.951 19.87862 0.09192
57567.97572 20.08615 0.12077
57568.92119 19.84946 0.08961
57568.97479 19.67846 0.08977
57569.92685 19.71095 0.08155
57570.93954 19.76608 0.07969
57571.91515 19.72184 0.07714
57571.96845 20.14529 0.09138
57572.94 19.56837 0.07259
57572.961 19.84537 0.07606
57573.95955 19.76231 0.06467
57574.96997 19.71744 0.07096
57575.96076 19.88949 0.06153
57576.95096 19.87828 0.06536
57577.97714 19.86433 0.0791
57578.93031 19.93507 0.07457
57579.93833 19.81064 0.07923
57579.96636 19.92193 0.07095
57580.94991 19.85186 0.06968
57580.97641 19.67173 0.08405
57581.93908 19.86378 0.06532
57581.96061 19.79291 0.06357
57582.96612 19.87547 0.0629
57582.9889 19.89098 0.11711
57583.93612 19.84104 0.06921
57583.97225 19.8249 0.06626
57584.92871 19.83361 0.06335
57584.97404 19.79155 0.06209
57585.92275 19.82158 0.07669
57585.96134 19.85027 0.0654
57586.91575 19.90306 0.11616
