#mjd mag magerr
55061.92501 20.10382 0.08474
55061.95573 19.92276 0.07967
55063.91987 20.22308 0.07716
55063.9639 20.12949 0.07333
55064.92128 19.97286 0.07571
55064.9656 20.15141 0.0793
55066.91014 20.21633 0.08532
55066.95474 20.092 0.07666
55067.96099 20.2512 0.12366
55069.90324 19.99257 0.09258
55069.94786 20.1009 0.0784
55084.86328 20.26638 0.11138
55087.85609 19.96558 0.09107
55087.90101 20.1215 0.07321
55088.96983 20.16026 0.07979
55089.01521 20.06814 0.082
55089.94574 20.22196 0.08611
55089.99042 20.20642 0.086
55093.83741 20.00219 0.07701
55093.88196 20.10586 0.07621
55096.8292 20.12936 0.07988
55097.00858 20.08155 0.10134
55104.99862 20.15883 0.11685
55107.79764 20.50333 0.18336
55114.88125 20.19659 0.1058
55119.89538 20.19393 0.08955
55119.95365 20.49259 0.11188
55123.75696 20.12468 0.10107
55123.81523 20.20075 0.08808
55126.97957 20.10039 0.11397
55127.83329 20.07981 0.08875
55127.87706 20.32368 0.16634
55142.7036 19.96095 0.07465
55142.75219 20.20192 0.09967
55144.77886 19.99383 0.08549
55144.82305 20.29528 0.11006
55151.72943 20.07858 0.09778
55151.77257 19.98347 0.08417
55166.70473 20.09163 0.15356
55166.74897 20.08551 0.21844
55168.63378 20.20808 0.12938
55168.6775 20.00505 0.15878
55175.61224 20.04329 0.07171
55175.65684 19.88667 0.06664
55181.59421 20.08185 0.11387
55181.63825 20.05097 0.10185
55183.59204 20.1138 0.13448
55183.64253 19.90028 0.08342
55189.58054 20.13411 0.11609
55189.62557 19.93976 0.08769
55194.59026 20.4101 0.16666
55199.58559 20.16064 0.08831
55202.58667 19.94788 0.09096
55203.71441 20.15765 0.10878
55203.75743 19.95159 0.1056
55207.63092 19.75291 0.07101
55207.67514 19.9146 0.0863
55209.5968 19.8942 0.06796
55209.64149 20.05503 0.10208
55213.63312 20.16038 0.10897
55213.6798 19.8316 0.10198
55377.85123 20.31179 0.22054
55377.89535 20.07598 0.16075
55379.8591 19.96823 0.13385
55379.92482 20.03985 0.09387
55380.87684 20.4369 0.20095
55380.92078 20.12337 0.16264
55381.89606 19.82995 0.09267
55381.93934 20.29443 0.10597
55384.82671 20.17759 0.10136
55384.87028 20.00058 0.08148
55385.87021 20.02716 0.08577
55385.91339 19.94717 0.08018
55386.86524 20.07311 0.09335
55386.90867 20.02124 0.08197
55387.87002 20.17393 0.08913
55387.91342 19.86845 0.06329
55388.86609 20.07914 0.10387
55388.91005 20.07295 0.08267
55390.80957 20.06843 0.15275
55390.85393 20.06268 0.09838
55391.80613 20.39021 0.14306
55391.87538 19.97632 0.08458
55392.83258 20.17282 0.11276
55392.87538 20.00592 0.08245
55394.79908 20.39063 0.16055
55394.8431 19.80736 0.09538
55395.79551 20.10686 0.18043
55395.84215 19.96665 0.08838
55396.79527 19.83102 0.15056
55396.83932 20.06383 0.08348
55397.83526 20.14744 0.10346
55398.83124 20.26596 0.14494
55399.78802 19.78256 0.19125
55399.83261 20.12238 0.16276
55400.8289 19.98495 0.15774
55401.82518 19.97267 0.14014
55404.84266 19.86503 0.13936
55405.8416 19.90827 0.15207
55411.79896 19.95485 0.14464
55412.79539 19.90368 0.11569
55413.79945 19.82887 0.1653
55414.75161 20.05032 0.18777
55414.79555 20.25037 0.16365
55417.84511 19.98344 0.13533
55418.84121 20.12359 0.15094
55419.79504 20.2741 0.14518
55420.83264 19.95325 0.12764
55421.73664 20.2368 0.10291
55421.79901 20.14137 0.08068
55422.75115 20.33624 0.11016
55422.79487 20.19657 0.09455
55423.74742 19.94034 0.08986
55423.79284 20.11448 0.08479
55424.75349 20.18226 0.13221
55424.80178 20.07816 0.09376
55425.76166 20.0098 0.13476
55425.80573 19.90313 0.07429
55426.80123 20.03034 0.09765
55426.8444 20.1068 0.06808
55427.79708 20.15365 0.10675
55427.8408 20.18744 0.09527
55428.79281 20.09315 0.10285
55428.83703 19.95637 0.09446
55429.8142 20.10038 0.11224
55429.85716 20.14084 0.11338
55430.75769 19.86662 0.14225
55430.80485 19.90394 0.11986
55431.75639 20.27733 0.14627
55431.80024 20.46702 0.13264
55432.78359 20.14767 0.16875
55435.69148 19.89965 0.21818
55436.88575 19.9557 0.16664
55436.88891 19.88376 0.14936
55436.8919 20.31587 0.15125
55436.89501 19.99975 0.11796
55436.90109 20.20143 0.17864
55436.9042 20.26736 0.15035
55436.91041 20.10053 0.13267
55436.91351 20.26466 0.14785
55436.91641 20.12924 0.13816
55436.91931 20.39305 0.15665
55436.92221 20.41432 0.14904
55436.93413 20.22635 0.14185
55436.93703 20.02269 0.12395
55436.93974 20.22667 0.14225
55436.94297 20.06832 0.15236
55436.94613 20.19487 0.14415
55436.94915 20.02748 0.13435
55436.95231 20.28231 0.15355
55436.9553 20.23162 0.13946
55436.95826 20.14974 0.15865
55436.96116 20.11518 0.12485
55436.96403 20.17661 0.17395
55436.96671 19.95633 0.12328
55438.88857 20.16578 0.17274
55438.89169 20.10663 0.19144
55438.89485 19.82638 0.13996
55438.89798 20.23686 0.12925
55438.90086 19.96822 0.12864
55438.90371 20.31372 0.12305
55438.9065 20.36519 0.12075
55438.90927 20.43919 0.13128
55438.91204 20.43648 0.13146
55438.91487 20.17482 0.12486
55438.91763 20.50209 0.14694
55438.92084 20.07881 0.14945
55438.92672 20.2356 0.14634
55438.93259 20.04329 0.13046
55438.94411 20.06744 0.15335
55438.94678 20.42962 0.16325
55438.95017 20.14585 0.13665
55438.95913 20.09048 0.13556
55438.96141 20.46287 0.17054
55440.87507 20.28507 0.10345
55440.87823 19.89729 0.08286
55440.88428 20.12246 0.09716
55440.88675 20.04335 0.10045
55440.8894 19.997 0.08905
55440.89205 19.84514 0.08215
55440.89518 19.94052 0.07967
55440.89832 20.38685 0.10494
55440.90145 20.13622 0.09074
55440.90439 20.04795 0.08685
55440.90729 20.08348 0.09226
55440.91025 19.99271 0.09237
55440.91316 20.0329 0.08806
55440.91591 20.3305 0.10325
55440.9187 20.34198 0.09165
55440.92149 20.00351 0.08274
55440.92426 20.09293 0.11315
55440.93095 20.18469 0.09735
55440.93364 20.13556 0.09905
55440.93623 20.21214 0.10004
55440.9395 20.18269 0.11544
55440.94264 20.36504 0.10724
55440.94582 20.07314 0.10146
55440.94883 20.14717 0.09714
55440.95182 20.26385 0.10884
55440.95489 20.08163 0.09316
55440.95791 19.99765 0.08996
55441.87301 20.14042 0.08487
55441.87592 19.96559 0.07859
55441.88645 20.00827 0.07929
55441.88962 20.09226 0.07439
55441.89254 20.02408 0.0753
55441.89542 20.22104 0.08319
55441.89828 20.23602 0.09387
55441.90107 20.0808 0.07648
55441.9037 20.19352 0.08158
55441.90634 20.04555 0.07835
55441.90906 19.97559 0.07848
55441.9118 20.08819 0.08138
55441.91445 20.14163 0.08256
55441.91722 20.10471 0.08526
55441.91981 20.0883 0.08567
55441.92242 20.12937 0.09157
55441.92546 20.08072 0.08287
55441.9281 20.14972 0.09857
55441.93183 20.24011 0.08078
55441.93458 20.19808 0.08688
55441.93727 20.15776 0.08377
55441.94048 20.15518 0.08889
55441.94326 20.08011 0.07729
55441.94546 20.01001 0.07749
55441.94852 20.02966 0.07708
55441.95194 20.17917 0.08479
55441.95469 20.0386 0.08208
55441.95786 20.16523 0.07867
55441.96081 20.32521 0.10046
55441.96392 20.0894 0.11246
55441.96715 20.1921 0.0809
55441.97012 20.10683 0.08027
55441.97294 20.04954 0.07867
55441.97532 20.15038 0.08117
55441.97757 20.29227 0.08936
55441.9798 20.22165 0.0776
55441.9835 20.03729 0.08246
55441.9863 20.01879 0.0826
55441.98852 20.02361 0.11546
55441.99078 20.03552 0.08557
55441.99382 19.98637 0.10388
55442.00593 20.04736 0.08759
55442.01216 20.22114 0.10288
55442.01486 19.88594 0.09817
55442.01753 20.15758 0.12179
55442.70382 20.12523 0.09117
55442.70734 20.02542 0.09447
55442.71097 20.18121 0.08996
55442.71448 20.07838 0.10684
55442.71808 20.20071 0.08585
55442.72168 20.02245 0.08715
55442.72527 20.02498 0.08897
55442.73272 20.00773 0.07407
55442.74184 20.20447 0.08397
55442.74882 20.28116 0.08638
55442.75572 20.10567 0.08415
55442.76147 19.91371 0.07478
55442.76615 20.05299 0.08367
55442.77616 19.95918 0.07867
55442.78135 20.14552 0.08105
55442.78615 20.18106 0.08364
55442.79145 20.12226 0.07888
55442.79615 20.15087 0.08267
55442.80186 20.11263 0.09065
55442.8093 20.08059 0.07349
55442.81443 20.13445 0.07957
55442.81939 20.2453 0.07916
55442.82447 20.0373 0.07307
55442.8293 20.20952 0.08456
55442.83541 20.04978 0.07806
55442.84012 19.95564 0.07257
55442.84597 20.18283 0.07848
55442.85112 20.14038 0.08706
55442.85657 20.05034 0.07567
55442.86387 20.09642 0.07778
55442.87002 20.0049 0.08156
55442.87503 19.99835 0.07719
55442.88048 20.04805 0.07236
55442.88617 20.01226 0.07107
55442.89221 20.0894 0.07349
55442.89785 20.02838 0.08197
55442.90297 20.03048 0.07674
55442.90871 20.04564 0.07109
55442.91368 19.95673 0.07507
55442.91875 20.20833 0.08396
55442.92384 20.29086 0.09036
55442.93037 20.14441 0.07808
55442.93642 20.09283 0.08057
55442.94588 20.13137 0.09517
55442.95166 20.08666 0.08041
55442.95754 20.17082 0.08867
55442.96246 20.40876 0.09156
55442.96833 20.18241 0.09116
55442.97317 20.09811 0.08616
55442.97782 20.10036 0.07757
55442.98206 20.10976 0.07289
55442.9872 20.15509 0.08176
55442.99348 20.10004 0.08765
55442.99858 20.25104 0.08159
55443.00329 20.03749 0.08387
55443.01002 20.10354 0.0726
55443.01702 19.94663 0.09069
55443.02387 20.41677 0.16948
55443.67742 20.10149 0.12447
55443.68488 20.09257 0.14845
55443.69287 20.31675 0.19224
55443.70415 20.11699 0.10177
55443.71028 20.0191 0.12035
55443.71632 20.21569 0.12394
55443.72231 20.08109 0.10974
55443.72832 20.15948 0.10316
55443.736 20.08144 0.09525
55443.74306 19.99039 0.08175
55443.74812 19.99331 0.08795
55443.75372 20.1277 0.08526
55443.75946 20.01725 0.08545
55443.76526 20.02359 0.09116
55443.77007 20.28309 0.11164
55443.78027 20.19361 0.10776
55443.78539 20.26991 0.10744
55443.79156 20.12184 0.08416
55443.79717 20.26105 0.08227
55443.80302 20.07278 0.08957
55443.80895 19.95099 0.08395
55443.81493 20.21792 0.09226
55443.8204 20.06306 0.0821
55443.82634 20.119 0.08255
55443.83239 20.12167 0.07795
55443.83783 20.26816 0.08587
55443.84415 20.23855 0.08247
55443.84958 20.05733 0.08475
55443.85553 20.20946 0.08976
55443.86252 20.19882 0.08995
55443.87576 20.32117 0.08904
55443.88141 19.90282 0.07489
55443.88892 20.01992 0.08056
55443.89412 20.04612 0.09199
55443.90077 20.06035 0.08365
55443.90658 20.01176 0.08037
55443.91235 20.08439 0.08755
55443.91779 20.32446 0.10694
55443.92403 20.35748 0.09675
55443.92967 20.09926 0.09575
55443.93496 20.12876 0.10475
55443.94073 20.04666 0.09345
55443.94779 20.2441 0.09485
55443.95355 20.25831 0.08586
55443.95925 20.14386 0.08315
55443.9693 20.11144 0.09295
55443.97555 20.16109 0.08925
55443.98144 20.16258 0.09015
55443.98725 20.03051 0.09737
55443.99456 20.39337 0.10365
55444.00093 20.19823 0.09265
55444.0061 20.30285 0.08736
55444.01187 19.93018 0.08516
55444.0175 19.96408 0.10926
55444.02231 20.10271 0.19355
55444.67221 20.20135 0.15768
55444.67727 20.51702 0.14798
55444.68857 19.9243 0.08868
55444.69526 20.03706 0.1025
55444.70198 20.10486 0.11208
55444.71487 19.96052 0.09696
55444.72103 19.97077 0.09295
55444.72796 20.07512 0.09309
55444.73377 20.09719 0.09676
55444.74094 20.07312 0.08589
55444.74655 20.18283 0.09568
55444.75167 20.0706 0.09545
55444.75678 20.10477 0.09147
55444.76225 20.0778 0.10725
55444.7673 19.99684 0.07728
55444.77353 19.97926 0.08866
55444.77876 20.02615 0.08488
55444.78368 20.28561 0.09068
55444.79848 20.1591 0.08287
55444.80403 19.96307 0.07537
55444.81599 20.01891 0.08277
55444.8213 20.22668 0.09074
55444.83332 19.98579 0.07957
55444.83854 20.16772 0.08945
55444.84549 20.18349 0.08466
55444.85161 20.08246 0.08869
55444.85679 20.03241 0.07578
55444.86267 20.23676 0.09159
55444.86777 20.29604 0.12917
55444.87321 20.00991 0.07839
55444.87872 20.17431 0.08388
55444.88467 20.20395 0.07777
55444.89016 20.20102 0.09108
55444.89581 20.29802 0.09698
55444.90153 20.09155 0.07728
55444.90845 20.08494 0.08887
55444.91349 19.99965 0.07357
55444.92279 20.16563 0.07967
55444.93139 19.98116 0.07956
55444.94041 20.15083 0.08156
55444.94568 20.04371 0.08387
55444.951 20.09711 0.10556
55444.95724 19.90841 0.08437
55444.96289 19.9509 0.08027
55444.96923 20.12815 0.07709
55444.97411 20.23404 0.09486
55444.98062 19.99669 0.07779
55444.98915 20.04746 0.09839
55444.99553 20.05394 0.08129
55445.00157 19.92318 0.0808
55445.00779 20.23965 0.09587
55445.01282 20.01599 0.09328
55445.01777 20.18078 0.10916
55445.66261 20.14742 0.17387
55445.66749 20.26905 0.11558
55445.67244 20.03065 0.1054
55445.67731 20.28527 0.11346
55445.68422 20.18333 0.10735
55445.6905 20.50071 0.11515
55445.69681 20.0891 0.10005
55445.70294 20.1183 0.10394
55445.70921 20.20078 0.10197
55445.71534 20.24831 0.12187
55445.72141 20.08157 0.14845
55445.72791 20.32528 0.11866
55445.73457 20.31995 0.11395
55445.74013 20.19712 0.10614
55445.7456 20.22417 0.09706
55445.75096 20.04509 0.08898
55445.75643 20.22181 0.09137
55445.76191 20.35235 0.10517
55445.76784 20.22793 0.0893
55445.7737 20.25006 0.08337
55445.779 20.03834 0.08025
55445.78479 20.25672 0.09926
55445.79025 20.16963 0.08315
55445.79613 20.08882 0.08276
55445.81095 20.30105 0.09456
55445.81845 20.07677 0.07697
55445.82455 20.05076 0.07888
55445.83024 20.02616 0.08116
55445.84021 20.05702 0.07858
55445.84549 19.92292 0.07267
55445.85174 20.05867 0.07447
55445.85762 20.2527 0.08137
55445.8636 20.19719 0.08258
55445.86963 20.16472 0.07596
55445.87567 19.97635 0.07777
55445.88207 20.11955 0.07848
55445.88844 20.06186 0.07278
55445.89432 20.17826 0.08645
55445.89983 20.13245 0.07507
55445.90668 20.00691 0.0654
55445.91299 20.09346 0.07459
55445.91722 20.10591 0.07987
55445.92351 20.08171 0.07388
55445.92915 20.16336 0.08268
55445.93496 20.00888 0.07157
55445.94048 20.12788 0.07746
55445.95216 20.22611 0.08517
55445.95886 20.21271 0.08834
55445.97191 20.05223 0.07497
55445.97872 20.01779 0.07137
55445.98437 20.08288 0.07336
55445.98972 20.09041 0.07829
55445.99581 20.02677 0.08237
55446.00245 20.17635 0.08044
55446.00827 20.10303 0.07957
55446.01324 20.1825 0.08387
55446.01787 20.1974 0.10276
55446.0233 20.27423 0.14795
55446.66046 20.37346 0.13358
55446.66501 20.37778 0.13077
55446.67089 19.97845 0.13355
55446.67601 20.38124 0.12477
55446.6814 20.0973 0.11167
55446.68915 19.93888 0.09397
55446.70044 20.1651 0.10526
55446.70781 20.06782 0.12166
55446.71375 19.96047 0.12795
55446.71998 20.17854 0.09548
55446.7269 20.27082 0.10079
55446.73768 20.11479 0.10346
55446.74263 20.20263 0.09288
55446.74841 20.11814 0.09077
55446.75986 20.19658 0.08908
55446.76487 20.14369 0.08798
55446.77004 20.04973 0.07789
55446.77518 20.09457 0.07001
55446.78018 20.22818 0.08368
55446.78654 19.99709 0.07798
55446.79243 20.15498 0.07916
55446.79818 20.04168 0.08047
55446.80822 20.08921 0.09079
55446.81336 20.04412 0.08369
55446.81934 20.01431 0.0765
55446.82569 20.15363 0.07898
55446.83186 20.06357 0.0774
55446.83803 20.13712 0.08039
55446.84316 20.14471 0.08359
55446.84946 20.29821 0.08767
55446.85529 20.32981 0.10982
55446.86132 19.95765 0.09322
55446.86741 20.21995 0.11325
55446.87321 20.05831 0.07069
55446.87945 20.12503 0.07437
55446.88583 20.14057 0.07666
55446.89176 20.15662 0.0819
55446.89901 20.19252 0.09188
55446.90569 20.1606 0.08746
55446.91293 20.11269 0.08358
55446.91958 20.10103 0.07457
55446.92538 19.92777 0.06871
55446.93113 19.95681 0.07675
55446.93686 19.98079 0.07759
55446.94237 20.13338 0.0732
55446.94842 20.05272 0.07008
55446.95451 20.06091 0.07787
55446.96034 20.04021 0.0731
55446.96641 20.07848 0.08196
55446.97287 20.15609 0.08178
55446.97827 20.12428 0.07856
55446.98464 20.05232 0.0776
55446.99026 20.05336 0.07408
55446.99646 19.91127 0.06941
55447.00329 19.99512 0.07618
55447.02248 20.15203 0.11816
55448.00377 19.98489 0.07066
55448.65527 20.33863 0.16218
55449.82958 20.25856 0.10422
55449.87259 20.07406 0.07899
55450.82585 20.1517 0.09177
55450.86998 20.24811 0.08391
55451.65338 20.17548 0.1205
55451.70095 20.07895 0.0976
55452.64792 20.18888 0.13187
55452.69243 19.98018 0.11304
55453.64519 20.10946 0.12005
55453.6895 20.16319 0.10605
55455.63923 20.43638 0.14119
55455.7154 20.25159 0.12645
55456.63346 20.22875 0.15048
55456.67702 20.15683 0.15433
55457.6732 20.39772 0.13734
55458.66069 20.25261 0.14054
55458.7057 20.20093 0.12687
55460.63624 20.12096 0.21735
55460.72453 20.12292 0.12765
55466.61784 20.29977 0.14037
55466.61959 20.18507 0.13995
55466.62134 20.03001 0.11617
55466.6231 20.18007 0.15836
55466.62486 20.28231 0.14186
55466.62943 20.24203 0.16346
55466.63143 20.35722 0.13424
55466.63348 20.50753 0.17354
55466.67604 19.95798 0.16975
55467.62749 20.48128 0.19656
55468.7394 20.0733 0.11506
55468.78277 20.02065 0.13548
55470.82246 20.10199 0.09531
55471.77466 20.13088 0.08045
55471.82993 20.32291 0.14438
55472.62548 20.25807 0.12674
55472.66936 20.28222 0.09478
55473.62096 20.32879 0.13264
55477.66775 20.267 0.09302
55477.71276 20.40726 0.11457
55478.62384 20.13091 0.14834
55478.66775 20.06568 0.09616
55479.61565 19.805 0.12454
55479.65968 20.28719 0.10025
55480.61506 20.21692 0.12888
55480.65805 20.09994 0.09957
55481.61182 20.0657 0.10705
55481.69382 20.18355 0.08426
55482.61769 20.3468 0.12356
55482.66188 20.23313 0.09345
55482.67843 20.15514 0.08747
55483.61039 20.21624 0.12197
55483.66512 20.22522 0.09796
55484.66377 20.41239 0.11898
55484.70695 20.32001 0.11628
55485.61939 20.41312 0.13586
55485.66329 20.00047 0.11056
55486.61418 20.11082 0.1331
55497.84041 20.33645 0.17974
55498.71756 20.28927 0.10446
55499.59404 20.56418 0.13282
55499.63881 20.0382 0.09314
55501.66259 20.20613 0.12118
55501.75706 20.24681 0.10707
55502.72145 20.45573 0.17643
55502.82148 20.31128 0.12805
55503.77762 20.32986 0.12568
55503.8732 20.24986 0.12995
55504.82418 20.24237 0.11286
55504.91868 20.22937 0.14915
55506.68972 20.31606 0.13549
55506.73387 20.27897 0.09878
55507.81368 20.66765 0.11575
55507.89267 20.45907 0.15845
55513.658 20.5596 0.11524
55513.7418 20.3982 0.13004
55514.69377 20.12893 0.11125
55515.69951 20.53412 0.13497
55515.74236 20.4427 0.13234
55516.71654 20.3375 0.16643
55517.61497 20.12478 0.14744
55517.6584 20.43509 0.14624
55518.61481 20.48244 0.17993
55518.6578 20.46624 0.17855
55527.74242 20.80667 0.19733
55531.77418 20.28148 0.1572
55532.78408 20.17411 0.10555
55532.82836 20.37914 0.18543
55535.68432 20.44117 0.14508
55537.62557 20.43228 0.11887
55538.57995 20.08248 0.10366
55538.62381 20.32588 0.09294
55539.58012 20.64742 0.14981
55539.62283 20.33406 0.11224
55540.61811 20.5738 0.14887
55540.66215 20.43444 0.11567
55541.61644 20.64382 0.1704
55541.65945 20.4361 0.14539
55544.59603 20.51737 0.13668
55544.64191 20.33261 0.12188
55545.63939 20.81342 0.15631
55558.75663 20.45844 0.17443
55561.73304 20.82772 0.15755
55567.59621 20.85372 0.14926
55579.61368 20.54133 0.15684
55584.63985 20.75391 0.13584
55584.68286 21.00346 0.15954
55586.66038 20.75874 0.14193
55723.9634 20.19871 0.13394
55733.91212 20.09852 0.16123
55750.87598 20.42629 0.12475
55756.93392 20.85612 0.20616
55769.84468 20.589 0.14054
55770.78189 20.24101 0.16777
55770.82573 20.49279 0.12638
55771.82449 20.71822 0.16424
55774.80363 20.40821 0.13234
55779.79086 20.48483 0.18683
55780.74948 20.76071 0.17905
55782.7956 20.17883 0.19023
55783.80103 20.25474 0.18366
55790.73125 20.12976 0.18945
55822.67415 20.73883 0.15373
55823.67275 20.44486 0.14415
55849.60547 20.69669 0.17302
55851.64641 20.31353 0.13865
55852.60416 20.57826 0.18214
55852.6481 20.74186 0.14594
55853.6463 20.45063 0.15175
55854.60164 20.91819 0.21104
55866.5884 20.51004 0.20113
55866.64679 20.57918 0.17333
55868.63002 20.48667 0.16604
55880.92255 20.68443 0.20225
55882.86968 20.8648 0.17922
55882.87146 20.43785 0.18238
55887.63181 20.61432 0.1302
55887.68352 20.35897 0.14786
55889.80049 20.59749 0.11775
55889.84447 20.66862 0.14614
55893.58261 20.3788 0.14385
55893.62546 20.66482 0.14264
55896.58202 20.59265 0.21763
55898.86551 20.90655 0.22223
55916.59575 20.2374 0.18594
55916.64026 20.57292 0.13005
55923.59751 20.51753 0.15864
55923.64145 20.50027 0.13923
55924.60837 20.46722 0.14824
55925.59941 20.51668 0.16456
55925.67897 20.25875 0.12896
55926.58279 20.52886 0.16314
55926.62543 20.46204 0.13576
55936.65247 20.28729 0.14889
55937.58951 20.50575 0.16755
55939.64879 20.58502 0.18744
55943.69972 20.14976 0.14984
55944.64379 20.5065 0.12766
55944.67224 20.5923 0.17114
55947.63713 20.42841 0.19692
55949.64923 20.18087 0.14618
55952.60617 20.61985 0.17295
55952.64932 20.41805 0.13516
55953.59751 20.71358 0.21423
55958.61566 20.70878 0.20165
56060.97134 20.12648 0.17735
56075.96117 20.52276 0.19754
56076.96161 20.20659 0.13585
56078.95394 20.11628 0.15237
56079.91957 20.22056 0.19035
56079.94994 20.35516 0.13565
56086.96186 20.49674 0.15945
56087.95118 20.31007 0.15377
56088.93216 20.38397 0.13526
56088.96298 20.24022 0.13567
56089.90743 20.33589 0.18815
56089.9375 19.95288 0.15165
56091.93224 20.42897 0.14195
56091.96189 20.23801 0.15824
56092.88532 20.53377 0.16016
56092.91513 20.28068 0.16874
56092.94551 20.20081 0.13685
56093.91605 20.32561 0.14186
56093.95942 20.51871 0.14103
56094.93794 20.2204 0.12936
56095.89413 19.87493 0.16615
56095.95378 20.15204 0.11428
56096.8846 20.50024 0.18764
56096.91464 20.21775 0.17465
56096.94475 20.48635 0.15565
56097.90204 20.35769 0.12755
56099.86796 20.14297 0.15604
56099.8979 20.09277 0.09607
56099.92867 20.25922 0.10237
56100.87134 20.38249 0.16734
56100.9014 20.36544 0.14984
56100.93113 19.98946 0.12965
56101.89166 20.23095 0.12377
56101.92164 20.46524 0.12585
56102.85884 20.13164 0.16444
56102.88948 19.92634 0.16124
56102.91975 20.23556 0.14736
56103.85688 20.47226 0.18084
56103.89198 20.39699 0.14948
56103.92203 20.51899 0.13064
56104.86298 19.93396 0.13955
56104.89266 20.21514 0.14653
56104.92258 20.24998 0.12694
56105.87772 20.09845 0.13595
56105.90846 20.17857 0.11484
56105.93782 20.22397 0.11736
56106.84826 20.13131 0.13835
56106.87859 20.17152 0.11134
56106.90907 20.15082 0.11056
56107.87579 19.97513 0.13614
56107.90655 20.32175 0.13465
56108.86703 19.99643 0.21683
56108.89669 19.97373 0.14205
56108.92686 20.37281 0.12934
56109.93363 19.97076 0.12156
56110.89782 20.06082 0.15993
56113.8878 20.19962 0.16377
56113.96218 20.183 0.15045
56114.92357 19.80466 0.1265
56114.95378 20.00796 0.13546
56116.93261 20.30431 0.14217
56117.86349 20.07002 0.14407
56117.89333 19.99915 0.16705
56117.92405 20.31601 0.15706
56118.8884 19.92575 0.20606
56120.95573 19.98558 0.1701
56123.80269 20.40236 0.15185
56123.8333 20.28463 0.13044
56123.86323 20.13426 0.11048
56124.8239 20.51198 0.13666
56124.90647 20.00127 0.15144
56125.83541 20.51839 0.14653
56125.8655 20.33389 0.12884
56125.89611 20.08912 0.09954
56126.79674 20.35918 0.14555
56126.82683 20.42784 0.14801
56127.84219 20.23524 0.18863
56127.87262 20.12754 0.10936
56128.8202 19.8449 0.10987
56128.8509 20.15038 0.10036
56129.81763 20.15008 0.11585
56129.84839 19.9633 0.09968
56130.78415 19.88077 0.15739
56130.81619 20.42179 0.18466
56130.84603 20.06712 0.10045
56131.81956 20.15096 0.13635
56131.84966 19.93583 0.10229
56131.87991 20.0749 0.1024
56132.81342 20.38087 0.13484
56132.85526 20.00074 0.11014
56133.77702 20.46216 0.12826
56133.80732 19.91915 0.09297
56133.83817 19.98866 0.10386
56135.77548 19.96731 0.12385
56135.80558 20.0302 0.09137
56135.8357 20.05248 0.07146
56136.78168 20.36853 0.14404
56136.81139 19.91428 0.11425
56136.84105 20.008 0.10595
56137.77719 20.18423 0.17457
56137.8165 19.88645 0.2018
56137.84943 20.11799 0.12859
56143.77946 19.98082 0.20635
56143.81202 19.8272 0.19174
56144.79078 20.41627 0.19724
56144.82138 19.90812 0.11758
56146.77217 19.84182 0.17935
56146.83591 20.02176 0.11857
56147.75046 19.97246 0.13325
56147.78019 20.10817 0.19246
56147.81614 19.9904 0.13065
56148.73743 20.07565 0.13068
56148.76798 19.83377 0.12535
56148.79928 19.987 0.12767
56151.84315 19.99417 0.07201
56151.87618 19.85821 0.07668
56151.91621 19.96457 0.06842
56164.86055 20.00802 0.07037
56164.89061 19.8746 0.06082
56164.92052 20.10789 0.07643
56165.82275 20.11636 0.09106
56165.85221 20.07252 0.08236
56165.88255 20.05323 0.07088
56166.78411 20.30919 0.11676
56166.82415 19.91251 0.08825
56166.85436 20.04828 0.09244
56167.76082 20.11557 0.18154
56167.79008 19.97641 0.11346
56167.82893 20.05426 0.10125
56168.73084 20.18844 0.17526
56168.76135 20.21474 0.13838
56168.79094 20.18291 0.13758
56169.73488 19.72421 0.19617
56169.78208 20.00171 0.15887
56170.76821 20.05093 0.24933
56176.66101 20.15635 0.18098
56176.74473 20.0029 0.12094
56176.77537 19.96161 0.12345
56177.67775 20.06558 0.08558
56177.71467 19.87752 0.07928
56177.7448 20.05609 0.08558
56178.7245 19.99018 0.0916
56178.75548 19.99603 0.07959
56189.71737 20.06846 0.10745
56189.74707 20.21944 0.11874
56194.68156 20.2953 0.14634
56194.73072 19.93583 0.12234
56195.63238 20.12602 0.15308
56195.68489 19.87182 0.11516
56195.74387 20.34091 0.12925
56196.64868 19.91487 0.12417
56196.67925 20.16751 0.13665
56197.68048 19.98609 0.18213
56198.69225 20.24127 0.16246
56202.70169 20.07442 0.16865
56207.71676 20.22809 0.15129
56224.66207 20.22872 0.12191
56224.69182 20.36347 0.18045
56225.74851 20.29287 0.19873
56225.84088 20.40538 0.12245
56227.72154 20.21068 0.17707
56228.67316 19.91678 0.16616
56229.61202 19.90786 0.17875
56229.68338 19.99739 0.14007
56230.73676 19.99238 0.16241
56231.86041 20.21368 0.14464
56232.82116 20.19642 0.13587
56233.75399 20.09801 0.12765
56234.68453 20.45528 0.17223
56234.71313 20.12484 0.13144
56235.61461 20.15665 0.11816
56235.64419 20.18921 0.10815
56236.58514 20.05887 0.13256
56236.61561 20.2616 0.13993
56237.58477 19.90515 0.11355
56237.61509 20.3269 0.11175
56238.58334 20.39308 0.14594
56238.61531 20.27226 0.11965
56239.58294 20.11155 0.12376
56239.61141 20.13095 0.09776
56251.83071 20.20594 0.10966
56251.86073 20.23639 0.10846
56252.58576 20.07256 0.10191
56252.60631 20.28957 0.10465
56252.62487 20.17784 0.09176
56252.64555 20.35568 0.1114
56252.66096 20.37659 0.12351
56252.69879 20.0511 0.09848
56252.71706 20.30713 0.12148
56252.73499 20.14088 0.09542
56252.75258 20.11627 0.09202
56252.76856 20.40532 0.12271
56252.80517 20.23047 0.1165
56252.821 20.13722 0.13807
56252.83831 20.28571 0.09754
56252.85634 20.04023 0.09326
56253.58621 20.15444 0.16403
56253.60335 20.00383 0.11794
56253.63682 20.2594 0.10216
56253.6539 20.10925 0.11344
56253.6721 20.3678 0.13624
56253.70902 20.49331 0.14644
56253.7307 20.08166 0.14613
56253.75003 20.25618 0.13468
56253.76637 20.25166 0.22663
56253.78832 20.41535 0.13653
56253.8078 20.41471 0.15413
56253.82956 20.2767 0.12375
56253.85372 20.31931 0.14356
56254.74613 19.93603 0.14975
56254.77889 20.14236 0.16324
56255.68248 20.38542 0.16175
56255.7252 20.43614 0.19083
56256.6557 20.3185 0.18584
56257.58763 19.98688 0.19165
56257.64219 20.34165 0.12997
56258.61848 20.13502 0.21033
56259.62495 20.38253 0.16995
56265.629 20.17244 0.09843
56265.6592 20.17594 0.12484
56266.58222 20.35285 0.23238
56267.58751 19.97708 0.09074
56267.61751 20.1641 0.12194
56268.59364 20.31339 0.10468
56268.62314 20.08102 0.08437
56269.58319 19.93757 0.12055
56269.58435 20.1554 0.08905
56269.58546 20.19535 0.09265
56269.58657 20.08316 0.08355
56269.58771 20.17019 0.10306
56269.58893 20.23937 0.09545
56269.59006 20.23744 0.09796
56269.59133 20.07912 0.08904
56269.59245 20.17456 0.10714
56269.59364 20.28547 0.09256
56269.59478 20.00009 0.09115
56269.596 20.07492 0.08495
56269.59713 20.19794 0.08915
56269.59843 20.09464 0.08128
56269.59956 20.12357 0.08745
56269.60977 20.03086 0.10124
56269.61093 19.99477 0.07549
56269.6121 20.18092 0.08885
56269.61321 20.1236 0.08337
56269.61434 20.13737 0.09095
56269.61547 20.06076 0.07975
56269.61659 20.24107 0.09396
56269.61773 20.16636 0.09285
56269.61884 20.13125 0.09024
56269.61995 20.09125 0.09706
56269.62115 20.17576 0.08293
56269.6223 20.23921 0.08985
56269.62343 20.1719 0.08985
56269.62457 20.09898 0.07916
56269.62569 20.20612 0.08676
56269.62688 20.294 0.09106
56269.628 19.97486 0.10374
56269.6375 20.00841 0.09197
56269.63881 20.15799 0.08827
56269.64001 20.16394 0.08836
56269.64114 20.0486 0.08185
56269.64226 20.31824 0.08806
56269.64337 20.09302 0.08676
56269.6445 20.20578 0.07958
56269.64562 19.89536 0.08916
56269.64675 20.0713 0.08248
56269.64789 20.17698 0.09056
56269.64905 20.2737 0.09045
56269.65017 20.11359 0.08575
56269.65129 20.15953 0.08916
56269.65247 20.22628 0.08705
56269.65359 20.29033 0.09796
56269.65473 20.18905 0.09235
56269.65585 20.13853 0.08006
56269.65698 20.30343 0.08925
56269.65819 20.12927 0.07904
56269.65932 20.14863 0.08077
56269.66055 20.08566 0.08126
56269.66167 20.06635 0.08637
56269.66279 20.19522 0.08707
56269.66393 20.13334 0.08476
56269.66595 20.22343 0.08419
56269.66717 20.295 0.09335
56269.66829 20.13525 0.08096
56269.66952 20.05968 0.09016
56269.67064 20.22333 0.08606
56269.67184 20.12561 0.07646
56269.673 20.10575 0.08016
56269.67412 19.99467 0.07476
56269.67533 20.06688 0.07537
56269.67646 20.23638 0.09005
56269.6776 20.25143 0.10914
56269.67883 20.01829 0.07677
56269.67997 20.29269 0.08535
56269.6812 20.2045 0.08465
56269.68232 20.16627 0.07648
56269.68343 20.10344 0.08247
56269.68473 20.08047 0.07859
56269.68592 20.0793 0.08357
56269.68705 20.14931 0.07864
56269.68816 20.16873 0.08297
56269.68929 19.88053 0.08025
56269.69041 20.04533 0.08096
56269.69157 20.10765 0.07805
56269.69269 20.20548 0.08515
56269.69383 20.08532 0.08416
56269.69496 20.12835 0.08464
56269.69608 20.08399 0.07675
56269.69898 20.17136 0.0833
56269.70011 20.10969 0.08364
56269.70126 20.37357 0.08915
56269.70241 20.03032 0.07787
56269.70357 20.18025 0.08394
56269.70468 20.00622 0.07887
56269.70581 20.10073 0.08815
56269.70705 20.18258 0.07526
56269.70816 20.00091 0.07596
56269.70937 20.07861 0.07895
56269.7105 20.22253 0.08706
56269.71167 20.19316 0.08146
56269.7128 20.04029 0.07865
56269.71403 20.16101 0.08246
56269.71516 19.9426 0.07625
56269.7163 20.09741 0.10384
56269.72641 20.08587 0.08237
56269.72763 20.20331 0.08945
56269.72875 20.13201 0.08416
56269.72987 20.15725 0.09365
56269.731 20.1628 0.07826
56269.73213 20.29179 0.09465
56269.73326 20.2323 0.08707
56269.73438 19.96553 0.08016
56269.73557 20.14668 0.09205
56269.73682 20.1428 0.08107
56269.73796 20.14222 0.08045
56269.73911 20.19716 0.08406
56269.74036 20.26714 0.07936
56269.74147 20.16651 0.08169
56269.74272 20.03638 0.07538
56269.74391 20.06716 0.08266
56269.74502 20.10935 0.08886
56269.7462 20.06948 0.08129
56269.74734 20.16137 0.08795
56269.74846 20.04258 0.08635
56269.74961 20.30181 0.08974
56269.75074 20.04514 0.09074
56269.75201 20.1245 0.08515
56269.75316 20.12042 0.08206
56269.75429 20.27512 0.09456
56269.75553 20.0676 0.11823
56269.75665 20.19492 0.09284
56269.75779 20.27891 0.10165
56269.75895 20.19465 0.09925
56269.76008 19.96361 0.07675
56269.76123 20.07982 0.09884
56269.76235 20.20468 0.10334
56269.76348 20.27743 0.09565
56269.76459 20.01058 0.08066
56269.76573 20.32552 0.10394
56269.78036 19.99968 0.09407
56269.78151 20.13955 0.09326
56269.78271 19.98478 0.09045
56269.78391 19.86914 0.09824
56269.78511 20.18877 0.11065
56269.78751 20.08131 0.11275
56269.78876 20.20159 0.08914
56269.78989 20.105 0.09325
56269.79108 20.07819 0.10106
56269.79227 20.10284 0.08457
56269.79356 20.14437 0.09684
56269.79478 20.10976 0.08765
56269.7959 20.0952 0.09325
56269.79701 20.12338 0.09265
56269.79816 20.22357 0.08436
56269.79928 20.0369 0.09245
56269.80041 20.10321 0.08754
56269.80156 20.17587 0.09324
56269.80276 20.01694 0.08876
56269.80404 20.15926 0.12304
56269.80517 20.02033 0.09834
56269.80638 20.09534 0.08724
56269.80752 20.09764 0.09068
56269.80866 20.25431 0.10816
56270.57931 20.2438 0.09913
56270.58058 19.9907 0.08188
56270.58188 20.36659 0.09698
56270.58305 19.92649 0.10995
56270.58429 20.00669 0.09635
56270.58556 19.97745 0.09345
56270.58671 19.87663 0.08439
56270.58798 19.92491 0.09925
56270.58926 20.01583 0.08056
56270.59051 20.04978 0.09586
56270.59176 20.21129 0.09699
56270.59301 20.1219 0.0807
56270.59588 19.91521 0.08777
56270.59719 20.11536 0.08379
56270.59846 20.01179 0.0807
56270.59973 20.28627 0.08888
56270.60101 20.06238 0.08058
56270.60229 19.99193 0.08407
56270.60361 20.15596 0.07929
56270.60484 20.29445 0.08646
56270.60617 20.20801 0.08577
56270.60733 20.1076 0.08337
56270.60868 20.19823 0.08771
56270.60993 20.11728 0.07917
56270.61121 20.0568 0.07719
56270.61244 20.16263 0.07939
56270.61368 20.13623 0.07766
56270.61481 20.10225 0.07748
56270.61593 20.22959 0.07769
56270.61713 20.14516 0.08289
56270.61835 20.18796 0.08339
56270.61963 20.14234 0.07968
56270.62082 20.21463 0.08187
56270.62212 20.22859 0.09917
56270.62324 19.94353 0.08249
56270.62438 19.8276 0.07447
56270.6255 20.22793 0.08656
56270.62668 20.22226 0.08028
56270.62781 20.04164 0.08675
56270.62895 20.24802 0.08858
56270.63017 20.0729 0.08022
56270.6313 20.09798 0.08178
56270.63259 20.24573 0.0846
56270.63372 20.26282 0.08917
56270.63484 20.14898 0.08297
56270.64581 20.2561 0.08879
56270.64713 20.09543 0.07998
56270.64825 20.12644 0.08448
56270.6495 19.98462 0.074
56270.65082 20.02318 0.09427
56270.65222 20.27962 0.08398
56270.65336 19.85671 0.07157
56270.6545 20.04497 0.0758
56270.65562 19.96348 0.07699
56270.65697 20.18223 0.08546
56270.65832 19.91298 0.06976
56270.65959 20.11371 0.07889
56270.66092 20.21487 0.07968
56270.66217 19.78264 0.07028
56270.66351 20.17485 0.09078
56270.66477 20.33736 0.08909
56270.67891 20.09177 0.09676
56270.68008 20.15728 0.08117
56270.68122 20.09458 0.07889
56270.68243 20.21305 0.0821
56270.68382 20.17922 0.08526
56270.68508 20.12667 0.07351
56270.68653 19.95514 0.07598
56270.68784 19.97355 0.07341
56270.68912 19.97299 0.06918
56270.69114 20.05033 0.09417
56270.69232 20.11266 0.0755
56270.69365 20.12327 0.09037
56270.6948 20.03193 0.08558
56270.69617 20.01778 0.07609
56270.69746 20.07362 0.07769
56270.6986 20.06852 0.07528
56270.6999 20.13876 0.0798
56270.70121 20.06216 0.07658
56270.70235 20.0031 0.07058
56270.70349 20.26498 0.08557
56270.70482 20.19293 0.08387
56270.70613 20.00825 0.07977
56270.70726 20.3105 0.08997
56270.7086 20.11533 0.07808
56270.70972 20.01866 0.07549
56270.71103 20.16921 0.08358
56270.71235 20.16381 0.07796
56270.71347 20.25746 0.08187
56270.71481 19.87518 0.07417
56270.71608 19.97584 0.07359
56270.71722 20.00976 0.08029
56270.71853 20.13228 0.07698
56270.71967 20.33595 0.08865
56270.72098 20.04046 0.07567
56270.72302 20.05147 0.08074
56270.72439 20.07219 0.08408
56270.72553 20.00114 0.07937
56270.72665 20.13905 0.07937
56270.72793 20.03753 0.07276
56270.72927 20.19125 0.08038
56270.73043 20.00998 0.06879
56270.73161 20.15858 0.08877
56270.73292 20.10927 0.08298
56270.73506 20.17062 0.07928
56270.73622 20.13051 0.08216
56270.73753 20.21983 0.10866
56270.73887 20.27019 0.08078
56270.74001 20.1228 0.0769
56270.74126 20.09459 0.08229
56270.7424 20.09417 0.08209
56270.74369 20.18247 0.08348
56270.74498 20.13545 0.08807
56270.74609 20.14205 0.08688
56270.74744 20.25132 0.07739
56270.7486 20.33485 0.08768
56270.74995 20.2281 0.0793
56270.75121 20.11935 0.08566
56270.75241 20.04499 0.08026
56270.75372 20.21563 0.07878
56270.75502 20.0422 0.08217
56270.75706 20.04563 0.08279
56270.75826 20.34561 0.09889
56270.75948 20.26513 0.09266
56270.76078 20.25673 0.09278
56270.76208 20.16129 0.10585
56270.77223 20.10436 0.10275
56270.77464 20.16938 0.09256
56270.77775 20.24557 0.09188
56270.77887 19.94495 0.08209
56270.78012 20.24059 0.09246
56270.78147 20.06951 0.12094
56270.78273 20.18167 0.11424
56270.784 20.02245 0.08669
56270.78526 20.04967 0.07732
56270.78661 20.26936 0.0904
56270.78776 20.15874 0.09088
56270.7891 20.28435 0.11894
56270.79021 20.05724 0.09217
56270.79151 20.13323 0.12725
56270.7928 20.0678 0.09598
56270.79391 20.0681 0.09338
56270.79508 20.15593 0.09568
56270.79619 20.11494 0.09148
56270.7975 20.4351 0.10595
56270.79862 20.23552 0.10595
56270.79991 20.23649 0.08918
56270.80111 20.09862 0.09427
56270.80249 20.1753 0.09946
56270.80509 20.0281 0.09168
56270.80715 20.05525 0.09248
56270.80837 20.10166 0.0916
56270.80963 20.2227 0.09496
56271.71236 20.16973 0.12757
56272.64495 20.25179 0.12144
56272.7082 20.26324 0.10586
56273.60993 20.37521 0.15812
56273.63946 20.14318 0.11084
56281.58737 20.2849 0.17704
56282.58095 20.17537 0.17363
56282.62819 20.5045 0.11825
56297.58897 20.06403 0.10059
56297.59019 20.4113 0.10696
56297.5937 20.11303 0.08645
56297.59722 20.22133 0.09825
56297.59904 20.05431 0.08766
56297.60164 20.26223 0.09826
56297.60284 20.14282 0.09435
56297.6053 20.29254 0.08936
56297.61734 19.90087 0.10686
56297.61965 20.11749 0.09574
56297.62198 20.29591 0.10555
56297.62474 20.19857 0.09005
56297.62597 20.13309 0.08155
56297.62818 20.21405 0.09154
56297.63051 20.27006 0.10045
56297.63246 20.20332 0.09555
56297.6337 20.20765 0.10225
56297.63597 20.13707 0.09296
56297.63722 20.39655 0.10847
56297.63944 20.39503 0.10876
56297.64162 20.16081 0.09149
56297.64281 20.25771 0.10656
56297.64393 20.05357 0.09584
56297.64612 20.02656 0.09175
56297.64742 20.34188 0.10296
56297.64964 20.23376 0.10045
56297.65084 20.15864 0.09675
56297.65434 20.29327 0.10624
56297.65811 20.16722 0.08827
56297.65988 20.3777 0.11035
56297.66121 20.25976 0.10686
56297.66483 20.15587 0.09865
56297.66714 20.08095 0.08245
56297.67315 20.1993 0.10305
56297.67547 20.23854 0.10086
56297.67675 20.46393 0.10356
56297.67954 20.24946 0.10556
56297.68076 20.09277 0.08516
56297.6819 20.27981 0.10046
56297.68325 20.08593 0.09095
56297.68541 20.04646 0.08165
56297.68786 20.01385 0.09097
56297.69171 20.42608 0.12374
56297.69635 20.13389 0.09246
56297.69767 20.22672 0.09667
56297.70113 20.0412 0.10335
56297.70743 20.03875 0.08706
56297.71084 19.96138 0.09935
56297.71401 20.05292 0.11386
56297.71668 20.29847 0.11175
56297.7179 20.08068 0.08826
56297.72049 20.46782 0.10954
56297.72327 20.2683 0.11346
56297.72448 20.05014 0.09937
56297.72584 20.24085 0.09906
56297.72772 20.23089 0.10375
56297.72894 20.08414 0.11905
56297.74317 20.37077 0.13974
56297.74683 19.92883 0.10597
56297.75123 20.04373 0.13084
56297.75493 20.21618 0.10885
56297.75709 20.34141 0.11776
56297.7583 20.27946 0.11655
56297.76047 19.89274 0.10126
56297.76167 20.47165 0.16193
56297.76388 20.13802 0.10964
56297.76506 20.34164 0.12744
56297.76834 20.17262 0.11015
56297.77069 20.12799 0.16194
56297.77185 20.001 0.11745
56297.77383 19.96723 0.12684
56297.79199 19.80641 0.14655
56297.79318 20.36779 0.12595
56297.79645 20.07978 0.14024
56297.79838 20.0108 0.14355
56297.79953 20.51706 0.16705
56297.80077 20.19758 0.15785
56297.80192 20.34939 0.17044
56297.80312 20.42956 0.17844
56297.80437 19.9649 0.15596
56297.80564 19.96454 0.15265
56297.80864 20.14954 0.14835
56298.58895 20.36442 0.14946
56298.59013 20.3558 0.13662
56298.59354 20.09365 0.15042
56298.59842 20.30242 0.14607
56298.6021 20.20861 0.15909
56298.60332 20.28006 0.14147
56298.60701 20.12175 0.27545
56298.61272 20.22219 0.15869
56298.61595 20.13395 0.10618
56298.61811 20.19494 0.11425
56298.62047 20.30951 0.12323
56298.62171 20.3811 0.17816
56298.62426 20.11309 0.11212
56298.62643 20.45782 0.15184
56298.63098 20.131 0.13804
56298.63219 20.0841 0.12311
56298.63473 19.91687 0.11247
56298.63807 20.206 0.1291
56298.63935 20.01163 0.13726
56298.64364 20.04855 0.09239
56298.64578 20.12485 0.12699
56298.64695 20.16312 0.11251
56298.6481 20.06063 0.11147
56298.65082 20.22869 0.10439
56298.65294 20.21735 0.11037
56298.65509 20.05634 0.08254
56298.65745 20.07491 0.13514
56298.65865 20.17547 0.10844
56298.66081 20.18228 0.11789
56298.66198 20.07259 0.11779
56298.66411 20.09078 0.10225
56298.66639 20.02474 0.09442
56298.6699 19.99986 0.08811
56298.68256 20.01249 0.10988
56298.68492 20.39564 0.1432
56301.59099 20.1815 0.09409
56302.62153 20.31159 0.15855
56305.59416 20.24306 0.10266
56305.62276 20.12501 0.12833
56307.63151 20.23897 0.17074
56308.60019 20.50309 0.19144
56310.60466 20.24654 0.13086
56311.59823 20.54335 0.14434
56311.62777 20.56504 0.18863
56314.61498 20.33424 0.19334
56314.64504 20.17928 0.18347
56323.59943 20.21186 0.14184
56323.60059 20.27289 0.10595
56323.60172 20.148 0.09326
56323.60284 20.24178 0.10614
56323.60396 20.34114 0.10644
56323.60508 20.27338 0.11724
56323.60621 20.38593 0.11314
56323.60734 20.21438 0.10344
56323.60846 20.43237 0.14003
56323.60959 20.2623 0.10696
56323.61183 20.19754 0.10085
56323.61297 20.23964 0.10874
56323.61409 20.09144 0.11763
56323.61521 20.12298 0.10086
56323.61635 20.19511 0.10415
56323.61747 20.22579 0.10395
56323.61859 20.21473 0.12394
56323.61971 20.22108 0.10724
56323.62085 20.23952 0.12664
56323.62197 20.09107 0.09255
56323.62309 20.61584 0.11643
56323.62423 20.14298 0.10074
56323.62535 20.06078 0.09584
56323.62647 20.13228 0.09645
56323.62759 20.34363 0.12024
56323.62872 20.45548 0.12094
56323.62985 20.52636 0.11935
56323.63097 20.35063 0.12114
56323.6321 20.56939 0.12383
56323.63322 20.37507 0.11274
56323.63435 19.98602 0.12034
56323.63549 20.0564 0.09415
56323.63661 20.26081 0.11643
56323.63773 20.3854 0.11444
56323.63887 20.29275 0.10944
56323.63999 20.31845 0.12584
56323.64112 20.27542 0.11134
56323.64225 20.3616 0.10414
56323.64338 20.27144 0.11494
56323.6445 20.60047 0.12404
56323.64563 20.25799 0.11704
56323.64676 20.1183 0.10884
56323.64789 20.20959 0.10584
56323.64902 20.23127 0.10824
56323.65014 20.17721 0.09665
56323.65127 20.17853 0.11014
56323.6524 20.62623 0.15043
56323.65352 20.41145 0.12833
56323.65465 20.33566 0.11194
56323.65577 20.13762 0.10724
56323.65691 20.35625 0.11904
56323.65803 20.10859 0.11074
56323.65917 20.19586 0.12874
56323.66029 20.12822 0.10516
56323.66255 20.29854 0.12295
56323.66367 20.52709 0.13164
56323.6648 20.3127 0.14903
56323.66594 20.16708 0.10646
56323.66706 20.21343 0.11626
56323.66819 20.11329 0.14585
56323.66932 20.39317 0.13947
56323.67158 20.38246 0.12345
56323.67271 20.02611 0.13853
56323.67384 20.35541 0.14103
56323.67496 20.13369 0.13675
56323.67838 20.40283 0.13304
56323.67951 20.50605 0.12984
56323.68065 20.43591 0.13284
56323.68177 20.31078 0.15304
56323.6829 20.37629 0.17013
56323.68402 20.27147 0.16703
56323.68516 20.21958 0.16064
56323.68742 20.45358 0.15115
56323.68855 20.36999 0.13134
56323.69081 20.50238 0.14503
56323.69194 20.10498 0.14564
56323.69306 20.04357 0.11906
56323.6942 20.179 0.18615
56323.69532 20.16886 0.15165
56323.69758 20.28662 0.16545
56323.69982 20.58617 0.19065
56323.70208 20.20167 0.15856
56323.70434 20.35218 0.18196
56323.70659 20.34483 0.16894
56324.6344 20.33784 0.11834
56324.67356 19.99566 0.11974
56328.60109 20.30201 0.11334
56328.63041 20.33571 0.10835
56330.60568 19.97263 0.11427
56330.63442 20.27027 0.12763
56336.60557 20.09047 0.12055
56336.6347 20.46306 0.17754
56337.61678 20.11645 0.10696
56337.646 20.34583 0.11725
56340.62168 20.35941 0.13551
56340.65261 20.15474 0.12355
56341.63432 20.63964 0.16121
56342.61542 20.49125 0.22397
56433.97522 20.13398 0.15364
56442.95121 19.98343 0.15834
56443.94843 20.29052 0.13469
56444.94545 20.37753 0.19528
56446.9404 20.39191 0.16674
56447.93827 20.49534 0.13427
56447.97245 20.34743 0.13466
56448.93551 20.15049 0.10116
56448.97043 20.50702 0.14065
56449.9322 20.1649 0.10035
56449.96744 20.18831 0.11084
56450.93056 19.96285 0.09397
56450.96471 20.48291 0.17974
56451.92757 20.26014 0.11786
56451.96268 20.42512 0.12446
56452.92487 20.15289 0.09846
56452.95905 20.05122 0.09674
56453.9223 20.61963 0.15365
56454.91904 20.1832 0.14164
56454.9531 20.44893 0.12274
56455.91706 20.20566 0.11748
56455.95123 20.19813 0.09725
56456.91361 20.44468 0.15053
56456.94859 20.48311 0.11194
56457.9457 20.19437 0.15094
56458.90893 20.44715 0.11378
56458.94334 20.37898 0.11703
56459.90596 20.43044 0.11834
56459.94092 20.10487 0.08925
56460.9034 20.25325 0.10917
56460.93791 20.07327 0.09035
56461.90107 20.29703 0.16243
56461.93811 20.38464 0.10764
56462.89824 20.27647 0.12775
56462.93439 20.21597 0.13196
56463.89576 20.22425 0.16795
56463.93218 20.04393 0.10755
56469.87982 20.09747 0.19094
56469.91685 20.12837 0.13166
56471.87375 20.31749 0.19526
56473.90477 20.10011 0.17665
56475.9008 19.94333 0.16356
56476.86102 20.14527 0.14159
56485.83631 20.10018 0.119
56486.83403 20.2649 0.12985
56486.87106 20.02941 0.09776
56488.83006 20.32892 0.15465
56488.86647 20.11635 0.10587
56489.82698 20.49883 0.13407
56489.86366 20.03176 0.09276
56498.802 19.94205 0.21647
56502.79167 20.3319 0.14095
56502.82864 20.2964 0.12231
56503.78903 19.91695 0.09732
56503.82769 20.3153 0.11416
56504.86992 20.41971 0.11329
56504.90811 20.01151 0.10367
56505.81768 20.06266 0.12203
56505.9509 20.08288 0.09647
56505.98842 20.14268 0.15286
56506.89349 20.22281 0.11343
56507.80198 19.91157 0.11235
56507.84712 20.19391 0.10007
56507.99891 20.03975 0.11048
56508.90167 20.08175 0.07811
56509.79634 20.24112 0.10106
56509.83877 20.17742 0.08928
56510.8262 19.86427 0.08622
56511.79111 20.09136 0.11459
56511.84089 20.28586 0.10967
56512.78788 20.05762 0.11757
56512.82519 20.37814 0.10508
56513.78624 20.33501 0.10539
56513.82352 20.15397 0.08328
56514.7834 20.35036 0.10356
56514.82081 20.12577 0.08986
56515.78106 20.30465 0.12116
56515.82231 20.20537 0.12725
56516.77774 20.07384 0.08542
56516.81437 20.08377 0.08908
56517.77605 20.4826 0.10467
56517.81715 20.20359 0.08607
56517.97309 20.46961 0.10159
56518.87478 20.22126 0.08477
56518.96686 20.26235 0.08806
56519.00311 20.05679 0.09886
56519.90443 20.30717 0.08829
56519.96504 20.01939 0.07327
56520.00171 19.92117 0.09288
56520.90327 19.96239 0.09068
56520.95521 20.26519 0.08935
56520.99262 20.14812 0.07469
56521.89446 20.02199 0.07777
56521.95772 20.1714 0.09046
56521.99393 20.10609 0.08319
56529.93849 20.26105 0.17233
56532.71221 20.11337 0.13729
56532.85928 20.31212 0.10488
56532.89645 20.03842 0.08703
56533.79895 20.32866 0.09896
56533.93493 20.11441 0.09746
56533.97228 20.16555 0.09487
56537.84525 20.07114 0.07679
56537.9874 20.08118 0.07698
56539.69386 20.39046 0.11697
56539.88447 20.23234 0.08209
56539.9215 20.1058 0.07971
56540.97669 20.17192 0.0803
56541.6883 20.412 0.13733
56542.96698 20.03902 0.07585
56543.00294 20.12161 0.09189
56543.90463 20.25737 0.11805
56543.97085 20.30433 0.08767
56544.00787 20.21105 0.0913
56546.67441 20.45747 0.13786
56546.75907 20.22917 0.09819
56546.94639 20.09101 0.0764
56547.84788 19.94568 0.10027
56548.0057 20.05464 0.08518
56548.66959 20.58031 0.16964
56548.70582 20.33453 0.12957
56548.74172 20.24644 0.12816
56549.70273 20.19564 0.11948
56549.73967 20.42381 0.14005
56550.6994 20.39053 0.16066
56550.73216 20.07523 0.12865
56551.66063 20.02484 0.19864
56551.72202 20.3462 0.16366
56552.66117 20.35018 0.21785
56552.74635 20.44114 0.16075
56561.66061 20.3791 0.13154
56561.89034 20.33489 0.17747
56562.93459 20.14686 0.10577
56563.02169 20.288 0.16326
56563.6524 20.41248 0.10705
56563.6893 20.29748 0.13725
56563.77494 20.18119 0.09784
56564.72602 20.16628 0.09828
56564.99301 20.1906 0.10047
56565.02672 20.24447 0.11495
56565.92832 20.21206 0.10144
56565.98151 20.45432 0.12934
56566.01544 20.37686 0.11464
56566.91724 20.31565 0.09745
56566.96287 20.26014 0.09676
56566.99591 20.30652 0.10636
56567.8986 20.16289 0.08154
56567.96702 20.19863 0.081
56568.00039 20.13204 0.08415
56568.90245 20.24947 0.09028
56568.96343 20.01552 0.08118
56568.99843 20.15552 0.11885
56569.90084 20.33945 0.10215
56569.99803 20.34245 0.11675
56570.03082 20.49884 0.15244
56571.72419 20.52792 0.17839
56572.62632 19.86363 0.15086
56572.66032 19.87486 0.0923
56572.69287 20.3307 0.12433
56573.61429 20.16688 0.13954
56573.64765 20.05602 0.11055
56573.77817 20.45729 0.10855
56576.83948 20.04853 0.08056
56577.00541 20.18133 0.14054
56577.60601 20.25023 0.19256
56577.77306 20.35904 0.11377
56578.67217 20.07143 0.15384
56578.69674 20.20927 0.14636
56578.75347 20.41234 0.13873
56579.73584 20.23096 0.13248
56579.85963 20.2116 0.15056
56579.88516 20.27999 0.12847
56580.7875 20.39051 0.18435
56580.8553 20.08843 0.19413
56580.88022 20.54097 0.14134
56587.62864 20.40219 0.11724
56587.78993 20.26241 0.12616
56587.81475 20.3888 0.13197
56588.71625 20.381 0.21528
56589.79481 20.0223 0.09796
56589.81959 20.35979 0.10614
56589.84642 20.19207 0.13365
56590.76387 20.17327 0.13215
56590.8749 20.51316 0.12615
56590.89969 20.66111 0.13324
56591.80204 20.39689 0.17206
56591.86057 20.05994 0.10659
56591.88508 20.40564 0.10431
56592.81972 20.22426 0.09268
56592.91348 20.14765 0.11305
56592.93852 20.06009 0.13887
56596.59731 20.32854 0.17434
56596.81771 20.15536 0.14284
56596.84238 20.54619 0.11166
56597.74425 20.57327 0.13267
56597.82393 20.03758 0.10866
56597.84943 20.60507 0.15797
56598.75163 20.48239 0.11514
56598.82179 20.02539 0.11455
56598.84855 20.24327 0.13915
56599.75014 20.32478 0.10295
56599.79577 20.19029 0.07789
56599.82112 20.03418 0.08915
56600.77441 20.25238 0.09166
56600.8753 20.33044 0.10886
56602.78065 20.53824 0.14781
56603.68227 20.03657 0.09878
56603.74296 20.38156 0.12125
56603.81581 20.07341 0.10127
56604.73691 20.19695 0.10091
56604.92616 20.08181 0.09902
56605.64733 20.23523 0.09556
56605.67213 20.39501 0.16943
56606.60932 20.60438 0.23434
56607.82225 20.65972 0.18184
56607.84927 20.40947 0.12715
56608.75086 20.2926 0.13295
56608.81398 20.55683 0.16603
56609.88847 20.58653 0.16184
56621.79766 20.46574 0.14205
56622.58588 20.20902 0.09489
56623.58717 20.29859 0.1321
56624.57999 20.35031 0.14349
56624.60429 20.17558 0.10146
56625.70494 20.26589 0.09993
56625.74386 20.3894 0.11606
56626.64578 20.41736 0.14144
56626.67007 20.28127 0.11486
56628.73144 20.17751 0.11266
56628.76212 20.55025 0.12925
56637.58042 20.22824 0.15838
56637.60549 20.72048 0.14917
56639.58002 20.02802 0.15527
56639.60438 20.59781 0.20094
56648.58277 20.34072 0.15474
56649.57885 20.36088 0.16709
56649.60387 20.73618 0.12058
56658.58519 20.30655 0.1114
56658.62914 20.60899 0.11416
56659.58605 20.23844 0.11681
56659.61086 20.11452 0.10232
56660.58569 20.07717 0.13402
56660.61029 20.39607 0.11243
56662.58587 20.33938 0.12287
56663.59143 20.08286 0.13005
56663.6171 20.02057 0.09805
56664.6104 20.30299 0.18642
56668.61177 20.09714 0.11235
56669.61423 20.12914 0.1463
56675.5969 20.02849 0.10106
56675.6459 20.23843 0.13656
56676.59181 20.44812 0.13646
56676.61781 20.38816 0.10396
56678.61458 20.26501 0.11146
56678.64019 20.23987 0.13155
56680.60724 20.23644 0.13265
56683.59693 20.07511 0.10172
56683.63252 20.18255 0.11316
56685.59847 20.23868 0.15899
56685.6471 20.1234 0.12698
56687.59886 20.52979 0.14518
56687.64144 20.32117 0.11681
56690.60286 20.38001 0.15767
56690.64549 20.31768 0.16864
56697.60505 20.20676 0.12798
56699.60928 20.22565 0.16146
56816.96412 20.2294 0.13304
56816.97531 20.39173 0.15045
56817.96427 20.23454 0.10584
56817.97654 19.9551 0.13217
56818.96227 20.11705 0.08929
56818.97512 20.27271 0.13215
56821.96237 20.08923 0.18736
56822.96143 19.9325 0.16595
56823.96094 20.15726 0.17526
56824.96428 20.18987 0.15275
56824.97573 20.36839 0.18765
56826.96127 19.99654 0.14806
56826.97472 20.49615 0.18684
56827.96384 20.1191 0.14555
56827.97622 20.15764 0.15404
56828.9654 20.08694 0.13386
56828.97804 20.17542 0.16776
56829.96383 19.90087 0.08643
56829.97653 19.91371 0.12982
56830.96102 19.96538 0.10275
56830.97338 20.25601 0.10576
56832.9648 20.20834 0.08637
56832.97563 20.06875 0.09519
56833.96568 20.21697 0.09388
56833.97644 20.2944 0.10836
56834.96484 20.06929 0.08955
56834.9776 20.10287 0.12797
56835.96569 20.20544 0.10674
56835.97723 20.20831 0.13287
56836.96625 20.1356 0.10086
56836.97711 20.21674 0.11606
56837.96638 19.97754 0.08278
56837.98211 20.05295 0.13737
56838.96389 20.08713 0.07637
56838.9786 20.3269 0.12055
56839.96511 20.02598 0.06789
56839.97834 20.21028 0.10835
56840.96951 19.8235 0.07949
56840.98137 19.76652 0.13256
56841.96857 19.86772 0.0779
56841.98075 20.04598 0.11148
56844.96636 19.97886 0.07963
56844.97887 20.12251 0.10004
56845.96726 20.03134 0.07326
56845.98002 20.16712 0.12261
56846.96666 20.15181 0.07685
56846.98115 20.08205 0.08981
56847.96648 20.02985 0.07557
56847.98151 20.0558 0.08418
56848.96743 20.18862 0.09416
56848.98312 19.97058 0.09269
56849.96813 20.19277 0.16405
56849.98235 20.20144 0.17664
56850.96941 20.39825 0.22558
56851.97048 20.01734 0.1113
56851.98675 20.0496 0.13765
56854.96165 19.91111 0.09871
56854.98771 19.83233 0.1049
56855.96071 20.35632 0.12336
56855.98393 19.9809 0.12257
56856.96087 20.25345 0.14891
56856.98328 20.07155 0.11063
56858.96243 20.13937 0.08936
56858.98507 19.99422 0.08514
56859.96515 20.05878 0.07325
56859.98697 20.00545 0.08278
56861.96231 19.95031 0.07878
56861.98508 19.99605 0.07422
56862.9659 20.1815 0.08356
56862.98227 20.15742 0.09153
56863.94981 19.92016 0.06355
56864.94576 20.12602 0.08959
56864.96947 20.05528 0.09347
56865.92975 20.0998 0.09574
56865.96089 20.11096 0.07722
56867.98799 20.08631 0.06788
56868.96536 20.02139 0.07102
56868.98567 19.88585 0.08349
56869.96092 19.91545 0.07488
56869.98231 19.93531 0.07538
56870.96467 19.97153 0.06731
56870.98635 19.91013 0.07287
56874.97428 19.99289 0.06964
56874.99622 19.99122 0.07688
56875.98151 19.92835 0.07479
56875.99752 20.2133 0.08579
56876.91773 19.95482 0.0649
56876.94717 20.08757 0.07143
56877.9745 19.95635 0.06378
56877.9957 20.02505 0.08018
56878.00741 19.94581 0.10808
56878.9086 20.18286 0.13283
56878.93847 20.04516 0.11767
56879.92838 20.34191 0.14695
56879.95816 20.15738 0.15275
56880.9882 20.08412 0.14388
56882.96877 20.34063 0.16402
56882.98848 19.97281 0.1859
56883.9421 20.25469 0.11998
56883.98158 20.11595 0.12158
56884.99956 20.2755 0.10738
56885.96448 20.02159 0.09283
56885.98159 20.10944 0.10268
56886.91453 19.91689 0.08389
56886.94264 19.94381 0.07505
56887.91623 20.05465 0.07552
56887.94902 19.88094 0.07137
56888.86519 20.03915 0.06432
56888.89905 20.07823 0.0751
56888.91008 20.02759 0.06544
56888.94196 20.00818 0.06578
56890.94091 19.95686 0.06818
56890.97479 20.03627 0.07305
56895.83087 19.91641 0.0784
56895.86667 20.18102 0.11177
56972.71463 20.4061 0.11694
56972.73749 20.02362 0.09756
56978.74407 20.12526 0.12161
56978.79927 20.45287 0.20071
56979.72374 20.39127 0.17547
56980.71766 20.28063 0.09779
56980.83416 19.94654 0.09468
56981.71538 20.35588 0.10598
56981.77818 19.88539 0.08129
56984.71333 20.34384 0.14081
56984.78092 20.22329 0.1514
56986.72544 19.95231 0.11487
56987.70535 20.38798 0.12625
56987.76948 20.35565 0.10756
56988.66321 20.15882 0.11138
56989.60286 20.26605 0.11817
56989.66828 20.00929 0.09868
56990.59847 20.04379 0.09248
56990.66232 20.34516 0.10737
56991.66882 19.83931 0.19281
57000.62591 19.92105 0.08819
57000.65668 20.01716 0.11838
57001.60725 20.10976 0.09307
57001.63454 19.96732 0.08007
57011.62365 20.01292 0.10757
57011.65019 20.00493 0.09969
57014.60229 20.03582 0.09297
57014.62433 20.19667 0.10335
57015.60026 20.05374 0.10622
57015.6199 20.38908 0.12785
57018.60146 20.18922 0.13106
57018.62586 20.27933 0.11045
57019.59637 20.17546 0.14438
57019.61004 20.30228 0.13735
57030.59868 20.06804 0.09574
57037.60179 20.14796 0.10637
57039.60447 19.97081 0.08836
57040.60372 20.20265 0.11017
57041.64649 20.13987 0.09719
57042.59979 20.18172 0.09461
57042.64647 20.32304 0.1021
57043.60053 20.13549 0.0995
57043.64542 20.27482 0.09629
57046.59907 20.07041 0.13068
57046.64082 20.15803 0.13708
57047.65127 20.11078 0.11219
57047.65361 20.10867 0.13168
57059.60766 20.18851 0.10256
57059.61723 20.09353 0.09058
57063.60738 20.0374 0.1154
57063.61933 20.05682 0.10564
57064.61072 20.14654 0.10783
57064.62756 20.32551 0.14488
57065.60805 20.25376 0.15669
57065.62471 20.24705 0.1394
57067.60784 20.22731 0.12718
57067.62545 20.30663 0.14559
57069.61019 20.1984 0.10421
57069.6409 20.24189 0.13571
57070.61078 19.9248 0.13098
57070.6277 19.90701 0.10319
57071.61023 20.1544 0.12117
57071.6267 20.3192 0.12895
57180.95646 20.48506 0.16001
57187.96362 20.03342 0.1042
57188.93765 20.19734 0.12312
57188.96808 20.26679 0.15492
57189.95594 20.31588 0.10692
57190.94422 20.37448 0.13357
57191.9217 19.97555 0.14093
57191.95614 19.98181 0.12074
57192.94672 20.30128 0.12208
57193.93573 19.99927 0.10704
57193.96862 20.44004 0.12627
57194.94374 20.29551 0.10422
57194.97431 20.44337 0.13131
57195.94595 20.29907 0.11756
57196.92539 20.26918 0.13346
57197.91796 19.91786 0.09418
57197.96971 19.95382 0.10961
57198.93165 20.10434 0.11092
57198.96479 20.1031 0.10679
57199.9472 20.16879 0.10521
57199.9815 20.36686 0.18429
57207.95261 20.12088 0.15879
57207.98422 20.3457 0.13906
57208.90735 20.07255 0.17687
57208.94607 20.32471 0.15807
57209.93937 20.24261 0.12996
57210.9363 20.15847 0.12427
57210.97519 20.08524 0.12486
57211.94997 20.16281 0.10595
57211.98409 20.29326 0.1574
57212.9376 20.14152 0.16277
57214.96163 19.97448 0.09387
57216.93262 20.05758 0.09141
57216.97994 20.16364 0.10078
57218.92712 20.09107 0.09549
57218.977 19.97381 0.09167
57219.94247 20.11401 0.07927
57219.97077 20.27033 0.08619
57220.92305 20.03518 0.07181
57220.98129 20.03984 0.09293
57225.95176 20.25549 0.08004
57226.95332 20.15783 0.07763
57227.93417 20.01459 0.07659
57227.97035 20.22651 0.09208
57231.91879 20.10697 0.08943
57231.96902 20.26533 0.08741
57232.8829 20.30415 0.13269
57232.9489 20.20995 0.10957
57237.93379 20.6098 0.16697
57238.91268 20.43689 0.11946
57238.96563 20.25462 0.10877
57239.93796 20.33711 0.10906
57239.98313 20.27601 0.12135
57240.95317 20.32933 0.10769
57241.93368 20.23192 0.11894
57242.93933 20.21923 0.09341
57242.98523 20.32082 0.08173
57244.91131 20.14809 0.0816
57244.96611 20.28108 0.08009
57245.87591 20.13303 0.07959
57245.91376 20.27101 0.08547
57246.89995 20.14301 0.09431
57246.93423 20.18994 0.08658
57247.92574 20.48847 0.0956
57247.95614 20.15206 0.07222
57248.84393 20.093 0.07981
57248.8782 20.37111 0.09954
57249.88436 20.15119 0.07646
57249.9163 20.40644 0.08805
57250.88236 20.37472 0.12124
57250.92114 20.09726 0.08574
57251.8693 20.3322 0.08955
57251.91419 20.29509 0.08467
57267.9816 20.17666 0.13078
57555.93989 20.41026 0.16987
57555.96363 20.52316 0.11489
57564.95195 20.43197 0.17005
57568.92119 20.75216 0.19434
57569.92685 20.43929 0.14428
57570.93954 20.63895 0.1459
57571.96845 20.52387 0.16996
57572.94 20.791 0.12599
57572.961 20.26102 0.14009
57573.95955 20.72873 0.15899
57574.96997 20.43845 0.13443
57575.96076 20.63993 0.11381
57576.95096 20.52396 0.13025
57578.93031 20.43282 0.11665
57578.9597 20.62013 0.10958
57579.93833 20.65397 0.13433
57579.96636 20.47263 0.1721
57580.94991 20.67246 0.14265
57580.97641 20.55196 0.13606
57581.96061 20.69047 0.11923
57582.96612 20.58022 0.11654
57583.93612 20.31184 0.13068
57583.97225 20.5875 0.10849
57584.92871 20.76602 0.13837
57584.97404 20.43552 0.10628
57585.92275 20.25072 0.13848
57585.96134 20.325 0.1013
57586.91575 20.62724 0.20305
57595.9848 20.8659 0.15869
57596.95384 20.21787 0.15408
57596.98786 20.49219 0.12288
57597.93735 20.42282 0.12837
57597.9794 20.74279 0.15134
57598.97263 20.49938 0.11598
57600.96483 20.38829 0.11279
57601.9531 20.66642 0.12692
57602.99208 20.6718 0.16919
57603.95654 20.39246 0.10654
57603.99274 20.47445 0.1178
57604.96148 20.55298 0.12703
57604.99535 20.53852 0.15088
57605.93926 20.26458 0.10209
57605.97693 20.63211 0.10287
57606.94732 20.20984 0.11511
57606.99101 20.64139 0.1096
57607.92659 20.58883 0.14456
57607.97806 20.83225 0.12867
57608.92515 20.30776 0.10488
57608.96585 20.57349 0.10638
57609.94301 20.85757 0.13399
57610.89516 20.46813 0.13586
57610.92695 20.44118 0.10988
57611.90199 20.46607 0.11096
57611.93252 20.76892 0.15775
57612.88937 20.55617 0.12028
57612.93148 20.38263 0.10527
57613.84046 20.58352 0.13245
57613.87193 20.13253 0.11305
57613.90353 20.31963 0.10049
57614.96436 20.45405 0.11255
57614.99496 20.26169 0.11666
57615.90761 20.37925 0.16385
57615.95637 20.8597 0.12516
57625.94454 20.6013 0.18234
