#mjd mag magerr
55061.92501 18.56121 0.03178
55061.95573 18.53197 0.03116
55063.91987 18.5301 0.03149
55063.9639 18.5928 0.03198
55064.92128 18.55085 0.03297
55064.9656 18.51376 0.03587
55066.91014 18.49003 0.03363
55066.95474 18.46877 0.03369
55067.91649 18.64528 0.05189
55067.96099 18.39411 0.05819
55069.90324 18.46332 0.02764
55069.94786 18.49792 0.02792
55080.87449 18.37669 0.06126
55080.95988 18.53747 0.07045
55084.86328 18.44528 0.03705
55087.85609 18.40102 0.02783
55087.90101 18.37384 0.02672
55088.96983 18.42763 0.0283
55089.01521 18.48577 0.02964
55089.94574 18.38768 0.02838
55089.99042 18.4298 0.02993
55093.83741 18.43268 0.02648
55093.88196 18.41322 0.02539
55096.8292 18.40516 0.02735
55097.00858 18.41014 0.03093
55104.99862 18.50584 0.03838
55107.79764 18.39669 0.05328
55114.88125 18.3748 0.03129
55114.92522 18.43535 0.07416
55119.89538 18.50038 0.03193
55119.95365 18.44162 0.03284
55123.75696 18.42704 0.02828
55123.81523 18.41466 0.02975
55126.97957 18.52524 0.04004
55127.83329 18.4965 0.03255
55127.87706 18.47951 0.03288
55135.82555 18.52014 0.06082
55135.86926 18.39201 0.06451
55138.71472 18.4411 0.06345
55138.75871 18.47372 0.06353
55142.7036 18.47636 0.03407
55142.75219 18.44754 0.03789
55144.77886 18.19969 0.04504
55144.82305 18.4098 0.03461
55151.72943 18.48355 0.03635
55151.77257 18.43407 0.03216
55166.70473 18.38649 0.05881
55166.74897 18.45248 0.06644
55168.63378 18.54814 0.05554
55168.6775 18.42874 0.05648
55175.61224 18.42772 0.03084
55175.65684 18.50864 0.03047
55181.59421 18.56883 0.04907
55181.63825 18.49867 0.03824
55183.59204 18.51806 0.04661
55183.64253 18.48576 0.0347
55189.58054 18.44223 0.03924
55189.62557 18.52134 0.03727
55194.59026 18.44884 0.05807
55199.58559 18.52096 0.03267
55201.58642 18.49784 0.10479
55202.58667 18.44401 0.04194
55203.71441 18.46946 0.04327
55203.75743 18.47678 0.04439
55207.63092 18.49081 0.03464
55207.67514 18.46592 0.0314
55209.5968 18.45577 0.0298
55209.64149 18.50103 0.02983
55213.63312 18.48218 0.0449
55213.6798 18.51784 0.04799
55377.85123 18.93218 0.07135
55377.89535 18.62818 0.06315
55378.90615 18.69544 0.06144
55379.8591 18.57331 0.05432
55379.92482 18.71163 0.04378
55380.87684 18.42138 0.06298
55380.92078 18.65625 0.05056
55381.89606 18.69478 0.04528
55381.93934 18.60754 0.04098
55384.82671 18.69304 0.03813
55384.87028 18.5895 0.03528
55385.87021 18.63425 0.03555
55385.91339 18.6147 0.03344
55386.86524 18.61314 0.03648
55386.90867 18.64575 0.03768
55387.87002 18.60115 0.03683
55387.91342 18.58319 0.03325
55388.86609 18.56846 0.04754
55388.91005 18.67904 0.03675
55390.80957 18.7177 0.04702
55390.85393 18.77196 0.04386
55391.80613 18.69001 0.05155
55391.87538 18.65614 0.03842
55392.83258 18.7212 0.04441
55392.87538 18.61486 0.03796
55394.79908 18.67752 0.04535
55394.8431 18.64415 0.03806
55395.79551 18.56115 0.0524
55395.84215 18.60091 0.03846
55396.79527 18.64985 0.05184
55396.83932 18.59265 0.03662
55397.79163 18.59055 0.06322
55397.83526 18.62008 0.04001
55398.78764 18.63518 0.05823
55398.83124 18.54385 0.04797
55399.78802 18.56925 0.07493
55399.83261 18.68831 0.05351
55400.78534 18.7758 0.07901
55400.8289 18.61588 0.05272
55401.78133 18.70442 0.08451
55401.82518 18.65321 0.07199
55402.8246 18.67652 0.0752
55403.77642 18.61074 0.1083
55403.81973 18.65337 0.09517
55404.77424 18.5961 0.09395
55404.84266 18.70671 0.06953
55405.8416 18.51073 0.06735
55407.7691 18.88598 0.10181
55407.83003 18.56009 0.08361
55408.78389 18.50233 0.14477
55411.79896 18.65088 0.06065
55413.75577 18.84023 0.09108
55413.79945 18.72938 0.07291
55414.75161 18.8519 0.10287
55414.79555 18.61873 0.05277
55416.79342 18.68253 0.05788
55417.75979 18.76315 0.09194
55417.84511 18.68462 0.07105
55418.79843 18.77649 0.0625
55418.84121 18.74723 0.0553
55419.75121 18.75134 0.09333
55419.79504 18.65731 0.05688
55420.83264 18.68864 0.06361
55421.73664 18.63923 0.04014
55421.79901 18.63728 0.03485
55422.75115 18.72539 0.04881
55422.79487 18.754 0.03894
55423.74742 18.74943 0.04356
55423.79284 18.69707 0.0389
55424.75349 18.63472 0.04387
55424.80178 18.75471 0.03786
55425.76166 18.6557 0.04494
55425.80573 18.74176 0.03715
55426.80123 18.67882 0.04541
55426.8444 18.70377 0.03708
55427.79708 18.58366 0.04234
55427.8408 18.65073 0.0381
55428.79281 18.68265 0.04748
55428.83703 18.67704 0.04311
55429.8142 18.77425 0.04904
55429.85716 18.67903 0.04147
55430.75769 18.64304 0.05853
55430.80485 18.64528 0.04971
55431.75639 18.75856 0.06139
55431.80024 18.70726 0.05481
55432.73907 18.71694 0.08293
55432.78359 18.74317 0.07207
55433.70425 18.93722 0.12396
55433.7493 18.55332 0.08325
55434.73769 18.77882 0.08526
55435.69148 18.816 0.0967
55436.88575 18.58918 0.05863
55436.88891 18.78261 0.06033
55436.8919 18.80157 0.06016
55436.89501 18.66313 0.05408
55436.89797 18.65037 0.0589
55436.90109 18.79781 0.06066
55436.9042 18.69715 0.06003
55436.90728 18.74726 0.06066
55436.91041 18.7285 0.06506
55436.91351 18.83266 0.0718
55436.91641 18.64815 0.0719
55436.91931 18.84252 0.06851
55436.92221 18.73875 0.06827
55436.92514 18.70656 0.06279
55436.92806 18.83632 0.069
55436.93096 18.81171 0.06497
55436.93413 18.7963 0.0717
55436.93703 18.70209 0.06248
55436.93974 18.75039 0.06052
55436.94297 18.82826 0.06998
55436.94613 18.80806 0.06471
55436.94915 18.72436 0.0754
55436.95231 18.74699 0.06429
55436.9553 18.70954 0.05879
55436.95826 18.74415 0.06321
55436.96116 18.62723 0.06848
55436.96403 18.89321 0.06681
55436.96671 18.71422 0.06136
55438.88857 18.69852 0.06047
55438.89169 18.74808 0.05392
55438.89485 18.7846 0.05054
55438.89798 18.6789 0.05052
55438.90086 18.70477 0.05002
55438.90371 18.69026 0.0472
55438.9065 18.89267 0.05524
55438.90927 18.80515 0.05173
55438.91204 18.67667 0.05355
55438.91487 18.76987 0.05481
55438.91763 18.71869 0.052
55438.92084 18.59597 0.05733
55438.92394 18.5908 0.06339
55438.92672 18.68604 0.05861
55438.92954 18.72636 0.06135
55438.93259 18.62204 0.06914
55438.93551 18.7692 0.05885
55438.93833 18.82741 0.06007
55438.94106 18.58238 0.05588
55438.94411 18.74575 0.05561
55438.94678 18.67755 0.06022
55438.95017 18.81588 0.05562
55438.95913 18.75957 0.05504
55438.96141 18.65273 0.05426
55440.87507 18.73978 0.04138
55440.87823 18.66844 0.03905
55440.88428 18.65929 0.03974
55440.88675 18.59385 0.03644
55440.8894 18.68988 0.03869
55440.89205 18.66384 0.04125
55440.89518 18.68139 0.03844
55440.89832 18.78172 0.04393
55440.90145 18.65495 0.04065
55440.90439 18.61896 0.03948
55440.90729 18.69892 0.0416
55440.91025 18.63725 0.03851
55440.91316 18.68956 0.03986
55440.91591 18.63775 0.04074
55440.9187 18.68322 0.04132
55440.92149 18.70272 0.0403
55440.92426 18.6986 0.03791
55440.93095 18.64671 0.03916
55440.93364 18.60831 0.03794
55440.93623 18.67662 0.03879
55440.9395 18.66906 0.04311
55440.94264 18.65381 0.0406
55440.94582 18.6537 0.04144
55440.94883 18.6692 0.03987
55440.95182 18.65942 0.04339
55440.95489 18.62814 0.04142
55440.95791 18.66049 0.04018
55441.87301 18.67137 0.03483
55441.87592 18.7016 0.03482
55441.88645 18.67086 0.03493
55441.88962 18.63187 0.03505
55441.89254 18.67537 0.03554
55441.89542 18.68189 0.03586
55441.89828 18.67627 0.03595
55441.90107 18.71249 0.03608
55441.9037 18.72422 0.03635
55441.90634 18.7041 0.03551
55441.90906 18.66183 0.03452
55441.9118 18.67077 0.0331
55441.91445 18.65617 0.03454
55441.91722 18.62502 0.03328
55441.91981 18.8566 0.04015
55441.92242 18.67852 0.03565
55441.92546 18.71371 0.03484
55441.9281 18.62622 0.03266
55441.93183 18.61775 0.03282
55441.93458 18.71753 0.03369
55441.93727 18.73818 0.03632
55441.94048 18.70424 0.03775
55441.94326 18.71177 0.03456
55441.94546 18.70759 0.03569
55441.94852 18.58003 0.03427
55441.95194 18.68507 0.03416
55441.95469 18.68121 0.03583
55441.95786 18.6384 0.03362
55441.96081 18.62166 0.03475
55441.96392 18.65295 0.03637
55441.96715 18.69167 0.03405
55441.97012 18.69777 0.0353
55441.97294 18.68514 0.03784
55441.97532 18.71512 0.03522
55441.97757 18.77036 0.03732
55441.9798 18.66978 0.03625
55441.9835 18.74216 0.03653
55441.9863 18.75772 0.03865
55441.98852 18.73111 0.03899
55441.99078 18.7565 0.03901
55441.99382 18.69408 0.03655
55442.00593 18.73376 0.03772
55442.00906 18.66758 0.04018
55442.01216 18.72888 0.04019
55442.01486 18.71113 0.04432
55442.01753 18.67379 0.04928
55442.02001 18.7591 0.05923
55442.02226 18.98946 0.07707
55442.70382 18.71232 0.04192
55442.70734 18.69758 0.04186
55442.71097 18.65121 0.03904
55442.71448 18.6663 0.03805
55442.71808 18.66323 0.03874
55442.72168 18.73345 0.03845
55442.72527 18.66436 0.03642
55442.73272 18.67203 0.03533
55442.74184 18.71269 0.03763
55442.74882 18.69946 0.03547
55442.75572 18.65653 0.03478
55442.76147 18.60808 0.03516
55442.76615 18.62806 0.03389
55442.77616 18.72163 0.03754
55442.78135 18.65168 0.03389
55442.78615 18.72291 0.03608
55442.79145 18.67419 0.0327
55442.79615 18.65387 0.03228
55442.80186 18.65743 0.03493
55442.8093 18.68439 0.0329
55442.81443 18.71981 0.03422
55442.81939 18.74228 0.03532
55442.82447 18.66558 0.03264
55442.8293 18.6817 0.03377
55442.83541 18.64566 0.03344
55442.84012 18.64397 0.03214
55442.84597 18.64953 0.03424
55442.85112 18.73072 0.0364
55442.85657 18.63718 0.03342
55442.86387 18.66391 0.03469
55442.87002 18.67778 0.03409
55442.87503 18.70958 0.03425
55442.88048 18.73579 0.03207
55442.88617 18.78329 0.03386
55442.89221 18.65714 0.0348
55442.89785 18.66022 0.03546
55442.90297 18.65325 0.03291
55442.90871 18.66154 0.03234
55442.91368 18.66124 0.03322
55442.91875 18.67514 0.03419
55442.92384 18.67071 0.03169
55442.93037 18.72208 0.03947
55442.93642 18.6605 0.0333
55442.94588 18.68385 0.0383
55442.95166 18.65318 0.03295
55442.95754 18.68579 0.0354
55442.96246 18.77262 0.03535
55442.96833 18.66853 0.03534
55442.97317 18.69299 0.03294
55442.97782 18.65443 0.03407
55442.98206 18.72161 0.03432
55442.9872 18.64633 0.03453
55442.99348 18.72049 0.03569
55442.99858 18.63686 0.03413
55443.00329 18.70894 0.03488
55443.01002 18.62487 0.03572
55443.01702 18.73483 0.04259
55443.02387 18.71134 0.0706
55443.67742 18.71912 0.04735
55443.68488 18.81312 0.05135
55443.69287 18.81482 0.04707
55443.70415 18.68159 0.04016
55443.71028 18.74816 0.04203
55443.71632 18.73655 0.04424
55443.72231 18.68405 0.03923
55443.72832 18.64513 0.03941
55443.736 18.65764 0.04004
55443.74306 18.63617 0.03475
55443.74812 18.6488 0.03681
55443.75372 18.6806 0.03729
55443.75946 18.64919 0.03463
55443.76526 18.74338 0.03869
55443.77007 18.65693 0.03809
55443.78027 18.63979 0.03646
55443.78539 18.66285 0.0347
55443.79156 18.60069 0.03415
55443.79717 18.62007 0.03393
55443.80302 18.74273 0.03551
55443.80895 18.71147 0.03496
55443.81493 18.75445 0.03856
55443.8204 18.79193 0.03703
55443.82634 18.76914 0.03523
55443.83239 18.733 0.03496
55443.83783 18.71506 0.03539
55443.84415 18.67331 0.03475
55443.84958 18.72451 0.03408
55443.85553 18.69166 0.03333
55443.86252 18.76288 0.03506
55443.87576 18.73429 0.03519
55443.88141 18.64346 0.03444
55443.88892 18.66365 0.03535
55443.89412 18.82238 0.0369
55443.90077 18.71791 0.03647
55443.90658 18.72163 0.035
55443.91235 18.72701 0.03394
55443.91779 18.66638 0.03718
55443.92403 18.71151 0.03682
55443.92967 18.65531 0.0381
55443.93496 18.70197 0.03576
55443.94073 18.68324 0.03533
55443.94779 18.68291 0.03477
55443.95355 18.76759 0.03504
55443.95925 18.68946 0.0344
55443.9693 18.62762 0.03565
55443.97555 18.77875 0.03715
55443.98144 18.68012 0.03488
55443.98725 18.85674 0.04241
55443.99456 18.69746 0.0423
55444.00093 18.6972 0.03638
55444.0061 18.62969 0.03459
55444.01187 18.76152 0.04057
55444.0175 18.74484 0.04553
55444.02231 18.84993 0.06396
55444.66648 18.79759 0.05478
55444.67221 18.74759 0.05486
55444.67727 18.71077 0.04813
55444.68857 18.65649 0.04456
55444.69526 18.66217 0.0454
55444.7091 18.64756 0.04157
55444.71487 18.80358 0.04536
55444.72103 18.74106 0.04132
55444.72796 18.68858 0.0415
55444.73377 18.74209 0.04096
55444.74094 18.71002 0.03704
55444.74655 18.84823 0.04295
55444.75167 18.68703 0.0406
55444.75678 18.70738 0.03775
55444.76225 18.65551 0.03497
55444.7673 18.7091 0.03756
55444.77353 18.6962 0.03722
55444.77876 18.70468 0.03663
55444.78368 18.6543 0.03629
55444.79848 18.71613 0.03537
55444.80403 18.69439 0.03605
55444.81599 18.67961 0.03565
55444.8213 18.67755 0.03334
55444.83332 18.67006 0.03366
55444.83854 18.75847 0.03587
55444.84549 18.75904 0.03463
55444.85161 18.73148 0.03592
55444.85679 18.6857 0.03458
55444.86267 18.73444 0.03674
55444.86777 18.7781 0.04083
55444.87321 18.74226 0.03484
55444.87872 18.71402 0.03655
55444.89016 18.75018 0.03836
55444.89581 18.80983 0.03975
55444.90153 18.70427 0.03451
55444.90845 18.77833 0.03704
55444.91349 18.77413 0.03691
55444.92279 18.70442 0.03541
55444.93139 18.67344 0.03452
55444.94041 18.70072 0.03311
55444.94568 18.68816 0.03416
55444.951 18.73013 0.03873
55444.95724 18.85012 0.03917
55444.96289 18.6521 0.03424
55444.96923 18.7345 0.03398
55444.97411 18.62838 0.03445
55444.98062 18.73226 0.03676
55444.98915 18.61685 0.03587
55444.99553 18.64331 0.035
55445.00157 18.77459 0.03603
55445.00779 18.71006 0.03639
55445.01282 18.63054 0.0399
55445.01777 18.75737 0.04422
55445.02227 18.69308 0.05871
55445.66261 18.71528 0.04903
55445.66749 18.7478 0.04657
55445.67244 18.7401 0.04848
55445.67731 18.73649 0.04559
55445.68422 18.60301 0.04641
55445.6905 18.70713 0.04238
55445.69681 18.73703 0.03954
55445.70294 18.68943 0.03994
55445.70921 18.65969 0.0399
55445.71534 18.66043 0.04832
55445.72141 18.70652 0.04284
55445.72791 18.78689 0.04258
55445.73457 18.6265 0.04109
55445.74013 18.66292 0.03872
55445.7456 18.7276 0.03854
55445.75096 18.65453 0.0374
55445.75643 18.68658 0.03485
55445.76191 18.74651 0.039
55445.76784 18.73235 0.03743
55445.7737 18.59809 0.03298
55445.779 18.65778 0.03448
55445.78479 18.71312 0.03387
55445.79025 18.74338 0.03615
55445.79613 18.67372 0.03304
55445.81095 18.6666 0.03366
55445.81845 18.67455 0.03238
55445.82455 18.67466 0.03386
55445.83024 18.64776 0.03171
55445.84021 18.6911 0.03341
55445.84549 18.68079 0.03273
55445.85174 18.70157 0.0334
55445.85762 18.76193 0.03269
55445.8636 18.68705 0.0333
55445.86963 18.66502 0.03247
55445.87567 18.70275 0.03075
55445.88207 18.68193 0.03122
55445.88844 18.67527 0.03224
55445.89432 18.73724 0.03393
55445.89983 18.70799 0.03218
55445.90668 18.72395 0.03219
55445.91299 18.74101 0.03164
55445.91722 18.68642 0.03249
55445.92351 18.6793 0.03094
55445.92915 18.75838 0.0336
55445.93496 18.69916 0.03175
55445.94048 18.73638 0.03247
55445.95216 18.66379 0.03298
55445.95886 18.71474 0.03328
55445.97191 18.64529 0.03298
55445.97872 18.6737 0.03146
55445.98437 18.63333 0.03158
55445.98972 18.72757 0.035
55445.99581 18.68989 0.03392
55446.00245 18.73412 0.03365
55446.00827 18.70957 0.03447
55446.01324 18.7074 0.03538
55446.01787 18.66582 0.04147
55446.0233 18.68213 0.05785
55446.66046 18.85485 0.0525
55446.66501 18.8064 0.04792
55446.67089 18.78361 0.04554
55446.67601 18.7221 0.0473
55446.6814 18.73596 0.04818
55446.68915 18.72501 0.04317
55446.70044 18.77064 0.04393
55446.70781 18.66824 0.03964
55446.71375 18.74506 0.04009
55446.71998 18.76538 0.04074
55446.7269 18.71451 0.03889
55446.73768 18.69663 0.03826
55446.74263 18.75729 0.03875
55446.74841 18.69946 0.0372
55446.75986 18.72604 0.03611
55446.76487 18.68711 0.03485
55446.77004 18.62656 0.03374
55446.77518 18.6539 0.03514
55446.78018 18.65862 0.03455
55446.78654 18.71719 0.03394
55446.79243 18.72301 0.0332
55446.79818 18.68161 0.0353
55446.80822 18.67647 0.03361
55446.81336 18.67332 0.03372
55446.81934 18.66343 0.03317
55446.82569 18.66775 0.03352
55446.83186 18.70134 0.03292
55446.83803 18.70445 0.03488
55446.84316 18.6705 0.03369
55446.84946 18.71153 0.03646
55446.85529 18.74988 0.04479
55446.86132 18.65728 0.0367
55446.87321 18.77013 0.03525
55446.87945 18.69977 0.03203
55446.88583 18.66848 0.03347
55446.89176 18.63267 0.03387
55446.89901 18.70847 0.03593
55446.90569 18.67064 0.03573
55446.91293 18.68965 0.03303
55446.91958 18.62615 0.03201
55446.92538 18.68914 0.03308
55446.93113 18.69258 0.03344
55446.93686 18.66591 0.03327
55446.94237 18.62823 0.033
55446.94842 18.6544 0.03188
55446.95451 18.72179 0.03473
55446.96034 18.70904 0.03413
55446.96641 18.64869 0.03331
55446.97287 18.64701 0.03216
55446.97827 18.71747 0.03337
55446.98464 18.64467 0.03471
55446.99026 18.65745 0.03269
55446.99646 18.66008 0.03423
55447.00329 18.71176 0.03438
55447.02248 18.70447 0.05315
55448.00377 18.73105 0.03239
55448.65527 18.56803 0.05453
55448.70146 18.54192 0.04432
55449.82958 18.69432 0.03558
55449.87259 18.67009 0.03509
55450.82585 18.68301 0.03514
55450.86998 18.70519 0.03351
55451.65338 18.64973 0.04695
55451.70095 18.65067 0.03801
55452.64792 18.67739 0.0467
55452.69243 18.6194 0.04074
55453.64519 18.73916 0.05461
55453.6895 18.73119 0.04326
55454.64058 18.69371 0.05569
55454.68793 18.78122 0.05436
55455.63923 18.71858 0.05883
55455.7154 18.62609 0.04404
55456.63346 18.6659 0.06025
55456.67702 18.67727 0.04935
55457.63067 18.87032 0.06618
55457.6732 18.66535 0.04732
55458.66069 18.66007 0.05396
55458.7057 18.80661 0.054
55460.63624 18.53036 0.06652
55460.72453 18.63535 0.05327
55461.62523 18.73938 0.0836
55461.67649 18.67887 0.06419
55462.76573 18.49682 0.07639
55462.80848 18.66837 0.07604
55463.63005 18.6415 0.09135
55463.71104 18.69372 0.0765
55466.61784 18.4854 0.0497
55466.61959 18.54852 0.05127
55466.62134 18.58268 0.05177
55466.6231 18.60878 0.04474
55466.62486 18.71268 0.04883
55466.62661 18.5912 0.04398
55466.62943 18.62913 0.04367
55466.63143 18.6312 0.05078
55466.63348 18.52213 0.05444
55466.67604 18.50703 0.06078
55467.62749 18.74107 0.04936
55468.7394 18.65713 0.04175
55468.78277 18.66388 0.05042
55469.73472 18.71641 0.07683
55469.80235 18.78562 0.14272
55470.77885 18.58188 0.0854
55470.82246 18.5942 0.03648
55471.77466 18.68294 0.03152
55471.82993 18.58812 0.07774
55472.62548 18.56676 0.04039
55472.66936 18.59426 0.03763
55473.62096 18.68163 0.07555
55477.66775 18.60697 0.03488
55477.71276 18.61672 0.03587
55478.62384 18.53772 0.04342
55478.66775 18.6907 0.04084
55479.61565 18.56403 0.04126
55479.65968 18.63037 0.03974
55480.61506 18.67132 0.04644
55480.65805 18.66611 0.04039
55481.61182 18.74142 0.04443
55481.69382 18.6951 0.03339
55482.61769 18.55882 0.04218
55482.66188 18.71469 0.03871
55482.67843 18.61934 0.0351
55483.61039 18.66239 0.04701
55483.66512 18.59383 0.0378
55484.66377 18.68644 0.04155
55484.70695 18.70036 0.03974
55485.61939 18.45834 0.04073
55485.66329 18.5861 0.04067
55486.61418 18.6982 0.05927
55486.658 18.62146 0.06468
55497.84041 18.59377 0.05593
55497.89223 18.63823 0.05052
55498.71756 18.57476 0.03818
55498.79 18.62265 0.04629
55499.59404 18.58638 0.04307
55499.63881 18.60988 0.03996
55501.66259 18.52804 0.04611
55501.75706 18.66752 0.03505
55502.72145 18.72403 0.0419
55502.82148 18.73358 0.04162
55503.77762 18.64171 0.0398
55503.8732 18.87551 0.04463
55504.82418 18.72963 0.04015
55504.91868 18.72005 0.04985
55506.68972 18.59151 0.04423
55506.73387 18.68451 0.03689
55507.81368 18.6202 0.03749
55513.658 18.66726 0.04073
55513.7418 18.64425 0.04208
55514.69377 18.67914 0.04774
55514.73749 18.73414 0.0537
55515.69951 18.70483 0.04372
55515.74236 18.70814 0.04662
55516.67238 18.77437 0.06392
55517.61497 18.73165 0.05435
55517.6584 18.60869 0.05087
55518.61481 18.63878 0.05654
55518.6578 18.61585 0.06022
55527.74242 18.72244 0.05031
55530.70615 18.61922 0.04473
55530.75072 18.81675 0.05029
55531.77418 18.77765 0.0493
55531.81743 18.81615 0.07014
55532.78408 18.64596 0.0372
55532.82836 18.71007 0.04532
55535.68432 18.62389 0.03629
55537.58157 18.69779 0.06293
55537.62557 18.5864 0.04199
55538.57995 18.68996 0.04152
55538.62381 18.62585 0.0358
55539.58012 18.62991 0.04054
55539.62283 18.64802 0.03553
55540.61811 18.59073 0.03551
55540.66215 18.67733 0.03725
55541.61644 18.64833 0.04089
55541.65945 18.70689 0.05364
55544.59603 18.61778 0.04333
55544.64191 18.72538 0.04187
55545.59598 18.60105 0.06472
55545.63939 18.72953 0.04983
55558.75663 18.7627 0.04376
55559.7264 18.65537 0.07184
55561.73304 18.6198 0.04475
55567.59621 18.64621 0.04446
55575.595 18.4859 0.07988
55575.6386 18.55292 0.06882
55577.59504 18.76366 0.07876
55577.63849 18.73249 0.08415
55579.61368 18.74911 0.05541
55579.65687 18.72437 0.05982
55580.66998 18.6591 0.05871
55580.71648 18.57944 0.06961
55583.61703 18.70001 0.03901
55583.66119 18.64428 0.05004
55584.63985 18.73843 0.03872
55584.68286 18.63609 0.0467
55586.61685 18.63574 0.03858
55586.66038 18.71918 0.04575
55588.70647 18.52903 0.07652
55722.89872 18.56953 0.04745
55723.91976 18.68377 0.04749
55723.9634 18.76673 0.04475
55733.86776 18.56618 0.06454
55733.91212 18.68396 0.05235
55750.83279 18.56529 0.05902
55750.87598 18.61447 0.0456
55753.86132 18.56602 0.0729
55756.88391 18.78828 0.07224
55756.93392 18.56733 0.06255
55759.84878 18.54426 0.06918
55759.89212 18.63197 0.06107
55762.79606 18.77178 0.07367
55762.8402 18.72861 0.05817
55766.7805 18.63153 0.04875
55766.83041 18.69329 0.04771
55768.82037 18.62379 0.04956
55769.80074 18.52387 0.04856
55769.84468 18.51823 0.03613
55770.78189 18.61489 0.045
55770.82573 18.68835 0.0445
55771.78074 18.59755 0.04525
55771.82449 18.74409 0.04101
55774.75968 18.49142 0.05001
55774.80363 18.64937 0.04397
55775.7599 18.61729 0.051
55775.80332 18.45285 0.06182
55779.7464 18.67767 0.05252
55779.79086 18.75527 0.04433
55780.74948 18.5872 0.06323
55780.79415 18.70724 0.04565
55782.7508 18.59044 0.06488
55782.7956 18.61294 0.05572
55783.80103 18.45899 0.06449
55784.74207 18.46244 0.0877
55789.73736 18.71604 0.12112
55789.78039 18.37967 0.08079
55790.73125 18.70979 0.08987
55790.77463 18.65916 0.0697
55791.73123 18.66385 0.07254
55791.77527 18.68445 0.07513
55793.74743 18.61677 0.06148
55793.79097 18.76378 0.059
55794.75972 18.60495 0.04486
55794.81629 18.58887 0.04756
55809.7101 18.651 0.05812
55811.66044 18.57262 0.07783
55811.7042 18.72773 0.0645
55812.65876 18.68962 0.08661
55812.70198 18.71524 0.07278
55813.66257 18.95053 0.08268
55813.70671 18.55551 0.05889
55820.63925 18.80152 0.06757
55820.68324 18.74673 0.10894
55821.63464 18.75017 0.05172
55822.63132 18.64562 0.06132
55822.67415 18.63695 0.04632
55823.62908 18.62578 0.05796
55823.67275 18.62697 0.04742
55824.6697 18.66752 0.04287
55838.61464 18.65796 0.0751
55838.65944 18.81663 0.05368
55842.61856 18.92819 0.1045
55842.66208 18.61436 0.08344
55843.61073 18.97735 0.1326
55843.65444 18.84259 0.0812
55844.60924 18.70976 0.09919
55844.65374 18.67308 0.0981
55849.60547 18.63824 0.05154
55849.65079 18.67823 0.06889
55850.60468 18.76627 0.04917
55850.64918 18.72812 0.04778
55851.60318 18.63544 0.04631
55851.64641 18.63223 0.03901
55852.60416 18.75239 0.04863
55852.6481 18.68071 0.04007
55853.60163 18.61803 0.04955
55853.6463 18.62939 0.04098
55854.60164 18.89202 0.05584
55854.64607 18.75448 0.04197
55866.5884 18.69558 0.05416
55866.64679 18.65347 0.04141
55867.58757 18.52449 0.06474
55867.63053 18.56942 0.06229
55868.5865 18.64453 0.06348
55868.63002 18.58861 0.05514
55880.87841 18.51356 0.06209
55880.92255 18.74743 0.08711
55882.86968 18.51893 0.04957
55882.87146 18.69987 0.04812
55882.91495 18.69864 0.05651
55883.86679 18.69911 0.05056
55883.91496 18.48816 0.07472
55887.63181 18.60204 0.03929
55887.68352 18.73752 0.04448
55888.8957 18.77243 0.09393
55889.80049 18.64201 0.03797
55889.84447 18.49885 0.04449
55891.57974 18.61367 0.0465
55891.6225 18.59018 0.04052
55893.58261 18.58377 0.04158
55893.62546 18.63421 0.04637
55894.58144 18.54616 0.05585
55894.62473 18.77014 0.10511
55896.58202 18.66018 0.05025
55898.82137 18.53817 0.07826
55898.86551 18.827 0.0811
55902.58519 18.78049 0.08891
55902.64414 18.61822 0.08675
55903.58342 18.78348 0.09136
55903.62024 18.76022 0.07744
55904.58683 18.77499 0.07507
55906.58378 18.63318 0.06607
55906.64029 18.59035 0.06195
55916.59575 18.74957 0.05384
55916.64026 18.71949 0.04223
55922.6423 18.70581 0.0438
55923.64145 18.78132 0.04422
55924.60837 18.69196 0.04049
55925.59941 18.58198 0.06082
55925.67897 18.6614 0.04047
55926.58279 18.69468 0.04431
55926.62543 18.66902 0.04457
55930.58585 18.74834 0.08369
55930.62499 18.88426 0.08219
55931.58458 18.81172 0.0654
55931.62692 18.64863 0.06473
55932.62858 18.74182 0.0666
55936.60917 18.76614 0.06235
55936.65247 18.79316 0.07672
55937.58951 18.72136 0.06246
55937.63319 18.90269 0.16508
55939.64879 18.66911 0.0492
55939.6851 18.8508 0.05696
55940.59145 18.5434 0.07665
55940.64013 18.83876 0.07795
55943.69972 18.92371 0.05648
55943.74446 18.63918 0.05938
55944.64379 18.67889 0.04165
55944.67224 18.65895 0.04534
55946.63797 18.66979 0.08742
55947.59349 18.73301 0.05034
55947.63713 18.44241 0.07338
55949.64923 18.46603 0.05853
55952.60617 18.68604 0.04779
55952.64932 18.46764 0.05566
55953.59751 18.71057 0.05695
55953.64127 18.72927 0.05187
55958.61566 18.75064 0.0605
55958.67117 18.74337 0.06921
55959.64574 18.82641 0.07762
55960.60205 18.8672 0.1021
55960.64497 18.75494 0.09384
55962.61935 18.56727 0.06581
56059.98484 18.63469 0.08569
56060.97134 18.52852 0.05982
56061.96903 18.70339 0.07397
56065.96588 18.49001 0.06295
56067.96802 18.69448 0.05562
56068.98301 18.63645 0.11343
56070.97101 18.49453 0.05867
56075.93073 18.51816 0.05812
56075.96117 18.63731 0.05803
56076.96161 18.69266 0.04961
56077.97941 18.78533 0.09213
56078.92335 18.58566 0.06859
56078.95394 18.88453 0.06466
56079.91957 18.52091 0.05963
56079.94994 18.70066 0.04619
56079.97946 18.7873 0.08868
56081.92247 18.6886 0.13829
56081.9528 18.54866 0.08795
56084.95914 18.74109 0.06592
56085.9055 18.48797 0.10825
56085.9361 18.37064 0.09854
56085.9661 18.71045 0.07901
56086.90079 18.58839 0.07796
56086.9317 18.62836 0.06167
56086.96186 18.73359 0.06786
56087.95118 18.53371 0.05762
56088.93216 18.5104 0.06508
56088.96298 18.54767 0.04971
56089.90743 18.84764 0.07011
56089.9375 18.65323 0.05383
56090.89626 18.44881 0.07525
56091.93224 18.53486 0.0525
56091.96189 18.61957 0.05024
56092.88532 18.71098 0.05914
56092.91513 18.73162 0.05699
56092.94551 18.57592 0.04476
56093.88544 18.61418 0.06127
56093.91605 18.5549 0.05653
56093.95942 18.62395 0.0445
56094.8793 18.67434 0.06413
56094.90895 18.66403 0.05013
56094.93794 18.67935 0.05103
56095.89413 18.42943 0.05388
56095.92394 18.53922 0.05108
56095.95378 18.69877 0.04797
56096.8846 18.61101 0.05217
56096.91464 18.53844 0.04575
56096.94475 18.61021 0.04138
56097.90204 18.56744 0.04451
56099.86796 18.66373 0.04617
56099.8979 18.56221 0.03765
56099.92867 18.54769 0.03735
56100.87134 18.64166 0.06268
56100.93113 18.53344 0.04445
56102.85884 18.60411 0.05015
56102.88948 18.65878 0.04486
56102.91975 18.58771 0.03901
56103.85688 18.59869 0.0545
56103.89198 18.65717 0.04831
56103.92203 18.57656 0.04907
56104.86298 18.53769 0.05548
56104.89266 18.6415 0.04805
56104.92258 18.72477 0.04379
56105.87772 18.60832 0.05016
56105.90846 18.59298 0.04386
56105.93782 18.64345 0.04921
56106.84826 18.60851 0.05341
56106.87859 18.61215 0.04684
56106.90907 18.69273 0.03905
56107.84497 18.79575 0.0863
56107.87579 18.4867 0.04917
56107.90655 18.6586 0.04764
56108.86703 18.65615 0.07446
56108.89669 18.57632 0.05039
56108.92686 18.43412 0.04314
56109.93363 18.72478 0.05269
56110.86774 18.75 0.08311
56110.89782 18.73761 0.0948
56110.92786 18.5591 0.0585
56111.86949 18.55791 0.08122
56111.91431 18.69617 0.0746
56111.94457 18.58351 0.06147
56112.91217 18.80202 0.1045
56113.93235 18.61267 0.06888
56113.96218 18.75785 0.07509
56114.87108 18.62528 0.06925
56114.92357 18.6609 0.06681
56114.95378 18.46187 0.06152
56115.85803 18.69596 0.07386
56115.88797 18.62627 0.0623
56115.9179 18.52232 0.0577
56116.90131 18.60371 0.05908
56116.93261 18.62426 0.05905
56116.96078 18.60929 0.05561
56117.86349 18.67443 0.07278
56117.89333 18.55448 0.05726
56117.92405 18.53503 0.05236
56118.82762 18.64475 0.07813
56118.85812 18.63791 0.06563
56118.8884 18.58352 0.05592
56119.81535 18.66757 0.09636
56119.84536 18.71997 0.09439
56120.95573 18.551 0.07205
56123.80269 18.51635 0.04844
56123.8333 18.47803 0.04377
56123.86323 18.56867 0.03932
56124.8239 18.56903 0.05651
56124.90647 18.56182 0.0508
56125.83541 18.62852 0.04768
56125.8655 18.52978 0.04202
56125.89611 18.46758 0.03948
56126.79674 18.6665 0.05335
56126.82683 18.71345 0.05532
56126.85662 18.5148 0.07726
56127.84219 18.50002 0.06084
56127.87262 18.51764 0.04249
56128.79045 18.45654 0.0693
56128.8202 18.56563 0.04487
56128.8509 18.61021 0.04108
56129.81763 18.49938 0.04353
56129.84839 18.6143 0.04492
56130.78415 18.62015 0.05699
56130.81619 18.66565 0.05047
56130.84603 18.55789 0.05262
56131.81956 18.64558 0.04607
56131.84966 18.5239 0.04184
56131.87991 18.6241 0.04321
56132.81342 18.50831 0.03951
56132.85526 18.55136 0.04103
56133.77702 18.58865 0.04724
56133.80732 18.59747 0.04231
56133.83817 18.64134 0.03909
56135.77548 18.47866 0.0549
56135.80558 18.56945 0.04061
56135.8357 18.61355 0.03199
56136.78168 18.63874 0.05669
56136.81139 18.65379 0.0476
56136.84105 18.66258 0.03997
56137.77719 18.58529 0.05436
56137.8165 18.57534 0.12725
56137.84943 18.69192 0.0654
56138.79423 18.78004 0.09672
56143.75013 18.49999 0.07907
56143.77946 18.72802 0.07978
56143.81202 18.78517 0.07516
56144.79078 18.48237 0.06052
56144.82138 18.68048 0.05769
56145.74531 18.54805 0.11997
56145.77477 18.77325 0.11349
56145.80436 18.61482 0.07557
56146.77217 18.36021 0.07486
56146.83591 18.61829 0.05311
56147.75046 18.54209 0.05492
56147.78019 18.55504 0.06717
56147.81614 18.54899 0.05602
56148.73743 18.58732 0.04548
56148.76798 18.45473 0.04783
56148.79928 18.50699 0.04971
56151.84315 18.61988 0.03166
56151.87618 18.6065 0.03316
56151.91621 18.54845 0.02928
56164.86055 18.54724 0.02831
56164.89061 18.51852 0.02746
56164.92052 18.52887 0.0274
56165.82275 18.50148 0.03469
56165.85221 18.54405 0.03131
56165.88255 18.54343 0.0283
56166.78411 18.5107 0.04043
56166.82415 18.63586 0.03999
56166.85436 18.55458 0.03682
56167.76082 18.54086 0.04611
56167.79008 18.58326 0.045
56167.82893 18.57737 0.0378
56168.73084 18.52173 0.04999
56168.76135 18.46382 0.04838
56168.79094 18.44329 0.04686
56169.70528 18.61224 0.09087
56169.73488 18.57792 0.07726
56169.78208 18.67261 0.08011
56170.70609 18.91967 0.09985
56170.73648 18.84436 0.09171
56170.76821 18.60888 0.10044
56176.66101 18.63449 0.0643
56176.74473 18.67485 0.05408
56176.77537 18.50556 0.05117
56177.67775 18.49349 0.03543
56177.71467 18.58649 0.03461
56177.7448 18.61249 0.0347
56178.65701 18.47743 0.05223
56178.7245 18.61868 0.03711
56178.75548 18.53203 0.03378
56189.71737 18.64248 0.04197
56189.74707 18.69481 0.0374
56194.65274 18.78162 0.05735
56194.68156 18.55893 0.04915
56194.73072 18.69937 0.04399
56195.63238 18.56754 0.06675
56195.68489 18.53163 0.04953
56195.74387 18.50607 0.05038
56196.64868 18.54802 0.05366
56196.67925 18.73624 0.05627
56196.70945 18.55095 0.05299
56197.62224 18.85154 0.08512
56197.65122 18.30699 0.08457
56197.68048 18.41144 0.06381
56198.63271 18.64312 0.08269
56198.66294 18.31471 0.0778
56198.69225 18.73116 0.07394
56202.61563 18.70492 0.10989
56202.64754 18.50998 0.10087
56202.70169 18.48706 0.06283
56207.71676 18.60049 0.05298
56207.74712 18.5651 0.16539
56207.82773 18.6275 0.08357
56224.66207 18.53235 0.04785
56224.69182 18.62821 0.05367
56225.74851 18.73088 0.05208
56225.84088 18.6083 0.04778
56226.75858 18.70303 0.09109
56226.79663 18.57436 0.09308
56227.72154 18.65617 0.07095
56227.75148 18.5289 0.06608
56228.67316 18.5557 0.06104
56228.71 18.74133 0.06196
56229.61202 18.57441 0.06621
56229.68338 18.7487 0.07403
56230.64599 18.45828 0.06618
56230.73676 18.61959 0.07173
56231.86041 18.68355 0.08345
56232.82116 18.60333 0.04916
56233.75399 18.57326 0.04992
56233.78371 18.59889 0.06369
56234.68453 18.57447 0.04845
56234.71313 18.63843 0.04238
56235.61461 18.59187 0.0438
56235.64419 18.58586 0.03566
56236.58514 18.66548 0.05477
56236.61561 18.45695 0.03741
56237.58477 18.69533 0.04765
56237.61509 18.63464 0.03828
56238.58334 18.68669 0.05337
56238.61531 18.56441 0.03871
56239.58294 18.5853 0.04795
56239.61141 18.61744 0.03996
56251.83071 18.66276 0.03848
56251.86073 18.7679 0.03963
56252.58576 18.52471 0.0362
56252.60631 18.60136 0.04059
56252.62487 18.62397 0.04202
56252.64555 18.61644 0.03856
56252.66096 18.6866 0.04069
56252.69879 18.66589 0.04382
56252.71706 18.68465 0.05093
56252.73499 18.67096 0.03866
56252.75258 18.7073 0.0424
56252.76856 18.63293 0.04479
56252.78929 18.75924 0.0489
56252.80517 18.6736 0.04715
56252.821 18.58011 0.03916
56252.83831 18.6418 0.04133
56252.85634 18.58713 0.03875
56253.58621 18.6097 0.04432
56253.60335 18.61725 0.04818
56253.62054 18.63087 0.04957
56253.63682 18.55908 0.0446
56253.6539 18.62975 0.05161
56253.6721 18.79104 0.05373
56253.70902 18.7773 0.06153
56253.7307 18.74686 0.06879
56253.75003 18.69082 0.05605
56253.76637 18.69466 0.05703
56253.78832 18.56092 0.05497
56253.8078 18.62727 0.06151
56253.82956 18.72267 0.0515
56253.85372 18.69068 0.0503
56254.74613 18.71303 0.05182
56254.77889 18.49858 0.05495
56255.68248 18.57884 0.06559
56255.7252 18.76692 0.06246
56256.62657 18.67931 0.05496
56256.6557 18.6897 0.06267
56257.58763 18.67433 0.06625
56257.64219 18.61016 0.05504
56258.58614 18.67602 0.0729
56258.61848 18.85718 0.06603
56259.59443 18.68569 0.07291
56259.62495 18.54203 0.06368
56265.629 18.6297 0.03872
56265.6592 18.74621 0.04399
56266.58222 18.65976 0.06321
56266.6126 18.62501 0.1016
56267.58751 18.5315 0.04181
56267.61751 18.72083 0.04225
56268.59364 18.6702 0.03636
56268.62314 18.67026 0.03439
56269.58319 18.52501 0.03957
56269.58435 18.70078 0.03801
56269.58546 18.67726 0.03779
56269.58657 18.65241 0.03762
56269.58771 18.75232 0.03755
56269.58893 18.71568 0.03649
56269.59006 18.74373 0.03728
56269.59133 18.66101 0.03675
56269.59245 18.59349 0.03629
56269.59364 18.60081 0.03701
56269.59478 18.60109 0.0363
56269.596 18.62865 0.03503
56269.59713 18.61923 0.03474
56269.59843 18.63168 0.03577
56269.59956 18.65956 0.03652
56269.60977 18.6776 0.03658
56269.61093 18.63402 0.03451
56269.6121 18.66602 0.03455
56269.61321 18.66359 0.03484
56269.61434 18.73487 0.03745
56269.61547 18.64205 0.03656
56269.61659 18.6153 0.03598
56269.61773 18.66384 0.0364
56269.61884 18.74531 0.03659
56269.61995 18.64689 0.03307
56269.62115 18.66402 0.03505
56269.6223 18.62476 0.03607
56269.62343 18.75087 0.03466
56269.62457 18.76124 0.03572
56269.62569 18.7003 0.03584
56269.62688 18.58704 0.0344
56269.628 18.66948 0.03686
56269.6375 18.64548 0.03715
56269.63881 18.68386 0.03592
56269.64001 18.68115 0.03469
56269.64114 18.72062 0.03525
56269.64226 18.66049 0.03629
56269.64337 18.67078 0.03518
56269.6445 18.68489 0.03618
56269.64562 18.68903 0.03434
56269.64675 18.67924 0.03342
56269.64789 18.7215 0.03556
56269.64905 18.68018 0.03243
56269.65017 18.70201 0.03273
56269.65129 18.62419 0.03339
56269.65247 18.73218 0.03491
56269.65359 18.68801 0.0352
56269.65473 18.68822 0.03517
56269.65585 18.78025 0.03451
56269.65698 18.66826 0.03475
56269.65819 18.6603 0.0334
56269.65932 18.68116 0.03352
56269.66055 18.72299 0.03529
56269.66167 18.62772 0.03478
56269.66279 18.68559 0.03404
56269.66393 18.62769 0.03317
56269.66595 18.62347 0.0339
56269.66717 18.68849 0.03415
56269.66829 18.70005 0.0355
56269.66952 18.6433 0.0342
56269.67064 18.63053 0.03457
56269.67184 18.67746 0.03768
56269.673 18.6804 0.03574
56269.67412 18.63793 0.03397
56269.67533 18.64586 0.03425
56269.67646 18.69829 0.03518
56269.6776 18.67342 0.03512
56269.67883 18.6592 0.03524
56269.67997 18.64862 0.03536
56269.6812 18.70283 0.03541
56269.68232 18.70124 0.03435
56269.68343 18.62723 0.03385
56269.68473 18.67529 0.03376
56269.68592 18.68971 0.03472
56269.68705 18.64989 0.0322
56269.68816 18.71813 0.034
56269.68929 18.67526 0.03362
56269.69041 18.69591 0.03428
56269.69157 18.71918 0.03452
56269.69269 18.73308 0.03449
56269.69383 18.64392 0.03405
56269.69496 18.66353 0.03576
56269.69608 18.66525 0.03555
56269.69898 18.66836 0.03413
56269.70011 18.66517 0.03337
56269.70126 18.66895 0.03402
56269.70241 18.64973 0.03374
56269.70357 18.71623 0.03388
56269.70468 18.7084 0.03243
56269.70581 18.59872 0.03233
56269.70705 18.64505 0.03302
56269.70816 18.66281 0.03279
56269.70937 18.68835 0.03207
56269.7105 18.67522 0.03335
56269.71167 18.65583 0.03349
56269.7128 18.62177 0.03331
56269.71403 18.72422 0.03249
56269.71516 18.63717 0.03429
56269.7163 18.67012 0.03527
56269.72641 18.62112 0.03351
56269.72763 18.65478 0.03369
56269.72875 18.62209 0.03333
56269.72987 18.67857 0.03461
56269.731 18.65805 0.0339
56269.73213 18.63796 0.03463
56269.73326 18.62423 0.0361
56269.73438 18.67884 0.03567
56269.73557 18.63225 0.03758
56269.73682 18.65291 0.03474
56269.73796 18.5823 0.03366
56269.73911 18.66496 0.03434
56269.74036 18.61152 0.03282
56269.74147 18.69583 0.03519
56269.74272 18.63017 0.03549
56269.74391 18.73036 0.03738
56269.74502 18.66059 0.03538
56269.7462 18.7055 0.03773
56269.74734 18.64155 0.03641
56269.74846 18.78094 0.03798
56269.74961 18.61186 0.0346
56269.75074 18.65321 0.03598
56269.75201 18.62655 0.0338
56269.75316 18.65006 0.03328
56269.75429 18.65125 0.03895
56269.75553 18.73233 0.03789
56269.75665 18.68953 0.03681
56269.75779 18.62475 0.03586
56269.75895 18.66389 0.03793
56269.76008 18.64442 0.038
56269.76123 18.65335 0.03717
56269.76235 18.74714 0.03835
56269.76348 18.7251 0.0389
56269.76459 18.69956 0.03774
56269.76573 18.72237 0.03861
56269.78036 18.67256 0.04202
56269.78151 18.70437 0.03816
56269.78271 18.68065 0.03827
56269.78391 18.68418 0.03797
56269.78511 18.66199 0.03835
56269.78751 18.60176 0.03445
56269.78876 18.78819 0.03792
56269.78989 18.61255 0.03856
56269.79108 18.64325 0.03815
56269.79227 18.60328 0.03775
56269.79356 18.72056 0.03768
56269.79478 18.6781 0.03728
56269.7959 18.70342 0.03744
56269.79701 18.69227 0.03874
56269.79816 18.68419 0.03886
56269.79928 18.65206 0.03764
56269.80041 18.6823 0.03636
56269.80156 18.64238 0.03585
56269.80276 18.66559 0.03738
56269.80404 18.68581 0.03839
56269.80517 18.62971 0.03845
56269.80638 18.75037 0.03826
56269.80752 18.76156 0.03907
56269.80866 18.69406 0.03917
56270.57931 18.72078 0.04576
56270.58058 18.68743 0.03825
56270.58188 18.58332 0.03505
56270.58305 18.66296 0.03703
56270.58429 18.61425 0.0352
56270.58556 18.70256 0.03801
56270.58671 18.68597 0.03653
56270.58798 18.62009 0.03508
56270.58926 18.63994 0.0358
56270.59051 18.62264 0.03501
56270.59176 18.6325 0.03515
56270.59301 18.61426 0.03424
56270.59588 18.66999 0.03484
56270.59719 18.69431 0.03217
56270.59846 18.69682 0.03409
56270.59973 18.6261 0.03357
56270.60101 18.64977 0.03425
56270.60229 18.62863 0.03514
56270.60361 18.68971 0.03329
56270.60484 18.63854 0.03399
56270.60617 18.7409 0.0351
56270.60733 18.70342 0.03477
56270.60868 18.67598 0.03274
56270.60993 18.68731 0.03537
56270.61121 18.6682 0.03359
56270.61244 18.62682 0.03199
56270.61368 18.66058 0.03371
56270.61481 18.66863 0.03404
56270.61593 18.65884 0.03571
56270.61713 18.64091 0.03369
56270.61835 18.70091 0.03304
56270.61963 18.63518 0.03353
56270.62082 18.72019 0.03571
56270.62212 18.66949 0.03283
56270.62324 18.60552 0.03289
56270.62438 18.68156 0.03362
56270.6255 18.68334 0.03292
56270.62668 18.7234 0.03453
56270.62781 18.6287 0.03483
56270.62895 18.64592 0.03256
56270.6313 18.702 0.03469
56270.63259 18.65731 0.03233
56270.63372 18.62213 0.03294
56270.63484 18.67593 0.03488
56270.64581 18.67925 0.03459
56270.64713 18.64546 0.03292
56270.64825 18.63674 0.03384
56270.6495 18.71763 0.03493
56270.65082 18.74553 0.0352
56270.65222 18.67342 0.03476
56270.65336 18.65112 0.0339
56270.6545 18.69143 0.03422
56270.65562 18.62661 0.03373
56270.65697 18.67256 0.03381
56270.65832 18.70312 0.03379
56270.65959 18.68009 0.03526
56270.66092 18.63293 0.03395
56270.66217 18.73829 0.03715
56270.66351 18.66517 0.03613
56270.66477 18.64651 0.03508
56270.67891 18.68714 0.03522
56270.68008 18.6471 0.03402
56270.68122 18.66404 0.03273
56270.68243 18.70192 0.03262
56270.68382 18.61335 0.03271
56270.68508 18.61942 0.03301
56270.68653 18.7097 0.03523
56270.68784 18.67937 0.03448
56270.68912 18.6277 0.0333
56270.69114 18.63848 0.03403
56270.69232 18.6525 0.03293
56270.69365 18.63881 0.03399
56270.6948 18.59404 0.03183
56270.69617 18.5876 0.03349
56270.69746 18.64191 0.03311
56270.6986 18.62708 0.03149
56270.6999 18.66223 0.03289
56270.70121 18.60013 0.03128
56270.70235 18.63717 0.03249
56270.70349 18.67215 0.03334
56270.70482 18.65381 0.03237
56270.70613 18.67028 0.03377
56270.70726 18.67224 0.03433
56270.7086 18.69 0.03419
56270.70972 18.71013 0.03444
56270.71103 18.66245 0.03441
56270.71235 18.73952 0.0341
56270.71347 18.60508 0.03317
56270.71481 18.65759 0.03342
56270.71608 18.57669 0.03263
56270.71722 18.70351 0.03383
56270.71853 18.67371 0.03513
56270.71967 18.6672 0.03531
56270.72098 18.64941 0.03385
56270.72302 18.6563 0.03434
56270.72439 18.71905 0.03382
56270.72553 18.62234 0.03272
56270.72665 18.7242 0.03428
56270.72793 18.6407 0.0329
56270.72927 18.6459 0.03301
56270.73043 18.70132 0.03358
56270.73161 18.63682 0.0337
56270.73292 18.66957 0.03488
56270.73506 18.63545 0.03316
56270.73622 18.71412 0.0351
56270.73753 18.60264 0.03427
56270.73887 18.69087 0.03338
56270.74001 18.6367 0.03418
56270.74126 18.58283 0.03106
56270.7424 18.64817 0.0338
56270.74369 18.72436 0.03324
56270.74498 18.75163 0.03509
56270.74609 18.70895 0.03698
56270.74744 18.65215 0.03577
56270.7486 18.72166 0.03737
56270.74995 18.69608 0.0346
56270.75121 18.59694 0.0348
56270.75241 18.7163 0.0358
56270.75372 18.61916 0.03338
56270.75502 18.66079 0.03505
56270.75706 18.67143 0.03533
56270.75826 18.5489 0.03348
56270.75948 18.67213 0.03627
56270.76078 18.67169 0.03725
56270.76208 18.72241 0.03689
56270.77223 18.6779 0.03578
56270.77464 18.66771 0.03592
56270.77775 18.70458 0.04035
56270.77887 18.7003 0.03806
56270.78012 18.76273 0.03848
56270.78147 18.75441 0.03812
56270.78273 18.7114 0.03995
56270.784 18.63587 0.03654
56270.78526 18.67065 0.03718
56270.78661 18.6579 0.03898
56270.78776 18.73312 0.03711
56270.7891 18.65802 0.04024
56270.79021 18.69732 0.03824
56270.79151 18.70029 0.03998
56270.7928 18.68641 0.03972
56270.79391 18.60631 0.03703
56270.79508 18.76751 0.03879
56270.79619 18.64008 0.03731
56270.7975 18.68682 0.03873
56270.79862 18.60549 0.03659
56270.79991 18.67904 0.03849
56270.80111 18.74039 0.03881
56270.80249 18.73818 0.03892
56270.80509 18.71995 0.04023
56270.80715 18.69894 0.03925
56270.80837 18.66413 0.03349
56270.80963 18.77678 0.04085
56271.71236 18.67348 0.04272
56271.74462 18.78784 0.04753
56272.64495 18.96241 0.04183
56272.7082 18.65242 0.0391
56273.60993 18.63619 0.04058
56273.63946 18.62911 0.0456
56281.58737 18.69867 0.06202
56281.61668 18.79472 0.05557
56282.58095 18.6855 0.04842
56282.61036 18.78153 0.05501
56282.62819 18.80863 0.05167
56297.58897 18.48894 0.04206
56297.59019 18.66204 0.04196
56297.5937 18.72637 0.03646
56297.59722 18.6349 0.03699
56297.59904 18.69101 0.03707
56297.60164 18.71583 0.03934
56297.60284 18.74371 0.03854
56297.6053 18.66963 0.03858
56297.61734 18.70238 0.03727
56297.61965 18.68701 0.0382
56297.62198 18.5833 0.03695
56297.62474 18.70085 0.03866
56297.62597 18.69726 0.03798
56297.62818 18.70634 0.03889
56297.63051 18.70596 0.03788
56297.63246 18.63093 0.038
56297.6337 18.61596 0.04176
56297.63597 18.61614 0.04004
56297.63722 18.58125 0.03616
56297.63944 18.68548 0.04103
56297.64162 18.71284 0.03811
56297.64281 18.63413 0.03806
56297.64393 18.58553 0.03504
56297.64612 18.68624 0.03904
56297.64742 18.6275 0.03816
56297.64964 18.68182 0.04067
56297.65084 18.65647 0.03908
56297.65434 18.71775 0.03831
56297.65811 18.62587 0.03841
56297.65988 18.66145 0.03878
56297.66121 18.68134 0.03858
56297.66483 18.67432 0.04082
56297.66714 18.63339 0.03934
56297.67315 18.60701 0.03817
56297.67547 18.6298 0.03997
56297.67675 18.57384 0.03812
56297.67954 18.77164 0.03938
56297.68076 18.65668 0.03949
56297.6819 18.66658 0.04065
56297.68325 18.62761 0.04728
56297.68541 18.72344 0.04075
56297.68786 18.70014 0.03856
56297.69171 18.66994 0.04019
56297.69635 18.75376 0.0414
56297.69767 18.70196 0.03877
56297.70113 18.67609 0.0421
56297.70743 18.59623 0.03837
56297.71084 18.716 0.03932
56297.71401 18.66942 0.039
56297.71668 18.76053 0.04181
56297.7179 18.63648 0.04181
56297.72049 18.73739 0.04187
56297.72327 18.69921 0.04337
56297.72448 18.71833 0.04327
56297.72584 18.6804 0.04012
56297.72772 18.59241 0.04122
56297.72894 18.60877 0.0407
56297.74317 18.68315 0.04291
56297.74683 18.64479 0.04386
56297.74996 18.65532 0.0457
56297.75123 18.62465 0.04309
56297.75493 18.68577 0.04479
56297.75709 18.65638 0.04387
56297.7583 18.66908 0.04596
56297.76047 18.66248 0.05545
56297.76167 18.67447 0.04237
56297.76388 18.65005 0.04555
56297.76506 18.73205 0.04741
56297.76834 18.62949 0.04478
56297.77069 18.68904 0.04805
56297.77185 18.73745 0.04876
56297.77383 18.71129 0.04888
56297.79199 18.70641 0.05227
56297.79318 18.7916 0.05526
56297.79645 18.67132 0.0533
56297.79838 18.70141 0.06544
56297.79953 18.67389 0.05578
56297.80077 18.57124 0.0686
56297.80192 18.75737 0.05724
56297.80312 18.69039 0.05804
56297.80437 18.69361 0.05882
56297.80564 18.68868 0.05557
56297.80864 18.57695 0.05523
56298.58895 18.68776 0.05084
56298.59013 18.81461 0.05514
56298.59235 18.61347 0.06884
56298.59354 18.67239 0.06402
56298.59724 18.7748 0.0819
56298.59842 18.67831 0.0659
56298.60089 18.66196 0.0641
56298.6021 18.59705 0.06497
56298.60332 18.64889 0.06391
56298.60466 18.87404 0.09777
56298.60701 18.69039 0.06828
56298.60823 18.7535 0.08042
56298.61034 18.80255 0.06912
56298.61272 18.65448 0.07194
56298.61595 18.61884 0.04774
56298.61811 18.72639 0.04376
56298.62047 18.68215 0.04877
56298.62171 18.64359 0.055
56298.62426 18.68457 0.04517
56298.62643 18.61104 0.05519
56298.62762 18.69591 0.06768
56298.63098 18.72988 0.06374
56298.63219 18.77156 0.04864
56298.63473 18.75115 0.0565
56298.63687 18.57279 0.04786
56298.63807 18.63034 0.05123
56298.63935 18.77963 0.05666
56298.64364 18.70364 0.04027
56298.64578 18.67587 0.04915
56298.64695 18.67836 0.05154
56298.6481 18.71145 0.04594
56298.65082 18.61643 0.0439
56298.65294 18.6129 0.04468
56298.65509 18.65024 0.03877
56298.65745 18.72694 0.06466
56298.65865 18.69756 0.04045
56298.66081 18.65459 0.03971
56298.66198 18.73185 0.03659
56298.66411 18.57821 0.03981
56298.66639 18.68445 0.04194
56298.6699 18.61399 0.03883
56298.68256 18.74746 0.04748
56298.68492 18.64875 0.05334
56298.68729 18.83794 0.07472
56298.68852 18.64751 0.06883
56298.6908 18.58906 0.13309
56301.59099 18.65908 0.0403
56302.5927 18.99774 0.1137
56302.62153 18.70529 0.05172
56305.59416 18.60279 0.03758
56305.62276 18.57264 0.03796
56307.63151 18.63933 0.04485
56308.60019 18.90957 0.05258
56310.60466 18.63531 0.05863
56310.63503 18.68678 0.05848
56311.59823 18.62243 0.05265
56311.62777 18.52108 0.06235
56313.60478 18.60968 0.04857
56313.63593 18.63579 0.05151
56314.61498 18.75645 0.05835
56322.63022 18.49213 0.04801
56323.59943 18.63525 0.04525
56323.60059 18.60335 0.04077
56323.60172 18.64387 0.03925
56323.60284 18.57915 0.04172
56323.60396 18.62282 0.03784
56323.60508 18.71665 0.04099
56323.60621 18.64826 0.04093
56323.60734 18.69697 0.04255
56323.60846 18.69165 0.03906
56323.60959 18.54969 0.04496
56323.61071 18.64056 0.04353
56323.61183 18.673 0.04026
56323.61297 18.59766 0.03895
56323.61409 18.52894 0.04187
56323.61521 18.60921 0.04007
56323.61635 18.63926 0.03923
56323.61747 18.6282 0.03935
56323.61859 18.59426 0.0373
56323.61971 18.74819 0.04289
56323.62085 18.65222 0.03929
56323.62197 18.66336 0.03955
56323.62309 18.63259 0.03978
56323.62423 18.63692 0.04009
56323.62535 18.58839 0.03895
56323.62647 18.64715 0.03928
56323.62759 18.65694 0.04019
56323.62872 18.56646 0.03944
56323.62985 18.72161 0.04334
56323.63097 18.64349 0.04057
56323.6321 18.60305 0.0401
56323.63322 18.64603 0.03719
56323.63435 18.55559 0.04085
56323.63549 18.58701 0.04288
56323.63661 18.54849 0.03857
56323.63773 18.65412 0.04027
56323.63887 18.68449 0.04306
56323.63999 18.71972 0.03994
56323.64112 18.78187 0.0437
56323.64225 18.60756 0.03886
56323.64338 18.6298 0.04022
56323.6445 18.70699 0.04176
56323.64563 18.49215 0.03962
56323.64676 18.55301 0.03821
56323.64789 18.68031 0.04152
56323.64902 18.72183 0.04244
56323.65014 18.62685 0.04199
56323.65127 18.70267 0.0426
56323.6524 18.76492 0.04487
56323.65352 18.63832 0.04016
56323.65465 18.66795 0.04667
56323.65577 18.66193 0.04224
56323.65691 18.60449 0.04024
56323.65803 18.71543 0.04183
56323.65917 18.60912 0.04053
56323.66029 18.55057 0.0414
56323.66142 18.73431 0.04859
56323.66255 18.85144 0.04754
56323.66367 18.68859 0.04551
56323.6648 18.67336 0.04344
56323.66594 18.5751 0.04315
56323.66706 18.77636 0.05254
56323.66819 18.678 0.05021
56323.66932 18.46264 0.04555
56323.67045 18.62489 0.05313
56323.67158 18.68659 0.0459
56323.67271 18.73453 0.05068
56323.67384 18.64085 0.04378
56323.67496 18.59033 0.04474
56323.67613 18.59904 0.04954
56323.67725 18.75708 0.05486
56323.67838 18.65316 0.0461
56323.67951 18.59471 0.04446
56323.68065 18.57664 0.04461
56323.68177 18.69017 0.04693
56323.6829 18.52277 0.04251
56323.68402 18.56404 0.04599
56323.68516 18.52773 0.05245
56323.68628 18.69654 0.05825
56323.68742 18.74627 0.0486
56323.68855 18.72368 0.04708
56323.68967 18.6688 0.04943
56323.69081 18.52485 0.04776
56323.69194 18.6219 0.05629
56323.69306 18.56166 0.04798
56323.6942 18.73804 0.06527
56323.69532 18.68625 0.0572
56323.69644 18.4251 0.04813
56323.69758 18.81899 0.0575
56323.69982 18.56679 0.04956
56323.70094 18.56217 0.05988
56323.70208 18.72742 0.05444
56323.7032 18.46204 0.06684
56323.70434 18.68766 0.05399
56323.70659 18.78692 0.06095
56323.70887 18.81392 0.07114
56323.71001 18.54821 0.0763
56323.71565 18.67725 0.08217
56323.71679 18.50606 0.0868
56323.71791 18.65832 0.08322
56323.72017 18.55869 0.09317
56323.7213 18.48346 0.09396
56323.72242 18.71051 0.10557
56323.72356 18.65256 0.08374
56323.72582 18.89056 0.09345
56323.72695 18.35585 0.08039
56323.72921 18.40779 0.09948
56323.73372 18.29433 0.08247
56324.6344 18.62318 0.04289
56324.67356 18.59467 0.04006
56328.60109 18.70753 0.04767
56328.63041 18.61747 0.03638
56329.6158 18.64033 0.05734
56330.60568 18.71152 0.04508
56330.63442 18.64598 0.04654
56336.60557 18.57091 0.04899
56336.6347 18.84396 0.05754
56337.61678 18.68537 0.04548
56337.646 18.60716 0.04446
56339.61462 18.52566 0.07102
56340.62168 18.59536 0.06092
56340.65261 18.64806 0.06046
56341.63432 18.44332 0.06215
56342.61542 18.72268 0.06448
56342.64414 18.5334 0.06431
56431.98143 18.68419 0.09989
56432.97832 18.99962 0.08373
56433.97522 19.08223 0.06912
56434.97306 19.05267 0.07303
56440.95678 18.77158 0.11545
56444.94545 18.94637 0.09073
56444.97977 19.07811 0.14542
56447.93827 18.81302 0.04648
56447.97245 18.89672 0.06328
56448.93551 18.87472 0.05107
56449.9322 18.8578 0.05445
56449.96744 18.87924 0.05122
56450.93056 18.87651 0.05041
56451.96268 18.86082 0.04766
56452.92487 18.71943 0.04866
56452.95905 18.86327 0.04745
56454.9531 18.77291 0.04514
56455.91706 18.82228 0.05181
56455.95123 18.77808 0.04915
56456.91361 18.82635 0.0483
56456.94859 18.8665 0.04499
56457.91086 18.93296 0.05036
56457.9457 18.8203 0.0436
56458.90893 18.83507 0.04272
56458.94334 18.79359 0.04161
56459.90596 18.89381 0.05007
56459.94092 18.80476 0.04326
56460.9034 18.72711 0.05438
56460.93791 18.76819 0.04167
56461.93811 18.78964 0.03765
56462.89824 19.02418 0.06184
56463.93218 18.71757 0.04633
56469.87982 18.83239 0.07506
56469.91685 18.56942 0.06229
56471.91001 18.89123 0.06416
56473.86804 18.95426 0.10364
56473.90477 18.93484 0.09018
56475.86334 18.78704 0.06367
56476.89765 18.70975 0.08891
56477.85777 18.93209 0.13772
56485.83631 18.79108 0.0488
56486.83403 18.76151 0.04699
56486.87106 18.60532 0.04167
56488.83006 18.79451 0.04812
56488.86647 18.70978 0.04221
56489.82698 18.66664 0.04532
56489.86366 18.73773 0.04169
56491.82149 18.6945 0.15247
56491.8581 18.79868 0.07491
56498.802 18.64846 0.08486
56498.83888 18.68393 0.09251
56502.79167 18.99581 0.05222
56502.82864 18.93282 0.0548
56503.78903 18.75074 0.0463
56503.82769 18.67431 0.04497
56504.82017 18.70355 0.04883
56504.86992 18.89091 0.048
56504.90811 18.71952 0.04244
56505.81768 18.59233 0.04029
56505.9509 18.71378 0.04675
56505.98842 18.81919 0.06157
56506.89349 18.79119 0.05068
56507.80198 18.81919 0.04451
56507.84712 18.72881 0.04257
56507.99891 18.79409 0.0431
56508.90167 18.77776 0.03404
56509.79634 18.89058 0.04626
56509.83877 18.78879 0.03789
56510.8262 18.73547 0.03775
56511.79111 18.64913 0.03697
56511.84089 18.7823 0.04287
56512.78788 18.77017 0.04382
56512.82519 18.72178 0.04123
56513.78624 18.74559 0.03923
56513.82352 18.73522 0.03685
56514.7834 18.81988 0.04295
56514.82081 18.78306 0.04051
56515.78106 18.62529 0.04078
56515.82231 18.63118 0.03823
56516.77774 18.70326 0.03921
56516.81437 18.71712 0.03519
56517.77605 18.54448 0.04063
56517.81715 18.67564 0.03557
56517.97309 18.74089 0.03514
56518.87478 18.71493 0.03781
56518.96686 18.72453 0.03493
56519.00311 18.66037 0.03484
56519.90443 18.68253 0.03191
56519.96504 18.71391 0.03432
56520.00171 18.73016 0.03402
56520.90327 18.75012 0.03671
56520.95521 18.72952 0.03512
56520.99262 18.74136 0.03464
56521.89446 18.75091 0.03725
56521.95772 18.76151 0.0369
56521.99393 18.72412 0.03494
56527.76434 18.62928 0.114
56527.80142 18.89221 0.09585
56528.72198 18.55927 0.09376
56528.81982 18.5789 0.07609
56528.87422 18.85746 0.06994
56529.90241 18.57092 0.0538
56529.93849 18.70126 0.05961
56529.97462 18.58629 0.05726
56532.71221 18.80311 0.0483
56532.85928 18.67832 0.03876
56532.89645 18.65366 0.03758
56533.79895 18.64582 0.03519
56533.93493 18.71477 0.0405
56533.97228 18.66471 0.04129
56537.84525 18.63308 0.03254
56537.9874 18.74711 0.03405
56539.69386 18.72865 0.04831
56539.88447 18.64798 0.032
56539.9215 18.72758 0.03431
56540.97669 18.70616 0.03395
56541.6883 18.7907 0.04974
56541.83165 18.52957 0.12301
56542.96698 18.61457 0.03497
56543.00294 18.62468 0.03639
56543.90463 18.69633 0.04834
56543.97085 18.65039 0.03635
56544.00787 18.74492 0.03865
56546.67441 18.66483 0.05044
56546.75907 18.67367 0.03853
56546.94639 18.65287 0.03389
56547.84788 18.63572 0.03622
56548.0057 18.69084 0.03673
56548.66959 18.73724 0.06912
56548.70582 18.72314 0.0518
56548.74172 18.79135 0.04955
56549.66591 18.62085 0.0555
56549.70273 18.65719 0.04993
56549.73967 18.64576 0.04651
56550.66388 18.86429 0.07656
56550.6994 18.81005 0.06483
56550.73216 18.76091 0.05574
56551.66063 18.59414 0.08332
56551.72202 18.77003 0.06456
56551.75862 18.80546 0.06231
56552.66117 18.593 0.07585
56552.71291 18.81827 0.07686
56552.74635 18.62876 0.06471
56561.66061 18.63611 0.04006
56561.89034 18.72242 0.04905
56561.92356 18.76465 0.05566
56562.93459 18.75945 0.04746
56563.02169 18.7257 0.05562
56563.6524 18.63815 0.04444
56563.6893 18.76975 0.04535
56563.77494 18.44825 0.03961
56564.72602 18.70639 0.04271
56564.99301 18.64258 0.04492
56565.02672 18.65649 0.04506
56565.92832 18.62448 0.04333
56565.98151 18.721 0.04372
56566.01544 18.74745 0.04842
56566.91724 18.71029 0.03713
56566.96287 18.71689 0.04039
56566.99591 18.66298 0.03883
56567.8986 18.63986 0.04195
56567.96702 18.72201 0.03578
56568.00039 18.70669 0.0366
56568.90245 18.72087 0.03486
56568.96343 18.79215 0.03858
56568.99843 18.4711 0.04674
56569.90084 18.63234 0.03992
56569.99803 18.71918 0.04947
56570.03082 18.81751 0.05754
56571.72419 18.55839 0.05521
56572.62632 18.66658 0.05792
56572.66032 18.70939 0.04487
56572.69287 18.65512 0.05909
56573.61429 18.59866 0.0523
56573.64765 18.70207 0.04211
56573.77817 18.70882 0.03777
56576.83948 18.64907 0.03444
56577.00541 18.58523 0.05001
56577.60601 18.59174 0.06019
56577.63144 18.60535 0.05816
56577.77306 18.6562 0.04832
56578.67217 18.7031 0.04925
56578.69674 18.67564 0.04439
56578.75347 18.67103 0.04367
56579.73584 18.8571 0.05126
56579.85963 18.58786 0.05412
56579.88516 18.64271 0.05466
56580.7875 18.58078 0.05158
56580.8553 18.66243 0.05368
56580.88022 18.84049 0.05903
56581.78167 18.30404 0.06977
56581.83883 18.82448 0.07962
56581.86464 18.38649 0.07356
56587.62864 18.74139 0.04101
56587.78993 18.79362 0.05258
56587.81475 18.77482 0.05475
56588.71625 18.74232 0.06827
56588.86644 18.74807 0.07082
56588.89281 18.71478 0.07679
56589.79481 18.73746 0.04299
56589.81959 18.67103 0.04078
56589.84642 18.75796 0.04688
56590.76387 18.78071 0.04001
56590.8749 18.63597 0.04156
56590.89969 18.76838 0.04833
56591.86057 18.62009 0.03934
56591.88508 18.78198 0.04404
56592.81972 18.63575 0.03577
56592.91348 18.6854 0.04408
56592.93852 18.81324 0.04646
56596.59731 18.61367 0.04208
56596.81771 18.74365 0.05334
56596.84238 18.71198 0.04317
56597.74425 18.6754 0.04013
56597.82393 18.74066 0.0459
56597.84943 18.74326 0.06211
56598.75163 18.6316 0.04275
56598.82179 18.60445 0.04872
56598.84855 18.69948 0.04053
56599.75014 18.73592 0.03947
56599.79577 18.6801 0.03814
56599.82112 18.62846 0.04016
56600.77441 18.63152 0.03584
56600.8753 18.68979 0.04587
56602.59024 18.73309 0.04962
56602.78065 18.36689 0.04905
56603.68227 18.72172 0.04184
56603.74296 18.75993 0.04403
56603.81581 18.66098 0.03894
56604.73691 18.58283 0.0366
56604.92616 18.61378 0.04282
56605.64733 18.6754 0.03787
56605.67213 18.65696 0.03781
56606.58401 18.54014 0.10329
56606.60932 18.66271 0.05413
56606.64241 18.76963 0.0841
56607.82225 18.73063 0.05297
56607.84927 18.6619 0.04279
56608.75086 18.84349 0.05578
56608.81398 18.58479 0.05321
56608.84048 18.79384 0.06524
56609.8617 18.6559 0.07198
56609.88847 18.62453 0.05589
56621.79766 18.56694 0.04227
56622.58588 18.52329 0.03557
56623.58717 18.61828 0.0537
56624.57999 18.58319 0.04564
56624.60429 18.60339 0.03828
56625.70494 18.48546 0.0398
56625.74386 18.63045 0.03425
56626.64578 18.5099 0.04017
56626.67007 18.61032 0.03692
56627.83411 18.51799 0.10317
56628.73144 18.61696 0.04282
56628.76212 18.81549 0.04623
56637.58042 18.50532 0.05299
56637.60549 18.49986 0.04599
56639.58002 18.493 0.06196
56639.60438 18.57241 0.0521
56640.58279 18.56683 0.06086
56640.61699 18.6883 0.06549
56648.58277 18.65358 0.04801
56648.61266 18.38085 0.04395
56649.57885 18.44531 0.06365
56649.60387 18.38797 0.0455
56650.58762 18.55083 0.04139
56658.58519 18.65123 0.03546
56658.62914 18.49814 0.03313
56659.58605 18.59653 0.03697
56659.61086 18.50863 0.03587
56660.58569 18.59933 0.03811
56660.61029 18.55168 0.03601
56661.58623 18.79689 0.10756
56662.58587 18.53665 0.04268
56662.61038 18.54647 0.04872
56663.59143 18.51118 0.03837
56663.6171 18.48572 0.03654
56664.58594 18.55239 0.08608
56664.6104 18.44393 0.0572
56668.58721 18.70332 0.07026
56668.61177 18.57099 0.04696
56669.61423 18.68678 0.06189
56670.58877 18.6391 0.10431
56675.5969 18.52003 0.03462
56675.6459 18.5379 0.04741
56676.59181 18.48881 0.04368
56676.61781 18.51162 0.03765
56678.61458 18.5355 0.03449
56678.64019 18.57769 0.03864
56680.60724 18.61694 0.04128
56683.59693 18.55115 0.0373
56683.63252 18.57615 0.03385
56685.59847 18.46531 0.06491
56685.6471 18.59754 0.07093
56686.63379 18.46385 0.0743
56687.59886 18.59163 0.04082
56687.64144 18.5178 0.03914
56690.60286 18.49691 0.04717
56690.64549 18.71671 0.04542
56697.60505 18.5808 0.05015
56699.60928 18.59277 0.05863
56816.96412 18.41622 0.04618
56816.97531 18.53972 0.05386
56818.96227 18.57342 0.03532
56818.97512 18.53533 0.05185
56819.97765 18.49127 0.07764
56820.96625 18.56059 0.06059
56820.97769 18.45159 0.06852
56821.96237 18.63661 0.08212
56821.9727 18.46877 0.06283
56822.96143 18.52609 0.05636
56822.97681 18.48138 0.07157
56823.96094 18.63799 0.05976
56823.97346 18.4871 0.0668
56824.96428 18.5376 0.05408
56824.97573 18.58329 0.06584
56825.96455 18.40471 0.04949
56825.97592 18.45041 0.07485
56826.96127 18.62427 0.04975
56826.97472 18.38584 0.06541
56827.96384 18.52081 0.04307
56827.97622 18.56654 0.06945
56828.9654 18.61659 0.04175
56828.97804 18.67605 0.05688
56829.96383 18.58288 0.03919
56829.97653 18.50893 0.0421
56830.96102 18.64894 0.03658
56830.97338 18.47872 0.03882
56831.96161 18.52526 0.03177
56831.97427 18.55211 0.03897
56832.9648 18.5086 0.03198
56832.97563 18.60019 0.03739
56833.96568 18.54615 0.03352
56833.97644 18.53988 0.04224
56834.96484 18.5507 0.03302
56834.9776 18.44664 0.04518
56836.96625 18.56866 0.02982
56836.97711 18.57133 0.04071
56837.96638 18.58851 0.03074
56837.98211 18.52203 0.0565
56838.96389 18.60324 0.03099
56838.9786 18.69168 0.04508
56839.96511 18.59027 0.03155
56839.97834 18.59227 0.03891
56840.96951 18.60577 0.03419
56840.98137 18.60089 0.04871
56841.96857 18.59505 0.03104
56841.98075 18.61878 0.0479
56844.96636 18.57 0.03408
56844.97887 18.53883 0.0374
56845.96726 18.55485 0.03147
56845.98002 18.61697 0.03793
56846.96666 18.59549 0.0312
56846.98115 18.63801 0.03546
56847.96648 18.61604 0.0302
56847.98151 18.61825 0.03532
56848.96743 18.54595 0.03168
56848.98312 18.58581 0.04326
56849.96813 18.58087 0.05019
56849.98235 18.53263 0.05508
56850.96941 18.59166 0.09282
56850.98368 18.31102 0.07861
56851.97048 18.67627 0.05281
56851.98675 18.5972 0.05461
56854.96165 18.54868 0.04313
56854.98771 18.55131 0.04502
56855.96071 18.56179 0.04056
56855.98393 18.60567 0.04263
56856.96087 18.51266 0.06848
56856.98328 18.65418 0.0497
56858.96243 18.62324 0.03446
56858.98507 18.57267 0.03509
56859.96515 18.63642 0.03143
56859.98697 18.67499 0.03519
56861.96231 18.59561 0.03175
56861.98508 18.58373 0.03249
56862.9659 18.58711 0.03145
56862.98227 18.58673 0.03181
56863.94981 18.60325 0.03023
56864.94576 18.51142 0.03632
56864.96947 18.54508 0.03665
56865.92975 18.54634 0.03541
56865.96089 18.56907 0.02996
56867.98799 18.51554 0.03077
56868.96536 18.56668 0.03267
56868.98567 18.57949 0.03231
56869.96092 18.60122 0.0325
56869.98231 18.6106 0.03171
56870.96467 18.58561 0.03021
56870.98635 18.58066 0.0299
56874.97428 18.59122 0.02854
56874.99622 18.55421 0.03197
56875.98151 18.62304 0.03119
56875.99752 18.5945 0.03401
56876.91773 18.60797 0.02861
56876.94717 18.5276 0.02743
56877.9745 18.58805 0.0305
56877.9957 18.57639 0.0303
56878.00741 18.64151 0.05114
56878.9086 18.53814 0.04142
56878.93847 18.45201 0.04518
56879.92838 18.58639 0.05035
56879.95816 18.59708 0.05222
56880.95792 18.62935 0.0695
56880.9882 18.67109 0.05834
56882.96877 18.74821 0.07334
56882.98848 18.49873 0.06531
56883.9421 18.58359 0.04163
56883.98158 18.64046 0.04708
56884.99956 18.557 0.04223
56885.96448 18.61682 0.03795
56885.98159 18.60575 0.03848
56886.91453 18.55675 0.03319
56886.94264 18.62979 0.0342
56887.91623 18.5526 0.03264
56887.94902 18.61074 0.03372
56888.86519 18.56412 0.02934
56888.89905 18.58665 0.03061
56888.91008 18.53992 0.03032
56888.94196 18.55083 0.02886
56890.94091 18.59247 0.03079
56890.97479 18.61717 0.03225
56895.83087 18.61217 0.0415
56895.86667 18.557 0.03977
56972.71463 18.61005 0.0418
56972.73749 18.62245 0.04077
56978.74407 18.52185 0.04242
56978.79927 18.5186 0.07775
56979.72374 18.45363 0.05166
56980.71766 18.54548 0.03767
56980.83416 18.65733 0.04339
56981.71538 18.66726 0.04006
56981.77818 18.58977 0.03929
56984.71333 18.52528 0.05059
56984.78092 18.59536 0.0707
56986.72544 18.69277 0.04782
56986.79095 18.45222 0.05117
56987.70535 18.57533 0.04127
56987.76948 18.57487 0.04511
56988.66321 18.66623 0.03985
56989.60286 18.60753 0.03721
56989.66828 18.6257 0.04212
56990.59847 18.70727 0.04558
56990.66232 18.64539 0.04266
56991.66882 18.90605 0.11871
57000.62591 18.69917 0.04328
57000.65668 18.68292 0.06352
57001.60725 18.59132 0.03823
57001.63454 18.63644 0.03891
57011.62365 18.66767 0.03888
57011.65019 18.68326 0.04149
57014.60229 18.61268 0.04019
57014.62433 18.60328 0.03533
57015.60026 18.56849 0.04549
57015.6199 18.71818 0.04195
57018.60146 18.61308 0.04006
57018.62586 18.64087 0.04075
57019.59637 18.56026 0.04622
57019.61004 18.54184 0.04502
57030.59868 18.5983 0.04019
57037.60179 18.55747 0.03966
57039.60447 18.5369 0.03934
57040.60372 18.60374 0.03728
57040.65327 18.71494 0.04596
57041.64649 18.64522 0.03855
57042.59979 18.56828 0.03571
57042.64647 18.5675 0.03807
57043.60053 18.64233 0.03601
57043.64542 18.56755 0.03696
57044.59961 18.60636 0.04905
57044.64222 18.41571 0.0569
57046.59907 18.58891 0.04886
57046.64082 18.62726 0.04987
57047.65127 18.67134 0.05097
57047.65361 18.69004 0.04703
57059.60766 18.56772 0.03755
57059.61723 18.55018 0.03738
57063.60738 18.69299 0.04385
57063.61933 18.65806 0.04003
57064.61072 18.54147 0.04556
57064.62756 18.68138 0.04656
57065.60805 18.87059 0.06492
57065.62471 18.68871 0.05694
57066.61485 18.70082 0.10006
57066.6433 18.45689 0.08809
57067.60784 18.69746 0.05172
57067.62545 18.52697 0.04683
57069.61019 18.70851 0.05258
57069.6409 18.50446 0.04698
57070.61078 18.55958 0.05172
57070.6277 18.56744 0.04526
57071.61023 18.488 0.04735
57071.6267 18.529 0.04276
57089.61859 18.57621 0.06689
57089.62798 18.45223 0.06369
57090.63028 18.61247 0.09553
57091.62051 18.7035 0.08976
57091.62877 18.49849 0.07031
57179.97424 18.40701 0.08556
57180.95646 18.52499 0.0566
57185.96692 18.37285 0.04691
57187.96362 18.46095 0.03474
57188.93765 18.51091 0.03715
57188.96808 18.58999 0.04011
57189.95594 18.47044 0.04129
57190.94422 18.65406 0.0391
57190.9766 18.86091 0.07733
57191.9217 18.59539 0.04077
57191.95614 18.62143 0.03984
57192.94672 18.5164 0.04131
57192.97846 18.56331 0.09027
57193.93573 18.59459 0.03789
57193.96862 18.59996 0.04766
57194.94374 18.46684 0.03484
57194.97431 18.45918 0.04694
57195.94595 18.43971 0.04468
57195.97546 18.54541 0.05285
57196.92539 18.5277 0.04681
57196.97637 18.45685 0.05472
57197.91796 18.47989 0.0404
57197.96971 18.54015 0.04134
57198.93165 18.51225 0.03785
57198.96479 18.51034 0.04059
57199.9472 18.5273 0.03919
57199.9815 18.74784 0.08107
57207.95261 18.54997 0.06199
57207.98422 18.47322 0.04841
57208.90735 18.60676 0.05624
57208.94607 18.594 0.04862
57209.93937 18.50927 0.0494
57209.97959 18.53117 0.05112
57210.9363 18.47124 0.04375
57210.97519 18.51155 0.03849
57211.94997 18.50487 0.03896
57211.98409 18.42301 0.05217
57212.97329 18.35945 0.05534
57214.96163 18.51493 0.0351
57216.93262 18.58687 0.0372
57216.97994 18.61505 0.03683
57218.92712 18.4635 0.03353
57218.977 18.48008 0.03506
57219.94247 18.50523 0.03019
57219.97077 18.53687 0.02908
57220.92305 18.52236 0.03014
57220.98129 18.52468 0.03118
57225.95176 18.4749 0.02965
57226.95332 18.48352 0.02862
57227.93417 18.50321 0.03009
57227.97035 18.49929 0.02864
57231.91879 18.4783 0.03368
57231.96902 18.54058 0.02897
57232.8829 18.5575 0.04651
57232.9489 18.50112 0.03518
57237.93379 18.54521 0.05014
57237.98326 18.43266 0.0552
57238.91268 18.56993 0.03879
57238.96563 18.5273 0.03791
57239.93796 18.55429 0.03904
57239.98313 18.5526 0.0403
57240.95317 18.61953 0.03733
57241.93368 18.56879 0.03655
57242.93933 18.58463 0.03216
57242.98523 18.50745 0.032
57244.91131 18.48825 0.03065
57244.96611 18.51224 0.0291
57245.87591 18.55984 0.03077
57245.91376 18.59865 0.02939
57247.92574 18.53613 0.02852
57247.95614 18.55961 0.02883
57248.84393 18.47496 0.02896
57248.8782 18.59993 0.03285
57249.88436 18.55195 0.02941
57249.9163 18.54698 0.03044
57250.88236 18.53181 0.03059
57250.92114 18.52806 0.03218
57251.8693 18.51765 0.02931
57251.91419 18.58793 0.02867
57267.93864 18.84997 0.07563
57267.9816 18.68505 0.04728
57554.97044 18.77454 0.05163
57555.93989 18.81635 0.04566
57555.96363 18.82837 0.04466
57564.94449 18.7061 0.06225
57564.95195 18.82661 0.06959
57565.94418 18.67918 0.06108
57567.951 18.75698 0.05604
57567.97572 18.71176 0.0714
57568.92119 18.74408 0.05819
57569.92685 18.76755 0.04641
57570.93954 18.82155 0.04889
57571.91515 18.74859 0.04751
57571.96845 19.00628 0.05217
57572.94 18.7828 0.04746
57572.961 18.98585 0.05178
57573.95955 18.88067 0.04345
57574.96997 18.77608 0.04152
57575.96076 18.92987 0.04141
57576.95096 18.88355 0.04595
57577.97714 18.72452 0.04602
57578.93031 18.8797 0.04821
57578.9597 18.9284 0.04834
57579.93833 18.93514 0.04642
57579.96636 18.90087 0.04697
57580.94991 18.89053 0.04435
57580.97641 18.90592 0.0526
57581.93908 18.89744 0.04016
57581.96061 18.90208 0.04521
57582.96612 18.85054 0.04576
57582.9889 19.13773 0.08562
57583.93612 18.87337 0.04106
57583.97225 18.87587 0.04451
57584.92871 18.86563 0.04177
57584.97404 18.83388 0.04591
57585.92275 18.92351 0.04592
57586.91575 18.71874 0.06458
57592.99636 19.07975 0.09092
57595.9848 18.84274 0.06034
57596.95384 19.04163 0.05819
57596.98786 18.68152 0.06284
57597.93735 18.96084 0.05227
57597.9794 18.9815 0.05267
57598.9281 18.94054 0.05025
57598.97263 18.97672 0.05255
57599.94579 19.04847 0.05832
57600.96483 18.772 0.04791
57601.9531 19.0289 0.05068
57601.99102 18.93113 0.05111
57602.95616 18.7829 0.05302
57603.95654 18.9609 0.05243
57603.99274 18.9885 0.0517
57604.96148 19.0048 0.04883
57604.99535 18.8053 0.05256
57605.97693 18.95805 0.04805
57606.94732 18.99286 0.04588
57606.99101 19.0554 0.05127
57607.92659 18.95749 0.04843
57607.97806 18.9339 0.04749
57608.92515 18.91105 0.05536
57608.96585 18.79676 0.04762
57609.94301 18.90021 0.0489
57610.92695 18.91993 0.04867
57611.90199 19.01436 0.04798
57611.93252 19.12144 0.06368
57612.88937 18.96094 0.04766
57612.93148 18.95665 0.04988
57613.84046 18.9129 0.05449
57613.87193 19.03554 0.05333
57613.90353 19.01576 0.04932
57614.96436 18.94413 0.0462
57614.99496 19.03808 0.04958
57615.90761 19.14806 0.07006
57615.95637 18.97448 0.04651
57621.98607 19.14223 0.1302
57622.01291 18.77474 0.14751
57622.96114 18.83648 0.11671
57622.98808 19.00765 0.12434
57623.99038 19.17205 0.10409
57624.01266 18.85634 0.10671
57624.97236 19.18495 0.08508
57624.99829 18.73518 0.09405
57625.94454 18.92775 0.06038
