#mjd mag magerr
55061.92501 18.74494 0.02448
55061.95573 18.67747 0.02341
55063.91987 18.70991 0.02413
55063.9639 18.72279 0.02403
55064.92128 18.69607 0.02531
55064.9656 18.64878 0.02551
55066.91014 18.67159 0.0252
55066.95474 18.63408 0.02366
55067.91649 18.71142 0.02817
55067.96099 18.70173 0.02846
55069.90324 18.66346 0.02502
55069.94786 18.68921 0.02562
55080.87449 18.7691 0.05342
55080.95988 18.79409 0.06842
55084.86328 18.74094 0.03875
55084.90782 18.78804 0.06503
55087.85609 18.69329 0.02655
55087.90101 18.64009 0.0262
55088.96983 18.65593 0.02655
55089.94574 18.63793 0.0286
55093.83741 18.65573 0.02563
55093.88196 18.68829 0.02443
55096.8292 18.72215 0.02665
55097.00858 18.6385 0.02974
55104.99862 18.70889 0.03493
55107.79764 18.6897 0.05566
55114.88125 18.51711 0.03633
55114.92522 18.71593 0.07184
55119.89538 18.6853 0.02967
55123.75696 18.63692 0.02708
55123.81523 18.61525 0.02758
55127.83329 18.63684 0.03004
55127.87706 18.65889 0.03136
55135.82555 18.72985 0.06432
55135.86926 18.75491 0.06262
55138.71472 18.6421 0.06176
55138.75871 18.76114 0.06395
55142.7036 18.65403 0.0287
55142.75219 18.73329 0.03394
55144.77886 18.59678 0.02801
55144.82305 18.63643 0.03238
55151.72943 18.56107 0.03237
55151.77257 18.63586 0.03031
55166.70473 18.71323 0.05832
55166.74897 18.56321 0.05918
55168.63378 18.6651 0.04788
55168.6775 18.66369 0.04905
55175.61224 18.62155 0.02505
55175.65684 18.62126 0.0246
55181.59421 18.69617 0.04182
55181.63825 18.66313 0.03578
55183.59204 18.74551 0.05702
55183.64253 18.60343 0.03159
55189.58054 18.63921 0.03821
55189.62557 18.67077 0.03592
55194.59026 18.72112 0.06436
55199.58559 18.6207 0.02801
55201.58642 18.66009 0.07448
55202.58667 18.64476 0.03325
55203.71441 18.61872 0.03434
55203.75743 18.62907 0.03777
55207.63092 18.62864 0.02998
55207.67514 18.65954 0.03034
55209.5968 18.5985 0.02512
55209.64149 18.56936 0.02477
55213.63312 18.62497 0.04068
55213.6798 18.65492 0.04416
55377.85123 18.70282 0.05633
55377.89535 18.73602 0.05209
55379.8591 18.54864 0.05231
55379.92482 18.62893 0.03838
55380.87684 18.73579 0.05534
55380.92078 18.73695 0.04748
55381.89606 18.75308 0.03925
55381.93934 18.69163 0.03229
55384.82671 18.67899 0.03258
55384.87028 18.60855 0.03025
55385.87021 18.61838 0.02768
55385.91339 18.63386 0.02574
55386.86524 18.62078 0.03084
55386.90867 18.62902 0.02816
55387.87002 18.66898 0.02989
55387.91342 18.62561 0.02547
55388.86609 18.66333 0.03567
55388.91005 18.62396 0.02657
55390.80957 18.68218 0.04146
55390.85393 18.67763 0.0331
55391.80613 18.69082 0.04843
55391.87538 18.58504 0.02742
55392.83258 18.68126 0.03586
55392.87538 18.64109 0.02848
55394.79908 18.76072 0.03821
55394.8431 18.68317 0.03056
55395.79551 18.67259 0.049
55395.84215 18.61517 0.03138
55396.79527 18.709 0.05225
55396.83932 18.662 0.02936
55397.79163 18.59773 0.05784
55397.83526 18.66032 0.03283
55398.78764 18.61105 0.05125
55398.83124 18.67354 0.04025
55399.78802 18.57967 0.05647
55399.83261 18.65606 0.04483
55400.78534 18.70357 0.06635
55400.8289 18.56416 0.05013
55401.78133 18.54844 0.08124
55401.82518 18.55289 0.06752
55402.77979 18.47398 0.09168
55402.8246 18.81745 0.07132
55403.77642 18.51561 0.09027
55403.81973 18.67602 0.07275
55404.77424 18.66574 0.07308
55404.84266 18.69776 0.05524
55405.8416 18.73401 0.06194
55407.7691 18.63662 0.08595
55407.83003 18.67235 0.07337
55411.79896 18.60616 0.0428
55412.75232 18.5124 0.06295
55412.79539 18.59649 0.0483
55413.75577 18.78425 0.0715
55413.79945 18.6274 0.05218
55414.75161 18.60317 0.06428
55414.79555 18.59788 0.03915
55415.75266 18.46066 0.05494
55415.79727 18.63511 0.05822
55416.75096 18.59138 0.06287
55416.79342 18.64332 0.046
55417.75979 18.65451 0.06291
55417.84511 18.56882 0.0537
55418.79843 18.56244 0.04955
55418.84121 18.60424 0.03981
55419.75121 18.69894 0.06934
55419.79504 18.62001 0.04483
55420.78929 18.61921 0.06347
55420.83264 18.6375 0.0456
55421.73664 18.6507 0.03591
55421.79901 18.63375 0.02583
55422.75115 18.61068 0.03276
55422.79487 18.6263 0.02968
55423.74742 18.57407 0.0319
55423.79284 18.67813 0.02903
55424.75349 18.68104 0.04278
55424.80178 18.64043 0.02968
55425.76166 18.6822 0.04215
55425.80573 18.57335 0.02588
55426.80123 18.61248 0.03369
55426.8444 18.62109 0.02602
55427.79708 18.62317 0.03845
55427.8408 18.64751 0.03136
55428.79281 18.47506 0.03921
55428.83703 18.65678 0.03441
55429.8142 18.68732 0.03801
55429.85716 18.66932 0.0342
55430.75769 18.81734 0.05316
55430.80485 18.6357 0.04072
55431.75639 18.72293 0.06041
55431.80024 18.70837 0.04605
55432.73907 18.78483 0.06971
55432.78359 18.74132 0.05992
55433.70425 18.8189 0.11542
55433.7493 18.77886 0.07901
55434.69401 18.83716 0.10263
55434.73769 18.73343 0.07393
55435.69148 18.72943 0.08298
55436.88575 18.75397 0.05163
55436.88891 18.78898 0.05259
55436.8919 18.61327 0.04832
55436.89501 18.72972 0.05263
55436.89797 18.67437 0.05272
55436.90109 18.66972 0.04973
55436.9042 18.72725 0.05522
55436.90728 18.63546 0.05681
55436.91041 18.65385 0.05272
55436.91351 18.70237 0.05639
55436.91641 18.72545 0.05591
55436.91931 18.62989 0.06672
55436.92221 18.71441 0.05314
55436.92806 18.74051 0.05522
55436.93096 18.77435 0.0579
55436.93413 18.6653 0.0576
55436.93703 18.69578 0.05482
55436.93974 18.73178 0.0549
55436.94297 18.82856 0.06088
55436.94613 18.66441 0.05368
55436.94915 18.75302 0.05291
55436.95231 18.73595 0.0536
55436.9553 18.66951 0.05133
55436.95826 18.689 0.05001
55436.96116 18.81994 0.05432
55436.96403 18.71546 0.05308
55436.96671 18.62663 0.05001
55438.88857 18.70024 0.04901
55438.89169 18.7349 0.04585
55438.89485 18.67989 0.04385
55438.89798 18.70776 0.04365
55438.90086 18.68546 0.04238
55438.90371 18.74614 0.04186
55438.9065 18.67698 0.03874
55438.90927 18.73511 0.04296
55438.91204 18.77876 0.04362
55438.91487 18.61854 0.04134
55438.91763 18.64842 0.04245
55438.92084 18.73489 0.04885
55438.92394 18.60853 0.04527
55438.92672 18.76036 0.05061
55438.92954 18.78289 0.04844
55438.93259 18.73702 0.05373
55438.93551 18.73574 0.04882
55438.93833 18.7344 0.05022
55438.94106 18.61621 0.04973
55438.94411 18.71651 0.04853
55438.94678 18.71785 0.04863
55438.95017 18.66629 0.04714
55438.95913 18.60908 0.04713
55438.96141 18.80886 0.04951
55440.87507 18.70497 0.03297
55440.87823 18.67614 0.02936
55440.88428 18.61726 0.02804
55440.88675 18.6586 0.02979
55440.8894 18.66224 0.02856
55440.89205 18.69368 0.03107
55440.89518 18.66462 0.02987
55440.89832 18.59599 0.02885
55440.90145 18.6674 0.03061
55440.90439 18.62532 0.02896
55440.90729 18.5911 0.02894
55440.91025 18.64029 0.02935
55440.91316 18.70702 0.03155
55440.91591 18.67043 0.03151
55440.9187 18.71606 0.03052
55440.92149 18.73281 0.0323
55440.92426 18.64558 0.02899
55440.93095 18.66796 0.03047
55440.93364 18.637 0.02877
55440.93623 18.62345 0.031
55440.9395 18.64009 0.03196
55440.94264 18.7071 0.03217
55440.94582 18.7351 0.03194
55440.94883 18.69097 0.03267
55440.95182 18.63971 0.0306
55440.95489 18.67324 0.03078
55440.95791 18.68663 0.03287
55441.87301 18.6019 0.02721
55441.87592 18.56586 0.02639
55441.88645 18.66687 0.02786
55441.88962 18.61144 0.02659
55441.89254 18.6887 0.02598
55441.89542 18.63112 0.02716
55441.89828 18.52709 0.02706
55441.90107 18.67856 0.02745
55441.9037 18.64866 0.02684
55441.90634 18.5983 0.02644
55441.90906 18.65466 0.0262
55441.9118 18.65171 0.02517
55441.91445 18.61474 0.02665
55441.91722 18.63899 0.02615
55441.91981 18.57293 0.02804
55441.92242 18.67605 0.02888
55441.92546 18.62234 0.02548
55441.9281 18.61647 0.02695
55441.93183 18.59773 0.02825
55441.93458 18.61694 0.026
55441.93727 18.65067 0.02755
55441.94048 18.63535 0.02755
55441.94326 18.6556 0.02771
55441.94546 18.62496 0.02642
55441.94852 18.60655 0.02671
55441.95194 18.6674 0.02614
55441.95469 18.65321 0.02782
55441.95786 18.60241 0.02624
55441.96081 18.70006 0.02745
55441.96392 18.63377 0.02634
55441.96715 18.67051 0.02646
55441.97012 18.65851 0.02584
55441.97294 18.64207 0.02632
55441.97532 18.66774 0.02665
55441.97757 18.61802 0.02686
55441.9798 18.62514 0.02787
55441.9835 18.66282 0.02736
55441.9863 18.61341 0.02724
55441.98852 18.65964 0.02839
55441.99078 18.62688 0.02858
55441.99382 18.65525 0.02912
55442.00593 18.64854 0.03117
55442.00906 18.61438 0.03019
55442.01216 18.6527 0.03183
55442.01486 18.67642 0.03645
55442.01753 18.69052 0.04174
55442.02001 18.71956 0.04563
55442.02226 18.73748 0.05593
55442.70382 18.63434 0.03334
55442.70734 18.65421 0.03242
55442.71097 18.61292 0.02997
55442.71448 18.61807 0.03131
55442.71808 18.67532 0.03137
55442.72168 18.68887 0.03166
55442.72527 18.62854 0.02865
55442.73272 18.67855 0.0298
55442.74184 18.62887 0.02816
55442.74882 18.66313 0.02696
55442.75572 18.68608 0.02796
55442.76147 18.70462 0.02805
55442.76615 18.61079 0.02717
55442.77616 18.58846 0.02838
55442.78135 18.61524 0.02717
55442.78615 18.6497 0.02558
55442.79145 18.64153 0.02556
55442.79615 18.64237 0.02659
55442.80186 18.61997 0.02657
55442.8093 18.62978 0.02429
55442.81443 18.63242 0.0254
55442.81939 18.64493 0.02568
55442.82447 18.65615 0.02357
55442.8293 18.69253 0.02451
55442.83541 18.66203 0.02401
55442.84012 18.61452 0.02337
55442.84597 18.63692 0.02519
55442.85112 18.6371 0.02557
55442.85657 18.65349 0.02384
55442.86387 18.68519 0.02812
55442.87002 18.68961 0.0267
55442.87503 18.63378 0.02532
55442.88048 18.64678 0.02383
55442.88617 18.61745 0.02428
55442.89221 18.59526 0.02494
55442.89785 18.62271 0.02477
55442.90297 18.59544 0.02523
55442.90871 18.6152 0.02502
55442.91368 18.60504 0.02407
55442.91875 18.64885 0.02625
55442.92384 18.62125 0.02472
55442.93037 18.66742 0.02553
55442.93642 18.62097 0.02555
55442.94588 18.75573 0.03165
55442.95166 18.66844 0.02512
55442.95754 18.66401 0.02638
55442.96246 18.63077 0.02687
55442.96833 18.63924 0.02758
55442.97317 18.65013 0.0254
55442.97782 18.60732 0.02509
55442.98206 18.66157 0.02638
55442.9872 18.62256 0.02703
55442.99348 18.67997 0.02753
55442.99858 18.62086 0.02666
55443.00329 18.65121 0.0269
55443.01002 18.63517 0.02686
55443.01702 18.58562 0.03594
55443.02387 18.77308 0.05728
55443.67742 18.65018 0.04293
55443.68488 18.63733 0.04018
55443.69287 18.5821 0.03764
55443.70415 18.73636 0.03567
55443.71028 18.68006 0.03633
55443.71632 18.68594 0.03496
55443.72231 18.62941 0.03115
55443.72832 18.62402 0.03154
55443.736 18.6297 0.03117
55443.74306 18.59131 0.02874
55443.74812 18.64861 0.02864
55443.75372 18.71985 0.02964
55443.75946 18.65587 0.02924
55443.76526 18.64188 0.02958
55443.77007 18.65952 0.02966
55443.78027 18.70468 0.03358
55443.78539 18.67693 0.02827
55443.79156 18.62965 0.02676
55443.79717 18.64338 0.02657
55443.80302 18.60119 0.02538
55443.80895 18.56031 0.02843
55443.81493 18.68628 0.02891
55443.8204 18.6986 0.02996
55443.82634 18.63929 0.02585
55443.83239 18.63168 0.02685
55443.83783 18.63202 0.02608
55443.84415 18.63558 0.02536
55443.84958 18.63697 0.02659
55443.85553 18.64346 0.02544
55443.86252 18.64629 0.02623
55443.87576 18.59805 0.02609
55443.88141 18.6314 0.02475
55443.88892 18.68383 0.02587
55443.89412 18.61036 0.02694
55443.90077 18.68342 0.02778
55443.90658 18.63594 0.02614
55443.91235 18.58861 0.02598
55443.91779 18.69287 0.02926
55443.92403 18.65198 0.02834
55443.92967 18.68697 0.02714
55443.93496 18.71444 0.02898
55443.94073 18.6063 0.02727
55443.94779 18.72613 0.02735
55443.95355 18.64255 0.02619
55443.95925 18.64377 0.02737
55443.9693 18.63597 0.03078
55443.97555 18.6067 0.02664
55443.98144 18.6912 0.02869
55443.98725 18.68401 0.03059
55443.99456 18.68562 0.02965
55444.00093 18.68913 0.02999
55444.0061 18.66264 0.02798
55444.01187 18.59534 0.02874
55444.0175 18.7154 0.03674
55444.02231 18.64577 0.05341
55444.66648 18.62732 0.04593
55444.67221 18.60442 0.0439
55444.67727 18.62442 0.04354
55444.68199 18.67361 0.05935
55444.68857 18.72264 0.04276
55444.69526 18.68085 0.04169
55444.70198 18.6635 0.03833
55444.7091 18.69383 0.03899
55444.71487 18.68571 0.03622
55444.72103 18.61336 0.03368
55444.72796 18.63927 0.03782
55444.73377 18.62897 0.03121
55444.74094 18.64598 0.03088
55444.74655 18.6481 0.031
55444.75167 18.66245 0.03112
55444.75678 18.64827 0.02984
55444.76225 18.62596 0.02862
55444.7673 18.63433 0.02861
55444.77353 18.63472 0.0295
55444.77876 18.66435 0.02914
55444.78368 18.54027 0.02774
55444.79848 18.61613 0.02677
55444.80403 18.65294 0.0276
55444.81599 18.69511 0.02914
55444.8213 18.60779 0.02714
55444.83332 18.67313 0.02942
55444.83854 18.61342 0.02811
55444.84549 18.61187 0.02729
55444.85161 18.70174 0.02745
55444.85679 18.5854 0.02541
55444.86267 18.64405 0.02881
55444.86777 18.63916 0.03091
55444.87321 18.64341 0.02611
55444.87872 18.62359 0.02727
55444.88467 18.60295 0.02673
55444.89016 18.65095 0.02784
55444.89581 18.66562 0.03062
55444.90153 18.61074 0.02506
55444.90845 18.64344 0.03021
55444.91349 18.68294 0.0273
55444.92279 18.63135 0.02552
55444.93139 18.63167 0.02649
55444.94041 18.66301 0.02598
55444.94568 18.64684 0.02638
55444.951 18.67452 0.0286
55444.95724 18.60362 0.02679
55444.96289 18.64338 0.02722
55444.96923 18.62252 0.02656
55444.97411 18.6314 0.02701
55444.98062 18.62673 0.02837
55444.98915 18.61518 0.0308
55444.99553 18.66566 0.02865
55445.00157 18.69313 0.02974
55445.00779 18.61481 0.03008
55445.01282 18.69169 0.03291
55445.01777 18.67209 0.03753
55445.02227 18.65503 0.0563
55445.66261 18.66558 0.044
55445.66749 18.60794 0.03821
55445.67244 18.61932 0.03827
55445.67731 18.67961 0.03861
55445.68422 18.63044 0.03536
55445.6905 18.63362 0.03316
55445.69681 18.60722 0.03266
55445.70294 18.60241 0.03182
55445.70921 18.63796 0.03182
55445.71534 18.61674 0.03577
55445.72141 18.71646 0.04086
55445.72791 18.6942 0.03319
55445.73457 18.56079 0.03441
55445.74013 18.63985 0.03014
55445.7456 18.72737 0.03136
55445.75096 18.65459 0.03074
55445.75643 18.68729 0.02977
55445.76191 18.67128 0.03028
55445.76784 18.64665 0.02831
55445.7737 18.57003 0.02675
55445.779 18.65857 0.02724
55445.78479 18.63595 0.02612
55445.79025 18.6466 0.02647
55445.79613 18.62758 0.02574
55445.81095 18.62156 0.028
55445.81845 18.64553 0.0247
55445.82455 18.64019 0.02499
55445.83024 18.62581 0.02407
55445.84021 18.63538 0.02737
55445.84549 18.65084 0.0239
55445.85174 18.63706 0.02375
55445.85762 18.66837 0.02332
55445.8636 18.63123 0.02431
55445.86963 18.65207 0.02367
55445.87567 18.64423 0.0228
55445.88207 18.68297 0.02408
55445.88844 18.62865 0.02459
55445.89432 18.63905 0.02475
55445.89983 18.6489 0.0244
55445.90668 18.61434 0.02304
55445.91299 18.63444 0.02228
55445.91722 18.66929 0.0244
55445.92351 18.64513 0.02299
55445.92915 18.62016 0.02338
55445.93496 18.70131 0.02327
55445.94048 18.68119 0.0247
55445.95216 18.65802 0.02508
55445.95886 18.67338 0.02543
55445.97191 18.63702 0.0251
55445.97872 18.63188 0.02394
55445.98437 18.64047 0.02442
55445.98972 18.65328 0.02452
55445.99581 18.64858 0.0246
55446.00245 18.65313 0.02429
55446.00827 18.58673 0.02386
55446.01787 18.619 0.03087
55446.0233 18.65076 0.05166
55446.66046 18.62136 0.0422
55446.66501 18.64818 0.03967
55446.67089 18.76855 0.04139
55446.67601 18.66194 0.04039
55446.6814 18.63856 0.03759
55446.68915 18.68592 0.03451
55446.70044 18.5822 0.03277
55446.70781 18.67312 0.03284
55446.71375 18.61925 0.03222
55446.71998 18.6125 0.03011
55446.7269 18.69315 0.03293
55446.73768 18.67455 0.03412
55446.74263 18.69509 0.02865
55446.74841 18.61903 0.02954
55446.75986 18.6432 0.02682
55446.76487 18.67694 0.02771
55446.77004 18.6111 0.02738
55446.77518 18.64598 0.02539
55446.78018 18.64817 0.02566
55446.78654 18.61502 0.02602
55446.79243 18.70702 0.02503
55446.79818 18.74152 0.02737
55446.80822 18.64822 0.02803
55446.81336 18.63418 0.02404
55446.81934 18.60412 0.02381
55446.82569 18.63295 0.02381
55446.83186 18.6839 0.02524
55446.83803 18.67397 0.02528
55446.84316 18.59141 0.02416
55446.84946 18.63178 0.02481
55446.85529 18.61845 0.03058
55446.86132 18.66558 0.02981
55446.86741 18.61347 0.0319
55446.87321 18.56748 0.02288
55446.87945 18.64338 0.02479
55446.88583 18.62997 0.02444
55446.89176 18.63966 0.02522
55446.89901 18.62192 0.02873
55446.90569 18.6638 0.02541
55446.91293 18.65977 0.02481
55446.91958 18.68138 0.02468
55446.92538 18.6079 0.02424
55446.93113 18.62607 0.02444
55446.93686 18.6574 0.02402
55446.94237 18.61369 0.02307
55446.94842 18.66767 0.02402
55446.95451 18.64304 0.02403
55446.96034 18.66186 0.02435
55446.96641 18.62162 0.02428
55446.97287 18.64639 0.02453
55446.97827 18.65589 0.02499
55446.98464 18.67978 0.02424
55446.99026 18.64845 0.02348
55446.99646 18.65808 0.02372
55447.00329 18.63058 0.02537
55447.02248 18.70192 0.04167
55448.00377 18.63342 0.02337
55448.65527 18.77736 0.04807
55448.70146 18.73668 0.03907
55449.82958 18.62858 0.02634
55449.87259 18.63152 0.02572
55450.82585 18.655 0.02757
55450.86998 18.64319 0.02425
55451.65338 18.77453 0.0457
55451.70095 18.69242 0.03304
55452.64792 18.72744 0.0446
55452.69243 18.70592 0.03642
55453.64519 18.6747 0.05132
55453.6895 18.61305 0.0367
55454.64058 18.74542 0.05516
55455.63923 18.76076 0.05274
55455.7154 18.63114 0.03724
55456.63346 18.62115 0.05737
55456.67702 18.66344 0.04253
55457.63067 18.72021 0.06463
55457.6732 18.66506 0.04402
55458.66069 18.73686 0.05202
55458.7057 18.68803 0.04535
55459.69034 18.76515 0.05697
55460.63624 18.58594 0.06121
55460.72453 18.71368 0.04782
55461.62523 18.62271 0.07426
55461.67649 18.65175 0.06132
55462.76573 18.60325 0.06166
55462.80848 18.60158 0.06085
55463.63005 18.74723 0.09894
55463.71104 18.71634 0.07383
55466.61784 18.70393 0.04882
55466.61959 18.55954 0.04635
55466.62134 18.67447 0.04186
55466.6231 18.65331 0.04145
55466.62486 18.72941 0.04503
55466.62661 18.67807 0.04271
55466.62943 18.70434 0.0428
55466.63143 18.7093 0.04205
55466.63348 18.75616 0.04576
55466.67604 18.7953 0.06016
55467.62749 18.74125 0.04814
55468.7394 18.61856 0.03258
55468.78277 18.73223 0.03838
55469.73472 18.72684 0.05953
55470.77885 18.66794 0.05633
55470.82246 18.70401 0.03404
55471.77466 18.6606 0.02525
55471.82993 18.58826 0.04979
55472.62548 18.5701 0.03647
55472.66936 18.68045 0.03155
55473.62096 18.60811 0.05411
55477.66775 18.64665 0.03092
55477.71276 18.61556 0.03255
55478.62384 18.63088 0.03915
55478.66775 18.60821 0.03373
55479.61565 18.66109 0.03905
55479.65968 18.70498 0.03427
55480.61506 18.61239 0.04162
55480.65805 18.6476 0.03396
55481.61182 18.68294 0.04024
55481.69382 18.64509 0.02788
55482.61769 18.76929 0.03967
55482.66188 18.56408 0.03304
55482.67843 18.67525 0.02974
55483.61039 18.61652 0.03965
55483.66512 18.7145 0.0333
55484.66377 18.7281 0.03768
55484.70695 18.7207 0.03262
55485.61939 18.76748 0.0421
55485.66329 18.64149 0.03665
55486.61418 18.60458 0.04872
55486.658 18.58552 0.06506
55497.84041 18.77921 0.04864
55497.89223 18.77888 0.05467
55498.71756 18.73618 0.03038
55498.79 18.65382 0.03979
55499.59404 18.73768 0.03743
55499.63881 18.74158 0.03495
55501.66259 18.70375 0.03486
55501.75706 18.75503 0.03034
55502.72145 18.6722 0.03052
55502.82148 18.65553 0.03771
55503.77762 18.73962 0.03305
55503.8732 18.66359 0.03519
55504.82418 18.69291 0.03222
55504.91868 18.64563 0.03907
55506.68972 18.64519 0.03603
55506.73387 18.61929 0.02779
55507.81368 18.71296 0.03233
55507.89267 18.76285 0.04201
55513.658 18.67228 0.03443
55513.7418 18.62012 0.03125
55514.69377 18.68446 0.03652
55514.73749 18.66167 0.04082
55515.69951 18.68809 0.03943
55515.74236 18.68618 0.041
55516.67238 18.72639 0.04463
55516.71654 18.80934 0.0497
55517.61497 18.651 0.04592
55517.6584 18.81744 0.04684
55518.61481 18.72494 0.05193
55518.6578 18.64324 0.05572
55527.74242 18.76172 0.03621
55530.70615 18.75901 0.04008
55530.75072 18.86054 0.04341
55531.77418 18.86812 0.04634
55531.81743 18.8814 0.06387
55532.78408 18.70373 0.03154
55532.82836 18.7629 0.03998
55535.68432 18.71555 0.03018
55537.58157 18.764 0.05476
55537.62557 18.76824 0.03386
55538.57995 18.69056 0.03332
55538.62381 18.65003 0.02822
55539.58012 18.66946 0.03418
55539.62283 18.7158 0.02988
55540.61811 18.6807 0.02924
55540.66215 18.71966 0.02982
55541.61644 18.66778 0.03367
55541.65945 18.72586 0.04418
55544.59603 18.73845 0.03873
55544.64191 18.75666 0.03515
55545.59598 18.76444 0.04841
55545.63939 18.67739 0.0433
55558.69892 18.66688 0.06315
55558.75663 18.71338 0.03545
55559.7264 18.75469 0.06086
55561.73304 18.66476 0.04025
55561.77682 18.78578 0.06083
55567.59621 18.76205 0.034
55575.595 18.81449 0.06833
55575.6386 18.79889 0.07322
55577.59504 18.65121 0.07607
55578.6551 18.82625 0.17667
55579.61368 18.75022 0.04483
55579.65687 18.85211 0.05539
55580.66998 18.64459 0.04923
55580.71648 18.83908 0.10148
55583.61703 18.79871 0.03342
55583.66119 18.72961 0.04469
55584.63985 18.75794 0.03361
55584.68286 18.67994 0.03854
55586.61685 18.69466 0.0313
55586.66038 18.67686 0.03536
55588.66264 18.82057 0.0602
55588.70647 18.72667 0.06402
55722.89872 18.73327 0.04434
55723.91976 18.61183 0.04218
55723.9634 18.69582 0.03911
55730.92322 18.86754 0.07884
55733.86776 18.76155 0.06043
55733.91212 18.59937 0.03832
55750.83279 18.7246 0.04613
55750.87598 18.67852 0.03621
55756.88391 18.78493 0.06778
55756.93392 18.71305 0.05931
55759.84878 18.68466 0.05585
55759.89212 18.81104 0.0504
55762.79606 18.70993 0.06079
55762.8402 18.6525 0.04751
55766.7805 18.77051 0.04614
55766.83041 18.73306 0.03908
55768.77509 18.66324 0.05039
55768.82037 18.6856 0.04194
55769.80074 18.70994 0.03858
55769.84468 18.65465 0.03073
55770.78189 18.65368 0.03981
55770.82573 18.65656 0.03238
55771.78074 18.67905 0.03853
55771.82449 18.62844 0.03128
55774.75968 18.68821 0.04573
55774.80363 18.65616 0.03618
55775.80332 18.76758 0.07391
55779.7464 18.66328 0.04987
55779.79086 18.681 0.03401
55780.74948 18.63606 0.04758
55780.79415 18.71718 0.03844
55782.7508 18.67973 0.06062
55782.7956 18.69765 0.04841
55783.7573 18.56371 0.06019
55783.80103 18.67811 0.05246
55784.74207 18.50708 0.07073
55789.73736 18.77486 0.08512
55789.78039 18.76172 0.06873
55790.73125 18.73512 0.06421
55790.77463 18.7694 0.06498
55791.73123 18.7561 0.07403
55791.77527 18.73736 0.06101
55793.74743 18.73156 0.04663
55793.79097 18.65189 0.04568
55794.75972 18.67393 0.03567
55794.81629 18.78541 0.04684
55809.66644 18.76184 0.07468
55809.7101 18.69884 0.05041
55811.66044 18.72892 0.07727
55811.7042 18.77201 0.05694
55812.65876 18.68125 0.06744
55812.70198 18.7177 0.05126
55813.66257 18.87687 0.07192
55813.70671 18.68274 0.05457
55818.70874 18.87266 0.10257
55820.63925 18.7435 0.0566
55820.68324 18.73358 0.08953
55821.63464 18.68218 0.0467
55822.63132 18.71812 0.0523
55822.67415 18.68646 0.04032
55823.62908 18.63118 0.05285
55823.67275 18.77652 0.04373
55824.62608 18.71918 0.05881
55824.6697 18.70465 0.04178
55838.61464 18.82299 0.0607
55838.65944 18.72504 0.0484
55842.61856 18.7883 0.07873
55842.66208 18.76149 0.06922
55843.61073 18.76477 0.09124
55843.65444 18.79188 0.07962
55844.60924 18.74265 0.08429
55844.65374 18.57547 0.06605
55849.60547 18.70186 0.04444
55849.65079 18.73039 0.0589
55850.60468 18.76507 0.04065
55850.64918 18.6613 0.03831
55851.60318 18.72809 0.04085
55851.64641 18.68195 0.03356
55852.60416 18.60473 0.04041
55853.60163 18.71438 0.04465
55853.6463 18.68591 0.03543
55854.60164 18.67768 0.04262
55854.64607 18.67649 0.03266
55866.5884 18.77663 0.04868
55866.64679 18.69211 0.03743
55867.58757 18.67145 0.05437
55867.63053 18.67416 0.04827
55868.5865 18.76009 0.05559
55868.63002 18.79663 0.04362
55880.92255 18.81988 0.06634
55882.86968 18.69574 0.04124
55882.87146 18.74971 0.04332
55882.91495 18.81131 0.05405
55883.86679 18.73044 0.04372
55883.91496 18.63431 0.06153
55887.63181 18.78806 0.0348
55887.68352 18.71955 0.03614
55888.85244 18.84923 0.12189
55888.8957 18.71763 0.06082
55889.80049 18.68806 0.03124
55889.84447 18.74896 0.03431
55891.57974 18.60546 0.04223
55891.6225 18.6817 0.03333
55893.58261 18.69224 0.03854
55893.62546 18.63172 0.03775
55894.58144 18.689 0.04399
55894.62473 18.8889 0.0894
55895.57997 18.60579 0.10622
55896.58202 18.60359 0.05183
55898.82137 18.74001 0.065
55898.86551 18.82972 0.05727
55902.58519 18.7272 0.07243
55902.64414 18.73486 0.07369
55903.58342 18.82193 0.07031
55903.62024 18.79873 0.06433
55904.58683 18.82663 0.07494
55906.58378 18.63953 0.05563
55906.64029 18.79218 0.065
55916.59575 18.68545 0.03859
55916.64026 18.67743 0.03451
55922.6423 18.63519 0.03231
55923.59751 18.73606 0.04114
55923.64145 18.72751 0.03666
55924.60837 18.70978 0.03622
55925.59941 18.72826 0.05505
55925.67897 18.66151 0.03144
55926.58279 18.69024 0.03772
55926.62543 18.65881 0.03401
55930.58585 18.71415 0.05991
55930.62499 18.78463 0.06579
55931.58458 18.74134 0.08046
55931.62692 18.75745 0.06109
55932.62858 18.77593 0.05394
55936.60917 18.61093 0.0491
55936.65247 18.60992 0.05114
55937.58951 18.75078 0.04871
55939.64879 18.70449 0.0406
55939.6851 18.73395 0.04271
55940.59145 18.68702 0.05747
55940.64013 18.88894 0.06909
55941.59048 18.86824 0.09921
55943.69972 18.78391 0.03759
55943.74446 18.79247 0.04894
55944.64379 18.68542 0.03445
55944.67224 18.74072 0.03746
55946.63797 18.64097 0.0646
55947.59349 18.67636 0.03923
55947.63713 18.75101 0.05785
55949.64923 18.74795 0.03834
55949.6924 18.79793 0.05034
55952.60617 18.70547 0.03976
55952.64932 18.82128 0.04465
55953.59751 18.6089 0.05192
55953.64127 18.62208 0.03889
55954.59787 18.57302 0.05969
55954.64157 18.79103 0.05478
55958.61566 18.78573 0.0568
55958.67117 18.67426 0.05486
55959.64574 18.7074 0.06864
55960.60205 18.65855 0.07637
55960.64497 18.66284 0.08779
55962.61935 18.73531 0.05773
55962.69096 18.83848 0.09003
56059.98484 18.61782 0.10154
56060.97134 18.61764 0.0775
56061.96903 18.64746 0.06718
56063.96519 18.70836 0.07003
56065.96588 18.7489 0.0686
56066.96916 18.76995 0.06273
56067.96802 18.82882 0.05413
56068.98301 18.8278 0.10712
56070.97101 18.81133 0.06196
56071.95528 18.69564 0.06445
56075.93073 18.66792 0.05498
56075.96117 18.69473 0.04943
56076.96161 18.65678 0.04351
56077.97941 18.74156 0.0842
56078.92335 18.74368 0.05487
56078.95394 18.85068 0.05666
56079.91957 18.74238 0.06286
56079.94994 18.7129 0.04474
56079.97946 18.80978 0.07862
56084.95914 18.74918 0.07853
56085.9361 18.61926 0.08316
56085.9661 18.77947 0.06888
56086.90079 18.74562 0.07386
56086.9317 18.79919 0.05603
56086.96186 18.5585 0.04855
56087.95118 18.7702 0.05672
56088.93216 18.70987 0.05692
56088.96298 18.64415 0.0473
56089.90743 18.81846 0.0642
56089.9375 18.67793 0.05314
56090.89626 18.59683 0.06854
56091.93224 18.79886 0.0505
56091.96189 18.73774 0.04321
56092.88532 18.76522 0.05492
56092.91513 18.69571 0.05023
56092.94551 18.71175 0.04579
56093.91605 18.69715 0.04646
56093.95942 18.7388 0.04136
56094.8793 18.85384 0.05914
56094.90895 18.78385 0.05488
56094.93794 18.74469 0.04259
56095.89413 18.81342 0.05815
56095.92394 18.87029 0.05481
56095.95378 18.74175 0.04335
56096.8846 18.66898 0.04854
56096.91464 18.68046 0.04243
56096.94475 18.79241 0.03917
56097.87211 18.78391 0.06943
56097.90204 18.7842 0.04652
56099.86796 18.61157 0.0439
56099.8979 18.70135 0.03743
56099.92867 18.70262 0.03454
56100.87134 18.73477 0.05234
56100.9014 18.73101 0.04582
56100.93113 18.69912 0.04271
56101.86099 18.77102 0.06076
56101.89166 18.81326 0.061
56101.92164 18.63927 0.04432
56102.85884 18.8189 0.04707
56102.88948 18.82505 0.04052
56102.91975 18.69373 0.03413
56103.85688 18.75017 0.0589
56103.89198 18.66773 0.05287
56103.92203 18.85641 0.04784
56104.86298 18.85382 0.05262
56104.89266 18.72988 0.0469
56104.92258 18.74305 0.03923
56105.87772 18.76918 0.0452
56105.90846 18.69675 0.04203
56105.93782 18.74566 0.0399
56106.84826 18.64431 0.04625
56106.87859 18.71575 0.04452
56106.90907 18.67989 0.03621
56107.87579 18.63049 0.04692
56107.90655 18.75942 0.04024
56108.86703 18.57448 0.08162
56108.89669 18.80097 0.05921
56108.92686 18.71524 0.03957
56109.93363 18.77354 0.05132
56110.89782 18.81779 0.08191
56110.92786 18.6108 0.05822
56111.86949 18.81173 0.09402
56111.91431 18.90806 0.07733
56111.94457 18.7987 0.06451
56112.97145 18.70551 0.08668
56113.8878 18.9205 0.08472
56113.93235 18.71198 0.06131
56113.96218 18.78035 0.06155
56114.87108 18.72847 0.07223
56114.92357 18.81005 0.06404
56114.95378 18.68381 0.05413
56115.9179 18.72855 0.05461
56116.90131 18.68551 0.05044
56116.93261 18.67415 0.05133
56116.96078 18.76189 0.05589
56117.86349 18.62607 0.06093
56117.89333 18.73007 0.05563
56117.92405 18.78177 0.05302
56118.82762 18.66468 0.09459
56118.85812 18.76081 0.06267
56118.8884 18.76699 0.05663
56119.81535 18.74011 0.08093
56119.84536 18.78923 0.07932
56120.95573 18.86808 0.06192
56123.80269 18.69688 0.0492
56123.8333 18.72672 0.04473
56123.86323 18.68092 0.03775
56124.8239 18.68175 0.0464
56124.85579 18.82153 0.05189
56124.90647 18.73376 0.0402
56125.83541 18.62563 0.04214
56125.8655 18.73322 0.03929
56125.89611 18.7987 0.03831
56126.79674 18.67911 0.05393
56126.82683 18.74098 0.04514
56126.85662 18.88226 0.093
56127.84219 18.81788 0.04426
56127.87262 18.71653 0.03606
56128.79045 18.73281 0.05453
56128.8202 18.73865 0.03981
56128.8509 18.73423 0.0359
56129.81763 18.76824 0.04274
56129.84839 18.76906 0.04022
56130.78415 18.8096 0.05472
56130.81619 18.88735 0.0564
56130.84603 18.67519 0.04134
56131.81956 18.6436 0.04733
56131.84966 18.72601 0.03937
56131.87991 18.72414 0.03581
56132.81342 18.65297 0.03833
56132.85526 18.68585 0.03853
56133.77702 18.71225 0.04445
56133.80732 18.69064 0.03973
56133.83817 18.74908 0.03922
56135.77548 18.68972 0.05401
56135.80558 18.66228 0.03635
56135.8357 18.71962 0.0286
56136.78168 18.75203 0.05297
56136.81139 18.78786 0.04644
56136.84105 18.78735 0.0389
56137.77719 18.67187 0.05435
56137.84943 18.73919 0.05266
56143.75013 18.63043 0.09723
56143.77946 18.68811 0.07451
56143.81202 18.77542 0.07132
56144.79078 18.71138 0.06741
56144.82138 18.6337 0.05275
56145.77477 18.79758 0.09942
56145.80436 18.78137 0.07711
56146.77217 18.86823 0.0781
56146.83591 18.65392 0.05486
56147.75046 18.78152 0.0547
56147.78019 18.73684 0.06609
56147.81614 18.73129 0.05705
56148.73743 18.80376 0.04964
56148.76798 18.73049 0.04325
56148.79928 18.76922 0.04704
56151.84315 18.67614 0.02707
56151.87618 18.70325 0.02725
56151.91621 18.7313 0.02621
56164.86055 18.64913 0.02453
56164.89061 18.70476 0.02335
56164.92052 18.6691 0.02356
56165.82275 18.68149 0.0342
56165.85221 18.66945 0.02734
56165.88255 18.70753 0.02563
56166.78411 18.73379 0.04094
56166.82415 18.7429 0.03463
56166.85436 18.74531 0.03057
56167.76082 18.64946 0.04214
56167.79008 18.74825 0.03971
56167.82893 18.70637 0.03471
56168.73084 18.67901 0.05721
56168.76135 18.67908 0.05026
56168.79094 18.79402 0.05378
56169.70528 18.70403 0.08456
56169.73488 18.85401 0.07703
56169.78208 18.80638 0.06665
56170.70609 18.80499 0.09256
56170.73648 18.79053 0.10297
56170.76821 18.90845 0.09289
56176.66101 18.82332 0.05471
56176.74473 18.83712 0.05262
56176.77537 18.65939 0.04844
56177.67775 18.68001 0.03518
56177.71467 18.75262 0.03239
56177.7448 18.73358 0.03027
56178.65701 18.81534 0.06155
56178.7245 18.60126 0.03266
56178.75548 18.71484 0.02912
56189.71737 18.72196 0.03445
56189.74707 18.65397 0.03026
56194.65274 18.68523 0.05091
56194.68156 18.73162 0.04604
56194.73072 18.7495 0.03724
56195.63238 18.83007 0.05907
56195.68489 18.6818 0.04922
56195.74387 18.74094 0.04681
56196.64868 18.74212 0.05021
56196.67925 18.80507 0.05031
56196.70945 18.62255 0.04623
56197.62224 18.63844 0.07252
56197.65122 18.9024 0.07508
56197.68048 18.70396 0.05632
56198.66294 18.79499 0.08371
56198.69225 18.7197 0.06922
56202.61563 18.81528 0.09398
56202.64754 18.71826 0.08448
56202.70169 18.75099 0.064
56207.71676 18.71345 0.05469
56207.74712 18.85719 0.10682
56207.82773 18.66026 0.06866
56224.66207 18.75705 0.04678
56224.69182 18.59217 0.04967
56225.74851 18.65865 0.0432
56225.84088 18.74098 0.0433
56226.79663 18.91115 0.0845
56227.72154 18.86025 0.06009
56227.75148 18.82035 0.05557
56228.67316 18.7808 0.05884
56228.71 18.76982 0.05432
56229.61202 18.73399 0.06454
56229.68338 18.6301 0.06823
56230.64599 18.70382 0.06917
56230.73676 18.86742 0.06823
56231.86041 18.64787 0.05932
56232.82116 18.68866 0.04481
56233.75399 18.68314 0.04464
56233.78371 18.64061 0.06381
56234.68453 18.68327 0.03845
56234.71313 18.66685 0.03944
56235.61461 18.6994 0.03779
56235.64419 18.69765 0.03085
56236.58514 18.69204 0.04729
56236.61561 18.65866 0.03326
56237.58477 18.69092 0.03953
56237.61509 18.68629 0.03223
56238.58334 18.76844 0.04581
56238.61531 18.68285 0.0327
56239.58294 18.70592 0.04738
56239.61141 18.73153 0.03449
56251.83071 18.61859 0.03195
56251.86073 18.6773 0.03498
56252.58576 18.63862 0.03197
56252.60631 18.65222 0.03509
56252.62487 18.61651 0.03247
56252.64555 18.66223 0.03384
56252.66096 18.62428 0.03152
56252.69879 18.69587 0.03307
56252.71706 18.68492 0.03237
56252.73499 18.72318 0.03138
56252.75258 18.73216 0.0324
56252.76856 18.68619 0.03315
56252.78929 18.70471 0.04037
56252.80517 18.73042 0.0372
56252.821 18.74273 0.03736
56252.83831 18.69636 0.03627
56252.85634 18.65973 0.03149
56253.58621 18.77912 0.03861
56253.60335 18.59576 0.03932
56253.62054 18.66924 0.03574
56253.63682 18.72007 0.03829
56253.6539 18.69108 0.037
56253.6721 18.67004 0.0388
56253.70902 18.77241 0.04031
56253.7307 18.71566 0.03969
56253.75003 18.65279 0.04682
56253.76637 18.7498 0.04228
56253.78832 18.81343 0.04164
56253.8078 18.7561 0.04451
56253.82956 18.67939 0.04103
56253.85372 18.62863 0.04655
56254.74613 18.78102 0.04269
56254.77889 18.70505 0.04502
56255.68248 18.70987 0.04568
56255.7252 18.72087 0.05002
56256.62657 18.70483 0.0494
56256.6557 18.76428 0.05181
56257.58763 18.75806 0.05992
56257.64219 18.75302 0.04675
56258.58614 18.83932 0.07003
56258.61848 18.69787 0.05463
56259.59443 18.75165 0.06151
56259.62495 18.72276 0.06403
56265.629 18.63202 0.02965
56265.6592 18.63494 0.03625
56266.58222 18.73694 0.05166
56266.6126 18.81217 0.09953
56267.58751 18.74589 0.03196
56267.61751 18.74162 0.03142
56268.59364 18.68073 0.02958
56268.62314 18.66519 0.02723
56269.58319 18.76833 0.03133
56269.58435 18.68223 0.02747
56269.58546 18.68423 0.02867
56269.58657 18.65909 0.02816
56269.58771 18.69847 0.02747
56269.58893 18.69607 0.02775
56269.59006 18.68297 0.02764
56269.59133 18.711 0.02865
56269.59245 18.71166 0.02732
56269.59364 18.68985 0.02641
56269.59478 18.71007 0.02797
56269.596 18.68842 0.02656
56269.59713 18.67657 0.0262
56269.59843 18.69707 0.02626
56269.59956 18.66297 0.02707
56269.60977 18.61524 0.02984
56269.61093 18.66907 0.02576
56269.6121 18.69087 0.02634
56269.61321 18.7179 0.02587
56269.61434 18.71821 0.02785
56269.61547 18.69831 0.02779
56269.61659 18.71241 0.02767
56269.61773 18.67678 0.02767
56269.61884 18.69614 0.02684
56269.61995 18.70115 0.02673
56269.62115 18.70634 0.02776
56269.6223 18.69033 0.02703
56269.62343 18.72294 0.02528
56269.62457 18.71209 0.02651
56269.62569 18.69959 0.02471
56269.62688 18.7082 0.02603
56269.628 18.72953 0.02615
56269.6375 18.66206 0.02981
56269.63881 18.6632 0.02618
56269.64001 18.66048 0.02705
56269.64114 18.62935 0.02697
56269.64226 18.64321 0.02569
56269.64337 18.67854 0.02647
56269.6445 18.66144 0.02496
56269.64562 18.62151 0.02523
56269.64675 18.70852 0.02665
56269.64789 18.62375 0.02512
56269.64905 18.65567 0.02588
56269.65017 18.71495 0.02553
56269.65129 18.65394 0.02509
56269.65247 18.63636 0.02623
56269.65359 18.6814 0.02586
56269.65473 18.67341 0.02755
56269.65585 18.69101 0.02595
56269.65698 18.63377 0.02393
56269.65819 18.65 0.02562
56269.65932 18.62805 0.02561
56269.66055 18.71438 0.02676
56269.66167 18.68362 0.02533
56269.66279 18.66891 0.0247
56269.66393 18.74453 0.02551
56269.66595 18.66072 0.02494
56269.66717 18.68598 0.02598
56269.66829 18.64278 0.02506
56269.66952 18.66773 0.02383
56269.67064 18.70658 0.02473
56269.67184 18.65898 0.02511
56269.673 18.70934 0.02625
56269.67412 18.66078 0.02554
56269.67533 18.67798 0.02522
56269.67646 18.67929 0.02633
56269.6776 18.64881 0.02571
56269.67883 18.70354 0.02651
56269.67997 18.66725 0.02534
56269.6812 18.65235 0.02461
56269.68232 18.74 0.02642
56269.68343 18.72141 0.02692
56269.68473 18.66397 0.02592
56269.68592 18.67342 0.02632
56269.68705 18.70778 0.02564
56269.68816 18.65364 0.02497
56269.68929 18.68157 0.02614
56269.69041 18.67253 0.02482
56269.69157 18.66441 0.02352
56269.69269 18.64508 0.02567
56269.69383 18.65204 0.02523
56269.69496 18.70482 0.02563
56269.69608 18.65175 0.02484
56269.69898 18.66883 0.02592
56269.70011 18.67685 0.02691
56269.70126 18.66034 0.02554
56269.70241 18.69546 0.02692
56269.70357 18.68023 0.02514
56269.70468 18.71095 0.02614
56269.70581 18.66739 0.02632
56269.70705 18.71999 0.02554
56269.70816 18.67036 0.02453
56269.70937 18.66958 0.02488
56269.7105 18.61582 0.02513
56269.71167 18.66234 0.02503
56269.7128 18.64279 0.02478
56269.71403 18.68927 0.02533
56269.71516 18.70348 0.02638
56269.7163 18.71932 0.02514
56269.72641 18.64441 0.02925
56269.72763 18.64587 0.02546
56269.72875 18.67722 0.02573
56269.72987 18.68209 0.02625
56269.731 18.68146 0.02614
56269.73213 18.63239 0.025
56269.73326 18.69099 0.02588
56269.73438 18.71214 0.02711
56269.73557 18.61276 0.02477
56269.73682 18.64643 0.02657
56269.73796 18.71015 0.02583
56269.73911 18.71353 0.02663
56269.74036 18.70549 0.02644
56269.74147 18.70473 0.02672
56269.74272 18.69554 0.02683
56269.74391 18.60562 0.02577
56269.74502 18.71122 0.02589
56269.7462 18.67529 0.02783
56269.74734 18.72438 0.02788
56269.74846 18.69775 0.02612
56269.74961 18.68918 0.02666
56269.75074 18.67312 0.02714
56269.75201 18.66312 0.02723
56269.75316 18.65117 0.02724
56269.75429 18.70989 0.02724
56269.75553 18.72047 0.02802
56269.75665 18.64511 0.02686
56269.75779 18.61864 0.02733
56269.75895 18.70742 0.02815
56269.76008 18.66263 0.02713
56269.76123 18.79336 0.02853
56269.76235 18.72534 0.02873
56269.76348 18.69715 0.02802
56269.76459 18.63927 0.02768
56269.76573 18.63611 0.02757
56269.78036 18.67172 0.03295
56269.78151 18.65528 0.02851
56269.78271 18.64296 0.02815
56269.78391 18.65054 0.02921
56269.78511 18.62509 0.02806
56269.78751 18.6571 0.02762
56269.78876 18.67547 0.02894
56269.78989 18.68686 0.03013
56269.79108 18.64658 0.02882
56269.79227 18.68665 0.03073
56269.79356 18.69351 0.02971
56269.79478 18.69003 0.02923
56269.7959 18.66339 0.02954
56269.79701 18.65776 0.02952
56269.79816 18.76267 0.03004
56269.79928 18.59509 0.02987
56269.80041 18.69632 0.03062
56269.80156 18.69957 0.03046
56269.80276 18.68313 0.03002
56269.80404 18.63016 0.03069
56269.80517 18.65714 0.03103
56269.80638 18.7214 0.03123
56269.80752 18.67128 0.03132
56269.80866 18.68428 0.03094
56270.57931 18.65223 0.03222
56270.58058 18.63442 0.02957
56270.58188 18.63366 0.02979
56270.58305 18.71075 0.02878
56270.58429 18.66227 0.02849
56270.58556 18.66309 0.0269
56270.58671 18.70159 0.02719
56270.58798 18.68606 0.02771
56270.58926 18.69535 0.02619
56270.59051 18.68488 0.0266
56270.59176 18.69785 0.02677
56270.59301 18.6686 0.02627
56270.59588 18.66663 0.02688
56270.59719 18.70092 0.02614
56270.59846 18.70077 0.02619
56270.59973 18.62696 0.02508
56270.60101 18.65083 0.02598
56270.60229 18.65758 0.02555
56270.60361 18.67177 0.02595
56270.60484 18.64108 0.0264
56270.60617 18.6638 0.0273
56270.60868 18.66566 0.02593
56270.60993 18.65392 0.02571
56270.61121 18.73739 0.02656
56270.61244 18.6701 0.02693
56270.61368 18.66716 0.02689
56270.61481 18.58498 0.02439
56270.61593 18.6712 0.02468
56270.61713 18.69264 0.02587
56270.61835 18.70657 0.02636
56270.61963 18.67763 0.02583
56270.62082 18.65561 0.02537
56270.62212 18.65451 0.02508
56270.62324 18.63501 0.02599
56270.62438 18.6572 0.02574
56270.6255 18.68818 0.02659
56270.62668 18.69514 0.02658
56270.62781 18.62408 0.0265
56270.62895 18.71066 0.02798
56270.63017 18.6451 0.02562
56270.6313 18.69659 0.02528
56270.63259 18.6962 0.0255
56270.63372 18.68921 0.02588
56270.63484 18.67514 0.0265
56270.64581 18.7002 0.02918
56270.64713 18.65402 0.02479
56270.64825 18.68727 0.02611
56270.6495 18.69722 0.02519
56270.65082 18.6819 0.02615
56270.65222 18.63643 0.02611
56270.65336 18.65573 0.02544
56270.6545 18.65568 0.0261
56270.65562 18.63206 0.02569
56270.65697 18.64886 0.02541
56270.65832 18.68499 0.02613
56270.65959 18.68056 0.02654
56270.66092 18.6942 0.02661
56270.66217 18.68321 0.02533
56270.66351 18.73115 0.02603
56270.66477 18.65294 0.02581
56270.67891 18.64404 0.02824
56270.68008 18.65349 0.02539
56270.68122 18.70239 0.02568
56270.68243 18.68766 0.02578
56270.68382 18.69725 0.02619
56270.68508 18.74196 0.02579
56270.68653 18.64571 0.02449
56270.68784 18.67823 0.02547
56270.68912 18.66106 0.02453
56270.69114 18.63823 0.02577
56270.69232 18.64696 0.02592
56270.69365 18.71074 0.02513
56270.6948 18.59209 0.02449
56270.69617 18.6473 0.02619
56270.69746 18.65773 0.0254
56270.6986 18.68967 0.02616
56270.6999 18.6648 0.02569
56270.70121 18.64326 0.02509
56270.70235 18.65018 0.02541
56270.70349 18.65692 0.02486
56270.70482 18.67343 0.02638
56270.70613 18.69615 0.02527
56270.70726 18.69091 0.0255
56270.7086 18.67071 0.02559
56270.70972 18.68481 0.0247
56270.71103 18.68194 0.0261
56270.71235 18.69301 0.02556
56270.71347 18.67114 0.02615
56270.71481 18.67439 0.02658
56270.71608 18.6461 0.02699
56270.71722 18.57353 0.0251
56270.71853 18.68721 0.0262
56270.71967 18.67737 0.02629
56270.72098 18.66094 0.02641
56270.72302 18.64107 0.02561
56270.72439 18.66566 0.02587
56270.72553 18.65388 0.02681
56270.72665 18.68426 0.02633
56270.72793 18.69432 0.02769
56270.72927 18.66614 0.02568
56270.73043 18.6419 0.02579
56270.73161 18.61436 0.02523
56270.73292 18.73742 0.02787
56270.73506 18.70628 0.0262
56270.73622 18.69782 0.02685
56270.73753 18.66449 0.02657
56270.73887 18.69663 0.02758
56270.74001 18.63554 0.0264
56270.74126 18.62419 0.02636
56270.7424 18.64115 0.0271
56270.74369 18.62462 0.02644
56270.74498 18.63261 0.02697
56270.74609 18.66767 0.02834
56270.74744 18.65219 0.02666
56270.7486 18.68694 0.02849
56270.74995 18.69909 0.02716
56270.75121 18.68793 0.02866
56270.75241 18.63119 0.02577
56270.75372 18.69598 0.02778
56270.75502 18.65089 0.02748
56270.75706 18.73315 0.02851
56270.75826 18.69951 0.0278
56270.75948 18.75161 0.02888
56270.76078 18.62889 0.02847
56270.76208 18.68904 0.02906
56270.77223 18.6726 0.03316
56270.77464 18.68971 0.02963
56270.77775 18.65952 0.0289
56270.77887 18.66561 0.02925
56270.78012 18.67653 0.0295
56270.78147 18.65854 0.03068
56270.78273 18.67016 0.02875
56270.784 18.63219 0.03006
56270.78526 18.67155 0.03067
56270.78661 18.70212 0.03083
56270.78776 18.68005 0.02977
56270.7891 18.67832 0.0314
56270.79021 18.70947 0.03077
56270.79151 18.64708 0.03016
56270.7928 18.72402 0.03243
56270.79391 18.64588 0.03095
56270.79508 18.67252 0.03157
56270.79619 18.67894 0.03125
56270.7975 18.68248 0.02983
56270.79862 18.61395 0.03064
56270.79991 18.71024 0.03332
56270.80111 18.68126 0.03266
56270.80249 18.7537 0.03257
56270.80509 18.64332 0.03203
56270.80715 18.71722 0.03285
56270.80837 18.60758 0.03081
56270.80963 18.68668 0.03176
56271.71236 18.72955 0.03415
56271.74462 18.6653 0.03829
56272.64495 18.65761 0.02982
56272.7082 18.69295 0.03269
56273.60993 18.66 0.03193
56273.63946 18.71377 0.03414
56281.58737 18.76063 0.0453
56281.61668 18.74477 0.043
56282.58095 18.73852 0.04122
56282.61036 18.71621 0.03964
56282.62819 18.69722 0.03574
56297.58897 18.66893 0.03223
56297.59019 18.67559 0.03137
56297.5937 18.66601 0.02775
56297.59722 18.6474 0.02808
56297.59904 18.68289 0.02762
56297.60164 18.71526 0.02836
56297.60284 18.67646 0.03004
56297.6053 18.64052 0.02878
56297.61734 18.67046 0.03332
56297.61965 18.69398 0.02797
56297.62198 18.72368 0.02773
56297.62474 18.61367 0.02815
56297.62597 18.67768 0.02846
56297.62818 18.67162 0.0293
56297.63051 18.69279 0.02921
56297.63246 18.6753 0.02984
56297.6337 18.69659 0.02994
56297.63597 18.67406 0.03031
56297.63722 18.71105 0.02979
56297.63944 18.65518 0.03045
56297.64162 18.69288 0.02988
56297.64281 18.70377 0.03177
56297.64393 18.67153 0.02894
56297.64612 18.74895 0.03075
56297.64742 18.64978 0.02938
56297.64964 18.68756 0.0299
56297.65084 18.65736 0.02955
56297.65434 18.70846 0.03008
56297.65811 18.72128 0.03214
56297.65988 18.67521 0.03162
56297.66121 18.73122 0.03164
56297.66483 18.69834 0.02974
56297.66714 18.69442 0.02988
56297.67315 18.63882 0.02927
56297.67547 18.65884 0.03343
56297.67675 18.71027 0.03264
56297.67954 18.66318 0.03153
56297.68076 18.63224 0.03082
56297.6819 18.70196 0.03098
56297.68325 18.76771 0.03236
56297.68541 18.69108 0.03142
56297.68786 18.73453 0.03164
56297.69171 18.6686 0.03174
56297.69635 18.65141 0.03096
56297.69767 18.65383 0.03119
56297.70113 18.66879 0.03101
56297.70743 18.68643 0.03163
56297.71084 18.71135 0.0312
56297.71401 18.68991 0.03304
56297.71668 18.69825 0.03392
56297.7179 18.65193 0.03305
56297.72049 18.68533 0.03513
56297.72327 18.66518 0.03223
56297.72448 18.64931 0.03187
56297.72584 18.61984 0.03185
56297.72772 18.70527 0.03433
56297.72894 18.68958 0.03395
56297.74317 18.73316 0.04001
56297.74683 18.69148 0.03812
56297.74996 18.65277 0.03691
56297.75123 18.69695 0.03583
56297.75493 18.64562 0.037
56297.75709 18.63613 0.03888
56297.7583 18.7488 0.03931
56297.76047 18.63935 0.03772
56297.76167 18.63929 0.03731
56297.76388 18.64455 0.03991
56297.76506 18.7013 0.04082
56297.76834 18.65093 0.03892
56297.77069 18.65345 0.04042
56297.77185 18.72778 0.04214
56297.77383 18.67924 0.04184
56297.79199 18.67268 0.05403
56297.79318 18.5946 0.04432
56297.79645 18.74182 0.04941
56297.79838 18.70784 0.04866
56297.79953 18.73387 0.04895
56297.80077 18.6989 0.04867
56297.80192 18.70983 0.04941
56297.80312 18.70717 0.04973
56297.80437 18.67122 0.04931
56297.80564 18.69953 0.05066
56297.80864 18.60204 0.04932
56298.58895 18.7161 0.03909
56298.59013 18.61221 0.03895
56298.59235 18.68921 0.05496
56298.59354 18.76767 0.0539
56298.59724 18.6608 0.053
56298.59842 18.67171 0.05363
56298.60089 18.73994 0.05745
56298.6021 18.65467 0.05176
56298.60332 18.67474 0.04808
56298.60466 18.73147 0.05686
56298.60701 18.72868 0.05102
56298.60823 18.79206 0.0573
56298.61034 18.61911 0.05393
56298.61272 18.70756 0.05274
56298.61595 18.7043 0.0374
56298.61811 18.68579 0.03431
56298.62047 18.74377 0.03685
56298.62171 18.63618 0.04627
56298.62426 18.68244 0.03335
56298.62643 18.64252 0.04026
56298.62762 18.64109 0.04439
56298.63098 18.6922 0.04149
56298.63219 18.73694 0.04024
56298.63473 18.75377 0.04181
56298.63687 18.65328 0.03623
56298.63807 18.77427 0.04487
56298.63935 18.69661 0.04259
56298.64364 18.68517 0.03158
56298.64578 18.72123 0.0371
56298.64695 18.72285 0.04053
56298.6481 18.68641 0.03408
56298.65082 18.63707 0.04026
56298.65294 18.65639 0.03404
56298.65509 18.68809 0.03015
56298.65745 18.70552 0.04562
56298.65865 18.65964 0.03077
56298.66081 18.62914 0.03085
56298.66198 18.67163 0.02928
56298.66411 18.68579 0.0329
56298.66639 18.64712 0.03208
56298.6699 18.70184 0.03094
56298.68256 18.69717 0.03984
56298.68492 18.67486 0.04156
56298.68729 18.7318 0.05622
56298.68852 18.67678 0.06612
56298.6908 18.73182 0.10016
56301.59099 18.62107 0.03008
56302.62153 18.64203 0.04129
56305.59416 18.68355 0.03064
56305.62276 18.70555 0.03079
56307.60089 18.87259 0.04997
56307.63151 18.64247 0.03656
56308.60019 18.67628 0.03964
56308.63015 18.74015 0.05001
56310.60466 18.68336 0.0403
56310.63503 18.66852 0.03993
56311.59823 18.70233 0.03933
56311.62777 18.65843 0.04426
56312.59699 18.85118 0.05718
56312.63396 18.74045 0.06035
56313.60478 18.64521 0.03815
56313.63593 18.71046 0.04434
56314.61498 18.75915 0.04662
56314.64504 18.78058 0.05583
56322.60046 18.74455 0.04254
56322.63022 18.74879 0.04113
56323.59943 18.72906 0.03863
56323.60059 18.75089 0.03894
56323.60172 18.73335 0.0351
56323.60284 18.62632 0.03279
56323.60396 18.61418 0.03391
56323.60508 18.69921 0.03302
56323.60621 18.6639 0.0339
56323.60734 18.61065 0.03184
56323.60846 18.61426 0.03205
56323.60959 18.67557 0.03415
56323.61071 18.73021 0.0339
56323.61183 18.77751 0.03485
56323.61297 18.67832 0.03387
56323.61409 18.65803 0.03373
56323.61521 18.68213 0.03432
56323.61635 18.66962 0.03424
56323.61747 18.70428 0.03193
56323.61859 18.62328 0.03311
56323.61971 18.74355 0.03451
56323.62085 18.67865 0.03412
56323.62197 18.68737 0.03268
56323.62309 18.67528 0.03425
56323.62423 18.68775 0.0355
56323.62535 18.69249 0.03392
56323.62647 18.72766 0.03403
56323.62759 18.73024 0.0355
56323.62872 18.71538 0.03546
56323.62985 18.66197 0.03431
56323.63097 18.69862 0.03463
56323.6321 18.63593 0.03505
56323.63322 18.71653 0.03485
56323.63435 18.72707 0.03606
56323.63549 18.65944 0.03649
56323.63661 18.74181 0.03554
56323.63773 18.71438 0.03713
56323.63887 18.67527 0.03567
56323.63999 18.74233 0.03551
56323.64112 18.69783 0.03292
56323.64225 18.73277 0.0354
56323.64338 18.67328 0.03501
56323.6445 18.71969 0.03523
56323.64563 18.66058 0.03595
56323.64676 18.61727 0.03343
56323.64789 18.64213 0.03477
56323.64902 18.66224 0.03462
56323.65014 18.74535 0.0381
56323.65127 18.67339 0.03562
56323.6524 18.70476 0.03701
56323.65352 18.61954 0.03564
56323.65465 18.66306 0.0366
56323.65577 18.63824 0.03651
56323.65691 18.68184 0.03719
56323.65803 18.77112 0.0376
56323.65917 18.65617 0.03791
56323.66029 18.68316 0.04121
56323.66142 18.6983 0.03956
56323.66255 18.77814 0.04033
56323.66367 18.68711 0.03953
56323.6648 18.69918 0.03911
56323.66594 18.66101 0.0402
56323.66706 18.69075 0.04471
56323.66819 18.71692 0.0422
56323.66932 18.79041 0.04513
56323.67045 18.7592 0.04462
56323.67158 18.70171 0.03991
56323.67271 18.73697 0.04129
56323.67384 18.59323 0.03754
56323.67496 18.52425 0.03754
56323.67613 18.70516 0.04171
56323.67725 18.75298 0.04359
56323.67838 18.83756 0.04796
56323.67951 18.60622 0.04143
56323.68065 18.68882 0.04232
56323.68177 18.70517 0.04353
56323.6829 18.74949 0.04361
56323.68402 18.68754 0.04179
56323.68516 18.57241 0.04514
56323.68628 18.70703 0.0469
56323.68742 18.76056 0.0435
56323.68855 18.71152 0.0435
56323.68967 18.6451 0.04081
56323.69081 18.80394 0.04638
56323.69194 18.69614 0.04499
56323.69306 18.65005 0.04418
56323.6942 18.70224 0.05481
56323.69532 18.68518 0.04873
56323.69644 18.72698 0.04692
56323.69758 18.65017 0.04804
56323.6987 18.77707 0.05063
56323.69982 18.56379 0.0499
56323.70094 18.66614 0.0527
56323.70208 18.61668 0.04875
56323.7032 18.67871 0.05446
56323.70434 18.74153 0.05194
56323.70546 18.81277 0.05622
56323.70659 18.74496 0.05719
56323.70772 18.75483 0.05866
56323.70887 18.71357 0.06358
56323.71001 18.73341 0.06906
56323.71114 18.87683 0.06534
56323.7134 18.61772 0.06734
56323.71453 18.76726 0.07202
56323.71565 18.79045 0.0849
56323.71679 18.71284 0.08989
56323.71791 18.87341 0.07548
56323.71905 18.88049 0.07924
56323.7213 18.77437 0.08153
56323.72356 18.87164 0.08456
56323.72468 18.64488 0.07248
56323.72582 18.78429 0.07567
56323.72695 18.88601 0.10104
56323.72921 18.86964 0.08659
56323.73034 18.74122 0.09296
56323.73259 18.72911 0.10312
56323.73372 18.64712 0.09
56323.73485 18.63279 0.08459
56324.6344 18.69706 0.03591
56324.67356 18.71883 0.0385
56328.60109 18.7292 0.03922
56328.63041 18.71194 0.03146
56329.6158 18.70222 0.04408
56330.60568 18.78373 0.03465
56330.63442 18.61783 0.03542
56336.60557 18.70056 0.04012
56336.6347 18.7531 0.04661
56337.61678 18.73346 0.03753
56337.646 18.68514 0.04092
56340.62168 18.65781 0.04389
56340.65261 18.66183 0.05302
56341.63432 18.67369 0.04666
56342.61542 18.68807 0.05443
56342.64414 18.73508 0.06275
56432.97832 18.84444 0.0701
56433.97522 18.7183 0.04993
56434.97306 18.61732 0.0561
56440.95678 18.80773 0.10027
56442.95121 18.74048 0.05956
56443.94843 18.77032 0.04955
56444.94545 18.85947 0.06436
56444.97977 18.67925 0.0802
56446.9404 18.70959 0.04744
56446.9746 18.6539 0.05225
56447.93827 18.70369 0.03908
56447.97245 18.57831 0.04334
56448.93551 18.57736 0.03365
56448.97043 18.67159 0.04423
56449.9322 18.60004 0.0333
56449.96744 18.64596 0.03483
56450.93056 18.68395 0.03628
56450.96471 18.71918 0.03887
56451.92757 18.6597 0.03803
56451.96268 18.73798 0.03817
56452.92487 18.64083 0.03375
56452.95905 18.63712 0.03281
56453.9223 18.67174 0.04018
56453.95718 18.72769 0.042
56454.91904 18.65091 0.03792
56454.9531 18.62035 0.03245
56455.91706 18.68634 0.03823
56455.95123 18.64322 0.03204
56456.91361 18.58872 0.03777
56456.94859 18.61842 0.03216
56457.91086 18.60251 0.03781
56457.9457 18.72902 0.03695
56458.90893 18.65936 0.03603
56458.94334 18.68845 0.03091
56459.90596 18.64621 0.03861
56459.94092 18.66069 0.03527
56460.9034 18.63768 0.03441
56460.93791 18.57198 0.03007
56461.90107 18.63487 0.03566
56461.93811 18.6633 0.03182
56462.89824 18.68977 0.04064
56462.93439 18.71686 0.03796
56463.89576 18.6424 0.05422
56463.93218 18.61063 0.03285
56469.87982 18.75341 0.06096
56469.91685 18.5959 0.04865
56471.87375 18.6056 0.06447
56471.91001 18.69112 0.05203
56473.86804 18.66765 0.09963
56473.90477 18.77509 0.07089
56475.86334 18.69519 0.06791
56475.9008 18.65245 0.05177
56476.86102 18.68466 0.06755
56476.89765 18.73014 0.05865
56477.85777 18.7043 0.09017
56485.83631 18.63329 0.03817
56486.83403 18.62203 0.03506
56486.87106 18.63231 0.03333
56488.83006 18.68252 0.04013
56488.86647 18.63576 0.03341
56489.82698 18.68966 0.04205
56489.86366 18.67965 0.03354
56491.8581 18.77844 0.06618
56498.802 18.74181 0.07336
56498.83888 18.87614 0.07112
56502.79167 18.78554 0.04448
56502.82864 18.7204 0.04304
56503.78903 18.68573 0.03622
56503.82769 18.58953 0.03474
56504.82017 18.67554 0.03806
56504.86992 18.7488 0.03477
56504.90811 18.6872 0.03143
56505.81768 18.71738 0.03828
56505.9509 18.68487 0.03161
56505.98842 18.682 0.0381
56506.89349 18.65088 0.03672
56507.80198 18.70669 0.03536
56507.84712 18.63331 0.03027
56507.99891 18.70565 0.0342
56508.90167 18.71748 0.02534
56509.79634 18.58142 0.03045
56509.83877 18.62969 0.02791
56510.8262 18.65784 0.02724
56511.79111 18.72912 0.03099
56511.84089 18.65005 0.02835
56512.78788 18.70526 0.03841
56512.82519 18.71442 0.03253
56513.78624 18.69055 0.03221
56513.82352 18.67696 0.0274
56514.7834 18.62215 0.03204
56514.82081 18.62375 0.02773
56515.78106 18.69788 0.03445
56515.82231 18.71943 0.03045
56516.77774 18.71533 0.03029
56516.81437 18.68325 0.02561
56517.77605 18.69452 0.0329
56517.81715 18.66267 0.02569
56517.97309 18.71689 0.02538
56518.87478 18.69391 0.0276
56518.96686 18.67536 0.02723
56519.00311 18.69502 0.0298
56519.90443 18.7055 0.02459
56519.96504 18.6858 0.02314
56520.00171 18.65192 0.0261
56520.90327 18.67906 0.02506
56520.95521 18.67467 0.0252
56520.99262 18.63357 0.02443
56521.89446 18.69953 0.02772
56521.95772 18.6539 0.02674
56521.99393 18.73696 0.0254
56527.76434 18.79462 0.11005
56527.80142 18.76786 0.0824
56528.72198 18.74433 0.09924
56528.81982 18.87368 0.06169
56528.87422 18.84834 0.06025
56529.90241 18.70916 0.04917
56529.93849 18.66321 0.0555
56529.97462 18.67692 0.05539
56532.71221 18.69753 0.04061
56532.85928 18.66444 0.03122
56532.89645 18.65975 0.02912
56533.79895 18.66543 0.02888
56533.93493 18.70795 0.02965
56533.97228 18.68676 0.03003
56537.84525 18.66175 0.02386
56537.9874 18.70515 0.02494
56539.69386 18.69353 0.04165
56539.88447 18.66964 0.02429
56539.9215 18.65984 0.0247
56540.97669 18.63804 0.02462
56541.6883 18.64022 0.03967
56542.96698 18.62815 0.02739
56543.00294 18.67747 0.03011
56543.97085 18.65768 0.02772
56544.00787 18.68111 0.02849
56546.67441 18.7412 0.04343
56546.75907 18.662 0.02953
56546.94639 18.64701 0.02599
56547.84788 18.69529 0.02763
56548.0057 18.67297 0.02748
56548.66959 18.72314 0.05366
56548.70582 18.66459 0.04346
56548.74172 18.68095 0.03973
56549.66591 18.52484 0.04787
56549.70273 18.67362 0.0567
56549.73967 18.77943 0.04083
56550.66388 18.59149 0.06946
56550.6994 18.70728 0.05194
56550.73216 18.679 0.04622
56551.66063 18.61465 0.06404
56551.72202 18.76334 0.05201
56551.75862 18.71836 0.04582
56552.66117 18.74627 0.06932
56552.71291 18.84968 0.06591
56552.74635 18.69672 0.05342
56561.66061 18.75809 0.03467
56561.89034 18.70135 0.04445
56561.92356 18.66441 0.04034
56562.93459 18.64807 0.03204
56563.02169 18.73615 0.04725
56563.6524 18.71687 0.03753
56563.6893 18.66788 0.03767
56563.77494 18.6721 0.03006
56564.72602 18.73043 0.03702
56564.99301 18.7359 0.03464
56565.02672 18.71895 0.03934
56565.92832 18.67475 0.0314
56565.98151 18.72014 0.03554
56566.01544 18.70015 0.03734
56566.91724 18.67105 0.02846
56566.96287 18.63795 0.02907
56566.99591 18.7251 0.03449
56567.8986 18.70266 0.02603
56567.96702 18.70265 0.02635
56568.00039 18.69323 0.03003
56568.90245 18.68225 0.0259
56568.96343 18.75879 0.02907
56568.99843 18.75037 0.03476
56569.90084 18.71487 0.02852
56569.99803 18.58049 0.03396
56570.03082 18.86692 0.04854
56571.62526 18.81616 0.05311
56571.69052 18.79589 0.0524
56571.72419 18.81114 0.05328
56572.62632 18.73058 0.04177
56572.66032 18.701 0.03398
56572.69287 18.77392 0.04313
56573.61429 18.63625 0.04234
56573.64765 18.63085 0.03544
56573.77817 18.67842 0.02866
56576.83948 18.65873 0.02627
56577.00541 18.70351 0.04091
56577.60601 18.71969 0.05486
56577.63144 18.74937 0.05115
56577.77306 18.62529 0.03205
56578.67217 18.60805 0.03743
56578.69674 18.7277 0.03756
56578.75347 18.76498 0.03459
56579.73584 18.72286 0.03902
56579.85963 18.67706 0.03857
56579.88516 18.75996 0.03922
56580.7875 18.81148 0.04225
56580.8553 18.70414 0.04424
56580.88022 18.77004 0.04437
56581.78167 18.67844 0.06785
56581.83883 18.76003 0.0579
56581.86464 18.76975 0.05837
56587.62864 18.57722 0.03264
56587.78993 18.64898 0.04497
56587.81475 18.74571 0.04536
56588.71625 18.71337 0.05664
56588.86644 18.60766 0.05454
56588.89281 18.78886 0.06344
56589.79481 18.68109 0.03214
56589.81959 18.66954 0.03307
56589.84642 18.70606 0.03474
56590.76387 18.67021 0.03229
56590.8749 18.67152 0.03264
56590.89969 18.68904 0.03431
56591.80204 18.70744 0.05401
56591.86057 18.63816 0.03108
56591.88508 18.68733 0.03386
56592.81972 18.7028 0.02859
56592.91348 18.69875 0.03487
56592.93852 18.62235 0.03673
56596.59731 18.79257 0.04052
56596.81771 18.66673 0.03665
56596.84238 18.66342 0.03228
56597.74425 18.63913 0.03339
56597.82393 18.6748 0.03825
56597.84943 18.64982 0.04092
56598.75163 18.77072 0.03358
56598.82179 18.6911 0.03724
56598.84855 18.69264 0.03567
56599.75014 18.66103 0.02775
56599.79577 18.6929 0.02768
56599.82112 18.67628 0.03005
56600.77441 18.69437 0.02946
56600.8753 18.63328 0.03345
56602.59024 18.68419 0.04678
56602.75501 18.70578 0.04969
56602.78065 18.73653 0.04903
56603.68227 18.60273 0.03386
56603.74296 18.68076 0.03555
56603.81581 18.55804 0.02943
56604.73691 18.70481 0.0299
56604.92616 18.71326 0.03541
56605.64733 18.65337 0.03006
56605.67213 18.66076 0.03151
56606.60932 18.74814 0.04472
56606.64241 18.73644 0.06776
56607.82225 18.69188 0.04184
56607.84927 18.66249 0.03432
56608.75086 18.70607 0.04363
56608.81398 18.6918 0.04432
56608.84048 18.63353 0.0568
56609.8617 18.63462 0.05211
56609.88847 18.74761 0.05747
56621.79766 18.69314 0.03448
56622.58588 18.63013 0.03176
56623.58717 18.7625 0.04729
56624.57999 18.64868 0.03432
56624.60429 18.65719 0.03212
56625.70494 18.66496 0.02878
56625.74386 18.74026 0.03075
56626.64578 18.64079 0.03063
56626.67007 18.67501 0.02925
56627.83411 18.58663 0.121
56628.73144 18.68785 0.0321
56628.76212 18.61845 0.03198
56637.58042 18.66906 0.04271
56637.60549 18.5466 0.0417
56639.58002 18.7344 0.05689
56639.60438 18.74938 0.0523
56640.58279 18.57066 0.05083
56640.61699 18.68188 0.05508
56648.58277 18.64302 0.03666
56648.61266 18.66987 0.03647
56649.60387 18.69001 0.0351
56650.58762 18.6511 0.03651
56653.61955 18.79523 0.04587
56658.58519 18.63696 0.02946
56658.62914 18.64147 0.02842
56659.58605 18.63605 0.02971
56659.61086 18.60475 0.02753
56660.58569 18.67712 0.03188
56660.61029 18.67292 0.02946
56661.58623 18.76041 0.10763
56662.58587 18.68644 0.03711
56662.61038 18.78943 0.04366
56663.59143 18.66881 0.03223
56663.6171 18.66576 0.02997
56664.6104 18.73643 0.04549
56668.61177 18.62345 0.04411
56669.61423 18.6167 0.05674
56670.58877 18.75832 0.07
56670.61422 18.70453 0.09273
56675.5969 18.70387 0.03236
56675.6459 18.6484 0.04637
56676.59181 18.77816 0.03499
56676.61781 18.66338 0.03238
56677.60718 18.53753 0.07332
56678.61458 18.6522 0.03129
56678.64019 18.66304 0.03192
56680.60724 18.73657 0.03554
56683.59693 18.67472 0.033
56683.63252 18.6806 0.03092
56685.59847 18.7345 0.05719
56685.6471 18.73545 0.04313
56686.63379 18.65666 0.06743
56687.59886 18.64773 0.03331
56687.64144 18.65515 0.03737
56690.60286 18.66602 0.03827
56690.64549 18.67886 0.03609
56697.60505 18.73352 0.04592
56699.60928 18.77977 0.05755
56816.96412 18.66994 0.04492
56816.97531 18.74664 0.0567
56817.96427 18.7496 0.03991
56817.97654 18.79331 0.06999
56818.96227 18.80955 0.03522
56818.97512 18.71439 0.04847
56819.96647 18.72324 0.07121
56819.97765 18.89227 0.08615
56820.96625 18.85357 0.06589
56821.96237 18.69591 0.0888
56821.9727 18.94897 0.0847
56822.96143 18.8138 0.0638
56822.97681 18.92745 0.08424
56823.96094 18.81879 0.07024
56823.97346 18.87456 0.06911
56824.96428 18.79444 0.05317
56824.97573 18.79584 0.05549
56825.96455 18.86771 0.05659
56825.97592 18.91441 0.07793
56826.96127 18.77128 0.05009
56826.97472 18.71023 0.0763
56827.96384 18.77829 0.04322
56827.97622 18.78152 0.06148
56828.9654 18.8186 0.0402
56828.97804 18.89679 0.05924
56829.96383 18.73991 0.03436
56829.97653 18.81322 0.04366
56830.96102 18.80251 0.03534
56830.97338 18.75437 0.03939
56831.96161 18.77156 0.03084
56831.97427 18.77256 0.04121
56832.9648 18.76886 0.03128
56832.97563 18.75805 0.03555
56833.96568 18.78214 0.03296
56833.97644 18.78529 0.04421
56834.96484 18.78345 0.03235
56834.9776 18.80003 0.04491
56835.96569 18.74155 0.03892
56835.97723 18.73097 0.05145
56836.96625 18.81938 0.02931
56836.97711 18.82555 0.04007
56837.96638 18.77381 0.03029
56837.98211 18.85215 0.0531
56838.96389 18.64997 0.02738
56838.9786 18.78132 0.04672
56839.96511 18.77646 0.02841
56839.97834 18.81927 0.04235
56840.96951 18.74344 0.03319
56840.98137 18.73141 0.04531
56841.96857 18.76438 0.0298
56841.98075 18.74188 0.04571
56844.96636 18.74613 0.03252
56844.97887 18.78088 0.03562
56845.96726 18.81564 0.02924
56845.98002 18.82039 0.03226
56846.96666 18.7484 0.02811
56846.98115 18.74827 0.03138
56847.96648 18.75497 0.02722
56847.98151 18.75541 0.03092
56848.96743 18.74969 0.0271
56848.98312 18.76122 0.03895
56849.96813 18.75666 0.05093
56849.98235 18.90592 0.05644
56850.96941 18.78892 0.0756
56850.98368 18.67305 0.07794
56851.97048 18.84195 0.05423
56851.98675 18.66403 0.05385
56854.96165 18.89195 0.0452
56854.98771 18.73976 0.04541
56855.96071 18.82505 0.04122
56855.98393 18.91288 0.04633
56856.98328 18.75704 0.05249
56858.96243 18.80651 0.03037
56858.98507 18.83628 0.03221
56859.96515 18.76978 0.02853
56859.98697 18.86053 0.03497
56861.96231 18.7919 0.031
56861.98508 18.84137 0.03037
56862.9659 18.73734 0.0296
56862.98227 18.81907 0.0312
56863.94981 18.80945 0.02773
56864.94576 18.84027 0.03278
56864.96947 18.80499 0.04028
56865.92975 18.83453 0.04826
56865.96089 18.81103 0.02645
56867.98799 18.76491 0.0298
56868.96536 18.75797 0.03
56868.98567 18.82757 0.03101
56869.96092 18.77445 0.02745
56869.98231 18.79724 0.02784
56870.96467 18.7927 0.02639
56870.98635 18.7213 0.02741
56874.97428 18.77755 0.02683
56874.99622 18.80868 0.0298
56875.98151 18.74559 0.03015
56875.99752 18.81602 0.0333
56876.91773 18.83727 0.02796
56876.94717 18.80858 0.02555
56877.9745 18.76704 0.02658
56877.9957 18.86615 0.02898
56878.00741 18.79247 0.05339
56879.92838 18.81797 0.05165
56879.95816 18.87883 0.05396
56880.9882 18.9367 0.06349
56882.98848 18.82338 0.07066
56883.9421 18.77769 0.04635
56883.98158 18.78472 0.04511
56884.99956 18.84522 0.04138
56885.96448 18.71191 0.03541
56885.98159 18.7739 0.03576
56886.91453 18.78049 0.03427
56886.94264 18.80363 0.03393
56887.91623 18.79632 0.0309
56887.94902 18.7778 0.03035
56888.86519 18.82006 0.02545
56888.89905 18.81354 0.02727
56888.91008 18.73524 0.02664
56888.94196 18.84463 0.02731
56890.94091 18.83689 0.02845
56890.97479 18.75826 0.02989
56895.83087 18.76418 0.03389
56895.86667 18.74135 0.04165
56972.71463 18.98868 0.043
56972.73749 18.92963 0.04374
56978.74407 18.89022 0.039
56978.79927 18.90983 0.06291
56979.72374 18.92982 0.05317
56980.71766 18.86353 0.03732
56980.83416 18.87724 0.04159
56981.71538 18.88585 0.03777
56981.77818 18.87866 0.03888
56984.71333 18.88903 0.05156
56984.78092 18.82919 0.05413
56986.72544 18.92071 0.0407
56986.79095 18.86578 0.04737
56987.70535 18.83669 0.03993
56987.76948 18.86152 0.04281
56988.66321 18.86734 0.04085
56989.60286 18.93955 0.04118
56989.66828 18.95027 0.03902
56990.59847 18.88247 0.04353
56990.66232 18.89373 0.03741
56991.66882 18.87052 0.10351
57555.93989 18.91887 0.04277
57555.96363 18.99485 0.04402
57564.94449 19.01547 0.0602
57564.95195 19.14206 0.06872
57565.94418 19.0937 0.05346
57567.951 19.10562 0.05118
57567.97572 19.04715 0.05578
57568.92119 19.02246 0.0458
57568.97479 18.97146 0.05017
57569.92685 18.98795 0.0409
57570.93954 18.97308 0.03781
57571.91515 18.99784 0.04303
57571.96845 18.92029 0.04189
57572.94 18.93136 0.03844
57572.961 18.98737 0.04178
57573.95955 18.99031 0.03747
57573.98653 18.93462 0.07778
57574.96997 18.93443 0.04422
57575.96076 18.93349 0.03644
57576.95096 19.02428 0.03793
57577.97714 18.99433 0.04411
57578.93031 18.93806 0.03862
57579.93833 18.96964 0.03612
57579.96636 19.02893 0.03935
57580.94991 18.91586 0.03774
57580.97641 18.93673 0.04046
57581.93908 18.92478 0.03469
57581.96061 18.89691 0.03348
57582.96612 18.95747 0.03337
57582.9889 19.03798 0.0619
57583.93612 18.90404 0.03394
57583.97225 19.0319 0.0351
57584.92871 18.87061 0.03447
57584.97404 18.94355 0.03393
57585.92275 18.94857 0.04154
57585.96134 18.89727 0.03507
57586.91575 19.00706 0.05762
