#mjd mag magerr
61.92501 18.55919 0.02353
61.95573 18.56402 0.02293
63.91987 18.6109 0.02521
63.9639 18.55701 0.02391
64.92128 18.6661 0.03656
64.9656 18.62078 0.03711
66.91014 18.616 0.02776
66.95474 18.60284 0.03041
67.91649 18.68839 0.0379
67.96099 18.68687 0.03827
69.90324 18.58309 0.02872
69.94786 18.58952 0.02525
80.87449 18.68995 0.05947
84.86328 18.61115 0.0452
87.85609 18.62944 0.02604
87.90101 18.58068 0.02469
88.96983 18.63581 0.02504
89.01521 18.56284 0.02558
89.94574 18.55829 0.02573
89.99042 18.58232 0.02673
93.83741 18.56495 0.02592
93.88196 18.61489 0.02595
96.8292 18.57979 0.02576
97.00858 18.60519 0.02962
107.79764 18.58087 0.05281
114.88125 18.66416 0.03341
114.92522 18.52521 0.08864
119.89538 18.5795 0.02957
119.95365 18.64492 0.0314
123.75696 18.64132 0.02661
123.81523 18.6106 0.02597
126.97957 18.69912 0.0384
127.83329 18.65906 0.02927
127.87706 18.62467 0.03169
135.82555 18.67706 0.05435
135.86926 18.67536 0.06723
138.71472 18.69 0.06074
138.75871 18.71381 0.07212
142.7036 18.66005 0.02895
142.75219 18.64131 0.03473
144.77886 18.60618 0.02821
144.82305 18.66837 0.03204
151.72943 18.71166 0.03231
151.77257 18.60452 0.02889
166.70473 18.72311 0.05891
168.63378 18.59891 0.04836
168.6775 18.59957 0.04783
175.61224 18.57273 0.02516
175.65684 18.61886 0.02461
181.63825 18.6528 0.03774
183.59204 18.62848 0.04973
183.64253 18.67666 0.03104
189.58054 18.65494 0.03782
189.62557 18.59699 0.03337
194.59026 18.54129 0.05959
199.58559 18.62489 0.02961
201.58642 18.68037 0.08324
202.58667 18.66644 0.04297
203.71441 18.61579 0.0386
203.75743 18.69617 0.03998
207.63092 18.61427 0.03187
207.67514 18.67277 0.02944
209.5968 18.68216 0.02605
209.64149 18.67439 0.02638
213.63312 18.60799 0.04637
213.6798 18.65627 0.05252
377.89535 18.65176 0.04924
379.8591 18.66282 0.0452
379.92482 18.58326 0.035
380.87684 18.68549 0.04896
380.92078 18.60365 0.04441
381.89606 18.55626 0.03311
381.93934 18.5881 0.03059
384.82671 18.57294 0.0289
384.87028 18.5444 0.02683
385.87021 18.59636 0.02638
385.91339 18.57725 0.02419
386.86524 18.58447 0.02805
386.90867 18.59542 0.02699
387.87002 18.65924 0.03787
387.91342 18.70453 0.03506
388.86609 18.64912 0.0348
388.91005 18.56668 0.02561
390.80957 18.62821 0.03661
390.85393 18.67094 0.03212
391.80613 18.65012 0.04225
391.87538 18.59796 0.02857
392.83258 18.67292 0.03782
392.87538 18.67309 0.03382
394.79908 18.69011 0.03875
394.8431 18.62445 0.0309
395.79551 18.66208 0.05104
395.84215 18.68016 0.03908
396.79527 18.5944 0.04788
396.83932 18.60577 0.03117
397.83526 18.67187 0.03981
398.83124 18.62835 0.04089
399.78802 18.63841 0.06199
399.83261 18.71857 0.05606
400.78534 18.61539 0.0664
400.8289 18.6071 0.04942
401.78133 18.60035 0.0666
401.82518 18.58016 0.0588
402.77979 18.6111 0.11095
402.8246 18.54407 0.06545
403.81973 18.675 0.06429
404.77424 18.63168 0.07168
404.84266 18.64427 0.05685
405.8416 18.6423 0.05903
407.7691 18.67654 0.07501
407.83003 18.66331 0.05735
411.79896 18.62265 0.04112
412.75232 18.67224 0.06087
413.75577 18.69953 0.06993
413.79945 18.70105 0.05867
414.79555 18.53249 0.04083
415.75266 18.55527 0.0572
415.79727 18.70933 0.07739
416.79342 18.54338 0.04143
417.84511 18.69978 0.06661
418.84121 18.55592 0.03821
419.75121 18.61192 0.06989
419.79504 18.55659 0.04228
420.78929 18.68944 0.06807
420.83264 18.61853 0.04391
421.73664 18.62108 0.0326
421.79901 18.53348 0.02446
422.75115 18.58454 0.03158
422.79487 18.6331 0.02756
423.74742 18.55931 0.02924
423.79284 18.53626 0.0253
424.75349 18.67622 0.04355
424.80178 18.6643 0.03357
425.76166 18.58974 0.03999
425.80573 18.59114 0.02905
426.80123 18.64527 0.04441
426.8444 18.59475 0.03569
427.79708 18.56903 0.04038
427.8408 18.56894 0.03421
428.79281 18.54552 0.03646
428.83703 18.60165 0.03477
429.8142 18.619 0.04222
429.85716 18.59502 0.04238
430.75769 18.61628 0.04879
430.80485 18.68584 0.04477
431.75639 18.64567 0.05507
431.80024 18.60255 0.05416
432.73907 18.52958 0.06243
432.78359 18.60013 0.05522
434.69401 18.55168 0.09321
435.69148 18.59984 0.08761
436.88575 18.6806 0.04611
436.88891 18.5716 0.04547
436.8919 18.53196 0.04413
436.89501 18.67367 0.04624
436.89797 18.55525 0.04545
436.90109 18.53261 0.04946
436.9042 18.64857 0.04944
436.90728 18.60008 0.04869
436.91041 18.67002 0.04861
436.91351 18.62408 0.05094
436.91641 18.64523 0.05221
436.91931 18.61527 0.05065
436.92221 18.55139 0.04773
436.92514 18.60123 0.05254
436.92806 18.5659 0.05731
436.93413 18.57105 0.04931
436.93703 18.57578 0.04758
436.93974 18.60858 0.04506
436.94297 18.63571 0.0551
436.94613 18.61312 0.04686
436.94915 18.56178 0.04465
436.95231 18.55735 0.04585
436.9553 18.50231 0.04201
436.96116 18.6311 0.04553
436.96671 18.52774 0.04576
438.88857 18.53673 0.04452
438.89169 18.61909 0.04308
438.89485 18.58749 0.03901
438.89798 18.58651 0.04064
438.90086 18.62295 0.03867
438.90371 18.63436 0.0385
438.9065 18.60371 0.03822
438.90927 18.61432 0.03723
438.91204 18.60279 0.03974
438.91487 18.62424 0.03876
438.91763 18.58327 0.0409
438.92084 18.63171 0.04543
438.92394 18.57808 0.04298
438.92672 18.66258 0.04633
438.92954 18.58526 0.04643
438.93259 18.63792 0.04635
438.93551 18.65155 0.04671
438.93833 18.6115 0.04268
438.94106 18.60627 0.04154
438.94411 18.57718 0.04307
438.94678 18.50739 0.04514
438.95913 18.63995 0.04305
438.96141 18.59735 0.04315
440.87507 18.62996 0.0317
440.87823 18.64345 0.03032
440.88428 18.58337 0.02933
440.88675 18.59801 0.03003
440.8894 18.62274 0.02917
440.89205 18.58282 0.03053
440.89518 18.64889 0.03043
440.89832 18.58495 0.03046
440.90145 18.58615 0.03049
440.90439 18.63637 0.03214
440.90729 18.6034 0.03128
440.91025 18.6245 0.03155
440.91316 18.61768 0.03066
440.91591 18.61097 0.03223
440.9187 18.58988 0.03217
440.92149 18.60576 0.03134
440.92426 18.62718 0.0295
440.93095 18.61511 0.03106
440.93364 18.58504 0.02937
440.93623 18.64543 0.03104
440.9395 18.58805 0.03274
440.94264 18.57555 0.03101
440.94582 18.629 0.03188
440.94883 18.59046 0.03085
440.95182 18.58574 0.0319
440.95489 18.58239 0.02987
440.95791 18.62223 0.03277
441.87301 18.64335 0.02544
441.87592 18.56462 0.02445
441.88645 18.61366 0.02656
441.88962 18.54068 0.02383
441.89254 18.63598 0.02531
441.89542 18.59504 0.02646
441.89828 18.5989 0.0261
441.90107 18.54758 0.0255
441.9037 18.61504 0.02521
441.90634 18.64971 0.02577
441.90906 18.57086 0.02538
441.9118 18.63712 0.02471
441.91445 18.60476 0.02523
441.91722 18.61997 0.02475
441.91981 18.609 0.02794
441.92242 18.61225 0.02669
441.92546 18.59614 0.02539
441.9281 18.55842 0.02553
441.93183 18.59218 0.02543
441.93458 18.53938 0.02475
441.93727 18.58475 0.02572
441.94048 18.55343 0.02534
441.94326 18.57615 0.02462
441.94546 18.62525 0.02644
441.94852 18.5388 0.02496
441.95194 18.5805 0.02497
441.95469 18.57773 0.02508
441.95786 18.56437 0.02454
441.96081 18.57244 0.02643
441.96392 18.55696 0.02641
441.96715 18.54661 0.02448
441.97012 18.62106 0.02494
441.97294 18.56914 0.025
441.97532 18.5583 0.0251
441.97757 18.56315 0.02563
441.9798 18.57628 0.02593
441.9835 18.59924 0.0247
441.9863 18.57438 0.02712
441.98852 18.53956 0.0265
441.99078 18.58327 0.02731
441.99382 18.58994 0.02635
442.00593 18.62307 0.02872
442.00906 18.60093 0.03025
442.01216 18.52334 0.0291
442.01486 18.63702 0.03332
442.01753 18.60927 0.03957
442.02226 18.63228 0.05319
442.70382 18.64087 0.03683
442.70734 18.6098 0.03615
442.71097 18.6369 0.0358
442.71448 18.65583 0.03578
442.71808 18.57187 0.03485
442.72527 18.64532 0.03468
442.73272 18.6253 0.03459
442.74184 18.60953 0.03303
442.74882 18.62505 0.03344
442.75572 18.63144 0.03403
442.76147 18.61896 0.03214
442.76615 18.60408 0.03415
442.77616 18.60978 0.0331
442.78135 18.61406 0.03114
442.78615 18.63993 0.03133
442.79145 18.60353 0.03195
442.79615 18.64283 0.032
442.80186 18.59694 0.0307
442.8093 18.6445 0.03162
442.81443 18.61408 0.03199
442.81939 18.63935 0.03186
442.82447 18.65217 0.03227
442.8293 18.67639 0.03149
442.83541 18.58533 0.03165
442.84012 18.60148 0.03221
442.84597 18.6078 0.03134
442.85112 18.61431 0.03215
442.85657 18.64545 0.03228
442.86387 18.59198 0.03251
442.87002 18.62074 0.03206
442.87503 18.63931 0.03232
442.88048 18.6282 0.03082
442.88617 18.63573 0.03268
442.89221 18.64375 0.03303
442.89785 18.60093 0.03044
442.90297 18.57122 0.03038
442.90871 18.62394 0.03119
442.91368 18.57394 0.03095
442.91875 18.59959 0.03248
442.92384 18.64872 0.03228
442.93037 18.59275 0.03112
442.93642 18.5992 0.0324
442.94588 18.56796 0.033
442.95166 18.64294 0.03224
442.95754 18.62409 0.03338
442.96833 18.66648 0.03463
442.97317 18.60768 0.03124
442.97782 18.66192 0.03235
442.98206 18.65769 0.03096
442.9872 18.61195 0.0335
442.99348 18.62082 0.03206
442.99858 18.57026 0.03271
443.00329 18.62107 0.03254
443.01002 18.59284 0.03321
443.01702 18.60576 0.03665
443.02387 18.68408 0.06202
443.67742 18.58096 0.03697
443.68488 18.5712 0.03614
443.69287 18.59896 0.03343
443.70415 18.5501 0.03101
443.71028 18.54425 0.03208
443.71632 18.57851 0.02994
443.72231 18.54708 0.02866
443.72832 18.61895 0.02902
443.736 18.56369 0.02742
443.74306 18.55991 0.02672
443.74812 18.5818 0.02619
443.75372 18.55207 0.02564
443.75946 18.53953 0.02612
443.76526 18.56038 0.02809
443.77007 18.5999 0.02735
443.78027 18.56333 0.02771
443.78539 18.5884 0.02546
443.79156 18.5392 0.02486
443.79717 18.57274 0.02472
443.80302 18.56785 0.02431
443.80895 18.59163 0.02603
443.81493 18.59808 0.02663
443.8204 18.57286 0.02548
443.82634 18.56819 0.02491
443.83239 18.57 0.0243
443.83783 18.61116 0.0252
443.84415 18.56209 0.02304
443.84958 18.5944 0.02465
443.85553 18.58279 0.02426
443.86252 18.54976 0.02423
443.87576 18.56046 0.02479
443.88141 18.54323 0.02359
443.88892 18.58581 0.0249
443.89412 18.56009 0.02579
443.90077 18.61616 0.02667
443.90658 18.53748 0.02347
443.91235 18.55769 0.0252
443.91779 18.57252 0.02633
443.92403 18.54653 0.02756
443.92967 18.59402 0.02563
443.93496 18.57704 0.02563
443.94073 18.61632 0.02674
443.94779 18.55711 0.02596
443.95355 18.55033 0.02457
443.95925 18.55894 0.02515
443.9693 18.55098 0.02601
443.97555 18.60242 0.02677
443.98144 18.58516 0.0257
443.98725 18.61295 0.02946
443.99456 18.59261 0.02825
444.00093 18.60843 0.02666
444.0061 18.56468 0.02628
444.01187 18.61555 0.02934
444.0175 18.56755 0.03593
444.66648 18.54987 0.0419
444.67221 18.59415 0.04088
444.67727 18.66315 0.03986
444.68857 18.56118 0.03351
444.69526 18.54309 0.03288
444.70198 18.56551 0.03346
444.7091 18.58399 0.0333
444.71487 18.58577 0.03178
444.72103 18.51872 0.02883
444.72796 18.5731 0.03059
444.73377 18.55807 0.02858
444.74094 18.53637 0.02826
444.74655 18.59134 0.02801
444.75167 18.543 0.02761
444.75678 18.60212 0.02686
444.76225 18.62738 0.02729
444.7673 18.55126 0.02619
444.77353 18.60301 0.02724
444.77876 18.576 0.02592
444.78368 18.54586 0.02639
444.79848 18.56001 0.02581
444.80403 18.58835 0.02501
444.81599 18.57773 0.02595
444.8213 18.61249 0.02519
444.83332 18.58524 0.02463
444.83854 18.5728 0.02548
444.84549 18.55951 0.02342
444.85161 18.61501 0.02466
444.85679 18.52027 0.02286
444.86267 18.61727 0.02793
444.86777 18.5959 0.02805
444.87321 18.59308 0.02414
444.87872 18.56561 0.02482
444.88467 18.54842 0.02483
444.89016 18.56114 0.02526
444.89581 18.59724 0.02825
444.90153 18.53536 0.0231
444.90845 18.59708 0.02722
444.91349 18.6083 0.02455
444.92279 18.51706 0.02351
444.93139 18.53859 0.02385
444.94041 18.55751 0.02355
444.94568 18.57963 0.02477
444.951 18.5479 0.02593
444.95724 18.55765 0.02563
444.96289 18.52485 0.02447
444.96923 18.60693 0.02478
444.97411 18.58016 0.026
444.98062 18.59723 0.02524
444.98915 18.58218 0.02815
444.99553 18.57131 0.02573
445.00157 18.6361 0.02663
445.00779 18.58696 0.02599
445.01282 18.5614 0.02839
445.01777 18.54052 0.03257
445.02227 18.56353 0.04704
445.66261 18.60316 0.0376
445.66749 18.55501 0.03477
445.67731 18.62002 0.03518
445.68422 18.59461 0.0336
445.6905 18.53227 0.02932
445.69681 18.59951 0.02966
445.70294 18.58327 0.03046
445.70921 18.55873 0.02936
445.72141 18.60765 0.03489
445.72791 18.64919 0.03129
445.73457 18.62128 0.03103
445.74013 18.53498 0.0268
445.7456 18.5383 0.02803
445.75096 18.59469 0.02846
445.75643 18.51778 0.02705
445.76191 18.54244 0.02701
445.76784 18.58534 0.02581
445.7737 18.55632 0.02476
445.779 18.56991 0.02536
445.78479 18.60046 0.02529
445.79025 18.56114 0.0244
445.79613 18.5542 0.02366
445.81095 18.57546 0.02469
445.81845 18.57498 0.02338
445.82455 18.58684 0.02289
445.83024 18.57661 0.02375
445.84021 18.52315 0.02345
445.84549 18.5473 0.02287
445.85174 18.62044 0.02317
445.85762 18.56293 0.02208
445.8636 18.57302 0.0221
445.86963 18.56557 0.0226
445.87567 18.56979 0.02191
445.88207 18.56117 0.02251
445.88844 18.58238 0.02288
445.89432 18.55372 0.02314
445.89983 18.53506 0.02251
445.90668 18.55443 0.02156
445.91299 18.5851 0.02199
445.91722 18.56844 0.02305
445.92351 18.54606 0.02136
445.92915 18.57999 0.0229
445.93496 18.5424 0.02166
445.94048 18.53011 0.02206
445.95216 18.57928 0.02393
445.95886 18.57738 0.02398
445.97191 18.57934 0.02283
445.97872 18.55426 0.02255
445.98437 18.52954 0.02256
445.98972 18.56681 0.0234
445.99581 18.52072 0.02276
446.00245 18.54546 0.0225
446.00827 18.59878 0.02209
446.01324 18.64444 0.02467
446.01787 18.54581 0.02811
446.0233 18.60332 0.04772
446.66046 18.50622 0.03783
446.66501 18.49333 0.03644
446.67089 18.54693 0.03486
446.67601 18.59957 0.03229
446.6814 18.58931 0.03289
446.68915 18.60734 0.03035
446.70044 18.54131 0.03117
446.70781 18.53809 0.03042
446.71375 18.59693 0.02868
446.71998 18.56988 0.02962
446.7269 18.5435 0.0276
446.73768 18.52836 0.03039
446.74263 18.60417 0.02668
446.74841 18.5791 0.02672
446.75986 18.57168 0.02361
446.76487 18.53895 0.02477
446.77004 18.55908 0.02391
446.77518 18.57003 0.02399
446.78018 18.58083 0.02486
446.78654 18.54545 0.02375
446.79243 18.57893 0.0228
446.79818 18.59285 0.02448
446.80822 18.55383 0.02566
446.81336 18.53858 0.0229
446.81934 18.60711 0.02364
446.82569 18.55106 0.02299
446.83186 18.55459 0.02403
446.83803 18.63155 0.02388
446.84316 18.5468 0.02268
446.84946 18.57112 0.02347
446.85529 18.67012 0.03285
446.86132 18.6024 0.02707
446.86741 18.5528 0.04938
446.87321 18.60156 0.0233
446.87945 18.62733 0.02205
446.88583 18.59433 0.02333
446.89176 18.54703 0.02276
446.89901 18.63429 0.02607
446.90569 18.58473 0.02444
446.91293 18.56253 0.02262
446.91958 18.57039 0.02344
446.92538 18.58844 0.02362
446.93113 18.55293 0.02243
446.93686 18.51945 0.02279
446.94237 18.54813 0.02314
446.94842 18.57519 0.0227
446.95451 18.58175 0.02217
446.96034 18.53009 0.02128
446.96641 18.5491 0.02317
446.97287 18.5681 0.02294
446.97827 18.5402 0.02333
446.98464 18.57268 0.02299
446.99026 18.561 0.02302
446.99646 18.54008 0.02269
447.00329 18.53038 0.02373
447.02248 18.57867 0.03926
448.00377 18.52233 0.02201
448.65527 18.57326 0.04126
449.82958 18.52958 0.02402
449.87259 18.54686 0.02383
450.82585 18.54053 0.02569
450.86998 18.5639 0.02359
451.65338 18.55958 0.03581
451.70095 18.55795 0.0293
452.64792 18.63202 0.04155
452.69243 18.54312 0.03053
453.6895 18.56741 0.03283
454.64058 18.63542 0.04411
454.68793 18.57898 0.04045
455.63923 18.52796 0.04386
455.7154 18.53521 0.03429
456.63346 18.66469 0.05293
456.67702 18.5868 0.03808
457.63067 18.51966 0.05007
457.6732 18.6695 0.03897
458.66069 18.58913 0.04435
458.7057 18.58369 0.04146
459.63016 18.50956 0.07121
459.69034 18.64697 0.0565
460.63624 18.55232 0.05393
460.72453 18.5722 0.04344
461.62523 18.5636 0.0667
461.67649 18.67654 0.0575
462.76573 18.5829 0.07038
462.80848 18.55036 0.05567
463.71104 18.61498 0.06664
466.61959 18.62171 0.03864
466.62134 18.61171 0.03768
466.6231 18.54439 0.03558
466.62486 18.49614 0.03616
466.62661 18.57184 0.03532
466.62943 18.65476 0.03578
466.63143 18.54572 0.03823
466.63348 18.60443 0.03934
466.67604 18.50883 0.05183
467.62749 18.54354 0.03803
467.68386 18.68 0.14584
468.7394 18.60846 0.03979
468.78277 18.62247 0.04494
469.73472 18.62144 0.05143
470.82246 18.5442 0.02792
471.82993 18.52366 0.04662
472.62548 18.53287 0.03158
472.66936 18.6398 0.02806
473.62096 18.66527 0.06127
477.66775 18.49494 0.02686
477.71276 18.51868 0.02772
478.62384 18.61755 0.03577
478.66775 18.5274 0.03036
479.61565 18.53372 0.03464
479.65968 18.49767 0.02968
480.61506 18.48577 0.03273
480.65805 18.54098 0.02999
481.61182 18.62969 0.03353
481.69382 18.59286 0.02493
482.61769 18.53558 0.03366
482.66188 18.57902 0.02792
482.67843 18.54033 0.02573
483.61039 18.56363 0.03577
483.66512 18.56938 0.0288
484.66377 18.59988 0.03215
484.70695 18.5575 0.0286
485.61939 18.634 0.0437
485.66329 18.56056 0.03737
486.61418 18.60269 0.04475
497.89223 18.5476 0.04286
498.71756 18.54122 0.02643
498.79 18.50201 0.03465
499.59404 18.53181 0.03264
499.63881 18.49014 0.02982
501.66259 18.58734 0.03214
501.75706 18.49875 0.0268
502.72145 18.50907 0.02772
502.82148 18.54998 0.02923
503.77762 18.55438 0.02864
503.8732 18.54375 0.03189
504.82418 18.54304 0.02859
504.91868 18.57441 0.03532
506.68972 18.56474 0.03279
506.73387 18.48252 0.02558
507.81368 18.57474 0.02965
507.89267 18.48328 0.03565
513.658 18.51977 0.03127
513.7418 18.51506 0.03007
514.73749 18.56772 0.03535
515.69951 18.53793 0.03327
515.74236 18.56647 0.03439
516.67238 18.54732 0.04376
516.71654 18.57859 0.04242
517.61497 18.57517 0.04037
517.6584 18.57909 0.03866
518.61481 18.58396 0.04426
527.74242 18.48495 0.03584
530.70615 18.59243 0.03707
531.77418 18.63944 0.04032
532.78408 18.51984 0.02565
532.82836 18.57929 0.03446
535.68432 18.55947 0.02637
537.58157 18.64813 0.04914
537.62557 18.55384 0.02978
538.57995 18.54555 0.02964
538.62381 18.54219 0.02629
539.58012 18.51995 0.03154
539.62283 18.52581 0.02763
540.61811 18.56204 0.02738
540.66215 18.55099 0.02725
541.61644 18.6145 0.03198
544.59603 18.49701 0.03588
544.64191 18.59074 0.03326
545.63939 18.65374 0.04017
558.75663 18.54402 0.03214
559.7264 18.56603 0.05133
561.73304 18.53386 0.03753
561.77682 18.67089 0.04934
567.59621 18.53269 0.03276
575.595 18.53893 0.05146
575.6386 18.6406 0.05347
577.63849 18.60264 0.06673
578.6551 18.69584 0.14627
579.61368 18.59822 0.04223
579.65687 18.64049 0.04725
580.66998 18.57973 0.05152
583.61703 18.52984 0.02878
583.66119 18.62695 0.03993
584.63985 18.58586 0.03121
584.68286 18.66072 0.03795
586.61685 18.62269 0.02928
586.66038 18.58688 0.03453
588.66264 18.69788 0.05179
722.89872 18.59772 0.04013
723.91976 18.61476 0.03606
723.9634 18.6286 0.035
733.86776 18.63819 0.05439
733.91212 18.6981 0.04606
750.83279 18.64019 0.04222
750.87598 18.66276 0.03587
753.86132 18.6468 0.04615
756.93392 18.68502 0.05188
759.84878 18.62279 0.05238
759.89212 18.6958 0.0485
762.79606 18.72781 0.06197
762.8402 18.66064 0.05325
766.7805 18.68573 0.04194
766.83041 18.60889 0.03664
768.77509 18.63865 0.04656
768.82037 18.64629 0.0397
769.80074 18.61278 0.03465
769.84468 18.59102 0.03051
770.78189 18.73233 0.04108
770.82573 18.62436 0.03386
771.78074 18.57636 0.03916
771.82449 18.66591 0.03624
774.75968 18.61776 0.03999
774.80363 18.70361 0.03264
775.80332 18.71872 0.08525
779.7464 18.62595 0.04512
779.79086 18.61333 0.03178
780.74948 18.67827 0.0438
780.79415 18.61402 0.03406
782.7508 18.68493 0.05858
782.7956 18.65621 0.04387
783.7573 18.67639 0.05895
783.80103 18.59373 0.05221
789.78039 18.59353 0.05984
790.73125 18.55604 0.06364
790.77463 18.6249 0.05374
791.73123 18.65039 0.07652
793.74743 18.65246 0.04766
793.79097 18.64884 0.04682
794.75972 18.62498 0.03394
794.81629 18.61376 0.04053
809.7101 18.64678 0.04476
811.66044 18.65009 0.06884
811.7042 18.69775 0.05114
812.65876 18.69279 0.06607
812.70198 18.676 0.04712
813.66257 18.62259 0.05838
817.72795 18.57328 0.09837
820.63925 18.68141 0.05388
820.68324 18.5632 0.07494
821.63464 18.57881 0.03919
822.63132 18.56154 0.04272
822.67415 18.63436 0.03616
823.62908 18.60031 0.04404
823.67275 18.57195 0.03678
824.62608 18.61948 0.05153
824.6697 18.6986 0.03925
838.61464 18.67156 0.04914
838.65944 18.59047 0.0446
842.61856 18.69107 0.06616
842.66208 18.67523 0.05721
843.61073 18.65869 0.07866
844.65374 18.68287 0.06588
849.60547 18.68983 0.04175
849.65079 18.74035 0.05724
850.60468 18.6887 0.03794
850.64918 18.7131 0.03869
851.60318 18.71836 0.04074
851.64641 18.66908 0.03186
852.60416 18.61318 0.03816
852.6481 18.65641 0.03047
853.60163 18.66487 0.03972
853.6463 18.57954 0.03202
854.60164 18.633 0.03799
854.64607 18.63306 0.03079
866.5884 18.64238 0.04363
866.64679 18.59684 0.03515
867.58757 18.62169 0.04992
867.63053 18.67321 0.04782
868.5865 18.62537 0.04863
868.63002 18.72289 0.04081
873.79481 18.70702 0.10647
873.82781 18.67975 0.11272
880.87841 18.66104 0.06374
882.86968 18.66037 0.0396
882.87146 18.60222 0.038
882.91495 18.6437 0.04573
883.86679 18.64776 0.04197
883.91496 18.707 0.05981
887.63181 18.71079 0.03685
887.68352 18.59071 0.03538
888.8957 18.62396 0.0598
889.80049 18.65293 0.03219
889.84447 18.66355 0.03432
891.57974 18.64599 0.04231
891.6225 18.65686 0.03454
893.58261 18.5976 0.03744
894.58144 18.66571 0.04466
896.58202 18.71382 0.04787
898.82137 18.73588 0.05834
898.86551 18.65534 0.05795
899.76618 18.74635 0.07999
903.58342 18.71003 0.07265
904.58683 18.74894 0.07474
905.62689 18.58541 0.10127
906.58378 18.74741 0.05652
906.64029 18.72886 0.05991
916.59575 18.62896 0.04168
916.64026 18.65109 0.03416
923.59751 18.65891 0.04117
923.64145 18.62159 0.03297
924.60837 18.60514 0.03187
925.67897 18.65201 0.03214
926.58279 18.65959 0.03754
926.62543 18.6277 0.0337
930.58585 18.73348 0.05778
930.62499 18.64839 0.06706
931.58458 18.69706 0.05582
931.62692 18.62865 0.05566
932.62858 18.61315 0.05242
936.60917 18.74932 0.0544
936.65247 18.67836 0.04793
937.58951 18.70527 0.05071
939.64879 18.68704 0.0414
939.6851 18.72721 0.04428
940.59145 18.65262 0.05602
941.59048 18.63086 0.11314
943.69972 18.58816 0.03699
943.74446 18.74517 0.04626
944.64379 18.61401 0.03455
944.67224 18.65039 0.03691
947.59349 18.6407 0.03994
949.64923 18.64334 0.04057
949.6924 18.65192 0.05525
952.60617 18.68742 0.04082
952.64932 18.65085 0.04286
953.59751 18.72754 0.04643
953.64127 18.64043 0.04044
954.59787 18.63581 0.06242
954.64157 18.7188 0.05621
958.61566 18.60719 0.06125
958.67117 18.60257 0.05728
959.64574 18.58105 0.06435
960.60205 18.62587 0.06827
960.64497 18.60201 0.06929
962.61935 18.64276 0.05323
962.69096 18.74655 0.08322
1059.98484 18.61819 0.07172
1060.97134 18.59409 0.06551
1061.96903 18.70165 0.05492
1063.96519 18.65513 0.06615
1067.96802 18.58569 0.04572
1068.98301 18.63425 0.08887
1071.95528 18.71182 0.05438
1075.93073 18.58717 0.05348
1075.96117 18.5842 0.04506
1076.96161 18.55456 0.04444
1078.92335 18.62219 0.04981
1078.95394 18.66536 0.05126
1079.91957 18.66835 0.05568
1079.94994 18.59485 0.04048
1079.97946 18.66808 0.07453
1081.92247 18.63565 0.09819
1081.9528 18.57427 0.07329
1084.95914 18.6081 0.06115
1085.9055 18.66656 0.09839
1085.9361 18.65944 0.07407
1085.9661 18.62711 0.05994
1086.90079 18.54692 0.06644
1086.9317 18.58877 0.05088
1086.96186 18.65538 0.05225
1087.95118 18.59021 0.04843
1088.93216 18.60362 0.04696
1088.96298 18.60266 0.04405
1089.90743 18.66792 0.05454
1089.9375 18.70981 0.04932
1090.89626 18.53797 0.06023
1091.93224 18.58241 0.04415
1091.96189 18.67197 0.04199
1092.88532 18.65965 0.04523
1092.91513 18.63867 0.04184
1092.94551 18.6522 0.04024
1093.88544 18.64237 0.05218
1093.91605 18.63415 0.04356
1093.95942 18.63244 0.03831
1094.90895 18.70177 0.04597
1094.93794 18.62867 0.03791
1095.89413 18.62564 0.04856
1095.95378 18.61726 0.04069
1096.8846 18.563 0.04441
1096.91464 18.54333 0.04057
1096.94475 18.60444 0.03527
1097.90204 18.71157 0.04142
1099.86796 18.57722 0.03797
1099.8979 18.71551 0.03628
1099.92867 18.6146 0.03031
1100.87134 18.71972 0.04926
1100.9014 18.54203 0.04033
1101.89166 18.67225 0.04528
1101.92164 18.63029 0.03834
1102.85884 18.67817 0.04409
1102.88948 18.62862 0.04014
1102.91975 18.60919 0.03394
1103.89198 18.66446 0.04437
1103.92203 18.62636 0.0395
1104.86298 18.62661 0.04429
1104.89266 18.57137 0.03886
1104.92258 18.60376 0.03761
1105.87772 18.69855 0.04176
1105.90846 18.59107 0.03544
1105.93782 18.59458 0.03616
1106.84826 18.70633 0.04108
1106.87859 18.65741 0.03864
1106.90907 18.56386 0.03254
1107.84497 18.67564 0.06278
1107.87579 18.62628 0.04036
1107.90655 18.615 0.03667
1108.86703 18.68615 0.06734
1108.89669 18.64105 0.04724
1108.92686 18.60479 0.03553
1109.93363 18.62931 0.04336
1110.89782 18.70582 0.05918
1111.91431 18.66597 0.07312
1113.8878 18.60618 0.06814
1113.93235 18.62605 0.05392
1113.96218 18.70204 0.05604
1114.87108 18.56828 0.06462
1114.95378 18.62074 0.04406
1115.88797 18.67298 0.05484
1115.9179 18.59728 0.05062
1116.90131 18.64426 0.04982
1116.93261 18.58595 0.04583
1116.96078 18.6656 0.04812
1117.86349 18.66901 0.06036
1117.89333 18.67766 0.04905
1117.92405 18.60896 0.04172
1118.82762 18.70899 0.06822
1118.8884 18.5571 0.04949
1119.81535 18.6007 0.06459
1119.84536 18.7044 0.07028
1122.80682 18.67227 0.07669
1123.80269 18.60149 0.04253
1123.8333 18.62157 0.0393
1123.86323 18.64382 0.03498
1124.8239 18.63169 0.04306
1124.85579 18.70061 0.0435
1124.90647 18.61637 0.03805
1125.83541 18.66391 0.04226
1125.8655 18.59202 0.0377
1125.89611 18.60735 0.03502
1126.79674 18.65142 0.04882
1126.82683 18.58987 0.04255
1126.85662 18.62321 0.08949
1127.84219 18.61868 0.04467
1127.87262 18.61441 0.03463
1128.79045 18.61056 0.05171
1128.8202 18.54192 0.0353
1128.8509 18.67438 0.03479
1129.81763 18.59946 0.03757
1129.84839 18.67187 0.03575
1130.78415 18.7109 0.04804
1130.81619 18.56948 0.04402
1130.84603 18.58629 0.04149
1131.81956 18.59865 0.04153
1131.84966 18.57798 0.03512
1131.87991 18.61663 0.03241
1132.81342 18.61039 0.03664
1132.85526 18.59814 0.03448
1133.77702 18.66957 0.04048
1133.80732 18.59753 0.03494
1133.83817 18.62779 0.03554
1135.77548 18.61402 0.04559
1135.80558 18.56851 0.03954
1135.8357 18.63444 0.02676
1136.78168 18.7053 0.04959
1136.81139 18.57271 0.04031
1136.84105 18.64753 0.03717
1137.8165 18.61743 0.07943
1137.84943 18.63003 0.05184
1143.75013 18.71696 0.07904
1143.77946 18.7256 0.07066
1144.79078 18.55546 0.05403
1144.82138 18.63971 0.05027
1145.74531 18.59215 0.09777
1146.74205 18.59277 0.09936
1146.77217 18.70531 0.07691
1146.83591 18.55354 0.04533
1147.75046 18.62883 0.05522
1147.78019 18.60147 0.05094
1147.81614 18.57228 0.04509
1148.73743 18.66139 0.04018
1148.76798 18.66668 0.03855
1148.79928 18.63946 0.04606
1151.84315 18.6292 0.02518
1151.87618 18.62868 0.0256
1151.91621 18.71804 0.02488
1164.86055 18.70054 0.02384
1164.89061 18.6523 0.02267
1164.92052 18.6509 0.02216
1165.82275 18.62136 0.02898
1165.85221 18.66911 0.02559
1165.88255 18.62032 0.02339
1166.78411 18.69913 0.03528
1166.82415 18.66259 0.03394
1166.85436 18.67655 0.02996
1167.76082 18.62579 0.04102
1167.79008 18.62088 0.03696
1167.82893 18.69537 0.03532
1168.73084 18.71758 0.05208
1168.76135 18.72144 0.05024
1168.79094 18.69193 0.0433
1169.70528 18.71256 0.07351
1169.73488 18.582 0.06905
1169.78208 18.73429 0.06303
1176.66101 18.5902 0.06827
1176.74473 18.69902 0.04663
1176.77537 18.65594 0.04695
1177.67775 18.7305 0.03319
1177.71467 18.70281 0.03187
1177.7448 18.67696 0.02849
1178.7245 18.65872 0.03704
1178.75548 18.65862 0.02865
1189.71737 18.7092 0.0366
1189.74707 18.65153 0.03352
1194.65274 18.68228 0.05003
1194.68156 18.62748 0.04253
1194.73072 18.65495 0.03606
1195.63238 18.70054 0.0515
1195.68489 18.59325 0.04885
1195.74387 18.66699 0.0412
1196.64868 18.59339 0.04668
1196.67925 18.73887 0.05001
1196.70945 18.65661 0.04579
1197.62224 18.63976 0.06726
1197.65122 18.66698 0.07409
1197.68048 18.70735 0.06015
1198.63271 18.59399 0.08278
1198.66294 18.58131 0.08097
1198.69225 18.62483 0.06102
1202.64754 18.56086 0.08733
1202.70169 18.65528 0.05608
1224.66207 18.61137 0.043
1224.69182 18.63983 0.04797
1225.74851 18.75923 0.04681
1226.75858 18.6372 0.07188
1226.79663 18.72044 0.08957
1227.72154 18.58634 0.05435
1227.75148 18.64657 0.05642
1228.67316 18.6314 0.05235
1228.71 18.75257 0.05614
1229.68338 18.73383 0.06581
1230.73676 18.74993 0.06754
1231.86041 18.69428 0.05932
1232.82116 18.7342 0.04452
1233.78371 18.71115 0.06414
1234.68453 18.63915 0.0384
1234.71313 18.68168 0.0392
1235.61461 18.65981 0.03709
1235.64419 18.66335 0.02969
1236.58514 18.64364 0.04641
1236.61561 18.66974 0.03436
1237.58477 18.71005 0.04142
1237.61509 18.58974 0.03177
1238.58334 18.65286 0.04152
1238.61531 18.665 0.03154
1239.58294 18.69642 0.04041
1239.61141 18.65756 0.03103
1251.83071 18.65912 0.03088
1251.86073 18.57243 0.03084
1252.58576 18.62255 0.03351
1252.60631 18.6484 0.03191
1252.62487 18.57712 0.0322
1252.64555 18.63504 0.03152
1252.66096 18.59507 0.03152
1252.69879 18.6572 0.03298
1252.71706 18.57707 0.0336
1252.73499 18.56442 0.03004
1252.75258 18.58109 0.03045
1252.76856 18.5496 0.03254
1252.78929 18.64107 0.04209
1252.80517 18.69861 0.03879
1252.821 18.63034 0.03356
1252.83831 18.68007 0.03273
1252.85634 18.61804 0.03165
1253.58621 18.71205 0.03891
1253.60335 18.69322 0.04041
1253.62054 18.67228 0.03715
1253.63682 18.61082 0.03563
1253.6539 18.54291 0.03722
1253.6721 18.62601 0.04186
1253.70902 18.63844 0.04229
1253.7307 18.62443 0.04022
1253.75003 18.71683 0.04802
1253.76637 18.69448 0.04416
1253.78832 18.56982 0.04127
1253.82956 18.70014 0.04441
1253.85372 18.70616 0.04003
1254.74613 18.68251 0.04033
1254.77889 18.65256 0.04564
1255.68248 18.65748 0.04802
1255.7252 18.67048 0.053
1256.6557 18.61359 0.0513
1257.58763 18.68732 0.05716
1257.64219 18.52452 0.04692
1258.61848 18.63804 0.06132
1259.59443 18.60141 0.06054
1259.62495 18.65357 0.057
1265.629 18.59974 0.02805
1265.6592 18.64821 0.0359
1267.58751 18.60753 0.0289
1267.61751 18.58076 0.02954
1268.59364 18.57766 0.02638
1269.58319 18.59303 0.03013
1269.58435 18.62506 0.02618
1269.58546 18.55331 0.02694
1269.58657 18.5639 0.02779
1269.58771 18.63514 0.02741
1269.58893 18.62944 0.0277
1269.59006 18.62753 0.02774
1269.59133 18.57738 0.02698
1269.59245 18.63473 0.02767
1269.59364 18.59586 0.02653
1269.59478 18.63274 0.02544
1269.596 18.62247 0.02605
1269.59713 18.63084 0.02721
1269.59843 18.62315 0.026
1269.59956 18.69053 0.02665
1269.60977 18.59718 0.02581
1269.61093 18.59368 0.02729
1269.6121 18.66837 0.02678
1269.61321 18.65285 0.02774
1269.61434 18.57916 0.02734
1269.61547 18.64559 0.02767
1269.61659 18.60717 0.02747
1269.61773 18.57946 0.02763
1269.61884 18.61574 0.02676
1269.61995 18.68318 0.02731
1269.62115 18.6209 0.0265
1269.6223 18.58352 0.02645
1269.62343 18.65573 0.02546
1269.62457 18.65329 0.02672
1269.62569 18.6216 0.02534
1269.62688 18.6185 0.02624
1269.628 18.6244 0.02647
1269.6375 18.63347 0.02714
1269.63881 18.64738 0.02682
1269.64001 18.60953 0.02616
1269.64114 18.62943 0.02538
1269.64226 18.62115 0.02687
1269.64337 18.68398 0.02603
1269.6445 18.65604 0.02617
1269.64562 18.64336 0.02666
1269.64675 18.64977 0.02466
1269.64789 18.63049 0.02596
1269.64905 18.63646 0.02556
1269.65017 18.62299 0.02493
1269.65129 18.66644 0.02623
1269.65247 18.62461 0.02665
1269.65359 18.61763 0.02621
1269.65473 18.63398 0.02656
1269.65585 18.60384 0.02496
1269.65698 18.63322 0.02549
1269.65819 18.65374 0.02599
1269.65932 18.64068 0.0261
1269.66055 18.60641 0.0238
1269.66167 18.61783 0.02637
1269.66279 18.57254 0.02568
1269.66393 18.64427 0.02435
1269.66595 18.60055 0.02528
1269.66717 18.60701 0.02597
1269.66829 18.65085 0.02452
1269.66952 18.63823 0.02621
1269.67064 18.60808 0.02578
1269.67184 18.63706 0.02526
1269.673 18.61859 0.02515
1269.67412 18.63448 0.02563
1269.67533 18.61246 0.02513
1269.67646 18.60061 0.02487
1269.6776 18.60591 0.02496
1269.67883 18.59916 0.02488
1269.67997 18.62161 0.02521
1269.6812 18.60649 0.02535
1269.68232 18.59568 0.02474
1269.68343 18.61734 0.02565
1269.68473 18.66467 0.02542
1269.68592 18.6377 0.02608
1269.68705 18.61557 0.02472
1269.68816 18.65979 0.025
1269.68929 18.65139 0.02557
1269.69041 18.61342 0.02458
1269.69157 18.57956 0.02446
1269.69269 18.60756 0.02475
1269.69383 18.60804 0.0244
1269.69496 18.62718 0.02601
1269.69608 18.58582 0.02477
1269.69898 18.60551 0.02442
1269.70011 18.5977 0.02505
1269.70126 18.64812 0.02618
1269.70241 18.62288 0.02556
1269.70357 18.63077 0.02546
1269.70468 18.65518 0.02468
1269.70581 18.61725 0.02516
1269.70705 18.58382 0.02436
1269.70816 18.63807 0.02553
1269.70937 18.60174 0.02443
1269.7105 18.59418 0.02501
1269.71167 18.62175 0.02506
1269.7128 18.58132 0.02503
1269.71403 18.63354 0.02542
1269.71516 18.63682 0.02501
1269.7163 18.61886 0.02551
1269.72641 18.60418 0.02696
1269.72763 18.65283 0.02453
1269.72875 18.56707 0.02434
1269.72987 18.59516 0.02456
1269.731 18.59939 0.02505
1269.73213 18.58535 0.02508
1269.73326 18.59234 0.02508
1269.73438 18.5945 0.0265
1269.73557 18.62008 0.02733
1269.73682 18.61334 0.02609
1269.73796 18.64391 0.02648
1269.73911 18.58598 0.02389
1269.74036 18.63678 0.02523
1269.74147 18.54677 0.025
1269.74272 18.64931 0.0254
1269.74391 18.63387 0.02655
1269.74502 18.61913 0.02638
1269.7462 18.62649 0.02705
1269.74734 18.62487 0.02585
1269.74846 18.6454 0.02721
1269.74961 18.62098 0.02604
1269.75074 18.61467 0.02571
1269.75201 18.6458 0.02498
1269.75316 18.63907 0.02527
1269.75429 18.60727 0.0251
1269.75553 18.56859 0.02634
1269.75665 18.5741 0.02596
1269.75779 18.63206 0.02897
1269.75895 18.60795 0.02734
1269.76008 18.60366 0.02692
1269.76123 18.65822 0.02863
1269.76235 18.60393 0.02785
1269.76348 18.57477 0.02792
1269.76459 18.61423 0.02692
1269.76573 18.64511 0.02775
1269.78036 18.61199 0.03004
1269.78151 18.64154 0.02697
1269.78271 18.64151 0.02914
1269.78391 18.6511 0.02951
1269.78511 18.57348 0.0275
1269.78751 18.60729 0.02906
1269.78876 18.63054 0.02765
1269.78989 18.57043 0.0263
1269.79108 18.6155 0.02656
1269.79227 18.6291 0.02748
1269.79356 18.6275 0.02785
1269.79478 18.61413 0.02845
1269.7959 18.60755 0.02804
1269.79701 18.64556 0.02844
1269.79816 18.66765 0.02965
1269.79928 18.69218 0.02827
1269.80041 18.61055 0.02834
1269.80156 18.56858 0.02838
1269.80276 18.62033 0.02777
1269.80404 18.59045 0.02857
1269.80517 18.60543 0.02843
1269.80638 18.66291 0.02961
1269.80752 18.56505 0.02904
1269.80866 18.65488 0.03039
1270.57931 18.55085 0.03038
1270.58058 18.63112 0.02804
1270.58188 18.62646 0.02771
1270.58305 18.59667 0.02807
1270.58429 18.59131 0.02731
1270.58556 18.64507 0.02661
1270.58671 18.63002 0.02729
1270.58798 18.58981 0.02676
1270.58926 18.68428 0.02597
1270.59051 18.60949 0.02568
1270.59176 18.6042 0.02747
1270.59301 18.5911 0.02476
1270.59588 18.63103 0.0262
1270.59719 18.62912 0.02467
1270.59846 18.62226 0.02447
1270.59973 18.59169 0.02391
1270.60101 18.55928 0.0241
1270.60229 18.60356 0.02614
1270.60361 18.6109 0.02576
1270.60484 18.62998 0.02512
1270.60617 18.63776 0.02561
1270.60733 18.6036 0.02491
1270.60868 18.64187 0.02524
1270.60993 18.63796 0.02483
1270.61121 18.59547 0.02512
1270.61244 18.59359 0.02509
1270.61368 18.59334 0.02494
1270.61481 18.59803 0.02496
1270.61593 18.6139 0.02544
1270.61713 18.60275 0.02423
1270.61835 18.61291 0.02491
1270.61963 18.5915 0.02481
1270.62082 18.60996 0.02493
1270.62324 18.59654 0.02456
1270.62438 18.59213 0.02472
1270.6255 18.62663 0.02466
1270.62668 18.64696 0.02632
1270.62781 18.5769 0.02555
1270.62895 18.59219 0.02574
1270.63017 18.57827 0.02572
1270.6313 18.62186 0.02463
1270.63259 18.59223 0.02536
1270.63372 18.59612 0.0244
1270.63484 18.59138 0.0246
1270.64581 18.6252 0.02542
1270.64713 18.6243 0.02571
1270.64825 18.55354 0.02469
1270.6495 18.62774 0.02464
1270.65082 18.62284 0.02535
1270.65222 18.60167 0.02521
1270.65336 18.59493 0.0251
1270.6545 18.59637 0.02479
1270.65562 18.61756 0.02533
1270.65697 18.65959 0.02586
1270.65832 18.63252 0.02562
1270.65959 18.59355 0.02604
1270.66092 18.63022 0.02513
1270.66217 18.64813 0.02592
1270.66351 18.63307 0.0259
1270.66477 18.65423 0.02531
1270.67891 18.59469 0.02576
1270.68008 18.59705 0.02513
1270.68122 18.59262 0.0243
1270.68243 18.67737 0.02505
1270.68382 18.62077 0.02462
1270.68508 18.5736 0.02417
1270.68653 18.60061 0.02477
1270.68784 18.61336 0.02468
1270.68912 18.57217 0.02352
1270.69114 18.59247 0.02504
1270.69232 18.63749 0.02481
1270.69365 18.5907 0.02385
1270.6948 18.60569 0.02463
1270.69617 18.60938 0.02455
1270.69746 18.60004 0.02431
1270.6986 18.60456 0.02447
1270.6999 18.61597 0.02421
1270.70121 18.61235 0.02295
1270.70235 18.58295 0.02424
1270.70349 18.57673 0.02348
1270.70482 18.60482 0.0239
1270.70613 18.58745 0.02375
1270.70726 18.57248 0.02451
1270.7086 18.62973 0.02498
1270.70972 18.65204 0.02418
1270.71103 18.61816 0.02555
1270.71235 18.60006 0.02522
1270.71347 18.59739 0.02363
1270.71481 18.62906 0.02506
1270.71608 18.54911 0.02449
1270.71722 18.64956 0.02474
1270.71853 18.62671 0.02464
1270.71967 18.60851 0.02577
1270.72098 18.58016 0.0244
1270.72302 18.57172 0.02556
1270.72439 18.63483 0.02501
1270.72553 18.65254 0.02419
1270.72665 18.65016 0.02445
1270.72793 18.67161 0.02407
1270.72927 18.60367 0.02367
1270.73043 18.64241 0.02468
1270.73161 18.58464 0.0247
1270.73292 18.56776 0.02491
1270.73506 18.63862 0.02482
1270.73622 18.58287 0.02506
1270.73753 18.57815 0.0256
1270.73887 18.55593 0.02499
1270.74001 18.61295 0.02586
1270.74126 18.60342 0.02489
1270.7424 18.64405 0.02583
1270.74369 18.67054 0.02535
1270.74498 18.68413 0.02471
1270.74609 18.63937 0.0276
1270.74744 18.62519 0.02453
1270.7486 18.62596 0.02597
1270.74995 18.59835 0.02528
1270.75121 18.63999 0.02539
1270.75241 18.60536 0.026
1270.75372 18.64676 0.02627
1270.75502 18.63921 0.02662
1270.75706 18.5946 0.02538
1270.75826 18.64294 0.02643
1270.75948 18.62227 0.02737
1270.76078 18.60063 0.02608
1270.76208 18.59756 0.02828
1270.77223 18.65022 0.02898
1270.77464 18.60171 0.02753
1270.77775 18.62731 0.02702
1270.77887 18.5848 0.02665
1270.78012 18.65839 0.02746
1270.78147 18.64265 0.02737
1270.78273 18.60669 0.02737
1270.784 18.60606 0.02619
1270.78526 18.6226 0.02766
1270.78661 18.65832 0.02952
1270.78776 18.60053 0.02838
1270.7891 18.5777 0.0294
1270.79021 18.56887 0.02809
1270.79151 18.61454 0.02734
1270.7928 18.60831 0.0295
1270.79391 18.6696 0.02814
1270.79508 18.59595 0.02926
1270.79619 18.67504 0.02895
1270.7975 18.58214 0.02925
1270.79862 18.58513 0.02914
1270.79991 18.58757 0.0287
1270.80111 18.60255 0.02799
1270.80249 18.63614 0.02876
1270.80509 18.61833 0.02905
1270.80715 18.58432 0.02847
1270.80837 18.58816 0.02744
1270.80963 18.59608 0.02833
1271.71236 18.61615 0.03495
1271.74462 18.68868 0.03652
1272.64495 18.52755 0.03049
1272.7082 18.65589 0.03293
1273.60993 18.65348 0.03034
1273.63946 18.63379 0.03262
1281.58737 18.71597 0.04513
1281.61668 18.61559 0.04857
1282.58095 18.59423 0.03891
1282.61036 18.61212 0.04252
1282.62819 18.63477 0.03862
1297.58897 18.66961 0.03185
1297.59019 18.64961 0.03073
1297.5937 18.67882 0.02854
1297.59722 18.66898 0.03034
1297.59904 18.69789 0.02981
1297.60164 18.61869 0.03105
1297.60284 18.65497 0.02915
1297.6053 18.60921 0.02868
1297.61734 18.64759 0.02999
1297.61965 18.6729 0.03007
1297.62198 18.71187 0.02925
1297.62474 18.6885 0.02747
1297.62597 18.61963 0.02868
1297.62818 18.61118 0.02879
1297.63051 18.57063 0.03273
1297.63246 18.6593 0.03023
1297.63597 18.63534 0.03018
1297.63722 18.71932 0.03234
1297.63944 18.60656 0.03035
1297.64162 18.58987 0.03029
1297.64281 18.65321 0.03043
1297.64393 18.63391 0.02869
1297.64612 18.6541 0.02945
1297.64742 18.67559 0.02887
1297.64964 18.70591 0.03107
1297.65084 18.64635 0.02976
1297.65434 18.68824 0.03048
1297.65811 18.6725 0.03068
1297.66121 18.67358 0.03088
1297.66483 18.63166 0.03095
1297.66714 18.60005 0.02937
1297.67315 18.59373 0.02919
1297.67547 18.67291 0.03198
1297.67675 18.63577 0.03162
1297.67954 18.6611 0.03007
1297.68076 18.68461 0.02933
1297.6819 18.65896 0.02963
1297.68325 18.6238 0.02975
1297.68541 18.58624 0.02959
1297.68786 18.63256 0.03036
1297.69767 18.69435 0.03228
1297.70113 18.72392 0.03262
1297.70743 18.6099 0.03148
1297.71084 18.60956 0.03094
1297.71401 18.63271 0.0325
1297.71668 18.62931 0.03377
1297.7179 18.62105 0.03312
1297.72049 18.59722 0.03281
1297.72327 18.59028 0.03374
1297.72448 18.61216 0.03356
1297.72584 18.6139 0.0329
1297.72772 18.63634 0.03296
1297.72894 18.60911 0.03403
1297.74317 18.67646 0.03657
1297.74683 18.70007 0.03723
1297.74996 18.58432 0.03325
1297.75123 18.5594 0.03452
1297.75493 18.64221 0.03547
1297.75709 18.63144 0.03712
1297.7583 18.67471 0.03708
1297.76047 18.68237 0.03799
1297.76167 18.68198 0.03583
1297.76388 18.62667 0.03644
1297.76506 18.53127 0.03705
1297.76834 18.56839 0.03547
1297.77069 18.62603 0.03811
1297.77185 18.68537 0.03742
1297.77383 18.66689 0.03696
1297.79199 18.66964 0.0442
1297.79318 18.64375 0.04204
1297.79645 18.64071 0.04614
1297.79838 18.68388 0.04715
1297.79953 18.70482 0.04887
1297.80312 18.68867 0.04965
1297.80437 18.53625 0.04898
1297.80564 18.71653 0.04567
1297.80864 18.68396 0.05014
1298.58895 18.65394 0.04191
1298.59235 18.61304 0.05888
1298.59354 18.69459 0.0532
1298.59724 18.71494 0.05673
1298.59842 18.64645 0.05543
1298.6021 18.63315 0.0541
1298.60332 18.67394 0.04986
1298.60701 18.653 0.05412
1298.61595 18.71303 0.039
1298.61811 18.64986 0.03457
1298.62047 18.55853 0.03566
1298.62171 18.64795 0.05072
1298.62426 18.72139 0.0401
1298.62762 18.70164 0.04914
1298.63098 18.69026 0.04432
1298.63219 18.56423 0.03931
1298.63473 18.6535 0.04243
1298.63807 18.69052 0.0444
1298.63935 18.68088 0.04357
1298.64364 18.62353 0.0312
1298.64578 18.6646 0.03808
1298.6481 18.69061 0.03786
1298.65082 18.67062 0.04068
1298.65294 18.60023 0.03516
1298.65509 18.55706 0.02956
1298.65745 18.58433 0.04731
1298.65865 18.64937 0.03037
1298.66081 18.60227 0.02936
1298.66198 18.61986 0.03034
1298.66411 18.64346 0.03143
1298.66639 18.60471 0.0312
1298.6699 18.614 0.02907
1298.68256 18.62556 0.03564
1298.68492 18.69824 0.04368
1298.68729 18.71696 0.06459
1298.68852 18.62133 0.06405
1301.59099 18.71554 0.03334
1302.62153 18.66058 0.0439
1305.62276 18.70492 0.03367
1307.60089 18.73083 0.05207
1307.63151 18.6962 0.03896
1310.60466 18.72479 0.04357
1310.63503 18.69135 0.03967
1311.59823 18.74656 0.04055
1311.62777 18.71889 0.04283
1313.60478 18.69397 0.04178
1313.63593 18.73308 0.04351
1314.61498 18.64561 0.04551
1314.64504 18.68491 0.05446
1322.60046 18.68127 0.04477
1323.59943 18.66867 0.0362
1323.60059 18.6855 0.03295
1323.60172 18.61092 0.03201
1323.60284 18.67281 0.03183
1323.60396 18.64612 0.03273
1323.60508 18.62841 0.03153
1323.60621 18.65066 0.03105
1323.60734 18.72582 0.03014
1323.60846 18.61355 0.03057
1323.60959 18.64565 0.03134
1323.61071 18.65694 0.03149
1323.61183 18.64127 0.03011
1323.61297 18.68426 0.03094
1323.61409 18.68502 0.03206
1323.61521 18.73397 0.03282
1323.61635 18.58752 0.03092
1323.61747 18.62575 0.03124
1323.61859 18.71854 0.03303
1323.61971 18.64993 0.03118
1323.62085 18.6624 0.03184
1323.62197 18.627 0.03084
1323.62309 18.61916 0.03224
1323.62423 18.58284 0.03098
1323.62535 18.64341 0.03015
1323.62647 18.63289 0.03162
1323.62759 18.6139 0.03122
1323.62872 18.67048 0.03288
1323.62985 18.64312 0.03114
1323.63097 18.66634 0.03121
1323.6321 18.64612 0.03222
1323.63322 18.65542 0.03205
1323.63435 18.606 0.03212
1323.63549 18.65537 0.0336
1323.63661 18.64262 0.03342
1323.63773 18.64648 0.03296
1323.63887 18.61417 0.0326
1323.63999 18.70846 0.03222
1323.64112 18.65328 0.03184
1323.64225 18.64962 0.03184
1323.64338 18.72154 0.03354
1323.6445 18.68647 0.0341
1323.64563 18.65745 0.03333
1323.64676 18.66795 0.03152
1323.64789 18.62635 0.03241
1323.64902 18.63551 0.03234
1323.65014 18.60024 0.03193
1323.65127 18.71446 0.03551
1323.6524 18.71702 0.03502
1323.65352 18.69619 0.03333
1323.65465 18.63699 0.03276
1323.65577 18.67521 0.03454
1323.65691 18.67139 0.03444
1323.65803 18.68208 0.03447
1323.65917 18.71136 0.0348
1323.66029 18.6804 0.03773
1323.66142 18.66861 0.03667
1323.66255 18.74333 0.03657
1323.66367 18.71684 0.03645
1323.66594 18.68935 0.03541
1323.66706 18.60105 0.0389
1323.66819 18.74652 0.04139
1323.66932 18.67322 0.03855
1323.67045 18.66135 0.04031
1323.67158 18.63289 0.03513
1323.67271 18.60767 0.03713
1323.67384 18.62489 0.03587
1323.67496 18.74016 0.04016
1323.67613 18.66248 0.03826
1323.67725 18.69417 0.04013
1323.67838 18.70047 0.03713
1323.67951 18.68197 0.03872
1323.68065 18.69378 0.04159
1323.68177 18.66008 0.03903
1323.6829 18.7498 0.04175
1323.68402 18.65399 0.03949
1323.68516 18.75821 0.04271
1323.68628 18.66623 0.03828
1323.68855 18.7676 0.04041
1323.68967 18.63149 0.03915
1323.69081 18.57349 0.03755
1323.69194 18.7132 0.04542
1323.69306 18.6005 0.03966
1323.6942 18.77006 0.04768
1323.69532 18.7312 0.04647
1323.69644 18.66263 0.04321
1323.6987 18.65045 0.04472
1323.69982 18.64999 0.04474
1323.70094 18.6982 0.04742
1323.70208 18.62631 0.04931
1323.7032 18.66921 0.04644
1323.70546 18.73694 0.04924
1323.70659 18.74744 0.04873
1323.70887 18.76072 0.05855
1323.71001 18.62901 0.05994
1323.7134 18.58561 0.05585
1323.71565 18.70275 0.06266
1323.71905 18.71543 0.07966
1323.7213 18.74985 0.07463
1323.72242 18.74643 0.07767
1323.72356 18.69533 0.07277
1323.72468 18.70514 0.08465
1323.72695 18.73687 0.09248
1324.6344 18.69535 0.03624
1324.67356 18.7109 0.03656
1325.63047 18.63737 0.14718
1328.60109 18.74014 0.03955
1328.63041 18.60719 0.03056
1330.60568 18.62553 0.034
1330.63442 18.57816 0.03502
1336.60557 18.67135 0.04324
1336.6347 18.62458 0.04502
1337.61678 18.6525 0.03355
1337.646 18.66395 0.03918
1339.61462 18.69853 0.05709
1340.62168 18.66227 0.03948
1340.65261 18.5926 0.04635
1341.63432 18.64929 0.04632
1342.61542 18.64443 0.05642
1342.64414 18.70328 0.05675
1432.97832 18.56217 0.05655
1433.97522 18.54919 0.04266
1440.95678 18.70591 0.08424
1441.9545 18.67952 0.0754
1442.95121 18.6011 0.04955
1443.94843 18.61064 0.04033
1444.94545 18.67944 0.0527
1444.97977 18.68582 0.08057
1446.9404 18.60431 0.03836
1446.9746 18.60446 0.04836
1447.93827 18.63212 0.03331
1447.97245 18.5999 0.04236
1448.93551 18.68385 0.03436
1448.97043 18.56449 0.0381
1449.9322 18.62912 0.03216
1449.96744 18.61623 0.03104
1450.96471 18.63782 0.03706
1451.92757 18.65708 0.03713
1452.92487 18.65821 0.03454
1452.95905 18.56011 0.03
1453.9223 18.62058 0.03695
1453.95718 18.67849 0.03783
1454.91904 18.59196 0.03498
1454.9531 18.65375 0.03238
1455.91706 18.5943 0.03175
1455.95123 18.65317 0.03006
1456.91361 18.69119 0.03543
1456.94859 18.67017 0.02986
1457.91086 18.6862 0.03444
1457.9457 18.64459 0.03109
1458.90893 18.63492 0.03217
1458.94334 18.65985 0.02907
1459.90596 18.68804 0.03456
1459.94092 18.61279 0.0299
1460.9034 18.71571 0.03513
1460.93791 18.66714 0.02926
1461.90107 18.65387 0.03463
1461.93811 18.62395 0.03034
1462.89824 18.73036 0.03872
1462.93439 18.72651 0.03755
1463.89576 18.5852 0.05353
1463.93218 18.63056 0.03226
1469.87982 18.68966 0.05085
1469.91685 18.55813 0.04204
1471.87375 18.69584 0.05264
1471.91001 18.64797 0.04621
1473.90477 18.69949 0.06672
1475.86334 18.64241 0.05126
1475.9008 18.70337 0.05165
1476.86102 18.67189 0.04935
1476.89765 18.62683 0.06438
1485.83631 18.68598 0.04066
1486.83403 18.60194 0.03272
1486.87106 18.67346 0.03029
1488.83006 18.6536 0.03658
1488.86647 18.67188 0.03163
1489.82698 18.67553 0.03941
1489.86366 18.67417 0.03262
1491.8581 18.66928 0.06451
1498.802 18.75939 0.07777
1502.79167 18.75354 0.04196
1502.82864 18.64949 0.03973
1503.78903 18.68991 0.03324
1503.82769 18.64241 0.03348
1504.86992 18.67037 0.03193
1504.90811 18.64214 0.03078
1505.81768 18.67705 0.03407
1505.9509 18.71545 0.03235
1505.98842 18.65253 0.04057
1506.89349 18.70124 0.03563
1507.80198 18.67089 0.03363
1507.84712 18.68885 0.03106
1507.99891 18.66582 0.03261
1508.90167 18.64311 0.02387
1509.79634 18.6784 0.03092
1509.83877 18.67185 0.02865
1510.8262 18.66759 0.02723
1511.79111 18.6682 0.03042
1511.84089 18.64613 0.02803
1512.78788 18.65212 0.03369
1512.82519 18.71421 0.03139
1513.78624 18.65423 0.03053
1513.82352 18.64427 0.02677
1514.7834 18.64691 0.03021
1514.82081 18.64455 0.02823
1515.78106 18.60012 0.03154
1515.82231 18.70273 0.03063
1516.77774 18.69438 0.03126
1516.81437 18.6867 0.02593
1517.77605 18.62184 0.03175
1517.81715 18.65567 0.02693
1517.97309 18.69553 0.02735
1518.87478 18.64717 0.02677
1518.96686 18.69859 0.02656
1519.00311 18.69178 0.02898
1519.90443 18.69466 0.0248
1519.96504 18.69528 0.02423
1520.00171 18.67768 0.0269
1520.90327 18.68112 0.02617
1520.95521 18.71093 0.0258
1520.99262 18.7145 0.02582
1521.89446 18.63257 0.02723
1521.95772 18.66267 0.02632
1521.99393 18.69721 0.02669
1527.72557 18.72036 0.1425
1528.81982 18.75336 0.05628
1528.87422 18.692 0.05924
1529.90241 18.75081 0.04985
1529.93849 18.77271 0.04916
1532.71221 18.74454 0.03739
1532.85928 18.74621 0.03107
1532.89645 18.64887 0.02775
1533.79895 18.7284 0.02964
1533.93493 18.6612 0.03092
1533.97228 18.65691 0.03138
1537.84525 18.6821 0.02498
1537.9874 18.66825 0.02388
1539.69386 18.68652 0.03718
1539.88447 18.66669 0.02444
1539.9215 18.63515 0.02471
1540.97669 18.65198 0.0241
1541.6883 18.61722 0.0365
1542.96698 18.65442 0.0271
1543.00294 18.63074 0.02856
1543.90463 18.74787 0.14587
1543.97085 18.61265 0.02458
1544.00787 18.62479 0.02755
1546.67441 18.67543 0.04082
1546.75907 18.64285 0.03027
1546.94639 18.61372 0.02425
1547.84788 18.66813 0.02556
1548.0057 18.60078 0.02706
1548.66959 18.60966 0.04664
1548.70582 18.69213 0.03986
1548.74172 18.63347 0.03798
1549.70273 18.64682 0.03993
1549.73967 18.66401 0.04007
1550.66388 18.68682 0.05871
1550.6994 18.67085 0.05023
1550.73216 18.61653 0.04014
1551.66063 18.65069 0.05858
1551.72202 18.64498 0.05673
1551.75862 18.61367 0.04163
1552.66117 18.65545 0.06336
1552.71291 18.72733 0.05843
1561.66061 18.60608 0.03407
1561.89034 18.70767 0.0388
1561.92356 18.63258 0.03621
1562.93459 18.62128 0.03113
1563.02169 18.6155 0.04108
1563.6524 18.57483 0.03415
1563.6893 18.51904 0.03277
1563.77494 18.58623 0.02949
1564.72602 18.60989 0.03181
1564.99301 18.58999 0.03175
1565.02672 18.6654 0.03782
1565.92832 18.5969 0.02862
1565.98151 18.54437 0.03016
1566.01544 18.59507 0.03386
1566.91724 18.53362 0.02511
1566.96287 18.58911 0.02823
1566.99591 18.56446 0.02935
1567.8986 18.57607 0.02468
1567.96702 18.5512 0.02463
1568.00039 18.54828 0.02667
1568.90245 18.58999 0.02294
1568.96343 18.55529 0.0259
1568.99843 18.5598 0.03209
1569.90084 18.55314 0.02776
1569.99803 18.55761 0.03365
1570.03082 18.68423 0.04423
1571.62526 18.57056 0.04329
1571.69052 18.65073 0.04236
1571.72419 18.56061 0.04389
1572.62632 18.57474 0.03638
1572.66032 18.67718 0.03414
1572.69287 18.66023 0.04089
1573.64765 18.51821 0.03215
1573.77817 18.62768 0.02745
1576.83948 18.53811 0.02494
1577.00541 18.58179 0.03461
1577.60601 18.49037 0.04768
1577.63144 18.61541 0.04628
1577.77306 18.55232 0.02914
1578.67217 18.60293 0.03509
1578.69674 18.57453 0.03487
1578.75347 18.57146 0.03202
1579.73584 18.58937 0.04011
1579.85963 18.57819 0.03683
1579.88516 18.61347 0.03727
1580.7875 18.58515 0.0405
1580.8553 18.59811 0.04153
1580.88022 18.64082 0.04141
1581.78167 18.58213 0.06533
1581.86464 18.60416 0.05695
1587.62864 18.55626 0.02947
1587.78993 18.54797 0.0366
1587.81475 18.60446 0.04123
1588.71625 18.60536 0.05008
1588.89281 18.4935 0.0532
1589.79481 18.57822 0.0304
1589.81959 18.67006 0.03093
1589.84642 18.5646 0.03237
1590.76387 18.58967 0.02846
1590.8749 18.55928 0.03089
1590.89969 18.57425 0.03263
1591.80204 18.63167 0.05201
1591.86057 18.60678 0.03025
1591.88508 18.56416 0.03089
1592.81972 18.56328 0.02664
1592.91348 18.53817 0.03118
1592.93852 18.5221 0.0317
1596.59731 18.58775 0.03489
1596.81771 18.58636 0.03419
1596.84238 18.57567 0.0323
1597.74425 18.63099 0.03307
1597.82393 18.57919 0.03496
1598.75163 18.6545 0.03182
1598.82179 18.53735 0.03365
1598.84855 18.56279 0.02962
1599.75014 18.56299 0.02708
1599.79577 18.55309 0.02415
1599.82112 18.51448 0.02748
1600.77441 18.60164 0.0272
1600.8753 18.59274 0.03103
1602.59024 18.59487 0.04167
1602.75501 18.60911 0.04787
1602.78065 18.60331 0.04028
1603.68227 18.5847 0.0314
1603.74296 18.51013 0.03245
1603.81581 18.59015 0.0285
1604.73691 18.55847 0.02924
1604.92616 18.63156 0.03553
1605.64733 18.55905 0.02954
1605.67213 18.53167 0.02731
1606.58401 18.67974 0.06356
1606.60932 18.63997 0.04239
1607.82225 18.57641 0.04097
1607.84927 18.53349 0.03244
1608.75086 18.57663 0.03964
1608.81398 18.5877 0.04064
1609.88847 18.52167 0.04479
1621.79766 18.65007 0.03437
1622.58588 18.55442 0.03033
1623.58717 18.58903 0.04097
1624.57999 18.60016 0.03269
1624.60429 18.55816 0.02872
1625.70494 18.60217 0.02778
1625.74386 18.59815 0.02787
1626.64578 18.56472 0.02831
1626.67007 18.56042 0.02746
1628.73144 18.52221 0.03339
1628.76212 18.54015 0.03299
1637.58042 18.62241 0.04376
1639.58002 18.57941 0.05065
1639.60438 18.61594 0.04682
1640.58279 18.61489 0.04732
1640.61699 18.65702 0.05533
1648.58277 18.60318 0.0395
1648.61266 18.55924 0.03779
1649.60387 18.57034 0.03041
1658.58519 18.58102 0.02641
1658.62914 18.56668 0.02786
1659.58605 18.57619 0.02814
1659.61086 18.56369 0.02837
1660.58569 18.56398 0.03074
1660.61029 18.5698 0.028
1661.58623 18.62993 0.07454
1662.58587 18.58589 0.03405
1662.61038 18.55712 0.03938
1663.59143 18.61821 0.03083
1663.6171 18.5401 0.03069
1664.58594 18.60944 0.07076
1664.6104 18.53813 0.03916
1668.58721 18.59566 0.06647
1668.61177 18.56388 0.04218
1669.5899 18.65543 0.13015
1670.58877 18.55347 0.06962
1670.61422 18.53266 0.10068
1675.5969 18.63996 0.02942
1675.6459 18.51509 0.04071
1676.61781 18.66392 0.03087
1677.60718 18.60896 0.06485
1678.61458 18.64162 0.03096
1678.64019 18.5704 0.03074
1680.60724 18.62504 0.03617
1683.59693 18.67018 0.03415
1683.63252 18.62113 0.02883
1685.59847 18.59746 0.05531
1685.6471 18.66718 0.04736
1686.63379 18.66562 0.06101
1687.59886 18.56829 0.03351
1687.64144 18.65608 0.0322
1690.60286 18.59024 0.04216
1690.64549 18.61846 0.042
1697.60505 18.71663 0.04717
1699.60928 18.63742 0.05236
1816.96412 18.55721 0.03285
1816.97531 18.62 0.04981
1817.97654 18.63949 0.04972
1818.96227 18.59172 0.02923
1820.96625 18.64202 0.05337
1821.96237 18.63995 0.06713
1821.9727 18.72902 0.06655
1822.96143 18.6461 0.0516
1823.96094 18.72383 0.06029
1823.97346 18.5748 0.05945
1824.96428 18.69673 0.04616
1824.97573 18.58966 0.04702
1825.96455 18.71737 0.04722
1825.97592 18.68744 0.05876
1827.96384 18.64386 0.0378
1827.97622 18.61897 0.05037
1828.9654 18.59713 0.03602
1828.97804 18.6912 0.05108
1829.96383 18.59746 0.03043
1829.97653 18.62548 0.03687
1830.96102 18.63049 0.02915
1830.97338 18.60414 0.03375
1834.96484 18.62334 0.02638
1834.9776 18.68839 0.03977
1838.96389 18.66856 0.02448
1838.9786 18.64264 0.03595
1839.96511 18.60806 0.02478
1839.97834 18.63991 0.03286
1840.96951 18.58417 0.02761
1840.98137 18.68545 0.03998
1841.96857 18.64864 0.0272
1841.98075 18.67898 0.03975
1844.96636 18.68555 0.02933
1844.97887 18.57993 0.03307
1845.96726 18.56915 0.02674
1845.98002 18.65907 0.03201
1846.96666 18.63073 0.02616
1846.98115 18.66639 0.03157
1847.96648 18.62572 0.02504
1847.98151 18.64918 0.02941
1848.96743 18.63721 0.02452
1848.98312 18.64384 0.03296
1849.98235 18.60751 0.04415
1850.96941 18.6544 0.06744
1850.98368 18.62394 0.06512
1851.98675 18.71268 0.04894
1854.96165 18.72182 0.0419
1854.98771 18.70597 0.04
1855.96071 18.61407 0.03481
1855.98393 18.61888 0.03704
1856.96087 18.5587 0.04895
1856.98328 18.55556 0.04393
1858.96243 18.65366 0.02925
1858.98507 18.60797 0.02915
1859.96515 18.62219 0.02454
1859.98697 18.701 0.03004
1861.96231 18.64604 0.02618
1861.98508 18.62912 0.02511
1862.9659 18.67538 0.02749
1862.98227 18.66079 0.0268
1863.94981 18.63276 0.0235
1863.97399 18.63424 0.09114
1864.94576 18.60378 0.028
1864.96947 18.62231 0.03131
1865.92975 18.64003 0.03431
1865.96089 18.59179 0.02448
1867.98799 18.60723 0.02544
1868.96536 18.64722 0.02405
1868.98567 18.73436 0.02684
1869.96092 18.61252 0.02531
1869.98231 18.62537 0.02486
1870.96467 18.64193 0.02269
1870.98635 18.61285 0.02312
1874.97428 18.61376 0.02204
1874.99622 18.59149 0.02534
1875.98151 18.60606 0.02502
1875.99752 18.6033 0.02873
1876.91773 18.6216 0.02283
1876.94717 18.59658 0.02243
1877.9745 18.59778 0.02219
1877.9957 18.6194 0.02414
1878.00741 18.6271 0.04312
1878.9086 18.64234 0.03743
1878.93847 18.61555 0.03765
1879.92838 18.72104 0.04518
1879.95816 18.68139 0.04715
1880.9882 18.67224 0.05554
1882.96877 18.65616 0.06095
1882.98848 18.58582 0.06848
1883.9421 18.62469 0.04028
1883.98158 18.63503 0.04028
1884.99956 18.72957 0.03916
1885.96448 18.55753 0.03204
1885.98159 18.65552 0.03138
1886.91453 18.64091 0.02935
1886.94264 18.65103 0.02826
1887.91623 18.63529 0.02653
1887.94902 18.68367 0.02726
1888.86519 18.6201 0.02326
1888.89905 18.66623 0.02353
1888.91008 18.62569 0.02341
1888.94196 18.64587 0.02469
1890.94091 18.6094 0.02435
1890.97479 18.62225 0.02418
1895.83087 18.54704 0.02927
1895.86667 18.69313 0.03507
1972.71463 18.67347 0.03375
1972.73749 18.7273 0.03527
1978.74407 18.70977 0.03372
1978.79927 18.78306 0.0493
1979.72374 18.79943 0.04705
1979.8874 18.67728 0.12198
1980.71766 18.76353 0.03515
1980.83416 18.73671 0.03605
1981.71538 18.66713 0.03058
1981.77818 18.6981 0.03155
1984.71333 18.78968 0.04259
1984.78092 18.68352 0.05224
1986.72544 18.66419 0.03613
1986.79095 18.81495 0.04219
1987.70535 18.77353 0.03668
1987.76948 18.79163 0.03839
1989.60286 18.77084 0.03667
1989.66828 18.78177 0.03598
1990.59847 18.77524 0.03642
1990.66232 18.73012 0.03368
2000.62591 18.69223 0.034
2000.65668 18.68399 0.04201
2001.60725 18.67375 0.0311
2001.63454 18.72109 0.02888
2011.62365 18.6982 0.03078
2011.65019 18.70955 0.03292
2014.60229 18.74157 0.0334
2014.62433 18.7042 0.03325
2015.60026 18.76982 0.03869
2015.6199 18.72758 0.03739
2018.60146 18.61304 0.0345
2018.62586 18.67055 0.03395
2019.59637 18.66653 0.04285
2019.61004 18.62609 0.03767
2030.59868 18.65802 0.03437
2037.60179 18.71326 0.0356
2039.60447 18.65487 0.03379
2040.60372 18.70653 0.0334
2040.65327 18.68352 0.03847
2041.64649 18.73828 0.03191
2042.59979 18.66595 0.03081
2042.64647 18.68672 0.03283
2043.60053 18.64641 0.03011
2043.64542 18.66333 0.03175
2046.59907 18.69371 0.03696
2047.65127 18.7458 0.04107
2047.65361 18.68584 0.03821
2059.60766 18.70835 0.0316
2059.61723 18.68451 0.03269
2063.60738 18.74851 0.03765
2063.61933 18.66623 0.03639
2064.61072 18.72472 0.03977
2064.62756 18.73897 0.0404
2065.60805 18.67297 0.04711
2065.62471 18.71945 0.04711
2067.60784 18.72934 0.04198
2067.62545 18.69465 0.03895
2069.61019 18.65264 0.03624
2069.6409 18.67028 0.04341
2070.61078 18.74909 0.04207
2070.6277 18.7046 0.03918
2071.61023 18.65894 0.04084
2089.61859 18.78656 0.06702
2089.62798 18.63505 0.06193
2090.63028 18.65788 0.08498
2091.62051 18.63874 0.06149
2091.62877 18.71153 0.06243
2185.96692 18.62554 0.04005
2187.96362 18.61281 0.0325
2188.93765 18.64637 0.03149
2188.96808 18.62804 0.03224
2189.95594 18.65797 0.03136
2190.9766 18.6851 0.06175
2191.9217 18.55947 0.0338
2191.95614 18.66541 0.0342
2192.94672 18.72638 0.03428
2193.93573 18.60398 0.03232
2193.96862 18.63783 0.03792
2194.94374 18.61495 0.03148
2194.97431 18.6957 0.03934
2195.94595 18.62451 0.03486
2196.92539 18.63663 0.04317
2197.91796 18.6271 0.03254
2197.96971 18.66407 0.03543
2198.93165 18.74 0.0334
2198.96479 18.6738 0.03203
2199.9472 18.64276 0.03419
2207.95261 18.57537 0.04617
2207.98422 18.63205 0.05112
2208.90735 18.66852 0.05194
2208.94607 18.65084 0.04406
2209.93937 18.74459 0.04718
2209.97959 18.70125 0.04687
2210.9363 18.64869 0.03919
2210.97519 18.63133 0.03593
2211.94997 18.60402 0.03672
2211.98409 18.69015 0.04962
2212.9376 18.61138 0.05169
2212.97329 18.67344 0.05241
2214.96163 18.63954 0.03181
2216.93262 18.62376 0.02996
2216.97994 18.67958 0.03243
2218.92712 18.69923 0.02898
2218.977 18.65867 0.03103
2219.94247 18.65591 0.02517
2219.97077 18.66822 0.02456
2220.92305 18.64101 0.02555
2220.98129 18.68938 0.02856
2225.95176 18.65714 0.02443
2226.95332 18.69208 0.02339
2227.93417 18.75545 0.02713
2227.97035 18.66326 0.02536
2231.91879 18.77519 0.03219
2231.96902 18.67708 0.02546
2232.8829 18.68458 0.04056
2232.9489 18.66344 0.03331
2237.93379 18.79385 0.04992
2238.91268 18.774 0.03819
2239.93796 18.74679 0.03634
2239.98313 18.77435 0.03781
2242.93933 18.68173 0.02861
2242.98523 18.7975 0.02903
2244.91131 18.73038 0.02795
2244.96611 18.75154 0.02692
2245.87591 18.72463 0.02694
2245.91376 18.66639 0.02522
2247.92574 18.78748 0.02593
2247.95614 18.70827 0.02619
2248.84393 18.71327 0.02801
2248.8782 18.73272 0.02807
2249.88436 18.77705 0.02934
2249.9163 18.7606 0.02884
2250.88236 18.73616 0.02961
2250.92114 18.78885 0.03245
2251.8693 18.7767 0.02822
2251.91419 18.7729 0.02718
2267.9816 18.80765 0.04934
2554.97044 18.78118 0.04341
2555.93989 18.71259 0.03364
2555.96363 18.75477 0.03524
2564.94449 18.66173 0.04903
2564.95195 18.60597 0.05559
2565.94418 18.75248 0.04598
2567.951 18.69123 0.04333
2567.97572 18.65126 0.04894
2568.97479 18.75076 0.04735
2569.92685 18.70294 0.0355
2570.93954 18.67074 0.03452
2571.91515 18.68558 0.03602
2571.96845 18.7007 0.03653
2572.94 18.65829 0.03215
2572.961 18.66298 0.03595
2573.95955 18.77221 0.03236
2574.96997 18.77016 0.03319
2575.96076 18.65824 0.0324
2576.95096 18.74215 0.03249
2577.97714 18.73011 0.04007
2578.93031 18.73532 0.03486
2578.9597 18.66458 0.03319
2579.96636 18.72757 0.03657
2580.94991 18.69107 0.03295
2580.97641 18.79641 0.03695
2581.93908 18.70961 0.03121
2581.96061 18.69391 0.0323
2582.96612 18.74343 0.03024
2582.9889 18.74576 0.05824
2583.93612 18.70695 0.029
2583.97225 18.68107 0.02961
2584.92871 18.69038 0.02901
2584.97404 18.64396 0.02999
2585.92275 18.75189 0.03773
2585.96134 18.66562 0.03072
2586.91575 18.74813 0.04849
2592.99636 18.81455 0.06335
2595.9848 18.79364 0.04776
2596.95384 18.78571 0.04093
2596.98786 18.68459 0.04171
2597.93735 18.75243 0.03582
2597.9794 18.77248 0.03617
2598.9281 18.67831 0.03378
2598.97263 18.74534 0.03379
2599.94579 18.6815 0.03419
2600.96483 18.71176 0.03276
2601.9531 18.72545 0.03273
2602.95616 18.76949 0.03356
2602.99208 18.73636 0.03496
2603.95654 18.70625 0.03269
2603.99274 18.79091 0.03464
2604.96148 18.74255 0.03091
2604.99535 18.72968 0.03483
2605.93926 18.6672 0.02896
2605.97693 18.75338 0.02949
2606.94732 18.69772 0.02885
2606.99101 18.69707 0.03057
2607.92659 18.75954 0.03232
2607.97806 18.70307 0.03264
2608.92515 18.75349 0.03157
2608.96585 18.72262 0.03149
2609.94301 18.7339 0.03195
2610.92695 18.70617 0.03225
2611.90199 18.75242 0.03249
2611.93252 18.74787 0.03437
2612.88937 18.77835 0.03288
2612.93148 18.74876 0.03107
2613.84046 18.79373 0.04131
2613.87193 18.6968 0.03448
2613.90353 18.76159 0.03105
2614.96436 18.71994 0.03147
2614.99496 18.73421 0.03042
2615.90761 18.75865 0.04623
2615.95637 18.72219 0.03019
2621.98607 18.63391 0.09252
