#mjd mag magerr
55061.92501 16.61794 0.00722
55061.95573 16.61447 0.00708
55063.91987 16.59991 0.00694
55063.9639 16.60679 0.00726
55064.92128 16.60407 0.00708
55064.9656 16.60578 0.00717
55066.91014 16.63059 0.00707
55066.95474 16.61608 0.00735
55067.91649 16.60742 0.00729
55067.96099 16.61673 0.00764
55069.90324 16.60646 0.00738
55069.94786 16.61221 0.00706
55080.87449 16.6151 0.01201
55080.95988 16.61609 0.0143
55084.86328 16.61193 0.00871
55084.90782 16.62304 0.01258
55087.85609 16.59329 0.00746
55087.90101 16.61109 0.00706
55088.96983 16.59993 0.00727
55089.01521 16.59495 0.00724
55089.94574 16.60993 0.00771
55089.99042 16.60894 0.00742
55093.83741 16.60373 0.00716
55093.88196 16.60129 0.00704
55096.8292 16.60915 0.00813
55097.00858 16.6105 0.00873
55104.99862 16.61889 0.01062
55107.79764 16.5977 0.01169
55114.88125 16.59612 0.01358
55114.92522 16.58193 0.02866
55119.89538 16.59031 0.00786
55119.95365 16.6028 0.00903
55123.75696 16.60392 0.00734
55123.81523 16.58825 0.00773
55126.97957 16.58255 0.00878
55127.83329 16.59384 0.00757
55127.87706 16.59589 0.00742
55135.82555 16.61485 0.01176
55135.86926 16.59991 0.01318
55138.71472 16.58409 0.01241
55138.75871 16.61914 0.01344
55142.7036 16.58703 0.00713
55142.75219 16.58029 0.00748
55144.77886 16.58678 0.00758
55144.82305 16.59343 0.00768
55151.72943 16.59007 0.0083
55151.77257 16.59386 0.0077
55166.70473 16.56823 0.01105
55166.74897 16.57221 0.01267
55168.63378 16.5821 0.01056
55168.6775 16.56069 0.01045
55175.61224 16.56555 0.00765
55175.65684 16.55326 0.00772
55181.59421 16.58617 0.01107
55181.63825 16.59113 0.01008
55183.59204 16.6025 0.01456
55183.64253 16.58343 0.00793
55189.58054 16.56521 0.00912
55189.62557 16.58677 0.0088
55194.59026 16.60612 0.01414
55199.58559 16.5787 0.0076
55201.58642 16.58209 0.01845
55202.58667 16.58976 0.00894
55203.71441 16.56372 0.00867
55203.75743 16.57607 0.00919
55207.63092 16.59065 0.01192
55207.67514 16.58554 0.00684
55209.5968 16.5725 0.00679
55209.64149 16.57536 0.00668
55377.85123 16.64282 0.01249
55377.89535 16.60502 0.01132
55378.90615 16.59797 0.01324
55379.8591 16.57864 0.01017
55379.92482 16.61593 0.00845
55380.87684 16.60879 0.0111
55380.92078 16.61695 0.00982
55381.89606 16.61008 0.00835
55381.93934 16.59463 0.00792
55384.82671 16.58899 0.00798
55384.87028 16.60655 0.00724
55385.87021 16.59937 0.00713
55385.91339 16.59186 0.00649
55386.86524 16.57979 0.00779
55386.90867 16.58302 0.00706
55387.87002 16.60298 0.00811
55387.91342 16.58861 0.00758
55388.86609 16.58833 0.00878
55388.91005 16.58396 0.0068
55390.80957 16.58918 0.00924
55390.85393 16.58263 0.00799
55391.80613 16.60482 0.00958
55391.87538 16.58904 0.00737
55392.83258 16.58226 0.00813
55392.87538 16.60509 0.00717
55394.79908 16.59572 0.00879
55394.8431 16.59717 0.00714
55395.79551 16.63059 0.01368
55395.84215 16.59417 0.00809
55396.79527 16.594 0.01057
55396.83932 16.594 0.00726
55397.79163 16.58673 0.01141
55397.83526 16.60232 0.00749
55398.78764 16.56505 0.01076
55398.83124 16.61053 0.00918
55399.78802 16.60567 0.01257
55399.83261 16.56406 0.00982
55400.78534 16.62557 0.01299
55400.8289 16.61116 0.00996
55401.78133 16.59944 0.01642
55401.82518 16.61189 0.01312
55402.77979 16.60897 0.01918
55402.8246 16.61645 0.01439
55403.81973 16.59602 0.01476
55404.77424 16.60974 0.01587
55404.84266 16.60476 0.01113
55405.8416 16.58501 0.01174
55406.79514 16.60558 0.0213
55407.7691 16.57162 0.01507
55407.83003 16.59335 0.013
55408.78389 16.63662 0.02465
55411.79896 16.59716 0.0112
55412.75232 16.5824 0.01651
55412.79539 16.57649 0.01417
55413.75577 16.56325 0.01864
55413.79945 16.5564 0.01958
55414.75161 16.55417 0.03004
55414.79555 16.57888 0.01516
55415.75266 16.55266 0.01912
55416.75096 16.58538 0.01824
55416.79342 16.57732 0.01243
55417.75979 16.59251 0.02304
55417.84511 16.56083 0.03092
55418.79843 16.56643 0.01334
55418.84121 16.57524 0.01365
55419.75121 16.57294 0.02906
55419.79504 16.58201 0.01296
55420.78929 16.56221 0.03258
55420.83264 16.5785 0.01639
55421.73664 16.59471 0.00835
55421.79901 16.58774 0.00654
55422.75115 16.58968 0.00779
55422.79487 16.5973 0.00708
55423.74742 16.59007 0.00794
55423.79284 16.60012 0.00676
55424.75349 16.60604 0.01111
55424.80178 16.59343 0.007
55425.76166 16.5832 0.00877
55425.80573 16.58035 0.00683
55426.80123 16.57848 0.00921
55426.8444 16.57208 0.00735
55427.79708 16.56717 0.0085
55427.8408 16.58351 0.00722
55428.79281 16.58906 0.00833
55428.83703 16.58878 0.0076
55429.8142 16.59432 0.0082
55429.85716 16.59232 0.00721
55430.75769 16.57834 0.01074
55430.80485 16.5987 0.00896
55431.75639 16.57993 0.01016
55431.80024 16.59137 0.00972
55432.73907 16.56783 0.01318
55432.78359 16.58532 0.01202
55433.70425 16.57691 0.01883
55433.7493 16.58686 0.01491
55434.69401 16.58016 0.02114
55434.73769 16.56843 0.01441
55435.69148 16.60643 0.017
55436.88575 16.59097 0.01047
55436.88891 16.58698 0.00969
55436.8919 16.59627 0.01008
55436.89501 16.59272 0.01039
55436.89797 16.59037 0.01053
55436.90109 16.59472 0.01071
55436.9042 16.60425 0.01074
55436.90728 16.59646 0.01061
55436.91041 16.62185 0.01116
55436.91351 16.57637 0.01087
55436.91641 16.60945 0.01099
55436.91931 16.60489 0.01112
55436.92221 16.59342 0.01117
55436.92514 16.59199 0.01089
55436.92806 16.60551 0.01123
55436.93096 16.59235 0.01054
55436.93413 16.6023 0.01094
55436.93703 16.59678 0.01055
55436.93974 16.60477 0.01065
55436.94297 16.58456 0.01098
55436.94613 16.60942 0.01102
55436.94915 16.59702 0.01055
55436.95231 16.60295 0.01052
55436.9553 16.59452 0.01073
55436.95826 16.582 0.01037
55436.96116 16.58894 0.01065
55436.96403 16.60246 0.01031
55436.96671 16.57664 0.01054
55438.88857 16.57323 0.00941
55438.89169 16.5869 0.00963
55438.89485 16.59489 0.00898
55438.89798 16.57476 0.00922
55438.90086 16.58146 0.0091
55438.90371 16.60114 0.0088
55438.9065 16.60197 0.00873
55438.90927 16.58111 0.0088
55438.91204 16.60576 0.00881
55438.91487 16.59754 0.00898
55438.91763 16.59042 0.0092
55438.92084 16.58689 0.00987
55438.92394 16.58053 0.00991
55438.92672 16.59436 0.0096
55438.92954 16.60589 0.01019
55438.93259 16.60102 0.01004
55438.93551 16.59074 0.00984
55438.93833 16.5854 0.00983
55438.94106 16.59521 0.00976
55438.94411 16.59751 0.00969
55438.94678 16.57585 0.00984
55438.95017 16.57929 0.00987
55438.95913 16.58808 0.00977
55438.96141 16.60186 0.00979
55440.87507 16.59497 0.0074
55440.87823 16.59314 0.0071
55440.88428 16.58426 0.00719
55440.88675 16.58561 0.00705
55440.8894 16.58624 0.00738
55440.89205 16.58368 0.00717
55440.89518 16.59162 0.00707
55440.89832 16.58699 0.00696
55440.90145 16.5934 0.00734
55440.90439 16.59232 0.007
55440.90729 16.5931 0.00723
55440.91025 16.58929 0.00698
55440.91316 16.59502 0.0071
55440.91591 16.58743 0.00752
55440.9187 16.59406 0.00736
55440.92149 16.58381 0.00732
55440.92426 16.57958 0.00713
55440.93095 16.57496 0.00717
55440.93364 16.595 0.00702
55440.93623 16.60245 0.00738
55440.9395 16.56808 0.00723
55440.94264 16.5901 0.00721
55440.94582 16.6011 0.00716
55440.94883 16.58597 0.00732
55440.95182 16.58871 0.00746
55440.95489 16.58124 0.00729
55440.95791 16.58663 0.00742
55441.87301 16.5919 0.00688
55441.87592 16.57586 0.00706
55441.88645 16.59187 0.00703
55441.88962 16.60144 0.00668
55441.89254 16.5947 0.00701
55441.89542 16.58112 0.00707
55441.89828 16.58509 0.00706
55441.90107 16.60756 0.00706
55441.9037 16.58766 0.00682
55441.90634 16.5933 0.00688
55441.90906 16.59366 0.00702
55441.9118 16.58572 0.00688
55441.91445 16.58174 0.00695
55441.91722 16.58899 0.00684
55441.91981 16.58993 0.00718
55441.92242 16.59506 0.0068
55441.92546 16.59234 0.00698
55441.9281 16.60447 0.00742
55441.93183 16.59373 0.00708
55441.93458 16.59294 0.00681
55441.93727 16.61167 0.00705
55441.94048 16.58735 0.00697
55441.94326 16.5956 0.00683
55441.94546 16.60096 0.0068
55441.94852 16.59155 0.00685
55441.95194 16.5904 0.00698
55441.95469 16.61321 0.00685
55441.95786 16.59141 0.00686
55441.96081 16.58706 0.00705
55441.96392 16.58677 0.00687
55441.96715 16.59751 0.00724
55441.97012 16.59451 0.00685
55441.97294 16.59807 0.00674
55441.97532 16.58174 0.00692
55441.97757 16.60302 0.00669
55441.9798 16.60014 0.00722
55441.9835 16.59882 0.00717
55441.9863 16.59041 0.00718
55441.98852 16.59064 0.00693
55441.99078 16.58488 0.00729
55441.99382 16.60525 0.00724
55442.00593 16.59054 0.0076
55442.00906 16.59138 0.0075
55442.01216 16.5757 0.00769
55442.01486 16.60142 0.00837
55442.01753 16.58052 0.00976
55442.02001 16.59756 0.01047
55442.02226 16.62848 0.01193
55442.70382 16.58034 0.00765
55442.70734 16.59121 0.00736
55442.71097 16.58592 0.0076
55442.71448 16.58707 0.00718
55442.71808 16.58832 0.00728
55442.72168 16.59787 0.00723
55442.72527 16.59454 0.00695
55442.73272 16.59155 0.00717
55442.74184 16.58287 0.0069
55442.74882 16.59513 0.00677
55442.75572 16.60108 0.0068
55442.76147 16.57562 0.00667
55442.76615 16.59879 0.00671
55442.77616 16.58046 0.00707
55442.78135 16.57824 0.00671
55442.78615 16.60069 0.00672
55442.79145 16.59353 0.00685
55442.79615 16.57637 0.0067
55442.80186 16.56997 0.00661
55442.8093 16.58778 0.00637
55442.81443 16.58142 0.00663
55442.81939 16.59593 0.00647
55442.82447 16.58715 0.00628
55442.8293 16.59153 0.00653
55442.83541 16.59103 0.00643
55442.84012 16.57853 0.0067
55442.84597 16.58892 0.00656
55442.85112 16.5861 0.00651
55442.85657 16.58549 0.00656
55442.86387 16.58419 0.00705
55442.87002 16.58161 0.00656
55442.87503 16.57278 0.00661
55442.88048 16.59178 0.00641
55442.88617 16.58545 0.00632
55442.89221 16.57726 0.0063
55442.89785 16.57171 0.00639
55442.90297 16.59845 0.00665
55442.90871 16.5892 0.00628
55442.91368 16.57304 0.00637
55442.91875 16.59585 0.00646
55442.92384 16.58125 0.00667
55442.93037 16.60542 0.00681
55442.93642 16.58797 0.00635
55442.94588 16.59673 0.00763
55442.95166 16.58544 0.00668
55442.95754 16.59901 0.00664
55442.96246 16.58777 0.00664
55442.96833 16.59924 0.00687
55442.97317 16.58813 0.00663
55442.97782 16.58732 0.00656
55442.98206 16.58757 0.00648
55442.9872 16.58656 0.00686
55442.99348 16.59297 0.00689
55442.99858 16.58286 0.00669
55443.00329 16.58621 0.00685
55443.01002 16.59117 0.00676
55443.01702 16.59362 0.0083
55443.02387 16.61508 0.01229
55443.67742 16.60418 0.0094
55443.68488 16.60233 0.00902
55443.69287 16.5941 0.00863
55443.70415 16.59136 0.00818
55443.71028 16.58106 0.00843
55443.71632 16.59994 0.00766
55443.72231 16.58441 0.00753
55443.72832 16.59002 0.0074
55443.736 16.5847 0.00735
55443.74306 16.58831 0.00698
55443.74812 16.59261 0.00692
55443.75372 16.59085 0.00691
55443.75946 16.60087 0.007
55443.76526 16.59188 0.00716
55443.77007 16.59352 0.0072
55443.78027 16.58868 0.0077
55443.78539 16.57393 0.00693
55443.79156 16.58665 0.00669
55443.79717 16.59938 0.00671
55443.80302 16.57819 0.00661
55443.80895 16.58831 0.00668
55443.81493 16.59428 0.0067
55443.8204 16.5876 0.00758
55443.82634 16.59229 0.00643
55443.83239 16.58268 0.00655
55443.83783 16.59202 0.00657
55443.84415 16.58758 0.00647
55443.84958 16.58697 0.00672
55443.85553 16.58746 0.0064
55443.86252 16.59329 0.00682
55443.87576 16.58704 0.0067
55443.88141 16.5984 0.00641
55443.88892 16.59283 0.00698
55443.89412 16.59136 0.00678
55443.90077 16.57942 0.00687
55443.90658 16.57794 0.0066
55443.91235 16.59461 0.00666
55443.91779 16.58887 0.00709
55443.92403 16.58998 0.00691
55443.92967 16.58997 0.00659
55443.93496 16.57843 0.0068
55443.94073 16.5903 0.00681
55443.94779 16.57613 0.00675
55443.95355 16.59255 0.0067
55443.95925 16.59877 0.00672
55443.9693 16.61398 0.0074
55443.97555 16.5877 0.00668
55443.98144 16.5812 0.00695
55443.98725 16.58901 0.0075
55443.99456 16.57662 0.00695
55444.00093 16.59413 0.00706
55444.0061 16.59164 0.00697
55444.01187 16.57734 0.00682
55444.0175 16.58441 0.00823
55444.02231 16.62577 0.01143
55444.66648 16.59532 0.01074
55444.67221 16.59241 0.01094
55444.67727 16.59242 0.01067
55444.68199 16.60961 0.012
55444.68857 16.58664 0.00922
55444.69526 16.59384 0.00957
55444.70198 16.5815 0.00877
55444.7091 16.59383 0.00923
55444.71487 16.5907 0.00839
55444.72103 16.60536 0.00833
55444.72796 16.59427 0.00843
55444.73377 16.58197 0.00761
55444.74094 16.58599 0.00779
55444.74655 16.5861 0.00796
55444.75167 16.58844 0.00755
55444.75678 16.59327 0.00744
55444.76225 16.59096 0.00733
55444.7673 16.59233 0.00727
55444.77353 16.59872 0.00718
55444.77876 16.58435 0.00724
55444.78368 16.59227 0.00687
55444.79848 16.58813 0.0068
55444.80403 16.58794 0.00686
55444.81599 16.57511 0.00723
55444.8213 16.58879 0.00709
55444.83332 16.58013 0.00716
55444.83854 16.58142 0.0074
55444.84549 16.58987 0.00672
55444.85161 16.58774 0.00705
55444.85679 16.5674 0.00664
55444.86267 16.57805 0.00758
55444.86777 16.59716 0.00744
55444.87321 16.60041 0.00675
55444.87872 16.59159 0.00721
55444.88467 16.59295 0.00686
55444.89016 16.58595 0.00721
55444.89581 16.59262 0.00794
55444.90153 16.58474 0.00692
55444.90845 16.59444 0.00782
55444.91349 16.59294 0.00713
55444.92279 16.59735 0.0068
55444.93139 16.58067 0.00717
55444.94041 16.58301 0.00657
55444.94568 16.58183 0.00695
55444.951 16.58252 0.00705
55444.95724 16.58962 0.00725
55444.96289 16.58838 0.00692
55444.96923 16.59253 0.00705
55444.97411 16.5904 0.00686
55444.98062 16.58873 0.00722
55444.98915 16.57417 0.00754
55444.99553 16.58066 0.00745
55445.00157 16.58413 0.00782
55445.00779 16.58181 0.00712
55445.01282 16.58469 0.00773
55445.01777 16.60009 0.00865
55445.02227 16.58803 0.01116
55445.66261 16.58958 0.01001
55445.66749 16.60194 0.00886
55445.67244 16.60732 0.00851
55445.67731 16.60061 0.00853
55445.68422 16.59144 0.00811
55445.6905 16.60162 0.0077
55445.69681 16.58421 0.0076
55445.70294 16.60241 0.00743
55445.70921 16.57896 0.00734
55445.71534 16.61774 0.00859
55445.72141 16.60246 0.00844
55445.72791 16.6002 0.00793
55445.73457 16.60679 0.00806
55445.74013 16.58685 0.00705
55445.7456 16.60036 0.00725
55445.75096 16.59759 0.00755
55445.75643 16.59329 0.00707
55445.76191 16.58328 0.0071
55445.76784 16.59165 0.00699
55445.7737 16.59403 0.00656
55445.779 16.57357 0.0066
55445.78479 16.58695 0.0068
55445.79025 16.5916 0.00661
55445.79613 16.58358 0.00638
55445.81095 16.58956 0.00689
55445.81845 16.58654 0.00652
55445.82455 16.57318 0.00639
55445.83024 16.58481 0.00666
55445.84021 16.59538 0.0071
55445.84549 16.58084 0.00639
55445.85174 16.58307 0.00658
55445.85762 16.58137 0.00637
55445.8636 16.59423 0.00636
55445.86963 16.59207 0.00656
55445.87567 16.59723 0.00626
55445.88207 16.59297 0.00623
55445.88844 16.57665 0.00639
55445.89432 16.59305 0.0067
55445.89983 16.57989 0.00641
55445.90668 16.58834 0.00641
55445.91299 16.58944 0.00651
55445.91722 16.58329 0.00651
55445.92351 16.58313 0.00624
55445.92915 16.58416 0.00667
55445.93496 16.58731 0.00618
55445.94048 16.59019 0.00634
55445.95216 16.60002 0.00643
55445.95886 16.59739 0.00665
55445.97191 16.58702 0.00642
55445.97872 16.58388 0.00654
55445.98437 16.59347 0.00655
55445.98972 16.59728 0.00665
55445.99581 16.59558 0.00651
55446.00245 16.58813 0.00645
55446.00827 16.58372 0.0067
55446.01787 16.584 0.00751
55446.0233 16.58176 0.01022
55446.66046 16.60536 0.00972
55446.66501 16.60819 0.00891
55446.67089 16.59255 0.00876
55446.67601 16.59894 0.00883
55446.6814 16.59656 0.00877
55446.68915 16.59292 0.00773
55446.70044 16.6052 0.00802
55446.70781 16.59312 0.00756
55446.71375 16.60125 0.00746
55446.71998 16.5735 0.00766
55446.7269 16.60215 0.00714
55446.73768 16.59855 0.00792
55446.74263 16.59509 0.00695
55446.74841 16.58003 0.00709
55446.75986 16.5792 0.00682
55446.76487 16.58494 0.00692
55446.77004 16.5841 0.0067
55446.77518 16.60198 0.00657
55446.78018 16.58117 0.00646
55446.78654 16.58802 0.00621
55446.79243 16.59902 0.00662
55446.79818 16.59052 0.00657
55446.80822 16.57722 0.00717
55446.81336 16.59018 0.00662
55446.81934 16.58512 0.00686
55446.82569 16.58096 0.00652
55446.83186 16.5869 0.00659
55446.83803 16.57997 0.00653
55446.84316 16.56741 0.00627
55446.84946 16.58178 0.00655
55446.85529 16.57745 0.0147
55446.86132 16.57857 0.00712
55446.87321 16.58948 0.00629
55446.87945 16.60038 0.0064
55446.88583 16.58897 0.00657
55446.89176 16.57966 0.00652
55446.89901 16.59492 0.00737
55446.90569 16.5858 0.00667
55446.91293 16.58676 0.00647
55446.91958 16.58538 0.00633
55446.92538 16.5859 0.00662
55446.93113 16.58407 0.00657
55446.93686 16.5834 0.00638
55446.94237 16.57869 0.00628
55446.94842 16.59967 0.00647
55446.95451 16.58204 0.00643
55446.96034 16.57986 0.0062
55446.96641 16.59662 0.00641
55446.97287 16.59439 0.00653
55446.97827 16.58689 0.00648
55446.98464 16.59377 0.00619
55446.99026 16.58245 0.00629
55446.99646 16.58608 0.00656
55447.00329 16.58757 0.0065
55447.02248 16.59892 0.00913
55448.00377 16.59342 0.00636
55448.65527 16.58836 0.01069
55448.70146 16.59468 0.00862
55449.82958 16.58958 0.0076
55449.87259 16.58851 0.00735
55450.82585 16.609 0.00683
55450.86998 16.59219 0.0062
55451.65338 16.58153 0.00952
55451.70095 16.59743 0.00795
55452.64792 16.57344 0.00968
55452.69243 16.58192 0.00771
55453.64519 16.5857 0.00985
55453.6895 16.58805 0.0079
55454.64058 16.58941 0.01085
55455.63923 16.59576 0.01191
55455.7154 16.58714 0.00826
55456.63346 16.60715 0.01196
55456.67702 16.59444 0.00912
55457.63067 16.61621 0.01238
55457.6732 16.58506 0.00917
55458.66069 16.58186 0.01025
55458.7057 16.59703 0.00981
55459.69034 16.58415 0.01249
55460.63624 16.58594 0.01293
55460.72453 16.58768 0.00964
55461.62523 16.59372 0.01614
55461.67649 16.58375 0.01239
55462.76573 16.62226 0.01318
55462.80848 16.60658 0.01264
55463.63005 16.63023 0.02098
55463.71104 16.60435 0.01466
55466.61784 16.58893 0.01059
55466.61959 16.61054 0.00975
55466.62134 16.60548 0.00945
55466.6231 16.60131 0.0092
55466.62486 16.59641 0.00915
55466.62661 16.59207 0.00873
55466.62943 16.60134 0.00964
55466.63143 16.6003 0.00941
55466.63348 16.60116 0.00951
55466.67604 16.6053 0.01213
55467.62749 16.60925 0.01034
55468.7394 16.60156 0.00779
55468.78277 16.60423 0.00891
55470.82246 16.55201 0.01769
55471.77466 16.6006 0.00633
55472.62548 16.61209 0.00829
55472.66936 16.59745 0.00727
55477.66775 16.59865 0.00749
55477.71276 16.60456 0.00783
55478.62384 16.61788 0.00879
55478.66775 16.58821 0.00768
55479.61565 16.58109 0.00862
55479.65968 16.61498 0.00787
55480.61506 16.59539 0.00933
55480.65805 16.5946 0.00809
55481.61182 16.59694 0.00831
55481.69382 16.59509 0.00678
55482.61769 16.59429 0.00889
55482.66188 16.59208 0.00743
55482.67843 16.59525 0.00711
55483.61039 16.60652 0.00882
55483.66512 16.5955 0.00773
55484.66377 16.5791 0.00895
55484.70695 16.5927 0.00895
55485.61939 16.59949 0.0088
55485.66329 16.59149 0.00793
55486.61418 16.59958 0.01094
55486.658 16.59752 0.01488
55497.84041 16.61621 0.00999
55497.89223 16.61088 0.01062
55498.71756 16.59918 0.00823
55498.79 16.62282 0.00966
55499.59404 16.60868 0.00883
55499.63881 16.60758 0.008
55501.66259 16.61275 0.00802
55501.75706 16.61803 0.00695
55502.72145 16.6112 0.00739
55502.82148 16.60653 0.00833
55503.77762 16.60762 0.00801
55503.8732 16.61559 0.00824
55504.82418 16.61191 0.00716
55504.91868 16.61663 0.00895
55506.68972 16.58719 0.01119
55506.73387 16.60929 0.00692
55507.81368 16.61296 0.0075
55507.89267 16.63185 0.00894
55513.658 16.60228 0.00745
55513.7418 16.61712 0.00745
55514.69377 16.60746 0.00798
55514.73749 16.60267 0.00851
55515.69951 16.60709 0.00843
55515.74236 16.61418 0.0081
55516.67238 16.62438 0.00951
55516.71654 16.64934 0.00962
55517.61497 16.623 0.0092
55517.6584 16.60944 0.00921
55518.61481 16.61794 0.01037
55518.6578 16.62124 0.01112
55527.74242 16.60372 0.00782
55530.70615 16.61601 0.00849
55530.75072 16.64654 0.00941
55531.77418 16.61112 0.01045
55531.81743 16.60241 0.01364
55532.78408 16.62772 0.00722
55532.82836 16.6099 0.00902
55535.68432 16.63354 0.00984
55537.58157 16.629 0.01074
55537.62557 16.62824 0.00757
55538.57995 16.60156 0.00735
55538.62381 16.61502 0.00664
55539.58012 16.61346 0.00871
55539.62283 16.60979 0.0079
55540.61811 16.5927 0.00807
55540.66215 16.60466 0.00774
55541.61644 16.60778 0.00857
55541.65945 16.60187 0.01003
55544.59603 16.60545 0.00853
55544.64191 16.61666 0.00872
55545.59598 16.61944 0.01072
55545.63939 16.62239 0.00983
55558.69892 16.59888 0.02536
55558.75663 16.59938 0.0081
55559.7264 16.64969 0.0137
55561.73304 16.63076 0.00935
55561.77682 16.64178 0.01047
55567.59621 16.63705 0.01051
55575.595 16.61749 0.01307
55575.6386 16.62289 0.01215
55577.59504 16.64621 0.01358
55577.63849 16.61252 0.0152
55578.61202 16.63884 0.02676
55579.61368 16.60622 0.00945
55579.65687 16.61211 0.01038
55580.66998 16.60059 0.01098
55580.71648 16.60608 0.01431
55583.61703 16.62371 0.00709
55583.66119 16.61562 0.00886
55584.63985 16.61494 0.00742
55584.68286 16.59994 0.00884
55586.61685 16.61466 0.00729
55586.66038 16.61586 0.00822
55588.66264 16.62157 0.01151
55588.70647 16.64167 0.01198
55722.89872 16.61927 0.00928
55723.91976 16.61583 0.00954
55723.9634 16.62982 0.00844
55730.92322 16.66655 0.01525
55733.86776 16.64155 0.01208
55733.91212 16.62837 0.00931
55750.83279 16.6396 0.01012
55750.87598 16.63352 0.00841
55753.86132 16.65099 0.01194
55756.88391 16.62094 0.0144
55756.93392 16.59805 0.01281
55759.84878 16.64266 0.01155
55759.89212 16.63804 0.0106
55762.79606 16.63793 0.01322
55762.8402 16.6125 0.01102
55766.7805 16.62651 0.01015
55766.83041 16.64806 0.00919
55768.77509 16.62624 0.01154
55768.82037 16.6056 0.00935
55769.80074 16.64095 0.00883
55769.84468 16.63065 0.00753
55770.78189 16.64268 0.01044
55770.82573 16.63757 0.00867
55771.78074 16.63005 0.00923
55771.82449 16.61944 0.00784
55774.75968 16.62521 0.00993
55774.80363 16.60816 0.0085
55775.80332 16.60359 0.03213
55779.7464 16.64428 0.01046
55779.79086 16.646 0.00823
55780.74948 16.62806 0.0108
55780.79415 16.62218 0.00856
55782.7508 16.66973 0.01287
55782.7956 16.62265 0.00993
55783.7573 16.6587 0.01421
55783.80103 16.62811 0.01181
55789.73736 16.63286 0.01788
55789.78039 16.64972 0.01365
55790.73125 16.63112 0.01412
55790.77463 16.6364 0.01235
55791.73123 16.6281 0.01478
55791.77527 16.62936 0.01253
55793.74743 16.64056 0.01048
55793.79097 16.65789 0.01004
55794.75972 16.62593 0.00886
55794.81629 16.63141 0.00981
55809.66644 16.60784 0.0167
55809.7101 16.61085 0.01256
55811.66044 16.64292 0.01595
55811.7042 16.61801 0.01171
55812.65876 16.63125 0.01428
55812.70198 16.6407 0.01146
55813.66257 16.64887 0.01449
55813.70671 16.61374 0.0119
55818.70874 16.62066 0.02324
55820.63925 16.6265 0.01273
55821.63464 16.64018 0.01043
55822.63132 16.64612 0.01147
55822.67415 16.61846 0.00887
55823.62908 16.63618 0.01151
55823.67275 16.62851 0.00907
55824.62608 16.65318 0.01235
55824.6697 16.62965 0.0088
55838.61464 16.63899 0.0118
55838.65944 16.63104 0.01048
55842.61856 16.6293 0.01539
55842.66208 16.59249 0.01334
55843.61073 16.64677 0.01824
55843.65444 16.64087 0.0145
55844.60924 16.67365 0.01831
55844.65374 16.64047 0.01459
55849.60547 16.63886 0.01002
55849.65079 16.63338 0.01346
55850.60468 16.63206 0.00908
55850.64918 16.6343 0.00859
55851.60318 16.6411 0.00908
55851.64641 16.64195 0.00782
55852.60416 16.65473 0.00982
55852.6481 16.62649 0.00825
55853.60163 16.62438 0.00951
55853.6463 16.63791 0.00817
55854.60164 16.63667 0.00981
55854.64607 16.63849 0.00819
55866.5884 16.62563 0.00978
55866.64679 16.64211 0.00838
55867.58757 16.65545 0.01189
55867.63053 16.66716 0.01041
55868.5865 16.62609 0.01096
55868.63002 16.63163 0.0092
55873.82781 16.63464 0.01892
55880.87841 16.65121 0.01299
55880.92255 16.65788 0.01368
55882.86968 16.63774 0.01009
55882.87146 16.63671 0.01048
55882.91495 16.63531 0.01124
55883.86679 16.63644 0.01098
55883.91496 16.64431 0.01471
55887.63181 16.61306 0.00792
55887.68352 16.62255 0.00839
55888.85244 16.63723 0.02025
55888.8957 16.63963 0.01334
55889.80049 16.63106 0.00723
55889.84447 16.61397 0.0075
55891.57974 16.61246 0.00885
55891.6225 16.6087 0.00761
55893.58261 16.62124 0.00903
55893.62546 16.63872 0.00849
55894.58144 16.624 0.01568
55894.62473 16.60089 0.01971
55896.58202 16.60959 0.0135
55898.82137 16.63701 0.01302
55898.86551 16.63772 0.01279
55899.80997 16.63226 0.01676
55902.58519 16.6132 0.0154
55902.64414 16.66086 0.0157
55903.58342 16.61093 0.01495
55903.62024 16.62573 0.01343
55904.58683 16.62863 0.01404
55906.58378 16.61853 0.01125
55906.64029 16.61718 0.01138
55916.59575 16.61545 0.00912
55916.64026 16.61843 0.00769
55922.6423 16.62119 0.008
55923.59751 16.61006 0.00877
55923.64145 16.61551 0.00825
55924.60837 16.61578 0.00776
55925.59941 16.61626 0.01202
55925.67897 16.60951 0.0076
55926.58279 16.62724 0.0086
55926.62543 16.61981 0.00821
55930.58585 16.62615 0.01383
55930.62499 16.60163 0.01383
55931.58458 16.61734 0.01194
55931.62692 16.61445 0.01254
55932.62858 16.61993 0.01149
55936.60917 16.63493 0.01086
55936.65247 16.59492 0.01106
55937.58951 16.60978 0.01399
55937.63319 16.65332 0.02493
55939.64879 16.61449 0.00921
55939.6851 16.60494 0.00967
55940.59145 16.63202 0.01491
55940.64013 16.62294 0.01667
55943.69972 16.6309 0.00875
55943.74446 16.64146 0.01021
55944.64379 16.60242 0.00797
55944.67224 16.64072 0.00853
55946.63797 16.63897 0.01503
55947.59349 16.61336 0.01004
55947.63713 16.608 0.01408
55949.64923 16.63295 0.01023
55949.6924 16.64694 0.01225
55952.60617 16.62247 0.00874
55952.64932 16.60028 0.00954
55953.59751 16.6529 0.01018
55953.64127 16.62608 0.00905
55954.59787 16.64502 0.01265
55954.64157 16.64103 0.01149
55958.61566 16.64173 0.01193
55958.67117 16.63325 0.01205
55959.64574 16.65039 0.01388
55960.60205 16.66355 0.01438
55962.61935 16.64131 0.01166
55962.69096 16.64448 0.01679
56059.98484 16.59682 0.01609
56060.97134 16.60264 0.01272
56061.96903 16.58346 0.0128
56063.96519 16.60336 0.01456
56065.96588 16.6059 0.01376
56066.96916 16.57695 0.01199
56067.96802 16.61482 0.01066
56068.98301 16.6138 0.02144
56070.97101 16.60233 0.0125
56071.95528 16.60064 0.01232
56075.93073 16.60192 0.01168
56075.96117 16.58872 0.01036
56076.96161 16.58378 0.00953
56077.97941 16.61956 0.01692
56078.92335 16.61768 0.01182
56078.95394 16.60368 0.01115
56079.91957 16.60838 0.0133
56079.94994 16.5859 0.0092
56079.97946 16.58678 0.01601
56081.9528 16.56158 0.0182
56084.95914 16.58918 0.01414
56085.9361 16.61726 0.0169
56085.9661 16.61347 0.01432
56086.90079 16.61062 0.01512
56086.9317 16.58119 0.01201
56086.96186 16.5955 0.01136
56087.95118 16.6072 0.01132
56088.93216 16.61587 0.01103
56088.96298 16.59815 0.00961
56089.90743 16.61547 0.01188
56089.9375 16.56093 0.01061
56090.89626 16.59384 0.01438
56091.93224 16.59086 0.00992
56091.96189 16.59575 0.0094
56092.88532 16.57822 0.01038
56092.91513 16.60371 0.01009
56092.94551 16.61576 0.00897
56093.88544 16.62058 0.01149
56093.91605 16.60515 0.01024
56093.95942 16.5768 0.00889
56094.8793 16.59384 0.0123
56094.90895 16.60686 0.01104
56094.93794 16.59469 0.00929
56095.89413 16.62642 0.01103
56095.92394 16.60129 0.01061
56095.95378 16.60475 0.0094
56096.8846 16.60998 0.01056
56096.91464 16.59546 0.00933
56096.94475 16.59341 0.00868
56097.87211 16.61091 0.01441
56097.90204 16.6242 0.00943
56099.86796 16.60657 0.00967
56099.8979 16.59835 0.00831
56099.92867 16.59262 0.00782
56100.87134 16.62078 0.01118
56100.9014 16.60501 0.00968
56100.93113 16.61712 0.00892
56101.86099 16.60802 0.0124
56101.89166 16.61327 0.01029
56101.92164 16.59027 0.00931
56102.85884 16.6049 0.01005
56102.88948 16.60205 0.00878
56102.91975 16.60073 0.00778
56103.85688 16.60417 0.01257
56103.89198 16.61373 0.0102
56103.92203 16.60141 0.00944
56104.86298 16.60582 0.01014
56104.89266 16.59688 0.00911
56104.92258 16.59805 0.00852
56105.87772 16.59518 0.00912
56105.90846 16.58975 0.00874
56105.93782 16.61866 0.00856
56106.84826 16.60331 0.00995
56106.87859 16.61275 0.00885
56106.90907 16.59189 0.00793
56107.84497 16.61019 0.01457
56107.87579 16.61049 0.00943
56107.90655 16.60042 0.00859
56108.86703 16.62148 0.01495
56108.89669 16.59896 0.01017
56108.92686 16.59124 0.00862
56109.93363 16.60254 0.00983
56110.86774 16.58408 0.01613
56110.89782 16.5878 0.01386
56110.92786 16.5998 0.01164
56111.86949 16.59273 0.01716
56111.91431 16.58307 0.01375
56111.94457 16.5927 0.01267
56112.91217 16.59566 0.01852
56112.97145 16.60751 0.0164
56113.8878 16.6385 0.01536
56113.93235 16.57798 0.01235
56113.96218 16.61036 0.01198
56114.87108 16.60147 0.01391
56114.92357 16.59805 0.01198
56114.95378 16.60881 0.01107
56115.85803 16.63144 0.01576
56115.88797 16.62143 0.0123
56115.9179 16.60755 0.01135
56116.90131 16.60251 0.01057
56116.93261 16.59215 0.01047
56116.96078 16.60989 0.01028
56117.86349 16.62907 0.0129
56117.89333 16.59607 0.01097
56117.92405 16.60777 0.01013
56118.82762 16.63768 0.01567
56118.85812 16.58581 0.01248
56118.8884 16.59099 0.01138
56119.81535 16.59911 0.01435
56119.84536 16.61523 0.0211
56120.95573 16.59408 0.02228
56123.80269 16.60288 0.01057
56123.8333 16.60872 0.00914
56123.86323 16.60492 0.00832
56124.8239 16.59675 0.01013
56124.85579 16.60352 0.01032
56124.90647 16.62076 0.00902
56125.83541 16.58163 0.00915
56125.8655 16.60822 0.00897
56125.89611 16.6117 0.00794
56126.79674 16.59111 0.01224
56126.82683 16.60498 0.01051
56126.85662 16.60426 0.01748
56127.84219 16.58989 0.00978
56127.87262 16.59653 0.00885
56128.79045 16.63081 0.01124
56128.8202 16.58365 0.00846
56128.8509 16.59923 0.00839
56129.81763 16.59024 0.00927
56129.84839 16.58306 0.00857
56130.78415 16.6166 0.01215
56130.81619 16.59935 0.0108
56130.84603 16.60319 0.0096
56131.81956 16.5946 0.00957
56131.84966 16.59501 0.00887
56131.87991 16.57814 0.00845
56132.81342 16.59797 0.00851
56132.85526 16.59585 0.00834
56133.77702 16.59425 0.00988
56133.80732 16.59064 0.00844
56133.83817 16.59908 0.00818
56135.77548 16.60872 0.01003
56135.80558 16.58728 0.00811
56135.8357 16.60562 0.00646
56136.78168 16.61602 0.01086
56136.81139 16.59286 0.00931
56136.84105 16.61134 0.008
56137.77719 16.60087 0.01228
56137.8165 16.61468 0.02825
56137.84943 16.57119 0.01169
56143.75013 16.60843 0.01762
56143.77946 16.62111 0.01507
56143.81202 16.60942 0.01267
56144.79078 16.59538 0.01223
56144.82138 16.5907 0.01113
56145.74531 16.62969 0.02205
56145.77477 16.61958 0.01807
56145.80436 16.58937 0.01404
56146.77217 16.60923 0.01452
56146.83591 16.59992 0.01123
56147.75046 16.60352 0.01131
56147.78019 16.59684 0.01182
56147.81614 16.60929 0.01092
56148.73743 16.59476 0.01042
56148.76798 16.61849 0.00894
56148.79928 16.59622 0.00962
56151.84315 16.58514 0.00695
56151.87618 16.59025 0.00686
56151.91621 16.5893 0.00652
56164.86055 16.58313 0.00643
56164.89061 16.58376 0.0064
56164.92052 16.5831 0.00645
56165.82275 16.57349 0.00709
56165.85221 16.59546 0.00641
56165.88255 16.58854 0.00606
56166.78411 16.59279 0.00825
56166.82415 16.5989 0.00754
56166.85436 16.58031 0.00717
56167.76082 16.59646 0.00937
56167.79008 16.58624 0.00872
56167.82893 16.58337 0.00804
56168.73084 16.58901 0.01175
56168.76135 16.57608 0.01011
56168.79094 16.59901 0.00938
56169.70528 16.56103 0.01646
56169.73488 16.58001 0.01414
56169.78208 16.60438 0.01292
56170.70609 16.57799 0.01831
56170.73648 16.59953 0.01519
56170.76821 16.57545 0.01452
56176.66101 16.58133 0.01165
56176.74473 16.58812 0.01015
56176.77537 16.59839 0.01
56177.67775 16.58101 0.00786
56177.71467 16.58862 0.00737
56177.7448 16.57758 0.00699
56178.65701 16.56134 0.01042
56178.7245 16.58326 0.00887
56178.75548 16.56884 0.00676
56189.71737 16.58896 0.00743
56189.74707 16.58497 0.00702
56194.65274 16.57823 0.0112
56194.68156 16.59163 0.00942
56194.73072 16.5745 0.00806
56195.63238 16.59507 0.01197
56195.68489 16.5968 0.00984
56195.74387 16.59694 0.00907
56196.64868 16.59111 0.00999
56196.67925 16.59807 0.00997
56196.70945 16.59855 0.00947
56197.62224 16.59844 0.01499
56197.65122 16.6214 0.01548
56197.68048 16.58896 0.01189
56198.63271 16.584 0.01715
56198.66294 16.59199 0.01615
56198.69225 16.5587 0.01415
56202.61563 16.62329 0.02052
56202.64754 16.57426 0.01753
56202.70169 16.58399 0.01282
56207.71676 16.54545 0.02726
56207.74712 16.54619 0.03685
56224.66207 16.58805 0.00926
56224.69182 16.59417 0.01025
56225.74851 16.57765 0.00873
56225.84088 16.60098 0.0087
56226.75858 16.63753 0.0164
56226.79663 16.61815 0.01658
56227.72154 16.59525 0.01138
56227.75148 16.60236 0.01138
56228.67316 16.5878 0.01087
56228.71 16.58782 0.0107
56229.61202 16.58899 0.0128
56229.68338 16.5731 0.01214
56230.64599 16.58882 0.01359
56230.73676 16.60142 0.0134
56231.86041 16.59387 0.01171
56232.82116 16.59066 0.00908
56233.75399 16.58414 0.01113
56233.78371 16.59161 0.01416
56234.68453 16.59027 0.00821
56234.71313 16.58785 0.00821
56235.61461 16.5824 0.00851
56235.64419 16.56465 0.00689
56236.58514 16.61304 0.01049
56236.61561 16.58066 0.00773
56237.58477 16.56792 0.00843
56237.61509 16.58629 0.00731
56238.58334 16.58944 0.00907
56238.61531 16.60785 0.00716
56239.58294 16.59292 0.00855
56239.61141 16.59453 0.00704
56251.83071 16.58059 0.00747
56251.86073 16.5823 0.00794
56252.58576 16.60162 0.00756
56252.60631 16.59122 0.00781
56252.62487 16.58251 0.00765
56252.64555 16.57223 0.00766
56252.66096 16.57429 0.00775
56252.69879 16.59087 0.00739
56252.71706 16.59892 0.00749
56252.73499 16.60118 0.00721
56252.75258 16.59716 0.00725
56252.76856 16.59619 0.00741
56252.78929 16.60171 0.00864
56252.80517 16.57742 0.0085
56252.821 16.58873 0.00763
56252.83831 16.60036 0.00802
56252.85634 16.57973 0.00764
56253.58621 16.58013 0.00802
56253.60335 16.58676 0.00837
56253.62054 16.60124 0.00788
56253.63682 16.60907 0.00749
56253.6539 16.58808 0.00778
56253.6721 16.58004 0.00808
56253.70902 16.61241 0.00844
56253.7307 16.59766 0.00805
56253.75003 16.59579 0.00953
56253.76637 16.6128 0.0085
56253.78832 16.60143 0.00843
56253.8078 16.5891 0.00869
56253.82956 16.60239 0.00882
56253.85372 16.59162 0.00899
56254.74613 16.59002 0.0082
56254.77889 16.60505 0.00876
56255.68248 16.58887 0.0091
56255.7252 16.59187 0.00986
56256.62657 16.59783 0.00932
56256.6557 16.58528 0.01053
56257.58763 16.59106 0.01127
56257.64219 16.58602 0.00973
56258.58614 16.61732 0.01281
56258.61848 16.60587 0.01097
56259.59443 16.59265 0.01177
56259.62495 16.58976 0.01165
56265.629 16.62702 0.0115
56265.6592 16.60994 0.0142
56266.58222 16.56494 0.01188
56266.6126 16.60617 0.02076
56267.58751 16.57689 0.00867
56267.61751 16.57062 0.00886
56268.59364 16.59073 0.00734
56268.62314 16.59219 0.00658
56269.58319 16.59233 0.00719
56269.58435 16.59223 0.00672
56269.58546 16.59423 0.00696
56269.58657 16.58809 0.00672
56269.58771 16.58747 0.0068
56269.58893 16.60107 0.00657
56269.59006 16.60697 0.00668
56269.59133 16.616 0.00666
56269.59245 16.59466 0.00682
56269.59364 16.59385 0.00676
56269.59478 16.59807 0.00665
56269.596 16.58542 0.0066
56269.59713 16.59457 0.00673
56269.59843 16.58808 0.00658
56269.59956 16.59697 0.00662
56269.60977 16.59124 0.00686
56269.61093 16.58507 0.00694
56269.6121 16.60287 0.0065
56269.61321 16.5859 0.00668
56269.61434 16.59721 0.00674
56269.61547 16.60231 0.0069
56269.61659 16.59241 0.00684
56269.61773 16.59178 0.00674
56269.61884 16.58814 0.00659
56269.61995 16.60315 0.00636
56269.62115 16.59134 0.00662
56269.6223 16.59733 0.00637
56269.62343 16.58994 0.00654
56269.62457 16.61109 0.00617
56269.62569 16.59359 0.00663
56269.62688 16.59221 0.00635
56269.628 16.60353 0.00653
56269.6375 16.59706 0.00715
56269.63881 16.5992 0.00665
56269.64001 16.59648 0.00646
56269.64114 16.60635 0.00653
56269.64226 16.58621 0.00659
56269.64337 16.58354 0.00646
56269.6445 16.59244 0.00635
56269.64562 16.59151 0.00624
56269.64675 16.58452 0.00628
56269.64789 16.58875 0.0062
56269.64905 16.58667 0.00648
56269.65017 16.59295 0.00625
56269.65129 16.58394 0.00647
56269.65247 16.59436 0.00636
56269.65359 16.6034 0.00646
56269.65473 16.60441 0.00658
56269.65585 16.59801 0.00632
56269.65698 16.60577 0.00621
56269.65819 16.588 0.00621
56269.65932 16.59005 0.00619
56269.66055 16.58638 0.0064
56269.66167 16.58962 0.00623
56269.66279 16.59091 0.00649
56269.66393 16.60153 0.00618
56269.66595 16.59772 0.0063
56269.66717 16.58998 0.00647
56269.66829 16.58778 0.00645
56269.66952 16.58473 0.00614
56269.67064 16.59058 0.00622
56269.67184 16.59598 0.00617
56269.673 16.60034 0.00644
56269.67412 16.58978 0.00631
56269.67533 16.59298 0.0062
56269.67646 16.59729 0.00626
56269.6776 16.59881 0.00616
56269.67883 16.60154 0.0062
56269.67997 16.58825 0.0062
56269.6812 16.59135 0.00605
56269.68232 16.593 0.00624
56269.68343 16.58441 0.00614
56269.68473 16.58597 0.00611
56269.68592 16.58642 0.00621
56269.68705 16.60078 0.00628
56269.68816 16.59964 0.00638
56269.68929 16.59857 0.00632
56269.69041 16.59653 0.0062
56269.69157 16.59341 0.00608
56269.69269 16.58908 0.00641
56269.69383 16.59004 0.00623
56269.69496 16.58482 0.00634
56269.69608 16.59275 0.00628
56269.69898 16.59383 0.00624
56269.70011 16.59485 0.00621
56269.70126 16.59934 0.0064
56269.70241 16.59746 0.00624
56269.70357 16.59423 0.00629
56269.70468 16.59495 0.0063
56269.70581 16.59338 0.00621
56269.70705 16.59499 0.00629
56269.70816 16.58836 0.00623
56269.70937 16.59057 0.00637
56269.7105 16.58982 0.00624
56269.71167 16.60834 0.00625
56269.7128 16.58979 0.00642
56269.71403 16.59827 0.00633
56269.71516 16.60348 0.00646
56269.7163 16.59932 0.00628
56269.72641 16.60041 0.00686
56269.72763 16.59487 0.00646
56269.72875 16.58422 0.00625
56269.72987 16.58609 0.00644
56269.731 16.59746 0.0064
56269.73213 16.60539 0.00661
56269.73326 16.59999 0.00653
56269.73438 16.60014 0.0065
56269.73557 16.59176 0.00657
56269.73682 16.60043 0.00662
56269.73796 16.59815 0.00643
56269.73911 16.58953 0.00645
56269.74036 16.59749 0.0065
56269.74147 16.60373 0.00634
56269.74272 16.59455 0.00636
56269.74391 16.59962 0.0065
56269.74502 16.59722 0.00669
56269.7462 16.58629 0.00657
56269.74734 16.60838 0.00671
56269.74846 16.59475 0.0065
56269.74961 16.57819 0.00659
56269.75074 16.59312 0.00669
56269.75201 16.59513 0.00655
56269.75316 16.58317 0.00662
56269.75429 16.60089 0.00651
56269.75553 16.58247 0.00662
56269.75665 16.59111 0.00659
56269.75779 16.59464 0.00656
56269.75895 16.59242 0.00665
56269.76008 16.59563 0.00654
56269.76123 16.60236 0.00666
56269.76235 16.60534 0.00679
56269.76348 16.59915 0.00663
56269.76459 16.58727 0.00686
56269.76573 16.59511 0.0069
56269.78036 16.57672 0.00747
56269.78151 16.59428 0.00686
56269.78271 16.58196 0.00693
56269.78391 16.59554 0.00678
56269.78511 16.60209 0.0069
56269.78751 16.5901 0.00663
56269.78876 16.59247 0.00691
56269.78989 16.58886 0.00699
56269.79108 16.58458 0.00691
56269.79227 16.60265 0.00691
56269.79356 16.59051 0.0069
56269.79478 16.60003 0.00678
56269.7959 16.60839 0.00692
56269.79701 16.58976 0.00691
56269.79816 16.59867 0.00711
56269.79928 16.58409 0.00716
56269.80041 16.58932 0.00697
56269.80156 16.59157 0.00711
56269.80276 16.59713 0.00696
56269.80404 16.59616 0.00693
56269.80517 16.59814 0.007
56269.80638 16.5974 0.00707
56269.80752 16.58928 0.00716
56269.80866 16.60128 0.0074
56270.57931 16.59023 0.00768
56270.58058 16.58941 0.00694
56270.58188 16.60266 0.00703
56270.58305 16.61475 0.00689
56270.58429 16.60627 0.00692
56270.58556 16.60708 0.00693
56270.58671 16.59459 0.00691
56270.58798 16.59306 0.00681
56270.58926 16.60035 0.00668
56270.59051 16.59988 0.00673
56270.59176 16.60285 0.00655
56270.59301 16.6106 0.00654
56270.59588 16.60163 0.00657
56270.59719 16.60292 0.00632
56270.59846 16.60777 0.0065
56270.59973 16.60295 0.00642
56270.60101 16.59682 0.00648
56270.60229 16.60057 0.00673
56270.60361 16.59777 0.00645
56270.60484 16.60108 0.00666
56270.60617 16.6008 0.00669
56270.60868 16.60466 0.00666
56270.60993 16.60092 0.00657
56270.61121 16.59439 0.00641
56270.61244 16.5901 0.00627
56270.61368 16.58416 0.00651
56270.61481 16.60198 0.00646
56270.61593 16.6022 0.00643
56270.61713 16.59164 0.00642
56270.61835 16.58857 0.00648
56270.61963 16.59963 0.00615
56270.62082 16.59761 0.0064
56270.62212 16.60251 0.00643
56270.62324 16.59701 0.0064
56270.62438 16.6032 0.00667
56270.6255 16.59918 0.00651
56270.62668 16.59215 0.00657
56270.62781 16.60408 0.00673
56270.62895 16.59966 0.00669
56270.63017 16.6091 0.00671
56270.6313 16.59959 0.00645
56270.63259 16.6002 0.00654
56270.63372 16.58821 0.00637
56270.63484 16.59414 0.00657
56270.64581 16.6142 0.0068
56270.64713 16.60302 0.00646
56270.64825 16.59327 0.00659
56270.6495 16.60022 0.00648
56270.65082 16.6009 0.00683
56270.65222 16.60643 0.00666
56270.65336 16.60573 0.0064
56270.6545 16.60168 0.00662
56270.65562 16.59406 0.00659
56270.65697 16.60286 0.00664
56270.65832 16.61099 0.00676
56270.65959 16.59556 0.00691
56270.66092 16.5922 0.00668
56270.66217 16.61822 0.00673
56270.66351 16.59815 0.00676
56270.66477 16.58995 0.00656
56270.67891 16.59904 0.00714
56270.68008 16.60449 0.0065
56270.68122 16.60739 0.00646
56270.68243 16.60266 0.00686
56270.68382 16.60325 0.00698
56270.68508 16.59596 0.00649
56270.68653 16.6077 0.00647
56270.68784 16.60222 0.0064
56270.68912 16.59607 0.00672
56270.69114 16.60423 0.00679
56270.69232 16.59796 0.00664
56270.69365 16.59274 0.00626
56270.6948 16.59309 0.00648
56270.69617 16.6013 0.0065
56270.69746 16.59273 0.00653
56270.6986 16.60267 0.0068
56270.6999 16.59781 0.0066
56270.70121 16.60226 0.00657
56270.70235 16.59618 0.00665
56270.70349 16.61092 0.00636
56270.70482 16.59743 0.00648
56270.70613 16.61215 0.00677
56270.70726 16.58891 0.0066
56270.7086 16.60071 0.00696
56270.70972 16.59081 0.00658
56270.71103 16.60694 0.00663
56270.71235 16.59101 0.00648
56270.71347 16.59914 0.00683
56270.71481 16.60039 0.00658
56270.71608 16.6001 0.0067
56270.71722 16.59153 0.00662
56270.71853 16.59721 0.00665
56270.71967 16.60137 0.00669
56270.72098 16.60794 0.00676
56270.72302 16.59507 0.00676
56270.72439 16.59665 0.007
56270.72553 16.59688 0.00687
56270.72665 16.59426 0.00678
56270.72793 16.59632 0.00664
56270.72927 16.59714 0.00663
56270.73043 16.6109 0.00668
56270.73161 16.60636 0.00643
56270.73292 16.59042 0.00665
56270.73506 16.59728 0.00664
56270.73622 16.60481 0.00654
56270.73753 16.59449 0.00671
56270.73887 16.59163 0.00668
56270.74001 16.59854 0.00683
56270.74126 16.59619 0.00659
56270.7424 16.58915 0.00686
56270.74369 16.59962 0.00658
56270.74498 16.6026 0.00663
56270.74609 16.59967 0.00673
56270.74744 16.59919 0.00669
56270.7486 16.60194 0.00682
56270.74995 16.61209 0.00669
56270.75121 16.60393 0.00663
56270.75241 16.59719 0.0066
56270.75372 16.59798 0.0067
56270.75502 16.59089 0.00678
56270.75706 16.58515 0.00692
56270.75826 16.58451 0.00687
56270.75948 16.60261 0.00689
56270.76078 16.60489 0.00695
56270.76208 16.59004 0.0069
56270.77223 16.5976 0.00756
56270.77464 16.61071 0.00697
56270.77775 16.60052 0.00705
56270.77887 16.59261 0.00698
56270.78012 16.58653 0.00718
56270.78147 16.60254 0.00721
56270.78273 16.59816 0.00706
56270.784 16.59119 0.00718
56270.78526 16.61155 0.00724
56270.78661 16.61513 0.00709
56270.78776 16.60705 0.00715
56270.7891 16.59732 0.00708
56270.79021 16.59646 0.00734
56270.79151 16.60908 0.00722
56270.7928 16.60902 0.00713
56270.79391 16.60388 0.00718
56270.79508 16.59852 0.00726
56270.79619 16.58394 0.00729
56270.7975 16.59648 0.00717
56270.79862 16.59595 0.00721
56270.79991 16.60023 0.00717
56270.80111 16.60726 0.00744
56270.80249 16.5927 0.00738
56270.80509 16.60532 0.00739
56270.80715 16.59922 0.00739
56270.80837 16.58858 0.00759
56270.80963 16.60969 0.00758
56271.71236 16.58455 0.00762
56271.74462 16.5713 0.00833
56272.64495 16.58461 0.00693
56272.7082 16.59795 0.00703
56273.60993 16.6 0.0072
56273.63946 16.58777 0.00737
56281.58737 16.59762 0.00949
56281.61668 16.61677 0.00938
56282.58095 16.58451 0.0082
56282.61036 16.59521 0.00837
56282.62819 16.60222 0.00795
56297.58897 16.60592 0.00709
56297.59019 16.61359 0.00698
56297.5937 16.60901 0.00666
56297.59722 16.6124 0.00696
56297.59904 16.59889 0.0066
56297.60164 16.59525 0.00681
56297.60284 16.59446 0.00674
56297.6053 16.60152 0.00689
56297.61734 16.60446 0.007
56297.61965 16.60398 0.00685
56297.62198 16.60568 0.00676
56297.62474 16.59467 0.00676
56297.62597 16.59768 0.00691
56297.62818 16.60262 0.00706
56297.63051 16.60279 0.00705
56297.63246 16.6103 0.00692
56297.6337 16.60059 0.00703
56297.63597 16.60705 0.00742
56297.63722 16.60705 0.00722
56297.63944 16.59618 0.00718
56297.64162 16.61488 0.0072
56297.64281 16.60977 0.00711
56297.64393 16.61053 0.00691
56297.64612 16.60495 0.00708
56297.64742 16.61178 0.00717
56297.64964 16.59756 0.0071
56297.65084 16.60637 0.00704
56297.65434 16.60046 0.00718
56297.65811 16.59528 0.00707
56297.65988 16.60921 0.00698
56297.66121 16.60322 0.00713
56297.66483 16.59434 0.00719
56297.66714 16.59243 0.00721
56297.67315 16.60282 0.00713
56297.67547 16.60684 0.00752
56297.67675 16.60127 0.00735
56297.67954 16.61418 0.00763
56297.68076 16.60224 0.00695
56297.6819 16.60395 0.0073
56297.68325 16.60671 0.00724
56297.68541 16.59608 0.00717
56297.68786 16.61153 0.00724
56297.69171 16.6096 0.00722
56297.69635 16.5864 0.00733
56297.69767 16.60883 0.00754
56297.70113 16.59879 0.00739
56297.70743 16.59543 0.00729
56297.71084 16.61135 0.00707
56297.71401 16.59991 0.00745
56297.71668 16.59624 0.00747
56297.7179 16.58793 0.00759
56297.72049 16.60533 0.00765
56297.72327 16.60718 0.00741
56297.72448 16.60731 0.00763
56297.72584 16.61385 0.00748
56297.72772 16.60227 0.00768
56297.72894 16.58858 0.0077
56297.74317 16.59316 0.00807
56297.74683 16.59748 0.00818
56297.74996 16.60378 0.00791
56297.75123 16.59795 0.00802
56297.75493 16.59562 0.008
56297.75709 16.60013 0.00792
56297.7583 16.6088 0.00816
56297.76047 16.59435 0.00837
56297.76167 16.59229 0.00821
56297.76388 16.60555 0.00814
56297.76506 16.5993 0.00839
56297.76834 16.59993 0.00855
56297.77069 16.60945 0.00858
56297.77185 16.59778 0.00871
56297.77383 16.60725 0.0085
56297.79199 16.58668 0.00992
56297.79318 16.5836 0.00936
56297.79645 16.60983 0.00988
56297.79838 16.60484 0.01027
56297.79953 16.60587 0.01033
56297.80077 16.6009 0.0108
56297.80192 16.60083 0.01053
56297.80312 16.61118 0.01054
56297.80437 16.61322 0.01045
56297.80564 16.59253 0.01058
56297.80864 16.60004 0.01059
56298.58895 16.5921 0.00912
56298.59013 16.59121 0.01062
56298.59235 16.60021 0.01259
56298.59354 16.59267 0.01183
56298.59724 16.5778 0.01198
56298.59842 16.59571 0.01217
56298.60089 16.59394 0.01258
56298.6021 16.58767 0.01162
56298.60332 16.59674 0.01182
56298.60466 16.64247 0.01238
56298.60701 16.58669 0.01194
56298.60823 16.58505 0.01254
56298.61034 16.59611 0.01174
56298.61272 16.60456 0.01165
56298.61595 16.60331 0.01019
56298.61811 16.60079 0.01031
56298.62047 16.57177 0.01157
56298.62171 16.60317 0.01232
56298.62426 16.58244 0.01151
56298.62643 16.58752 0.01122
56298.62762 16.57209 0.01241
56298.63098 16.5972 0.0113
56298.63219 16.59293 0.01109
56298.63473 16.59277 0.01248
56298.63687 16.58128 0.01109
56298.63807 16.59127 0.01187
56298.63935 16.61461 0.01158
56298.64364 16.60317 0.01046
56298.64578 16.59023 0.01124
56298.64695 16.60285 0.01178
56298.6481 16.60441 0.01139
56298.65082 16.61007 0.01391
56298.65294 16.59339 0.01091
56298.65509 16.59409 0.01036
56298.65745 16.60352 0.01495
56298.65865 16.60564 0.00991
56298.66081 16.59714 0.01023
56298.66198 16.59263 0.0103
56298.66411 16.59678 0.01073
56298.66639 16.60512 0.01027
56298.6699 16.59484 0.01105
56298.68256 16.57717 0.01112
56298.68492 16.59886 0.01229
56298.68729 16.5888 0.01494
56298.68852 16.57978 0.01656
56298.6908 16.62582 0.02085
56301.59099 16.59607 0.00726
56302.5927 16.55493 0.03072
56302.62153 16.59803 0.01223
56305.59416 16.59555 0.00705
56305.62276 16.61555 0.00733
56307.60089 16.64159 0.01037
56307.63151 16.60047 0.00831
56308.60019 16.61028 0.00855
56308.63015 16.59315 0.01037
56310.60466 16.62236 0.00886
56310.63503 16.61052 0.00854
56311.59823 16.61234 0.00823
56311.62777 16.59843 0.00948
56312.59699 16.61318 0.011
56312.63396 16.61445 0.01125
56313.60478 16.60521 0.00858
56313.63593 16.61046 0.00922
56314.61498 16.60015 0.00943
56314.64504 16.61658 0.01193
56322.60046 16.60455 0.00971
56322.63022 16.59579 0.00929
56323.59943 16.61306 0.00824
56323.60059 16.6139 0.00799
56323.60172 16.60536 0.00759
56323.60284 16.60531 0.00782
56323.60396 16.60118 0.00752
56323.60508 16.60822 0.00754
56323.60621 16.59991 0.00738
56323.60734 16.61565 0.00753
56323.60846 16.61325 0.00757
56323.60959 16.60257 0.00759
56323.61071 16.60721 0.00739
56323.61183 16.62251 0.00761
56323.61297 16.62032 0.00785
56323.61409 16.60803 0.00771
56323.61521 16.61213 0.00755
56323.61635 16.59762 0.00765
56323.61747 16.61628 0.00758
56323.61859 16.61428 0.00751
56323.61971 16.60155 0.00761
56323.62085 16.61265 0.00754
56323.62197 16.60237 0.00726
56323.62309 16.59728 0.00772
56323.62423 16.61575 0.00767
56323.62535 16.6185 0.00766
56323.62647 16.61467 0.00772
56323.62759 16.60724 0.00769
56323.62872 16.60538 0.00803
56323.62985 16.60497 0.00759
56323.63097 16.60962 0.00762
56323.6321 16.60292 0.00788
56323.63322 16.60153 0.00778
56323.63435 16.60807 0.00806
56323.63549 16.59444 0.00784
56323.63661 16.61581 0.00796
56323.63773 16.60138 0.00784
56323.63887 16.61827 0.00799
56323.63999 16.62733 0.00773
56323.64112 16.60383 0.00774
56323.64225 16.59777 0.00777
56323.64338 16.60628 0.00783
56323.6445 16.59969 0.00809
56323.64563 16.60358 0.008
56323.64676 16.60427 0.00785
56323.64789 16.61013 0.00817
56323.64902 16.59824 0.00775
56323.65014 16.61035 0.00781
56323.65127 16.59339 0.00814
56323.6524 16.60176 0.00792
56323.65352 16.60854 0.00803
56323.65465 16.61306 0.00806
56323.65577 16.61124 0.00819
56323.65691 16.60784 0.00813
56323.65803 16.60512 0.00819
56323.66029 16.61516 0.00857
56323.66142 16.6093 0.00902
56323.66255 16.61714 0.00856
56323.66367 16.61611 0.0086
56323.6648 16.59318 0.00831
56323.66594 16.62101 0.0084
56323.66706 16.60575 0.00895
56323.66819 16.64292 0.00937
56323.66932 16.61741 0.00933
56323.67045 16.5992 0.00909
56323.67158 16.60971 0.00872
56323.67271 16.62097 0.00874
56323.67384 16.60723 0.00882
56323.67496 16.61125 0.00899
56323.67613 16.60616 0.00904
56323.67725 16.61098 0.00906
56323.67838 16.61656 0.00866
56323.67951 16.61822 0.00891
56323.68065 16.60482 0.0089
56323.68177 16.61917 0.0094
56323.6829 16.62849 0.00902
56323.68402 16.59054 0.00901
56323.68516 16.61641 0.0095
56323.68628 16.59303 0.00914
56323.68742 16.61156 0.00911
56323.68855 16.62251 0.00901
56323.68967 16.6121 0.00919
56323.69081 16.60194 0.00913
56323.69194 16.62814 0.00964
56323.69306 16.61605 0.0093
56323.6942 16.61924 0.01039
56323.69532 16.61218 0.00995
56323.69644 16.61498 0.00979
56323.69758 16.61017 0.01057
56323.6987 16.61807 0.01045
56323.69982 16.60679 0.0102
56323.70094 16.63314 0.01091
56323.70208 16.60068 0.0105
56323.7032 16.60271 0.01101
56323.70434 16.58053 0.01096
56323.70546 16.60177 0.01085
56323.70659 16.62096 0.01095
56323.70772 16.63483 0.01209
56323.70887 16.65157 0.01227
56323.71001 16.61441 0.01278
56323.71114 16.60883 0.01246
56323.71226 16.62182 0.01267
56323.7134 16.61072 0.01297
56323.71453 16.63126 0.01375
56323.71565 16.65045 0.01374
56323.71679 16.65184 0.01545
56323.71791 16.64041 0.01521
56323.71905 16.62049 0.01475
56323.72017 16.62033 0.01482
56323.7213 16.64737 0.01621
56323.72242 16.62702 0.0154
56323.72356 16.64063 0.0154
56323.72468 16.63788 0.01594
56323.72582 16.61529 0.01594
56323.72695 16.62502 0.01641
56323.72808 16.64881 0.01695
56323.72921 16.62964 0.01693
56323.73034 16.61322 0.01757
56323.73372 16.62812 0.01823
56323.73485 16.63979 0.01746
56324.6344 16.63006 0.00819
56324.67356 16.59783 0.00818
56328.60109 16.6022 0.0081
56328.63041 16.62394 0.00742
56329.6158 16.61022 0.01187
56330.60568 16.59873 0.0077
56330.63442 16.61883 0.00796
56336.60557 16.61556 0.00888
56336.6347 16.6201 0.00976
56337.61678 16.61246 0.00795
56337.646 16.60614 0.00868
56339.61462 16.65016 0.01448
56340.62168 16.63582 0.00968
56340.65261 16.59583 0.01093
56341.63432 16.6377 0.01077
56342.61542 16.64107 0.0118
56342.64414 16.63708 0.01396
56432.97832 16.64744 0.01351
56433.97522 16.6523 0.01101
56434.97306 16.62632 0.01158
56440.95678 16.67973 0.02144
56441.9545 16.66211 0.01623
56442.95121 16.65248 0.01204
56443.94843 16.63132 0.01016
56444.94545 16.67947 0.01341
56444.97977 16.62925 0.01781
56446.9404 16.63159 0.00969
56446.9746 16.6359 0.01186
56447.93827 16.63369 0.00884
56447.97245 16.62131 0.0103
56448.93551 16.62936 0.00834
56448.97043 16.64658 0.00942
56449.9322 16.65004 0.00825
56449.96744 16.63796 0.00809
56450.93056 16.64495 0.0085
56450.96471 16.64518 0.00904
56451.92757 16.6427 0.0093
56451.96268 16.65398 0.00868
56452.92487 16.65282 0.00834
56452.95905 16.64412 0.00749
56453.9223 16.64074 0.0093
56453.95718 16.63469 0.00964
56454.91904 16.64191 0.00885
56454.9531 16.63735 0.00793
56455.91706 16.65734 0.00919
56455.95123 16.65222 0.00762
56456.91361 16.64172 0.00885
56456.94859 16.64342 0.00781
56457.91086 16.63151 0.00871
56457.9457 16.64402 0.00812
56458.90893 16.63836 0.00799
56458.94334 16.64345 0.00736
56459.90596 16.64021 0.0083
56459.94092 16.62469 0.00792
56460.9034 16.63068 0.00829
56460.93791 16.63298 0.00759
56461.90107 16.64587 0.00848
56461.93811 16.6403 0.00785
56462.89824 16.64877 0.00896
56462.93439 16.64486 0.00891
56463.89576 16.6434 0.01214
56463.93218 16.62863 0.00817
56469.87982 16.63641 0.01234
56469.91685 16.6539 0.01062
56471.87375 16.6256 0.01637
56471.91001 16.63512 0.01498
56473.86804 16.65565 0.01917
56473.90477 16.65909 0.01473
56475.86334 16.64619 0.01302
56475.9008 16.64845 0.01224
56476.86102 16.67166 0.02922
56476.89765 16.63914 0.01687
56477.85777 16.6423 0.0407
56485.83631 16.65029 0.01411
56486.83403 16.64503 0.00857
56486.87106 16.64131 0.00817
56488.83006 16.63752 0.0096
56488.86647 16.65076 0.0081
56489.82698 16.64665 0.00993
56489.86366 16.65765 0.00879
56491.8581 16.63144 0.01686
56498.802 16.67181 0.01752
56498.83888 16.66514 0.01539
56502.79167 16.62954 0.01353
56502.82864 16.6494 0.01339
56503.78903 16.66873 0.00897
56503.82769 16.66553 0.0092
56504.82017 16.66054 0.01048
56504.86992 16.6548 0.00841
56504.90811 16.6622 0.00789
56505.81768 16.67838 0.00934
56505.9509 16.67287 0.00836
56505.98842 16.681 0.00934
56506.89349 16.67088 0.01355
56507.80198 16.64969 0.00821
56507.84712 16.64532 0.00771
56507.99891 16.65065 0.00816
56508.90167 16.65948 0.00676
56509.79634 16.65142 0.0082
56509.83877 16.65669 0.00736
56510.8262 16.64984 0.00797
56511.79111 16.64412 0.00809
56511.84089 16.65405 0.00749
56512.78788 16.65726 0.0086
56512.82519 16.67542 0.00809
56513.78624 16.65155 0.00839
56513.82352 16.65696 0.00747
56514.7834 16.66816 0.00849
56514.82081 16.64475 0.00776
56515.78106 16.64587 0.00841
56515.82231 16.65442 0.00814
56516.77774 16.64833 0.00806
56516.81437 16.65125 0.00769
56517.77605 16.66552 0.00862
56517.81715 16.64367 0.00731
56517.97309 16.67089 0.00707
56518.87478 16.65892 0.00703
56518.96686 16.67536 0.00715
56519.00311 16.66402 0.00728
56519.90443 16.6575 0.00693
56519.96504 16.6648 0.00659
56520.00171 16.64992 0.00691
56520.90327 16.65406 0.00701
56520.95521 16.66767 0.0068
56520.99262 16.65657 0.00677
56521.89446 16.65553 0.0071
56521.95772 16.6479 0.00706
56521.99393 16.65696 0.00672
56527.76434 16.68863 0.02094
56527.80142 16.65187 0.01801
56528.72198 16.63633 0.01781
56528.81982 16.62368 0.01439
56528.87422 16.67234 0.01338
56529.90241 16.64515 0.01175
56529.93849 16.62721 0.01242
56529.97462 16.65892 0.01221
56532.71221 16.67154 0.00926
56532.85928 16.66644 0.00782
56532.89645 16.65575 0.00735
56533.79895 16.64143 0.00742
56533.93493 16.64695 0.00733
56533.97228 16.66376 0.00737
56537.84525 16.65276 0.00651
56537.9874 16.63615 0.00647
56539.69386 16.65352 0.0091
56539.88447 16.64464 0.00665
56539.9215 16.67184 0.00667
56540.97669 16.64904 0.00677
56541.6883 16.64222 0.00968
56542.96698 16.63515 0.00779
56543.00294 16.66147 0.00832
56543.97085 16.66368 0.00682
56544.00787 16.66611 0.00736
56546.67441 16.65219 0.00963
56546.75907 16.64201 0.00781
56546.94639 16.64701 0.00685
56547.84788 16.65829 0.00716
56548.0057 16.65897 0.00723
56548.66959 16.64415 0.0111
56548.70582 16.65559 0.00982
56548.74172 16.66195 0.00889
56549.66591 16.66084 0.01099
56549.70273 16.65362 0.0096
56549.73967 16.65543 0.00892
56550.66388 16.65149 0.01375
56550.6994 16.66928 0.01146
56550.73216 16.65 0.00968
56551.66063 16.68365 0.01453
56551.72202 16.66034 0.01113
56551.75862 16.67136 0.0097
56552.66117 16.66126 0.01458
56552.71291 16.65669 0.01295
56552.74635 16.65172 0.01109
56561.66061 16.65909 0.00844
56561.89034 16.66135 0.00933
56561.92356 16.66041 0.00912
56562.93459 16.66407 0.00763
56563.02169 16.66215 0.00973
56563.6524 16.64687 0.0086
56563.6893 16.65287 0.00856
56563.77494 16.65511 0.00755
56564.72602 16.66143 0.00808
56564.99301 16.6669 0.00792
56565.02672 16.66095 0.00923
56565.92832 16.64975 0.00756
56565.98151 16.66714 0.00812
56566.01544 16.66715 0.00853
56566.91724 16.65405 0.00716
56566.96287 16.65395 0.00749
56566.99591 16.6461 0.00751
56567.8986 16.66166 0.00655
56567.96702 16.66065 0.0067
56568.00039 16.65223 0.00725
56568.90245 16.66625 0.00727
56568.96343 16.66778 0.00797
56568.99843 16.68337 0.00822
56569.90084 16.64987 0.00712
56569.99803 16.66949 0.00829
56570.03082 16.65992 0.01019
56571.62526 16.67916 0.01085
56571.69052 16.67489 0.01044
56571.72419 16.69414 0.01057
56572.62632 16.65858 0.00921
56572.66032 16.664 0.00827
56572.69287 16.65092 0.01316
56573.61429 16.66525 0.00971
56573.64765 16.65685 0.00832
56573.77817 16.65442 0.00709
56576.83948 16.64972 0.00735
56577.00541 16.65351 0.00894
56577.60601 16.66969 0.01205
56577.63144 16.66937 0.01067
56577.77306 16.67029 0.00782
56578.67217 16.67505 0.00859
56578.69674 16.6557 0.00861
56578.75347 16.66998 0.00796
56579.73584 16.66086 0.00896
56579.85963 16.66606 0.00897
56579.88516 16.66496 0.00876
56580.7875 16.68949 0.00947
56580.8553 16.67014 0.0095
56580.88022 16.66804 0.00946
56581.78167 16.66544 0.0128
56581.83883 16.68203 0.01151
56581.86464 16.66575 0.01176
56587.62864 16.66722 0.00762
56587.78993 16.65897 0.00899
56587.81475 16.64971 0.0093
56588.71625 16.65737 0.01278
56588.86644 16.66466 0.01394
56588.89281 16.67486 0.01429
56589.79481 16.66109 0.0076
56589.81959 16.65154 0.00775
56589.84642 16.66206 0.00801
56590.76387 16.67121 0.00775
56590.8749 16.66752 0.008
56590.89969 16.66204 0.00806
56591.80204 16.65144 0.01279
56591.86057 16.67816 0.0085
56591.88508 16.66833 0.00872
56592.81972 16.6648 0.00721
56592.91348 16.66275 0.00805
56592.93852 16.67336 0.00841
56596.59731 16.63657 0.00897
56596.81771 16.64873 0.00847
56596.84238 16.66442 0.00805
56597.74425 16.66213 0.00814
56597.82393 16.6508 0.00869
56597.84943 16.66682 0.00987
56598.75163 16.65972 0.008
56598.82179 16.6641 0.00853
56598.84855 16.65164 0.00801
56599.75014 16.65603 0.00712
56599.79577 16.6579 0.00705
56599.82112 16.64728 0.00727
56600.77441 16.65437 0.0071
56600.8753 16.65428 0.00798
56602.59024 16.66619 0.01044
56602.78065 16.66253 0.00958
56603.68227 16.66473 0.00801
56603.74296 16.65576 0.00817
56603.81581 16.65804 0.00799
56604.73691 16.63881 0.00862
56604.92616 16.63326 0.00983
56605.64733 16.67038 0.00747
56605.67213 16.64676 0.00722
56606.58401 16.66261 0.01891
56606.60932 16.66714 0.01458
56606.64241 16.66644 0.01874
56607.82225 16.65388 0.00942
56607.84927 16.64249 0.00804
56608.75086 16.65807 0.00969
56608.81398 16.6738 0.00968
56608.84048 16.65153 0.01349
56609.8617 16.65763 0.01102
56609.88847 16.64961 0.01146
56621.79766 16.66214 0.00792
56622.58588 16.65014 0.00822
56624.57999 16.65768 0.00828
56624.60429 16.64919 0.00761
56625.70494 16.64896 0.00727
56625.74386 16.64726 0.00724
56626.64578 16.64379 0.00783
56626.67007 16.65401 0.0077
56627.83411 16.66063 0.02003
56628.73144 16.66385 0.00797
56628.76212 16.65445 0.00815
56637.58042 16.66906 0.01036
56637.60549 16.6456 0.01048
56639.58002 16.6474 0.01115
56639.60438 16.67538 0.01049
56640.58279 16.67166 0.01113
56640.61699 16.65388 0.01241
56648.58277 16.65902 0.00853
56648.61266 16.67987 0.00864
56649.60387 16.61801 0.01802
56650.58762 16.7041 0.01051
56653.58621 16.66927 0.01406
56653.61955 16.66823 0.01148
56658.58519 16.64696 0.00767
56658.62914 16.65647 0.00794
56659.58605 16.67405 0.00767
56659.61086 16.67275 0.0076
56660.58569 16.65012 0.00884
56660.61029 16.66992 0.00864
56661.58623 16.69841 0.02578
56662.58587 16.67844 0.01012
56662.61038 16.67943 0.01124
56663.59143 16.65281 0.00759
56663.6171 16.66876 0.00752
56664.58594 16.66104 0.01659
56664.6104 16.68143 0.01352
56668.58721 16.65346 0.01418
56668.61177 16.65845 0.00964
56669.61423 16.6957 0.013
56670.58877 16.67332 0.01374
56670.61422 16.65653 0.02057
56675.5969 16.68087 0.00802
56675.6459 16.67841 0.01002
56676.59181 16.67716 0.00823
56676.61781 16.65638 0.00779
56677.60718 16.66953 0.01666
56677.71635 16.68179 0.05993
56678.61458 16.6662 0.00738
56678.64019 16.65404 0.00772
56680.60724 16.65557 0.00804
56681.63294 16.70547 0.02853
56683.59693 16.65972 0.00797
56683.63252 16.6686 0.0079
56685.59847 16.6595 0.01278
56685.6471 16.63845 0.01278
56686.63379 16.67867 0.01552
56687.59886 16.65473 0.00905
56687.64144 16.65415 0.00969
56690.60286 16.66402 0.00876
56690.64549 16.67386 0.00872
56697.60505 16.66552 0.01016
56699.60928 16.66677 0.01304
56816.96412 16.62093 0.01017
56816.97531 16.62263 0.01255
56817.96427 16.6296 0.00985
56817.97654 16.62831 0.01279
56818.96227 16.64655 0.00829
56818.97512 16.62339 0.01196
56819.96647 16.63324 0.01326
56819.97765 16.64927 0.01563
56820.96625 16.65657 0.01359
56820.97769 16.62809 0.01588
56821.96237 16.60991 0.01542
56821.9727 16.65297 0.01579
56822.96143 16.6148 0.01267
56822.97681 16.63045 0.01521
56823.96094 16.62279 0.01433
56823.97346 16.64856 0.01445
56824.96428 16.62544 0.01142
56824.97573 16.62884 0.01209
56825.96455 16.64371 0.01114
56825.97592 16.65941 0.01508
56826.96127 16.64928 0.01091
56826.97472 16.67823 0.01377
56827.96384 16.63829 0.00901
56827.97622 16.62952 0.01198
56828.9654 16.6386 0.00937
56828.97804 16.61179 0.01169
56829.96383 16.60391 0.00888
56829.97653 16.63021 0.0102
56830.96102 16.62151 0.00918
56830.97338 16.63237 0.01049
56831.96161 16.62356 0.00817
56831.97427 16.62956 0.00924
56832.9648 16.61286 0.00841
56832.97563 16.63405 0.00884
56833.96568 16.62015 0.00929
56833.97644 16.62829 0.00999
56834.96484 16.61945 0.00903
56834.9776 16.63703 0.01035
56835.96569 16.62255 0.01035
56835.97723 16.61997 0.0121
56836.96625 16.62338 0.00781
56836.97711 16.64755 0.00927
56837.96638 16.63481 0.00844
56837.98211 16.62215 0.0114
56838.96389 16.61797 0.0086
56838.9786 16.62732 0.01082
56839.96511 16.64146 0.00703
56839.97834 16.62226 0.00833
56840.96951 16.61844 0.00759
56840.98137 16.64441 0.00974
56841.96857 16.63338 0.0071
56841.98075 16.60688 0.00918
56844.96636 16.62913 0.00761
56844.97887 16.61088 0.00841
56845.96726 16.63364 0.00726
56845.98002 16.64439 0.00801
56846.96666 16.6144 0.00684
56846.98115 16.62627 0.0073
56847.96648 16.60997 0.00675
56847.98151 16.61241 0.0072
56848.96743 16.6137 0.00675
56848.98312 16.60422 0.00795
56849.96813 16.62266 0.01018
56849.98235 16.60992 0.0105
56850.96941 16.61792 0.01555
56850.98368 16.59105 0.01456
56851.97048 16.62795 0.00984
56851.98675 16.62903 0.01048
56854.96165 16.62295 0.01079
56854.98771 16.64376 0.01162
56855.96071 16.62705 0.0084
56855.98393 16.63688 0.009
56856.96087 16.66014 0.01455
56856.98328 16.64104 0.01318
56858.96243 16.59851 0.00801
56858.98507 16.61528 0.00836
56859.96515 16.61578 0.00674
56859.98697 16.61253 0.00746
56861.96231 16.6219 0.00826
56861.98508 16.62236 0.00772
56862.9659 16.61834 0.00709
56862.98227 16.60808 0.00713
56863.94981 16.60245 0.00765
56864.94576 16.61327 0.00955
56864.96947 16.62099 0.01036
56865.96089 16.60703 0.00705
56867.98799 16.60291 0.00781
56868.96536 16.60797 0.00734
56868.98567 16.59057 0.00751
56869.96092 16.61145 0.00736
56869.98231 16.59724 0.00723
56870.96467 16.5977 0.00887
56870.98635 16.6043 0.00874
56874.97428 16.60955 0.00735
56874.99622 16.60168 0.00734
56875.98151 16.60259 0.0081
56875.99752 16.60002 0.00771
56876.91773 16.58927 0.00675
56876.94717 16.60258 0.00656
56877.9745 16.60505 0.00638
56877.9957 16.61315 0.00671
56878.00741 16.61247 0.00914
56879.92838 16.62097 0.00964
56879.95816 16.60583 0.00963
56880.95792 16.58538 0.01905
56880.9882 16.60669 0.01175
56882.96877 16.60674 0.01288
56882.98848 16.57938 0.01252
56883.9421 16.60369 0.00875
56883.98158 16.58972 0.00913
56884.99956 16.58722 0.00844
56885.96448 16.57391 0.00792
56885.98159 16.5939 0.00807
56886.91453 16.59449 0.00727
56886.94264 16.60263 0.00742
56887.91623 16.58532 0.00695
56887.94902 16.5778 0.00705
56888.86519 16.56906 0.00625
56888.89905 16.58854 0.00628
56888.91008 16.58124 0.00632
56888.94196 16.58563 0.00672
56890.94091 16.5849 0.00803
56890.97479 16.59826 0.00799
56895.83087 16.59218 0.00905
56895.86667 16.62935 0.02019
56972.71463 16.60568 0.01151
56972.73749 16.59763 0.01142
56978.74407 16.59722 0.01279
56978.79927 16.59383 0.0129
56979.72374 16.59382 0.01205
56980.71766 16.58453 0.01315
56980.83416 16.59124 0.01267
56981.71538 16.59385 0.0124
56981.77818 16.60066 0.01375
56984.71333 16.58203 0.01184
56984.78092 16.57919 0.01288
56986.72544 16.58471 0.01275
56986.79095 16.58278 0.01194
56987.70535 16.58969 0.01256
56987.76948 16.58451 0.01204
56988.66321 16.60434 0.0139
56989.60286 16.60155 0.01363
56989.66828 16.59827 0.01316
56990.59847 16.59147 0.01273
56990.66232 16.60674 0.01299
56991.66882 16.59652 0.01698
57555.93989 16.58187 0.00959
57555.96363 16.59485 0.00949
57564.94449 16.60547 0.01216
57564.95195 16.59206 0.01368
57565.94418 16.6067 0.01224
57567.951 16.61062 0.01122
57567.97572 16.59315 0.01184
57568.92119 16.57646 0.01212
57568.97479 16.60646 0.01131
57569.92685 16.58595 0.00927
57570.93954 16.59808 0.00884
57571.91515 16.59684 0.00951
57571.96845 16.59229 0.00912
57572.94 16.58837 0.00929
57572.961 16.59437 0.00956
57573.95955 16.59831 0.00874
57573.98653 16.62462 0.01544
57574.96997 16.58943 0.01795
57575.96076 16.56549 0.01322
57576.95096 16.59028 0.01634
57577.97714 16.56133 0.01496
57578.93031 16.57406 0.01253
57579.93833 16.57964 0.00891
57579.96636 16.58493 0.00897
57580.94991 16.56086 0.01274
57580.97641 16.57973 0.01237
57581.93908 16.58078 0.01087
57581.96061 16.57591 0.01157
57582.96612 16.58447 0.00864
57582.9889 16.57398 0.01182
57583.93612 16.58404 0.00818
57583.97225 16.5809 0.00848
57584.92871 16.57161 0.0084
57584.97404 16.58355 0.00863
57585.92275 16.58858 0.00888
57585.96134 16.58727 0.00904
57586.91575 16.60106 0.01051
