#mjd mag magerr
55061.92501 21.01083 0.10643
55061.95573 20.70475 0.09328
55063.91987 20.90854 0.10632
55063.9639 20.84151 0.10973
55064.92128 20.81646 0.10693
55064.9656 20.75496 0.12112
55066.91014 21.02586 0.12476
55066.95474 20.9765 0.11736
55069.90324 20.67332 0.101
55069.94786 20.85503 0.10846
55087.85609 21.05324 0.11059
55087.90101 21.06419 0.13119
55088.96983 20.76391 0.11697
55089.01521 20.7447 0.10589
55089.94574 20.99476 0.1319
55089.99042 20.90282 0.13832
55093.83741 20.81449 0.10817
55093.88196 20.96276 0.11467
55096.8292 20.76772 0.10652
55097.00858 20.56717 0.11144
55114.88125 20.98399 0.12252
55119.89538 21.06313 0.14109
55119.95365 20.8915 0.14918
55123.75696 20.79625 0.10341
55123.81523 20.71486 0.11448
55127.83329 20.5552 0.11501
55135.82555 20.60652 0.20929
55142.7036 20.79744 0.12047
55142.75219 20.86507 0.14474
55144.77886 20.8032 0.1306
55144.82305 20.83772 0.13578
55151.72943 20.97362 0.19134
55175.61224 20.74028 0.13229
55175.65684 20.49981 0.08951
55181.63825 20.99614 0.15139
55183.59204 20.39997 0.2382
55183.64253 20.78458 0.13089
55199.58559 20.7863 0.12928
55386.86524 20.92866 0.12418
55391.87538 21.16127 0.16097
55396.83932 21.13465 0.15078
55422.75115 21.35482 0.16897
55426.80123 20.98075 0.17017
55426.8444 20.64637 0.13147
55429.85716 21.1394 0.17072
55438.90371 21.05655 0.16908
55438.90927 20.83935 0.16048
55441.87301 21.04651 0.14325
55441.87592 20.96743 0.12616
55441.88645 21.06239 0.18004
55441.88962 21.1428 0.16228
55441.89254 21.36757 0.13607
55441.89542 21.09717 0.14157
55441.89828 20.90921 0.12476
55441.90107 20.94394 0.17125
55441.9037 21.04274 0.14645
55441.90634 20.95019 0.12206
55441.90906 20.88049 0.11448
55441.9118 21.00693 0.15816
55441.91445 20.96044 0.16034
55441.91722 21.12766 0.12798
55441.91981 21.18007 0.12347
55441.92242 21.06655 0.18714
55441.92546 21.33005 0.13056
55441.9281 20.85563 0.11896
55441.93183 20.93822 0.12105
55441.93458 20.91072 0.17055
55441.94048 20.72266 0.16744
55441.94546 20.95785 0.16106
55441.94852 21.37533 0.16905
55441.95194 21.29021 0.16544
55441.95469 20.99138 0.12749
55441.95786 20.92719 0.12589
55441.96081 21.15362 0.14625
55441.96392 21.05761 0.14046
55441.96715 21.27149 0.15376
55441.97012 21.12628 0.11887
55441.97294 21.24869 0.13278
55441.97532 21.13057 0.12978
55441.9798 20.80642 0.11478
55441.9835 20.85818 0.12706
55441.9863 21.30038 0.16526
55441.98852 21.0304 0.13697
55442.00593 21.0095 0.18615
55442.00906 20.97966 0.14136
55442.01216 21.07907 0.14305
55444.71487 20.8132 0.17004
55444.73377 20.912 0.15035
55444.74094 21.02206 0.14184
55444.75167 21.09233 0.14696
55444.75678 20.69578 0.13215
55444.76225 21.10529 0.17714
55444.7673 21.01485 0.13627
55444.77353 20.93363 0.13245
55444.77876 21.08247 0.13627
55444.79848 21.0901 0.15305
55444.80403 20.87224 0.13966
55444.81599 21.0843 0.13435
55444.8213 21.38597 0.15665
55444.83332 21.22038 0.18865
55444.83854 20.86559 0.13214
55444.84549 20.7894 0.14825
55444.85161 21.22795 0.14765
55444.85679 21.03376 0.12945
55444.87321 20.84669 0.11697
55444.87872 21.22433 0.15684
55444.88467 20.92152 0.16015
55444.90153 21.17351 0.13724
55444.90845 20.85715 0.12696
55444.91349 20.77531 0.12776
55444.93139 20.85675 0.10724
55444.94041 20.99624 0.12207
55444.94568 21.01229 0.13345
55444.95724 21.2592 0.14955
55444.96923 20.90784 0.12947
55444.97411 21.2538 0.14844
55444.98062 21.0795 0.14175
55444.98915 21.17628 0.16594
55445.00157 21.0667 0.15125
55445.00779 20.97142 0.16334
55445.01282 21.24064 0.22323
55445.01777 21.08929 0.15296
55451.70095 20.70611 0.15426
55466.63348 20.84274 0.17686
55471.77466 21.17657 0.13659
55477.66775 20.98823 0.22036
55484.66377 20.98771 0.23444
55485.66329 20.80309 0.16731
55532.78408 21.0478 0.1423
56469.87982 20.64657 0.18818
56469.91685 20.63081 0.13406
56471.91001 20.47871 0.15574
56475.9008 20.31219 0.16428
56485.83631 20.41593 0.11356
56486.83403 20.53926 0.12725
56486.87106 20.60596 0.11745
56488.83006 20.39674 0.14418
56488.86647 20.27914 0.0904
56489.82698 20.53992 0.13799
56489.86366 20.41489 0.10329
56502.79167 20.62755 0.17459
56502.82864 20.41628 0.11909
56503.78903 20.17419 0.11772
56503.82769 20.57322 0.12034
56504.82017 20.54865 0.15273
56504.86992 20.55943 0.11328
56504.90811 20.59574 0.11438
56505.9509 20.32312 0.09343
56505.98842 20.47969 0.1442
56507.80198 20.66035 0.11814
56507.84712 20.62371 0.10453
56507.99891 20.23733 0.1213
56508.90167 20.5212 0.08193
56509.79634 20.52051 0.11828
56509.83877 20.39294 0.09129
56510.8262 20.49759 0.08474
56511.79111 20.44614 0.102
56511.84089 20.65341 0.10617
56512.78788 20.19741 0.0971
56512.82519 20.40616 0.12186
56513.78624 20.63673 0.11468
56513.82352 20.45063 0.10239
56514.7834 20.41819 0.09759
56514.82081 20.44718 0.10051
56515.82231 20.58255 0.12527
56516.77774 20.61609 0.10159
56516.81437 20.37053 0.08234
56517.77605 20.32654 0.10649
56517.81715 20.51011 0.08121
56517.97309 20.38368 0.07747
56518.87478 20.29833 0.08808
56518.96686 20.47244 0.08913
56519.00311 20.53957 0.0978
56519.90443 20.21554 0.07034
56519.96504 20.43388 0.08233
56520.00171 20.39001 0.07408
56520.90327 20.20851 0.07819
56520.95521 20.31258 0.08521
56520.99262 20.36028 0.07907
56537.84525 20.34003 0.08022
56537.9874 20.23947 0.07377
56551.75862 20.39684 0.13657
56565.92832 20.19401 0.08081
56565.98151 20.19569 0.10556
56566.01544 20.23659 0.10492
56579.73584 20.35685 0.12405
56579.85963 20.41431 0.15258
56579.88516 20.49678 0.1168
56596.59731 20.30767 0.11172
56596.81771 20.64006 0.12029
56596.84238 20.17741 0.10286
56625.70494 20.2019 0.08192
56625.74386 20.3427 0.09059
56639.58002 19.98462 0.15026
56639.60438 20.18423 0.12726
56697.60505 20.42114 0.16778
56816.96412 20.67861 0.14497
56818.96227 20.61436 0.09916
56828.9654 20.50615 0.12237
56828.97804 20.40321 0.1649
56829.96383 20.31088 0.10568
56829.97653 20.50149 0.1338
56830.96102 20.52333 0.10558
56830.97338 20.62343 0.15658
56831.96161 20.34925 0.08669
56831.97427 20.37887 0.12546
56832.9648 20.55371 0.09991
56832.97563 20.81109 0.12279
56833.96568 20.60714 0.09921
56833.97644 20.70672 0.1434
56834.96484 20.53806 0.10087
56834.9776 20.46922 0.13813
56835.96569 20.67611 0.17806
56836.96625 20.28792 0.07931
56836.97711 20.53009 0.13167
56837.96638 20.21477 0.08432
56837.98211 20.70746 0.16222
56838.96389 20.48504 0.09291
56838.9786 20.37793 0.1148
56840.96951 20.3056 0.09371
56840.98137 20.46323 0.1392
56844.96636 20.6611 0.10292
56844.97887 20.6377 0.11822
56847.96648 20.35253 0.07553
56847.98151 20.50654 0.09978
56851.97048 20.66465 0.1627
56851.98675 20.51191 0.1564
56856.98328 20.6575 0.19091
56859.96515 20.33078 0.07427
56859.98697 20.39115 0.10021
56863.94981 20.50818 0.07796
56867.98799 20.58744 0.0998
56868.96536 20.20517 0.08609
56868.98567 20.36138 0.08714
56874.97428 20.27103 0.06959
56874.99622 20.47081 0.09429
56875.98151 20.30253 0.07932
56875.99752 20.26758 0.08761
56878.9086 20.43748 0.15147
56878.93847 20.52903 0.13147
56879.92838 20.37763 0.12629
56879.95816 20.71405 0.15645
56884.99956 20.10356 0.12372
56890.94091 20.27147 0.07454
56890.97479 20.32678 0.08471
56972.71463 20.10286 0.09047
56972.73749 20.39931 0.10398
56980.71766 20.13025 0.08616
56980.83416 19.98932 0.08753
56981.77818 19.88838 0.07406
56984.71333 20.47286 0.13667
56984.78092 20.18181 0.14734
56986.72544 20.11903 0.09763
56986.79095 20.10353 0.13654
56987.70535 20.06595 0.09481
56987.76948 20.36181 0.10747
56988.66321 20.2232 0.0883
56989.60286 20.37423 0.09253
56989.66828 20.09754 0.09789
56990.59847 20.08772 0.08781
56990.66232 20.00717 0.08428
57000.62591 20.12194 0.08459
57000.65668 20.32449 0.12418
57011.62365 20.00756 0.07933
57011.65019 20.08239 0.0803
57018.60146 19.98771 0.09059
57018.62586 20.33649 0.10691
57030.59868 20.10436 0.08594
57040.60372 20.3345 0.09182
57040.65327 20.10081 0.11571
57059.60766 20.17655 0.08104
57059.61723 20.00429 0.07826
57064.61072 20.07738 0.09934
57064.62756 20.50122 0.12103
57069.61019 20.15386 0.11479
57069.6409 20.22115 0.12492
57180.95646 20.27777 0.13077
57187.96362 20.08307 0.08778
57188.93765 20.10693 0.08693
57188.96808 20.36383 0.10295
57189.95594 20.49944 0.09452
57190.94422 20.55363 0.11528
57191.9217 20.58592 0.12482
57191.95614 20.4264 0.09457
57192.94672 20.0717 0.12067
57193.93573 20.50408 0.11351
57193.96862 20.17892 0.1562
57194.94374 20.18802 0.08935
57195.94595 20.33931 0.12836
57195.97546 20.31487 0.17942
57196.92539 20.52855 0.15451
57196.97637 20.46543 0.1632
57197.91796 20.36554 0.11322
57197.96971 20.31733 0.14653
57198.93165 20.19273 0.11166
57198.96479 20.2098 0.09214
57199.9472 20.18132 0.11044
57208.90735 20.61657 0.16229
57208.94607 20.17015 0.14448
57209.93937 20.62176 0.17
57209.97959 20.43769 0.13081
57210.9363 20.36455 0.1372
57210.97519 20.03698 0.10266
57211.94997 20.53475 0.12262
57211.98409 20.39645 0.14702
57214.96163 20.25821 0.09562
57216.93262 20.14072 0.09443
57216.97994 20.41695 0.11562
57251.8693 20.49974 0.08559
57267.9816 20.54605 0.17778
