#mjd mag magerr
55061.92501 19.40746 0.04149
55061.95573 19.54686 0.04506
55063.91987 19.48869 0.042
55063.9639 19.47386 0.04524
55064.92128 19.46241 0.04612
55064.9656 19.52198 0.04871
55066.91014 19.3884 0.04173
55066.95474 19.35764 0.03927
55067.91649 19.74663 0.06931
55067.96099 19.45649 0.06116
55069.90324 19.4951 0.05152
55069.94786 19.59696 0.05422
55080.87449 19.70238 0.10851
55080.95988 19.70837 0.14862
55084.86328 19.51979 0.06955
55087.85609 19.47075 0.04801
55087.90101 19.46715 0.04651
55088.96983 19.45498 0.04659
55089.01521 19.50644 0.04982
55089.94574 19.52164 0.04793
55089.99042 19.54867 0.05161
55093.83741 19.48366 0.04895
55093.88196 19.5271 0.04705
55096.8292 19.50835 0.04772
55097.00858 19.48578 0.05987
55104.99862 19.58444 0.06554
55107.79764 19.27602 0.09462
55114.88125 19.61194 0.06876
55114.92522 19.78872 0.14283
55119.89538 19.52991 0.06407
55119.95365 19.69831 0.06814
55123.75696 19.45994 0.05161
55123.81523 19.5697 0.05521
55126.97957 19.58713 0.07612
55127.83329 19.46869 0.0575
55127.87706 19.71699 0.06786
55135.82555 19.62382 0.10444
55135.86926 19.52284 0.10287
55138.71472 19.6537 0.10508
55138.75871 19.84614 0.12741
55142.7036 19.42674 0.05468
55142.75219 19.4407 0.0644
55144.77886 19.52358 0.05718
55144.82305 19.48972 0.06403
55151.72943 19.6423 0.06135
55151.77257 19.56444 0.05482
55166.70473 19.31579 0.11668
55166.74897 19.45474 0.09775
55168.63378 19.61697 0.09258
55168.6775 19.5195 0.08952
55175.61224 19.50353 0.04632
55175.65684 19.49728 0.0453
55181.59421 19.65523 0.07929
55181.63825 19.44693 0.06419
55183.59204 19.59217 0.07133
55183.64253 19.43256 0.05321
55189.58054 19.50303 0.07029
55189.62557 19.53722 0.05611
55194.59026 19.89508 0.16666
55199.58559 19.54968 0.05645
55201.58642 19.56831 0.19496
55202.58667 19.44155 0.06185
55203.71441 19.60638 0.0777
55203.75743 19.46448 0.07581
55207.63092 19.5085 0.06123
55207.67514 19.40168 0.05054
55209.5968 19.47155 0.04936
55209.64149 19.44491 0.04883
55213.63312 19.45212 0.06575
55213.6798 19.41306 0.07413
55377.85123 19.77561 0.11252
55377.89535 19.99039 0.11627
55379.8591 19.85266 0.09916
55379.92482 19.71738 0.08197
55380.92078 19.97693 0.09839
55381.89606 19.72769 0.07887
55381.93934 19.92789 0.07629
55384.82671 19.85326 0.07042
55384.87028 19.67247 0.06171
55385.87021 19.82302 0.06358
55385.91339 19.79285 0.05801
55386.86524 19.97994 0.06881
55386.90867 19.82227 0.06307
55387.87002 19.66917 0.06155
55387.91342 19.76251 0.0552
55388.86609 19.88387 0.08485
55388.91005 19.6795 0.0573
55389.97252 19.77729 0.1171
55390.80957 19.91824 0.08905
55390.85393 19.75606 0.06963
55391.80613 19.95144 0.10147
55391.87538 19.78453 0.06809
55392.83258 19.75983 0.07904
55392.87538 19.80471 0.06342
55394.79908 19.87524 0.08329
55394.8431 19.83455 0.0703
55395.84215 19.73528 0.06961
55396.79527 19.78796 0.09966
55396.83932 19.64246 0.05749
55397.79163 19.8696 0.10841
55397.83526 19.6863 0.06392
55398.78764 19.91683 0.11349
55398.83124 19.69648 0.07877
55399.78802 19.9162 0.116
55399.83261 19.85844 0.10166
55400.78534 20.02876 0.20085
55400.8289 19.91757 0.09948
55401.78133 20.04181 0.15583
55401.82518 19.82031 0.16397
55402.8246 19.66895 0.1279
55403.77642 20.03994 0.18589
55403.81973 19.7577 0.13509
55404.77424 19.73585 0.18898
55404.84266 19.91663 0.12231
55405.8416 19.46548 0.12216
55407.7691 19.79165 0.16051
55407.83003 19.57143 0.12318
55411.79896 19.85547 0.09115
55412.75232 20.1042 0.14858
55412.79539 20.02884 0.11595
55413.75577 20.09597 0.13742
55413.79945 19.61748 0.08978
55414.75161 19.95549 0.12098
55414.79555 19.87407 0.0968
55415.75266 20.10354 0.1372
55415.79727 19.79157 0.11244
55416.79342 19.88147 0.10761
55417.75979 19.89746 0.12781
55417.84511 19.90199 0.09259
55418.79843 20.04995 0.11361
55418.84121 19.85769 0.09006
55419.75121 19.81187 0.11876
55419.79504 20.02419 0.10224
55420.78929 19.75551 0.10984
55420.83264 19.85866 0.10023
55421.73664 19.86908 0.07631
55421.79901 19.77341 0.0619
55422.75115 19.85799 0.07869
55422.79487 19.73319 0.0601
55423.74742 19.75364 0.06658
55423.79284 19.77055 0.05732
55424.75349 19.92122 0.086
55424.80178 19.77578 0.06432
55425.76166 19.83477 0.08626
55425.80573 19.61836 0.05372
55426.80123 19.74501 0.07919
55426.8444 19.68026 0.05394
55427.79708 19.78456 0.08457
55427.8408 19.70669 0.06788
55428.79281 19.62228 0.07909
55428.83703 19.88067 0.07637
55429.8142 19.92147 0.08646
55429.85716 19.78471 0.07468
55430.75769 19.78837 0.1024
55430.80485 20.03826 0.1041
55431.75639 19.71281 0.09988
55431.80024 19.72564 0.0982
55432.73907 20.0026 0.1384
55432.78359 19.91621 0.11959
55434.73769 19.84909 0.12512
55435.74218 19.95185 0.15322
55436.88575 19.93793 0.1039
55436.88891 19.79944 0.11578
55436.8919 19.91898 0.1118
55436.89501 19.93046 0.10436
55436.89797 19.88371 0.12678
55436.90109 19.70053 0.10096
55436.9042 19.97261 0.10471
55436.90728 20.01012 0.11907
55436.91041 19.96894 0.11648
55436.91641 20.10466 0.12247
55436.91931 19.85556 0.10159
55436.92221 19.76913 0.11108
55436.92514 20.08273 0.10839
55436.92806 19.82603 0.10959
55436.93096 19.93164 0.13597
55436.93703 20.18093 0.15166
55436.93974 19.80459 0.1085
55436.94613 19.6896 0.12137
55436.94915 19.98293 0.15557
55436.95231 19.69296 0.0994
55436.9553 19.69674 0.12666
55436.95826 19.82443 0.10701
55436.96116 20.07433 0.12127
55436.96403 19.84956 0.10637
55436.96671 19.88697 0.102
55438.88857 19.81358 0.10627
55438.89169 20.03704 0.10826
55438.89485 19.72889 0.08749
55438.89798 19.91554 0.08798
55438.90086 19.86071 0.08768
55438.90371 19.78661 0.09111
55438.9065 19.84087 0.08531
55438.90927 19.99904 0.11547
55438.91204 19.86244 0.09587
55438.91487 19.89992 0.08549
55438.91763 19.81749 0.09427
55438.92084 20.03038 0.11178
55438.92394 20.10316 0.11626
55438.92672 19.71009 0.09108
55438.92954 19.96138 0.10297
55438.93259 19.98136 0.12746
55438.93833 19.96386 0.1031
55438.94106 19.95841 0.10877
55438.94411 19.7192 0.11357
55438.94678 19.9431 0.10428
55438.95017 19.78072 0.09577
55438.95913 19.74631 0.12305
55438.96141 20.09251 0.11697
55440.87507 19.79734 0.06859
55440.87823 19.7918 0.06637
55440.88428 19.69458 0.0635
55440.88675 19.7241 0.07059
55440.8894 19.67583 0.0638
55440.89205 19.78113 0.06314
55440.89518 19.88033 0.07082
55440.89832 19.92988 0.07547
55440.90145 19.81856 0.07327
55440.90439 19.81749 0.06806
55440.90729 19.88213 0.07908
55440.91025 19.77469 0.07019
55440.91316 20.00492 0.08036
55440.91591 19.76496 0.071
55440.9187 19.82521 0.07029
55440.92149 19.79849 0.07779
55440.92426 19.74479 0.06239
55440.93095 19.68089 0.06588
55440.93364 19.77193 0.06519
55440.93623 19.66007 0.07006
55440.9395 19.90121 0.07337
55440.94264 19.79215 0.06877
55440.94582 19.99914 0.08129
55440.94883 19.98069 0.07378
55440.95182 19.90634 0.07757
55440.95489 19.87974 0.07228
55440.95791 19.87301 0.07449
55441.87301 19.75487 0.0587
55441.87592 19.74158 0.05999
55441.88645 19.86637 0.06349
55441.88962 19.73751 0.05692
55441.89254 19.77487 0.05903
55441.89542 19.61361 0.05699
55441.89828 19.66786 0.05511
55441.90107 19.6703 0.05533
55441.9037 19.76508 0.06091
55441.90634 19.72722 0.0601
55441.90906 19.80166 0.06129
55441.9118 19.69242 0.05661
55441.91445 19.83245 0.0594
55441.91722 19.88502 0.06411
55441.91981 19.76889 0.06183
55441.92242 19.87683 0.0668
55441.92546 19.78378 0.06279
55441.9281 19.90203 0.0653
55441.93183 19.8789 0.06552
55441.93458 19.77209 0.06
55441.93727 19.78657 0.06472
55441.94048 19.83449 0.05668
55441.94326 19.6764 0.05715
55441.94546 19.87609 0.06956
55441.94852 19.82038 0.06499
55441.95194 19.7101 0.05892
55441.95469 19.77057 0.0582
55441.95786 19.79703 0.05952
55441.96081 19.91517 0.0706
55441.96392 19.96685 0.06715
55441.96715 19.67277 0.05745
55441.97012 19.85621 0.06899
55441.97294 19.78197 0.0578
55441.97532 19.74176 0.05772
55441.97757 19.67752 0.05999
55441.9798 19.74154 0.0594
55441.9835 19.73077 0.06093
55441.9863 19.75721 0.06408
55441.98852 19.78911 0.06468
55441.99078 19.73265 0.06299
55441.99382 19.82536 0.06499
55442.00593 19.91864 0.07788
55442.00906 19.731 0.0708
55442.01216 19.92778 0.07661
55442.01486 19.87523 0.08677
55442.01753 19.76694 0.11299
55442.02226 19.8546 0.1251
55442.70382 20.02238 0.07668
55442.70734 19.72796 0.0635
55442.71097 19.68867 0.06251
55442.71448 19.66239 0.06578
55442.71808 19.77332 0.06508
55442.72168 19.71903 0.05662
55442.72527 19.7898 0.05881
55442.73272 19.78948 0.06789
55442.74184 19.80435 0.06278
55442.74882 19.61493 0.05403
55442.75572 19.76171 0.06301
55442.76147 19.78043 0.05787
55442.76615 19.78895 0.0581
55442.77616 19.76905 0.064
55442.78135 19.79604 0.0556
55442.78615 19.77726 0.05998
55442.79145 19.63726 0.04942
55442.79615 19.84774 0.05553
55442.80186 19.88066 0.06101
55442.8093 19.71079 0.05379
55442.81443 19.69057 0.05721
55442.81939 19.6986 0.05076
55442.82447 19.77275 0.05643
55442.8293 19.73203 0.05306
55442.83541 19.75337 0.05431
55442.84012 19.76288 0.05481
55442.84597 19.76187 0.05486
55442.85112 19.74961 0.05414
55442.85657 19.71707 0.05483
55442.86387 19.79105 0.0607
55442.87002 19.90126 0.06272
55442.87503 19.79159 0.05854
55442.88048 19.66472 0.05342
55442.88617 19.74255 0.05485
55442.89221 19.73699 0.05445
55442.89785 19.69315 0.05239
55442.90297 19.80179 0.05933
55442.90871 19.69996 0.05561
55442.91368 19.73797 0.0561
55442.91875 19.89802 0.0588
55442.92384 19.73848 0.05852
55442.93037 19.83761 0.06018
55442.93642 19.81087 0.05562
55442.94588 19.93931 0.07161
55442.95166 19.80953 0.05744
55442.95754 19.82009 0.05948
55442.96246 19.72314 0.05842
55442.96833 19.86652 0.06822
55442.97317 19.78834 0.06196
55442.97782 19.80877 0.06071
55442.98206 19.81464 0.05853
55442.9872 19.72029 0.0609
55442.99348 19.86354 0.06288
55442.99858 19.72775 0.05771
55443.00329 19.73581 0.05869
55443.01002 19.85113 0.06108
55443.01702 19.90286 0.08657
55443.02387 20.02046 0.17046
55443.67742 19.71594 0.07888
55443.68488 19.86618 0.0827
55443.69287 19.90622 0.07856
55443.70415 19.83176 0.07328
55443.71028 19.96651 0.07968
55443.71632 19.77903 0.06868
55443.72231 19.76435 0.06978
55443.72832 19.91863 0.07185
55443.736 19.75926 0.06707
55443.74306 19.96268 0.07159
55443.74812 19.62695 0.05802
55443.75372 19.76215 0.06277
55443.75946 19.72503 0.06123
55443.76526 19.79031 0.06656
55443.77007 19.7909 0.06329
55443.78027 19.97541 0.0738
55443.78539 19.93115 0.06448
55443.79156 19.68734 0.0607
55443.79717 19.82737 0.06342
55443.80302 19.82975 0.06259
55443.80895 19.76157 0.05665
55443.81493 19.71374 0.05979
55443.8204 19.89006 0.0694
55443.82634 19.80833 0.06087
55443.83239 19.84212 0.06147
55443.83783 19.79287 0.05806
55443.84415 19.78469 0.05889
55443.84958 19.97135 0.06519
55443.85553 19.82427 0.05899
55443.86252 19.72424 0.05884
55443.87576 19.80799 0.0591
55443.88141 19.79678 0.06178
55443.88892 19.86958 0.0654
55443.89412 19.85882 0.0661
55443.90077 19.8227 0.06599
55443.90658 19.74343 0.05859
55443.91235 19.87514 0.05739
55443.91779 19.96075 0.06541
55443.92403 19.8645 0.07177
55443.92967 19.75755 0.06063
55443.93496 20.02341 0.06939
55443.94073 19.86669 0.06258
55443.94779 19.91577 0.06593
55443.95355 19.81809 0.06058
55443.95925 19.89424 0.0673
55443.9693 19.81207 0.06279
55443.97555 19.79404 0.06498
55443.98144 19.71892 0.05897
55443.98725 19.85225 0.0731
55443.99456 19.87873 0.06807
55444.00093 19.80731 0.06658
55444.0061 19.72889 0.05978
55444.01187 19.79466 0.06842
55444.0175 20.11257 0.10227
55444.02231 19.94045 0.14317
55444.66648 20.02881 0.10011
55444.67221 19.90502 0.10399
55444.67727 19.79157 0.09035
55444.68857 19.77323 0.08409
55444.69526 19.80548 0.07805
55444.70198 19.81886 0.08446
55444.7091 19.87085 0.07947
55444.71487 19.68062 0.07897
55444.72103 19.83385 0.07507
55444.72796 19.78618 0.07407
55444.73377 19.9397 0.07569
55444.74094 19.71004 0.06357
55444.74655 19.97896 0.07108
55444.75167 19.66208 0.06238
55444.75678 19.60082 0.05782
55444.76225 19.74299 0.06101
55444.7673 19.7209 0.06337
55444.77353 19.83755 0.06699
55444.77876 19.72366 0.0625
55444.78368 19.92051 0.06608
55444.79848 19.74202 0.06122
55444.80403 19.73408 0.06001
55444.81599 19.86515 0.062
55444.8213 19.74544 0.05572
55444.83332 19.74442 0.0595
55444.83854 19.7719 0.05942
55444.84549 19.78249 0.06079
55444.85161 19.77067 0.05765
55444.85679 19.8334 0.06063
55444.86267 19.84712 0.06438
55444.86777 19.85617 0.06222
55444.87321 19.83207 0.06689
55444.87872 19.75126 0.05898
55444.88467 19.70711 0.05986
55444.89016 19.92801 0.06288
55444.89581 19.81726 0.06601
55444.90153 19.73407 0.05272
55444.90845 19.8576 0.06508
55444.91349 19.70055 0.05459
55444.92279 19.67397 0.05509
55444.93139 19.81162 0.0614
55444.94041 19.76963 0.05933
55444.94568 19.86603 0.0648
55444.951 19.82822 0.06944
55444.95724 19.88931 0.06223
55444.96289 19.87045 0.06212
55444.96923 19.70624 0.05669
55444.97411 19.66078 0.05659
55444.98062 19.75583 0.06378
55444.98915 19.9016 0.0659
55444.99553 19.77764 0.0595
55445.00157 19.89041 0.06888
55445.00779 19.80782 0.06383
55445.01282 19.83027 0.06787
55445.01777 19.82872 0.08408
55445.02227 19.85382 0.11281
55445.66261 19.8222 0.0881
55445.66749 19.79219 0.08107
55445.67244 19.85806 0.08298
55445.67731 20.05537 0.08715
55445.68422 19.70209 0.06862
55445.6905 19.87109 0.07719
55445.69681 19.73933 0.06397
55445.70294 19.66724 0.0649
55445.70921 19.72258 0.0684
55445.71534 19.85617 0.076
55445.72141 20.04169 0.08596
55445.72791 19.90512 0.07338
55445.73457 19.70932 0.0647
55445.74013 19.70163 0.06639
55445.7456 19.82248 0.06799
55445.75096 19.67255 0.06468
55445.75643 19.73831 0.0619
55445.76191 19.7549 0.0636
55445.76784 19.70616 0.0587
55445.7737 19.6983 0.05704
55445.779 19.81992 0.0605
55445.78479 19.80618 0.05393
55445.79025 19.78266 0.06
55445.79613 19.7234 0.0578
55445.81095 19.70859 0.05891
55445.81845 19.64023 0.05338
55445.82455 19.6375 0.04814
55445.83024 19.80765 0.057
55445.84021 19.82607 0.06033
55445.84549 19.81348 0.05601
55445.85174 19.76969 0.05359
55445.85762 19.73844 0.05559
55445.8636 19.75883 0.0554
55445.86963 19.70162 0.0511
55445.87567 19.72095 0.05391
55445.88207 19.70223 0.05097
55445.88844 19.78322 0.05401
55445.89432 19.74156 0.05594
55445.89983 19.66479 0.04992
55445.90668 19.79663 0.05361
55445.91299 19.75489 0.04939
55445.91722 19.70827 0.05392
55445.92351 19.82311 0.05894
55445.92915 19.96633 0.06328
55445.93496 19.79921 0.05829
55445.94048 19.81329 0.056
55445.95216 19.68505 0.05553
55445.95886 19.89269 0.06051
55445.97191 19.77145 0.0541
55445.97872 19.79454 0.0545
55445.98437 19.77045 0.05378
55445.98972 19.72235 0.05764
55445.99581 19.83674 0.05761
55446.00245 19.73559 0.05645
55446.00827 19.66678 0.05399
55446.01324 19.77015 0.06021
55446.01787 19.77344 0.07826
55446.0233 19.84696 0.11548
55446.66046 19.92641 0.08934
55446.66501 19.84925 0.08972
55446.67089 19.8178 0.07319
55446.67601 19.69373 0.07297
55446.6814 20.04045 0.0894
55446.68915 19.94979 0.0823
55446.70044 19.91506 0.0764
55446.70781 19.70514 0.0644
55446.71375 19.88105 0.06818
55446.71998 19.91376 0.06906
55446.7269 19.72013 0.06309
55446.73768 19.7212 0.06558
55446.74263 19.78267 0.06331
55446.74841 19.72893 0.06316
55446.75986 19.67138 0.0542
55446.76487 19.73555 0.05972
55446.77004 19.74117 0.05732
55446.77518 19.71977 0.0571
55446.78018 19.83087 0.05948
55446.78654 19.78663 0.05951
55446.79243 19.78446 0.0529
55446.79818 19.75694 0.05513
55446.80822 19.74921 0.05614
55446.81336 19.75769 0.05862
55446.81934 19.75677 0.05701
55446.82569 19.73301 0.05594
55446.83186 19.69478 0.0538
55446.83803 19.74864 0.05749
55446.84316 19.7375 0.05629
55446.84946 19.64632 0.05522
55446.85529 19.90894 0.07528
55446.86132 19.82875 0.06294
55446.87321 19.74686 0.05769
55446.87945 19.66867 0.05195
55446.88583 19.72982 0.05641
55446.89176 19.77532 0.0583
55446.89901 19.79014 0.06039
55446.90569 19.84459 0.06399
55446.91293 19.75524 0.05231
55446.91958 19.78643 0.05767
55446.92538 19.67202 0.05223
55446.93113 19.78795 0.06041
55446.93686 19.81333 0.05503
55446.94237 19.76875 0.0558
55446.94842 19.6925 0.05407
55446.95451 19.76047 0.05644
55446.96034 19.82363 0.05857
55446.96641 19.88601 0.0609
55446.97287 19.74874 0.05601
55446.97827 19.84667 0.05731
55446.98464 19.73378 0.05369
55446.99026 19.67201 0.05459
55446.99646 19.63958 0.05105
55447.00329 19.88684 0.06251
55447.02248 19.89673 0.1042
55448.00377 19.72046 0.05471
55448.65527 19.82948 0.10162
55448.70146 19.84372 0.08216
55449.82958 19.76563 0.06059
55449.87259 19.74752 0.06061
55450.82585 19.7486 0.05961
55450.86998 19.76671 0.05587
55451.65338 19.86185 0.0915
55451.70095 19.71425 0.0635
55452.64792 19.7287 0.0886
55452.69243 19.75047 0.06966
55453.64519 19.8746 0.09068
55453.6895 19.82067 0.07556
55454.64058 19.70114 0.10907
55454.68793 19.74594 0.08395
55455.63923 19.88838 0.1081
55455.7154 19.90539 0.08409
55456.63346 19.74297 0.10928
55456.67702 19.91367 0.09266
55457.6732 19.64982 0.08489
55458.66069 19.55416 0.09218
55458.7057 19.82648 0.09748
55459.69034 19.92084 0.129
55460.72453 19.85642 0.10058
55461.62523 19.90099 0.21495
55461.67649 19.94933 0.14305
55462.80848 20.10311 0.1817
55466.61784 19.79261 0.10375
55466.61959 19.82568 0.10661
55466.62134 19.80593 0.08524
55466.6231 19.95348 0.09372
55466.62486 19.80171 0.08033
55466.62661 19.74504 0.08091
55466.62943 19.79401 0.081
55466.63143 20.04897 0.0917
55466.63348 19.69487 0.08515
55466.67604 19.71961 0.10613
55467.62749 19.86844 0.09207
55468.7394 19.65964 0.07685
55468.78277 19.80836 0.09046
55469.73472 19.952 0.14059
55470.77885 20.19005 0.15922
55470.82246 19.81691 0.07417
55471.77466 19.75413 0.05844
55471.82993 19.84798 0.13262
55472.62548 19.74565 0.07288
55472.66936 19.6521 0.0628
55473.62096 19.81217 0.09975
55477.66775 19.83967 0.06918
55477.71276 19.68553 0.06247
55478.62384 19.83108 0.08266
55478.66775 19.72327 0.07599
55479.61565 19.71833 0.08115
55479.65968 19.86626 0.06877
55480.61506 19.84687 0.08197
55480.65805 19.69987 0.06868
55481.61182 19.68875 0.077
55481.69382 19.74003 0.05511
55482.61769 19.80418 0.08246
55482.66188 19.82274 0.06745
55482.67843 19.90228 0.06748
55483.61039 19.82884 0.08109
55483.66512 19.63898 0.06559
55484.66377 19.74773 0.07192
55484.70695 19.87654 0.07492
55485.61939 19.93585 0.10765
55485.66329 19.68938 0.07536
55486.61418 19.73208 0.09652
55486.658 19.8528 0.11398
55497.84041 20.16726 0.12249
55498.71756 19.6891 0.06476
55498.79 19.98242 0.0964
55499.59404 19.92193 0.08801
55499.63881 19.65341 0.06649
55501.66259 19.85363 0.0797
55501.75706 19.69721 0.06329
55502.72145 20.14429 0.0804
55502.82148 19.81152 0.07529
55503.77762 19.93207 0.07654
55503.8732 19.87808 0.07854
55504.82418 19.77016 0.06679
55504.91868 20.0405 0.10248
55506.68972 19.90804 0.08447
55506.73387 19.76417 0.0623
55507.81368 19.81439 0.0708
55507.89267 19.78166 0.09181
55513.658 19.85855 0.07039
55513.7418 19.96575 0.08397
55514.69377 19.8862 0.08568
55514.73749 19.70782 0.07499
55515.69951 19.8295 0.08236
55515.74236 19.76191 0.08417
55516.67238 20.01242 0.12425
55516.71654 19.71174 0.09365
55517.61497 20.06355 0.10507
55517.6584 19.61738 0.08068
55518.61481 19.99183 0.09908
55518.6578 19.86024 0.14297
55527.74242 19.89838 0.0994
55530.70615 20.0761 0.09884
55530.75072 20.15215 0.10558
55531.77418 20.06814 0.10885
55531.81743 19.93987 0.15682
55532.78408 19.77979 0.07001
55532.82836 19.95794 0.08979
55535.68432 19.77512 0.066
55537.58157 19.77938 0.12403
55537.62557 19.84274 0.07518
55538.57995 19.96523 0.08368
55538.62381 19.74942 0.0653
55539.58012 19.82092 0.07859
55539.62283 19.73974 0.06704
55540.61811 19.76523 0.06661
55540.66215 19.78506 0.06508
55541.61644 20.08794 0.08931
55541.65945 19.99702 0.1279
55544.59603 20.16687 0.10406
55544.64191 19.93545 0.0822
55545.59598 19.87461 0.09834
55545.63939 19.92529 0.09549
55558.75663 20.05281 0.09439
55559.7264 19.88158 0.16643
55561.73304 20.08372 0.10619
55561.77682 20.10314 0.11703
55575.595 19.82614 0.15068
55575.6386 19.97596 0.12169
55577.63849 19.87955 0.14519
55579.61368 20.02474 0.11746
55579.65687 19.6379 0.10518
55580.66998 19.9724 0.13549
55583.61703 19.77838 0.06983
55583.66119 19.7661 0.11428
55584.63985 19.7515 0.07409
55584.68286 20.1742 0.10318
55586.61685 19.9425 0.08335
55586.66038 20.07131 0.09958
55722.89872 19.88494 0.0872
55723.91976 20.01118 0.09209
55723.9634 19.81708 0.08189
55730.92322 19.93099 0.14927
55733.86776 19.93435 0.11747
55733.91212 20.11602 0.11267
55750.83279 20.06157 0.10578
55750.87598 19.77353 0.07536
55756.93392 20.18596 0.15026
55759.84878 19.8213 0.13056
55759.89212 19.95332 0.14116
55762.79606 19.71269 0.11192
55762.8402 19.81678 0.09948
55766.7805 19.79332 0.08231
55766.83041 19.85955 0.0985
55768.77509 19.93162 0.10579
55768.82037 19.87586 0.08298
55769.80074 19.90078 0.08235
55769.84468 19.73894 0.06936
55770.78189 19.84807 0.07817
55770.82573 19.835 0.07817
55771.78074 19.8363 0.07978
55771.82449 19.82157 0.06827
55774.75968 20.0218 0.09428
55774.80363 19.79991 0.07228
55775.7599 19.95252 0.09075
55775.80332 19.90765 0.11701
55779.7464 19.96544 0.0994
55779.79086 19.80479 0.07101
55780.74948 20.09674 0.10878
55780.79415 19.78378 0.0767
55782.7508 20.0301 0.15608
55782.7956 20.01838 0.11167
55783.7573 19.95383 0.15649
55783.80103 19.95908 0.11426
55789.73736 20.05493 0.19718
55789.78039 20.2488 0.14897
55790.77463 19.98795 0.11499
55791.73123 19.93073 0.15204
55791.77527 20.25394 0.14597
55793.74743 19.88185 0.10001
55794.75972 19.71309 0.07319
55794.81629 19.86517 0.0891
55809.7101 19.70425 0.09459
55811.7042 19.78017 0.13346
55812.70198 20.22782 0.13586
55813.66257 20.33858 0.14939
55813.70671 20.03634 0.11289
55820.63925 19.7043 0.10582
55821.63464 19.74393 0.0877
55822.63132 19.90688 0.10339
55822.67415 19.69708 0.07848
55823.62908 19.65822 0.09149
55823.67275 19.86115 0.08597
55824.62608 19.94073 0.11089
55824.6697 19.61148 0.07088
55838.61464 20.16936 0.11401
55838.65944 19.88191 0.0931
55843.65444 19.72161 0.14088
55844.60924 19.88102 0.15561
55849.60547 19.78026 0.10217
55849.65079 19.91309 0.11671
55850.60468 19.68913 0.07479
55850.64918 19.86701 0.09396
55851.60318 19.54826 0.07358
55851.64641 19.74351 0.06979
55852.60416 19.93303 0.09748
55852.6481 19.73019 0.06932
55853.60163 19.68909 0.07671
55853.6463 19.66368 0.0718
55854.60164 19.85788 0.08742
55854.64607 19.66986 0.06611
55866.5884 19.84339 0.10208
55866.64679 19.84458 0.08657
55867.58757 19.88638 0.10139
55868.5865 19.87768 0.14235
55868.63002 20.00107 0.09227
55880.87841 19.79471 0.11967
55880.92255 19.79932 0.14297
55882.86968 19.91091 0.0988
55882.87146 20.0359 0.10778
55882.91495 19.83518 0.10853
55883.86679 20.032 0.10997
55883.91496 19.84928 0.16361
55887.63181 19.96222 0.08598
55887.68352 19.84603 0.07665
55889.80049 20.00408 0.08449
55889.84447 19.99124 0.085
55891.57974 19.85094 0.09239
55891.6225 19.9342 0.08018
55893.58261 19.52682 0.08547
55893.62546 20.11369 0.09278
55894.58144 19.90294 0.09513
55896.58202 19.96033 0.1267
55898.82137 20.00463 0.14447
55902.58519 19.77295 0.17002
55902.64414 19.83943 0.1794
55904.58683 20.02771 0.14577
55906.58378 19.96057 0.12441
55906.64029 20.0107 0.14247
55916.59575 19.91411 0.11017
55916.64026 19.96956 0.09305
55922.6423 19.94761 0.08258
55923.59751 19.96191 0.09486
55923.64145 19.96886 0.08816
55924.60837 19.97625 0.08817
55925.59941 19.89679 0.11553
55925.67897 19.94561 0.08212
55926.58279 19.91726 0.08894
55926.62543 19.8999 0.08043
55930.58585 20.09924 0.14761
55930.62499 20.17324 0.15979
55931.58458 20.18452 0.17473
55931.62692 19.65699 0.1255
55932.62858 20.26507 0.15606
55936.60917 19.82205 0.10814
55936.65247 19.77495 0.11438
55937.58951 20.01261 0.12215
55939.64879 20.15702 0.10651
55939.6851 19.94174 0.1
55940.64013 19.95899 0.19827
55943.69972 20.187 0.10071
55943.74446 19.9702 0.10969
55944.64379 19.87487 0.07552
55944.67224 19.94706 0.08392
55946.63797 20.30772 0.22818
55947.59349 19.95468 0.10357
55947.63713 19.85002 0.13535
55952.60617 20.13273 0.11226
55952.64932 19.8712 0.09737
55953.59751 20.1766 0.1129
55953.64127 19.98414 0.09486
55954.59787 19.99108 0.17285
55958.61566 20.11331 0.12708
55958.67117 19.91721 0.13787
55960.60205 19.85385 0.1774
55962.61935 19.65585 0.14345
56059.98484 20.03112 0.15091
56060.97134 19.87749 0.10749
56061.96903 19.95391 0.12188
56063.96519 20.31344 0.15568
56065.96588 19.96052 0.11548
56066.96916 19.92368 0.09618
56067.96802 20.11422 0.11941
56070.97101 19.90583 0.12628
56071.95528 19.74282 0.10952
56075.93073 19.9336 0.12339
56075.96117 19.81955 0.0899
56076.96161 19.96503 0.10048
56077.97941 19.74808 0.13001
56078.92335 19.94791 0.13697
56078.95394 19.82545 0.12307
56079.91957 20.01453 0.14437
56079.94994 19.73324 0.08192
56079.97946 19.76666 0.1803
56081.9528 19.96486 0.2049
56084.95914 20.09619 0.14799
56085.9661 19.91642 0.13719
56086.9317 19.75348 0.11217
56086.96186 19.87714 0.11875
56087.95118 19.94754 0.10567
56088.93216 19.87583 0.09749
56088.96298 19.90077 0.11008
56089.90743 19.94628 0.11888
56089.9375 19.85362 0.10198
56090.89626 19.88402 0.11793
56091.93224 19.75926 0.0966
56091.96189 19.73899 0.09729
56092.88532 19.84918 0.09979
56092.91513 20.02757 0.09507
56092.94551 19.97001 0.09286
56093.91605 19.99788 0.09689
56093.95942 19.79285 0.07908
56094.8793 19.84584 0.10106
56094.90895 19.84901 0.09498
56094.93794 19.80301 0.08082
56095.89413 20.17264 0.11089
56095.92394 20.11372 0.1059
56095.95378 19.80976 0.08463
56096.8846 20.00975 0.10551
56096.91464 19.79881 0.0893
56096.94475 19.77912 0.08181
56097.87211 20.08074 0.16801
56097.90204 19.76375 0.08259
56099.86796 19.97582 0.08869
56099.8979 19.77536 0.07447
56099.92867 19.58093 0.06287
56100.87134 19.98648 0.10618
56100.9014 19.77522 0.08878
56100.93113 19.74926 0.07619
56101.86099 19.59014 0.10749
56101.89166 19.73863 0.08637
56101.92164 19.77268 0.07918
56102.85884 19.82921 0.09399
56102.88948 19.61231 0.07747
56102.91975 19.68712 0.06929
56103.85688 20.18308 0.13099
56103.89198 19.84244 0.09419
56103.92203 19.78606 0.08515
56104.86298 19.87463 0.10161
56104.89266 19.99611 0.0821
56104.92258 19.74908 0.07639
56105.87772 19.75292 0.08527
56105.90846 19.75283 0.07782
56105.93782 19.61907 0.07121
56106.84826 19.80176 0.08838
56106.87859 19.80794 0.07998
56106.90907 19.61457 0.06618
56107.84497 19.97325 0.16168
56107.87579 19.84357 0.09006
56107.90655 19.81436 0.07418
56108.86703 20.06887 0.18097
56108.89669 19.83047 0.09376
56108.92686 19.73566 0.07395
56109.93363 19.61364 0.08379
56110.89782 19.74118 0.19435
56110.92786 19.93657 0.11109
56111.91431 19.92196 0.14119
56111.94457 19.88632 0.11808
56113.93235 19.97058 0.13018
56113.96218 19.87588 0.11159
56114.87108 19.55601 0.15125
56114.92357 19.68304 0.10747
56114.95378 19.89225 0.1035
56115.85803 19.60841 0.15681
56115.88797 19.80199 0.12288
56115.9179 19.47953 0.09516
56116.90131 19.76208 0.10426
56116.93261 19.68811 0.0903
56116.96078 19.70574 0.08908
56117.86349 19.91548 0.16975
56117.89333 20.08577 0.11557
56117.92405 19.62713 0.10006
56118.82762 19.82899 0.12159
56118.85812 19.62229 0.10701
56118.8884 19.85259 0.11129
56119.81535 19.83171 0.16684
56120.95573 20.1355 0.14475
56123.80269 19.66135 0.07744
56123.8333 19.51427 0.06888
56123.86323 19.65851 0.07088
56124.8239 19.8755 0.09462
56124.85579 19.98843 0.09466
56124.90647 19.87907 0.08471
56125.83541 19.74941 0.07788
56125.8655 19.74232 0.0753
56125.89611 19.7895 0.06578
56126.79674 19.52748 0.0809
56126.85662 20.14969 0.14243
56127.81162 20.08467 0.15488
56127.84219 19.85968 0.09743
56127.87262 19.70246 0.07694
56128.79045 19.95836 0.13303
56128.8202 19.70981 0.07317
56128.8509 19.65814 0.06829
56129.81763 19.71037 0.08159
56129.84839 19.67432 0.07322
56130.78415 19.61277 0.08463
56130.81619 19.65794 0.07908
56130.84603 19.83182 0.10641
56131.81956 19.76122 0.08459
56131.84966 19.49687 0.06752
56131.87991 19.65595 0.06731
56132.81342 19.58267 0.06554
56132.85526 19.79229 0.06951
56133.77702 19.70345 0.08188
56133.80732 19.57478 0.06791
56133.83817 19.604 0.07086
56135.77548 20.0747 0.11919
56135.80558 19.7019 0.07287
56135.8357 19.72725 0.05507
56136.78168 19.47359 0.08587
56136.81139 19.71935 0.10215
56136.84105 19.83399 0.07906
56137.77719 19.65132 0.09281
56137.8165 19.61342 0.14594
56137.84943 19.96616 0.18367
56138.79423 20.04096 0.16207
56143.75013 19.97754 0.17369
56143.77946 19.67195 0.12137
56143.81202 19.79895 0.11447
56144.79078 19.73833 0.10547
56144.82138 19.61142 0.0828
56146.74205 19.69478 0.15691
56146.77217 19.7958 0.12077
56146.83591 19.8674 0.09919
56147.75046 19.60772 0.08498
56147.78019 19.71202 0.10698
56147.81614 19.68997 0.12945
56148.73743 19.7074 0.08258
56148.76798 19.85705 0.08087
56148.79928 19.58223 0.0838
56151.84315 19.57738 0.04754
56151.87618 19.57033 0.0469
56151.91621 19.63344 0.04633
56164.86055 19.52594 0.04439
56164.89061 19.56228 0.04337
56164.92052 19.6016 0.04176
56165.82275 19.67901 0.05888
56165.85221 19.60633 0.0479
56165.88255 19.59689 0.04511
56166.78411 19.67499 0.07548
56166.82415 19.60861 0.06279
56166.85436 19.55032 0.058
56167.76082 19.63529 0.08428
56167.79008 19.51761 0.06662
56167.82893 19.52488 0.06279
56168.73084 19.61712 0.0981
56168.76135 19.50383 0.07967
56168.79094 19.50435 0.0825
56169.70528 19.62914 0.13589
56169.73488 19.61752 0.12811
56169.78208 19.64647 0.11122
56170.70609 19.70501 0.13362
56170.73648 19.35472 0.16429
56170.76821 19.5599 0.14318
56176.74473 19.65702 0.08219
56176.77537 19.3658 0.07259
56177.67775 19.51686 0.06382
56177.71467 19.58073 0.0599
56177.7448 19.4642 0.05086
56178.65701 19.8257 0.08641
56178.7245 19.52429 0.05688
56178.75548 19.5411 0.05082
56189.71737 19.46645 0.0628
56189.74707 19.59809 0.0603
56194.65274 19.75186 0.08669
56194.68156 19.43911 0.07319
56194.73072 19.51171 0.06508
56195.63238 19.60715 0.09282
56195.68489 19.58558 0.0866
56195.74387 19.48845 0.08219
56196.64868 19.59046 0.0857
56196.67925 19.57564 0.08658
56196.70945 19.47883 0.08438
56197.62224 19.70584 0.11962
56197.65122 19.87893 0.15159
56197.68048 19.48273 0.09571
56198.63271 19.85866 0.14731
56198.66294 19.53593 0.13683
56198.69225 19.32403 0.11494
56202.61563 19.6638 0.15204
56202.64754 19.60653 0.13688
56202.70169 19.57431 0.10449
56207.71676 19.63224 0.08046
56207.82773 19.44985 0.09101
56224.66207 19.60486 0.07258
56224.69182 19.68354 0.08878
56225.74851 19.43147 0.0715
56225.84088 19.57783 0.07949
56226.75858 19.70906 0.15946
56227.72154 19.90593 0.11456
56227.75148 19.66504 0.12023
56228.67316 19.40532 0.0867
56228.71 19.38033 0.08258
56229.61202 19.59571 0.1325
56229.68338 19.47639 0.09334
56230.64599 19.42633 0.1033
56230.73676 19.76301 0.11088
56231.86041 19.55982 0.099
56232.82116 19.55258 0.08797
56233.75399 19.54294 0.08189
56233.78371 19.88535 0.11769
56234.68453 19.52917 0.06658
56234.71313 19.48305 0.06808
56235.61461 19.60975 0.06363
56235.64419 19.47366 0.05298
56236.58514 19.53805 0.07829
56236.61561 19.49916 0.05807
56237.58477 19.48214 0.0697
56237.61509 19.41825 0.05557
56238.58334 19.46271 0.08378
56238.61531 19.49457 0.0544
56239.58294 19.4229 0.06789
56239.61141 19.47871 0.05705
56251.83071 19.43291 0.05423
56251.86073 19.44226 0.06117
56252.58576 19.38344 0.06159
56252.60631 19.41695 0.06216
56252.62487 19.40804 0.05589
56252.64555 19.47091 0.05882
56252.66096 19.35046 0.05318
56252.69879 19.48968 0.0598
56252.71706 19.47846 0.05732
56252.73499 19.34594 0.05114
56252.75258 19.5413 0.05985
56252.76856 19.39891 0.06313
56252.78929 19.51853 0.07561
56252.80517 19.55081 0.06724
56252.821 19.44419 0.05659
56252.83831 19.361 0.05129
56252.85634 19.43822 0.0672
56253.58621 19.42344 0.06711
56253.60335 19.47409 0.06752
56253.62054 19.50939 0.06577
56253.63682 19.40606 0.06164
56253.6539 19.38807 0.074
56253.6721 19.54735 0.07069
56253.70902 19.67456 0.08119
56253.7307 19.4999 0.07871
56253.76637 19.62938 0.08673
56253.78832 19.65574 0.08728
56253.8078 19.48361 0.07979
56253.82956 19.48609 0.07608
56253.85372 19.30932 0.07052
56254.74613 19.51422 0.07659
56254.77889 19.74837 0.09258
56255.68248 19.70008 0.09188
56255.7252 19.5257 0.09189
56256.62657 19.49508 0.08179
56256.6557 19.60693 0.09999
56257.58763 19.69395 0.10849
56257.64219 19.39225 0.08287
56258.58614 19.43326 0.11003
56258.61848 19.22793 0.08445
56259.59443 19.47872 0.10281
56259.62495 19.72883 0.1024
56265.629 19.47962 0.04801
56265.6592 19.43314 0.06168
56266.58222 19.55802 0.08857
56266.6126 19.45264 0.18006
56267.58751 19.41057 0.05275
56267.61751 19.37132 0.04866
56268.59364 19.35854 0.0492
56268.62314 19.38987 0.04581
56269.58319 19.41295 0.05201
56269.58435 19.40785 0.04696
56269.58546 19.30638 0.04532
56269.58657 19.33901 0.0453
56269.58771 19.44762 0.04768
56269.58893 19.53143 0.04668
56269.59006 19.36989 0.04718
56269.59133 19.38051 0.04563
56269.59245 19.44101 0.04791
56269.59364 19.30813 0.04354
56269.59478 19.34378 0.04401
56269.596 19.38551 0.04453
56269.59713 19.4231 0.04401
56269.59843 19.50197 0.05059
56269.59956 19.56488 0.04876
56269.60977 19.36624 0.04951
56269.61093 19.36797 0.04562
56269.6121 19.40624 0.0481
56269.61321 19.41423 0.04663
56269.61434 19.36794 0.04738
56269.61547 19.47939 0.05023
56269.61659 19.45211 0.0459
56269.61773 19.38908 0.0481
56269.61884 19.38213 0.04588
56269.61995 19.43158 0.04591
56269.62115 19.45674 0.04513
56269.6223 19.32381 0.04442
56269.62343 19.49819 0.04982
56269.62457 19.42586 0.04659
56269.62569 19.28347 0.04422
56269.62688 19.37743 0.04381
56269.628 19.33466 0.04729
56269.6375 19.36794 0.04871
56269.63881 19.44084 0.04295
56269.64001 19.38005 0.04851
56269.64114 19.46529 0.04932
56269.64226 19.33574 0.04448
56269.64337 19.39371 0.04692
56269.6445 19.34019 0.04319
56269.64562 19.41058 0.04414
56269.64675 19.40979 0.04292
56269.64789 19.3481 0.04415
56269.64905 19.31789 0.04301
56269.65017 19.40764 0.04376
56269.65129 19.42206 0.04618
56269.65247 19.41796 0.04701
56269.65359 19.39982 0.04455
56269.65698 19.37828 0.04359
56269.66055 19.29506 0.04363
56269.66167 19.34356 0.04551
56269.66279 19.41815 0.04512
56269.66393 19.36113 0.04474
56269.66595 19.33069 0.04194
56269.66717 19.36456 0.04277
56269.66829 19.36535 0.04259
56269.66952 19.31885 0.04147
56269.67064 19.47821 0.04658
56269.67184 19.44335 0.0479
56269.673 19.30341 0.04244
56269.67412 19.38599 0.0448
56269.67533 19.41473 0.04522
56269.67646 19.37523 0.04444
56269.6776 19.36147 0.04218
56269.67883 19.38915 0.04575
56269.67997 19.39417 0.04242
56269.6812 19.38803 0.04571
56269.68232 19.351 0.04263
56269.68343 19.42237 0.04363
56269.68473 19.31812 0.04326
56269.68592 19.414 0.04354
56269.68705 19.28452 0.04156
56269.68816 19.31953 0.04276
56269.68929 19.34297 0.0436
56269.69041 19.39458 0.04443
56269.69157 19.44044 0.04244
56269.69269 19.37556 0.04559
56269.69383 19.35868 0.04334
56269.69496 19.4219 0.04471
56269.69608 19.35921 0.04421
56269.69898 19.41547 0.04391
56269.70011 19.49482 0.04601
56269.70126 19.45479 0.04536
56269.70241 19.44352 0.04403
56269.70357 19.35829 0.04194
56269.70468 19.37086 0.04523
56269.70581 19.48141 0.04866
56269.70705 19.43998 0.04701
56269.70816 19.34198 0.04384
56269.70937 19.41912 0.04503
56269.7105 19.41243 0.04478
56269.71167 19.38183 0.04602
56269.7128 19.40664 0.04445
56269.71403 19.46524 0.04781
56269.71516 19.44676 0.04602
56269.7163 19.35547 0.04439
56269.72641 19.43545 0.04821
56269.72763 19.46756 0.04666
56269.72875 19.41472 0.04466
56269.72987 19.42415 0.04591
56269.731 19.42176 0.0458
56269.73213 19.39801 0.045
56269.73326 19.37407 0.04322
56269.73438 19.45395 0.04831
56269.73557 19.46437 0.04601
56269.73682 19.45748 0.04472
56269.73796 19.36079 0.04564
56269.73911 19.40703 0.0454
56269.74036 19.39074 0.04643
56269.74147 19.34301 0.04286
56269.74272 19.36201 0.04438
56269.74391 19.37246 0.04489
56269.74502 19.45042 0.04631
56269.7462 19.43313 0.04564
56269.74734 19.40789 0.04573
56269.74846 19.43421 0.04572
56269.74961 19.41377 0.04593
56269.75074 19.4151 0.04611
56269.75201 19.31422 0.04549
56269.75316 19.46543 0.04801
56269.75429 19.47279 0.04963
56269.75553 19.3707 0.04621
56269.75665 19.36955 0.04531
56269.75779 19.49325 0.0527
56269.75895 19.35354 0.04977
56269.76008 19.4407 0.04929
56269.76123 19.44884 0.0487
56269.76235 19.40315 0.0486
56269.76348 19.4194 0.0475
56269.76459 19.36327 0.0467
56269.76573 19.42403 0.05007
56269.78036 19.46069 0.05507
56269.78151 19.42164 0.04922
56269.78271 19.3294 0.0472
56269.78391 19.36059 0.04559
56269.78511 19.37389 0.04818
56269.78751 19.42188 0.04938
56269.78876 19.51101 0.05355
56269.78989 19.42558 0.05198
56269.79108 19.36493 0.05054
56269.79227 19.40376 0.05029
56269.79356 19.42779 0.05062
56269.79478 19.28163 0.04919
56269.7959 19.34396 0.04834
56269.79701 19.47828 0.05462
56269.79816 19.38801 0.05172
56269.79928 19.36228 0.04854
56269.80041 19.38264 0.04829
56269.80156 19.31644 0.04979
56269.80276 19.35939 0.05061
56269.80404 19.40019 0.05049
56269.80517 19.41244 0.04904
56269.80638 19.35744 0.04992
56269.80752 19.43428 0.05342
56269.80866 19.25784 0.04888
56270.57931 19.5235 0.05841
56270.58058 19.35575 0.04935
56270.58188 19.40778 0.04845
56270.58305 19.33854 0.04471
56270.58429 19.28643 0.04323
56270.58556 19.44183 0.04849
56270.58671 19.42178 0.04745
56270.58798 19.389 0.0458
56270.58926 19.48291 0.04525
56270.59051 19.32596 0.04387
56270.59176 19.32255 0.04289
56270.59301 19.37964 0.04402
56270.59588 19.40766 0.04571
56270.59719 19.31094 0.0383
56270.59846 19.39854 0.04099
56270.59973 19.32736 0.043
56270.60101 19.25712 0.04285
56270.60229 19.35111 0.0423
56270.60361 19.27236 0.0403
56270.60484 19.35468 0.04403
56270.60617 19.34114 0.03925
56270.60733 19.46883 0.04271
56270.60868 19.36593 0.0445
56270.60993 19.42855 0.04609
56270.61121 19.32812 0.04222
56270.61244 19.36964 0.04513
56270.61368 19.34373 0.04169
56270.61481 19.3754 0.04267
56270.61593 19.3441 0.04561
56270.61713 19.31623 0.04366
56270.61835 19.38124 0.04457
56270.61963 19.43298 0.04281
56270.62082 19.325 0.0404
56270.62212 19.33963 0.04199
56270.62324 19.47877 0.0462
56270.62438 19.3701 0.04371
56270.6255 19.26612 0.04234
56270.62668 19.32704 0.04128
56270.62781 19.29366 0.04332
56270.62895 19.42163 0.04568
56270.63017 19.25131 0.04146
56270.6313 19.38802 0.04269
56270.63259 19.37545 0.04221
56270.63372 19.32768 0.04455
56270.63484 19.39595 0.04379
56270.64581 19.27442 0.04267
56270.64713 19.35913 0.04383
56270.64825 19.38451 0.04464
56270.6495 19.35283 0.04075
56270.65082 19.41246 0.04363
56270.65222 19.26659 0.04156
56270.65336 19.3669 0.04437
56270.6545 19.4635 0.04468
56270.65562 19.40389 0.04513
56270.65697 19.40571 0.04355
56270.65832 19.36869 0.04416
56270.65959 19.28264 0.04314
56270.66092 19.32021 0.04266
56270.66217 19.44003 0.04268
56270.66351 19.33214 0.04163
56270.66477 19.374 0.04406
56270.67891 19.39297 0.04628
56270.68008 19.53983 0.04886
56270.68122 19.44139 0.04466
56270.68243 19.47166 0.04589
56270.68382 19.48219 0.04446
56270.68508 19.29023 0.04108
56270.68653 19.28498 0.04309
56270.68784 19.32098 0.0415
56270.68912 19.35438 0.04169
56270.69114 19.39512 0.04406
56270.69232 19.40459 0.04345
56270.69365 19.36452 0.04034
56270.6948 19.34534 0.04321
56270.69617 19.46195 0.043
56270.69746 19.40352 0.04081
56270.6986 19.36902 0.04477
56270.6999 19.41294 0.04445
56270.70121 19.44695 0.04676
56270.70235 19.35814 0.04184
56270.70349 19.36201 0.04596
56270.70482 19.43596 0.04376
56270.70613 19.41978 0.04433
56270.70726 19.40844 0.04372
56270.7086 19.33173 0.04249
56270.70972 19.38995 0.043
56270.71103 19.36704 0.04128
56270.71235 19.40936 0.04379
56270.71347 19.2692 0.04067
56270.71481 19.38785 0.04489
56270.71608 19.40544 0.04662
56270.71722 19.45048 0.04586
56270.71853 19.43863 0.0452
56270.71967 19.35139 0.04435
56270.72098 19.37675 0.04277
56270.72302 19.26586 0.04453
56270.72439 19.42023 0.04228
56270.72553 19.39409 0.0449
56270.72665 19.36573 0.04194
56270.72793 19.36376 0.04108
56270.72927 19.44158 0.04498
56270.73043 19.36058 0.04359
56270.73161 19.3071 0.04253
56270.73292 19.44613 0.04344
56270.73506 19.43213 0.04571
56270.73622 19.31102 0.04115
56270.73753 19.41261 0.04523
56270.73887 19.4689 0.04424
56270.74001 19.35051 0.04185
56270.74126 19.34736 0.04431
56270.7424 19.41724 0.04285
56270.74369 19.32478 0.04205
56270.74498 19.40812 0.04535
56270.74609 19.34435 0.04568
56270.74744 19.32527 0.04502
56270.7486 19.33696 0.04642
56270.74995 19.42475 0.04674
56270.75121 19.31948 0.04438
56270.75241 19.38553 0.04444
56270.75372 19.46836 0.04965
56270.75502 19.3655 0.04524
56270.75706 19.34278 0.04285
56270.75826 19.36751 0.04473
56270.75948 19.41012 0.04873
56270.76078 19.40447 0.04513
56270.76208 19.41363 0.04919
56270.77223 19.34023 0.04842
56270.77464 19.40022 0.05026
56270.77775 19.38817 0.04873
56270.77887 19.43903 0.0466
56270.78012 19.38059 0.04543
56270.78147 19.39095 0.04772
56270.78273 19.35692 0.04655
56270.784 19.30384 0.04552
56270.78526 19.37429 0.04976
56270.78661 19.46661 0.05287
56270.78776 19.49727 0.04981
56270.7891 19.54675 0.05481
56270.79021 19.3489 0.0472
56270.79151 19.37757 0.05034
56270.7928 19.29907 0.04716
56270.79391 19.35311 0.04856
56270.79508 19.4192 0.04643
56270.79619 19.40821 0.05014
56270.7975 19.30309 0.04843
56270.79862 19.38604 0.04936
56270.79991 19.43461 0.04834
56270.80111 19.39552 0.0499
56270.80249 19.31757 0.0478
56270.80509 19.39055 0.05159
56270.80715 19.36812 0.05093
56270.80837 19.37622 0.04942
56270.80963 19.35208 0.04522
56271.71236 19.55473 0.0621
56271.74462 19.46272 0.06192
56272.64495 19.4806 0.05759
56272.7082 19.4682 0.05883
56273.60993 19.43555 0.05731
56273.63946 19.45951 0.05532
56281.58737 19.64155 0.07871
56281.61668 19.70663 0.08637
56282.58095 19.53326 0.06707
56282.61036 19.52694 0.07569
56282.62819 19.46768 0.06833
56297.58897 19.50321 0.05759
56297.59019 19.45621 0.0511
56297.5937 19.35331 0.04883
56297.59722 19.43106 0.04992
56297.59904 19.39442 0.0483
56297.60164 19.47005 0.05241
56297.60284 19.44275 0.05032
56297.6053 19.46153 0.05119
56297.61734 19.37467 0.05031
56297.61965 19.33031 0.04687
56297.62198 19.33845 0.05192
56297.62474 19.39718 0.05071
56297.62597 19.40177 0.04884
56297.62818 19.38974 0.05154
56297.63051 19.44324 0.04994
56297.63246 19.54246 0.05868
56297.6337 19.38373 0.05119
56297.63597 19.46691 0.05229
56297.63722 19.34855 0.05209
56297.63944 19.39413 0.05362
56297.64162 19.47335 0.055
56297.64281 19.39404 0.05031
56297.64393 19.46657 0.0509
56297.64612 19.42458 0.05281
56297.64742 19.41089 0.0519
56297.64964 19.48446 0.0541
56297.65084 19.36433 0.05262
56297.65434 19.35037 0.05041
56297.65811 19.36416 0.0479
56297.65988 19.53416 0.05294
56297.66121 19.33064 0.05059
56297.66483 19.61222 0.06146
56297.66714 19.38051 0.05094
56297.67315 19.3971 0.0526
56297.67547 19.39708 0.05259
56297.67675 19.48989 0.0547
56297.67954 19.47566 0.0531
56297.68076 19.30519 0.04975
56297.6819 19.37221 0.04953
56297.68325 19.4326 0.05142
56297.68541 19.37093 0.04982
56297.68786 19.46652 0.05554
56297.69171 19.30466 0.04932
56297.69635 19.41743 0.0511
56297.69767 19.42186 0.05511
56297.70113 19.3596 0.05183
56297.70743 19.35271 0.05653
56297.71084 19.36118 0.05281
56297.71401 19.49181 0.05971
56297.71668 19.39975 0.05672
56297.7179 19.32584 0.05421
56297.72049 19.37573 0.0556
56297.72327 19.20303 0.04875
56297.72448 19.46264 0.05888
56297.72584 19.34437 0.05889
56297.72772 19.47347 0.05628
56297.72894 19.58147 0.06678
56297.74317 19.64697 0.06587
56297.74683 19.43126 0.06089
56297.74996 19.42185 0.05921
56297.75123 19.41452 0.05892
56297.75493 19.28021 0.05989
56297.75709 19.40958 0.05841
56297.7583 19.40934 0.05861
56297.76047 19.45614 0.06487
56297.76167 19.40088 0.06504
56297.76388 19.40329 0.06432
56297.76506 19.60776 0.0682
56297.76834 19.3399 0.06531
56297.77069 19.37645 0.06432
56297.77185 19.47641 0.06558
56297.77383 19.38735 0.06104
56297.79199 19.50932 0.08199
56297.79318 19.5148 0.06775
56297.79645 19.5011 0.07984
56297.79838 19.31102 0.07488
56297.79953 19.38464 0.07744
56297.80077 19.71707 0.08572
56297.80192 19.47146 0.08099
56297.80312 19.53382 0.08151
56297.80437 19.44263 0.08889
56297.80564 19.6681 0.09681
56297.80864 19.22727 0.0769
56298.58895 19.3737 0.0715
56298.59013 19.53945 0.0711
56298.59235 19.379 0.08831
56298.59354 19.49595 0.10431
56298.59724 19.51724 0.09697
56298.59842 19.59232 0.09503
56298.60089 19.56463 0.0955
56298.6021 19.732 0.08973
56298.60332 19.69877 0.10744
56298.60466 19.72437 0.12002
56298.60701 19.53128 0.09942
56298.60823 19.7127 0.11201
56298.61034 19.7111 0.1092
56298.61272 19.45971 0.08562
56298.61595 19.35855 0.06204
56298.61811 19.52475 0.06233
56298.62047 19.33463 0.06593
56298.62171 19.3018 0.07329
56298.62426 19.46774 0.06059
56298.62643 19.37721 0.07078
56298.62762 19.61237 0.08395
56298.63098 19.58877 0.07959
56298.63219 19.52059 0.06887
56298.63473 19.39702 0.07253
56298.63687 19.44808 0.06667
56298.63807 19.41931 0.07692
56298.63935 19.59852 0.07742
56298.64364 19.33045 0.05487
56298.64578 19.4378 0.06029
56298.64695 19.26214 0.06883
56298.6481 19.27711 0.05375
56298.65082 19.53989 0.06373
56298.65294 19.42037 0.0598
56298.65509 19.53071 0.05719
56298.65745 19.37894 0.07712
56298.65865 19.47025 0.05807
56298.66081 19.44437 0.05374
56298.66198 19.48127 0.05278
56298.66411 19.4756 0.05975
56298.66639 19.4048 0.05644
56298.6699 19.36889 0.05063
56298.68256 19.51101 0.06285
56298.68492 19.50956 0.07328
56298.68729 19.65113 0.1074
56298.68852 19.52958 0.10486
56298.6908 19.44101 0.14414
56301.59099 19.52748 0.05654
56302.62153 19.54327 0.07096
56305.59416 19.46653 0.05468
56305.62276 19.47033 0.05025
56307.60089 19.78907 0.10619
56307.63151 19.53164 0.0648
56308.60019 19.6571 0.07466
56308.63015 19.65134 0.08427
56310.60466 19.65326 0.07865
56310.63503 19.53509 0.07606
56311.59823 19.56485 0.07438
56311.62777 19.52597 0.08151
56313.60478 19.41675 0.06873
56313.63593 19.50831 0.08129
56314.61498 19.43629 0.08219
56314.64504 19.54919 0.09451
56322.63022 19.46401 0.06723
56323.59943 19.38913 0.0619
56323.60059 19.48874 0.06001
56323.60172 19.41012 0.0571
56323.60284 19.36704 0.05314
56323.60396 19.40444 0.05369
56323.60508 19.36201 0.04999
56323.60621 19.39235 0.05429
56323.60734 19.47416 0.05452
56323.60846 19.45113 0.05428
56323.60959 19.40758 0.04992
56323.61071 19.46825 0.05367
56323.61183 19.29627 0.05194
56323.61297 19.32219 0.0492
56323.61409 19.43499 0.05449
56323.61521 19.36137 0.04996
56323.61635 19.41773 0.05128
56323.61747 19.46872 0.05252
56323.61859 19.46481 0.05617
56323.61971 19.4098 0.0524
56323.62085 19.47422 0.05648
56323.62197 19.4725 0.04893
56323.62309 19.39071 0.05269
56323.62423 19.3228 0.04979
56323.62535 19.53069 0.05971
56323.62647 19.50664 0.05451
56323.62759 19.40926 0.0548
56323.62872 19.42799 0.05339
56323.62985 19.4328 0.0538
56323.63097 19.4491 0.05688
56323.6321 19.27608 0.05171
56323.63322 19.36373 0.05285
56323.63435 19.39951 0.05347
56323.63549 19.38725 0.05517
56323.63661 19.43667 0.05436
56323.63773 19.5293 0.055
56323.63887 19.36236 0.0512
56323.63999 19.4417 0.0547
56323.64112 19.38581 0.05243
56323.64225 19.4033 0.05453
56323.64338 19.41523 0.05531
56323.6445 19.3438 0.054
56323.64563 19.4537 0.05608
56323.64676 19.50732 0.0574
56323.64789 19.42477 0.0511
56323.64902 19.3254 0.04945
56323.65014 19.47704 0.0539
56323.65127 19.37209 0.0541
56323.6524 19.42008 0.05432
56323.65352 19.35828 0.05483
56323.65465 19.37648 0.05359
56323.65577 19.39309 0.05908
56323.65691 19.56718 0.05797
56323.65803 19.3115 0.05538
56323.65917 19.39578 0.0554
56323.66029 19.38809 0.05659
56323.66142 19.46359 0.06198
56323.66255 19.46626 0.06084
56323.66367 19.37023 0.05949
56323.6648 19.51981 0.05999
56323.66594 19.45731 0.05678
56323.66706 19.58077 0.06706
56323.66819 19.44086 0.06862
56323.66932 19.51111 0.06552
56323.67045 19.43492 0.06604
56323.67158 19.38144 0.06129
56323.67271 19.26215 0.06159
56323.67384 19.45551 0.05947
56323.67496 19.63567 0.0752
56323.67613 19.51464 0.0663
56323.67725 19.41578 0.06374
56323.67838 19.50489 0.06473
56323.67951 19.53043 0.06478
56323.68065 19.41553 0.06422
56323.68177 19.5427 0.07231
56323.6829 19.42999 0.06185
56323.68402 19.41044 0.06521
56323.68516 19.47195 0.06544
56323.68628 19.63927 0.07771
56323.68742 19.48153 0.06608
56323.68855 19.39958 0.06272
56323.68967 19.4675 0.06601
56323.69081 19.5294 0.06952
56323.69194 19.57062 0.0696
56323.69306 19.55327 0.07329
56323.6942 19.63202 0.08034
56323.69532 19.45667 0.06854
56323.69644 19.55689 0.07663
56323.69758 19.63696 0.08234
56323.6987 19.43093 0.07964
56323.69982 19.43163 0.07528
56323.70094 19.78561 0.09055
56323.70208 19.60688 0.08422
56323.7032 19.80275 0.09302
56323.70434 19.51674 0.08335
56323.70546 19.60289 0.09366
56323.70659 19.53586 0.07723
56323.70772 19.61572 0.0939
56323.70887 19.77711 0.12098
56323.71001 19.5467 0.09385
56323.71114 19.75054 0.10351
56323.71226 19.65592 0.09584
56323.7134 19.72719 0.12203
56323.71565 19.7612 0.11643
56323.71791 19.78925 0.15772
56323.71905 19.78934 0.1326
56323.72017 19.68573 0.14089
56323.7213 19.78858 0.13223
56323.72356 19.80883 0.14245
56323.72468 19.44518 0.13764
56323.72695 19.85502 0.17051
56323.72808 19.57668 0.11762
56323.73034 19.57417 0.16993
56323.73259 19.72796 0.17021
56323.73372 19.38067 0.14862
56324.6344 19.58581 0.07343
56324.67356 19.37629 0.05762
56328.60109 19.40037 0.0677
56328.63041 19.48285 0.0593
56329.6158 19.43551 0.08139
56330.60568 19.50631 0.06201
56330.63442 19.46226 0.06698
56336.60557 19.50936 0.07918
56336.6347 19.54125 0.0797
56337.61678 19.45056 0.06378
56337.646 19.34103 0.06537
56339.64973 19.5362 0.12145
56340.62168 19.44314 0.06965
56340.65261 19.44973 0.07836
56341.63432 19.62236 0.08913
56342.61542 19.4741 0.11704
56342.64414 19.5763 0.10161
56431.98143 19.55945 0.17233
56432.97832 19.90277 0.11675
56433.97522 19.70175 0.09139
56434.97306 19.57619 0.07868
56440.95678 19.65641 0.12116
56441.9545 19.84991 0.16435
56442.95121 19.81017 0.10641
56443.94843 19.48499 0.07853
56444.94545 19.90626 0.11381
56444.97977 19.86309 0.14282
56446.9404 19.69408 0.07779
56446.9746 19.61129 0.09489
56447.93827 19.55021 0.0609
56447.97245 19.58623 0.07331
56448.93551 19.49298 0.05543
56448.97043 19.58518 0.0764
56449.9322 19.52942 0.0576
56449.96744 19.44762 0.05808
56450.93056 19.50989 0.06039
56450.96471 19.46474 0.0677
56451.92757 19.56343 0.07144
56451.96268 19.5486 0.06353
56452.92487 19.65804 0.06129
56452.95905 19.49217 0.05539
56453.9223 19.7973 0.07573
56453.95718 19.74685 0.0788
56454.91904 19.63227 0.06786
56454.9531 19.61943 0.0635
56455.91706 19.49734 0.06751
56455.95123 19.57523 0.05818
56456.91361 19.62789 0.06687
56456.94859 19.49506 0.0554
56457.91086 19.59752 0.06576
56457.9457 19.59672 0.06039
56458.90893 19.48063 0.05711
56458.94334 19.5714 0.05435
56459.90596 19.68711 0.06764
56459.94092 19.54385 0.06008
56460.9034 19.61191 0.0614
56460.93791 19.49044 0.05036
56461.90107 19.57731 0.0606
56461.93811 19.42173 0.05241
56462.89824 19.78 0.06941
56462.93439 19.67051 0.07626
56463.89576 19.54321 0.0913
56463.93218 19.56998 0.0537
56469.87982 19.52279 0.09926
56469.91685 19.43901 0.07392
56471.87375 19.73694 0.10642
56471.91001 19.53661 0.08202
56473.86804 19.52195 0.12681
56473.90477 19.56168 0.15087
56475.86334 19.64206 0.10233
56475.9008 19.68076 0.09444
56476.86102 19.64705 0.09759
56476.89765 19.5659 0.10438
56477.85777 19.91313 0.13296
56477.89517 19.67237 0.19037
56485.83631 19.7186 0.06987
56486.83403 19.51795 0.06133
56486.87106 19.49728 0.05391
56488.83006 19.65007 0.0689
56488.86647 19.6519 0.06271
56489.82698 19.55914 0.06962
56489.86366 19.60925 0.05539
56491.8581 19.60425 0.10341
56498.802 19.60846 0.15517
56498.83888 19.87802 0.13371
56502.79167 19.56975 0.07139
56502.82864 19.65812 0.06966
56503.78903 19.56375 0.06293
56503.82769 19.58417 0.06362
56504.82017 19.67031 0.06936
56504.86992 19.66231 0.06203
56504.90811 19.58018 0.0579
56505.81768 19.83461 0.07205
56505.9509 19.49584 0.05772
56505.98842 19.75854 0.07991
56506.89349 19.61623 0.06692
56507.80198 19.53458 0.06091
56507.84712 19.43005 0.05599
56507.99891 19.79871 0.06642
56508.90167 19.46655 0.04522
56509.79634 19.52674 0.0548
56509.83877 19.53378 0.05368
56510.8262 19.56153 0.04933
56511.79111 19.57463 0.05871
56511.84089 19.6354 0.05596
56512.78788 19.70118 0.06557
56512.82519 19.52548 0.05821
56513.78624 19.43518 0.05246
56513.82352 19.54573 0.05242
56514.7834 19.56561 0.05537
56514.82081 19.46618 0.04765
56515.78106 19.53196 0.06139
56515.82231 19.50482 0.05119
56516.77774 19.66702 0.05954
56516.81437 19.59621 0.04898
56517.77605 19.51545 0.05779
56517.81715 19.53736 0.04655
56517.97309 19.7284 0.05283
56518.87478 19.54407 0.0492
56518.96686 19.59288 0.05056
56519.00311 19.53156 0.0527
56519.90443 19.49981 0.04541
56519.96504 19.4649 0.04354
56520.00171 19.51011 0.0482
56520.90327 19.54364 0.04679
56520.95521 19.4922 0.04919
56520.99262 19.54902 0.04999
56521.89446 19.60223 0.05181
56521.95772 19.58236 0.05141
56521.99393 19.51396 0.04884
56527.76434 19.878 0.17733
56527.80142 19.67185 0.15485
56528.72198 19.5531 0.15081
56528.81982 19.79762 0.11777
56528.87422 19.70069 0.11868
56529.90241 19.84785 0.09818
56529.93849 19.80602 0.10943
56529.97462 19.53228 0.09915
56532.71221 19.70324 0.07323
56532.85928 19.57358 0.05697
56532.89645 19.5442 0.05129
56533.79895 19.48498 0.05302
56533.93493 19.52976 0.05997
56533.97228 19.63861 0.06437
56537.84525 19.43686 0.04474
56537.9874 19.50866 0.04934
56539.69386 19.50528 0.0688
56539.88447 19.54043 0.04736
56539.9215 19.60445 0.05199
56540.97669 19.49201 0.04806
56541.6883 19.55183 0.06594
56541.83165 19.78101 0.17392
56542.96698 19.48575 0.05062
56543.00294 19.55246 0.05623
56543.90463 19.46405 0.04877
56543.97085 19.50031 0.05111
56544.00787 19.61824 0.0583
56546.67441 19.66437 0.07248
56546.75907 19.61164 0.07304
56546.94639 19.60775 0.04909
56547.84788 19.56268 0.0527
56548.0057 19.60938 0.05757
56548.66959 19.50868 0.08687
56548.70582 19.61633 0.07509
56548.74172 19.52737 0.06398
56549.66591 19.72989 0.08088
56549.70273 19.57676 0.08257
56549.73967 19.51886 0.06829
56550.66388 19.45383 0.10149
56550.6994 19.79815 0.11005
56550.73216 19.64812 0.08576
56551.66063 19.63553 0.11728
56551.72202 19.93272 0.11138
56551.75862 19.67524 0.08798
56552.66117 19.55639 0.10964
56552.71291 19.22532 0.08614
56552.74635 19.41232 0.10038
56561.66061 19.69209 0.06652
56561.89034 19.77135 0.07745
56561.92356 19.968 0.08416
56562.93459 19.54482 0.06613
56563.02169 19.81546 0.09982
56563.6524 19.7323 0.06897
56563.6893 19.59156 0.06836
56563.77494 19.75308 0.06427
56564.72602 19.70919 0.06391
56564.99301 19.57968 0.06567
56565.02672 19.83958 0.08461
56565.92832 19.71502 0.05859
56565.98151 19.60037 0.06637
56566.01544 19.83055 0.07997
56566.91724 19.59706 0.05578
56566.96287 19.72335 0.05907
56566.99591 19.56944 0.06168
56567.8986 19.65331 0.05433
56567.96702 19.64052 0.05222
56568.00039 19.52448 0.05562
56568.90245 19.48292 0.04869
56568.96343 19.61858 0.05633
56568.99843 19.81002 0.07524
56569.90084 19.68583 0.06362
56569.99803 19.54729 0.06681
56570.03082 19.48021 0.08471
56571.62526 19.91267 0.11133
56571.69052 19.73799 0.10322
56571.72419 19.8004 0.08545
56572.62632 19.63035 0.07092
56572.66032 19.65688 0.06853
56572.69287 19.90223 0.09649
56573.61429 19.6048 0.07916
56573.64765 19.61611 0.06537
56573.77817 19.63837 0.05562
56576.83948 19.64617 0.05511
56577.00541 19.64093 0.06692
56577.60601 19.53758 0.08959
56577.63144 19.75242 0.09217
56577.77306 19.80627 0.07358
56578.67217 19.82497 0.08888
56578.69674 19.68914 0.07302
56578.75347 19.50552 0.06431
56579.73584 19.65289 0.07857
56579.85963 19.61002 0.08118
56579.88516 19.73278 0.08276
56580.7875 19.65815 0.08946
56580.8553 19.56643 0.08561
56580.88022 19.55021 0.08242
56581.78167 19.96979 0.16881
56581.83883 19.68873 0.12868
56581.86464 19.84877 0.15649
56587.62864 19.66491 0.06447
56587.78993 19.6902 0.08144
56587.81475 19.76868 0.08678
56588.71625 19.85491 0.11467
56588.89281 19.82159 0.1336
56589.79481 19.50403 0.06281
56589.81959 19.75505 0.07177
56589.84642 19.61528 0.07049
56590.76387 19.5274 0.05887
56590.8749 19.77261 0.07216
56590.89969 19.70611 0.06639
56591.80204 19.79388 0.10472
56591.86057 19.83662 0.06677
56591.88508 19.64317 0.06695
56592.81972 19.6011 0.05864
56592.91348 19.57748 0.06978
56592.93852 19.73569 0.07439
56596.59731 19.60483 0.07237
56596.81771 19.7606 0.0792
56596.84238 20.00713 0.08508
56597.74425 19.70835 0.06599
56597.82393 19.85272 0.08241
56597.84943 19.69312 0.0894
56598.75163 19.74466 0.0645
56598.82179 19.70443 0.07185
56598.84855 19.5725 0.06284
56599.75014 19.6729 0.05912
56599.79577 19.69603 0.05414
56599.82112 19.58078 0.05902
56600.77441 19.75902 0.06658
56600.8753 19.75026 0.06878
56602.59024 19.91063 0.0949
56602.78065 19.90934 0.09865
56603.68227 19.69842 0.07136
56603.74296 19.72208 0.06928
56603.81581 19.64221 0.06485
56604.73691 19.7646 0.0709
56604.92616 19.72972 0.07313
56605.64733 19.71396 0.06709
56605.67213 19.74347 0.06527
56606.58401 19.85174 0.15926
56606.60932 19.59412 0.07708
56606.64241 19.81039 0.16529
56607.82225 19.75051 0.08833
56607.84927 19.651 0.07308
56608.75086 19.87942 0.09139
56608.81398 19.56636 0.08724
56608.84048 19.58845 0.1371
56609.8617 19.69885 0.12141
56609.88847 19.81491 0.09677
56621.79766 19.99266 0.0871
56622.58588 19.58496 0.06417
56623.58717 19.82566 0.0846
56624.57999 19.90848 0.07869
56624.60429 19.71969 0.05801
56625.70494 19.68474 0.06309
56625.74386 19.61297 0.06015
56626.64578 19.70382 0.06398
56626.67007 19.84509 0.06847
56628.73144 19.7744 0.0682
56628.76212 19.90186 0.07856
56637.58042 19.66852 0.08712
56637.60549 19.832 0.09777
56639.58002 19.85057 0.11186
56639.60438 20.18047 0.1116
56640.58279 19.73838 0.10317
56640.61699 19.87795 0.17508
56648.58277 19.86894 0.10301
56648.61266 19.76866 0.09582
56649.60387 19.71403 0.1056
56650.58762 20.0417 0.08801
56658.58519 19.71041 0.05953
56658.62914 19.81444 0.06604
56659.58605 19.82647 0.06676
56659.61086 19.63516 0.05561
56660.58569 19.8068 0.07187
56660.61029 19.71242 0.06584
56661.58623 19.91953 0.15149
56662.58587 19.86387 0.08103
56662.61038 19.92353 0.09039
56663.59143 19.68294 0.06818
56663.6171 19.74664 0.06371
56664.58594 19.67337 0.14905
56664.6104 20.10543 0.11138
56668.58721 19.83136 0.15699
56668.61177 19.71741 0.0951
56669.61423 19.98943 0.11529
56675.5969 19.66537 0.06017
56675.6459 19.80228 0.08868
56676.59181 19.63658 0.07109
56676.61781 19.7155 0.0706
56677.60718 19.81951 0.15841
56678.61458 19.65812 0.06489
56678.64019 19.64752 0.06499
56680.60724 19.79617 0.07831
56683.59693 19.66233 0.06492
56683.63252 19.66383 0.06035
56685.59847 19.77411 0.11435
56685.6471 19.79214 0.11931
56686.63379 20.03953 0.14693
56687.59886 19.57301 0.0708
56687.64144 19.89213 0.0747
56690.60286 19.72177 0.09684
56690.64549 19.76296 0.08976
56697.60505 19.86572 0.09391
56699.60928 19.65008 0.12377
56816.96412 19.71998 0.06751
56816.97531 19.76911 0.09859
56818.96227 19.51929 0.05578
56818.97512 19.82377 0.09776
56819.96647 19.79099 0.10769
56819.97765 19.63988 0.11209
56820.96625 19.80921 0.10867
56820.97769 19.98232 0.14267
56822.96143 19.55843 0.09441
56822.97681 19.83154 0.12541
56823.96094 19.8903 0.11748
56823.97346 19.83376 0.1093
56824.96428 19.76981 0.09279
56824.97573 19.70437 0.09658
56825.96455 19.67782 0.082
56825.97592 19.71891 0.11403
56826.96127 19.69937 0.07882
56826.97472 19.75263 0.10624
56828.9654 19.71652 0.07827
56828.97804 19.4608 0.09998
56829.96383 19.68691 0.06751
56829.97653 19.70742 0.07286
56830.96102 19.53575 0.0548
56830.97338 19.75129 0.0666
56831.96161 19.60686 0.05511
56831.97427 19.56773 0.06398
56833.96568 19.56906 0.05333
56833.97644 19.5778 0.06832
56835.96569 19.50958 0.05699
56835.97723 19.62498 0.08176
56836.96625 19.47239 0.04641
56836.97711 19.47539 0.0631
56837.96638 19.58774 0.04924
56837.98211 19.53791 0.11609
56838.96389 19.55874 0.04803
56838.9786 19.64245 0.07624
56839.96511 19.62773 0.05025
56839.97834 19.57769 0.06916
56840.96951 19.52401 0.0538
56840.98137 19.61204 0.07995
56841.96857 19.47328 0.05013
56841.98075 19.56989 0.06849
56844.96636 19.6574 0.05792
56844.97887 19.56476 0.0596
56845.96726 19.45659 0.04802
56845.98002 19.5978 0.06341
56846.96666 19.55438 0.04866
56846.98115 19.3919 0.05487
56847.96648 19.45444 0.04537
56847.98151 19.53823 0.05216
56848.96743 19.44234 0.0432
56848.98312 19.47967 0.05925
56849.96813 19.69503 0.08107
56849.98235 19.39276 0.09308
56850.96941 19.9106 0.13716
56850.98368 19.73555 0.15314
56851.97048 19.47961 0.08539
56851.98675 19.73096 0.09321
56854.96165 19.6282 0.07189
56854.98771 19.57991 0.07369
56855.96071 19.4692 0.06371
56855.98393 19.4696 0.0652
56856.96087 19.771 0.09902
56856.98328 19.6311 0.07402
56858.96243 19.60331 0.05583
56858.98507 19.55872 0.05938
56859.96515 19.59624 0.04958
56859.98697 19.57114 0.05726
56861.96231 19.53465 0.05056
56861.98508 19.51596 0.04952
56862.9659 19.51958 0.04596
56862.98227 19.44701 0.04718
56863.94981 19.44304 0.04213
56864.94576 19.55966 0.05751
56864.96947 19.49119 0.0557
56865.92975 19.50848 0.05035
56865.96089 19.64811 0.04915
56867.98799 19.49572 0.04846
56868.96536 19.47941 0.04742
56868.98567 19.49722 0.04881
56869.96092 19.47939 0.04697
56869.98231 19.43522 0.04455
56870.96467 19.4228 0.04068
56870.98635 19.39701 0.04368
56874.97428 19.43767 0.04149
56874.99622 19.43311 0.04817
56875.98151 19.43779 0.04827
56875.99752 19.51787 0.05574
56876.91773 19.41844 0.04114
56876.94717 19.38198 0.03971
56877.9745 19.51181 0.04527
56877.9957 19.36225 0.04564
56878.00741 19.51179 0.08282
56878.9086 19.45472 0.06928
56878.93847 19.41619 0.0705
56879.92838 19.39613 0.08205
56879.95816 19.63535 0.09588
56880.95792 19.56994 0.13436
56880.9882 19.67051 0.09582
56882.96877 19.60867 0.1114
56882.98848 19.29127 0.10279
56883.9421 19.3839 0.0637
56883.98158 19.58043 0.07345
56884.99956 19.55116 0.07321
56885.96448 19.3517 0.05273
56885.98159 19.31697 0.05345
56886.91453 19.50784 0.05366
56886.94264 19.42375 0.05196
56887.91623 19.4682 0.04701
56887.94902 19.36908 0.04527
56888.86519 19.51221 0.04482
56888.89905 19.51114 0.04505
56888.91008 19.40987 0.04347
56888.94196 19.5198 0.04479
56890.94091 19.42961 0.04121
56890.97479 19.39389 0.04206
56895.83087 19.34698 0.05136
56895.86667 19.35177 0.05014
56972.71463 19.27538 0.05391
56972.73749 19.33056 0.05619
56978.74407 19.42623 0.05564
56978.79927 19.51094 0.08237
56979.72374 19.39021 0.09148
56980.71766 19.42481 0.05356
56980.83416 19.35765 0.06051
56981.71538 19.50952 0.055
56981.77818 19.37175 0.05311
56984.71333 19.55913 0.07042
56984.78092 19.41588 0.10326
56986.72544 19.54855 0.06592
56986.79095 19.66694 0.08115
56987.70535 19.45187 0.05793
56987.76948 19.48215 0.06822
56988.66321 19.43293 0.06157
56989.60286 19.40604 0.05442
56989.66828 19.31527 0.05761
56990.59847 19.37768 0.05681
56990.66232 19.285 0.06152
57000.62591 19.49243 0.0567
57000.65668 19.60925 0.0812
57001.60725 19.2889 0.04692
57001.63454 19.29865 0.04516
57011.62365 19.35649 0.05217
57011.65019 19.47461 0.05871
57014.60229 19.41081 0.05565
57014.62433 19.46026 0.05665
57015.60026 19.53671 0.06881
57015.6199 19.60279 0.0675
57018.60146 19.51925 0.06274
57018.62586 19.46527 0.06075
57019.59637 19.59528 0.07633
57019.61004 19.55146 0.06532
57030.59868 19.33496 0.05464
57037.60179 19.40865 0.06184
57039.60447 19.445 0.06012
57040.60372 19.39429 0.05814
57040.65327 19.52 0.0716
57041.64649 19.45557 0.06079
57042.59979 19.51705 0.05785
57042.64647 19.38479 0.05736
57043.60053 19.41528 0.05592
57043.64542 19.29709 0.05069
57044.59961 19.44205 0.07239
57044.64222 19.61206 0.08326
57046.59907 19.52532 0.06874
57046.64082 19.70288 0.08141
57047.65127 19.52969 0.07502
57047.65361 19.51421 0.07401
57059.60766 19.49213 0.06188
57059.61723 19.37778 0.06049
57063.60738 19.34356 0.06619
57063.61933 19.45259 0.06176
57064.61072 19.61183 0.06746
57064.62756 19.33204 0.0648
57065.60805 19.68622 0.08921
57065.62471 19.63621 0.08846
57066.6433 19.77389 0.15343
57067.60784 19.5001 0.07336
57067.62545 19.47969 0.06991
57069.61019 19.35089 0.06816
57069.6409 19.45374 0.07643
57070.61078 19.66272 0.07817
57070.6277 19.44804 0.07105
57071.61023 19.52981 0.07194
57071.6267 19.42101 0.06613
57089.61859 19.57576 0.11197
57089.62798 19.49898 0.10724
57091.62051 19.79322 0.13643
57091.62877 19.75504 0.13355
57179.97424 19.62389 0.15567
57180.95646 19.24959 0.08398
57185.96692 19.34452 0.06548
57187.96362 19.42827 0.05656
57188.93765 19.36651 0.05052
57188.96808 19.41188 0.05565
57189.95594 19.42204 0.05497
57190.94422 19.30631 0.05704
57190.9766 19.29141 0.09111
57191.9217 19.38126 0.05877
57191.95614 19.38928 0.05394
57192.94672 19.42341 0.05827
57192.97846 19.3761 0.09429
57193.93573 19.40888 0.05447
57193.96862 19.4036 0.06444
57194.94374 19.46077 0.05531
57194.97431 19.46856 0.07292
57195.94595 19.59271 0.06783
57195.97546 19.5473 0.08825
57196.92539 19.31083 0.06585
57196.97637 19.52103 0.08615
57197.91796 19.33039 0.05353
57197.96971 19.39503 0.06007
57198.93165 19.34067 0.05504
57198.96479 19.33858 0.05328
57199.9472 19.50002 0.05941
57199.9815 19.58733 0.1162
57207.95261 19.19754 0.10232
57207.98422 19.61146 0.1085
57208.90735 19.34257 0.08452
57208.94607 19.2202 0.07026
57209.93937 19.36456 0.07506
57209.97959 19.42512 0.0801
57210.9363 19.29672 0.06219
57210.97519 19.31994 0.06518
57211.94997 19.25517 0.05475
57211.98409 19.32721 0.07969
57212.9376 19.49983 0.0842
57212.97329 19.28228 0.08004
57214.96163 19.3218 0.05082
57216.93262 19.37534 0.05516
57216.97994 19.39305 0.05309
57218.92712 19.34417 0.04694
57218.977 19.35328 0.04967
57219.94247 19.40512 0.04399
57219.97077 19.28235 0.03913
57220.92305 19.22088 0.04047
57220.98129 19.35885 0.04596
57225.95176 19.22208 0.03831
57226.95332 19.3378 0.03727
57227.93417 19.39344 0.0453
57227.97035 19.27664 0.04303
57231.91879 19.32713 0.04879
57231.96902 19.34293 0.04418
57232.8829 19.35587 0.06338
57232.9489 19.38915 0.0539
57237.93379 19.62102 0.08554
57237.98326 19.47507 0.08389
57238.91268 19.27905 0.05572
57238.96563 19.32165 0.06405
57239.93796 19.26246 0.05241
57239.98313 19.34951 0.05903
57240.95317 19.27897 0.05251
57241.93368 19.47478 0.05424
57242.93933 19.3258 0.04193
57242.98523 19.21236 0.03908
57244.91131 19.33069 0.04293
57244.96611 19.31596 0.04111
57245.87591 19.29199 0.04195
57245.91376 19.35129 0.04026
57246.89995 19.35665 0.04743
57246.93423 19.40935 0.05062
57247.92574 19.25559 0.03735
57247.95614 19.35388 0.03843
57248.84393 19.21693 0.04253
57248.8782 19.29928 0.0416
57249.88436 19.32482 0.04182
57249.9163 19.41091 0.0448
57250.88236 19.31196 0.0442
57250.92114 19.27883 0.04705
57251.8693 19.26038 0.04173
57251.91419 19.26036 0.04206
57267.93864 19.61252 0.1075
57267.9816 19.50361 0.0816
57554.97044 19.29255 0.0643
57555.93989 19.38126 0.05182
57555.96363 19.36535 0.05337
57564.94449 19.63663 0.0938
57564.95195 19.60053 0.09055
57565.94418 19.27502 0.06694
57567.951 19.41219 0.07137
57567.97572 19.73362 0.09008
57568.92119 19.45638 0.06511
57568.97479 19.62243 0.08086
57569.92685 19.37065 0.05281
57570.93954 19.40642 0.05504
57571.91515 19.32466 0.05573
57571.96845 19.34274 0.05593
57572.94 19.31575 0.05224
57572.961 19.42563 0.06133
57573.95955 19.38859 0.05258
57574.96997 19.29897 0.04964
57575.96076 19.32752 0.0551
57576.95096 19.25566 0.04666
57577.97714 19.70427 0.07463
57578.93031 19.41209 0.05229
57578.9597 19.31019 0.04578
57579.93833 19.3966 0.05306
57579.96636 19.43201 0.0559
57580.94991 19.54877 0.05529
57580.97641 19.42564 0.05821
57581.93908 19.31502 0.04933
57581.96061 19.3549 0.0499
57582.96612 19.23416 0.04877
57582.9889 19.57751 0.09926
57583.93612 19.2619 0.04795
57583.97225 19.30342 0.05025
57584.92871 19.3322 0.04889
57584.97404 19.35913 0.05117
57585.92275 19.34324 0.05881
57585.96134 19.42359 0.05419
57586.91575 19.50957 0.08461
57592.99636 19.60086 0.10544
57595.9848 19.2768 0.08104
57596.95384 19.67214 0.08199
57596.98786 19.28183 0.06973
57597.93735 19.40508 0.06401
57597.9794 19.48454 0.06087
57598.9281 19.38151 0.05733
57598.97263 19.391 0.05646
57599.94579 19.42907 0.05805
57600.96483 19.29334 0.05501
57601.9531 19.27436 0.05469
57601.99102 19.36207 0.06303
57602.95616 19.3307 0.05678
57602.99208 19.44976 0.05867
57603.95654 19.26245 0.05293
57603.99274 19.35344 0.05352
57604.96148 19.33896 0.0534
57604.99535 19.35923 0.05521
57605.93926 19.29636 0.04704
57605.97693 19.37002 0.04729
57606.94732 19.40285 0.05023
57606.99101 19.37183 0.05341
57607.92659 19.47491 0.05611
57607.97806 19.5236 0.06073
57608.92515 19.41162 0.05236
57608.96585 19.3115 0.05125
57609.94301 19.468 0.05637
57610.89516 19.47927 0.05783
57610.92695 19.43388 0.05673
57611.90199 19.39546 0.05205
57611.93252 19.30988 0.05412
57612.88937 19.32126 0.05276
57612.93148 19.31829 0.04747
57613.84046 19.49896 0.06746
57613.87193 19.39944 0.05455
57613.90353 19.3577 0.04936
57614.96436 19.3507 0.04755
57614.99496 19.32654 0.05189
57615.90761 19.56983 0.07434
57615.95637 19.31944 0.05003
57622.96114 19.67439 0.16418
57623.99038 19.35163 0.15338
57624.97236 19.45904 0.09612
57625.94454 19.49266 0.076
