#mjd mag magerr
55061.92501 14.82421 0.00598
55061.95573 14.82697 0.00631
55063.91987 14.8361 0.007
55063.9639 14.8218 0.00746
55064.92128 14.84085 0.00668
55064.9656 14.83175 0.0064
55066.91014 14.83303 0.00649
55066.95474 14.83277 0.00813
55067.91649 14.84728 0.00666
55067.96099 14.83811 0.00837
55069.90324 14.81831 0.00722
55069.94786 14.81992 0.00633
55080.87449 14.83069 0.01079
55084.86328 14.81528 0.01083
55087.85609 14.80602 0.00596
55087.90101 14.80484 0.00662
55088.96983 14.81063 0.00577
55089.01521 14.80277 0.0062
55089.94574 14.80068 0.00705
55089.99042 14.81881 0.00659
55093.83741 14.80568 0.00686
55093.88196 14.80122 0.00596
55096.8292 14.81216 0.00718
55097.00858 14.81214 0.00634
55104.99862 14.80984 0.00607
55107.79764 14.84569 0.01039
55114.88125 14.8098 0.0066
55119.89538 14.82938 0.00672
55119.95365 14.82662 0.00695
55123.75696 14.82904 0.00569
55123.81523 14.82466 0.00555
55126.97957 14.84224 0.00738
55127.83329 14.8335 0.0064
55127.87706 14.83251 0.00617
55135.82555 14.83214 0.00779
55135.86926 14.82701 0.00871
55138.71472 14.8491 0.00865
55138.75871 14.83972 0.00945
55142.7036 14.83736 0.00627
55142.75219 14.83254 0.00671
55144.77886 14.83969 0.00593
55144.82305 14.8388 0.00614
55151.72943 14.81156 0.00544
55151.77257 14.82607 0.00531
55166.70473 14.84749 0.00842
55166.74897 14.81248 0.00842
55168.63378 14.85814 0.00933
55168.6775 14.85174 0.0102
55181.59421 14.83383 0.0145
55181.63825 14.83267 0.00858
55183.59204 14.83106 0.00852
55183.64253 14.82376 0.00694
55189.58054 14.83023 0.00706
55189.62557 14.83834 0.00642
55194.59026 14.85384 0.01194
55199.58559 14.83096 0.007
55202.58667 14.82101 0.02137
55203.71441 14.85346 0.00932
55203.75743 14.85578 0.00867
55207.63092 14.83081 0.01144
55207.67514 14.83692 0.00624
55209.5968 14.83978 0.00589
55209.64149 14.85103 0.00554
55213.63312 14.83418 0.02748
55213.6798 14.85584 0.02746
55377.85123 14.84518 0.00814
55377.89535 14.84118 0.00745
55378.90615 14.81144 0.00949
55379.8591 14.83231 0.0067
55379.92482 14.84563 0.00634
55380.87684 14.83138 0.00665
55380.92078 14.82625 0.00594
55381.89606 14.83778 0.00646
55381.93934 14.85054 0.00549
55384.82671 14.83104 0.00552
55384.87028 14.8345 0.00631
55385.87021 14.84325 0.0055
55385.91339 14.8327 0.00584
55386.86524 14.83114 0.00507
55386.90867 14.83675 0.00507
55387.87002 14.83515 0.00613
55387.91342 14.8292 0.00649
55388.91005 14.83204 0.00491
55390.80957 14.8367 0.00612
55390.85393 14.83396 0.00619
55391.80613 14.82502 0.00675
55391.87538 14.82113 0.00554
55392.83258 14.84321 0.0068
55392.87538 14.83586 0.00644
55394.79908 14.82652 0.00629
55394.8431 14.83315 0.00575
55395.79551 14.82815 0.0109
55395.84215 14.83691 0.00592
55396.79527 14.85785 0.00692
55396.83932 14.84466 0.00608
55397.79163 14.83655 0.00754
55397.83526 14.83008 0.00631
55398.78764 14.84818 0.00779
55398.83124 14.84085 0.00686
55399.78802 14.84825 0.0085
55399.83261 14.84631 0.00701
55400.78534 14.8558 0.00862
55400.8289 14.85588 0.00787
55401.78133 14.86442 0.01066
55401.82518 14.84321 0.00917
55402.77979 14.86133 0.01099
55402.8246 14.85151 0.00915
55403.77642 14.86175 0.01108
55403.81973 14.84937 0.01035
55404.77424 14.8301 0.01019
55404.84266 14.85871 0.00849
55405.8416 14.85373 0.00861
55407.7691 14.86798 0.01009
55407.83003 14.82109 0.00983
55411.79896 14.85688 0.01372
55412.75232 14.85544 0.01244
55412.79539 14.84449 0.01027
55414.75161 14.8639 0.04462
55414.79555 14.83873 0.00881
55415.75266 14.84424 0.01372
55416.75096 14.85145 0.01125
55416.79342 14.82453 0.01088
55417.84511 14.87062 0.03812
55418.79843 14.83248 0.01583
55418.84121 14.85223 0.01164
55419.79504 14.84531 0.01192
55420.78929 14.87335 0.03962
55420.83264 14.84464 0.01288
55421.73664 14.82423 0.00589
55421.79901 14.83128 0.00545
55422.75115 14.81739 0.006
55422.79487 14.825 0.00562
55423.74742 14.83042 0.00619
55423.79284 14.83207 0.00533
55424.75349 14.83772 0.0098
55424.80178 14.83471 0.00581
55425.76166 14.8477 0.00719
55425.80573 14.84576 0.00635
55426.80123 14.83782 0.00877
55426.8444 14.82877 0.00697
55427.79708 14.85666 0.00621
55427.8408 14.84273 0.00608
55428.79281 14.83465 0.00597
55428.83703 14.84304 0.00589
55429.8142 14.83225 0.00668
55429.85716 14.83803 0.00634
55430.75769 14.85004 0.00751
55430.80485 14.85728 0.00742
55431.75639 14.83956 0.00825
55431.80024 14.82926 0.00699
55432.73907 14.86394 0.00951
55432.78359 14.84717 0.00811
55433.70425 14.86322 0.01117
55433.7493 14.85932 0.00987
55434.69401 14.86294 0.01309
55434.73769 14.84682 0.01083
55435.69148 14.865 0.0116
55436.88575 14.84017 0.0073
55436.88891 14.85161 0.00741
55436.8919 14.85858 0.00774
55436.89501 14.86413 0.00765
55436.89797 14.85537 0.00736
55436.90109 14.85881 0.00784
55436.9042 14.87115 0.00759
55436.90728 14.86526 0.00792
55436.91041 14.8665 0.00803
55436.91351 14.86366 0.00778
55436.91641 14.85715 0.00866
55436.91931 14.84652 0.00782
55436.92221 14.86676 0.0083
55436.92514 14.87656 0.00739
55436.92806 14.87232 0.00774
55436.93096 14.86871 0.00727
55436.93413 14.8703 0.00776
55436.93703 14.85809 0.00807
55436.93974 14.86539 0.00763
55436.94297 14.86926 0.00759
55436.94613 14.86405 0.00761
55436.94915 14.84536 0.00787
55436.95231 14.86299 0.00745
55436.9553 14.85954 0.00728
55436.95826 14.87415 0.00753
55436.96116 14.86223 0.00739
55436.96403 14.85321 0.0076
55436.96671 14.84522 0.0069
55438.88857 14.84752 0.00656
55438.89169 14.83408 0.00687
55438.89485 14.8576 0.00679
55438.89798 14.8539 0.00737
55438.90086 14.84177 0.00731
55438.90371 14.83926 0.00708
55438.9065 14.84567 0.00687
55438.90927 14.84215 0.00811
55438.91204 14.83567 0.00688
55438.91487 14.84987 0.0075
55438.91763 14.8447 0.00657
55438.92084 14.84497 0.00701
55438.92394 14.8528 0.00697
55438.92672 14.84504 0.00695
55438.92954 14.86136 0.00748
55438.93259 14.85504 0.00765
55438.93551 14.8522 0.00732
55438.93833 14.84442 0.00747
55438.94106 14.84738 0.00743
55438.94411 14.84675 0.00771
55438.94678 14.84455 0.00707
55438.95017 14.85488 0.00775
55438.95913 14.85957 0.00722
55438.96141 14.85573 0.00732
55440.87507 14.83578 0.00622
55440.87823 14.83244 0.00659
55440.88428 14.83929 0.0065
55440.88675 14.83085 0.00574
55440.8894 14.83488 0.00604
55440.89205 14.83484 0.00591
55440.89518 14.82939 0.00577
55440.89832 14.84172 0.00585
55440.90145 14.83695 0.00591
55440.90439 14.84796 0.00666
55440.90729 14.83592 0.00624
55440.91025 14.84125 0.00616
55440.91316 14.83356 0.0059
55440.91591 14.83575 0.0058
55440.9187 14.82922 0.00572
55440.92149 14.83572 0.00552
55440.92426 14.8376 0.00615
55440.93095 14.83171 0.00592
55440.93364 14.82731 0.00633
55440.93623 14.83261 0.00539
55440.9395 14.84906 0.00577
55440.94264 14.84281 0.00557
55440.94582 14.8407 0.00595
55440.94883 14.8472 0.00606
55440.95182 14.83142 0.00559
55440.95489 14.83914 0.00578
55440.95791 14.83648 0.0062
55441.87301 14.84537 0.00652
55441.87592 14.8476 0.007
55441.88645 14.84986 0.00647
55441.88962 14.84587 0.00662
55441.89254 14.85437 0.00666
55441.89542 14.84889 0.00557
55441.89828 14.84127 0.00615
55441.90107 14.85049 0.00689
55441.9037 14.83822 0.00618
55441.90634 14.8491 0.00645
55441.90906 14.85283 0.00646
55441.9118 14.85177 0.0062
55441.91445 14.84817 0.00599
55441.91722 14.83001 0.00612
55441.91981 14.8436 0.00566
55441.92242 14.84152 0.00607
55441.92546 14.84871 0.00541
55441.9281 14.84122 0.00599
55441.93183 14.84075 0.0063
55441.93458 14.83253 0.00618
55441.93727 14.83618 0.00598
55441.94048 14.84724 0.00622
55441.94326 14.83677 0.00662
55441.94546 14.83659 0.00566
55441.94852 14.83603 0.00611
55441.95194 14.83907 0.00658
55441.95469 14.82621 0.00656
55441.95786 14.8464 0.00633
55441.96081 14.84466 0.00707
55441.96392 14.85195 0.00625
55441.96715 14.85667 0.00702
55441.97012 14.84477 0.00641
55441.97294 14.84414 0.00674
55441.97532 14.84712 0.00649
55441.97757 14.83436 0.00544
55441.9798 14.83978 0.00554
55441.9835 14.83316 0.00717
55441.9863 14.83272 0.0063
55441.98852 14.83111 0.00659
55441.99078 14.8545 0.00606
55441.99382 14.83909 0.00619
55442.00593 14.84977 0.0061
55442.00906 14.84558 0.00719
55442.01216 14.85188 0.00622
55442.01486 14.85413 0.00664
55442.01753 14.85078 0.00753
55442.02001 14.8751 0.00804
55442.02226 14.86046 0.00883
55442.70382 14.86632 0.00648
55442.70734 14.86958 0.00675
55442.71097 14.85621 0.00569
55442.71448 14.8563 0.00633
55442.71808 14.85523 0.00571
55442.72168 14.87545 0.00574
55442.72527 14.84335 0.00606
55442.73272 14.86202 0.00606
55442.74184 14.86569 0.00615
55442.74882 14.85646 0.00564
55442.75572 14.86253 0.00564
55442.76147 14.84508 0.0055
55442.76615 14.85506 0.00718
55442.77616 14.86263 0.0067
55442.78135 14.85468 0.00616
55442.78615 14.84491 0.0062
55442.79145 14.87119 0.00664
55442.79615 14.85987 0.00651
55442.80186 14.85543 0.00696
55442.8093 14.84439 0.00561
55442.81443 14.86082 0.00632
55442.81939 14.86228 0.00741
55442.82447 14.86358 0.00681
55442.8293 14.8607 0.00751
55442.83541 14.86166 0.00732
55442.84012 14.85897 0.00679
55442.84597 14.85153 0.00694
55442.85112 14.85172 0.00691
55442.85657 14.86018 0.00677
55442.86387 14.85192 0.00673
55442.87002 14.85678 0.00615
55442.87503 14.85058 0.007
55442.88048 14.85579 0.0069
55442.88617 14.85428 0.00702
55442.89221 14.86214 0.00681
55442.89785 14.85322 0.00609
55442.90297 14.85725 0.0062
55442.90871 14.84555 0.00577
55442.91368 14.84724 0.00508
55442.91875 14.83215 0.00617
55442.92384 14.83771 0.00599
55442.93037 14.84408 0.00639
55442.93642 14.8485 0.00618
55442.94588 14.84685 0.00754
55442.95166 14.84517 0.00687
55442.95754 14.84379 0.0063
55442.96246 14.83962 0.00706
55442.96833 14.83953 0.00532
55442.97317 14.83299 0.0058
55442.97782 14.83043 0.00549
55442.98206 14.85061 0.00685
55442.9872 14.84733 0.0069
55442.99348 14.85549 0.00626
55442.99858 14.84886 0.00638
55443.00329 14.84794 0.00669
55443.01002 14.82687 0.00594
55443.01702 14.84184 0.00639
55443.02387 14.86934 0.00838
55443.67742 14.85612 0.00567
55443.68488 14.84512 0.00648
55443.69287 14.83782 0.00561
55443.70415 14.84959 0.00601
55443.71028 14.85616 0.0058
55443.71632 14.85755 0.00591
55443.72231 14.85704 0.00561
55443.72832 14.84513 0.00618
55443.736 14.85764 0.00575
55443.74306 14.83317 0.00551
55443.74812 14.8448 0.00597
55443.75372 14.8496 0.0058
55443.75946 14.84419 0.00646
55443.76526 14.84738 0.00586
55443.77007 14.83693 0.00644
55443.78027 14.85079 0.00556
55443.78539 14.83985 0.00568
55443.79156 14.84669 0.00595
55443.79717 14.84807 0.0052
55443.80302 14.84073 0.00581
55443.80895 14.84347 0.00543
55443.81493 14.83945 0.00565
55443.8204 14.83893 0.00536
55443.82634 14.83014 0.00524
55443.83239 14.844 0.00604
55443.83783 14.83706 0.00567
55443.84415 14.83431 0.0054
55443.84958 14.84251 0.0055
55443.85553 14.84566 0.00515
55443.86252 14.81988 0.00539
55443.87576 14.83529 0.00564
55443.88141 14.84246 0.00585
55443.88892 14.81965 0.00595
55443.89412 14.83838 0.00583
55443.90077 14.83491 0.00561
55443.90658 14.83963 0.0057
55443.91235 14.83701 0.00522
55443.91779 14.82238 0.00565
55443.92403 14.82551 0.00525
55443.92967 14.83632 0.0052
55443.93496 14.82497 0.00552
55443.94073 14.83224 0.00528
55443.94779 14.83291 0.00553
55443.95355 14.83559 0.00532
55443.95925 14.83446 0.00566
55443.9693 14.82262 0.0054
55443.97555 14.83375 0.00549
55443.98144 14.83812 0.00558
55443.98725 14.82974 0.00623
55443.99456 14.84146 0.00538
55444.00093 14.8392 0.00563
55444.0061 14.84569 0.0057
55444.01187 14.84652 0.00599
55444.0175 14.85184 0.00543
55444.67221 14.84459 0.00596
55444.67727 14.85177 0.00633
55444.68199 14.8583 0.00631
55444.68857 14.84049 0.00557
55444.69526 14.85217 0.00659
55444.70198 14.8476 0.00546
55444.7091 14.84456 0.00532
55444.71487 14.85958 0.00538
55444.72103 14.84806 0.00636
55444.72796 14.85658 0.00557
55444.73377 14.86409 0.00589
55444.74094 14.83802 0.00563
55444.74655 14.83923 0.00509
55444.75167 14.85103 0.00614
55444.75678 14.85138 0.00565
55444.76225 14.85151 0.00561
55444.7673 14.8351 0.00567
55444.77353 14.8542 0.00604
55444.77876 14.84968 0.00605
55444.78368 14.8293 0.00511
55444.79848 14.84613 0.00616
55444.80403 14.85239 0.0061
55444.81599 14.84861 0.00716
55444.8213 14.85055 0.00636
55444.83332 14.85306 0.00605
55444.83854 14.85147 0.00615
55444.84549 14.85104 0.00642
55444.85161 14.84548 0.00647
55444.85679 14.8487 0.00613
55444.86267 14.82944 0.00541
55444.86777 14.8361 0.00682
55444.87321 14.84226 0.00648
55444.87872 14.84602 0.0061
55444.88467 14.83609 0.00563
55444.89016 14.82418 0.00561
55444.89581 14.82283 0.00688
55444.90153 14.82927 0.00565
55444.90845 14.83633 0.00606
55444.91349 14.83313 0.00521
55444.92279 14.83742 0.00512
55444.93139 14.84044 0.00582
55444.94041 14.84572 0.00502
55444.94568 14.84016 0.00598
55444.951 14.83613 0.0054
55444.95724 14.83612 0.00569
55444.96289 14.8391 0.0059
55444.96923 14.8405 0.00612
55444.97411 14.85338 0.00534
55444.98062 14.84026 0.00618
55444.98915 14.84985 0.00563
55444.99553 14.83031 0.00569
55445.00157 14.84359 0.006
55445.00779 14.85106 0.00637
55445.01282 14.84654 0.00547
55445.01777 14.85737 0.00672
55445.66261 14.86328 0.00638
55445.66749 14.8738 0.00712
55445.67244 14.8731 0.00665
55445.67731 14.87449 0.00657
55445.68422 14.84601 0.00597
55445.6905 14.86813 0.00679
55445.69681 14.86504 0.00578
55445.70294 14.87143 0.00644
55445.70921 14.87069 0.0061
55445.71534 14.84143 0.0067
55445.72141 14.83852 0.00592
55445.72791 14.84289 0.00612
55445.73457 14.8605 0.00728
55445.74013 14.85192 0.00609
55445.7456 14.8506 0.0062
55445.75096 14.84553 0.0065
55445.75643 14.85658 0.00605
55445.76191 14.8465 0.00596
55445.76784 14.85835 0.00598
55445.7737 14.85409 0.00544
55445.779 14.85278 0.00667
55445.78479 14.85612 0.00606
55445.79025 14.86138 0.00662
55445.79613 14.84472 0.00684
55445.81095 14.8486 0.007
55445.81845 14.84855 0.00594
55445.82455 14.85866 0.00649
55445.83024 14.85176 0.00655
55445.84021 14.84309 0.00616
55445.84549 14.84779 0.00561
55445.85174 14.84757 0.00758
55445.85762 14.83693 0.00596
55445.8636 14.83605 0.00551
55445.86963 14.84602 0.00587
55445.87567 14.85175 0.00704
55445.88207 14.84293 0.00605
55445.88844 14.84727 0.0062
55445.89432 14.82024 0.00509
55445.89983 14.84099 0.00531
55445.90668 14.82895 0.00539
55445.91299 14.84101 0.00503
55445.91722 14.84742 0.00595
55445.92351 14.8493 0.00658
55445.92915 14.84739 0.0055
55445.93496 14.84816 0.00625
55445.94048 14.85038 0.00588
55445.95216 14.84779 0.006
55445.95886 14.84474 0.00541
55445.97191 14.84728 0.006
55445.97872 14.8567 0.00576
55445.98437 14.84433 0.00587
55445.98972 14.84857 0.0062
55445.99581 14.85889 0.00678
55446.00245 14.84612 0.00641
55446.00827 14.85157 0.00605
55446.01324 14.8584 0.00565
55446.01787 14.86382 0.00614
55446.66046 14.86086 0.00705
55446.66501 14.8564 0.00697
55446.67089 14.87061 0.00623
55446.67601 14.8751 0.00663
55446.6814 14.86496 0.00574
55446.68915 14.847 0.00621
55446.70044 14.86264 0.00661
55446.70781 14.86124 0.00576
55446.71375 14.87006 0.00611
55446.71998 14.85638 0.00585
55446.7269 14.85651 0.00603
55446.73768 14.85863 0.00638
55446.74263 14.85529 0.00683
55446.74841 14.85846 0.00702
55446.75986 14.86105 0.00644
55446.76487 14.86611 0.00661
55446.77004 14.85956 0.00696
55446.77518 14.8439 0.00593
55446.78018 14.85762 0.00701
55446.78654 14.85719 0.0064
55446.79243 14.85901 0.00668
55446.79818 14.85261 0.00629
55446.80822 14.86247 0.00726
55446.81336 14.85431 0.00679
55446.81934 14.84943 0.00601
55446.82569 14.85375 0.00631
55446.83186 14.85234 0.00627
55446.83803 14.84545 0.00668
55446.84316 14.8635 0.0076
55446.84946 14.85053 0.0067
55446.85529 14.82088 0.01925
55446.86132 14.84728 0.00579
55446.87321 14.84413 0.00602
55446.87945 14.83677 0.0057
55446.88583 14.85948 0.00654
55446.89176 14.83267 0.00603
55446.89901 14.85147 0.00591
55446.90569 14.84964 0.00519
55446.91293 14.85264 0.00578
55446.91958 14.83715 0.00562
55446.92538 14.85314 0.00749
55446.93113 14.84958 0.00688
55446.93686 14.84991 0.006
55446.94237 14.84923 0.0066
55446.94842 14.8544 0.00737
55446.95451 14.85079 0.00736
55446.96034 14.84804 0.00634
55446.96641 14.8447 0.00616
55446.97287 14.84901 0.00581
55446.97827 14.83947 0.00741
55446.98464 14.85268 0.00728
55446.99026 14.84045 0.00603
55446.99646 14.82908 0.00576
55447.00329 14.85576 0.00668
55448.00377 14.82205 0.00538
55448.65527 14.83503 0.00723
55448.70146 14.81892 0.00642
55449.82958 14.82632 0.0056
55449.87259 14.82609 0.00562
55450.82585 14.81801 0.00594
55450.86998 14.82119 0.00625
55451.65338 14.84573 0.00645
55451.70095 14.83567 0.00618
55452.64792 14.83839 0.00687
55452.69243 14.8284 0.00661
55453.64519 14.83316 0.00669
55453.6895 14.84319 0.0062
55454.64058 14.84572 0.00673
55454.68793 14.84422 0.01179
55455.63923 14.84158 0.00728
55455.7154 14.82009 0.00614
55456.63346 14.8479 0.00765
55456.67702 14.83027 0.00669
55457.63067 14.86232 0.00744
55457.6732 14.83835 0.00719
55458.66069 14.84707 0.00726
55458.7057 14.82861 0.00657
55459.63016 14.82678 0.01027
55459.69034 14.82651 0.00791
55460.63624 14.86236 0.00814
55460.72453 14.83836 0.00732
55461.62523 14.84938 0.00921
55461.67649 14.84787 0.00788
55462.76573 14.85682 0.00852
55462.80848 14.85436 0.00797
55463.63005 14.8615 0.01228
55463.71104 14.84072 0.0089
55466.61784 14.8344 0.00722
55466.61959 14.84251 0.0076
55466.62134 14.83068 0.00605
55466.6231 14.83878 0.00628
55466.62486 14.82568 0.00704
55466.62661 14.8402 0.00653
55466.62943 14.83813 0.00641
55466.63143 14.8302 0.00677
55466.63348 14.84212 0.0067
55466.67604 14.84903 0.00819
55467.62749 14.83607 0.00654
55468.7394 14.84813 0.00782
55468.78277 14.83988 0.00781
55469.80235 14.87162 0.03925
55470.82246 14.82619 0.00956
55471.77466 14.83994 0.00618
55472.62548 14.84276 0.00635
55472.66936 14.83226 0.00623
55477.66775 14.83997 0.00579
55477.71276 14.84772 0.00574
55478.62384 14.83272 0.00671
55478.66775 14.8377 0.00597
55479.61565 14.83903 0.00619
55479.65968 14.83837 0.00575
55480.61506 14.83332 0.0064
55480.65805 14.85311 0.00618
55481.61182 14.84742 0.0062
55481.69382 14.8351 0.00621
55482.61769 14.84182 0.00637
55482.66188 14.85568 0.00622
55482.67843 14.84834 0.00645
55483.61039 14.85139 0.00614
55483.66512 14.83983 0.0061
55484.66377 14.82944 0.00675
55484.70695 14.82936 0.00588
55485.61939 14.84334 0.00694
55485.66329 14.8531 0.00697
55486.61418 14.8582 0.00854
55486.658 14.86046 0.01205
55497.84041 14.83077 0.00751
55497.89223 14.82023 0.00667
55498.71756 14.83877 0.00767
55498.79 14.83865 0.0092
55499.59404 14.85238 0.00754
55499.63881 14.84888 0.00659
55501.66259 14.81604 0.00647
55501.75706 14.82052 0.00607
55502.72145 14.82603 0.00545
55502.82148 14.81558 0.00632
55503.8732 14.81751 0.00654
55504.82418 14.82063 0.00576
55504.91868 14.82804 0.00655
55506.68972 14.84751 0.01082
55506.73387 14.8245 0.00589
55507.81368 14.8272 0.00517
55507.89267 14.81214 0.00599
55513.658 14.84526 0.00579
55513.7418 14.82825 0.00533
55514.69377 14.83114 0.00532
55514.73749 14.83214 0.00624
55515.69951 14.84083 0.00609
55515.74236 14.83214 0.00605
55516.67238 14.83337 0.00608
55516.71654 14.84442 0.00629
55517.61497 14.84565 0.00715
55517.6584 14.84069 0.00635
55518.61481 14.83978 0.00739
55518.6578 14.83285 0.00744
55527.74242 14.82844 0.006
55530.70615 14.82222 0.0067
55531.77418 14.80665 0.00755
55531.81743 14.81215 0.00818
55532.78408 14.82496 0.00664
55532.82836 14.84607 0.00765
55535.68432 14.83288 0.00695
55537.58157 14.83279 0.00746
55537.62557 14.8204 0.00607
55538.57995 14.84196 0.0057
55538.62381 14.84185 0.00522
55539.58012 14.84991 0.00713
55539.62283 14.83302 0.00759
55540.61811 14.84273 0.00592
55540.66215 14.83633 0.00625
55541.61644 14.83633 0.00742
55541.65945 14.84189 0.00776
55544.59603 14.84278 0.0061
55544.64191 14.83638 0.00624
55545.59598 14.82205 0.01002
55545.63939 14.83253 0.00959
55558.75663 14.8287 0.00619
55559.7264 14.81637 0.0228
55561.73304 14.8278 0.00622
55561.77682 14.82755 0.00697
55567.59621 14.82521 0.00734
55575.595 14.8389 0.00798
55575.6386 14.85892 0.00904
55577.59504 14.84766 0.00832
55579.61368 14.84911 0.00695
55579.65687 14.85137 0.00746
55580.66998 14.8441 0.00838
55580.71648 14.85544 0.00867
55583.61703 14.84701 0.00547
55583.66119 14.85028 0.00682
55584.63985 14.83843 0.00563
55584.68286 14.83709 0.00587
55586.61685 14.84974 0.00528
55586.66038 14.82518 0.00541
55588.66264 14.82447 0.00866
55588.70647 14.84403 0.00853
55722.89872 14.82353 0.00563
55723.91976 14.83277 0.00669
55723.9634 14.83573 0.00615
55730.87802 14.8327 0.00958
55730.92322 14.83418 0.008
55733.86776 14.85118 0.00699
55733.91212 14.83896 0.00619
55750.83279 14.85129 0.0069
55750.87598 14.83447 0.00601
55753.86132 14.82301 0.00731
55756.88391 14.85528 0.00932
55756.93392 14.84633 0.00867
55759.84878 14.82826 0.00834
55759.89212 14.83297 0.0069
55762.79606 14.82578 0.01021
55762.8402 14.8366 0.00957
55766.7805 14.82653 0.0067
55766.83041 14.8343 0.00619
55768.77509 14.84899 0.00677
55768.82037 14.82479 0.00589
55769.80074 14.83287 0.00561
55769.84468 14.83023 0.0055
55770.78189 14.83889 0.00667
55770.82573 14.83235 0.00566
55771.78074 14.83255 0.00564
55771.82449 14.83409 0.00565
55774.75968 14.85042 0.00651
55774.80363 14.84137 0.00628
55775.7599 14.84229 0.01062
55775.80332 14.83786 0.01575
55779.7464 14.83467 0.0076
55779.79086 14.83627 0.00593
55780.74948 14.8492 0.00739
55780.79415 14.83524 0.0063
55782.7508 14.82643 0.00742
55782.7956 14.83094 0.00698
55783.7573 14.8354 0.00783
55783.80103 14.84099 0.00713
55784.74207 14.82744 0.0088
55789.73736 14.84304 0.00909
55789.78039 14.85067 0.00714
55790.73125 14.84579 0.00865
55790.77463 14.84816 0.00799
55791.73123 14.84986 0.00882
55791.77527 14.84545 0.00729
55793.74743 14.84377 0.00687
55793.79097 14.85278 0.00703
55794.75972 14.82995 0.00636
55794.81629 14.83687 0.0066
55809.66644 14.83543 0.01136
55809.7101 14.832 0.01148
55811.66044 14.85762 0.00805
55811.7042 14.85073 0.00744
55812.65876 14.86262 0.00921
55812.70198 14.84624 0.00758
55813.66257 14.86053 0.00845
55813.70671 14.84751 0.00731
55818.70874 14.86232 0.01392
55820.63925 14.83952 0.0082
55820.68324 14.85773 0.01156
55821.63464 14.84317 0.00673
55822.63132 14.85162 0.00729
55822.67415 14.84395 0.00627
55823.62908 14.84777 0.00758
55823.67275 14.83897 0.00637
55824.62608 14.83451 0.00705
55824.6697 14.83852 0.00566
55838.61464 14.84496 0.00769
55838.65944 14.83063 0.00641
55842.61856 14.87019 0.00956
55842.66208 14.86136 0.00795
55843.61073 14.87335 0.01083
55843.65444 14.85659 0.00895
55844.65374 14.86308 0.00981
55849.60547 14.82524 0.01037
55849.65079 14.87623 0.00962
55850.60468 14.85127 0.00681
55850.64918 14.83812 0.00684
55851.60318 14.84844 0.00694
55851.64641 14.85423 0.00568
55852.60416 14.84939 0.00645
55852.6481 14.86171 0.00603
55853.60163 14.86203 0.00677
55853.6463 14.85339 0.00558
55854.60164 14.85602 0.00692
55854.64607 14.84748 0.00618
55866.5884 14.86458 0.00657
55866.64679 14.84947 0.0059
55867.58757 14.84649 0.00679
55867.63053 14.84541 0.00658
55868.5865 14.84852 0.00723
55868.63002 14.83161 0.00594
55880.87841 14.84656 0.00807
55880.92255 14.84343 0.00754
55882.86968 14.84293 0.00767
55882.87146 14.85587 0.00795
55882.91495 14.84064 0.00927
55883.86679 14.8401 0.00818
55883.91496 14.84517 0.01181
55887.63181 14.84804 0.00622
55887.68352 14.83752 0.0064
55888.8957 14.83843 0.01165
55889.80049 14.83801 0.00601
55889.84447 14.83385 0.0057
55891.57974 14.84867 0.00615
55891.6225 14.83018 0.00583
55893.58261 14.83977 0.00586
55893.62546 14.83321 0.00576
55894.58144 14.84716 0.01279
55894.62473 14.86814 0.01327
55896.58202 14.82818 0.00863
55898.82137 14.85217 0.00784
55898.86551 14.84 0.00699
55899.80997 14.84969 0.01015
55902.58519 14.85949 0.00955
55902.64414 14.86322 0.01
55903.58342 14.86748 0.01011
55903.62024 14.82822 0.01053
55904.58683 14.84699 0.00962
55906.58378 14.85618 0.00759
55906.64029 14.85035 0.00817
55916.59575 14.83257 0.01324
55916.64026 14.83749 0.00604
55922.6423 14.83881 0.00582
55923.59751 14.84018 0.00614
55923.64145 14.82932 0.00596
55924.60837 14.83696 0.00629
55925.59941 14.84698 0.00918
55925.67897 14.8464 0.00551
55926.58279 14.85368 0.01037
55926.62543 14.84302 0.01131
55930.58585 14.85634 0.00895
55930.62499 14.85726 0.00871
55931.58458 14.84372 0.00917
55931.62692 14.84863 0.00894
55932.62858 14.86682 0.00776
55936.60917 14.84814 0.01095
55936.65247 14.85916 0.01054
55939.64879 14.82812 0.00608
55939.6851 14.8318 0.00609
55940.64013 14.84376 0.01139
55943.69972 14.8257 0.0061
55943.74446 14.83018 0.00659
55944.64379 14.84689 0.00605
55944.67224 14.83694 0.0062
55946.63797 14.82979 0.00937
55947.59349 14.85901 0.00794
55947.63713 14.86441 0.00914
55949.64923 14.84403 0.00955
55949.6924 14.82988 0.00975
55952.60617 14.82804 0.00596
55952.64932 14.84564 0.00607
55953.59751 14.84857 0.0061
55953.64127 14.85427 0.00599
55954.59787 14.82737 0.00781
55954.64157 14.83283 0.00763
55958.61566 14.84964 0.0076
55958.67117 14.86338 0.00798
55959.64574 14.84141 0.00849
55960.60205 14.8322 0.00878
55960.64497 14.82994 0.00812
55962.61935 14.85126 0.00773
55962.69096 14.83588 0.00883
56060.97134 14.84252 0.00762
56061.96903 14.85639 0.00761
56063.96519 14.8402 0.00776
56065.96588 14.82001 0.00758
56066.96916 14.84759 0.00749
56067.96802 14.85348 0.00704
56070.97101 14.83953 0.00682
56071.95528 14.83516 0.00674
56075.93073 14.83815 0.00744
56075.96117 14.85131 0.00635
56076.96161 14.85165 0.00651
56077.97941 14.87233 0.01064
56078.92335 14.84765 0.00709
56078.95394 14.82953 0.00643
56079.91957 14.84191 0.0077
56079.94994 14.84766 0.00613
56079.97946 14.8703 0.00952
56081.92247 14.8556 0.01187
56081.9528 14.84066 0.01022
56084.95914 14.86009 0.00901
56085.9055 14.82197 0.01199
56085.9361 14.84264 0.00978
56085.9661 14.86245 0.00862
56086.90079 14.86939 0.00853
56086.9317 14.87536 0.00763
56086.96186 14.85359 0.00747
56087.95118 14.83671 0.00727
56088.93216 14.8444 0.00699
56088.96298 14.85667 0.00745
56089.90743 14.85864 0.00769
56089.9375 14.83823 0.00703
56090.89626 14.82281 0.00741
56091.93224 14.84886 0.00666
56091.96189 14.84557 0.00675
56092.88532 14.85198 0.00631
56092.91513 14.86562 0.00659
56092.94551 14.83992 0.0065
56093.88544 14.84418 0.00662
56093.91605 14.8399 0.00826
56093.95942 14.84895 0.00602
56094.8793 14.83534 0.00735
56094.90895 14.85803 0.00917
56094.93794 14.83935 0.00641
56095.89413 14.83843 0.00641
56095.92394 14.83022 0.00695
56095.95378 14.84177 0.00589
56096.8846 14.83601 0.00639
56096.91464 14.83944 0.00647
56096.94475 14.84221 0.00568
56097.90204 14.84744 0.00601
56099.86796 14.84873 0.00593
56099.8979 14.84721 0.00595
56099.92867 14.84569 0.00642
56100.87134 14.85066 0.00663
56100.9014 14.84993 0.00616
56100.93113 14.84144 0.00634
56101.86099 14.84577 0.00751
56101.89166 14.851 0.00589
56101.92164 14.84873 0.00595
56102.85884 14.84211 0.00691
56102.88948 14.84178 0.00582
56102.91975 14.84571 0.00639
56103.85688 14.85669 0.00692
56103.89198 14.84617 0.00638
56103.92203 14.83256 0.00599
56104.86298 14.82969 0.00643
56104.89266 14.8515 0.00654
56104.92258 14.83177 0.00589
56105.87772 14.85432 0.00599
56105.90846 14.83598 0.00572
56105.93782 14.84045 0.00614
56106.84826 14.85452 0.00657
56106.87859 14.85515 0.00644
56106.90907 14.85173 0.00601
56107.84497 14.83175 0.00845
56107.87579 14.8427 0.00602
56107.90655 14.8446 0.00641
56108.86703 14.85515 0.00793
56108.89669 14.85432 0.00642
56108.92686 14.84712 0.0053
56109.93363 14.85678 0.00658
56110.86774 14.84901 0.00954
56110.89782 14.84661 0.00894
56110.92786 14.8721 0.00761
56111.86949 14.87391 0.00995
56111.91431 14.87017 0.00974
56111.94457 14.87851 0.00869
56112.91217 14.86402 0.01213
56113.8878 14.85528 0.00894
56113.93235 14.85766 0.00791
56113.96218 14.85485 0.008
56114.87108 14.85928 0.009
56114.92357 14.8799 0.00812
56114.95378 14.87887 0.00785
56115.85803 14.86797 0.00832
56115.88797 14.85227 0.00784
56115.9179 14.85932 0.00735
56116.90131 14.85171 0.00788
56116.93261 14.86026 0.00769
56116.96078 14.85929 0.00702
56117.86349 14.87243 0.00888
56117.92405 14.87503 0.00763
56118.85812 14.86891 0.00821
56118.8884 14.86752 0.00823
56119.81535 14.85156 0.00854
56120.95573 14.877 0.01047
56122.80682 14.84966 0.0165
56123.80269 14.87935 0.00681
56123.8333 14.85604 0.00585
56123.86323 14.86867 0.00652
56124.8239 14.85103 0.00667
56124.85579 14.82918 0.00678
56124.90647 14.83482 0.00602
56125.83541 14.84152 0.0059
56125.8655 14.85778 0.00588
56125.89611 14.86058 0.00542
56126.79674 14.8735 0.00798
56126.82683 14.85045 0.00689
56126.85662 14.8608 0.01516
56127.87262 14.85163 0.00664
56128.79045 14.84453 0.00733
56128.8202 14.85663 0.00664
56128.8509 14.84721 0.00634
56129.81763 14.85238 0.00639
56129.84839 14.8473 0.00634
56130.78415 14.85115 0.00694
56130.81619 14.85765 0.0064
56130.84603 14.84089 0.01532
56131.81956 14.86158 0.00693
56131.84966 14.8699 0.00637
56131.87991 14.8581 0.00677
56132.81342 14.84731 0.0059
56132.85526 14.84836 0.00597
56133.77702 14.86465 0.00668
56133.80732 14.85447 0.00605
56133.83817 14.84534 0.00562
56135.77548 14.86066 0.00654
56135.80558 14.84945 0.00565
56135.8357 14.85255 0.00478
56136.78168 14.85574 0.00673
56136.81139 14.83479 0.00626
56136.84105 14.83658 0.00532
56137.77719 14.84529 0.00746
56137.8165 14.87134 0.01489
56137.84943 14.84992 0.01183
56143.75013 14.86499 0.01072
56143.77946 14.86502 0.00922
56143.81202 14.88017 0.00834
56144.79078 14.86637 0.00871
56144.82138 14.86249 0.00732
56145.74531 14.86205 0.01141
56145.77477 14.88325 0.01078
56145.80436 14.87182 0.00898
56146.77217 14.86821 0.00815
56146.83591 14.85429 0.00797
56147.75046 14.85609 0.00713
56147.78019 14.85404 0.00754
56147.81614 14.85099 0.00731
56148.73743 14.85232 0.00598
56148.76798 14.86073 0.00701
56148.79928 14.83799 0.0066
56151.84315 14.84788 0.00587
56151.87618 14.85649 0.0053
56151.91621 14.85145 0.00522
56164.86055 14.84724 0.00526
56164.89061 14.84951 0.00595
56164.92052 14.84187 0.00609
56165.82275 14.85048 0.0051
56165.85221 14.85205 0.00486
56165.88255 14.85143 0.00454
56166.78411 14.8417 0.00595
56166.82415 14.83786 0.00549
56166.85436 14.85358 0.00549
56167.76082 14.85587 0.00637
56167.79008 14.85626 0.00601
56167.82893 14.85737 0.0063
56168.73084 14.86673 0.0079
56168.76135 14.85781 0.0074
56168.79094 14.85529 0.00764
56169.70528 14.87724 0.01086
56169.73488 14.88491 0.00991
56169.78208 14.86961 0.00905
56170.73648 14.87536 0.00993
56170.76821 14.87088 0.00903
56176.66101 14.86949 0.00701
56176.74473 14.86485 0.00683
56176.77537 14.86856 0.00659
56177.67775 14.85649 0.00566
56177.71467 14.85249 0.00529
56177.7448 14.87149 0.00526
56178.65701 14.85143 0.00656
56178.7245 14.84568 0.0105
56178.75548 14.85003 0.0051
56189.71737 14.84648 0.00531
56189.74707 14.83681 0.00528
56194.65274 14.85362 0.0065
56194.68156 14.85693 0.00593
56194.73072 14.86137 0.0058
56195.63238 14.85654 0.00791
56195.68489 14.84963 0.00668
56195.74387 14.82807 0.00606
56196.64868 14.85902 0.00737
56196.67925 14.85824 0.0068
56196.70945 14.84595 0.00665
56197.62224 14.87554 0.00946
56197.65122 14.83599 0.00854
56197.68048 14.85244 0.00782
56198.63271 14.86412 0.01092
56198.66294 14.85971 0.01058
56198.69225 14.86716 0.00967
56202.61563 14.84292 0.01426
56202.64754 14.88498 0.00995
56202.70169 14.86506 0.00844
56207.71676 14.86649 0.01997
56207.74712 14.8811 0.02402
56224.66207 14.85435 0.00859
56224.69182 14.86121 0.00713
56225.74851 14.85488 0.00622
56225.84088 14.8543 0.0061
56226.79663 14.83036 0.00881
56227.72154 14.86417 0.00806
56227.75148 14.8519 0.00828
56228.67316 14.8827 0.00787
56228.71 14.86033 0.00811
56229.61202 14.87041 0.00948
56229.68338 14.8827 0.00797
56230.73676 14.87559 0.00964
56231.86041 14.85755 0.00795
56232.82116 14.86833 0.00713
56233.75399 14.87726 0.00725
56233.78371 14.87989 0.01158
56234.68453 14.85947 0.00549
56234.71313 14.85443 0.00565
56235.61461 14.86086 0.00658
56235.64419 14.86886 0.00494
56236.58514 14.84948 0.00628
56236.61561 14.85095 0.0047
56237.58477 14.85833 0.00586
56237.61509 14.85164 0.00522
56238.58334 14.86469 0.0064
56238.61531 14.85141 0.00555
56239.58294 14.8603 0.00596
56239.61141 14.86144 0.00523
56251.83071 14.85876 0.00526
56251.86073 14.8489 0.00575
56252.58576 14.86071 0.00681
56252.60631 14.86136 0.00633
56252.62487 14.86097 0.00653
56252.64555 14.85244 0.00598
56252.66096 14.8706 0.00629
56252.69879 14.86289 0.00594
56252.71706 14.84365 0.00531
56252.73499 14.85696 0.00596
56252.75258 14.8463 0.00643
56252.76856 14.85893 0.00592
56252.78929 14.85124 0.007
56252.80517 14.8646 0.00663
56252.821 14.84711 0.00668
56252.83831 14.8558 0.00652
56252.85634 14.84613 0.00588
56253.58621 14.8667 0.00699
56253.60335 14.85125 0.00682
56253.62054 14.85087 0.00591
56253.63682 14.86808 0.00593
56253.6539 14.85975 0.00558
56253.6721 14.85604 0.00568
56253.70902 14.8623 0.00611
56253.7307 14.85086 0.00679
56253.75003 14.86382 0.00659
56253.76637 14.85666 0.00689
56253.78832 14.86092 0.0063
56253.8078 14.86027 0.00691
56253.82956 14.86267 0.00651
56253.85372 14.86168 0.00563
56254.74613 14.84503 0.00649
56254.77889 14.84758 0.00615
56255.68248 14.86283 0.00709
56255.7252 14.86292 0.00652
56256.62657 14.8743 0.00756
56256.6557 14.87169 0.00721
56257.58763 14.86333 0.00854
56257.64219 14.85817 0.0075
56258.61848 14.86718 0.00813
56259.62495 14.87403 0.00859
56265.629 14.8407 0.00779
56265.6592 14.85521 0.0077
56266.58222 14.87076 0.00987
56267.58751 14.8485 0.00938
56267.61751 14.85183 0.0087
56268.59364 14.8572 0.00478
56268.62314 14.85926 0.00495
56269.58319 14.85501 0.00514
56269.58435 14.85378 0.0054
56269.58546 14.85026 0.0052
56269.58657 14.84641 0.00543
56269.58771 14.85532 0.00495
56269.58893 14.85767 0.0052
56269.59006 14.85273 0.00515
56269.59133 14.852 0.00491
56269.59245 14.85649 0.00514
56269.59364 14.86081 0.00531
56269.59478 14.85609 0.00516
56269.596 14.85765 0.00462
56269.59713 14.84823 0.00472
56269.59843 14.85068 0.00497
56269.59956 14.84857 0.0046
56269.60977 14.8556 0.00509
56269.61093 14.85302 0.00448
56269.6121 14.85002 0.00479
56269.61321 14.85159 0.00466
56269.61434 14.84887 0.00558
56269.61547 14.84305 0.00486
56269.61659 14.8393 0.00502
56269.61773 14.84884 0.00515
56269.61884 14.85631 0.00508
56269.61995 14.85789 0.00487
56269.62115 14.85402 0.00478
56269.6223 14.85076 0.00491
56269.62343 14.85787 0.00483
56269.62457 14.84924 0.00529
56269.62569 14.8583 0.00469
56269.62688 14.85804 0.00511
56269.628 14.85849 0.00489
56269.6375 14.85748 0.00491
56269.63881 14.85386 0.00445
56269.64001 14.85115 0.00499
56269.64114 14.86062 0.00468
56269.64226 14.84949 0.00502
56269.64337 14.85878 0.00489
56269.6445 14.85289 0.00496
56269.64562 14.86102 0.00463
56269.64675 14.85723 0.00514
56269.64789 14.8545 0.00477
56269.64905 14.85517 0.00444
56269.65017 14.86301 0.00518
56269.65129 14.86319 0.00491
56269.65247 14.85518 0.0051
56269.65359 14.85101 0.00505
56269.65473 14.85322 0.00483
56269.65585 14.85725 0.00507
56269.65698 14.85526 0.0047
56269.65819 14.8633 0.00501
56269.65932 14.85916 0.00514
56269.66055 14.85399 0.00502
56269.66167 14.86272 0.00493
56269.66279 14.8576 0.00456
56269.66393 14.87169 0.0048
56269.66595 14.85047 0.00501
56269.66717 14.86349 0.00474
56269.66829 14.85205 0.00506
56269.66952 14.8613 0.00503
56269.67064 14.85853 0.00481
56269.67184 14.85946 0.00501
56269.673 14.8574 0.00534
56269.67412 14.85493 0.00483
56269.67533 14.85186 0.00466
56269.67646 14.86729 0.00491
56269.6776 14.85642 0.00522
56269.67883 14.8522 0.00465
56269.67997 14.86062 0.00476
56269.6812 14.86083 0.00511
56269.68232 14.85724 0.00467
56269.68343 14.85123 0.00535
56269.68473 14.86429 0.00537
56269.68592 14.85471 0.00516
56269.68705 14.85489 0.00552
56269.68816 14.84513 0.005
56269.68929 14.85726 0.00513
56269.69041 14.85391 0.00498
56269.69157 14.85319 0.0052
56269.69269 14.85508 0.00566
56269.69383 14.85292 0.00541
56269.69496 14.84953 0.00486
56269.69608 14.85225 0.00544
56269.69898 14.86235 0.00531
56269.70011 14.85417 0.00483
56269.70126 14.85395 0.00512
56269.70241 14.85773 0.00462
56269.70357 14.85623 0.00491
56269.70468 14.8524 0.00521
56269.70581 14.84072 0.00522
56269.70705 14.85405 0.00514
56269.70816 14.85581 0.00498
56269.70937 14.86235 0.00542
56269.7105 14.86922 0.00538
56269.71167 14.85783 0.00492
56269.7128 14.85877 0.00512
56269.71403 14.85522 0.00493
56269.71516 14.86417 0.00504
56269.7163 14.85512 0.00492
56269.72641 14.84712 0.00517
56269.72763 14.85578 0.00503
56269.72875 14.85409 0.00523
56269.72987 14.86357 0.00517
56269.731 14.86005 0.00505
56269.73213 14.86396 0.00536
56269.73326 14.86323 0.00521
56269.73438 14.85684 0.005
56269.73557 14.86025 0.00511
56269.73682 14.85691 0.00479
56269.73796 14.8563 0.00489
56269.73911 14.85596 0.00469
56269.74036 14.85552 0.00517
56269.74147 14.85283 0.00509
56269.74272 14.86017 0.00505
56269.74391 14.85436 0.00579
56269.74502 14.86059 0.0051
56269.7462 14.8555 0.00479
56269.74734 14.85355 0.00534
56269.74846 14.84694 0.00518
56269.74961 14.85386 0.0052
56269.75074 14.8572 0.00508
56269.75201 14.85955 0.00514
56269.75316 14.85207 0.00559
56269.75429 14.85225 0.00495
56269.75553 14.85333 0.00523
56269.75665 14.85653 0.00535
56269.75779 14.85075 0.00497
56269.75895 14.84789 0.00477
56269.76008 14.85842 0.00531
56269.76123 14.84836 0.00571
56269.76235 14.85614 0.00494
56269.76348 14.8501 0.00535
56269.76459 14.84356 0.00482
56269.76573 14.85937 0.00539
56269.78036 14.85856 0.00486
56269.78151 14.86537 0.00506
56269.78271 14.86265 0.00511
56269.78391 14.86318 0.00508
56269.78511 14.86999 0.00499
56269.78751 14.86176 0.00491
56269.78876 14.85019 0.00476
56269.78989 14.86055 0.00511
56269.79108 14.85225 0.00493
56269.79227 14.86728 0.00499
56269.79356 14.85956 0.0052
56269.79478 14.86711 0.00521
56269.7959 14.85342 0.0049
56269.79701 14.86127 0.00498
56269.79816 14.85919 0.00514
56269.79928 14.86206 0.00492
56269.80041 14.8553 0.00506
56269.80156 14.85638 0.00492
56269.80276 14.85359 0.00519
56269.80404 14.86681 0.00528
56269.80517 14.85771 0.00504
56269.80638 14.85236 0.00512
56269.80752 14.86256 0.00521
56269.80866 14.85006 0.00524
56270.57931 14.84378 0.00536
56270.58058 14.85243 0.00574
56270.58188 14.85631 0.00552
56270.58305 14.85496 0.00545
56270.58429 14.84525 0.00521
56270.58556 14.84456 0.006
56270.58671 14.85597 0.00545
56270.58798 14.85209 0.00569
56270.58926 14.84494 0.00518
56270.59051 14.85264 0.00519
56270.59176 14.84949 0.00545
56270.59301 14.85226 0.00594
56270.59588 14.85499 0.00538
56270.59719 14.85332 0.0054
56270.59846 14.85782 0.00559
56270.59973 14.8481 0.00543
56270.60101 14.85277 0.00535
56270.60229 14.85764 0.00532
56270.60361 14.85371 0.0056
56270.60484 14.84854 0.00558
56270.60617 14.86491 0.00569
56270.60733 14.85742 0.00547
56270.60868 14.85498 0.00521
56270.60993 14.86232 0.00561
56270.61121 14.8552 0.00495
56270.61244 14.85182 0.00546
56270.61368 14.85158 0.00504
56270.61481 14.84863 0.00527
56270.61593 14.85284 0.00515
56270.61713 14.85591 0.00494
56270.61835 14.85491 0.00523
56270.61963 14.85018 0.00519
56270.62082 14.85319 0.00516
56270.62212 14.85549 0.00513
56270.62324 14.86552 0.00551
56270.62438 14.85556 0.0051
56270.6255 14.84734 0.0051
56270.62668 14.8594 0.00521
56270.62781 14.85269 0.00524
56270.62895 14.84892 0.00532
56270.63017 14.86167 0.00545
56270.6313 14.853 0.00559
56270.63259 14.85032 0.00511
56270.63372 14.85513 0.00581
56270.63484 14.85592 0.00554
56270.64581 14.84625 0.0057
56270.64713 14.85246 0.00513
56270.64825 14.85874 0.00587
56270.6495 14.85463 0.00528
56270.65082 14.84853 0.00571
56270.65222 14.85542 0.00606
56270.65336 14.84912 0.00499
56270.6545 14.85743 0.00513
56270.65562 14.84861 0.00521
56270.65697 14.85156 0.0057
56270.65832 14.85712 0.00555
56270.65959 14.85809 0.00608
56270.66092 14.85093 0.00535
56270.66217 14.85929 0.00476
56270.66351 14.85317 0.00529
56270.66477 14.85151 0.00557
56270.67891 14.85414 0.00525
56270.68008 14.8491 0.00512
56270.68122 14.86004 0.00575
56270.68243 14.84992 0.00506
56270.68382 14.85535 0.00564
56270.68508 14.85542 0.00566
56270.68653 14.84071 0.00529
56270.68784 14.85337 0.00557
56270.68912 14.85069 0.00496
56270.69114 14.85848 0.00582
56270.69232 14.8495 0.00514
56270.69365 14.85581 0.00492
56270.6948 14.85004 0.00511
56270.69617 14.8576 0.00558
56270.69746 14.85291 0.00565
56270.6986 14.85808 0.00484
56270.6999 14.85923 0.00492
56270.70121 14.85413 0.0054
56270.70235 14.85917 0.0055
56270.70349 14.85215 0.00524
56270.70482 14.85281 0.00537
56270.70613 14.85828 0.00478
56270.70726 14.85624 0.00526
56270.7086 14.85701 0.00495
56270.70972 14.86013 0.0053
56270.71103 14.84945 0.00509
56270.71235 14.85152 0.00503
56270.71347 14.86009 0.00544
56270.71481 14.84959 0.00513
56270.71608 14.86169 0.00523
56270.71722 14.85651 0.00523
56270.71853 14.85271 0.0053
56270.71967 14.8442 0.00515
56270.72098 14.85041 0.00595
56270.72302 14.8553 0.00528
56270.72439 14.85605 0.00514
56270.72553 14.84934 0.0057
56270.72665 14.85019 0.00555
56270.72793 14.8467 0.00499
56270.72927 14.8599 0.00501
56270.73043 14.85432 0.00486
56270.73161 14.85782 0.00497
56270.73292 14.84857 0.0049
56270.73506 14.85845 0.00598
56270.73622 14.84512 0.00508
56270.73753 14.85464 0.00491
56270.73887 14.84488 0.00549
56270.74001 14.8547 0.00486
56270.74126 14.84983 0.00524
56270.7424 14.85717 0.00506
56270.74369 14.85336 0.00528
56270.74498 14.85563 0.00508
56270.74609 14.84995 0.00505
56270.74744 14.86015 0.00496
56270.7486 14.84366 0.00502
56270.74995 14.84908 0.00514
56270.75121 14.86594 0.00777
56270.75241 14.8553 0.00513
56270.75372 14.85316 0.00494
56270.75502 14.85479 0.00545
56270.75706 14.84643 0.00464
56270.75826 14.84391 0.00563
56270.75948 14.84613 0.0057
56270.76078 14.84569 0.00486
56270.76208 14.84641 0.00522
56270.77223 14.8579 0.00516
56270.77464 14.84971 0.00542
56270.77775 14.84258 0.00581
56270.77887 14.8453 0.00506
56270.78012 14.85572 0.00525
56270.78147 14.84541 0.00552
56270.78273 14.8494 0.00506
56270.784 14.85487 0.00493
56270.78526 14.85065 0.00517
56270.78661 14.8519 0.0052
56270.78776 14.84613 0.00534
56270.7891 14.84302 0.00565
56270.79021 14.84832 0.00493
56270.79151 14.85629 0.00531
56270.7928 14.84441 0.00553
56270.79391 14.84731 0.00553
56270.79508 14.85151 0.00533
56270.79619 14.84708 0.00597
56270.7975 14.85982 0.00557
56270.79862 14.85549 0.00523
56270.79991 14.86504 0.00529
56270.80111 14.85139 0.00549
56270.80249 14.86218 0.00551
56270.80509 14.85295 0.00567
56270.80715 14.85094 0.00575
56270.80837 14.85113 0.00573
56270.80963 14.85178 0.0052
56271.71236 14.85148 0.00487
56271.74462 14.83384 0.00601
56272.64495 14.85541 0.00486
56272.7082 14.84442 0.00544
56273.60993 14.84918 0.00529
56273.63946 14.84511 0.00569
56281.58737 14.85167 0.00673
56281.61668 14.84372 0.00606
56282.58095 14.8675 0.00648
56282.61036 14.86153 0.00658
56282.62819 14.87163 0.00611
56297.58897 14.85093 0.00525
56297.59019 14.84804 0.00524
56297.5937 14.85537 0.0057
56297.59722 14.85391 0.00524
56297.59904 14.84501 0.00576
56297.60164 14.85182 0.00494
56297.60284 14.8497 0.00497
56297.6053 14.84663 0.00523
56297.61734 14.85239 0.00587
56297.61965 14.85401 0.00536
56297.62198 14.8493 0.00558
56297.62474 14.85085 0.00512
56297.62597 14.85226 0.0052
56297.62818 14.85134 0.00532
56297.63051 14.85796 0.00519
56297.63246 14.84293 0.00539
56297.6337 14.84196 0.00519
56297.63597 14.84314 0.005
56297.63722 14.84025 0.00506
56297.63944 14.84648 0.0057
56297.64162 14.83684 0.00546
56297.64281 14.84113 0.00507
56297.64393 14.84353 0.00554
56297.64612 14.86024 0.00493
56297.64742 14.8435 0.00512
56297.64964 14.83882 0.00526
56297.65084 14.84447 0.0053
56297.65434 14.85175 0.00542
56297.65811 14.84887 0.00544
56297.65988 14.84645 0.00525
56297.66121 14.84134 0.00593
56297.66483 14.83332 0.00559
56297.66714 14.84839 0.00505
56297.67315 14.845 0.00522
56297.67547 14.8398 0.00528
56297.67675 14.84284 0.00556
56297.67954 14.83664 0.00536
56297.68076 14.86068 0.00545
56297.6819 14.84458 0.00587
56297.68325 14.85061 0.00557
56297.68541 14.84744 0.00588
56297.68786 14.85114 0.00515
56297.69171 14.84294 0.00548
56297.69635 14.85376 0.00554
56297.69767 14.85296 0.0053
56297.70113 14.8491 0.00569
56297.70743 14.84423 0.00602
56297.71084 14.858 0.00568
56297.71401 14.85842 0.00553
56297.71668 14.84653 0.0057
56297.7179 14.84848 0.00572
56297.72049 14.84439 0.00542
56297.72327 14.85121 0.00557
56297.72448 14.84533 0.00544
56297.72584 14.8574 0.00582
56297.72772 14.85841 0.00584
56297.72894 14.84978 0.00565
56297.74317 14.84915 0.00663
56297.74683 14.86479 0.00562
56297.74996 14.86132 0.00595
56297.75123 14.85265 0.00584
56297.75493 14.86277 0.00589
56297.75709 14.85838 0.00572
56297.7583 14.85308 0.00567
56297.76047 14.84248 0.00592
56297.76167 14.85747 0.00569
56297.76388 14.84805 0.00569
56297.76506 14.85905 0.00618
56297.76834 14.85149 0.00671
56297.77069 14.86704 0.00661
56297.77185 14.85545 0.00597
56297.77383 14.85929 0.00684
56297.79199 14.86241 0.00722
56297.79318 14.8546 0.0072
56297.79645 14.85332 0.00752
56297.79838 14.85941 0.00753
56297.79953 14.85589 0.00675
56297.80077 14.85124 0.00728
56297.80192 14.85437 0.00655
56297.80312 14.85739 0.00654
56297.80437 14.85361 0.00733
56297.80564 14.85468 0.00752
56297.80864 14.85595 0.00739
56298.58895 14.86075 0.01032
56298.59013 14.88261 0.0114
56298.59235 14.85847 0.01116
56298.59354 14.87239 0.01051
56298.59724 14.8778 0.01198
56298.59842 14.86631 0.0103
56298.60089 14.86296 0.01115
56298.6021 14.87005 0.00997
56298.60332 14.87789 0.01186
56298.60466 14.88404 0.01099
56298.60701 14.85039 0.01168
56298.60823 14.88351 0.01148
56298.61034 14.84655 0.01197
56298.61272 14.86748 0.01092
56298.61595 14.85884 0.00796
56298.61811 14.86839 0.00955
56298.62047 14.85915 0.00918
56298.62171 14.87859 0.01134
56298.62426 14.86257 0.0094
56298.62643 14.87104 0.01159
56298.63098 14.86288 0.01029
56298.63219 14.85256 0.00955
56298.63473 14.88114 0.0107
56298.63687 14.86079 0.01067
56298.63807 14.86534 0.01018
56298.63935 14.85063 0.00881
56298.64364 14.84864 0.00927
56298.64578 14.86687 0.00959
56298.64695 14.87736 0.00999
56298.6481 14.85745 0.00976
56298.65082 14.84643 0.0099
56298.65294 14.8729 0.01027
56298.65509 14.85724 0.00851
56298.65745 14.87194 0.01342
56298.65865 14.85855 0.00992
56298.66081 14.85859 0.00929
56298.66198 14.84985 0.0096
56298.66411 14.85621 0.00939
56298.66639 14.84645 0.00968
56298.6699 14.84799 0.00884
56298.68256 14.85446 0.01097
56298.68492 14.87075 0.00969
56298.68729 14.86495 0.01187
56298.68852 14.87451 0.01221
56301.59099 14.85008 0.00616
56305.59416 14.85079 0.00525
56305.62276 14.85164 0.00579
56307.60089 14.82955 0.00869
56307.63151 14.83333 0.00532
56308.60019 14.84257 0.0058
56308.63015 14.8231 0.00741
56310.60466 14.85331 0.00568
56310.63503 14.84178 0.00625
56311.59823 14.85143 0.00594
56311.62777 14.84408 0.00627
56312.59699 14.86397 0.00693
56312.63396 14.85995 0.00709
56313.60478 14.86468 0.00609
56313.63593 14.85679 0.0067
56314.61498 14.86145 0.0064
56314.64504 14.82886 0.0077
56322.60046 14.82295 0.00713
56322.63022 14.82113 0.00678
56323.59943 14.86525 0.00551
56323.60059 14.85435 0.00546
56323.60172 14.84587 0.0052
56323.60284 14.85715 0.00578
56323.60396 14.84582 0.00503
56323.60508 14.84365 0.00546
56323.60621 14.85326 0.00501
56323.60734 14.84597 0.00518
56323.60846 14.84365 0.00587
56323.60959 14.85369 0.00536
56323.61071 14.84956 0.00504
56323.61183 14.851 0.00523
56323.61297 14.85266 0.00508
56323.61409 14.84594 0.00535
56323.61521 14.84821 0.00533
56323.61635 14.85226 0.00572
56323.61747 14.8532 0.0058
56323.61859 14.83626 0.00542
56323.61971 14.84919 0.0055
56323.62085 14.86021 0.00542
56323.62197 14.85236 0.00514
56323.62309 14.84759 0.00535
56323.62423 14.84393 0.00543
56323.62535 14.85939 0.00512
56323.62647 14.84915 0.00536
56323.62759 14.84394 0.00543
56323.62872 14.85245 0.00508
56323.62985 14.85161 0.00513
56323.63097 14.84949 0.00537
56323.6321 14.84805 0.00549
56323.63322 14.84603 0.00536
56323.63435 14.84559 0.00516
56323.63549 14.83601 0.00556
56323.63661 14.85349 0.00533
56323.63773 14.85512 0.00537
56323.63887 14.85149 0.00539
56323.63999 14.85573 0.00516
56323.64112 14.85487 0.0057
56323.64225 14.85457 0.00525
56323.64338 14.8528 0.005
56323.6445 14.85499 0.00535
56323.64563 14.85115 0.00568
56323.64676 14.84301 0.00555
56323.64789 14.84831 0.00582
56323.64902 14.85583 0.0052
56323.65014 14.84785 0.00558
56323.65127 14.85467 0.00568
56323.6524 14.85992 0.00553
56323.65352 14.86232 0.00532
56323.65465 14.86095 0.00556
56323.65577 14.85793 0.00522
56323.65691 14.84649 0.00516
56323.65803 14.86243 0.00512
56323.65917 14.85712 0.00505
56323.66029 14.84157 0.00567
56323.66142 14.85131 0.00587
56323.66255 14.85744 0.00544
56323.66367 14.85159 0.0051
56323.6648 14.85136 0.00533
56323.66594 14.8581 0.00542
56323.66706 14.84836 0.00555
56323.66819 14.835 0.00617
56323.66932 14.84164 0.00695
56323.67045 14.84689 0.00557
56323.67158 14.84059 0.00582
56323.67271 14.84453 0.00588
56323.67384 14.85085 0.00565
56323.67496 14.84233 0.00545
56323.67613 14.83704 0.00558
56323.67725 14.82508 0.0059
56323.67838 14.84516 0.0051
56323.67951 14.84671 0.00558
56323.68065 14.83865 0.00666
56323.68177 14.84417 0.00545
56323.6829 14.84177 0.00594
56323.68402 14.85404 0.00592
56323.68516 14.84872 0.00583
56323.68628 14.84354 0.00599
56323.68742 14.83628 0.00527
56323.68855 14.84768 0.00594
56323.68967 14.8408 0.00563
56323.69081 14.85185 0.00578
56323.69194 14.8489 0.00535
56323.69306 14.85266 0.00598
56323.6942 14.85004 0.00647
56323.69532 14.83525 0.00557
56323.69644 14.8441 0.00563
56323.69758 14.83599 0.0065
56323.6987 14.83481 0.00628
56323.69982 14.83979 0.006
56323.70094 14.84217 0.00652
56323.70208 14.83042 0.00691
56323.7032 14.83404 0.00632
56323.70434 14.83166 0.00644
56323.70546 14.84013 0.00684
56323.70659 14.83092 0.00636
56323.70772 14.82578 0.00748
56323.70887 14.83792 0.00766
56323.71001 14.83221 0.0075
56323.71114 14.84407 0.00783
56323.71226 14.83413 0.00721
56323.7134 14.83999 0.00771
56323.71453 14.83379 0.00809
56323.71565 14.83825 0.0076
56323.71679 14.82906 0.00831
56323.71791 14.82632 0.00934
56323.71905 14.8235 0.00843
56323.72017 14.83469 0.00822
56323.72242 14.84751 0.00858
56323.72356 14.84856 0.00784
56323.72468 14.85453 0.00948
56323.72582 14.83156 0.00826
56323.72695 14.84685 0.00932
56323.72808 14.84253 0.00973
56323.72921 14.84079 0.00889
56323.73034 14.83478 0.00963
56323.73146 14.84795 0.00948
56323.73259 14.85238 0.00971
56323.73372 14.82233 0.00942
56323.73485 14.85366 0.00947
56324.6344 14.83418 0.00565
56324.67356 14.84167 0.00611
56328.60109 14.86553 0.0059
56328.63041 14.86447 0.00595
56329.6158 14.84433 0.01121
56330.60568 14.86652 0.00583
56330.63442 14.84998 0.00638
56336.60557 14.86191 0.00641
56336.6347 14.85196 0.00608
56337.61678 14.85236 0.00592
56337.646 14.85616 0.00661
56339.61462 14.83666 0.0106
56339.64973 14.83693 0.01194
56340.62168 14.85736 0.00705
56340.65261 14.86906 0.0068
56341.63432 14.86332 0.00674
56342.61542 14.83068 0.00728
56342.64414 14.8414 0.01288
56431.98143 14.8672 0.00944
56432.97832 14.86362 0.00758
56433.97522 14.86223 0.00653
56434.97306 14.85767 0.00748
56440.95678 14.84658 0.01036
56441.9545 14.83525 0.01022
56442.95121 14.84032 0.00693
56443.94843 14.85194 0.0075
56444.94545 14.83237 0.00868
56444.97977 14.87811 0.01035
56446.9404 14.85418 0.00618
56446.9746 14.86265 0.00776
56447.93827 14.85602 0.00644
56447.97245 14.84973 0.00674
56448.93551 14.85772 0.00556
56448.97043 14.86566 0.00651
56449.9322 14.8448 0.00637
56449.96744 14.85324 0.00622
56450.93056 14.85351 0.00595
56450.96471 14.83852 0.00578
56451.92757 14.83179 0.00655
56451.96268 14.84982 0.00624
56452.92487 14.85343 0.00549
56452.95905 14.85527 0.00532
56453.9223 14.85678 0.006
56453.95718 14.83856 0.00687
56454.91904 14.85032 0.00725
56454.9531 14.86291 0.00599
56455.91706 14.85828 0.00695
56455.95123 14.85008 0.00625
56456.91361 14.84035 0.00582
56456.94859 14.8565 0.00539
56457.91086 14.84596 0.00551
56457.9457 14.8513 0.00548
56458.90893 14.84907 0.0057
56458.94334 14.84359 0.0055
56459.90596 14.84881 0.00557
56459.94092 14.85976 0.0052
56460.9034 14.84511 0.00585
56460.93791 14.85019 0.0052
56461.90107 14.85474 0.00617
56461.93811 14.85564 0.00565
56462.89824 14.85018 0.00565
56462.93439 14.833 0.00605
56463.89576 14.8675 0.0067
56463.93218 14.84757 0.00504
56469.87982 14.88439 0.00743
56469.91685 14.87642 0.00694
56473.86804 14.88527 0.01098
56475.86334 14.85104 0.00803
56475.9008 14.85873 0.00779
56476.86102 14.87435 0.01493
56485.83631 14.86408 0.00972
56486.83403 14.86151 0.00576
56486.87106 14.86732 0.00596
56488.83006 14.85951 0.00624
56488.86647 14.85478 0.00575
56489.82698 14.87364 0.0068
56489.86366 14.85073 0.00741
56491.8581 14.87068 0.01008
56498.802 14.87146 0.01093
56498.83888 14.86493 0.0101
56502.79167 14.83281 0.0091
56502.82864 14.86082 0.00909
56503.78903 14.85874 0.00786
56503.82769 14.85631 0.00824
56504.86992 14.84991 0.00573
56504.90811 14.84152 0.00578
56505.81768 14.82733 0.00661
56505.9509 14.85978 0.00537
56505.98842 14.84819 0.00629
56506.89349 14.84519 0.00675
56507.80198 14.85719 0.00566
56507.84712 14.85781 0.00592
56507.99891 14.86109 0.00623
56508.90167 14.84776 0.00574
56509.79634 14.83658 0.00682
56509.83877 14.83979 0.0064
56510.8262 14.85047 0.00556
56511.79111 14.83412 0.00741
56511.84089 14.8383 0.00826
56512.78788 14.83317 0.00654
56512.82519 14.84178 0.00627
56513.78624 14.85059 0.00619
56513.82352 14.84822 0.00667
56514.7834 14.83688 0.00661
56514.82081 14.83906 0.00536
56515.78106 14.85529 0.00604
56515.82231 14.83918 0.00614
56516.77774 14.83825 0.00541
56516.81437 14.83912 0.00498
56517.77605 14.84248 0.0057
56517.81715 14.84264 0.00492
56517.97309 14.8309 0.00522
56518.87478 14.84293 0.00515
56518.96686 14.82953 0.00577
56519.00311 14.84437 0.00538
56519.90443 14.84353 0.0049
56519.96504 14.84191 0.00512
56520.00171 14.84416 0.00518
56520.90327 14.84412 0.00517
56520.95521 14.83552 0.00585
56520.99262 14.84936 0.00596
56521.89446 14.83791 0.00619
56521.95772 14.83951 0.00578
56521.99393 14.83712 0.00534
56527.80142 14.86521 0.01278
56528.81982 14.8509 0.00924
56528.87422 14.85246 0.00851
56529.90241 14.86192 0.00832
56529.93849 14.86926 0.00898
56532.71221 14.84511 0.00603
56532.85928 14.85732 0.0059
56532.89645 14.85466 0.00594
56533.79895 14.85882 0.00586
56533.93493 14.85577 0.00557
56533.97228 14.85471 0.0063
56537.84525 14.84308 0.00522
56537.9874 14.83011 0.00543
56539.69386 14.85665 0.00624
56539.88447 14.84498 0.00552
56539.9215 14.84358 0.0058
56540.97669 14.85615 0.00651
56541.6883 14.8577 0.00905
56542.96698 14.84257 0.00721
56543.00294 14.82867 0.00792
56543.90463 14.86933 0.03122
56543.97085 14.85339 0.00613
56544.00787 14.84192 0.00631
56546.67441 14.85284 0.00673
56546.75907 14.86167 0.00794
56546.94639 14.83687 0.00561
56547.84788 14.85172 0.00593
56548.0057 14.83984 0.00546
56548.66959 14.85624 0.00677
56548.70582 14.85814 0.00659
56548.74172 14.85735 0.00577
56549.66591 14.85985 0.00697
56549.70273 14.84119 0.00677
56549.73967 14.84676 0.00623
56550.66388 14.85729 0.00804
56550.6994 14.84805 0.00773
56550.73216 14.86291 0.00712
56551.66063 14.83214 0.0076
56551.72202 14.84703 0.00685
56551.75862 14.85046 0.00598
56552.66117 14.849 0.00798
56552.71291 14.84427 0.00746
56552.74635 14.86276 0.00747
56561.66061 14.83311 0.00586
56561.89034 14.82442 0.00696
56561.92356 14.82765 0.00659
56562.93459 14.83745 0.00623
56563.02169 14.8457 0.00652
56563.6524 14.85715 0.00534
56563.6893 14.84375 0.00529
56563.77494 14.84125 0.00539
56564.72602 14.84139 0.00568
56564.99301 14.84658 0.00512
56565.02672 14.85349 0.0058
56565.92832 14.84248 0.00571
56565.98151 14.841 0.00586
56566.01544 14.84945 0.00621
56566.91724 14.83629 0.00538
56566.96287 14.83889 0.00533
56566.99591 14.84499 0.00497
56567.8986 14.83786 0.00569
56567.96702 14.84001 0.00493
56568.00039 14.83869 0.00518
56568.90245 14.83787 0.00654
56568.96343 14.83615 0.00636
56568.99843 14.8291 0.00736
56569.90084 14.83834 0.0054
56569.99803 14.84618 0.00565
56570.03082 14.83851 0.00695
56571.62526 14.83254 0.00638
56571.72419 14.81839 0.00904
56572.62632 14.85858 0.00749
56572.66032 14.85539 0.00541
56572.69287 14.85112 0.02074
56573.61429 14.84466 0.00618
56573.64765 14.84607 0.00565
56573.77817 14.84482 0.0049
56576.83948 14.85307 0.0053
56577.00541 14.85923 0.00624
56577.60601 14.84674 0.00716
56577.63144 14.84836 0.00651
56577.77306 14.8512 0.00514
56578.67217 14.8621 0.0058
56578.69674 14.87364 0.00593
56578.75347 14.85804 0.00557
56579.73584 14.8371 0.00585
56579.85963 14.84786 0.00551
56579.88516 14.84271 0.00585
56580.7875 14.85778 0.00632
56580.8553 14.84843 0.00722
56580.88022 14.85449 0.00698
56581.78167 14.84404 0.00832
56581.83883 14.84648 0.00796
56581.86464 14.84249 0.00824
56587.62864 14.85539 0.00559
56587.78993 14.84563 0.00628
56587.81475 14.85182 0.0061
56588.71625 14.86932 0.00846
56588.89281 14.85577 0.0086
56589.79481 14.85546 0.0056
56589.81959 14.85303 0.00553
56589.84642 14.85396 0.00574
56590.76387 14.86071 0.00467
56590.8749 14.85396 0.00536
56590.89969 14.84337 0.00538
56591.80204 14.86797 0.00904
56591.86057 14.85109 0.00897
56591.88508 14.85898 0.00796
56592.81972 14.85175 0.00569
56592.91348 14.8614 0.00562
56592.93852 14.85424 0.00561
56596.59731 14.84767 0.00568
56596.81771 14.82865 0.0055
56596.84238 14.84698 0.0054
56597.74425 14.8374 0.00565
56597.82393 14.83466 0.00576
56597.84943 14.83026 0.00654
56598.75163 14.8376 0.0059
56598.82179 14.84645 0.00598
56598.84855 14.85248 0.00493
56599.75014 14.84392 0.00507
56599.79577 14.8501 0.00558
56599.82112 14.84846 0.00588
56600.77441 14.85052 0.00603
56600.8753 14.85579 0.00548
56602.59024 14.83309 0.00628
56602.78065 14.81789 0.00827
56603.68227 14.84572 0.00589
56603.74296 14.84793 0.00604
56603.81581 14.85198 0.0056
56604.73691 14.85783 0.00655
56604.92616 14.85878 0.0068
56605.64733 14.8614 0.00519
56605.67213 14.85695 0.00541
56606.60932 14.86971 0.01672
56606.64241 14.86363 0.01595
56607.82225 14.82963 0.00672
56607.84927 14.8409 0.00558
56608.75086 14.82849 0.00629
56608.81398 14.84579 0.00642
56608.84048 14.84384 0.00806
56609.8617 14.8449 0.00725
56609.88847 14.87453 0.00709
56621.79766 14.85094 0.00613
56622.58588 14.85629 0.00577
56623.58717 14.83728 0.01068
56624.57999 14.85219 0.00533
56624.60429 14.85239 0.00515
56625.70494 14.83946 0.00606
56625.74386 14.85245 0.00659
56626.64578 14.84891 0.00519
56626.67007 14.85232 0.00532
56627.83411 14.86099 0.01347
56628.73144 14.83495 0.00571
56628.76212 14.83948 0.00591
56637.58042 14.84932 0.00731
56637.60549 14.83986 0.00698
56639.58002 14.849 0.00703
56639.60438 14.85142 0.00689
56640.58279 14.84083 0.0069
56640.61699 14.8513 0.00727
56648.58277 14.84558 0.00602
56648.61266 14.84985 0.00601
56649.57885 14.87031 0.00943
56649.60387 14.86997 0.00931
56650.58762 14.84883 0.00798
56653.58621 14.82652 0.00902
56658.58519 14.86723 0.00625
56658.62914 14.86314 0.00598
56659.58605 14.84153 0.00746
56659.61086 14.84463 0.00686
56660.58569 14.85933 0.00615
56660.61029 14.85068 0.00658
56661.58623 14.86889 0.01239
56662.58587 14.85565 0.00563
56662.61038 14.82647 0.00754
56663.59143 14.85518 0.00596
56663.6171 14.85872 0.00565
56664.58594 14.8714 0.01215
56664.6104 14.83993 0.01305
56668.58721 14.85832 0.00805
56668.61177 14.85099 0.00704
56669.61423 14.86278 0.00892
56670.58877 14.8641 0.00912
56675.5969 14.86203 0.00604
56675.6459 14.8729 0.0072
56676.59181 14.85581 0.00568
56676.61781 14.85562 0.00574
56677.60718 14.86786 0.01091
56678.61458 14.8535 0.00526
56678.64019 14.85069 0.00582
56680.60724 14.85294 0.00564
56683.59693 14.84615 0.00669
56683.63252 14.84615 0.00562
56685.59847 14.88431 0.01043
56686.63379 14.88284 0.00862
56687.59886 14.85963 0.00655
56687.64144 14.8628 0.00759
56690.60286 14.85991 0.00655
56690.64549 14.85071 0.00614
56697.60505 14.8588 0.00626
56699.60928 14.86277 0.00688
56816.96412 14.82622 0.00562
56816.97531 14.83972 0.00654
56818.96227 14.84542 0.00534
56818.97512 14.86232 0.0063
56819.96647 14.8407 0.00636
56819.97765 14.85127 0.00733
56820.96625 14.86159 0.00758
56820.97769 14.85259 0.00882
56821.96237 14.85461 0.0077
56821.9727 14.84477 0.00851
56822.96143 14.8561 0.00687
56822.97681 14.85638 0.00891
56823.96094 14.853 0.0069
56823.97346 14.8591 0.00792
56824.96428 14.8356 0.00639
56824.97573 14.84729 0.00668
56825.96455 14.84271 0.00627
56825.97592 14.83841 0.00729
56826.96127 14.84527 0.00577
56826.97472 14.84484 0.00743
56827.96384 14.84781 0.0058
56827.97622 14.83154 0.00721
56828.9654 14.84159 0.0062
56828.97804 14.85805 0.00731
56829.96383 14.84688 0.00545
56829.97653 14.84993 0.00663
56830.96102 14.85294 0.00503
56830.97338 14.84672 0.0056
56831.96161 14.84426 0.00533
56831.97427 14.84811 0.00531
56832.9648 14.8436 0.00547
56832.97563 14.86219 0.00667
56833.96568 14.83315 0.00518
56833.97644 14.83188 0.00617
56834.96484 14.8427 0.00563
56834.9776 14.83564 0.00679
56836.96625 14.83566 0.00491
56836.97711 14.84732 0.00582
56837.96638 14.83951 0.00504
56837.98211 14.84803 0.00799
56838.96389 14.86124 0.00476
56838.9786 14.85768 0.0067
56839.96511 14.84327 0.00513
56839.97834 14.85327 0.0057
56840.96951 14.83177 0.00572
56840.98137 14.8529 0.00643
56841.96857 14.83705 0.00572
56841.98075 14.86178 0.00695
56844.96636 14.835 0.00623
56844.97887 14.84383 0.00605
56845.96726 14.83785 0.0064
56845.98002 14.84597 0.00628
56846.96666 14.84448 0.00541
56846.98115 14.84601 0.00569
56847.96648 14.84004 0.00591
56847.98151 14.84525 0.00589
56848.96743 14.83996 0.00768
56848.98312 14.84281 0.00673
56849.96813 14.84387 0.00619
56849.98235 14.84964 0.0063
56850.96941 14.83566 0.00984
56850.98368 14.82602 0.01011
56851.97048 14.86327 0.00699
56851.98675 14.8592 0.00732
56854.96165 14.84968 0.00694
56854.98771 14.85631 0.00709
56855.96071 14.8548 0.00603
56855.98393 14.85167 0.00672
56856.96087 14.84465 0.01272
56856.98328 14.83418 0.00997
56858.96243 14.85623 0.00663
56858.98507 14.85467 0.00688
56859.96515 14.84742 0.00558
56859.98697 14.83399 0.00569
56861.96231 14.84161 0.0051
56861.98508 14.84573 0.00542
56862.9659 14.85011 0.00576
56862.98227 14.84473 0.00561
56863.94981 14.84725 0.00604
56864.94576 14.84542 0.0072
56864.96947 14.84107 0.00995
56865.92975 14.83234 0.01535
56865.96089 14.84206 0.00619
56867.98799 14.85154 0.00681
56868.96536 14.84569 0.006
56868.98567 14.85449 0.00623
56869.96092 14.83822 0.00832
56869.98231 14.8386 0.00826
56870.96467 14.83961 0.00872
56870.98635 14.84866 0.00958
56874.97428 14.85422 0.0054
56874.99622 14.84621 0.00692
56875.98151 14.83504 0.00531
56875.99752 14.8425 0.00576
56876.91773 14.84497 0.00704
56876.94717 14.84159 0.00577
56877.9745 14.84005 0.00473
56877.9957 14.83439 0.00482
56878.00741 14.86351 0.00703
56878.9086 14.86414 0.00687
56878.93847 14.85101 0.006
56879.92838 14.85539 0.00721
56879.95816 14.85308 0.007
56880.95792 14.83535 0.01245
56880.9882 14.86109 0.00875
56882.98848 14.85273 0.00915
56883.9421 14.86459 0.00692
56883.98158 14.85445 0.00625
56884.99956 14.851 0.00684
56885.96448 14.85182 0.00644
56885.98159 14.84875 0.00614
56886.91453 14.84575 0.00725
56886.94264 14.84379 0.00685
56887.91623 14.8416 0.00641
56887.94902 14.84674 0.00586
56888.86519 14.85812 0.005
56888.89905 14.85565 0.00539
56888.91008 14.84992 0.00488
56888.94196 14.85183 0.00558
56890.94091 14.84847 0.0059
56890.97479 14.85417 0.00579
56895.83087 14.82117 0.013
56895.86667 14.84 0.01356
56972.71463 14.84205 0.00567
56972.73749 14.85045 0.0061
56978.74407 14.84385 0.00703
56978.79927 14.8376 0.01034
56979.72374 14.83063 0.00752
56980.71766 14.84448 0.0065
56980.83416 14.83833 0.00641
56981.71538 14.83726 0.00584
56981.77818 14.84377 0.00613
56984.78092 14.83636 0.00828
56986.72544 14.83777 0.00597
56986.79095 14.83222 0.00656
56987.70535 14.83632 0.00613
56987.76948 14.83487 0.00659
56988.66321 14.84323 0.00654
56989.60286 14.83653 0.00555
56989.66828 14.8467 0.00584
56990.59847 14.83327 0.00583
56990.66232 14.84139 0.00607
56991.66882 14.84505 0.01858
57000.62591 14.85017 0.00562
57000.65668 14.85392 0.00717
57001.60725 14.84132 0.00559
57001.63454 14.84844 0.00548
57011.62365 14.84567 0.00536
57011.65019 14.83126 0.00622
57014.60229 14.83368 0.00608
57014.62433 14.84327 0.00599
57015.60026 14.83148 0.00645
57015.6199 14.82618 0.00664
57018.60146 14.84109 0.00602
57018.62586 14.82987 0.00721
57019.59637 14.82626 0.00693
57019.61004 14.83284 0.00682
57030.59868 14.8503 0.00753
57037.60179 14.85247 0.00665
57039.60447 14.81589 0.00585
57040.60372 14.85174 0.00603
57040.65327 14.83194 0.00705
57041.64649 14.86422 0.00642
57042.59979 14.85128 0.0066
57042.64647 14.8435 0.00657
57043.60053 14.84333 0.00661
57043.64542 14.84754 0.00747
57044.59961 14.85836 0.00903
57044.64222 14.84571 0.01147
57046.59907 14.84891 0.00649
57046.64082 14.84526 0.00665
57047.65127 14.84033 0.00674
57047.65361 14.83904 0.00629
57059.60766 14.85072 0.00706
57059.61723 14.84619 0.00666
57063.60738 14.86499 0.00765
57063.61933 14.85806 0.00725
57064.61072 14.85047 0.00652
57064.62756 14.84238 0.00722
57065.60805 14.84259 0.00711
57065.62471 14.84171 0.00772
57066.61485 14.86082 0.0108
57066.6433 14.83089 0.01025
57067.60784 14.84946 0.00651
57067.62545 14.85796 0.00772
57069.61019 14.86751 0.00785
57069.6409 14.87245 0.00705
57070.6277 14.87844 0.00897
57071.61023 14.873 0.00734
57071.6267 14.863 0.00716
57089.61859 14.87421 0.0091
57089.62798 14.86023 0.00965
57090.63028 14.86347 0.01293
57091.62051 14.8715 0.01062
57091.62877 14.85849 0.01013
57179.97424 14.88901 0.01068
57180.95646 14.87699 0.00879
57185.96692 14.87785 0.00989
57187.96362 14.86595 0.00944
57188.93765 14.86491 0.00794
57188.96808 14.86899 0.00903
57189.95594 14.85044 0.008
57190.94422 14.86006 0.0084
57190.9766 14.88691 0.01033
57191.9217 14.86839 0.00892
57191.95614 14.85743 0.00817
57192.94672 14.8494 0.00701
57192.97846 14.88731 0.00953
57193.93573 14.8596 0.0082
57193.96862 14.86096 0.00728
57194.94374 14.85984 0.0081
57194.97431 14.86218 0.00851
57195.94595 14.86071 0.00758
57195.97546 14.87342 0.00866
57196.97637 14.88685 0.01314
57197.91796 14.87489 0.00938
57197.96971 14.86915 0.00922
57198.93165 14.87325 0.00852
57198.96479 14.86333 0.00891
57199.9472 14.8703 0.01046
57199.9815 14.88384 0.01448
57207.95261 14.89197 0.02358
57207.98422 14.86623 0.00918
57208.90735 14.86676 0.00849
57208.94607 14.879 0.00774
57209.97959 14.89317 0.00801
57210.9363 14.86824 0.00825
57210.97519 14.87356 0.0071
57211.94997 14.86787 0.00616
57211.98409 14.86701 0.00728
57212.9376 14.84853 0.00725
57212.97329 14.85245 0.00785
57214.96163 14.86893 0.01024
57216.93262 14.85187 0.00728
57216.97994 14.85405 0.00683
57218.92712 14.85751 0.00603
57218.977 14.85008 0.00636
57219.94247 14.84423 0.00762
57219.97077 14.85086 0.00744
57220.92305 14.85436 0.00608
57220.98129 14.86368 0.00596
57225.95176 14.8419 0.01029
57226.95332 14.85152 0.00714
57227.93417 14.85321 0.00589
57227.97035 14.85729 0.00649
57231.91879 14.86329 0.00624
57231.96902 14.85758 0.00569
57232.8829 14.8825 0.00647
57232.9489 14.86312 0.00651
57237.93379 14.86022 0.00761
57237.98326 14.83465 0.00749
57238.91268 14.84993 0.00631
57238.96563 14.8673 0.00638
57239.93796 14.85729 0.00659
57239.98313 14.8676 0.00582
57240.95317 14.86753 0.00634
57241.93368 14.83779 0.01088
57242.93933 14.84663 0.00767
57242.98523 14.84745 0.00786
57244.91131 14.83626 0.00617
57244.96611 14.84624 0.00579
57245.87591 14.85484 0.00631
57245.91376 14.85065 0.00621
57247.92574 14.84513 0.00681
57247.95614 14.85861 0.00601
57248.84393 14.85896 0.00576
57248.8782 14.85893 0.00529
57249.88436 14.85995 0.00638
57249.9163 14.85898 0.00559
57250.88236 14.8578 0.00541
57250.92114 14.84906 0.00604
57251.8693 14.85865 0.00643
57251.91419 14.85793 0.00511
57267.9816 14.84805 0.00753
57554.97044 14.83254 0.00659
57555.93989 14.84335 0.0069
57555.96363 14.85037 0.00694
57564.94449 14.8811 0.00988
57564.95195 14.86061 0.00989
57565.94418 14.85618 0.00967
57568.92119 14.86108 0.01046
57569.92685 14.85755 0.00737
57570.93954 14.85155 0.00801
57571.91515 14.84959 0.00846
57571.96845 14.84128 0.00853
57572.94 14.8478 0.00813
57572.961 14.85385 0.0073
57573.95955 14.84167 0.00718
57574.96997 14.84808 0.00691
57575.96076 14.85787 0.00977
57576.95096 14.86355 0.01303
57577.97714 14.85352 0.00898
57578.93031 14.8757 0.01359
57579.93833 14.84714 0.0134
57579.96636 14.84686 0.0126
57580.94991 14.84753 0.01381
57580.97641 14.85292 0.01417
57581.93908 14.84344 0.0081
57581.96061 14.84108 0.00973
57582.96612 14.84454 0.00679
57582.9889 14.87173 0.00839
57583.93612 14.84837 0.00649
57583.97225 14.84387 0.00701
57584.92871 14.83763 0.00593
57584.97404 14.84088 0.0064
57585.92275 14.84251 0.00661
57585.96134 14.83539 0.00734
57586.91575 14.83974 0.00785
57592.99636 14.84575 0.00876
57595.9848 14.85474 0.00788
57596.95384 14.85863 0.00727
57596.98786 14.85752 0.00712
57597.93735 14.84184 0.00806
57597.9794 14.8545 0.00808
57598.9281 14.85754 0.00715
57598.97263 14.85372 0.00647
57599.94579 14.84847 0.00723
57600.96483 14.855 0.00798
57601.9531 14.8509 0.0086
57601.99102 14.86013 0.00687
57602.95616 14.8599 0.00704
57602.99208 14.86531 0.00708
57603.95654 14.8379 0.01351
57603.99274 14.8345 0.01259
57604.96148 14.8618 0.00744
57604.99535 14.8653 0.0072
57605.93926 14.83757 0.00696
57605.97693 14.85005 0.00675
57606.94732 14.83986 0.00861
57606.99101 14.84539 0.00781
57607.92659 14.84549 0.00667
57607.97806 14.8389 0.007
57608.92515 14.83605 0.00645
57608.96585 14.84976 0.00656
57609.94301 14.85621 0.00724
57610.89516 14.8254 0.00706
57610.92695 14.84393 0.00625
57611.90199 14.83036 0.00702
57611.93252 14.82944 0.00699
57612.88937 14.83894 0.00624
57612.93148 14.83665 0.00646
57613.84046 14.8609 0.00785
57613.87193 14.83954 0.00707
57613.90353 14.84276 0.00671
57614.96436 14.84913 0.00635
57614.99496 14.84808 0.00717
57615.90761 14.83606 0.00655
57615.95637 14.83748 0.00572
57621.98607 14.87223 0.01235
57622.96114 14.87548 0.01022
57622.98808 14.85465 0.01061
57623.99038 14.86105 0.00903
57624.01266 14.87234 0.0097
57624.97236 14.87695 0.00776
57624.99829 14.87318 0.00791
57625.94454 14.85175 0.00642
