#mjd mag magerr
55061.92501 18.52981 0.02673
55061.95573 18.55076 0.02582
55063.91987 18.54308 0.02578
55063.9639 18.55649 0.02557
55064.92128 18.52386 0.02731
55064.9656 18.53941 0.02808
55066.91014 18.53433 0.02778
55066.95474 18.586 0.02647
55067.91649 18.58845 0.03626
55067.96099 18.4892 0.03351
55069.90324 18.52657 0.0259
55069.94786 18.5539 0.0263
55080.87449 18.50439 0.05322
55080.95988 18.70491 0.07097
55084.86328 18.53438 0.03674
55087.85609 18.56658 0.02683
55087.90101 18.5415 0.02631
55088.96983 18.57626 0.02746
55089.94574 18.54496 0.02705
55093.83741 18.55519 0.02651
55093.88196 18.48986 0.02503
55096.8292 18.54436 0.02704
55097.00858 18.56855 0.03353
55104.99862 18.46083 0.0358
55107.79764 18.64734 0.0556
55114.88125 18.56059 0.03257
55114.92522 18.43407 0.06479
55119.89538 18.57793 0.03143
55119.95365 18.75759 0.03269
55123.75696 18.53068 0.02667
55123.81523 18.52875 0.02824
55127.83329 18.54581 0.03014
55127.87706 18.53568 0.03299
55135.82555 18.52151 0.05284
55135.86926 18.56508 0.05442
55138.71472 18.56249 0.05961
55138.75871 18.74452 0.06776
55142.7036 18.55995 0.03043
55142.75219 18.45191 0.0335
55144.77886 18.51283 0.02886
55144.82305 18.44928 0.03161
55151.72943 18.49458 0.03324
55151.77257 18.44046 0.02921
55166.70473 18.53663 0.05317
55166.74897 18.55151 0.06096
55168.63378 18.63108 0.04852
55168.6775 18.62905 0.05274
55175.61224 18.49729 0.02606
55175.65684 18.50767 0.02496
55181.59421 18.50285 0.03832
55181.63825 18.46297 0.03532
55183.59204 18.4908 0.04905
55183.64253 18.48628 0.02866
55189.58054 18.45611 0.03799
55189.62557 18.47776 0.03163
55194.59026 18.4661 0.05528
55199.58559 18.51564 0.02748
55201.58642 18.38954 0.06629
55202.58667 18.48688 0.03039
55203.71441 18.50166 0.03439
55203.75743 18.51259 0.03641
55207.63092 18.49991 0.03097
55207.67514 18.4526 0.02762
55209.5968 18.4262 0.02406
55209.64149 18.41703 0.02453
55213.63312 18.54337 0.04203
55213.6798 18.4826 0.04471
55377.85123 18.40379 0.049
55377.89535 18.51798 0.0439
55378.90615 18.72728 0.05715
55379.8591 18.37323 0.04097
55379.92482 18.47185 0.03181
55380.87684 18.5469 0.04859
55380.92078 18.46737 0.04136
55381.89606 18.48295 0.03489
55381.93934 18.48243 0.03143
55384.82671 18.40459 0.02851
55384.87028 18.41058 0.02783
55385.87021 18.40816 0.02475
55385.91339 18.43017 0.02406
55386.86524 18.39011 0.02757
55386.90867 18.37324 0.02542
55387.87002 18.46393 0.026
55387.91342 18.37545 0.0231
55388.86609 18.46914 0.03529
55388.91005 18.43595 0.02585
55390.80957 18.37543 0.03809
55390.85393 18.44268 0.03183
55391.80613 18.45122 0.03911
55391.87538 18.41232 0.02885
55392.83258 18.42483 0.03003
55392.87538 18.41392 0.02597
55394.79908 18.49863 0.03624
55394.8431 18.40936 0.02868
55395.79551 18.44586 0.04305
55395.84215 18.41765 0.02936
55396.79527 18.44702 0.04271
55396.83932 18.42783 0.02664
55397.79163 18.38799 0.04583
55397.83526 18.45444 0.03
55398.78764 18.36654 0.04762
55398.83124 18.43196 0.03468
55399.78802 18.40356 0.05
55399.83261 18.40438 0.04085
55400.78534 18.4601 0.06009
55400.8289 18.45695 0.04355
55401.78133 18.50872 0.06798
55401.82518 18.38967 0.05351
55402.77979 18.38013 0.07952
55402.8246 18.40222 0.06443
55403.77642 18.57072 0.08153
55403.81973 18.48571 0.06666
55404.77424 18.56921 0.07757
55404.84266 18.42703 0.04978
55405.8416 18.45527 0.05239
55407.7691 18.47791 0.06366
55407.83003 18.44819 0.0524
55408.78389 18.55572 0.09623
55411.79896 18.34985 0.03625
55412.75232 18.39056 0.05175
55412.79539 18.40467 0.04592
55413.75577 18.52179 0.06091
55413.79945 18.47987 0.05156
55414.75161 18.25832 0.06529
55414.79555 18.46137 0.04362
55415.75266 18.51883 0.05913
55415.79727 18.35759 0.06464
55416.75096 18.56223 0.066
55416.79342 18.517 0.04738
55417.75979 18.40178 0.06406
55417.84511 18.28644 0.05382
55418.79843 18.38967 0.04595
55418.84121 18.47559 0.04197
55419.75121 18.50352 0.06458
55419.79504 18.4601 0.04628
55420.78929 18.35517 0.06685
55420.83264 18.49025 0.04804
55421.73664 18.5058 0.03343
55421.79901 18.43637 0.02536
55422.75115 18.40724 0.0307
55422.79487 18.38857 0.02698
55423.74742 18.42534 0.02949
55423.79284 18.40248 0.02549
55424.75349 18.35526 0.0369
55424.80178 18.39616 0.02622
55425.76166 18.4848 0.03891
55425.80573 18.43513 0.02597
55426.80123 18.39935 0.03228
55426.8444 18.4148 0.02391
55427.79708 18.45965 0.03376
55427.8408 18.46444 0.02793
55428.79281 18.42616 0.03454
55428.83703 18.40237 0.03008
55429.8142 18.41039 0.03423
55429.85716 18.40884 0.0296
55430.75769 18.40262 0.04395
55430.80485 18.41494 0.03719
55431.75639 18.44433 0.04492
55431.80024 18.47302 0.03973
55432.73907 18.41263 0.05543
55432.78359 18.45967 0.05207
55433.70425 18.50213 0.078
55433.7493 18.3601 0.06068
55434.69401 18.45509 0.09119
55434.73769 18.43581 0.06073
55435.69148 18.37865 0.07572
55436.88575 18.4177 0.04365
55436.88891 18.42377 0.043
55436.8919 18.48487 0.04508
55436.89501 18.49576 0.04505
55436.89797 18.45769 0.04608
55436.90109 18.50043 0.04667
55436.9042 18.43936 0.04648
55436.90728 18.40279 0.04456
55436.91041 18.46054 0.0484
55436.91351 18.51566 0.05033
55436.91641 18.40324 0.04738
55436.91931 18.60705 0.05254
55436.92221 18.45532 0.04574
55436.92514 18.49222 0.04532
55436.92806 18.47904 0.04916
55436.93096 18.48097 0.04774
55436.93413 18.38635 0.04625
55436.93703 18.43769 0.04494
55436.93974 18.49667 0.04754
55436.94297 18.37132 0.0441
55436.94613 18.44487 0.04835
55436.94915 18.48148 0.04734
55436.95231 18.52732 0.04807
55436.9553 18.42562 0.04389
55436.95826 18.42574 0.04078
55436.96116 18.43118 0.04365
55436.96403 18.40961 0.04199
55436.96671 18.41933 0.04364
55438.88857 18.41079 0.04268
55438.89169 18.34963 0.0402
55438.89485 18.57438 0.04298
55438.89798 18.48186 0.03995
55438.90086 18.40022 0.03615
55438.90371 18.41572 0.03678
55438.9065 18.41119 0.03835
55438.90927 18.43219 0.03697
55438.91204 18.41748 0.03591
55438.91487 18.49282 0.03998
55438.91763 18.41009 0.03846
55438.92084 18.47981 0.04407
55438.92394 18.3669 0.04326
55438.92672 18.4536 0.04383
55438.92954 18.42597 0.04296
55438.93259 18.40429 0.04736
55438.93551 18.39543 0.0419
55438.93833 18.3692 0.04426
55438.94106 18.32532 0.04004
55438.94411 18.43044 0.04068
55438.94678 18.39762 0.04029
55438.95017 18.41185 0.04275
55438.95913 18.37648 0.03822
55438.96141 18.42487 0.04105
55440.87507 18.36007 0.02779
55440.87823 18.41929 0.02729
55440.88428 18.40446 0.02791
55440.88675 18.45235 0.02747
55440.8894 18.375 0.02697
55440.89205 18.46114 0.02855
55440.89518 18.45252 0.02749
55440.89832 18.46385 0.02795
55440.90145 18.47122 0.02902
55440.90439 18.37895 0.02686
55440.90729 18.43048 0.02791
55440.91025 18.48371 0.02824
55440.91316 18.3679 0.02809
55440.91591 18.4635 0.02949
55440.9187 18.41698 0.02795
55440.92149 18.42851 0.02812
55440.92426 18.42793 0.02729
55440.93095 18.44069 0.02797
55440.93364 18.40356 0.02836
55440.93623 18.41014 0.02794
55440.9395 18.42769 0.02888
55440.94264 18.44004 0.02886
55440.94582 18.42114 0.0296
55440.94883 18.42017 0.02895
55440.95182 18.47985 0.03025
55440.95489 18.39563 0.02829
55440.95791 18.43365 0.02838
55441.87301 18.45242 0.02534
55441.87592 18.39759 0.02478
55441.88645 18.43027 0.02538
55441.88962 18.42526 0.02545
55441.89254 18.40409 0.02471
55441.89542 18.40904 0.02508
55441.89828 18.42302 0.02388
55441.90107 18.4468 0.02505
55441.9037 18.45752 0.02525
55441.90634 18.41955 0.02385
55441.90906 18.41559 0.02327
55441.9118 18.40619 0.02486
55441.91445 18.35664 0.02382
55441.91722 18.40271 0.02411
55441.91981 18.4243 0.02583
55441.92242 18.44337 0.02554
55441.92546 18.40972 0.02296
55441.9281 18.41271 0.02576
55441.93183 18.40611 0.02405
55441.93458 18.47408 0.02556
55441.93727 18.39576 0.02505
55441.94048 18.42719 0.02502
55441.94326 18.41711 0.02489
55441.94546 18.38301 0.02497
55441.94852 18.45266 0.02465
55441.95194 18.43817 0.0248
55441.95469 18.4536 0.02507
55441.95786 18.41524 0.02432
55441.96081 18.39321 0.02505
55441.96392 18.4234 0.02635
55441.96715 18.4211 0.02374
55441.97012 18.42283 0.02513
55441.97294 18.41154 0.02452
55441.97532 18.43538 0.02375
55441.97757 18.40127 0.02473
55441.9798 18.39165 0.02421
55441.9835 18.40729 0.02519
55441.9863 18.39079 0.02523
55441.98852 18.46161 0.02668
55441.99078 18.39452 0.02523
55441.99382 18.48038 0.02611
55442.00593 18.42736 0.02757
55442.00906 18.37672 0.0274
55442.01216 18.43214 0.02857
55442.01486 18.41894 0.03232
55442.01753 18.44258 0.03708
55442.02001 18.47933 0.04183
55442.02226 18.45983 0.05066
55442.70382 18.43923 0.03011
55442.70734 18.38942 0.02903
55442.71097 18.38321 0.0285
55442.71448 18.43138 0.02886
55442.71808 18.42571 0.02717
55442.72168 18.44145 0.02637
55442.72527 18.42098 0.02564
55442.73272 18.38673 0.02541
55442.74184 18.41947 0.02465
55442.74882 18.42717 0.02447
55442.75572 18.41067 0.02497
55442.76147 18.44671 0.02473
55442.76615 18.41099 0.02535
55442.77616 18.41618 0.02591
55442.78135 18.37552 0.02269
55442.78615 18.42105 0.02316
55442.79145 18.38725 0.02248
55442.79615 18.40287 0.02363
55442.80186 18.41163 0.02331
55442.8093 18.44259 0.02387
55442.81443 18.43245 0.02304
55442.81939 18.4293 0.0228
55442.82447 18.39129 0.02222
55442.8293 18.41752 0.02223
55442.83541 18.42579 0.02282
55442.84012 18.41264 0.02313
55442.84597 18.39383 0.02316
55442.85112 18.40537 0.02353
55442.85657 18.40634 0.02284
55442.86387 18.38642 0.02405
55442.87002 18.4139 0.02251
55442.87503 18.41235 0.02341
55442.88048 18.45405 0.02339
55442.88617 18.41226 0.02331
55442.89221 18.4134 0.02329
55442.89785 18.39438 0.02376
55442.90297 18.39348 0.02245
55442.90871 18.42464 0.02347
55442.91368 18.44773 0.02272
55442.91875 18.42333 0.0239
55442.92384 18.43785 0.02253
55442.93037 18.45541 0.02524
55442.93642 18.43383 0.02305
55442.94588 18.42437 0.02753
55442.95166 18.44065 0.02398
55442.95754 18.49482 0.02523
55442.96246 18.43576 0.02513
55442.96833 18.41441 0.02553
55442.97317 18.41211 0.02342
55442.97782 18.43436 0.02243
55442.98206 18.39376 0.02288
55442.9872 18.38109 0.02441
55442.99348 18.45504 0.02478
55442.99858 18.45204 0.02391
55443.00329 18.41949 0.02375
55443.01002 18.41555 0.02421
55443.01702 18.44463 0.02907
55443.02387 18.42777 0.04989
55443.67742 18.31749 0.03594
55443.68488 18.43357 0.03533
55443.69287 18.42875 0.03305
55443.70415 18.44798 0.03343
55443.71028 18.4161 0.03219
55443.71632 18.36569 0.02816
55443.72231 18.44509 0.02966
55443.72832 18.41348 0.02872
55443.736 18.38944 0.02878
55443.74306 18.43739 0.02647
55443.74812 18.39131 0.02598
55443.75372 18.4327 0.02739
55443.75946 18.39925 0.02596
55443.76526 18.43159 0.0279
55443.77007 18.40509 0.02736
55443.78027 18.43761 0.02941
55443.78539 18.42191 0.02479
55443.79156 18.37084 0.0246
55443.79717 18.38406 0.02404
55443.80302 18.42278 0.02436
55443.80895 18.40799 0.02527
55443.81493 18.46592 0.0268
55443.8204 18.42905 0.02621
55443.82634 18.437 0.02359
55443.83239 18.39967 0.02407
55443.83783 18.44116 0.02364
55443.84415 18.37855 0.02314
55443.84958 18.41033 0.02379
55443.85553 18.38546 0.02264
55443.86252 18.41182 0.02479
55443.87576 18.43917 0.02506
55443.88141 18.42782 0.02409
55443.88892 18.51192 0.0255
55443.89412 18.41912 0.02623
55443.90077 18.43735 0.02596
55443.90658 18.47176 0.02415
55443.91235 18.41639 0.02438
55443.91779 18.43946 0.02715
55443.92403 18.43548 0.02719
55443.92967 18.36826 0.02509
55443.93496 18.40276 0.02579
55443.94073 18.41366 0.02469
55443.94779 18.4511 0.02538
55443.95355 18.44331 0.02559
55443.95925 18.41586 0.02448
55443.9693 18.46344 0.02865
55443.97555 18.47408 0.02527
55443.98144 18.40359 0.02507
55443.98725 18.45451 0.02803
55443.99456 18.45436 0.02729
55444.00093 18.38023 0.02628
55444.0061 18.42485 0.02521
55444.01187 18.42618 0.02641
55444.0175 18.40808 0.03179
55444.02231 18.47572 0.04569
55444.66648 18.39438 0.03958
55444.67221 18.41135 0.03942
55444.67727 18.38702 0.03809
55444.68199 18.54716 0.05145
55444.68857 18.4493 0.03519
55444.69526 18.37006 0.0334
55444.70198 18.47086 0.03357
55444.7091 18.57151 0.03555
55444.71487 18.42952 0.03069
55444.72103 18.46877 0.03096
55444.72796 18.41312 0.03186
55444.73377 18.39419 0.0282
55444.74094 18.36112 0.02708
55444.74655 18.44384 0.02837
55444.75167 18.4306 0.02788
55444.75678 18.41077 0.02742
55444.76225 18.3608 0.02649
55444.7673 18.42084 0.02662
55444.77353 18.43026 0.02691
55444.77876 18.43015 0.02546
55444.78368 18.43562 0.02597
55444.79848 18.3631 0.02483
55444.80403 18.41807 0.02451
55444.81599 18.43791 0.02583
55444.8213 18.40968 0.02426
55444.83332 18.41879 0.02623
55444.83854 18.38572 0.02538
55444.84549 18.41649 0.02411
55444.85161 18.47246 0.02551
55444.85679 18.39041 0.02396
55444.86267 18.39476 0.02739
55444.86777 18.45604 0.02901
55444.87321 18.41591 0.02458
55444.87872 18.40631 0.02468
55444.88467 18.42094 0.02443
55444.89016 18.48402 0.02678
55444.89581 18.49802 0.02987
55444.90153 18.44755 0.02505
55444.90845 18.36694 0.02665
55444.91349 18.42665 0.02521
55444.92279 18.41963 0.02463
55444.93139 18.41316 0.0241
55444.94041 18.38283 0.0232
55444.94568 18.42071 0.02346
55444.951 18.48112 0.02703
55444.95724 18.42641 0.02513
55444.96289 18.3809 0.02433
55444.96923 18.41615 0.02358
55444.97411 18.44703 0.02554
55444.98062 18.42369 0.02566
55444.98915 18.43646 0.02772
55444.99553 18.36493 0.0252
55445.00157 18.41218 0.02512
55445.00779 18.42865 0.02577
55445.01282 18.45599 0.03024
55445.01777 18.49278 0.0343
55445.02227 18.50387 0.04254
55445.66261 18.47742 0.0403
55445.66749 18.36005 0.03465
55445.67244 18.38565 0.0342
55445.67731 18.42227 0.03481
55445.68422 18.43733 0.03247
55445.6905 18.45271 0.0307
55445.69681 18.4081 0.02939
55445.70294 18.4313 0.03033
55445.70921 18.37577 0.02893
55445.71534 18.44732 0.03386
55445.72141 18.53857 0.03622
55445.72791 18.49328 0.03153
55445.73457 18.46895 0.02939
55445.74013 18.42012 0.02706
55445.7456 18.45317 0.02852
55445.75096 18.39409 0.02726
55445.75643 18.44381 0.02801
55445.76191 18.45135 0.02777
55445.76784 18.43993 0.02704
55445.7737 18.39806 0.02385
55445.779 18.41234 0.02597
55445.78479 18.42272 0.02405
55445.79025 18.40863 0.02438
55445.79613 18.43282 0.02352
55445.81095 18.47905 0.02604
55445.81845 18.44176 0.02363
55445.82455 18.41276 0.02338
55445.83024 18.39915 0.02272
55445.84021 18.40102 0.02416
55445.84549 18.39192 0.02282
55445.85174 18.39267 0.02274
55445.85762 18.4527 0.02244
55445.8636 18.48818 0.02328
55445.86963 18.40372 0.02172
55445.87567 18.39635 0.02235
55445.88207 18.47555 0.02249
55445.88844 18.40286 0.02277
55445.89432 18.46427 0.02368
55445.89983 18.39245 0.02243
55445.90668 18.40391 0.02238
55445.91299 18.46247 0.02259
55445.91722 18.44691 0.02363
55445.92351 18.36871 0.02148
55445.92915 18.42136 0.02396
55445.93496 18.36588 0.02184
55445.94048 18.38488 0.02269
55445.95216 18.40511 0.02415
55445.95886 18.39171 0.02347
55445.97191 18.41623 0.02293
55445.97872 18.42079 0.02281
55445.98437 18.45688 0.0224
55445.98972 18.37541 0.02242
55445.99581 18.40377 0.02306
55446.00245 18.43335 0.02246
55446.00827 18.43903 0.02383
55446.01324 18.4025 0.02452
55446.01787 18.4384 0.03069
55446.0233 18.41423 0.04097
55446.66046 18.46145 0.03937
55446.66501 18.33478 0.03574
55446.67089 18.45745 0.0353
55446.67601 18.43924 0.03397
55446.6814 18.5213 0.03571
55446.68915 18.33988 0.02973
55446.70044 18.4361 0.0318
55446.70781 18.45982 0.03074
55446.71375 18.39447 0.02961
55446.71998 18.37753 0.02866
55446.7269 18.40382 0.02861
55446.73768 18.40979 0.02891
55446.74263 18.32563 0.02549
55446.74841 18.40114 0.02694
55446.75986 18.38658 0.02499
55446.76487 18.44069 0.02479
55446.77004 18.37773 0.0244
55446.77518 18.42657 0.0248
55446.78018 18.36018 0.02387
55446.78654 18.39309 0.02455
55446.79243 18.43497 0.02312
55446.79818 18.38668 0.02462
55446.80822 18.40321 0.02512
55446.81336 18.41012 0.02362
55446.81934 18.46131 0.02431
55446.82569 18.38463 0.02326
55446.83186 18.43757 0.02372
55446.83803 18.40712 0.02409
55446.84316 18.4137 0.02273
55446.84946 18.43221 0.02365
55446.85529 18.34881 0.03621
55446.86132 18.40965 0.02652
55446.86741 18.30595 0.05401
55446.87321 18.41731 0.02259
55446.87945 18.36803 0.02254
55446.88583 18.44157 0.0246
55446.89176 18.45562 0.02305
55446.89901 18.37352 0.02687
55446.90569 18.40161 0.02481
55446.91293 18.44969 0.02358
55446.91958 18.37403 0.02194
55446.92538 18.43177 0.02322
55446.93113 18.36381 0.02139
55446.93686 18.3788 0.0228
55446.94237 18.41438 0.02204
55446.94842 18.39572 0.02215
55446.95451 18.44591 0.02263
55446.96034 18.42721 0.02272
55446.96641 18.40148 0.02194
55446.97287 18.43609 0.02328
55446.97827 18.39328 0.0224
55446.98464 18.38632 0.02294
55446.99026 18.45236 0.02198
55446.99646 18.46727 0.02235
55447.00329 18.47412 0.02375
55447.02248 18.37803 0.03699
55448.00377 18.46689 0.02269
55448.65527 18.52763 0.04249
55448.70146 18.46723 0.03434
55449.82958 18.40656 0.02607
55449.87259 18.39306 0.02389
55450.82585 18.4907 0.02576
55450.86998 18.36012 0.02174
55451.65338 18.47748 0.03822
55451.70095 18.54095 0.02944
55452.64792 18.46188 0.04053
55452.69243 18.39118 0.02965
55453.64519 18.51045 0.04233
55453.6895 18.47919 0.03158
55454.64058 18.4579 0.04248
55454.68793 18.39791 0.0372
55455.63923 18.46638 0.04976
55455.7154 18.35359 0.0311
55456.63346 18.47875 0.04657
55456.67702 18.45783 0.03764
55457.63067 18.58734 0.05615
55457.6732 18.40972 0.03735
55458.66069 18.44562 0.04135
55458.7057 18.45993 0.04141
55459.63016 18.38392 0.07429
55459.69034 18.47838 0.05234
55460.63624 18.47596 0.05099
55460.72453 18.45893 0.04035
55461.62523 18.58307 0.07298
55461.67649 18.46478 0.05446
55462.76573 18.39405 0.05729
55462.80848 18.44465 0.05729
55463.63005 18.53509 0.09507
55463.71104 18.50376 0.0615
55466.61784 18.45977 0.04472
55466.61959 18.46207 0.04039
55466.62134 18.54501 0.0415
55466.6231 18.44807 0.03676
55466.62486 18.48431 0.03576
55466.62661 18.46408 0.03609
55466.62943 18.49303 0.03903
55466.63143 18.48822 0.03875
55466.63348 18.43753 0.03679
55466.67604 18.38598 0.04497
55467.62749 18.46828 0.0408
55468.7394 18.4333 0.03102
55468.78277 18.37265 0.03333
55469.73472 18.35075 0.05197
55469.80235 18.57325 0.08594
55470.77885 18.3097 0.05347
55470.82246 18.42699 0.02989
55471.77466 18.43388 0.02438
55471.82993 18.48891 0.04689
55472.62548 18.53307 0.03454
55472.66936 18.47521 0.02908
55473.62096 18.31279 0.05565
55477.66775 18.397 0.02769
55477.71276 18.41725 0.02889
55478.62384 18.49491 0.03467
55478.66775 18.46868 0.02999
55479.61565 18.449 0.03474
55479.65968 18.45119 0.02948
55480.61506 18.41992 0.03668
55480.65805 18.35194 0.02982
55481.61182 18.3857 0.03116
55481.69382 18.39655 0.02449
55482.61769 18.4528 0.03461
55482.66188 18.44613 0.02887
55482.67843 18.43914 0.02692
55483.61039 18.46424 0.03653
55483.66512 18.41222 0.02932
55484.66377 18.37839 0.03059
55484.70695 18.43701 0.03129
55485.61939 18.41312 0.03473
55485.66329 18.45848 0.0319
55486.61418 18.47182 0.0452
55497.84041 18.46144 0.0396
55497.89223 18.41172 0.04228
55498.71756 18.46127 0.02874
55498.79 18.46443 0.03342
55499.59404 18.42218 0.0321
55499.63881 18.3502 0.02916
55501.66259 18.44214 0.03218
55501.75706 18.42881 0.02755
55502.72145 18.39773 0.02799
55502.82148 18.41028 0.02991
55503.77762 18.50186 0.03081
55503.8732 18.48686 0.03339
55504.82418 18.49337 0.02883
55504.91868 18.45437 0.03473
55506.68972 18.43206 0.03208
55506.73387 18.45697 0.02511
55507.81368 18.47865 0.0295
55507.89267 18.43407 0.0366
55513.658 18.4246 0.03035
55513.7418 18.4252 0.03029
55514.69377 18.48993 0.03306
55514.73749 18.42942 0.03376
55515.69951 18.51212 0.03566
55515.74236 18.4887 0.03487
55516.67238 18.53039 0.04303
55516.71654 18.5125 0.04221
55517.61497 18.50478 0.03956
55517.6584 18.46109 0.03936
55518.61481 18.48343 0.04342
55518.6578 18.60524 0.05207
55527.74242 18.54367 0.03764
55530.70615 18.50097 0.03606
55530.75072 18.58533 0.04238
55531.77418 18.47248 0.03952
55531.81743 18.54665 0.05222
55532.78408 18.38111 0.02582
55532.82836 18.37014 0.03349
55535.68432 18.49217 0.02804
55537.58157 18.53278 0.04822
55537.62557 18.45127 0.02967
55538.57995 18.46348 0.03111
55538.62381 18.41388 0.02625
55539.58012 18.47142 0.03101
55539.62283 18.45506 0.02857
55540.61811 18.4518 0.02796
55540.66215 18.44144 0.02781
55541.61644 18.52382 0.03329
55541.65945 18.5251 0.03815
55544.59603 18.47237 0.03303
55544.64191 18.51361 0.0343
55545.59598 18.45734 0.04161
55545.63939 18.49442 0.03757
55558.69892 18.53124 0.06791
55558.75663 18.41944 0.03176
55559.7264 18.5351 0.05372
55561.73304 18.49272 0.03712
55561.77682 18.49567 0.04425
55567.59621 18.45272 0.03275
55575.595 18.54623 0.05805
55575.6386 18.41891 0.05683
55577.59504 18.64254 0.06823
55577.63849 18.5334 0.06525
55578.61202 18.3597 0.09507
55579.61368 18.52533 0.04294
55579.65687 18.43376 0.04215
55580.66998 18.47752 0.04793
55580.71648 18.54725 0.05865
55583.61703 18.42341 0.02866
55583.66119 18.39078 0.03637
55584.63985 18.48391 0.0301
55584.68286 18.48746 0.0346
55586.61685 18.45032 0.02724
55586.66038 18.55574 0.03264
55588.66264 18.58771 0.05059
55588.70647 18.60949 0.05448
55722.89872 18.36023 0.03517
55723.91976 18.3956 0.03568
55723.9634 18.40871 0.03277
55730.92322 18.39276 0.05342
55733.86776 18.48789 0.04615
55733.91212 18.37952 0.03515
55750.83279 18.30134 0.03543
55750.87598 18.33229 0.03042
55753.86132 18.39831 0.04373
55756.88391 18.42134 0.07407
55756.93392 18.39612 0.04366
55759.84878 18.30267 0.04417
55759.89212 18.40039 0.04108
55762.79606 18.45128 0.04962
55762.8402 18.33583 0.03996
55766.7805 18.36163 0.03848
55766.83041 18.32408 0.03333
55768.77509 18.31425 0.04001
55768.82037 18.32276 0.03613
55769.80074 18.27869 0.03027
55769.84468 18.393 0.02731
55770.78189 18.33801 0.0317
55770.82573 18.34179 0.02686
55771.78074 18.29672 0.02933
55771.82449 18.36122 0.02565
55774.75968 18.29544 0.03496
55774.80363 18.36221 0.03048
55775.7599 18.25758 0.04889
55775.80332 18.26256 0.05771
55779.7464 18.35019 0.03823
55779.79086 18.32783 0.02793
55780.74948 18.32671 0.042
55780.79415 18.38305 0.03083
55782.7508 18.26013 0.04533
55782.7956 18.27583 0.03606
55783.7573 18.38204 0.05637
55783.80103 18.25674 0.04166
55784.74207 18.46136 0.06302
55789.73736 18.35083 0.06354
55789.78039 18.43531 0.05228
55790.73125 18.33876 0.04948
55790.77463 18.42019 0.04874
55791.73123 18.35292 0.05408
55791.77527 18.34288 0.04548
55793.74743 18.39143 0.04115
55793.79097 18.42639 0.03952
55794.75972 18.39764 0.0301
55794.81629 18.40545 0.03614
55809.66644 18.28304 0.05788
55809.7101 18.35235 0.04015
55811.66044 18.27209 0.05215
55811.7042 18.3636 0.04406
55812.65876 18.42367 0.05304
55812.70198 18.39017 0.04387
55813.66257 18.44186 0.05438
55813.70671 18.40754 0.04312
55818.70874 18.5202 0.13126
55820.63925 18.48965 0.04705
55820.68324 18.45637 0.06941
55821.63464 18.44081 0.03976
55822.63132 18.44324 0.04417
55822.67415 18.46283 0.03363
55823.62908 18.4083 0.04318
55823.67275 18.39186 0.03281
55824.62608 18.43094 0.04621
55824.6697 18.3633 0.03375
55838.61464 18.38613 0.04392
55838.65944 18.40189 0.04113
55842.61856 18.38214 0.05637
55842.66208 18.43174 0.05413
55843.61073 18.51855 0.07396
55843.65444 18.45689 0.05869
55844.60924 18.6877 0.07798
55844.65374 18.48647 0.06224
55849.60547 18.45969 0.03645
55849.65079 18.27457 0.0441
55850.60468 18.42624 0.0332
55850.64918 18.40035 0.03278
55851.60318 18.3878 0.03413
55851.64641 18.37753 0.02866
55852.60416 18.37826 0.03469
55852.6481 18.37586 0.0285
55853.60163 18.37547 0.03456
55853.6463 18.42563 0.02938
55854.60164 18.36119 0.03634
55854.64607 18.39318 0.0273
55866.5884 18.45504 0.03944
55866.64679 18.32018 0.03188
55867.58757 18.35571 0.0459
55867.63053 18.5104 0.04254
55868.5865 18.35875 0.0462
55868.63002 18.35367 0.03608
55880.87841 18.47408 0.0511
55880.92255 18.50243 0.05039
55882.86968 18.3358 0.03395
55882.87146 18.38285 0.03523
55882.91495 18.39331 0.04124
55883.86679 18.36486 0.03761
55883.91496 18.51848 0.055
55887.63181 18.36232 0.03014
55887.68352 18.37397 0.03187
55888.8957 18.46305 0.05044
55889.80049 18.38849 0.027
55889.84447 18.47862 0.03099
55891.57974 18.41065 0.03588
55891.6225 18.45905 0.03049
55893.58261 18.3778 0.03371
55893.62546 18.43182 0.03535
55894.58144 18.33665 0.03691
55894.62473 18.45427 0.06754
55896.58202 18.51765 0.04328
55898.82137 18.52262 0.05266
55898.86551 18.37255 0.05692
55899.80997 18.40786 0.07573
55902.58519 18.53478 0.0662
55902.64414 18.6804 0.07087
55903.58342 18.6443 0.06783
55903.62024 18.39393 0.0523
55904.58683 18.44618 0.05972
55906.58378 18.47482 0.0493
55906.64029 18.40765 0.04612
55916.59575 18.4154 0.03772
55916.64026 18.31992 0.03161
55922.6423 18.41436 0.03006
55923.59751 18.43353 0.03587
55923.64145 18.43426 0.03174
55924.60837 18.41022 0.03088
55925.59941 18.47868 0.04523
55925.67897 18.45275 0.03054
55926.58279 18.32886 0.03397
55926.62543 18.34804 0.02907
55930.58585 18.44449 0.05544
55930.62499 18.24537 0.04926
55931.58458 18.42887 0.04461
55931.62692 18.4251 0.05277
55932.62858 18.45403 0.04583
55936.60917 18.43636 0.04405
55936.65247 18.48629 0.04333
55937.58951 18.41075 0.04316
55937.63319 18.3253 0.08089
55939.64879 18.49402 0.03658
55939.6851 18.46227 0.03749
55940.59145 18.52963 0.05265
55940.64013 18.40975 0.05827
55941.59048 18.50378 0.08214
55943.69972 18.43976 0.0333
55943.74446 18.4992 0.04137
55944.64379 18.4015 0.03025
55944.67224 18.41331 0.03151
55946.63797 18.2918 0.06073
55947.59349 18.36003 0.03325
55947.63713 18.50941 0.05406
55949.64923 18.45587 0.03604
55949.6924 18.43053 0.04787
55952.60617 18.42385 0.03456
55952.64932 18.46505 0.03702
55953.59751 18.41258 0.03798
55953.64127 18.32465 0.03112
55954.59787 18.41415 0.05209
55954.64157 18.30703 0.04855
55958.61566 18.39478 0.04254
55958.67117 18.40042 0.05002
55959.64574 18.56638 0.06451
55960.60205 18.42839 0.05813
55960.64497 18.5643 0.06506
55962.61935 18.37227 0.0457
55962.69096 18.33421 0.06938
56059.98484 18.4179 0.06481
56060.97134 18.42649 0.06084
56061.96903 18.40054 0.04896
56063.96519 18.48387 0.06053
56065.96588 18.36606 0.05099
56066.96916 18.37316 0.04822
56067.96802 18.37804 0.04047
56068.98301 18.45521 0.08399
56070.97101 18.33232 0.04908
56071.95528 18.48367 0.05072
56075.93073 18.33002 0.04544
56075.96117 18.37576 0.03998
56076.96161 18.38459 0.03639
56077.97941 18.19814 0.06076
56078.92335 18.39368 0.04619
56078.95394 18.45329 0.04414
56079.91957 18.39356 0.04981
56079.94994 18.34416 0.03511
56079.97946 18.31726 0.05698
56081.9528 18.64678 0.08223
56084.95914 18.41479 0.05292
56085.9361 18.51547 0.06742
56085.9661 18.31162 0.04977
56086.90079 18.37688 0.05826
56086.9317 18.37035 0.04867
56086.96186 18.35774 0.0414
56087.95118 18.34207 0.04224
56088.93216 18.39897 0.04567
56088.96298 18.42522 0.04094
56089.90743 18.34589 0.04907
56089.9375 18.45588 0.04099
56090.89626 18.48279 0.05789
56091.93224 18.37998 0.03858
56091.96189 18.35201 0.03498
56092.88532 18.40577 0.03982
56092.91513 18.40168 0.03709
56092.94551 18.32981 0.03499
56093.88544 18.37807 0.04492
56093.91605 18.39661 0.04159
56093.95942 18.37171 0.03314
56094.8793 18.397 0.04876
56094.90895 18.38986 0.04144
56094.93794 18.3354 0.03362
56095.89413 18.29893 0.04101
56095.92394 18.48275 0.0457
56095.95378 18.29404 0.03565
56096.8846 18.35524 0.03918
56096.91464 18.36975 0.03524
56096.94475 18.37335 0.03331
56097.90204 18.35669 0.03657
56099.86796 18.40296 0.035
56099.8979 18.28277 0.02971
56099.92867 18.39922 0.02874
56100.87134 18.37449 0.04416
56100.9014 18.38044 0.03747
56100.93113 18.40146 0.03706
56101.86099 18.50058 0.05472
56101.89166 18.46795 0.04538
56101.92164 18.30124 0.03487
56102.85884 18.38664 0.03836
56102.88948 18.31734 0.0332
56102.91975 18.34956 0.03041
56103.85688 18.37226 0.04636
56103.89198 18.44099 0.0398
56103.92203 18.35499 0.03545
56104.86298 18.37296 0.03897
56104.89266 18.29114 0.03501
56104.92258 18.34898 0.03286
56105.87772 18.34245 0.03421
56105.90846 18.32157 0.03296
56105.93782 18.31097 0.03232
56106.84826 18.39731 0.03651
56106.87859 18.29352 0.03264
56106.90907 18.39682 0.03041
56107.84497 18.41927 0.05402
56107.87579 18.36013 0.03765
56107.90655 18.31075 0.0309
56108.86703 18.50043 0.06191
56108.89669 18.25473 0.03819
56108.92686 18.38281 0.03246
56109.93363 18.33376 0.03769
56110.86774 18.2829 0.06165
56110.89782 18.34282 0.04911
56110.92786 18.33178 0.04174
56111.86949 18.50903 0.07452
56111.91431 18.36933 0.05455
56111.94457 18.32087 0.04974
56113.8878 18.34062 0.05791
56113.93235 18.35356 0.04594
56113.96218 18.315 0.04625
56114.87108 18.31969 0.0512
56114.92357 18.36566 0.04718
56114.95378 18.30696 0.04159
56115.85803 18.48506 0.06364
56115.88797 18.3995 0.0482
56115.9179 18.48586 0.04348
56116.90131 18.37951 0.04778
56116.93261 18.39931 0.04103
56116.96078 18.27504 0.037
56117.86349 18.38502 0.04613
56117.89333 18.35815 0.0429
56117.92405 18.31001 0.03886
56118.82762 18.50409 0.07066
56118.85812 18.34338 0.04996
56118.8884 18.38774 0.04399
56119.81535 18.33426 0.05707
56119.84536 18.36007 0.05774
56120.95573 18.29858 0.06203
56123.80269 18.34236 0.03949
56123.8333 18.36363 0.03424
56123.86323 18.29926 0.03067
56124.8239 18.34398 0.03812
56124.85579 18.41885 0.04092
56124.90647 18.38327 0.0344
56125.83541 18.3184 0.03236
56125.8655 18.32189 0.03187
56125.89611 18.30512 0.02964
56126.79674 18.34018 0.04241
56126.82683 18.36384 0.03929
56126.85662 18.33112 0.06784
56127.84219 18.39224 0.03628
56127.87262 18.34254 0.03292
56128.79045 18.40642 0.04616
56128.8202 18.3289 0.03193
56128.8509 18.32038 0.0289
56129.81763 18.29908 0.03348
56129.84839 18.4123 0.03472
56130.78415 18.41377 0.0457
56130.81619 18.41079 0.04008
56130.84603 18.42312 0.03599
56131.81956 18.32696 0.0344
56131.84966 18.32883 0.03178
56131.87991 18.3459 0.03003
56132.81342 18.26386 0.03118
56132.85526 18.36074 0.03214
56133.77702 18.35616 0.03721
56133.80732 18.32215 0.03171
56133.83817 18.29266 0.03079
56135.77548 18.37931 0.04045
56135.80558 18.3542 0.02864
56135.8357 18.37748 0.02199
56136.78168 18.29153 0.03714
56136.81139 18.31528 0.03546
56136.84105 18.361 0.03078
56137.77719 18.30923 0.04269
56137.8165 18.42145 0.07069
56137.84943 18.42299 0.04231
56138.79423 18.44671 0.0651
56143.75013 18.21134 0.06733
56143.77946 18.36982 0.05647
56143.81202 18.34521 0.04914
56144.79078 18.25127 0.04766
56144.82138 18.45112 0.04291
56145.74531 18.35184 0.08807
56145.77477 18.40784 0.07368
56145.80436 18.38213 0.05394
56146.77217 18.35982 0.05316
56146.83591 18.39775 0.0422
56147.75046 18.35146 0.04316
56147.78019 18.38518 0.04614
56147.81614 18.3204 0.04395
56148.73743 18.34965 0.0358
56148.76798 18.37477 0.03409
56148.79928 18.345 0.03685
56151.84315 18.36217 0.02255
56151.87618 18.3552 0.02286
56151.91621 18.37257 0.02196
56164.86055 18.32702 0.02084
56164.89061 18.2996 0.02046
56164.92052 18.32089 0.02029
56165.82275 18.38936 0.02649
56165.85221 18.37552 0.02271
56165.88255 18.32523 0.02117
56166.78411 18.39519 0.03022
56166.82415 18.33751 0.02805
56166.85436 18.35229 0.02496
56167.76082 18.32557 0.0327
56167.79008 18.31041 0.0336
56167.82893 18.34826 0.02949
56168.73084 18.36644 0.04422
56168.76135 18.33874 0.03849
56168.79094 18.36691 0.03599
56169.70528 18.33438 0.06061
56169.73488 18.30621 0.05585
56169.78208 18.33171 0.05372
56170.70609 18.21718 0.06725
56170.73648 18.4477 0.06159
56170.76821 18.33193 0.06083
56176.66101 18.34135 0.05346
56176.74473 18.42891 0.03862
56176.77537 18.31761 0.03846
56177.67775 18.34558 0.02785
56177.71467 18.28452 0.02586
56177.7448 18.31909 0.02418
56178.65701 18.35698 0.03825
56178.7245 18.40618 0.03148
56178.75548 18.28603 0.02379
56189.71737 18.40046 0.03096
56189.74707 18.29144 0.02749
56194.65274 18.26962 0.04118
56194.68156 18.3803 0.03906
56194.73072 18.30683 0.03056
56195.63238 18.40902 0.04635
56195.68489 18.38881 0.03897
56195.74387 18.39191 0.03578
56196.64868 18.37787 0.04072
56196.67925 18.38052 0.04107
56196.70945 18.33057 0.03981
56197.62224 18.50045 0.06549
56197.65122 18.4027 0.05657
56197.68048 18.44309 0.05192
56198.63271 18.30081 0.05971
56198.66294 18.32716 0.06231
56198.69225 18.42426 0.05537
56202.61563 18.40638 0.07122
56202.64754 18.29445 0.06186
56202.70169 18.29742 0.04926
56207.71676 18.17809 0.05386
56207.82773 18.29174 0.06743
56224.66207 18.34172 0.03666
56224.69182 18.35147 0.03994
56225.74851 18.42986 0.03714
56225.84088 18.40638 0.03827
56226.75858 18.63626 0.07273
56226.79663 18.44471 0.07498
56227.72154 18.45268 0.04698
56227.75148 18.45718 0.04765
56228.67316 18.37478 0.04541
56228.71 18.39222 0.04203
56229.61202 18.25886 0.04878
56229.68338 18.35539 0.0487
56230.64599 18.24624 0.05062
56230.73676 18.36838 0.04955
56231.86041 18.37268 0.04911
56232.82116 18.31141 0.03635
56233.75399 18.30301 0.03713
56233.78371 18.32956 0.0513
56234.68453 18.36028 0.03164
56234.71313 18.36084 0.03376
56235.61461 18.34965 0.03042
56235.64419 18.34921 0.0255
56236.58514 18.26987 0.0387
56236.61561 18.2736 0.02845
56237.58477 18.33415 0.03237
56237.61509 18.3569 0.02603
56238.58334 18.36708 0.03388
56238.61531 18.33525 0.02602
56239.58294 18.30055 0.03225
56239.61141 18.30195 0.02661
56251.83071 18.36594 0.02733
56251.86073 18.36139 0.02664
56252.58576 18.28956 0.02694
56252.60631 18.28257 0.02787
56252.62487 18.31984 0.02685
56252.64555 18.35968 0.02752
56252.66096 18.28959 0.02592
56252.69879 18.3301 0.02747
56252.71706 18.33713 0.02776
56252.73499 18.33288 0.02664
56252.75258 18.35126 0.027
56252.76856 18.34532 0.02796
56252.78929 18.35517 0.03388
56252.80517 18.34847 0.03
56252.821 18.34022 0.02824
56252.83831 18.34771 0.0278
56252.85634 18.28723 0.02587
56253.58621 18.39244 0.03203
56253.60335 18.31483 0.03306
56253.62054 18.36161 0.0307
56253.63682 18.3344 0.03
56253.6539 18.34325 0.03315
56253.6721 18.2948 0.03267
56253.70902 18.35231 0.03346
56253.7307 18.34665 0.03323
56253.75003 18.38218 0.03966
56253.76637 18.33666 0.03481
56253.78832 18.40635 0.03531
56253.8078 18.33371 0.03336
56253.82956 18.2947 0.03477
56253.85372 18.38531 0.03344
56254.74613 18.31803 0.03203
56254.77889 18.39636 0.03768
56255.68248 18.31442 0.03771
56255.7252 18.44114 0.04281
56256.62657 18.27463 0.03736
56256.6557 18.2985 0.04256
56257.58763 18.37588 0.04631
56257.64219 18.18165 0.03972
56258.58614 18.4874 0.05801
56258.61848 18.31702 0.04386
56259.59443 18.30905 0.04804
56259.62495 18.36053 0.05098
56265.629 18.36444 0.0258
56265.6592 18.35394 0.03119
56266.58222 18.28485 0.04043
56266.6126 18.50357 0.11674
56267.58751 18.38208 0.02703
56267.61751 18.2631 0.02651
56268.59364 18.32138 0.02416
56268.62314 18.35902 0.02386
56269.58319 18.28857 0.02605
56269.58435 18.3184 0.02397
56269.58546 18.33035 0.0247
56269.58657 18.34716 0.02528
56269.58771 18.33719 0.02454
56269.58893 18.33738 0.02418
56269.59006 18.32144 0.02355
56269.59133 18.35812 0.02426
56269.59245 18.35756 0.02399
56269.59364 18.37647 0.02323
56269.59478 18.30209 0.02338
56269.596 18.35192 0.02278
56269.59713 18.33394 0.02318
56269.59843 18.31964 0.02336
56269.59956 18.31756 0.0239
56269.60977 18.35086 0.02318
56269.61093 18.32877 0.0228
56269.6121 18.30592 0.0229
56269.61321 18.3586 0.02434
56269.61434 18.32137 0.024
56269.61547 18.34576 0.02397
56269.61659 18.29107 0.02314
56269.61773 18.30436 0.02292
56269.61884 18.30925 0.02366
56269.61995 18.34525 0.02284
56269.62115 18.33876 0.02352
56269.6223 18.36221 0.02389
56269.62343 18.3049 0.0227
56269.62457 18.31298 0.0222
56269.62569 18.35012 0.02252
56269.62688 18.303 0.02175
56269.628 18.32087 0.02219
56269.6375 18.32641 0.02426
56269.63881 18.36299 0.02277
56269.64001 18.32794 0.02243
56269.64114 18.2806 0.0215
56269.64226 18.30924 0.02213
56269.64337 18.32702 0.02213
56269.6445 18.30078 0.02209
56269.64562 18.32435 0.02274
56269.64675 18.3343 0.02297
56269.64789 18.32798 0.02088
56269.64905 18.3327 0.0216
56269.65017 18.34659 0.02112
56269.65129 18.31053 0.02125
56269.65247 18.34428 0.02288
56269.65359 18.33033 0.02206
56269.65473 18.32405 0.02249
56269.65585 18.31153 0.02123
56269.65698 18.28944 0.02113
56269.65819 18.31627 0.02186
56269.65932 18.32763 0.02116
56269.66055 18.34467 0.02211
56269.66167 18.31235 0.02246
56269.66279 18.33722 0.02107
56269.66393 18.32533 0.02142
56269.66595 18.35043 0.02233
56269.66717 18.34999 0.02133
56269.66829 18.30925 0.02163
56269.66952 18.28568 0.02076
56269.67064 18.29633 0.02172
56269.67184 18.30861 0.021
56269.673 18.33875 0.02252
56269.67412 18.33266 0.0217
56269.67533 18.28188 0.02153
56269.67646 18.27338 0.02169
56269.6776 18.33843 0.02217
56269.67883 18.27729 0.02126
56269.67997 18.35769 0.0215
56269.6812 18.3465 0.02161
56269.68232 18.32426 0.02199
56269.68343 18.31544 0.02146
56269.68473 18.31647 0.02191
56269.68592 18.3443 0.02187
56269.68705 18.34631 0.02106
56269.68816 18.30573 0.0212
56269.68929 18.33153 0.0212
56269.69041 18.34233 0.02135
56269.69157 18.29666 0.02148
56269.69269 18.29348 0.02089
56269.69383 18.33332 0.02204
56269.69496 18.34035 0.02165
56269.69608 18.33899 0.02196
56269.69898 18.32336 0.02168
56269.70011 18.29869 0.02266
56269.70126 18.35257 0.02202
56269.70241 18.34232 0.02187
56269.70357 18.30425 0.02087
56269.70468 18.32022 0.02088
56269.70581 18.32672 0.0217
56269.70705 18.35158 0.02199
56269.70816 18.34691 0.02092
56269.70937 18.33361 0.02099
56269.7105 18.34554 0.02124
56269.71167 18.34816 0.02261
56269.7128 18.36129 0.02147
56269.71403 18.28101 0.02122
56269.71516 18.3096 0.02186
56269.7163 18.34041 0.02209
56269.72641 18.34587 0.02383
56269.72763 18.35631 0.02201
56269.72875 18.36901 0.02233
56269.72987 18.35125 0.02203
56269.731 18.3498 0.0223
56269.73213 18.34579 0.02161
56269.73326 18.3433 0.02209
56269.73438 18.28953 0.0227
56269.73557 18.31568 0.02272
56269.73682 18.3138 0.02264
56269.73796 18.31822 0.02188
56269.73911 18.32916 0.02204
56269.74036 18.27914 0.02242
56269.74147 18.33051 0.02212
56269.74272 18.32138 0.02248
56269.74391 18.32616 0.02233
56269.74502 18.34535 0.02341
56269.7462 18.32648 0.02223
56269.74734 18.30936 0.02221
56269.74846 18.31958 0.02369
56269.74961 18.36181 0.02307
56269.75074 18.30614 0.02268
56269.75201 18.3155 0.02318
56269.75316 18.26242 0.02222
56269.75429 18.32312 0.02285
56269.75553 18.3446 0.02138
56269.75665 18.34692 0.02305
56269.75779 18.35391 0.02353
56269.75895 18.30465 0.02223
56269.76008 18.32061 0.02356
56269.76123 18.27482 0.02268
56269.76235 18.31568 0.02318
56269.76348 18.29243 0.02369
56269.76459 18.36458 0.02391
56269.76573 18.33651 0.02297
56269.78036 18.33567 0.02577
56269.78151 18.30755 0.02483
56269.78271 18.31678 0.02488
56269.78391 18.32314 0.02448
56269.78511 18.32477 0.02393
56269.78751 18.34831 0.02421
56269.78876 18.32659 0.02456
56269.78989 18.426 0.02618
56269.79108 18.28419 0.02415
56269.79227 18.33484 0.02365
56269.79356 18.32537 0.02455
56269.79478 18.34276 0.02359
56269.7959 18.3112 0.02488
56269.79701 18.34738 0.02627
56269.79816 18.34857 0.02609
56269.79928 18.3459 0.02488
56269.80041 18.32821 0.02456
56269.80156 18.32988 0.02466
56269.80276 18.31994 0.02411
56269.80404 18.31826 0.02548
56269.80517 18.33033 0.02537
56269.80638 18.34634 0.02423
56269.80752 18.39864 0.02587
56269.80866 18.28332 0.02515
56270.57931 18.3008 0.0268
56270.58058 18.3477 0.02468
56270.58188 18.33959 0.0244
56270.58305 18.37148 0.02434
56270.58429 18.35269 0.02372
56270.58556 18.33745 0.02292
56270.58671 18.34763 0.02471
56270.58798 18.35991 0.02294
56270.58926 18.32683 0.02174
56270.59051 18.37078 0.02286
56270.59176 18.33329 0.02237
56270.59301 18.3459 0.02236
56270.59588 18.31921 0.02209
56270.59719 18.32936 0.02134
56270.59846 18.29779 0.02178
56270.59973 18.32627 0.02163
56270.60101 18.33638 0.02289
56270.60229 18.33993 0.02225
56270.60361 18.31396 0.02154
56270.60484 18.34445 0.02195
56270.60617 18.35801 0.02216
56270.60733 18.2886 0.02156
56270.60868 18.34723 0.02212
56270.60993 18.32828 0.02196
56270.61121 18.3258 0.02191
56270.61244 18.36863 0.02203
56270.61368 18.33323 0.02193
56270.61481 18.37225 0.02199
56270.61593 18.32359 0.02115
56270.61713 18.35316 0.02096
56270.61835 18.32896 0.02252
56270.61963 18.32334 0.0213
56270.62082 18.29563 0.02135
56270.62212 18.31159 0.02084
56270.62324 18.31853 0.02156
56270.62438 18.3366 0.02154
56270.6255 18.33093 0.02184
56270.62668 18.28226 0.0216
56270.62781 18.36563 0.0231
56270.62895 18.29502 0.02231
56270.63017 18.3629 0.02224
56270.6313 18.34398 0.0221
56270.63259 18.33273 0.02062
56270.63372 18.33782 0.02158
56270.63484 18.34297 0.02237
56270.64581 18.3421 0.02434
56270.64713 18.36043 0.02191
56270.64825 18.31944 0.02123
56270.6495 18.37562 0.02184
56270.65082 18.33418 0.02179
56270.65222 18.37362 0.0227
56270.65336 18.35971 0.02234
56270.6545 18.31197 0.02164
56270.65562 18.34648 0.02301
56270.65697 18.31823 0.02076
56270.65832 18.32298 0.02109
56270.65959 18.29571 0.02122
56270.66092 18.34987 0.02198
56270.66217 18.32264 0.02264
56270.66351 18.34485 0.02194
56270.66477 18.35336 0.02235
56270.67891 18.34477 0.02353
56270.68008 18.32028 0.02096
56270.68122 18.33858 0.02132
56270.68243 18.38905 0.02118
56270.68382 18.37022 0.02211
56270.68508 18.34867 0.02078
56270.68653 18.36414 0.02099
56270.68784 18.33355 0.02098
56270.68912 18.34399 0.02107
56270.69114 18.31734 0.02151
56270.69232 18.33466 0.02135
56270.69365 18.30727 0.02141
56270.6948 18.32093 0.02073
56270.69617 18.37578 0.02163
56270.69746 18.36462 0.02184
56270.6986 18.36552 0.02148
56270.6999 18.36176 0.02079
56270.70121 18.32216 0.0213
56270.70235 18.3661 0.02079
56270.70349 18.30098 0.02059
56270.70482 18.32093 0.0208
56270.70613 18.32425 0.02146
56270.70726 18.3745 0.0214
56270.7086 18.36233 0.02249
56270.70972 18.31466 0.02111
56270.71103 18.33921 0.02191
56270.71235 18.34882 0.02102
56270.71347 18.33746 0.02187
56270.71481 18.32418 0.02174
56270.71608 18.30784 0.02161
56270.71722 18.32376 0.02164
56270.71853 18.32628 0.02128
56270.71967 18.30394 0.02171
56270.72098 18.33446 0.02225
56270.72302 18.32847 0.02176
56270.72439 18.37619 0.02202
56270.72553 18.30514 0.02233
56270.72665 18.32205 0.02097
56270.72793 18.33753 0.02221
56270.72927 18.35125 0.0218
56270.73043 18.34299 0.02197
56270.73161 18.29858 0.02129
56270.73292 18.33027 0.02101
56270.73506 18.29762 0.02101
56270.73622 18.32451 0.02211
56270.73753 18.32984 0.02227
56270.73887 18.36419 0.02317
56270.74001 18.3438 0.02236
56270.74126 18.33659 0.02272
56270.7424 18.36417 0.02262
56270.74369 18.34247 0.02251
56270.74498 18.33045 0.02328
56270.74609 18.32805 0.0232
56270.74744 18.35032 0.02361
56270.7486 18.34585 0.02312
56270.74995 18.3161 0.02244
56270.75121 18.29535 0.02312
56270.75241 18.30299 0.02242
56270.75372 18.32563 0.0216
56270.75502 18.3682 0.02264
56270.75706 18.35262 0.02283
56270.75826 18.31561 0.02297
56270.75948 18.30414 0.02276
56270.76078 18.35674 0.02332
56270.76208 18.27629 0.02312
56270.77223 18.38536 0.02512
56270.77464 18.30538 0.02412
56270.77775 18.36057 0.0248
56270.77887 18.30795 0.0251
56270.78012 18.3106 0.02494
56270.78147 18.31551 0.0247
56270.78273 18.34767 0.025
56270.784 18.34545 0.0259
56270.78526 18.31967 0.02595
56270.78661 18.32536 0.02613
56270.78776 18.29674 0.02499
56270.7891 18.34035 0.02638
56270.79021 18.34824 0.02527
56270.79151 18.36423 0.02674
56270.7928 18.3408 0.02598
56270.79391 18.3031 0.0248
56270.79508 18.37093 0.02589
56270.79619 18.30694 0.02578
56270.7975 18.3051 0.02612
56270.79862 18.37952 0.02681
56270.79991 18.36749 0.02657
56270.80111 18.32862 0.02625
56270.80249 18.3653 0.02593
56270.80509 18.3271 0.02531
56270.80715 18.31625 0.02578
56270.80837 18.33367 0.02605
56270.80963 18.3827 0.02643
56271.71236 18.42573 0.02971
56271.74462 18.3541 0.02992
56272.64495 18.32679 0.02746
56272.7082 18.38025 0.02824
56273.60993 18.37321 0.02863
56273.63946 18.34118 0.02916
56281.58737 18.3569 0.03622
56281.61668 18.39157 0.04008
56282.58095 18.28037 0.03278
56282.61036 18.38252 0.03446
56282.62819 18.3415 0.03139
56297.58897 18.33403 0.02702
56297.59019 18.2863 0.02506
56297.5937 18.34103 0.02328
56297.59722 18.31934 0.02401
56297.59904 18.36131 0.02452
56297.60164 18.36123 0.02535
56297.60284 18.28682 0.02371
56297.6053 18.28854 0.02482
56297.61734 18.31787 0.02565
56297.61965 18.31649 0.02437
56297.62198 18.32391 0.02533
56297.62474 18.31057 0.0243
56297.62597 18.36609 0.02536
56297.62818 18.34305 0.02456
56297.63051 18.33206 0.02489
56297.63246 18.33932 0.02489
56297.6337 18.36665 0.02541
56297.63597 18.36007 0.02681
56297.63722 18.40355 0.02658
56297.63944 18.36503 0.02574
56297.64162 18.35181 0.0259
56297.64281 18.33071 0.02544
56297.64393 18.34257 0.02417
56297.64612 18.36256 0.02439
56297.64742 18.31288 0.02516
56297.64964 18.32577 0.0243
56297.65084 18.37764 0.02567
56297.65434 18.33227 0.02369
56297.65811 18.37622 0.02663
56297.65988 18.2787 0.0252
56297.66121 18.34476 0.02576
56297.66483 18.38687 0.02717
56297.66714 18.33795 0.02477
56297.67315 18.31929 0.02433
56297.67547 18.32154 0.02651
56297.67675 18.36193 0.02612
56297.67954 18.33646 0.02573
56297.68076 18.35377 0.0255
56297.6819 18.38581 0.02493
56297.68325 18.36193 0.02437
56297.68541 18.28946 0.02525
56297.68786 18.33785 0.02574
56297.69171 18.39408 0.02609
56297.69635 18.32689 0.02521
56297.69767 18.33871 0.02545
56297.70113 18.2832 0.02631
56297.70743 18.32575 0.0255
56297.71084 18.35738 0.02528
56297.71401 18.32192 0.02654
56297.71668 18.32547 0.02809
56297.7179 18.31968 0.02787
56297.72049 18.33082 0.02707
56297.72327 18.31631 0.02695
56297.72448 18.29214 0.02636
56297.72584 18.36785 0.02763
56297.72772 18.36389 0.02838
56297.72894 18.35313 0.02859
56297.74317 18.31777 0.03039
56297.74683 18.35983 0.02916
56297.74996 18.30346 0.02863
56297.75123 18.30773 0.02829
56297.75493 18.33618 0.03068
56297.75709 18.29541 0.02993
56297.7583 18.34346 0.03117
56297.76047 18.34874 0.03129
56297.76167 18.34965 0.03093
56297.76388 18.33702 0.03085
56297.76506 18.25364 0.02936
56297.76834 18.23162 0.03067
56297.77069 18.33499 0.03061
56297.77185 18.326 0.03157
56297.77383 18.29923 0.03214
56297.79199 18.34841 0.03453
56297.79318 18.27279 0.03567
56297.79645 18.31878 0.03715
56297.79838 18.3388 0.03669
56297.79953 18.34106 0.03822
56297.80077 18.34459 0.03779
56297.80192 18.37739 0.03838
56297.80312 18.36455 0.03899
56297.80437 18.3669 0.04073
56297.80564 18.29454 0.03879
56297.80864 18.35754 0.04069
56298.58895 18.32042 0.03425
56298.59013 18.3368 0.0326
56298.59235 18.33676 0.04812
56298.59354 18.35565 0.04429
56298.59724 18.3486 0.04506
56298.59842 18.41042 0.04532
56298.60089 18.34054 0.04725
56298.6021 18.36361 0.04264
56298.60332 18.30306 0.04108
56298.60466 18.36073 0.04538
56298.60701 18.30675 0.04521
56298.60823 18.38994 0.04603
56298.61034 18.33146 0.04427
56298.61272 18.35318 0.04264
56298.61595 18.31994 0.03084
56298.61811 18.31794 0.02863
56298.62047 18.3575 0.03019
56298.62171 18.3011 0.03977
56298.62426 18.3291 0.03029
56298.62643 18.30682 0.03483
56298.62762 18.35473 0.04339
56298.63098 18.328 0.03546
56298.63219 18.36909 0.03203
56298.63473 18.43388 0.03533
56298.63687 18.37024 0.0339
56298.63807 18.313 0.03635
56298.63935 18.31663 0.03796
56298.64364 18.33455 0.02763
56298.64578 18.40585 0.03197
56298.64695 18.42312 0.03444
56298.6481 18.36963 0.03073
56298.65082 18.39669 0.03548
56298.65294 18.27135 0.0282
56298.65509 18.34434 0.02598
56298.65745 18.32691 0.03943
56298.65865 18.35447 0.02647
56298.66081 18.33228 0.02767
56298.66198 18.33659 0.02595
56298.66411 18.37778 0.02892
56298.66639 18.38274 0.02752
56298.6699 18.37386 0.02726
56298.68256 18.36249 0.03114
56298.68492 18.28564 0.03537
56298.68729 18.29707 0.04455
56298.68852 18.28979 0.04866
56298.6908 18.51454 0.07362
56301.59099 18.3065 0.0265
56302.5927 18.37416 0.08758
56302.62153 18.34758 0.03507
56305.59416 18.33505 0.02515
56305.62276 18.37101 0.02606
56307.60089 18.50018 0.04652
56307.63151 18.40797 0.03292
56308.60019 18.39409 0.03311
56308.63015 18.47135 0.04135
56310.60466 18.39754 0.03474
56310.63503 18.38366 0.03542
56311.59823 18.38035 0.03258
56311.62777 18.38504 0.03755
56312.59699 18.31429 0.04848
56312.63396 18.37031 0.04803
56313.60478 18.36261 0.03426
56313.63593 18.33081 0.03589
56314.61498 18.34124 0.03731
56314.64504 18.35728 0.04927
56322.60046 18.38117 0.03633
56322.63022 18.43413 0.03626
56323.59943 18.36386 0.03066
56323.60059 18.30089 0.02889
56323.60172 18.309 0.02672
56323.60284 18.30677 0.02608
56323.60396 18.39714 0.02776
56323.60508 18.33739 0.02819
56323.60621 18.30793 0.02629
56323.60734 18.37038 0.02717
56323.60846 18.34838 0.02615
56323.60959 18.2943 0.02533
56323.61071 18.35706 0.02751
56323.61183 18.37454 0.02748
56323.61297 18.35764 0.02865
56323.61409 18.36644 0.02824
56323.61521 18.33298 0.02781
56323.61635 18.33611 0.0263
56323.61747 18.35779 0.02602
56323.61859 18.34973 0.02746
56323.61971 18.36507 0.02785
56323.62085 18.33752 0.02758
56323.62197 18.32807 0.02629
56323.62309 18.35784 0.02733
56323.62423 18.30598 0.02734
56323.62535 18.37778 0.02824
56323.62647 18.36329 0.02588
56323.62759 18.31163 0.02639
56323.62872 18.40748 0.02746
56323.62985 18.31136 0.0272
56323.63097 18.33963 0.0275
56323.6321 18.34139 0.02714
56323.63322 18.35707 0.02834
56323.63435 18.32102 0.02786
56323.63549 18.3664 0.02986
56323.63661 18.31881 0.02832
56323.63773 18.3304 0.02746
56323.63887 18.37975 0.02877
56323.63999 18.31545 0.02757
56323.64112 18.32642 0.02787
56323.64225 18.3136 0.02836
56323.64338 18.35344 0.02788
56323.6445 18.30547 0.02867
56323.64563 18.31799 0.02857
56323.64676 18.3333 0.02827
56323.64789 18.34758 0.02735
56323.64902 18.32627 0.02885
56323.65014 18.36421 0.02907
56323.65127 18.29853 0.02876
56323.6524 18.36423 0.02876
56323.65352 18.36545 0.02923
56323.65465 18.34466 0.02955
56323.65577 18.30462 0.02806
56323.65691 18.33625 0.02914
56323.65803 18.32659 0.02985
56323.65917 18.30186 0.02817
56323.66029 18.38322 0.03091
56323.66142 18.28192 0.03096
56323.66255 18.33954 0.03032
56323.66367 18.3541 0.03018
56323.6648 18.3267 0.02966
56323.66594 18.33608 0.0303
56323.66706 18.37943 0.03281
56323.66819 18.32529 0.0343
56323.66932 18.41217 0.03567
56323.67045 18.32434 0.03237
56323.67158 18.35046 0.03258
56323.67271 18.40311 0.03373
56323.67384 18.32541 0.03145
56323.67496 18.38169 0.03341
56323.67613 18.37926 0.0341
56323.67725 18.34532 0.03401
56323.67838 18.34184 0.03255
56323.67951 18.36105 0.03256
56323.68065 18.35991 0.03397
56323.68177 18.33578 0.03297
56323.6829 18.44028 0.03625
56323.68402 18.29847 0.03236
56323.68516 18.32658 0.03477
56323.68628 18.36697 0.03435
56323.68742 18.37858 0.03244
56323.68855 18.31199 0.03336
56323.68967 18.39688 0.03374
56323.69081 18.36338 0.03365
56323.69194 18.34798 0.03577
56323.69306 18.28957 0.0347
56323.6942 18.452 0.04095
56323.69532 18.45886 0.03919
56323.69644 18.36506 0.03654
56323.69758 18.40562 0.03953
56323.6987 18.36735 0.04385
56323.69982 18.37817 0.04002
56323.70094 18.44313 0.04324
56323.70208 18.31967 0.03993
56323.7032 18.36398 0.0411
56323.70434 18.41118 0.04047
56323.70546 18.39298 0.04169
56323.70659 18.37083 0.04155
56323.70772 18.47321 0.04864
56323.70887 18.4311 0.04613
56323.71001 18.43967 0.05404
56323.71114 18.29331 0.04455
56323.71226 18.3891 0.04831
56323.7134 18.46229 0.05165
56323.71453 18.58569 0.05718
56323.71565 18.47334 0.05302
56323.71679 18.39886 0.06316
56323.71791 18.60697 0.06261
56323.71905 18.343 0.05364
56323.72017 18.62472 0.06428
56323.7213 18.61175 0.06602
56323.72242 18.50917 0.06067
56323.72356 18.44746 0.05966
56323.72468 18.49104 0.06257
56323.72582 18.58708 0.06756
56323.72695 18.4791 0.06227
56323.72808 18.40858 0.06542
56323.72921 18.5216 0.06686
56323.73034 18.59759 0.07219
56323.73259 18.56458 0.07634
56323.73485 18.37698 0.07148
56324.6344 18.34084 0.03027
56324.67356 18.32366 0.03075
56328.60109 18.30601 0.02956
56328.63041 18.32171 0.02622
56329.6158 18.2971 0.04258
56330.60568 18.32263 0.02828
56330.63442 18.36727 0.03005
56336.60557 18.33247 0.03427
56336.6347 18.40506 0.03947
56337.61678 18.32145 0.02872
56337.646 18.22283 0.03179
56339.61462 18.32201 0.05004
56339.64973 18.34181 0.05742
56340.62168 18.37141 0.03384
56340.65261 18.27774 0.03829
56341.63432 18.34664 0.04004
56342.61542 18.31625 0.04169
56342.64414 18.40648 0.05119
56431.98143 18.46023 0.07075
56432.97832 18.42367 0.04945
56433.97522 18.25698 0.03797
56434.97306 18.2422 0.03834
56440.95678 18.43468 0.06972
56441.9545 18.28111 0.06088
56442.95121 18.34043 0.04297
56443.94843 18.31152 0.03417
56444.94545 18.30153 0.04635
56444.97977 18.18461 0.06282
56446.9404 18.33891 0.03548
56446.9746 18.35827 0.04366
56447.93827 18.28434 0.0295
56447.97245 18.28743 0.03651
56448.93551 18.29349 0.02989
56448.97043 18.34803 0.03283
56449.9322 18.2529 0.0268
56449.96744 18.28631 0.02756
56450.93056 18.31085 0.02802
56450.96471 18.32291 0.03231
56451.92757 18.24714 0.03112
56451.96268 18.25212 0.02963
56452.92487 18.30689 0.0291
56452.95905 18.31022 0.02596
56453.9223 18.25663 0.03126
56453.95718 18.27246 0.03249
56454.91904 18.3272 0.03068
56454.9531 18.28493 0.02788
56455.91706 18.31866 0.0298
56455.95123 18.25913 0.02472
56456.91361 18.28268 0.02925
56456.94859 18.31211 0.02629
56457.91086 18.29879 0.02946
56457.9457 18.28237 0.02753
56458.90893 18.27715 0.02742
56458.94334 18.25499 0.02365
56459.90596 18.29744 0.02898
56459.94092 18.28387 0.02559
56460.9034 18.25025 0.02778
56460.93791 18.27427 0.02408
56461.90107 18.31903 0.02968
56461.93811 18.28664 0.02518
56462.89824 18.27747 0.03211
56462.93439 18.35497 0.03075
56463.89576 18.39325 0.04421
56463.93218 18.27193 0.0269
56469.87982 18.29647 0.04357
56469.91685 18.32037 0.03511
56471.87375 18.27449 0.04504
56471.91001 18.21185 0.03703
56473.86804 18.42763 0.06529
56473.90477 18.33411 0.05097
56475.86334 18.33853 0.04426
56475.9008 18.29633 0.03935
56476.86102 18.28527 0.04769
56476.89765 18.20502 0.05205
56477.85777 18.20829 0.05878
56485.83631 18.26418 0.03109
56486.83403 18.2739 0.02805
56486.87106 18.20941 0.02503
56488.83006 18.30292 0.03096
56488.86647 18.28835 0.02449
56489.82698 18.30183 0.03319
56489.86366 18.26376 0.02583
56491.82149 18.33835 0.08525
56491.8581 18.27059 0.05207
56498.802 18.25406 0.05708
56498.83888 18.24572 0.04791
56502.79167 18.3729 0.03297
56502.82864 18.2844 0.03171
56503.78903 18.29895 0.0275
56503.82769 18.2913 0.02943
56504.82017 18.34468 0.03101
56504.86992 18.27471 0.02641
56504.90811 18.24051 0.02428
56505.81768 18.25666 0.02885
56505.9509 18.22488 0.02439
56505.98842 18.31768 0.03138
56506.89349 18.22881 0.03025
56507.80198 18.25257 0.02742
56507.84712 18.28191 0.02479
56507.99891 18.22775 0.02513
56508.90167 18.26575 0.01994
56509.79634 18.26111 0.02485
56509.83877 18.25842 0.02332
56510.8262 18.27427 0.02187
56511.79111 18.22636 0.02452
56511.84089 18.28586 0.02391
56512.78788 18.23463 0.02711
56512.82519 18.29014 0.02551
56513.78624 18.26402 0.02546
56513.82352 18.26097 0.02181
56514.7834 18.29236 0.02494
56514.82081 18.25777 0.02273
56515.78106 18.22565 0.02531
56515.82231 18.24737 0.02291
56516.77774 18.27184 0.02452
56516.81437 18.26977 0.02073
56517.77605 18.2996 0.02767
56517.81715 18.27459 0.02119
56517.97309 18.30661 0.02211
56518.87478 18.24426 0.02146
56518.96686 18.30935 0.02144
56519.00311 18.25279 0.02256
56519.90443 18.25817 0.01952
56519.96504 18.2624 0.01878
56520.00171 18.24117 0.02016
56520.90327 18.2114 0.01976
56520.95521 18.30119 0.02024
56520.99262 18.27612 0.01992
56521.89446 18.26599 0.02076
56521.95772 18.2444 0.02057
56521.99393 18.25609 0.02006
56527.72557 18.31426 0.08733
56527.76434 18.23832 0.06908
56527.80142 18.36048 0.06747
56528.72198 18.29818 0.0598
56528.81982 18.22803 0.04524
56528.87422 18.23949 0.04284
56529.90241 18.33927 0.03946
56529.93849 18.24805 0.04064
56529.97462 18.34829 0.04219
56532.71221 18.24037 0.02983
56532.85928 18.25912 0.02319
56532.89645 18.28042 0.02398
56533.79895 18.28466 0.02334
56533.93493 18.26041 0.02356
56533.97228 18.25055 0.02476
56537.84525 18.24714 0.02025
56537.9874 18.28418 0.01963
56539.69386 18.24546 0.02988
56539.88447 18.26334 0.0192
56539.9215 18.2418 0.02014
56540.97669 18.26592 0.01981
56541.6883 18.323 0.03238
56541.83165 18.56911 0.08147
56542.96698 18.24002 0.02133
56543.00294 18.29362 0.02365
56543.90463 18.16336 0.05846
56543.97085 18.26932 0.02088
56544.00787 18.26505 0.0219
56546.67441 18.27847 0.03265
56546.75907 18.24317 0.02333
56546.94639 18.30301 0.02175
56547.84788 18.28268 0.02174
56548.0057 18.28764 0.02409
56548.66959 18.15831 0.03438
56548.70582 18.33553 0.03366
56548.74172 18.25744 0.03103
56549.66591 18.3049 0.03517
56549.70273 18.29564 0.03289
56549.73967 18.26981 0.02942
56550.66388 18.30259 0.04342
56550.6994 18.29253 0.03996
56550.73216 18.30423 0.03359
56551.66063 18.33084 0.04938
56551.72202 18.3142 0.04202
56551.75862 18.2909 0.03515
56552.66117 18.24918 0.04942
56552.71291 18.31207 0.04578
56552.74635 18.29614 0.04089
56561.66061 18.2811 0.02781
56561.89034 18.32289 0.03231
56561.92356 18.30249 0.03231
56562.93459 18.22386 0.02639
56563.02169 18.331 0.0341
56563.6524 18.24948 0.02909
56563.6893 18.31248 0.02925
56563.77494 18.33119 0.02497
56564.72602 18.29328 0.027
56564.99301 18.3086 0.02597
56565.02672 18.30148 0.03279
56565.92832 18.27806 0.02406
56565.98151 18.33232 0.0279
56566.01544 18.30986 0.02886
56566.91724 18.29966 0.023
56566.96287 18.31114 0.02444
56566.99591 18.31252 0.02577
56567.8986 18.29489 0.02076
56567.96702 18.25863 0.02158
56568.00039 18.28604 0.02277
56568.90245 18.32947 0.02211
56568.96343 18.30052 0.02258
56568.99843 18.33752 0.02922
56569.90084 18.27145 0.02432
56569.99803 18.28445 0.02939
56570.03082 18.29784 0.03568
56571.62526 18.33557 0.03871
56571.69052 18.31034 0.03793
56571.72419 18.47592 0.03911
56572.62632 18.28763 0.03187
56572.66032 18.30786 0.02695
56572.69287 18.3947 0.0354
56573.61429 18.34288 0.03367
56573.64765 18.26702 0.02811
56573.77817 18.3193 0.02412
56576.83948 18.30553 0.0218
56577.00541 18.32332 0.03169
56577.60601 18.34923 0.04097
56577.63144 18.27044 0.03559
56577.77306 18.36804 0.02758
56578.67217 18.22343 0.02923
56578.69674 18.28227 0.0299
56578.75347 18.31134 0.02765
56579.73584 18.30996 0.03144
56579.85963 18.3306 0.02983
56579.88516 18.32999 0.03208
56580.7875 18.40551 0.03634
56580.8553 18.28443 0.03376
56580.88022 18.28297 0.03366
56581.78167 18.37483 0.05109
56581.83883 18.43248 0.04708
56581.86464 18.43719 0.04729
56587.62864 18.29619 0.0253
56587.78993 18.36841 0.03283
56587.81475 18.32979 0.03447
56588.71625 18.303 0.04499
56588.86644 18.38477 0.05121
56588.89281 18.26869 0.04615
56589.79481 18.3303 0.02721
56589.81959 18.31679 0.02714
56589.84642 18.25807 0.02783
56590.76387 18.27827 0.02604
56590.8749 18.29216 0.02684
56590.89969 18.24811 0.0272
56591.80204 18.26489 0.04395
56591.86057 18.32894 0.02598
56591.88508 18.26364 0.02681
56592.81972 18.36325 0.024
56592.91348 18.29065 0.02731
56592.93852 18.33309 0.03051
56596.59731 18.32054 0.03053
56596.81771 18.33236 0.02899
56596.84238 18.36419 0.03033
56597.74425 18.33427 0.02843
56597.82393 18.34358 0.0317
56597.84943 18.38307 0.03778
56598.75163 18.37439 0.02905
56598.82179 18.35339 0.0302
56598.84855 18.37927 0.02832
56599.75014 18.31778 0.02372
56599.79577 18.31629 0.0235
56599.82112 18.32018 0.02409
56600.77441 18.30438 0.02413
56600.8753 18.41244 0.02734
56602.59024 18.34445 0.037
56602.75501 18.61652 0.04741
56602.78065 18.45225 0.03831
56603.68227 18.34157 0.02946
56603.74296 18.38756 0.02863
56603.81581 18.24441 0.02519
56604.73691 18.39294 0.02581
56604.92616 18.3098 0.03011
56605.64733 18.35523 0.02591
56605.67213 18.36701 0.02609
56606.58401 18.3961 0.05739
56606.60932 18.37037 0.03783
56606.64241 18.3413 0.05701
56607.82225 18.33972 0.03471
56607.84927 18.31547 0.02971
56608.75086 18.3156 0.03511
56608.81398 18.35383 0.03516
56608.84048 18.29991 0.04619
56609.8617 18.35622 0.04188
56609.88847 18.31253 0.04007
56621.79766 18.47174 0.03263
56622.58588 18.42502 0.0286
56623.58717 18.32159 0.03409
56624.57999 18.33131 0.03074
56624.60429 18.35958 0.02721
56625.70494 18.3189 0.02481
56625.74386 18.3124 0.02398
56626.64578 18.31336 0.02621
56626.67007 18.33927 0.02567
56627.83411 18.33921 0.08156
56628.73144 18.36251 0.02893
56628.76212 18.36225 0.02931
56637.58042 18.38025 0.03804
56637.60549 18.45148 0.03957
56639.58002 18.43102 0.04583
56639.60438 18.35281 0.04159
56640.58279 18.35367 0.04366
56640.61699 18.34035 0.04892
56648.58277 18.44172 0.03617
56648.61266 18.47287 0.03811
56649.57885 18.31488 0.03631
56649.60387 18.32318 0.03398
56650.58762 18.37099 0.03372
56653.61955 18.61336 0.04914
56658.58519 18.38255 0.02661
56658.62914 18.33799 0.02636
56659.58605 18.35644 0.02914
56659.61086 18.42152 0.02844
56660.58569 18.42817 0.03076
56660.61029 18.43207 0.02822
56661.58623 18.36808 0.08369
56662.58587 18.37838 0.035
56662.61038 18.4495 0.03942
56663.59143 18.42986 0.0311
56663.6171 18.44857 0.03048
56664.58594 18.43522 0.06311
56664.6104 18.49399 0.03841
56668.58721 18.46747 0.05674
56668.61177 18.47714 0.03803
56669.61423 18.40714 0.04761
56670.58877 18.35261 0.06646
56675.5969 18.40549 0.02932
56675.6459 18.40444 0.04169
56676.59181 18.45712 0.03247
56676.61781 18.40816 0.02971
56677.60718 18.48967 0.06586
56678.61458 18.41901 0.03002
56678.64019 18.44187 0.03111
56680.60724 18.45444 0.0316
56683.59693 18.40611 0.02921
56683.63252 18.44355 0.03003
56685.59847 18.43968 0.04728
56685.6471 18.5304 0.03922
56686.63379 18.50726 0.06304
56687.59886 18.39879 0.03215
56687.64144 18.40817 0.03142
56690.60286 18.54402 0.04017
56690.64549 18.46468 0.03631
56697.60505 18.42276 0.03964
56699.60928 18.52365 0.05257
56816.96412 18.5214 0.03515
56816.97531 18.53973 0.04587
56817.96427 18.53354 0.03304
56817.97654 18.4911 0.04919
56818.96227 18.49105 0.02886
56818.97512 18.44571 0.04075
56819.96647 18.59196 0.05553
56819.97765 18.40187 0.05725
56820.96625 18.44743 0.0509
56820.97769 18.52544 0.06395
56821.96237 18.48523 0.05968
56821.9727 18.40099 0.05842
56822.96143 18.6275 0.05167
56822.97681 18.4383 0.05436
56823.96094 18.51726 0.05351
56823.97346 18.57707 0.06069
56824.96428 18.55887 0.04317
56824.97573 18.47739 0.04858
56826.96127 18.51154 0.04281
56826.97472 18.38415 0.05383
56827.96384 18.4861 0.03482
56827.97622 18.58064 0.05222
56828.9654 18.42194 0.03523
56828.97804 18.44742 0.04561
56829.96383 18.47187 0.03048
56829.97653 18.48672 0.03505
56830.96102 18.52538 0.02947
56830.97338 18.51901 0.03358
56832.9648 18.47733 0.02605
56832.97563 18.43675 0.02812
56833.96568 18.48096 0.02687
56833.97644 18.5664 0.03626
56834.96484 18.48829 0.02558
56834.9776 18.52687 0.03924
56835.96569 18.45644 0.02776
56835.97723 18.45231 0.04122
56836.96625 18.5006 0.02522
56836.97711 18.47074 0.0337
56837.96638 18.48654 0.02476
56837.98211 18.49496 0.0458
56838.96389 18.47913 0.02362
56838.9786 18.4159 0.0325
56839.96511 18.43598 0.02327
56839.97834 18.45228 0.03126
56840.96951 18.4515 0.02658
56840.98137 18.44551 0.03921
56841.96857 18.48172 0.02639
56841.98075 18.45798 0.03516
56844.96636 18.46786 0.0267
56844.97887 18.54451 0.03116
56845.96726 18.45634 0.0236
56845.98002 18.45212 0.02828
56846.96666 18.48481 0.02485
56846.98115 18.43305 0.02805
56847.96648 18.51085 0.02392
56847.98151 18.4888 0.02665
56848.96743 18.43661 0.02345
56848.98312 18.46858 0.02977
56849.96813 18.49477 0.04029
56849.98235 18.49745 0.04086
56850.96941 18.53825 0.06191
56850.98368 18.53101 0.05954
56851.97048 18.37634 0.04188
56851.98675 18.4846 0.04524
56854.96165 18.48811 0.03459
56854.98771 18.47833 0.03619
56855.96071 18.55032 0.0352
56855.98393 18.4569 0.03582
56856.96087 18.57845 0.05792
56856.98328 18.47255 0.03962
56858.96243 18.46537 0.02654
56858.98507 18.50222 0.02804
56859.96515 18.47778 0.02356
56859.98697 18.55245 0.02784
56861.96231 18.47731 0.02487
56861.98508 18.50905 0.02486
56862.9659 18.4895 0.02504
56862.98227 18.50942 0.02605
56863.94981 18.45116 0.02301
56864.94576 18.48502 0.02713
56864.96947 18.48828 0.03336
56865.92975 18.5248 0.03908
56865.96089 18.43896 0.02253
56867.98799 18.45031 0.02459
56868.96536 18.49839 0.02494
56868.98567 18.48585 0.02629
56869.96092 18.49545 0.02496
56869.98231 18.47631 0.023
56870.96467 18.53653 0.02351
56870.98635 18.47513 0.02491
56874.97428 18.49489 0.02294
56874.99622 18.46122 0.02554
56875.98151 18.46035 0.02507
56875.99752 18.4283 0.02717
56876.91773 18.52482 0.02306
56876.94717 18.42657 0.02203
56877.9745 18.49735 0.02292
56877.9957 18.49705 0.02527
56878.00741 18.45981 0.04101
56878.9086 18.55986 0.03512
56878.93847 18.46416 0.03702
56879.92838 18.58491 0.04505
56879.95816 18.48438 0.04177
56880.95792 18.4811 0.07479
56880.9882 18.48512 0.04854
56882.96877 18.58363 0.06292
56882.98848 18.5358 0.05682
56883.9421 18.53669 0.03944
56883.98158 18.47195 0.03557
56884.99956 18.53749 0.03576
56885.96448 18.52659 0.03059
56885.98159 18.46644 0.03058
56886.91453 18.52389 0.02895
56886.94264 18.47881 0.02652
56887.91623 18.45765 0.02457
56887.94902 18.48394 0.02527
56888.86519 18.50015 0.02225
56888.89905 18.48223 0.02401
56888.91008 18.54458 0.02329
56888.94196 18.46718 0.02363
56890.94091 18.50886 0.02394
56890.97479 18.50228 0.02494
56895.83087 18.56241 0.0309
56895.86667 18.49802 0.03224
56972.71463 18.4821 0.03235
56972.73749 18.49362 0.03348
56978.74407 18.41026 0.03162
56978.79927 18.55787 0.04647
56979.72374 18.59027 0.04448
56980.71766 18.56863 0.03216
56980.83416 18.56053 0.03164
56981.71538 18.54087 0.02918
56981.77818 18.45239 0.02995
56984.71333 18.69984 0.04178
56984.78092 18.62529 0.0496
56986.72544 18.57431 0.03452
56986.79095 18.62632 0.03867
56987.70535 18.54099 0.03231
56987.76948 18.54665 0.0339
56988.66321 18.54183 0.03395
56989.60286 18.53805 0.03255
56989.66828 18.55429 0.03146
56990.59847 18.53179 0.0343
56990.66232 18.44016 0.03046
56991.66882 18.5113 0.06621
57000.62591 18.46205 0.03095
57000.65668 18.49916 0.04114
57001.60725 18.50376 0.02962
57001.63454 18.49332 0.02861
57002.61812 18.8757 0.12821
57011.62365 18.55492 0.02956
57011.65019 18.53793 0.03079
57014.60229 18.50382 0.03171
57014.62433 18.53267 0.03255
57015.60026 18.52874 0.03457
57015.6199 18.56308 0.03478
57018.60146 18.58822 0.03631
57018.62586 18.58533 0.03626
57019.59637 18.57546 0.04178
57019.61004 18.60328 0.03789
57030.59868 18.49604 0.03142
57037.60179 18.48696 0.03135
57039.60447 18.56481 0.03277
57040.60372 18.54265 0.03097
57040.65327 18.45344 0.03608
57041.64649 18.51187 0.03097
57042.59979 18.58772 0.03005
57042.64647 18.47904 0.03012
57043.60053 18.52749 0.02963
57043.64542 18.55082 0.0292
57044.59961 18.46789 0.04
57044.64222 18.48528 0.05179
57046.59907 18.55541 0.03818
57046.64082 18.67903 0.04414
57047.65127 18.62078 0.04027
57047.65361 18.60667 0.03698
57059.60766 18.53951 0.0307
57059.61723 18.56353 0.03351
57063.60738 18.4844 0.03691
57063.61933 18.58682 0.03521
57064.61072 18.55154 0.03758
57064.62756 18.65951 0.04017
57065.60805 18.60276 0.0457
57065.62471 18.61905 0.04452
57066.61485 18.70762 0.08034
57067.60784 18.49931 0.03749
57067.62545 18.56863 0.03952
57069.61019 18.62941 0.0397
57069.6409 18.66489 0.04333
57070.61078 18.5168 0.04175
57070.6277 18.55001 0.03814
57071.61023 18.5394 0.03922
57071.6267 18.5972 0.03598
57089.61859 18.48179 0.05287
57089.62798 18.5332 0.06197
57090.63028 18.58176 0.06234
57091.62051 18.59641 0.06441
57091.62877 18.72939 0.06804
57179.97424 18.57942 0.06753
57180.95646 18.58106 0.05017
57185.96692 18.60997 0.04295
57187.96362 18.52843 0.03375
57188.93765 18.55334 0.03186
57188.96808 18.64279 0.0371
57189.95594 18.49688 0.03171
57190.94422 18.60348 0.03808
57190.9766 18.58382 0.0732
57191.9217 18.48455 0.03423
57191.95614 18.53081 0.03232
57192.94672 18.62528 0.0351
57192.97846 18.68649 0.06351
57193.93573 18.51327 0.03354
57193.96862 18.51405 0.03651
57194.94374 18.58651 0.03218
57194.97431 18.51238 0.04005
57195.94595 18.52607 0.03611
57195.97546 18.49688 0.04828
57196.92539 18.41018 0.03984
57196.97637 18.51785 0.05113
57197.91796 18.51086 0.0347
57197.96971 18.59282 0.03693
57198.93165 18.45433 0.03102
57198.96479 18.5381 0.03289
57199.9472 18.48879 0.03494
57199.9815 18.36686 0.06764
57207.95261 18.54088 0.05039
57207.98422 18.5917 0.05016
57208.90735 18.58155 0.04805
57208.94607 18.49071 0.04107
57209.93937 18.52561 0.04536
57209.97959 18.55554 0.04447
57210.9363 18.57347 0.03724
57210.97519 18.59324 0.0375
57211.94997 18.59481 0.03811
57211.98409 18.51827 0.04704
57212.9376 18.62652 0.05412
57212.97329 18.54389 0.0514
57214.96163 18.52048 0.03199
57216.93262 18.54758 0.03104
57216.97994 18.58264 0.03225
57218.92712 18.50807 0.02859
57218.977 18.47781 0.03052
57219.94247 18.47801 0.02494
57219.97077 18.52133 0.02398
57220.92305 18.50818 0.02472
57220.98129 18.53784 0.02755
57225.95176 18.57149 0.02518
57226.95332 18.53283 0.0254
57227.93417 18.52159 0.02568
57227.97035 18.49851 0.02589
57231.91879 18.58497 0.0289
57231.96902 18.49833 0.0242
57232.8829 18.55215 0.03792
57232.9489 18.50795 0.03299
57237.93379 18.5108 0.04316
57237.98326 18.69241 0.04859
57238.91268 18.55889 0.03291
57238.96563 18.56762 0.03503
57239.93796 18.53811 0.03309
57239.98313 18.53901 0.03436
57240.95317 18.55633 0.03458
57241.93368 18.60793 0.03768
57242.93933 18.53923 0.02678
57242.98523 18.53182 0.02797
57244.91131 18.51309 0.02551
57244.96611 18.53408 0.0249
57245.87591 18.59903 0.02519
57245.91376 18.57701 0.02406
57246.89995 18.61101 0.01937
57246.93423 18.61194 0.01956
57247.92574 18.55747 0.02509
57247.95614 18.55906 0.02336
57248.84393 18.484 0.02565
57248.8782 18.55412 0.02583
57249.88436 18.48619 0.0245
57249.9163 18.57243 0.02563
57250.88236 18.53872 0.02733
57250.92114 18.55426 0.02833
57251.8693 18.5172 0.02573
57251.91419 18.5721 0.02527
57267.93864 18.5846 0.05678
57267.9816 18.57466 0.04464
57554.97044 18.62156 0.04268
57555.93989 18.76026 0.0377
57555.96363 18.69216 0.03776
57564.94449 18.59351 0.05073
57564.95195 18.58097 0.04891
57565.94418 18.7054 0.04728
57567.951 18.63283 0.04446
57567.97572 18.81767 0.05665
57568.92119 18.76616 0.04087
57568.97479 18.61421 0.04439
57569.92685 18.70628 0.03446
57570.93954 18.62895 0.03612
57571.91515 18.61387 0.03777
57571.96845 18.64187 0.03724
57572.94 18.561 0.03403
57572.961 18.61102 0.03712
57573.95955 18.60574 0.03272
57574.96997 18.70245 0.03648
57575.96076 18.65193 0.03312
57576.95096 18.66496 0.03256
57577.97714 18.71298 0.04236
57578.93031 18.63681 0.03304
57578.9597 18.62114 0.03198
57579.93833 18.60097 0.03568
57579.96636 18.73963 0.03988
57580.94991 18.61746 0.03639
57580.97641 18.55596 0.03723
57581.93908 18.64327 0.03285
57581.96061 18.64847 0.03266
57582.96612 18.57523 0.02966
57582.9889 18.62549 0.05529
57583.93612 18.59884 0.03241
57583.97225 18.5825 0.03041
57584.92871 18.56902 0.02844
57584.97404 18.61152 0.03077
57585.92275 18.64172 0.0366
57585.96134 18.617 0.03191
57586.91575 18.61225 0.04564
57592.99636 18.69317 0.06122
57595.9848 18.6269 0.04541
57596.95384 18.61387 0.04201
57596.98786 18.62519 0.04273
57597.93735 18.61582 0.03346
57597.9794 18.59579 0.03471
57598.9281 18.67278 0.03468
57598.97263 18.61238 0.03319
57599.94579 18.60343 0.03492
57600.96483 18.65829 0.03501
57601.9531 18.61942 0.03288
57601.99102 18.59767 0.03489
57602.95616 18.66834 0.03606
57602.99208 18.5968 0.03584
57603.95654 18.59446 0.03108
57603.99274 18.25446 0.02892
57604.96148 18.70198 0.03322
57604.99535 18.55152 0.03196
57605.93926 18.62057 0.02961
57605.97693 18.59311 0.02896
57606.94732 18.58083 0.03021
57606.99101 18.60439 0.03092
57607.92659 18.62383 0.03124
57607.97806 18.68525 0.03306
57608.92515 18.65676 0.03295
57608.96585 18.71149 0.03127
57609.94301 18.68057 0.03563
57610.89516 18.67613 0.03445
57610.92695 18.64818 0.03196
57611.90199 18.66606 0.0316
57611.93252 18.61391 0.03205
57612.88937 18.66017 0.03073
57612.93148 18.61363 0.03006
57613.84046 18.64352 0.04045
57613.87193 18.66853 0.03495
57613.90353 18.64263 0.0309
57614.96436 18.63404 0.03069
57614.99496 18.60969 0.03014
57615.90761 18.65325 0.042
57615.95637 18.6467 0.03156
57621.98607 18.52646 0.08812
57622.01291 18.48794 0.08806
57622.96114 18.54465 0.07269
57622.98808 18.78354 0.08228
57623.99038 18.73673 0.06857
57624.01266 18.69353 0.07605
57624.97236 18.62285 0.05533
57624.99829 18.70296 0.06409
57625.94454 18.6743 0.04249
