#mjd mag magerr
55061.92501 19.40599 0.07699
55063.91987 19.5551 0.07908
55064.92128 19.4383 0.09878
55066.91014 19.30022 0.08322
55069.94786 19.60479 0.07271
55088.96983 19.82917 0.07399
55089.01521 19.24954 0.09309
55089.94574 19.87368 0.07932
55089.99042 19.85247 0.08852
55093.83741 20.02475 0.06731
55093.88196 19.88687 0.0661
55096.8292 19.90824 0.07286
55097.00858 20.14136 0.08965
55104.99862 20.03136 0.11747
55107.79764 19.8754 0.14406
55114.88125 19.78955 0.09685
55119.89538 19.81558 0.08028
55119.95365 19.9744 0.10552
55123.75696 19.95811 0.09466
55123.81523 19.7858 0.10325
55126.97957 19.66725 0.11286
55127.83329 19.77614 0.09759
55127.87706 20.07551 0.09191
55142.7036 20.08557 0.14975
55142.75219 19.87402 0.16044
55144.77886 19.83176 0.12524
55144.82305 19.6654 0.11007
55151.72943 19.97654 0.10958
55151.77257 20.0121 0.10445
55168.63378 20.37571 0.1759
55168.6775 20.27444 0.18998
55175.61224 20.18041 0.09842
55175.65684 20.08778 0.07984
55181.59421 20.34993 0.1359
55181.63825 20.42169 0.15611
55183.59204 20.31549 0.20494
55183.64253 20.25052 0.11759
55189.58054 19.72409 0.13786
55189.62557 19.82615 0.11937
55199.58559 20.27554 0.09259
55201.58642 19.80461 0.25795
55202.58667 19.98598 0.15908
55203.71441 20.2278 0.16217
55203.75743 19.73413 0.10454
55207.63092 20.10582 0.09314
55209.5968 20.08915 0.08149
55209.64149 20.08793 0.09886
55213.63312 20.25024 0.11742
55213.6798 19.97968 0.11768
55377.89535 20.14082 0.20847
55379.8591 20.03633 0.1501
55379.92482 20.20631 0.13424
55380.87684 20.17656 0.18426
55380.92078 19.87387 0.14825
55381.89606 20.04388 0.12575
55381.93934 20.19344 0.15623
55384.82671 20.14015 0.13094
55384.87028 20.37394 0.09836
55385.87021 20.38413 0.13933
55385.91339 20.24042 0.13872
55388.91005 20.57654 0.14374
55392.83258 20.392 0.11525
55394.79908 20.20122 0.14816
55394.8431 20.23743 0.13054
55395.84215 20.29654 0.11226
55396.83932 20.18582 0.13795
55397.83526 20.26143 0.11162
55399.83261 20.28596 0.13626
55400.8289 20.31378 0.15447
55411.79896 20.63026 0.14796
55412.75232 19.92407 0.16159
55413.79945 19.90759 0.17179
55414.79555 20.09027 0.16801
55415.79727 19.92217 0.17425
55417.84511 20.54065 0.23953
55418.79843 19.99035 0.17056
55418.84121 20.39576 0.17683
55419.75121 20.26034 0.26796
55419.79504 20.33045 0.16874
55420.83264 20.07037 0.17517
55421.73664 20.10256 0.14335
55421.79901 20.32411 0.08785
55422.75115 20.69278 0.12645
55422.79487 20.13715 0.09267
55423.74742 20.54072 0.12526
55423.79284 20.27787 0.12145
55424.75349 20.53008 0.23817
55424.80178 20.12336 0.09597
55425.76166 20.44679 0.17555
55425.80573 20.24109 0.12636
55426.80123 20.58573 0.14312
55426.8444 20.26903 0.11303
55427.79708 20.12834 0.14114
55427.8408 20.14592 0.13544
55428.79281 20.5155 0.21822
55428.83703 20.16067 0.14393
55429.8142 20.34358 0.18294
55429.85716 20.07481 0.10586
55436.89797 20.31426 0.19154
55436.91351 20.26804 0.19993
55436.92221 20.37296 0.20693
55436.93096 20.59291 0.19664
55436.93413 20.00609 0.16135
55436.94297 20.4876 0.27082
55436.9553 20.14524 0.18034
55436.95826 20.56576 0.18653
55436.96671 20.02644 0.17665
55438.90086 20.70111 0.23873
55438.90927 20.32117 0.16496
55438.92394 20.29353 0.19955
55438.92672 20.12106 0.17455
55438.94106 20.31778 0.16805
55438.94411 20.5211 0.16684
55440.87507 20.33563 0.11015
55440.87823 20.15964 0.10076
55440.88428 20.37914 0.10457
55440.88675 20.2213 0.10029
55440.8894 20.51356 0.10276
55440.89205 20.49173 0.11044
55440.89518 20.57162 0.11905
55440.89832 20.35119 0.10885
55440.90145 20.39655 0.13765
55440.90439 20.52781 0.11805
55440.90729 20.38658 0.13244
55440.91025 20.45139 0.10605
55440.91316 20.5661 0.11726
55440.91591 20.68325 0.13014
55440.9187 20.49793 0.11525
55440.92149 20.58085 0.13754
55440.92426 20.54821 0.12065
55440.93095 20.13919 0.08696
55440.93364 20.36392 0.10226
55440.93623 20.64339 0.12054
55440.9395 20.45191 0.11035
55440.94883 20.45111 0.12105
55440.95182 20.3465 0.12585
55440.95489 20.40051 0.10976
55440.95791 20.48937 0.11045
55441.87301 20.32338 0.09716
55441.87592 20.49357 0.09239
55441.88645 20.11052 0.09026
55441.88962 20.03673 0.09776
55441.89254 20.25479 0.08976
55441.89542 20.34393 0.08438
55441.89828 20.52003 0.09855
55441.90107 20.34781 0.11146
55441.9037 20.5481 0.09625
55441.90634 20.37603 0.08947
55441.90906 20.34974 0.10006
55441.9118 20.06772 0.10216
55441.91445 20.42671 0.10005
55441.91722 20.33459 0.11906
55441.91981 20.32958 0.12464
55441.92242 20.33699 0.11955
55441.92546 20.19176 0.0868
55441.9281 20.38069 0.08667
55441.93183 20.46538 0.10336
55441.93458 20.13163 0.08927
55441.93727 20.35436 0.09107
55441.94048 20.39941 0.08766
55441.94326 20.11084 0.09325
55441.94546 20.29445 0.11677
55441.94852 20.3232 0.09156
55441.95194 20.23536 0.09967
55441.95469 20.4749 0.11745
55441.95786 20.20008 0.10546
55441.96081 20.41277 0.11965
55441.96392 20.39803 0.11546
55441.96715 20.33394 0.08998
55441.97012 20.32283 0.09205
55441.97294 20.27955 0.08269
55441.97532 20.36211 0.11115
55441.97757 20.45144 0.09776
55441.9798 20.52739 0.10836
55441.9835 20.143 0.09506
55441.9863 20.30131 0.11325
55441.98852 20.3594 0.09576
55441.99078 20.61528 0.10146
55441.99382 20.16174 0.10386
55442.00593 20.6576 0.11566
55442.00906 20.2868 0.13656
55442.01216 20.41942 0.15276
55442.01486 20.37719 0.13946
55442.02001 20.34487 0.16537
55442.70382 20.05359 0.11587
55442.70734 20.37324 0.12156
55442.71097 20.21193 0.14055
55442.71448 20.43826 0.11795
55442.71808 20.49136 0.11365
55442.72168 20.12346 0.09236
55442.72527 20.15132 0.10287
55442.73272 20.108 0.09289
55442.74184 20.06802 0.10357
55442.74882 20.13336 0.11306
55442.75572 20.37668 0.09488
55442.76147 20.02023 0.09887
55442.76615 20.40523 0.10166
55442.77616 20.17371 0.10818
55442.78135 20.3448 0.12126
55442.78615 20.22292 0.08148
55442.79145 20.02443 0.09188
55442.79615 20.2101 0.08867
55442.80186 20.29762 0.08689
55442.8093 20.2468 0.10507
55442.81443 20.26427 0.08627
55442.81939 20.42188 0.08646
55442.82447 20.30806 0.08627
55442.8293 20.34145 0.08866
55442.83541 20.24956 0.0774
55442.84012 20.35563 0.08519
55442.84597 20.00984 0.08798
55442.85112 20.26612 0.10796
55442.85657 20.14299 0.09307
55442.86387 20.18082 0.11157
55442.87002 20.31028 0.08089
55442.87503 20.26671 0.09437
55442.88048 20.39767 0.08709
55442.88617 20.31778 0.08958
55442.89221 20.26161 0.08001
55442.89785 20.34607 0.08098
55442.90297 20.30683 0.08978
55442.90871 20.28683 0.09537
55442.91368 20.40578 0.08216
55442.91875 20.29806 0.10908
55442.92384 20.30679 0.08398
55442.93037 20.4331 0.09419
55442.93642 20.2934 0.10167
55442.94588 20.28698 0.11295
55442.95166 20.40778 0.09736
55442.95754 20.31364 0.10866
55442.96246 20.22979 0.0962
55442.96833 20.37952 0.13454
55442.97317 20.20329 0.09048
55442.97782 20.20982 0.08427
55442.98206 20.08846 0.09678
55442.9872 20.33665 0.10467
55442.99348 20.28656 0.09388
55442.99858 20.28211 0.08919
55443.00329 20.55702 0.09108
55443.01002 20.31728 0.10108
55443.01702 20.45531 0.12557
55443.02387 20.32205 0.20297
55443.67742 20.54749 0.19644
55443.68488 20.58898 0.17754
55443.69287 20.01637 0.15755
55443.70415 20.52288 0.13704
55443.71028 20.22466 0.11124
55443.71632 20.43615 0.13365
55443.72231 20.17466 0.09595
55443.72832 20.20894 0.13264
55443.736 20.37529 0.12753
55443.74306 20.12985 0.11636
55443.74812 20.1849 0.11304
55443.75372 20.42427 0.13305
55443.75946 20.31318 0.09527
55443.76526 20.18021 0.12204
55443.78027 20.15312 0.10625
55443.78539 20.20597 0.09226
55443.79156 20.44382 0.10075
55443.79717 20.3338 0.09015
55443.80302 19.9287 0.09876
55443.80895 20.03698 0.10275
55443.81493 20.31231 0.11905
55443.8204 20.51543 0.09934
55443.82634 20.25817 0.09006
55443.83239 20.42006 0.11366
55443.83783 20.42677 0.09356
55443.84415 20.40355 0.09865
55443.84958 20.34664 0.12454
55443.85553 20.32501 0.09815
55443.86252 20.2478 0.09255
55443.87576 20.28728 0.10145
55443.88141 20.39822 0.10025
55443.88892 20.50956 0.09398
55443.90077 20.33918 0.09385
55443.90658 20.18027 0.10345
55443.91235 20.27085 0.10095
55443.91779 20.45135 0.11465
55443.92403 20.12914 0.09806
55443.92967 20.10515 0.10177
55443.93496 20.35544 0.09654
55443.94073 20.15593 0.11146
55443.94779 20.32604 0.09436
55443.95355 20.40532 0.09125
55443.95925 20.25235 0.09725
55443.9693 20.54667 0.13444
55443.97555 20.282 0.12255
55443.98144 20.10449 0.09595
55443.98725 20.47357 0.12108
55443.99456 20.46906 0.11666
55444.00093 20.13129 0.12474
55444.0061 20.28216 0.11735
55444.01187 20.2346 0.09596
55444.0175 20.48033 0.16123
55444.67221 20.24967 0.17385
55444.67727 20.67937 0.18234
55444.68857 19.98053 0.12645
55444.69526 20.59533 0.14694
55444.7091 20.45706 0.12045
55444.71487 20.22015 0.11605
55444.72103 20.50368 0.16034
55444.72796 20.62129 0.12783
55444.73377 20.3549 0.11944
55444.74094 20.12513 0.12384
55444.74655 20.20513 0.10945
55444.75167 20.22187 0.10935
55444.75678 20.18812 0.09615
55444.76225 20.50338 0.10064
55444.7673 20.32364 0.09235
55444.77353 20.44435 0.10874
55444.77876 20.36135 0.09705
55444.78368 20.35677 0.09666
55444.79848 20.27265 0.09077
55444.80403 20.45301 0.10484
55444.81599 20.26853 0.08786
55444.8213 20.17744 0.09675
55444.83332 20.21849 0.09018
55444.83854 20.2041 0.10775
55444.84549 20.12727 0.09006
55444.85161 20.3134 0.11757
55444.85679 20.08871 0.09565
55444.86267 20.28712 0.10498
55444.86777 20.30949 0.10581
55444.87321 20.30235 0.10628
55444.87872 20.3689 0.09566
55444.88467 20.43213 0.09355
55444.89016 20.18307 0.09877
55444.89581 20.65285 0.15276
55444.90153 20.32088 0.10755
55444.90845 20.41506 0.12474
55444.91349 20.18373 0.09785
55444.92279 20.18668 0.09804
55444.93139 20.07848 0.08806
55444.94041 20.43517 0.10764
55444.94568 20.28901 0.09426
55444.951 20.27964 0.08997
55444.95724 20.49027 0.13485
55444.96289 20.349 0.08864
55444.96923 20.2293 0.08524
55444.97411 20.11734 0.10444
55444.98062 20.36019 0.10475
55444.98915 20.38898 0.13623
55444.99553 20.43153 0.10106
55445.00157 20.37049 0.10006
55445.00779 20.1441 0.11535
55445.01282 20.71226 0.13026
55445.01777 20.5027 0.12513
55445.02227 20.49188 0.14956
55445.66261 20.68661 0.14486
55445.66749 20.10956 0.12586
55445.67244 20.24446 0.15144
55445.67731 20.38429 0.14116
55445.68422 20.42155 0.15384
55445.6905 20.17913 0.13773
55445.69681 20.53736 0.12025
55445.70294 20.21087 0.11954
55445.70921 20.5123 0.11294
55445.71534 20.63135 0.16334
55445.72141 20.3621 0.12757
55445.72791 20.49326 0.12444
55445.74013 20.24895 0.09325
55445.7456 20.09514 0.11234
55445.75096 20.39979 0.10776
55445.75643 20.23887 0.11256
55445.76191 20.71114 0.10396
55445.76784 20.27927 0.09576
55445.7737 20.29328 0.10435
55445.779 20.42254 0.09366
55445.78479 20.16207 0.09436
55445.79025 20.23354 0.08177
55445.79613 20.3428 0.08836
55445.81095 20.10099 0.09426
55445.81845 20.41662 0.09714
55445.82455 20.33433 0.09167
55445.83024 20.32802 0.08694
55445.84021 20.32815 0.08048
55445.84549 20.08506 0.09246
55445.85174 20.14484 0.09096
55445.85762 20.38559 0.09054
55445.8636 20.32209 0.08337
55445.86963 20.2975 0.07538
55445.87567 20.22507 0.07818
55445.88207 20.40257 0.10425
55445.88844 20.30091 0.08695
55445.89432 20.17364 0.08446
55445.89983 20.35574 0.08267
55445.90668 20.22692 0.07788
55445.91299 20.35983 0.08526
55445.91722 20.35387 0.09356
55445.92351 20.16859 0.08607
55445.92915 20.22544 0.09954
55445.93496 20.35443 0.08866
55445.94048 20.46162 0.08895
55445.95216 20.34761 0.09076
55445.95886 20.22581 0.11524
55445.97191 20.29355 0.09196
55445.97872 19.94773 0.07876
55445.98437 20.23585 0.08945
55445.98972 20.32638 0.08436
55445.99581 20.13493 0.08686
55446.00245 20.40414 0.08815
55446.00827 20.31395 0.08166
55446.01324 20.32082 0.11496
55446.01787 20.2908 0.10226
55446.66046 20.28723 0.16527
55446.66501 20.48639 0.16493
55446.67089 20.13491 0.13336
55446.67601 20.09399 0.14615
55446.6814 20.28264 0.16005
55446.68915 20.34147 0.15493
55446.70044 20.48244 0.12024
55446.70781 20.34667 0.12243
55446.71375 20.65175 0.12615
55446.71998 20.26862 0.12204
55446.7269 20.01333 0.10775
55446.73768 20.10225 0.11994
55446.74263 20.38145 0.11744
55446.74841 20.26373 0.11555
55446.75986 20.17656 0.09765
55446.76487 20.50838 0.09446
55446.77004 20.60637 0.08796
55446.77518 20.39311 0.08366
55446.78018 20.22816 0.09007
55446.78654 20.43117 0.09206
55446.79243 20.39868 0.09547
55446.79818 20.31697 0.10265
55446.80822 20.38152 0.09466
55446.81336 20.27474 0.09135
55446.81934 20.22453 0.09446
55446.82569 20.51007 0.09387
55446.83186 20.32426 0.08496
55446.83803 20.41421 0.08875
55446.84316 20.36425 0.10324
55446.84946 20.59161 0.11124
55446.85529 20.48236 0.14006
55446.86132 20.31574 0.09745
55446.87321 20.37978 0.10495
55446.87945 20.45252 0.09216
55446.88583 20.29439 0.09516
55446.89176 20.37267 0.09476
55446.89901 20.55208 0.10356
55446.90569 20.25242 0.09356
55446.91293 20.37752 0.08565
55446.91958 20.22346 0.08265
55446.92538 20.42334 0.08409
55446.93113 20.27138 0.09246
55446.93686 20.16118 0.09138
55446.94237 20.42628 0.11575
55446.94842 20.38598 0.08676
55446.95451 20.15356 0.09845
55446.96034 20.25973 0.09584
55446.96641 20.08927 0.09346
55446.97287 20.24908 0.09385
55446.97827 20.54174 0.11595
55446.98464 20.23262 0.08266
55446.99026 20.34999 0.08267
55446.99646 20.31904 0.09455
55447.00329 20.61553 0.09825
55447.02248 20.20275 0.16814
55448.00377 20.24074 0.07975
55448.70146 20.30254 0.11487
55449.82958 20.23744 0.11337
55449.87259 20.30577 0.08928
55450.82585 20.3119 0.09285
55450.86998 20.26776 0.09004
55451.65338 19.99449 0.11476
55451.70095 20.18873 0.10426
55452.64792 20.35986 0.17654
55452.69243 20.40281 0.11326
55453.64519 20.30542 0.15055
55453.6895 20.32629 0.13813
55455.63923 20.22964 0.18925
55455.7154 20.24359 0.14624
55456.67702 20.21761 0.14015
55457.6732 20.12546 0.18114
55458.66069 20.22942 0.18183
55458.7057 20.03342 0.14587
55460.72453 20.0973 0.15625
55461.67649 20.05878 0.22254
55466.61784 20.18957 0.15776
55466.61959 20.42813 0.13707
55466.62134 20.09427 0.17544
55466.6231 20.33121 0.16935
55466.62486 20.09073 0.11215
55466.62661 20.12016 0.14395
55466.62943 20.20319 0.12317
55466.63143 20.11323 0.14765
55466.63348 20.206 0.13475
55468.7394 20.19866 0.13277
55468.78277 20.15182 0.1667
55470.82246 20.20295 0.11715
55471.77466 20.5575 0.11276
55471.82993 20.26555 0.14796
55472.62548 20.3992 0.19293
55472.66936 20.20547 0.10354
55473.62096 20.18019 0.15092
55477.66775 20.1233 0.09695
55477.71276 20.43545 0.10264
55478.66775 20.17318 0.14293
55479.61565 20.20861 0.14964
55479.65968 20.08858 0.12345
55480.61506 20.42623 0.11774
55480.65805 20.13613 0.12433
55481.61182 20.23498 0.14663
55481.69382 20.34476 0.08855
55482.61769 20.35025 0.14944
55482.66188 19.90281 0.10853
55482.67843 19.90292 0.09835
55483.61039 20.18897 0.13714
55483.66512 20.35435 0.11844
55484.66377 20.102 0.10448
55484.70695 20.21704 0.09268
55485.61939 20.3195 0.12026
55485.66329 20.13326 0.10338
55486.61418 20.26312 0.20195
55497.84041 20.39955 0.15068
55497.89223 20.47418 0.20843
55498.71756 20.09363 0.09022
55498.79 20.21609 0.16066
55499.59404 19.92917 0.12609
55499.63881 20.05181 0.12093
55501.66259 20.15499 0.10317
55501.75706 20.13923 0.10707
55502.72145 20.39186 0.10217
55502.82148 20.04594 0.10787
55503.77762 20.30762 0.1118
55503.8732 20.13119 0.11767
55504.82418 20.17631 0.11735
55504.91868 20.4008 0.14084
55506.68972 20.13147 0.10703
55506.73387 20.34076 0.10025
55507.81368 20.38486 0.11577
55507.89267 19.87653 0.11569
55513.658 20.08858 0.08845
55513.7418 20.28035 0.10336
55514.69377 20.16299 0.12367
55514.73749 20.48507 0.15415
55515.69951 20.22885 0.11304
55515.74236 20.07778 0.11667
55516.67238 19.99054 0.17045
55516.71654 20.30141 0.13706
55517.61497 20.43692 0.14934
55517.6584 20.19682 0.14494
55518.61481 20.46034 0.16635
55518.6578 20.18774 0.17238
55530.70615 20.50026 0.12998
55530.75072 20.10196 0.13033
55531.81743 20.51054 0.19427
55532.78408 20.21065 0.08897
55532.82836 20.10423 0.15078
55535.68432 20.219 0.09032
55537.58157 20.28619 0.17706
55537.62557 20.09514 0.10367
55538.57995 20.21922 0.08656
55538.62381 19.96981 0.09885
55539.58012 20.04553 0.10614
55539.62283 19.91668 0.08775
55540.61811 20.13368 0.09651
55540.66215 20.07758 0.08543
55541.61644 20.13281 0.1127
55541.65945 20.33978 0.13005
55544.59603 20.22223 0.11998
55544.64191 19.99929 0.09931
55545.59598 19.89429 0.14455
55545.63939 20.0871 0.11942
55558.75663 20.33622 0.11005
55561.73304 20.3852 0.12706
55567.59621 20.07739 0.12445
55575.6386 20.32412 0.17614
55577.59504 20.39078 0.21796
55579.61368 20.49307 0.14875
55579.65687 20.55878 0.15117
55580.66998 20.43959 0.17045
55580.71648 20.11951 0.19797
55583.61703 20.03294 0.11774
55583.66119 20.40557 0.16563
55584.63985 20.33076 0.10507
55584.68286 20.34466 0.12705
55586.61685 19.9752 0.10566
55586.66038 20.34969 0.11707
55723.91976 20.28391 0.14955
55723.9634 20.06817 0.13855
55730.92322 20.20262 0.2201
55733.91212 20.15276 0.18104
55750.83279 20.53892 0.14726
55750.87598 20.2163 0.13653
55753.86132 20.59432 0.17906
55759.84878 20.31092 0.22634
55759.89212 20.21124 0.15576
55762.79606 20.31401 0.13681
55766.83041 20.53152 0.12824
55768.77509 20.29622 0.17194
55768.82037 20.18818 0.15854
55769.80074 20.10209 0.11765
55769.84468 20.55823 0.11226
55770.78189 20.17959 0.13549
55770.82573 20.26953 0.10643
55771.78074 20.32988 0.16535
55771.82449 20.08513 0.11318
55774.75968 20.10695 0.14225
55774.80363 20.35715 0.15204
55775.7599 20.62872 0.17169
55775.80332 20.64522 0.13953
55779.7464 20.59855 0.18195
55779.79086 20.21475 0.11825
55780.79415 20.2893 0.16574
55789.78039 20.11732 0.21163
55793.74743 20.27177 0.16945
55794.75972 20.3999 0.12206
55809.7101 20.16075 0.18282
55811.7042 20.04598 0.13465
55820.63925 20.14441 0.17273
55821.63464 20.12185 0.14565
55822.63132 20.20129 0.17455
55822.67415 20.44589 0.11755
55823.67275 20.50546 0.13524
55824.6697 20.19203 0.10776
55838.65944 20.10356 0.12926
55842.66208 20.56831 0.19605
55849.60547 20.18422 0.1433
55850.60468 20.2009 0.09857
55850.64918 20.09158 0.13955
55851.60318 20.25074 0.19254
55851.64641 20.16712 0.08691
55852.60416 20.56869 0.13597
55852.6481 20.19287 0.12107
55853.60163 20.37332 0.12106
55853.6463 19.9022 0.13159
55854.60164 20.26393 0.13448
55854.64607 19.92576 0.11659
55866.5884 20.20473 0.15484
55866.64679 20.36487 0.11057
55867.63053 20.5053 0.16574
55868.5865 20.00836 0.20864
55868.63002 20.07924 0.14394
55880.92255 20.06282 0.18696
55882.86968 20.06175 0.12958
55882.87146 20.16849 0.12138
55882.91495 20.31208 0.11923
55883.86679 20.33501 0.12731
55887.63181 20.25353 0.11259
55887.68352 20.45598 0.12118
55889.80049 20.2371 0.10065
55889.84447 20.23975 0.09625
55891.57974 20.35914 0.13297
55891.6225 19.84641 0.11205
55893.58261 20.19644 0.11396
55893.62546 20.32449 0.11515
55894.58144 20.21462 0.13805
55896.58202 19.94327 0.13444
55898.86551 20.09632 0.16488
55906.58378 20.45897 0.18875
55906.64029 20.31808 0.14198
55916.59575 20.21807 0.17041
55916.64026 20.37588 0.11654
55922.6423 20.16423 0.10076
55923.64145 19.99103 0.15035
55924.60837 20.54042 0.11416
55925.59941 20.52151 0.17554
55925.67897 20.19422 0.09847
55926.58279 20.32189 0.11558
55926.62543 20.14715 0.12982
55930.58585 20.14075 0.23048
55931.58458 20.36929 0.14409
55932.62858 20.18189 0.14577
55936.65247 20.00912 0.15165
55937.58951 20.0511 0.13589
55939.64879 20.23499 0.12836
55939.6851 19.97943 0.13708
55943.69972 20.26213 0.14036
55943.74446 20.51287 0.21454
55944.64379 20.14229 0.09717
55944.67224 20.21311 0.12107
55947.59349 20.06435 0.14907
55949.64923 20.49207 0.13423
55952.60617 19.9606 0.10416
55953.59751 20.10993 0.15566
55953.64127 20.51682 0.14346
55958.61566 20.4155 0.19865
56067.96802 20.15421 0.17335
56070.97101 20.14315 0.19795
56071.95528 20.35306 0.15076
56075.93073 20.06326 0.15724
56075.96117 20.11493 0.15634
56078.95394 20.06038 0.15797
56079.91957 20.19509 0.15396
56079.94994 19.9505 0.13327
56084.95914 20.01595 0.18767
56086.9317 20.1905 0.17334
56086.96186 20.08947 0.12857
56087.95118 19.78374 0.12377
56088.96298 20.07521 0.14624
56089.9375 20.22837 0.16074
56091.93224 20.2984 0.13764
56091.96189 20.28928 0.11347
56092.88532 19.72379 0.12685
56092.91513 20.14994 0.18323
56092.94551 19.81081 0.11285
56093.91605 20.16783 0.11839
56093.95942 20.15136 0.12086
56094.8793 20.14993 0.16509
56094.93794 20.3683 0.12925
56095.92394 19.94693 0.10781
56095.95378 20.13733 0.11815
56096.8846 20.19349 0.14336
56096.91464 19.99125 0.10096
56096.94475 20.17096 0.15055
56097.90204 20.10328 0.13925
56099.86796 20.1814 0.11495
56099.8979 20.2075 0.09566
56099.92867 19.87195 0.11055
56100.9014 19.89559 0.12744
56100.93113 19.74685 0.11656
56101.89166 19.98218 0.13495
56102.85884 20.32799 0.15464
56102.88948 19.9438 0.10186
56102.91975 20.03823 0.09895
56103.85688 20.04327 0.16696
56103.89198 19.76196 0.12446
56103.92203 20.13583 0.12793
56104.86298 20.04008 0.17536
56104.89266 20.07485 0.11825
56104.92258 19.89604 0.11006
56105.87772 20.03452 0.12656
56105.90846 20.30528 0.10875
56105.93782 19.87377 0.11096
56106.84826 20.09279 0.11375
56106.87859 19.92492 0.11996
56106.90907 19.81157 0.09625
56107.84497 19.80756 0.14127
56107.87579 19.89253 0.10936
56107.90655 19.67228 0.10117
56108.89669 19.95201 0.14734
56108.92686 20.10344 0.10355
56109.93363 20.24307 0.13335
56110.86774 20.342 0.17969
56110.89782 19.84105 0.19386
56110.92786 20.42554 0.16265
56111.91431 20.06069 0.16105
56113.8878 19.96766 0.21335
56113.93235 19.67196 0.16696
56113.96218 20.28636 0.16114
56114.87108 20.1535 0.18605
56114.95378 19.85953 0.12076
56115.85803 19.7916 0.1573
56115.9179 20.07078 0.16085
56116.93261 19.86516 0.11666
56116.96078 19.95585 0.11895
56117.86349 19.92112 0.18617
56117.89333 20.01904 0.14834
56117.92405 20.14192 0.13196
56118.82762 20.01089 0.19975
56118.85812 19.85531 0.17717
56118.8884 19.75938 0.17616
56119.84536 19.86068 0.17873
56120.95573 20.20022 0.1511
56123.80269 19.99792 0.11947
56123.8333 20.01086 0.10306
56123.86323 19.96163 0.10886
56124.8239 20.23263 0.16077
56124.85579 20.16315 0.14191
56124.90647 20.07331 0.13166
56125.83541 20.17497 0.14294
56125.8655 19.87734 0.09515
56125.89611 19.81865 0.10675
56126.79674 19.87969 0.13533
56126.82683 20.15959 0.13788
56126.85662 20.33388 0.17449
56127.84219 19.68551 0.14042
56127.87262 20.01438 0.12616
56128.8202 19.77992 0.09697
56128.8509 19.91296 0.08238
56129.81763 19.84836 0.10827
56129.84839 20.17663 0.10186
56130.78415 19.96269 0.11929
56130.81619 20.06288 0.14344
56130.84603 20.222 0.12193
56131.81956 20.03054 0.11867
56131.84966 19.75487 0.11417
56131.87991 20.04268 0.09145
56132.81342 19.75896 0.08767
56132.85526 19.77678 0.10896
56133.77702 20.06507 0.11595
56133.80732 19.86415 0.11075
56133.83817 20.13926 0.10087
56135.77548 20.27847 0.19413
56135.80558 20.26211 0.12515
56135.8357 20.0022 0.07595
56136.78168 20.24468 0.12217
56136.81139 20.33443 0.13044
56136.84105 19.91467 0.12356
56137.77719 19.9762 0.15562
56137.84943 20.04409 0.14939
56143.81202 20.0167 0.16777
56144.82138 19.89324 0.14569
56146.83591 19.98226 0.12236
56147.78019 19.83162 0.16334
56147.81614 20.15121 0.12495
56148.73743 19.93817 0.10409
56148.76798 20.01702 0.12445
56148.79928 20.05163 0.13224
56151.84315 19.87981 0.07737
56151.87618 19.83017 0.0714
56151.91621 19.96533 0.06338
56164.86055 19.94999 0.07057
56164.89061 19.86328 0.06187
56164.92052 20.04235 0.06887
56165.82275 20.05472 0.08175
56165.85221 19.82545 0.07717
56165.88255 19.91281 0.06437
56166.78411 19.83387 0.12054
56166.82415 19.96751 0.11216
56166.85436 19.88479 0.08915
56167.76082 20.11319 0.13855
56167.79008 20.06748 0.08869
56167.82893 19.90712 0.08817
56168.73084 19.62951 0.11358
56168.76135 20.00552 0.14689
56168.79094 20.10208 0.13418
56169.78208 20.13038 0.15141
56176.74473 20.115 0.12704
56176.77537 20.14424 0.12216
56177.67775 19.94058 0.08789
56177.71467 20.09526 0.08248
56177.7448 20.00981 0.07819
56178.65701 20.2079 0.16877
56178.7245 19.97473 0.11022
56178.75548 19.97864 0.06999
56189.71737 19.77483 0.10618
56189.74707 20.26901 0.09387
56194.65274 20.1239 0.15705
56194.68156 20.1168 0.12476
56194.73072 19.80081 0.11495
56195.63238 20.24904 0.14438
56195.68489 20.25465 0.14566
56195.74387 20.25295 0.12175
56196.67925 20.00027 0.16226
56196.70945 20.35895 0.1208
56197.62224 19.68401 0.16711
56197.68048 19.95001 0.16617
56198.69225 20.02993 0.18299
56207.71676 20.15479 0.15276
56224.66207 20.01847 0.13933
56224.69182 20.03103 0.14321
56227.72154 20.26729 0.14061
56228.67316 19.94599 0.18604
56228.71 20.22311 0.14427
56229.61202 20.15774 0.24764
56230.73676 20.13371 0.16377
56232.82116 19.87921 0.11539
56233.75399 20.27282 0.16748
56234.68453 20.19212 0.11994
56234.71313 20.38639 0.14273
56235.61461 19.83447 0.13254
56235.64419 19.96466 0.08645
56236.58514 20.05737 0.16195
56236.61561 20.20477 0.10325
56237.58477 20.0662 0.10856
56237.61509 20.34934 0.09426
56238.58334 19.92956 0.15404
56238.61531 20.04307 0.08325
56239.58294 20.09793 0.14744
56239.61141 20.19143 0.09695
56251.83071 19.71939 0.09866
56251.86073 20.04296 0.08936
56252.58576 20.21944 0.10893
56252.60631 20.11256 0.09334
56252.62487 20.20082 0.11022
56252.64555 20.18579 0.1217
56252.66096 19.95559 0.1191
56252.69879 19.89926 0.08702
56252.71706 20.18972 0.09689
56252.73499 20.18879 0.09812
56252.75258 20.112 0.09571
56252.76856 20.05187 0.11798
56252.78929 20.29819 0.12081
56252.80517 20.06272 0.1085
56252.821 20.36519 0.1169
56252.83831 20.0576 0.09948
56252.85634 19.99837 0.11673
56253.58621 20.19816 0.11635
56253.60335 20.0951 0.11165
56253.62054 20.23796 0.11177
56253.63682 20.10125 0.11924
56253.6539 20.20482 0.11475
56253.6721 20.0798 0.13884
56253.70902 20.18886 0.18743
56253.7307 19.98825 0.11636
56253.75003 20.30803 0.13795
56253.76637 20.04484 0.16314
56253.78832 20.05119 0.11524
56253.85372 20.18008 0.12475
56254.74613 20.24272 0.10426
56254.77889 20.06623 0.14015
56255.68248 20.35854 0.14944
56256.62657 20.07135 0.10581
56256.6557 20.05983 0.14835
56257.64219 19.8467 0.15187
56258.58614 19.92289 0.21507
56259.59443 20.33509 0.14487
56259.62495 20.01624 0.21604
56265.629 20.0422 0.08919
56265.6592 20.1384 0.10692
56266.58222 20.11931 0.18829
56267.58751 19.9993 0.09852
56267.61751 19.97789 0.10002
56268.59364 19.976 0.09807
56268.62314 19.82364 0.08375
56269.58319 19.65025 0.09295
56269.58435 20.07154 0.08156
56269.58546 19.98035 0.09905
56269.58657 20.22331 0.07806
56269.58771 19.99757 0.07997
56269.58893 19.89563 0.09256
56269.59006 20.07113 0.08238
56269.59133 19.77931 0.08856
56269.59245 20.02142 0.07806
56269.59364 20.09831 0.08597
56269.59478 20.03522 0.08075
56269.596 19.89036 0.08994
56269.59713 20.08273 0.08566
56269.59843 20.08115 0.10166
56269.59956 20.00707 0.07436
56269.60977 20.13535 0.10594
56269.61093 20.18158 0.08106
56269.6121 19.96704 0.07307
56269.61321 20.10386 0.08935
56269.61434 19.74625 0.09585
56269.61547 19.78362 0.08465
56269.61659 19.95085 0.09077
56269.61773 19.93674 0.08655
56269.61884 19.84005 0.07188
56269.61995 19.96286 0.08147
56269.62115 19.95045 0.09756
56269.6223 19.87003 0.08965
56269.62343 19.86629 0.09035
56269.62457 20.12939 0.07409
56269.62569 19.86236 0.09595
56269.62688 20.14395 0.09945
56269.628 19.98535 0.08687
56269.6375 19.75798 0.08416
56269.63881 20.01875 0.07527
56269.64001 19.87381 0.08715
56269.64114 19.8836 0.09546
56269.64226 20.11922 0.07686
56269.64337 20.18687 0.08197
56269.6445 19.92461 0.08326
56269.64562 19.87319 0.07836
56269.64675 20.02594 0.08795
56269.64789 19.87447 0.08236
56269.64905 20.02943 0.07895
56269.65017 20.02131 0.0786
56269.65129 20.04254 0.07396
56269.65247 20.06788 0.08767
56269.65359 19.9112 0.09494
56269.65473 19.9318 0.09687
56269.65585 19.98274 0.10164
56269.65698 19.68854 0.07669
56269.65819 20.04698 0.08906
56269.65932 19.98816 0.09834
56269.66055 20.01976 0.07996
56269.66167 19.96637 0.09555
56269.66279 20.01074 0.08307
56269.66393 20.11483 0.08387
56269.66595 20.07489 0.07167
56269.66717 20.00992 0.07027
56269.66829 19.96116 0.08955
56269.66952 19.97347 0.08856
56269.67064 19.96295 0.08345
56269.67184 20.03436 0.08468
56269.673 20.06583 0.09574
56269.67412 19.89703 0.08326
56269.67533 20.13995 0.08484
56269.67646 20.06433 0.08116
56269.6776 19.92746 0.08049
56269.67883 19.93808 0.07476
56269.67997 19.8413 0.08007
56269.6812 19.75757 0.08178
56269.68232 19.95181 0.07199
56269.68343 19.90423 0.06957
56269.68473 20.00849 0.06768
56269.68705 20.06415 0.06769
56269.68816 19.88364 0.08469
56269.68929 20.13461 0.08137
56269.69041 20.10925 0.08327
56269.69157 20.00037 0.07736
56269.69269 20.06526 0.07626
56269.69383 19.79254 0.08106
56269.69496 19.96347 0.07676
56269.69608 19.95644 0.07637
56269.69898 20.03786 0.07639
56269.70011 19.98117 0.07457
56269.70126 19.99389 0.08897
56269.70241 19.73309 0.08757
56269.70357 19.94407 0.07779
56269.70468 20.08991 0.07916
56269.70581 20.00285 0.07238
56269.70705 20.06165 0.07247
56269.70816 19.96774 0.08526
56269.70937 20.07104 0.08818
56269.7105 19.9299 0.06589
56269.71167 20.00172 0.06837
56269.7128 19.93387 0.08814
56269.71403 20.18826 0.07745
56269.71516 20.31889 0.10334
56269.7163 19.91882 0.09516
56269.72641 20.05408 0.10346
56269.72763 19.97378 0.07239
56269.72875 19.97006 0.07875
56269.72987 19.77906 0.08416
56269.731 20.11655 0.09206
56269.73213 20.01117 0.07368
56269.73326 19.97307 0.08197
56269.73438 19.96972 0.08546
56269.73557 20.06657 0.07607
56269.73682 20.04799 0.07758
56269.73796 20.11041 0.07618
56269.73911 19.86264 0.07038
56269.74036 19.98556 0.08425
56269.74147 19.9709 0.07726
56269.74272 20.05776 0.09536
56269.74391 20.07118 0.08256
56269.74502 20.05843 0.08695
56269.7462 19.9685 0.08445
56269.74734 19.96164 0.08036
56269.74846 20.01395 0.09315
56269.74961 19.96873 0.06647
56269.75074 19.95055 0.07516
56269.75201 20.11858 0.07985
56269.75316 20.07414 0.07417
56269.75429 19.97137 0.07567
56269.75553 19.84401 0.07654
56269.75665 20.02751 0.09165
56269.75779 20.22921 0.09726
56269.75895 19.85905 0.09055
56269.76008 19.91775 0.09276
56269.76123 20.07632 0.08456
56269.76235 20.18375 0.08676
56269.76348 19.84602 0.08835
56269.76459 19.96812 0.08536
56269.76573 20.07653 0.08166
56269.78036 20.15638 0.08506
56269.78151 20.08261 0.08806
56269.78271 20.03616 0.08624
56269.78391 20.03062 0.08924
56269.78511 19.96329 0.07526
56269.78751 20.05237 0.08087
56269.78876 20.10977 0.08855
56269.78989 20.2878 0.09704
56269.79108 19.92104 0.07537
56269.79227 19.97603 0.07696
56269.79356 20.10258 0.08266
56269.79478 20.11451 0.10344
56269.7959 19.68456 0.08505
56269.79701 19.96441 0.08055
56269.79816 20.00052 0.09855
56269.79928 20.11054 0.07886
56269.80041 20.1864 0.09095
56269.80156 19.95158 0.08118
56269.80276 19.85469 0.08667
56269.80404 20.20542 0.08935
56269.80517 20.12205 0.09396
56269.80638 20.04436 0.08666
56269.80752 19.95701 0.08266
56269.80866 20.0813 0.13073
56270.57931 19.96618 0.10756
56270.58058 19.75879 0.09527
56270.58188 20.02951 0.08747
56270.58305 19.89589 0.08149
56270.58429 19.92838 0.09327
56270.58556 20.0655 0.08259
56270.58671 20.05876 0.11916
56270.58798 20.02241 0.0814
56270.58926 19.9978 0.07118
56270.59051 20.06631 0.08986
56270.59176 19.86132 0.08616
56270.59301 19.69814 0.07898
56270.59588 19.971 0.08287
56270.59719 20.08945 0.07761
56270.59846 19.88392 0.08189
56270.59973 20.01499 0.08397
56270.60101 19.90774 0.07478
56270.60229 20.17534 0.0764
56270.60361 20.08262 0.08308
56270.60484 20.10148 0.09087
56270.60617 20.08931 0.07488
56270.60733 20.09792 0.07547
56270.60868 19.9107 0.09327
56270.60993 19.87192 0.08138
56270.61121 19.98066 0.07921
56270.61244 20.0896 0.08571
56270.61368 19.99113 0.0705
56270.61481 20.04298 0.0717
56270.61593 20.00258 0.08551
56270.61713 20.07285 0.08717
56270.61835 20.1538 0.07898
56270.61963 19.97353 0.07118
56270.62082 19.91055 0.0666
56270.62212 20.1083 0.07359
56270.62324 19.98622 0.09029
56270.62438 20.06162 0.07608
56270.6255 20.0577 0.09596
56270.62668 19.96952 0.08308
56270.62781 20.069 0.09375
56270.62895 19.92064 0.10366
56270.63017 19.97767 0.06883
56270.6313 19.88598 0.08538
56270.63259 20.00617 0.07109
56270.63372 19.84134 0.0821
56270.63484 20.17517 0.08187
56270.64581 19.83057 0.07731
56270.64713 20.15081 0.08989
56270.64825 20.2144 0.09018
56270.6495 20.21737 0.08077
56270.65082 20.09723 0.08487
56270.65222 19.79439 0.08357
56270.65336 19.96115 0.07849
56270.6545 19.92093 0.08121
56270.65562 19.96179 0.0737
56270.65697 20.05847 0.08457
56270.65832 20.01452 0.09017
56270.65959 20.2032 0.08026
56270.66092 19.93488 0.08446
56270.66217 19.93922 0.09227
56270.66351 19.95622 0.08799
56270.66477 20.03362 0.09466
56270.67891 19.84525 0.07521
56270.68008 19.98896 0.07579
56270.68122 20.01149 0.07468
56270.68243 19.86483 0.0777
56270.68382 20.06021 0.07248
56270.68508 20.08366 0.07371
56270.68653 20.03601 0.0842
56270.68784 19.8457 0.07969
56270.68912 20.07433 0.0734
56270.69114 19.85892 0.08599
56270.69232 20.00535 0.07289
56270.69365 20.0845 0.07601
56270.6948 20.09634 0.07483
56270.69617 20.04477 0.06416
56270.69746 19.99334 0.06964
56270.6986 20.04135 0.07239
56270.6999 20.09337 0.08159
56270.70121 19.96441 0.07599
56270.70235 19.978 0.07383
56270.70349 19.93897 0.07929
56270.70482 20.03959 0.07411
56270.70613 19.91934 0.0669
56270.70726 19.89761 0.08109
56270.7086 19.8888 0.06838
56270.70972 19.9829 0.06871
56270.71103 20.04712 0.0706
56270.71235 20.02272 0.09527
56270.71347 20.08877 0.0735
56270.71481 20.03386 0.09489
56270.71608 19.86502 0.0763
56270.71722 20.08936 0.08639
56270.71853 19.97576 0.07451
56270.71967 20.0601 0.07398
56270.72098 20.01084 0.06869
56270.72302 19.96879 0.09367
56270.72439 19.97267 0.07178
56270.72553 19.93447 0.08336
56270.72665 20.03698 0.07563
56270.72793 20.10608 0.08049
56270.72927 20.13274 0.09019
56270.73043 20.02729 0.08247
56270.73161 19.82894 0.08317
56270.73292 20.02529 0.0695
56270.73506 20.07271 0.07239
56270.73622 20.10536 0.07459
56270.73753 19.97089 0.08701
56270.73887 20.10539 0.08097
56270.74001 20.07262 0.07509
56270.74126 20.13167 0.07429
56270.7424 20.05763 0.0781
56270.74369 19.91877 0.071
56270.74498 20.05256 0.07799
56270.74609 20.07442 0.10298
56270.74744 20.0685 0.08148
56270.7486 20.24137 0.09817
56270.74995 20.01066 0.07641
56270.75121 19.91223 0.07668
56270.75241 19.99933 0.07967
56270.75372 19.73307 0.07326
56270.75502 19.95905 0.0833
56270.75706 19.9166 0.08515
56270.75826 19.84286 0.08907
56270.75948 20.15295 0.08556
56270.76078 20.04235 0.09346
56270.76208 20.02634 0.0732
56270.77223 20.01652 0.09597
56270.77464 20.1528 0.09135
56270.77775 20.1137 0.08109
56270.77887 20.00526 0.07537
56270.78012 20.10299 0.0748
56270.78147 19.67565 0.08989
56270.78273 20.01132 0.10226
56270.784 19.97251 0.07808
56270.78526 19.93521 0.07629
56270.78661 20.10158 0.0931
56270.78776 20.05433 0.11456
56270.7891 20.00046 0.08936
56270.79021 19.8911 0.07783
56270.79151 20.08121 0.09627
56270.7928 19.76526 0.09207
56270.79391 20.08969 0.09516
56270.79508 19.87235 0.08398
56270.79619 20.10387 0.08569
56270.7975 20.20785 0.09086
56270.79862 20.09877 0.09707
56270.79991 20.02216 0.07991
56270.80111 20.03297 0.08328
56270.80249 20.09531 0.08358
56270.80509 19.98534 0.0828
56270.80715 19.94418 0.07659
56270.80837 20.10761 0.08317
56270.80963 20.20513 0.09118
56271.71236 20.13223 0.11325
56271.74462 20.06607 0.11055
56272.64495 19.87852 0.10035
56272.7082 20.16269 0.10419
56273.60993 20.13933 0.14664
56273.63946 20.03536 0.10846
56281.61668 20.27448 0.16767
56282.58095 20.40168 0.12585
56282.61036 20.06686 0.14584
56282.62819 20.09807 0.12944
56297.58897 20.02165 0.08375
56297.59019 19.8887 0.07365
56297.5937 19.90351 0.09478
56297.59722 19.6993 0.08084
56297.59904 19.93895 0.09355
56297.60164 20.20151 0.09137
56297.60284 20.10444 0.11633
56297.6053 19.9659 0.07686
56297.61734 20.10119 0.09736
56297.61965 19.95654 0.09057
56297.62198 19.93459 0.09835
56297.62474 19.88463 0.10056
56297.62597 19.96159 0.10244
56297.62818 20.0459 0.10335
56297.63051 20.16216 0.09266
56297.63246 19.88389 0.11135
56297.6337 19.76188 0.10635
56297.63597 20.18467 0.08845
56297.63722 19.99352 0.08216
56297.63944 19.84396 0.10244
56297.64162 19.90047 0.09184
56297.64281 20.03245 0.10714
56297.64393 19.95804 0.09164
56297.64612 19.99679 0.08934
56297.64742 20.08237 0.09375
56297.64964 20.2456 0.09933
56297.65084 20.0429 0.10984
56297.65434 19.96024 0.09825
56297.65811 20.01517 0.10605
56297.65988 20.09863 0.07887
56297.66121 19.89437 0.08417
56297.66483 19.87996 0.11235
56297.66714 20.23761 0.09005
56297.67315 20.12612 0.11053
56297.67547 20.30247 0.09776
56297.67675 20.01893 0.08655
56297.67954 20.13641 0.09086
56297.68076 20.05201 0.08396
56297.6819 20.14339 0.09075
56297.68325 19.98431 0.08876
56297.68541 20.20724 0.09355
56297.68786 19.99233 0.08546
56297.69171 20.07473 0.11845
56297.69635 19.9898 0.08785
56297.69767 19.92138 0.10854
56297.70113 19.99758 0.09264
56297.70743 20.27279 0.09424
56297.71084 19.96498 0.10345
56297.71401 19.93608 0.10255
56297.71668 19.94913 0.08956
56297.7179 19.77845 0.09287
56297.72049 19.97556 0.09935
56297.72327 19.99213 0.09854
56297.72448 20.04955 0.12124
56297.72584 19.77069 0.09965
56297.72772 19.77475 0.09797
56297.72894 19.79078 0.11477
56297.74317 19.91442 0.11315
56297.74683 20.09097 0.09985
56297.74996 20.23067 0.10975
56297.75123 20.27725 0.11054
56297.75493 19.99073 0.11505
56297.75709 19.87594 0.10506
56297.7583 20.21559 0.10745
56297.76047 20.07796 0.11294
56297.76167 20.0944 0.10525
56297.76388 19.97515 0.09885
56297.76506 20.04168 0.11184
56297.76834 20.06808 0.11635
56297.77069 20.02136 0.09616
56297.77185 20.2081 0.12744
56297.77383 19.98284 0.12905
56297.79199 20.38372 0.13544
56297.79318 20.23106 0.16195
56297.79645 20.30739 0.12755
56297.79838 20.27831 0.16586
56297.79953 19.75587 0.14645
56297.80077 19.96778 0.13845
56297.80192 20.37228 0.17985
56297.80312 20.20095 0.16586
56297.80437 20.08069 0.17406
56297.80564 20.26733 0.13846
56297.80864 20.14144 0.15905
56298.58895 19.96111 0.13434
56298.59013 19.67429 0.13649
56298.59235 19.91519 0.13668
56298.59354 20.27727 0.1941
56298.59724 19.98019 0.2066
56298.59842 20.0953 0.21145
56298.6021 19.85335 0.12648
56298.60332 20.063 0.2168
56298.60701 19.92406 0.16545
56298.60823 20.3382 0.16037
56298.61034 20.14865 0.16998
56298.61272 20.12925 0.2339
56298.61595 19.88003 0.09059
56298.61811 20.0053 0.08691
56298.62047 19.81199 0.11182
56298.62171 19.91801 0.15881
56298.62426 20.0118 0.13112
56298.62643 19.9779 0.1619
56298.62762 19.91628 0.18556
56298.63098 20.03867 0.13423
56298.63219 20.02009 0.12154
56298.63473 20.09082 0.16121
56298.63687 19.98539 0.09817
56298.63807 19.95565 0.12951
56298.63935 20.14817 0.18009
56298.64364 19.96488 0.10417
56298.64578 19.73615 0.11136
56298.64695 20.05692 0.15103
56298.6481 20.10662 0.11741
56298.65082 20.1908 0.14052
56298.65294 20.05862 0.13389
56298.65509 19.86319 0.08749
56298.65745 19.83272 0.15588
56298.65865 19.74094 0.09067
56298.66081 19.94841 0.08008
56298.66198 19.96772 0.10854
56298.66411 20.03953 0.11853
56298.66639 20.03699 0.08892
56298.6699 19.95886 0.10114
56298.68492 19.84805 0.11321
56298.68729 20.01435 0.14597
56298.68852 20.10899 0.15261
56301.59099 20.17364 0.08973
56302.62153 20.06232 0.10812
56305.59416 19.94696 0.11506
56305.62276 20.06845 0.11695
56307.63151 19.92934 0.14016
56308.60019 19.61274 0.10592
56310.60466 20.04264 0.16474
56310.63503 20.07276 0.17424
56311.62777 20.28118 0.14165
56313.60478 19.95846 0.10596
56313.63593 20.17838 0.10917
56314.61498 19.93143 0.11757
56322.60046 20.11747 0.14896
56322.63022 19.89707 0.1163
56323.59943 19.89383 0.10485
56323.60059 19.79806 0.08713
56323.60172 19.93443 0.09144
56323.60284 19.96837 0.10964
56323.60396 20.09777 0.11894
56323.60508 20.08019 0.10244
56323.60621 19.98293 0.08615
56323.60734 20.01342 0.08795
56323.60846 20.00237 0.08655
56323.60959 19.86897 0.09884
56323.61071 20.04737 0.11325
56323.61183 19.95664 0.10565
56323.61297 20.031 0.07796
56323.61409 19.89554 0.10056
56323.61521 19.8242 0.10465
56323.61635 19.85892 0.09723
56323.61747 19.87899 0.09726
56323.61859 19.792 0.09195
56323.61971 19.87697 0.10865
56323.62085 20.06804 0.08915
56323.62197 19.96727 0.09214
56323.62309 19.94465 0.08456
56323.62423 20.02106 0.11005
56323.62535 20.10727 0.09815
56323.62647 20.01435 0.11254
56323.62759 20.08382 0.09095
56323.62872 19.89592 0.08495
56323.62985 19.89494 0.08156
56323.63097 20.07594 0.10704
56323.6321 20.2347 0.09854
56323.63322 19.96212 0.08405
56323.63435 19.77997 0.10255
56323.63549 19.82637 0.09475
56323.63661 20.05514 0.09515
56323.63773 19.99382 0.09194
56323.63887 19.91283 0.09646
56323.63999 19.98808 0.08956
56323.64112 19.65236 0.10714
56323.64225 19.86288 0.08287
56323.64338 19.98376 0.08526
56323.6445 20.0554 0.09887
56323.64563 19.95217 0.09255
56323.64676 19.9878 0.09985
56323.64789 19.70621 0.08725
56323.64902 20.00111 0.09746
56323.65014 19.99174 0.10765
56323.65127 20.26592 0.10524
56323.6524 19.96288 0.09704
56323.65352 19.96881 0.09545
56323.65465 20.092 0.09885
56323.65577 20.05255 0.09045
56323.65691 19.67599 0.10185
56323.65803 20.03122 0.12225
56323.65917 19.95773 0.09135
56323.66029 19.8505 0.11325
56323.66142 20.05483 0.10627
56323.66255 20.06977 0.09686
56323.66367 19.71523 0.11415
56323.6648 19.93275 0.10846
56323.66594 19.86865 0.08565
56323.66706 20.00796 0.10368
56323.66819 19.91529 0.0943
56323.66932 20.19457 0.13617
56323.67045 20.24061 0.13224
56323.67158 20.17254 0.11166
56323.67271 19.93822 0.10935
56323.67384 19.88912 0.10655
56323.67496 19.85173 0.10398
56323.67613 20.00301 0.12806
56323.67725 20.1237 0.13686
56323.67838 20.12569 0.15984
56323.67951 19.87752 0.13763
56323.68065 20.11762 0.11635
56323.68177 20.23942 0.12036
56323.6829 20.07922 0.14314
56323.68402 19.99894 0.10556
56323.68516 20.25372 0.11637
56323.68628 19.99937 0.13364
56323.68742 20.03946 0.11845
56323.68855 20.15292 0.11324
56323.68967 20.16822 0.14146
56323.69081 19.98952 0.10487
56323.69194 20.0924 0.12255
56323.69306 20.06359 0.10387
56323.6942 20.18865 0.15228
56323.69532 19.88847 0.13416
56323.69644 20.11659 0.13688
56323.6987 20.00871 0.13456
56323.69982 20.04584 0.16487
56323.70094 20.21287 0.1434
56323.7032 20.29988 0.17726
56323.70434 19.62993 0.14168
56323.70546 20.16667 0.12848
56323.70659 20.29134 0.13727
56323.72242 20.34733 0.19344
56324.6344 19.96874 0.10147
56324.67356 20.18723 0.10015
56328.60109 20.23786 0.11734
56328.63041 19.85331 0.10666
56330.60568 19.87873 0.11596
56330.63442 20.16776 0.10105
56336.60557 19.96831 0.13845
56336.6347 20.00278 0.11047
56337.61678 20.14757 0.09928
56337.646 19.91155 0.09996
56339.61462 19.91121 0.16095
56340.62168 19.94445 0.10042
56341.63432 20.22498 0.13187
56342.61542 20.06548 0.1634
56342.64414 19.73942 0.17449
56432.97832 20.05535 0.18524
56433.97522 20.15531 0.12396
56442.95121 20.06817 0.14307
56443.94843 19.78407 0.11609
56444.94545 20.08795 0.1628
56446.9404 19.8815 0.15086
56446.9746 20.24544 0.16715
56447.93827 19.88662 0.08198
56447.97245 19.9756 0.15475
56448.93551 19.82831 0.08069
56448.97043 20.10863 0.10287
56449.9322 19.72426 0.08978
56449.96744 19.82649 0.08257
56450.93056 19.59855 0.09588
56450.96471 19.91019 0.11847
56451.92757 19.91321 0.09832
56451.96268 20.19071 0.1156
56452.92487 19.985 0.09338
56452.95905 19.8525 0.09845
56453.9223 19.62771 0.1052
56453.95718 20.00262 0.12533
56454.91904 20.02615 0.10321
56454.9531 19.79588 0.08377
56455.91706 19.85309 0.10218
56455.95123 19.73329 0.08152
56456.91361 19.8904 0.09735
56456.94859 19.97835 0.09503
56457.91086 19.76001 0.0872
56457.9457 19.90615 0.08727
56458.90893 20.14182 0.09029
56458.94334 19.91253 0.08519
56459.90596 19.92218 0.08748
56459.94092 19.86549 0.07259
56460.9034 19.86925 0.10476
56460.93791 19.88209 0.07447
56461.90107 19.91485 0.09374
56461.93811 19.91498 0.07495
56462.89824 19.83264 0.09357
56462.93439 19.92892 0.0906
56463.89576 19.6339 0.12206
56463.93218 19.85706 0.08656
56469.87982 20.13291 0.14355
56469.91685 20.11733 0.11387
56471.91001 20.20857 0.11949
56473.90477 19.75661 0.13117
56475.86334 19.73782 0.17455
56475.9008 20.10647 0.11878
56476.86102 19.83571 0.12039
56476.89765 19.88992 0.12885
56477.85777 19.88071 0.19825
56485.83631 19.64396 0.08193
56486.83403 19.76031 0.08466
56486.87106 19.80121 0.09154
56488.83006 19.80057 0.10028
56488.86647 19.81495 0.08009
56489.82698 19.76217 0.11686
56489.86366 19.73384 0.07757
56491.8581 19.62648 0.14539
56498.802 19.87092 0.19798
56498.83888 19.80548 0.1382
56502.79167 20.09872 0.10935
56503.78903 19.58012 0.09563
56503.82769 19.83632 0.08293
56504.82017 19.9387 0.08838
56504.86992 19.61987 0.07032
56504.90811 19.53502 0.08647
56505.81768 19.73964 0.09331
56505.9509 19.74918 0.06901
56505.98842 19.70966 0.10498
56506.89349 19.74544 0.08697
56507.80198 19.73311 0.07529
56507.84712 19.55959 0.07668
56507.99891 19.80958 0.0798
56508.90167 19.68915 0.06726
56509.79634 19.62531 0.07081
56509.83877 19.66861 0.07068
56510.8262 19.75728 0.07225
56511.79111 19.85186 0.07811
56511.84089 19.59959 0.06954
56512.78788 19.99146 0.09661
56512.82519 19.79317 0.0742
56513.78624 19.65775 0.07172
56513.82352 19.7083 0.06713
56514.7834 19.9304 0.08085
56514.82081 19.62409 0.06266
56515.78106 19.70192 0.073
56515.82231 19.82354 0.07419
56516.77774 19.8056 0.06981
56516.81437 19.74916 0.06532
56517.77605 19.79741 0.07251
56517.81715 19.66901 0.06155
56517.97309 19.67787 0.07031
56518.87478 19.65679 0.07259
56518.96686 19.67111 0.0698
56519.00311 19.72796 0.06829
56519.90443 19.66632 0.0616
56519.96504 19.86296 0.05873
56520.00171 19.661 0.05969
56520.90327 19.63906 0.06179
56520.95521 19.69997 0.0656
56520.99262 19.60829 0.06072
56521.89446 19.72898 0.06922
56521.95772 19.84972 0.06647
56521.99393 19.77382 0.06697
56527.80142 19.93988 0.16659
56528.81982 19.78695 0.12677
56528.87422 20.03947 0.13728
56529.90241 20.11135 0.13426
56529.93849 19.91126 0.11925
56529.97462 19.97964 0.15034
56532.71221 19.99545 0.11027
56532.85928 19.53975 0.0764
56532.89645 19.66153 0.0599
56533.79895 19.68452 0.06301
56533.97228 19.68788 0.07108
56537.84525 19.76202 0.0582
56537.9874 19.60031 0.0543
56539.69386 19.56037 0.0921
56539.88447 19.72791 0.05819
56539.9215 19.79153 0.0587
56540.97669 19.81501 0.06451
56541.6883 19.56868 0.10385
56541.83165 19.66307 0.15844
56542.96698 19.676 0.06165
56544.00787 19.78932 0.06962
56546.67441 19.71058 0.09208
56546.75907 19.72236 0.07064
56546.94639 19.76039 0.06215
56547.84788 19.55191 0.06227
56548.0057 19.67328 0.0584
56548.66959 19.80257 0.16935
56548.70582 19.82006 0.11735
56548.74172 19.69832 0.10386
56549.66591 19.89455 0.11308
56549.70273 20.00959 0.11006
56549.73967 19.72487 0.08837
56550.66388 19.93526 0.14376
56550.73216 19.67678 0.11155
56551.66063 19.68087 0.14756
56551.72202 19.82364 0.12509
56551.75862 19.9538 0.10576
56552.66117 20.12639 0.18526
56552.71291 19.70007 0.11811
56552.74635 19.8166 0.13195
56561.66061 19.80084 0.09359
56561.89034 19.66675 0.08269
56561.92356 19.8369 0.09672
56562.93459 19.60705 0.07118
56563.02169 19.81144 0.11507
56563.6524 19.69444 0.10094
56563.6893 19.77355 0.08355
56563.77494 19.75898 0.08247
56564.72602 19.75092 0.07498
56564.99301 19.85469 0.09464
56565.02672 19.73862 0.08386
56565.92832 19.58857 0.06367
56565.98151 19.83285 0.08356
56566.01544 19.82781 0.09216
56566.91724 19.7049 0.06126
56566.96287 19.73742 0.07547
56566.99591 19.77946 0.07006
56567.8986 19.78 0.06276
56567.96702 19.74354 0.06067
56568.00039 19.6135 0.06708
56568.90245 19.67291 0.05605
56568.96343 19.83329 0.06071
56568.99843 19.74728 0.07904
56569.90084 19.77198 0.06992
56569.99803 19.83842 0.08108
56570.03082 19.90145 0.12358
56571.62526 19.40585 0.10079
56571.69052 19.71612 0.11003
56571.72419 19.97701 0.11892
56572.62632 19.71996 0.08293
56572.66032 19.81475 0.07991
56572.69287 19.83726 0.09405
56573.61429 19.5892 0.08169
56573.64765 19.62126 0.09125
56573.77817 19.71245 0.06628
56576.83948 19.68499 0.05649
56577.00541 19.94653 0.09079
56577.60601 19.49662 0.11896
56577.63144 19.62445 0.11628
56577.77306 19.64809 0.08665
56578.67217 19.67562 0.10527
56578.69674 19.92731 0.10854
56578.75347 19.7069 0.07816
56579.73584 19.91487 0.09907
56579.85963 19.69591 0.0922
56579.88516 20.00493 0.11308
56580.7875 19.6263 0.09018
56580.8553 19.54325 0.10845
56580.88022 19.8281 0.09577
56581.78167 19.90266 0.14677
56581.83883 20.01482 0.13929
56581.86464 20.06641 0.16237
56587.62864 19.6475 0.07058
56587.78993 19.89845 0.09245
56588.71625 19.78173 0.11252
56588.86644 20.18137 0.13393
56588.89281 20.17256 0.12561
56589.79481 19.78216 0.07887
56589.81959 19.90908 0.07748
56589.84642 19.81992 0.09208
56590.76387 19.64878 0.06779
56590.8749 19.66246 0.09686
56590.89969 19.83374 0.08567
56591.80204 19.85228 0.13296
56591.86057 19.86595 0.10645
56591.88508 19.84451 0.07844
56592.81972 19.9169 0.0697
56592.91348 19.83585 0.08278
56592.93852 19.80825 0.0881
56596.59731 19.72909 0.0842
56596.81771 19.96461 0.08944
56597.74425 19.66363 0.0753
56597.82393 19.97841 0.10989
56597.84943 19.89265 0.1103
56598.75163 19.82151 0.09417
56598.82179 19.96453 0.08779
56598.84855 19.91808 0.08366
56599.75014 19.72029 0.06637
56599.79577 19.68669 0.0625
56599.82112 19.8272 0.06658
56600.77441 19.88587 0.06669
56600.8753 19.82 0.08416
56602.59024 20.18882 0.11728
56602.78065 19.99041 0.1264
56603.68227 19.95628 0.08479
56603.74296 19.72071 0.08444
56603.81581 19.77768 0.07331
56604.73691 19.64925 0.0697
56604.92616 19.78633 0.08297
56605.64733 19.87296 0.07729
56605.67213 19.77319 0.08297
56606.58401 19.81516 0.16103
56606.60932 20.01345 0.10801
56607.82225 19.68229 0.09523
56607.84927 19.87219 0.10267
56608.75086 20.11638 0.12426
56608.81398 20.19316 0.11788
56608.84048 19.74738 0.15809
56609.8617 19.69423 0.13005
56621.79766 19.68629 0.08349
56622.58588 19.88378 0.08178
56623.58717 19.80374 0.11145
56624.57999 19.93777 0.10637
56624.60429 19.86401 0.07956
56625.70494 19.87332 0.09382
56625.74386 19.80579 0.07821
56626.64578 19.62762 0.08276
56628.73144 19.95286 0.07938
56628.76212 19.9457 0.10758
56637.58042 20.035 0.1179
56637.60549 19.99279 0.14377
56639.58002 19.75118 0.13275
56639.60438 19.95408 0.11546
56640.58279 19.66549 0.12438
56640.61699 19.78509 0.18178
56648.58277 19.80982 0.13477
56648.61266 20.16714 0.11639
56649.57885 19.94499 0.10459
56649.60387 19.67669 0.0978
56650.58762 19.87377 0.10996
56653.61955 20.09327 0.14856
56658.58519 20.0045 0.08039
56658.62914 19.7739 0.08458
56659.58605 19.51473 0.08939
56659.61086 19.88342 0.08227
56660.58569 19.96118 0.09805
56660.61029 19.91153 0.0885
56662.58587 19.73596 0.11824
56662.61038 19.90275 0.12011
56663.59143 19.80698 0.09587
56663.6171 19.80044 0.11426
56664.58594 20.15882 0.20908
56664.6104 19.92124 0.11254
56668.61177 19.95309 0.11227
56675.5969 19.98398 0.09701
56675.6459 19.83274 0.11978
56676.59181 19.89699 0.08916
56676.61781 19.66209 0.10276
56678.61458 19.78088 0.09307
56678.64019 20.03414 0.08455
56680.60724 19.88851 0.12797
56683.59693 19.97348 0.10463
56683.63252 20.11889 0.08478
56685.59847 19.54009 0.14679
56685.6471 20.10093 0.11977
56686.63379 20.09045 0.14992
56687.59886 19.91674 0.12565
56687.64144 19.69776 0.11856
56690.60286 19.98803 0.13366
56690.64549 19.89295 0.1269
56697.60505 20.3301 0.13627
56699.60928 19.89396 0.16326
56816.96412 20.36357 0.12075
56816.97531 19.839 0.14815
56817.96427 20.05599 0.10684
56817.97654 20.16421 0.17734
56818.96227 19.9217 0.09115
56818.97512 19.94427 0.10865
56820.96625 19.82306 0.19374
56823.96094 20.17744 0.18014
56824.96428 20.24256 0.12916
56825.96455 19.92846 0.11676
56826.96127 20.11857 0.16046
56827.96384 19.88963 0.09416
56827.97622 20.11695 0.20106
56828.9654 20.28012 0.15097
56828.97804 20.13384 0.11058
56829.96383 20.09403 0.10068
56829.97653 20.17914 0.10517
56830.96102 20.0995 0.09057
56830.97338 19.95038 0.09507
56831.96161 20.06183 0.08405
56831.97427 20.15063 0.09315
56832.9648 20.00115 0.08597
56832.97563 19.94663 0.08867
56833.96568 19.9173 0.08646
56833.97644 19.79026 0.08969
56834.96484 19.79183 0.08147
56835.96569 19.77242 0.08366
56835.97723 20.13555 0.11367
56836.96625 19.86189 0.06942
56836.97711 20.12488 0.09107
56837.96638 19.866 0.07171
56837.98211 20.02416 0.14867
56838.96389 19.94765 0.06949
56838.9786 19.85946 0.11728
56839.96511 20.00962 0.08149
56839.97834 19.73011 0.10527
56840.96951 19.93419 0.08516
56841.96857 20.07231 0.08119
56845.96726 19.98357 0.0669
56845.98002 19.95598 0.09207
56846.96666 19.75408 0.07558
56846.98115 19.9463 0.07387
56847.96648 19.91562 0.08781
56847.98151 19.88317 0.10185
56848.96743 19.81395 0.07955
56848.98312 19.97404 0.10242
56849.96813 19.86798 0.13529
56849.98235 20.15792 0.12539
56851.97048 19.82821 0.16378
56851.98675 19.97526 0.11434
56854.96165 20.00452 0.10609
56854.98771 20.06529 0.10428
56855.96071 19.79859 0.11271
56855.98393 19.81379 0.12606
56856.96087 19.62312 0.18775
56856.98328 19.78976 0.12535
56858.96243 19.82954 0.08713
56858.98507 19.97741 0.08006
56859.96515 19.96983 0.06328
56859.98697 20.12715 0.08948
56861.96231 19.82726 0.08239
56861.98508 19.88844 0.07929
56862.9659 19.83245 0.07195
56862.98227 19.9466 0.0936
56863.94981 19.91394 0.06622
56864.94576 19.83938 0.08817
56864.96947 20.03918 0.1142
56865.92975 19.97784 0.09342
56865.96089 20.02545 0.06403
56867.98799 20.00764 0.0686
56868.96536 19.8949 0.07812
56868.98567 20.06218 0.07401
56869.96092 20.11645 0.07791
56869.98231 19.9929 0.06969
56870.96467 19.88499 0.05873
56870.98635 19.8256 0.06903
56874.97428 19.89371 0.07224
56874.99622 19.99646 0.07623
56875.98151 20.08062 0.07551
56875.99752 20.02422 0.07628
56876.91773 20.07063 0.07037
56876.94717 19.89762 0.07008
56877.9745 20.06736 0.07798
56877.9957 19.8685 0.07569
56878.9086 20.08412 0.10838
56878.93847 20.07999 0.10716
56879.92838 20.33936 0.14786
56879.95816 20.19623 0.12846
56880.9882 19.83184 0.16501
56882.96877 19.85497 0.18423
56883.9421 19.99916 0.1032
56883.98158 19.90032 0.13347
56884.99956 19.95104 0.12388
56885.96448 20.17185 0.09889
56885.98159 19.92782 0.0925
56886.91453 19.98391 0.0906
56886.94264 20.03808 0.07989
56887.91623 19.87919 0.09413
56887.94902 20.08582 0.08328
56888.86519 20.05621 0.06737
56888.89905 19.96828 0.07333
56888.91008 19.99112 0.06659
56888.94196 19.85613 0.06904
56890.94091 19.86272 0.06828
56890.97479 20.11205 0.07476
56895.83087 19.87672 0.08187
56895.86667 20.21812 0.09956
56972.71463 20.0227 0.11494
56972.73749 20.05579 0.09447
56978.74407 19.82249 0.08964
56978.79927 20.28346 0.13376
56979.72374 20.15877 0.1375
56980.71766 19.78596 0.11038
56980.83416 20.15707 0.11847
56981.71538 19.97256 0.08708
56981.77818 20.1645 0.08798
56984.71333 20.28235 0.14242
56984.78092 19.95418 0.18699
56986.72544 20.14125 0.11009
56986.79095 19.89942 0.11568
56987.70535 20.00798 0.10571
56987.76948 20.11286 0.12516
56988.66321 19.86952 0.10327
56989.60286 19.99331 0.09908
56989.66828 20.17937 0.08749
56990.59847 19.96951 0.08995
56990.66232 19.88655 0.08638
57067.60784 20.81257 0.14158
57067.62545 20.42326 0.11788
57180.95646 20.4472 0.1705
57185.96692 19.87317 0.15147
57187.96362 20.13838 0.13418
57188.93765 20.12191 0.11461
57188.96808 20.16049 0.11031
57189.95594 20.30454 0.10513
57190.94422 20.15922 0.13096
57191.9217 20.05212 0.13215
57191.95614 20.38168 0.12566
57192.97846 20.08879 0.16557
57193.93573 20.26167 0.11091
57193.96862 20.27463 0.15973
57194.94374 20.00747 0.1122
57195.94595 20.25017 0.14488
57196.92539 19.94603 0.12458
57197.96971 20.4346 0.19161
57198.93165 20.27153 0.13098
57198.96479 20.08506 0.1154
57199.9472 20.23849 0.15218
57199.9815 19.9772 0.21421
57208.90735 20.19643 0.21856
57208.94607 20.26904 0.12629
57209.93937 20.15359 0.16076
57209.97959 19.92052 0.12312
57210.9363 20.34188 0.13638
57210.97519 20.08728 0.14927
57211.94997 19.94396 0.1245
57211.98409 20.33425 0.21826
57212.97329 20.14498 0.19817
57214.96163 19.96932 0.11287
57216.93262 20.29954 0.12749
57216.97994 20.08844 0.11907
57218.92712 20.15233 0.11508
57218.977 20.06447 0.12736
57219.94247 20.33843 0.09795
57219.97077 20.04783 0.07926
57220.92305 20.45907 0.09398
57220.98129 20.41661 0.09649
57225.95176 20.24926 0.076
57226.95332 20.10622 0.07987
57227.93417 20.54527 0.10438
57227.97035 20.21053 0.07509
57231.91879 20.35609 0.11076
57231.96902 20.4388 0.08456
57232.8829 20.21767 0.12007
57232.9489 20.12549 0.1065
57237.93379 20.36466 0.17423
57237.98326 20.2796 0.16531
57238.91268 20.07423 0.13866
57238.96563 20.32087 0.14884
57239.93796 20.22541 0.13954
57239.98313 20.12431 0.14685
57240.95317 20.4673 0.12269
57241.93368 20.23531 0.12691
57242.93933 20.16398 0.0959
57242.98523 20.48447 0.11138
57244.91131 20.22816 0.0958
57244.96611 20.33204 0.0918
57245.87591 20.13875 0.10389
57245.91376 20.36431 0.08159
57246.89995 20.37592 0.10317
57246.93423 20.34567 0.07909
57247.92574 20.3142 0.09411
57247.95614 20.26264 0.09557
57248.84393 19.97355 0.09639
57248.8782 20.42899 0.08949
57249.88436 20.35476 0.08417
57249.9163 20.39054 0.09377
57250.88236 20.40195 0.11177
57250.92114 20.25102 0.08969
57251.8693 20.45782 0.08259
57251.91419 20.18143 0.09258
57554.97044 19.99739 0.13345
57555.93989 20.22018 0.12597
57555.96363 19.97703 0.088
57564.95195 20.53214 0.15456
57565.94418 20.19779 0.12474
57568.97479 20.0224 0.12145
57569.92685 19.96459 0.09474
57570.93954 20.39503 0.10286
57571.91515 20.29215 0.12194
57571.96845 20.46598 0.11186
57572.94 20.32046 0.11075
57572.961 20.09472 0.11864
57573.95955 20.11537 0.10177
57574.96997 19.9936 0.08385
57575.96076 20.15593 0.09906
57576.95096 19.97099 0.08935
57577.97714 20.50939 0.10974
57578.93031 20.349 0.10397
57578.9597 20.00141 0.09932
57579.93833 20.474 0.10759
57579.96636 20.16365 0.09069
57580.97641 20.11702 0.09983
57581.93908 20.16201 0.08415
57581.96061 20.06457 0.104
57582.96612 20.0021 0.0876
57583.93612 19.83399 0.08631
57583.97225 20.03813 0.08885
57584.92871 19.92658 0.0891
57584.97404 20.23396 0.11589
57585.92275 20.13689 0.09901
57585.96134 20.25875 0.11161
57586.91575 20.01185 0.15318
57592.99636 19.9114 0.17898
57595.9848 20.23027 0.12152
57596.95384 20.3674 0.16365
57597.93735 20.19198 0.13567
57597.9794 20.09261 0.08945
57598.9281 20.31461 0.10364
57598.97263 19.93346 0.10862
57599.94579 20.11024 0.09134
57600.96483 20.30094 0.10931
57601.9531 20.29489 0.10447
57601.99102 20.32553 0.09657
57602.95616 20.24091 0.09757
57602.99208 19.92764 0.09726
57603.95654 20.22251 0.09858
57603.99274 20.36255 0.10883
57604.96148 20.12541 0.07815
57604.99535 20.1623 0.09939
57605.93926 20.04847 0.0797
57605.97693 20.2114 0.0803
57606.94732 20.13341 0.08882
57606.99101 20.11276 0.09106
57607.92659 20.14977 0.0864
57607.97806 19.78895 0.09637
57608.92515 19.90034 0.0797
57608.96585 19.96569 0.10726
57609.94301 19.89594 0.10836
57610.89516 19.92567 0.08748
57610.92695 19.80658 0.0882
57611.90199 20.11865 0.09072
57611.93252 19.90264 0.09159
57612.88937 19.92034 0.098
57612.93148 20.27343 0.09092
57613.84046 19.8965 0.11596
57613.87193 20.34178 0.10326
57613.90353 20.32318 0.09495
57614.96436 20.08946 0.09865
57614.99496 20.18275 0.09207
57615.90761 19.93966 0.12095
57615.95637 20.12147 0.08546
57624.97236 20.23633 0.21575
57625.94454 20.32064 0.11157
