#mjd mag magerr
55061.92501 20.53483 0.08386
55061.95573 20.49875 0.0809
55063.91987 20.52754 0.08053
55063.9639 20.62251 0.09088
55064.92128 20.52746 0.10251
55064.9656 20.51996 0.09143
55066.91014 20.61186 0.09592
55066.95474 20.4295 0.08325
55067.96099 20.75173 0.1597
55069.90324 20.48532 0.07694
55069.94786 20.46803 0.08288
55084.86328 20.53639 0.11351
55087.85609 20.37824 0.07992
55087.90101 20.23919 0.07227
55088.96983 20.56491 0.09579
55089.01521 20.3667 0.08511
55089.94574 20.43176 0.08466
55089.99042 20.37782 0.08579
55093.83741 20.46749 0.0769
55093.88196 20.55376 0.0857
55096.8292 20.54572 0.09388
55097.00858 20.47817 0.10027
55114.88125 20.69899 0.14632
55119.89538 20.60413 0.11851
55119.95365 20.3495 0.11381
55123.75696 20.48625 0.09152
55123.81523 20.38886 0.10189
55126.97957 20.61682 0.13349
55127.83329 20.4462 0.12131
55127.87706 20.52361 0.13652
55142.7036 20.46444 0.10528
55142.75219 20.65807 0.13915
55144.77886 20.3972 0.10443
55144.82305 20.72771 0.11279
55151.72943 20.79762 0.11936
55151.77257 20.56182 0.10548
55166.70473 20.60181 0.16898
55168.63378 20.37624 0.21807
55175.61224 20.38928 0.08462
55175.65684 20.71181 0.1018
55181.59421 20.73103 0.15969
55181.63825 20.50514 0.11339
55183.64253 20.44958 0.09886
55189.58054 20.48389 0.17525
55189.62557 20.44821 0.11657
55199.58559 20.5053 0.1029
55380.92078 20.64807 0.18556
55381.89606 20.37733 0.13798
55381.93934 20.57034 0.11607
55386.86524 20.47765 0.09889
55386.90867 20.27899 0.09633
55396.83932 20.43865 0.10308
55413.79945 20.60481 0.21243
55416.79342 20.35119 0.16462
55419.79504 20.2101 0.11945
55422.75115 20.62882 0.14108
55422.79487 20.63489 0.10022
55426.80123 20.26475 0.11663
55426.8444 20.28237 0.08429
55429.8142 20.64579 0.1291
55429.85716 20.3904 0.11905
55432.73907 20.40866 0.17469
55438.88857 20.56867 0.20586
55438.89485 20.67522 0.15487
55438.89798 20.75761 0.19476
55438.90371 20.41755 0.13381
55438.9065 20.61068 0.13638
55438.90927 20.75835 0.14019
55438.91487 20.63759 0.14848
55438.91763 20.47487 0.1307
55438.92672 20.22807 0.13789
55438.93833 20.6094 0.19705
55438.95017 20.46824 0.19098
55438.95913 20.54517 0.16137
55438.96141 20.48249 0.14292
55441.87301 20.45151 0.09917
55441.87592 20.40943 0.08819
55441.88645 20.39739 0.09007
55441.88962 20.3838 0.08295
55441.89254 20.31557 0.09939
55441.89542 20.56017 0.10749
55441.89828 20.39021 0.09168
55441.90107 20.49294 0.09049
55441.9037 20.27474 0.09518
55441.90634 20.56919 0.09558
55441.90906 20.17149 0.08411
55441.9118 20.39393 0.08871
55441.91445 20.46944 0.08338
55441.91722 20.53466 0.08941
55441.91981 20.48407 0.09889
55441.92242 20.48555 0.10507
55441.92546 20.37505 0.084
55441.9281 20.40964 0.09029
55441.93183 20.40223 0.09237
55441.93458 20.34472 0.09159
55441.93727 20.19609 0.08219
55441.94048 20.43366 0.09467
55441.94326 20.39528 0.07853
55441.94546 20.38585 0.0907
55441.95194 20.37121 0.08029
55441.95469 20.35938 0.08932
55441.95786 20.62919 0.09263
55441.96081 20.56762 0.09918
55441.96392 20.50061 0.10009
55441.96715 20.25049 0.07522
55441.97012 20.34228 0.08739
55441.97294 20.34269 0.07873
55441.97532 20.23657 0.08103
55441.97757 20.24547 0.09167
55441.9798 20.64142 0.10388
55441.9835 20.48718 0.09158
55441.9863 20.36039 0.07583
55441.98852 20.4064 0.08621
55441.99078 20.65136 0.09909
55441.99382 20.47002 0.09591
55442.00593 20.3675 0.10178
55442.00906 20.42366 0.10248
55442.01216 20.52807 0.14735
55442.01486 20.51166 0.15926
55442.01753 20.58385 0.15717
55442.02001 20.27575 0.18948
55442.02226 20.61007 0.1718
55444.66648 20.73968 0.16708
55444.67221 20.50324 0.19199
55444.68857 20.43009 0.12246
55444.69526 20.58628 0.12365
55444.70198 20.62596 0.13947
55444.7091 20.71538 0.15056
55444.71487 20.5102 0.11277
55444.72103 20.32481 0.10047
55444.72796 20.58071 0.11345
55444.73377 20.496 0.09947
55444.74094 20.47006 0.09896
55444.74655 20.39165 0.09248
55444.75167 20.32633 0.09439
55444.75678 20.31977 0.08168
55444.76225 20.28629 0.09338
55444.7673 20.30485 0.0915
55444.77353 20.63163 0.10997
55444.77876 20.34247 0.08492
55444.78368 20.36161 0.09469
55444.79848 20.3861 0.09159
55444.80403 20.41224 0.08619
55444.81599 20.3133 0.08868
55444.8213 20.30097 0.08279
55444.83332 20.32338 0.0903
55444.83854 20.5756 0.08756
55444.84549 20.4124 0.08158
55444.85161 20.48695 0.09088
55444.85679 20.48376 0.08308
55444.86267 20.38995 0.10567
55444.86777 20.47653 0.1073
55444.87321 20.69069 0.08919
55444.87872 20.42233 0.08338
55444.88467 20.52552 0.09798
55444.89016 20.71489 0.10796
55444.89581 20.7218 0.1119
55444.90153 20.44351 0.08777
55444.90845 20.56614 0.10127
55444.91349 20.48932 0.0847
55444.92279 20.56255 0.0926
55444.93139 20.48375 0.08395
55444.94041 20.48224 0.0879
55444.94568 20.4773 0.08039
55444.951 20.72691 0.11366
55444.95724 20.4982 0.10237
55444.96289 20.46772 0.0853
55444.96923 20.45984 0.08979
55444.97411 20.4628 0.08447
55444.98062 20.3775 0.08509
55444.98915 20.29528 0.08488
55444.99553 20.40406 0.08897
55445.00157 20.5687 0.08918
55445.00779 20.24242 0.08298
55445.01282 20.44164 0.13156
55445.01777 20.43029 0.11657
55445.02227 20.33264 0.17847
55448.70146 20.673 0.17337
55451.65338 20.48271 0.11908
55451.70095 20.4481 0.10439
55454.64058 20.31245 0.17496
55454.68793 20.34259 0.13393
55457.6732 20.45348 0.12945
55466.61959 20.58359 0.13629
55466.62134 20.31598 0.17466
55466.6231 20.52508 0.13307
55466.62661 20.36569 0.14175
55466.62943 20.75505 0.14146
55466.63143 20.37217 0.15676
55466.63348 20.50274 0.16946
55471.77466 20.18457 0.07596
55471.82993 20.53179 0.1427
55477.66775 20.43023 0.09863
55477.71276 20.36945 0.09319
55480.61506 20.33997 0.12058
55484.70695 20.52492 0.11869
55485.61939 20.3551 0.12954
55485.66329 20.48009 0.15877
55497.89223 20.69995 0.16636
55514.69377 20.31172 0.12097
55514.73749 20.33428 0.1101
55517.61497 20.66001 0.20654
55517.6584 20.65865 0.12398
55532.78408 20.5018 0.11032
55532.82836 20.49702 0.11851
55537.58157 20.42616 0.18735
55537.62557 20.54109 0.11528
55538.57995 20.64539 0.11286
55538.62381 20.47243 0.09686
56471.91001 20.49971 0.14308
56475.86334 20.21701 0.14102
56475.9008 20.29319 0.17707
56476.86102 20.22018 0.16774
56477.85777 20.31957 0.17648
56485.83631 20.00694 0.11287
56486.83403 20.29026 0.11066
56486.87106 20.23996 0.09507
56488.86647 20.12814 0.08751
56489.82698 20.01292 0.10442
56489.86366 20.03589 0.11468
56502.79167 20.28455 0.11883
56502.82864 20.48328 0.1135
56503.78903 20.15519 0.09019
56503.82769 20.15122 0.0987
56504.82017 20.49865 0.12286
56504.86992 20.24143 0.0884
56504.90811 20.42474 0.11078
56505.81768 20.32412 0.13239
56505.9509 20.23812 0.09552
56505.98842 20.25869 0.10613
56506.89349 20.26292 0.10204
56507.80198 20.34835 0.10277
56507.84712 20.40871 0.09504
56507.99891 20.48033 0.13689
56508.90167 20.2752 0.07554
56509.79634 20.37651 0.08741
56509.83877 20.46494 0.08789
56510.8262 20.09259 0.07705
56511.79111 20.47314 0.0969
56511.84089 20.40141 0.09268
56512.78788 20.16541 0.1015
56512.82519 20.41816 0.09558
56513.78624 20.08473 0.0871
56513.82352 20.18663 0.07821
56514.7834 20.34519 0.092
56514.82081 20.40718 0.09401
56515.78106 20.12469 0.08253
56515.82231 20.32755 0.09479
56516.77774 20.24709 0.08591
56516.81437 20.28854 0.07944
56517.77605 20.32654 0.10669
56517.81715 20.15711 0.07283
56517.97309 20.38668 0.08266
56518.87478 20.24533 0.07061
56518.96686 20.38344 0.07824
56519.00311 20.22857 0.08271
56519.90443 20.10354 0.06744
56519.96504 20.22688 0.06866
56520.00171 20.35901 0.07527
56520.90327 20.24751 0.076
56520.95521 20.21758 0.07143
56520.99262 20.06928 0.07089
56537.84525 20.20503 0.06465
56537.9874 20.35247 0.07866
56551.66063 20.10737 0.21606
56551.75862 20.20284 0.13677
56565.92832 20.09801 0.08321
56565.98151 20.06969 0.08428
56566.01544 20.35859 0.10322
56579.73584 20.22285 0.12754
56579.85963 19.99831 0.1101
56579.88516 20.34278 0.10191
56596.81771 20.23806 0.12669
56596.84238 20.29541 0.10336
56625.70494 20.3769 0.09001
56625.74386 20.1837 0.0813
56639.58002 20.04962 0.14306
56639.60438 20.31523 0.17205
56697.60505 20.42714 0.13809
56699.60928 20.12961 0.1498
56816.96412 20.09861 0.08282
56816.97531 20.05573 0.11918
56818.96227 19.75736 0.0621
56818.97512 19.89095 0.10032
56819.96647 20.23722 0.17878
56820.96625 19.70874 0.10524
56821.96237 20.03681 0.20158
56822.96143 19.92298 0.1179
56822.97681 20.15772 0.15529
56823.96094 19.99401 0.16962
56823.97346 20.02431 0.14762
56824.96428 19.84777 0.09802
56824.97573 20.19291 0.11902
56826.96127 19.95679 0.10839
56827.96384 19.80856 0.09349
56827.97622 19.71282 0.11014
56828.9654 19.94215 0.08679
56828.97804 19.98621 0.13482
56829.96383 19.99988 0.07751
56829.97653 19.7435 0.08486
56830.96102 19.98933 0.07711
56830.97338 19.78943 0.08594
56831.96161 19.72525 0.05963
56831.97427 19.92687 0.0785
56832.9648 19.90371 0.06338
56832.97563 19.93909 0.08063
56833.96568 19.93814 0.07385
56833.97644 20.18572 0.10294
56834.96484 19.94106 0.06671
56834.9776 20.01922 0.10018
56835.96569 19.73511 0.08083
56835.97723 19.9958 0.10623
56836.96625 19.88992 0.06314
56836.97711 19.87609 0.07932
56837.96638 19.80577 0.05738
56837.98211 19.80046 0.14233
56838.96389 19.82104 0.05657
56838.9786 19.80893 0.07615
56840.96951 19.8186 0.06635
56840.98137 20.01523 0.09714
56844.96636 19.9711 0.06868
56844.97887 19.8547 0.07917
56847.96648 19.84953 0.05926
56847.98151 19.78154 0.05911
56851.97048 19.97265 0.09826
56851.98675 19.79791 0.11793
56856.96087 19.79151 0.17728
56856.98328 20.1535 0.10593
56859.96515 19.83778 0.05523
56859.98697 19.93115 0.06936
56863.94981 19.86019 0.05492
56867.98799 19.87744 0.06301
56868.96536 19.84616 0.05967
56868.98567 19.87738 0.06289
56874.97428 19.83803 0.05225
56874.99622 19.82681 0.05904
56875.98151 19.93053 0.06275
56875.99752 19.71258 0.06705
56878.9086 19.79848 0.07874
56878.93847 19.75603 0.07842
56879.92838 19.60163 0.08742
56879.95816 19.90205 0.13087
56882.96877 20.09542 0.15775
56882.98848 20.00209 0.14439
56884.99956 19.96856 0.09017
56890.94091 19.92047 0.05828
56890.97479 19.87378 0.05537
56972.71463 20.08486 0.08618
56972.73749 19.9023 0.08389
56980.71766 20.17525 0.08926
56980.83416 19.89532 0.08045
56981.71538 19.94308 0.07063
56981.77818 19.89838 0.08055
56984.71333 20.09086 0.09549
56986.72544 19.97703 0.08235
56987.70535 20.06895 0.07983
56987.76948 19.79181 0.0747
56988.66321 19.9252 0.0854
56989.60286 19.93623 0.07735
56989.66828 19.94054 0.08071
56990.59847 19.93772 0.07693
56990.66232 19.89317 0.07859
57000.62591 19.82694 0.07021
57000.65668 20.00049 0.102
57011.62365 19.87255 0.06356
57011.65019 19.96839 0.0811
57018.60146 20.01771 0.0836
57018.62586 20.08849 0.08864
57030.59868 19.78036 0.07247
57040.60372 19.9085 0.08294
57040.65327 19.76381 0.11031
57059.60766 19.87655 0.07346
57059.61723 19.75229 0.07556
57064.61072 20.03438 0.11112
57064.62756 20.14521 0.12362
57069.61019 20.00286 0.09751
57069.6409 20.13715 0.12033
57089.61859 20.21139 0.1602
57089.62798 20.1292 0.18598
57180.95646 20.16577 0.12618
57185.96692 20.12888 0.11133
57187.96362 19.94207 0.0814
57188.93765 20.12493 0.08104
57188.96808 20.01883 0.08627
57189.95594 19.76844 0.06329
57190.94422 19.99563 0.08145
57191.9217 19.87393 0.08368
57191.95614 19.9524 0.07402
57192.94672 19.9737 0.0797
57192.97846 19.95539 0.17879
57193.93573 20.19508 0.08624
57193.96862 20.04692 0.09905
57194.94374 19.93802 0.08017
57194.97431 20.04807 0.09742
57195.94595 20.07831 0.09472
57195.97546 19.95687 0.1067
57196.92539 19.88855 0.11004
57196.97637 19.73643 0.11164
57197.91796 19.95154 0.08427
57197.96971 20.01933 0.0938
57198.93165 19.87973 0.07933
57198.96479 20.0508 0.08685
57199.9472 20.07032 0.08449
57207.95261 20.01166 0.1152
57207.98422 20.24486 0.15192
57208.90735 19.93056 0.1531
57208.94607 19.89115 0.13498
57209.93937 20.04376 0.10177
57209.97959 20.08769 0.12791
57210.9363 20.22254 0.10693
57210.97519 20.04198 0.10246
57211.94997 20.00375 0.09137
57211.98409 20.19045 0.15141
57212.97329 20.14291 0.16419
57214.96163 20.0032 0.08355
57216.93262 19.97772 0.07656
57216.97994 20.13495 0.07997
57218.92712 19.98184 0.07101
57218.977 20.01582 0.07272
57219.94247 19.99122 0.06506
57219.97077 20.04069 0.06201
57220.92305 19.9793 0.07051
57220.98129 19.91973 0.06565
57225.95176 20.00154 0.06051
57226.95332 19.99282 0.0557
57227.93417 20.09047 0.0692
57227.97035 20.08471 0.06457
57231.91879 19.9014 0.08572
57231.96902 20.01305 0.06551
57232.8829 20.08867 0.09119
57237.93379 20.31027 0.13669
57237.98326 20.23182 0.11549
57238.91268 19.98258 0.10732
57238.96563 20.12759 0.08156
57239.93796 20.07279 0.0853
57239.98313 19.92015 0.08449
57240.95317 20.10033 0.08303
57241.93368 19.93433 0.07954
57242.93933 20.1611 0.07658
57242.98523 20.05047 0.06779
57244.91131 20.20644 0.07455
57244.96611 20.02531 0.06795
57245.87591 20.03837 0.06561
57245.91376 19.99618 0.06066
57246.89995 20.03684 0.06416
57246.93423 20.0611 0.06295
57247.92574 19.90144 0.05821
57247.95614 19.98238 0.05843
57248.84393 19.91441 0.06188
57248.8782 20.02474 0.06711
57249.88436 19.83541 0.05865
57249.9163 19.94035 0.06695
57250.88236 20.02205 0.06523
57250.92114 19.98347 0.06595
57251.8693 20.04374 0.06632
57251.91419 20.05322 0.06067
57267.93864 20.22256 0.19398
57267.9816 20.08005 0.15879
57554.97044 20.40208 0.1177
57555.93989 20.12794 0.08873
57555.96363 20.3454 0.12219
57564.95195 20.58758 0.15801
57565.94418 20.28166 0.11596
57567.951 20.41832 0.13028
57567.97572 20.21218 0.15476
57569.92685 20.19845 0.09855
57571.91515 20.55677 0.12786
57571.96845 20.10077 0.10889
57572.94 20.15347 0.09171
57572.961 20.26294 0.10214
57573.95955 20.22304 0.09884
57574.96997 20.26293 0.0894
57575.96076 20.31629 0.08664
57576.95096 20.54095 0.10088
57577.97714 20.44392 0.11244
57578.93031 20.41255 0.11442
57578.9597 20.48037 0.10363
57579.93833 20.0714 0.09007
57579.96636 20.40592 0.10537
57580.97641 20.29462 0.10046
57581.93908 20.39588 0.08538
57582.96612 20.26955 0.08217
57582.9889 20.39854 0.15127
57583.93612 20.35014 0.0878
57583.97225 20.12841 0.08401
57584.92871 20.2551 0.08643
57584.97404 20.20926 0.08526
57585.92275 20.16347 0.10133
57585.96134 20.37333 0.10638
57586.91575 20.55299 0.15259
57592.99636 20.35151 0.18691
57595.9848 20.52617 0.16257
57596.95384 20.09161 0.10308
57596.98786 20.57405 0.12138
57597.93735 20.5128 0.10969
57597.9794 20.36743 0.10412
57598.9281 20.16697 0.1007
57598.97263 20.32109 0.09794
57599.94579 20.3371 0.13451
57600.96483 20.39392 0.09572
57601.9531 20.40303 0.09788
57601.99102 20.44556 0.10643
57602.95616 20.24229 0.09411
57602.99208 20.28385 0.11338
57603.95654 20.32875 0.08904
57603.99274 20.37037 0.0978
57604.96148 20.21154 0.08668
57604.99535 20.24106 0.11383
57605.93926 20.35598 0.0816
57605.97693 20.35326 0.08647
57606.94732 20.37182 0.09969
57606.99101 20.32286 0.08981
57607.92659 20.26463 0.09028
57607.97806 20.40005 0.10336
57608.92515 20.20026 0.09293
57608.96585 20.16153 0.08379
57609.94301 20.18156 0.10872
57610.89516 20.3821 0.10253
57610.92695 20.36791 0.10789
57611.90199 20.09553 0.08554
57611.93252 20.45173 0.1146
57612.88937 20.16434 0.08249
57612.93148 20.20251 0.08522
57613.84046 20.26487 0.10989
57613.87193 20.22924 0.08833
57613.90353 20.37401 0.09309
57614.96436 20.50631 0.10278
57614.99496 20.32415 0.09258
57615.90761 20.07968 0.12
57615.95637 20.24051 0.0867
57625.94454 20.43528 0.13747
