#mjd mag magerr
55061.92501 20.84046 0.10767
55061.95573 20.57986 0.09897
55063.91987 20.86069 0.14193
55064.92128 20.99442 0.11795
55064.9656 20.75898 0.11765
55066.91014 20.61139 0.10135
55066.95474 20.94164 0.10966
55069.90324 21.2361 0.14114
55084.86328 20.70679 0.16676
55087.85609 20.78475 0.12035
55087.90101 20.81415 0.10345
55088.96983 20.88898 0.11394
55089.01521 20.90843 0.12595
55089.94574 21.09964 0.11345
55093.83741 20.85566 0.12006
55093.88196 20.7261 0.11776
55096.8292 20.90635 0.14737
55097.00858 20.97379 0.16216
55123.75696 20.97394 0.13164
55123.81523 21.1927 0.19683
55142.7036 20.86274 0.16723
55144.77886 20.78158 0.16166
55151.72943 20.74231 0.12587
55151.77257 20.63544 0.12375
55175.61224 20.38353 0.13438
55175.65684 20.65328 0.13137
55183.59204 20.93817 0.17369
55199.58559 20.98568 0.14416
55207.63092 20.6825 0.1284
55207.67514 20.85468 0.12666
55209.5968 20.92855 0.17934
55209.64149 21.04591 0.14484
55381.93934 20.81189 0.13195
55384.82671 21.05226 0.14586
55384.87028 21.07648 0.14385
55385.87021 20.95902 0.15893
55386.86524 20.68294 0.11367
55387.91342 20.82751 0.11399
55390.85393 21.07506 0.19085
55392.83258 20.55283 0.19206
55392.87538 20.65571 0.14285
55395.84215 21.00428 0.14555
55396.83932 20.79146 0.13204
55398.83124 20.85948 0.14054
55399.83261 20.89744 0.17294
55423.74742 20.70164 0.14204
55423.79284 21.25155 0.15784
55424.75349 20.70922 0.14706
55426.8444 20.89526 0.12714
55428.83703 21.11767 0.16613
55436.93974 20.84059 0.19046
55440.87507 20.83634 0.15874
55440.88428 20.96858 0.13865
55440.89832 21.26288 0.14763
55440.90439 21.34549 0.15813
55440.92426 21.10678 0.15523
55440.95489 20.86074 0.15254
55440.95791 21.22001 0.15874
55441.87301 21.11987 0.14284
55441.88645 20.85837 0.15774
55441.88962 20.83451 0.18694
55441.89254 20.65187 0.15345
55441.89542 21.06161 0.13324
55441.89828 21.27486 0.16204
55441.9037 20.94408 0.17034
55441.90634 20.86722 0.14584
55441.90906 20.80266 0.12914
55441.9118 21.18542 0.15414
55441.91445 21.33645 0.13884
55441.91722 21.10502 0.16924
55441.91981 20.94489 0.15075
55441.92242 20.85783 0.17184
55441.92546 20.91478 0.16473
55441.9281 20.98003 0.19653
55441.93183 20.9339 0.14555
55441.93458 21.32609 0.16893
55441.93727 20.72357 0.13266
55441.94326 20.9364 0.13506
55441.94546 20.97909 0.16133
55441.94852 21.09638 0.12925
55441.95194 21.0081 0.17984
55441.95469 21.03257 0.14204
55441.95786 21.06703 0.15784
55441.96392 20.93985 0.14057
55441.96715 21.17177 0.15366
55441.97532 20.77576 0.15224
55441.97757 21.02252 0.12404
55441.9798 21.10255 0.17324
55441.9863 20.90421 0.15743
55441.99078 21.22565 0.14244
55441.99382 20.69336 0.17244
55442.00593 21.01564 0.17234
55442.71097 21.20767 0.19234
55442.71448 20.84839 0.13654
55442.72527 20.7238 0.16514
55442.73272 20.82748 0.14584
55442.74184 20.90235 0.13763
55442.75572 21.20371 0.14925
55442.76615 21.10195 0.15424
55442.77616 21.02905 0.13475
55442.78135 21.16104 0.13794
55442.78615 20.78426 0.10785
55442.79145 20.96826 0.12665
55442.80186 20.74066 0.15164
55442.8093 21.01879 0.12354
55442.81939 20.96861 0.11217
55442.82447 21.12074 0.13415
55442.8293 20.93403 0.12307
55442.83541 20.72437 0.13394
55442.85112 21.01561 0.11647
55442.86387 20.92905 0.13405
55442.87503 21.15659 0.17805
55442.88048 21.25272 0.15064
55442.88617 21.09855 0.12496
55442.89785 20.83415 0.14983
55442.90871 20.78996 0.11385
55442.91368 20.82797 0.14024
55442.92384 20.86348 0.15925
55442.93037 20.82061 0.14693
55442.93642 20.90088 0.17034
55442.94588 21.06731 0.18694
55442.95166 21.10853 0.13406
55442.96246 20.98414 0.14615
55442.97317 21.02834 0.13253
55442.97782 20.99377 0.17074
55442.98206 21.01464 0.15185
55442.9872 21.31429 0.15514
55443.01002 20.73213 0.14473
55443.72832 21.05063 0.14223
55443.74306 20.79668 0.15094
55443.74812 20.92895 0.13885
55443.75946 20.97703 0.16055
55443.76526 20.86031 0.13393
55443.79156 20.92334 0.12655
55443.82634 21.30533 0.15923
55443.83783 20.85487 0.15842
55443.84415 21.06069 0.13714
55443.84958 20.74735 0.16624
55443.85553 20.89727 0.13014
55443.87576 21.32799 0.14994
55443.88141 21.09478 0.12124
55443.88892 20.75958 0.14174
55443.90658 21.20143 0.13744
55443.91235 20.92314 0.16763
55443.92967 20.80855 0.15455
55443.94073 21.14369 0.17173
55443.95355 21.08809 0.13814
55443.95925 20.99924 0.16824
55443.9693 20.91106 0.18493
55443.98144 20.93192 0.13213
55443.99456 20.99973 0.17313
55444.7091 20.62285 0.13604
55444.71487 21.24662 0.20823
55444.74094 20.60905 0.14163
55444.74655 20.71796 0.12405
55444.75678 21.12882 0.16234
55444.76225 21.14899 0.14924
55444.7673 20.6279 0.13913
55444.77353 20.78255 0.12654
55444.78368 20.86451 0.18093
55444.79848 20.73302 0.12956
55444.80403 21.22008 0.17264
55444.81599 20.92215 0.11995
55444.8213 20.83644 0.12535
55444.83854 21.0169 0.12646
55444.86777 20.76517 0.14585
55444.87872 21.12226 0.16763
55444.88467 20.82511 0.15273
55444.90153 20.69407 0.13435
55444.90845 21.1506 0.15553
55444.92279 21.02197 0.16203
55444.93139 20.72862 0.14394
55444.94041 21.18463 0.13656
55444.94568 20.92303 0.19593
55444.951 21.07422 0.15476
55444.95724 20.96031 0.17995
55444.96289 21.06946 0.12956
55444.96923 20.97624 0.17583
55444.97411 20.70478 0.15373
55444.98062 20.67383 0.12334
55445.00157 21.08041 0.13304
55445.69681 20.86033 0.14103
55445.75643 21.26531 0.16594
55445.76784 21.01816 0.15194
55445.7737 21.3243 0.16645
55445.779 21.08892 0.12775
55445.79025 21.03766 0.17503
55445.79613 20.97441 0.14744
55445.81095 21.24059 0.15084
55445.81845 21.32323 0.14403
55445.82455 20.9225 0.16524
55445.83024 20.95965 0.12055
55445.84021 20.92107 0.10957
55445.84549 20.95648 0.15334
55445.85174 21.21169 0.11944
55445.85762 20.93244 0.14424
55445.86963 21.11562 0.11695
55445.87567 20.88195 0.15934
55445.88207 20.93723 0.14076
55445.88844 20.96822 0.12395
55445.89432 20.95256 0.12826
55445.89983 20.60879 0.12725
55445.90668 21.08563 0.14244
55445.91299 21.02989 0.11194
55445.91722 21.08128 0.13345
55445.92351 21.13211 0.12976
55445.92915 20.89433 0.11954
55445.93496 21.12921 0.16563
55445.94048 20.80729 0.12525
55445.95886 20.73169 0.12895
55445.97872 21.20053 0.13624
55445.99581 21.28174 0.14194
55446.00827 21.10678 0.14503
55446.01324 21.05015 0.14675
55446.67601 20.85673 0.15893
55446.7269 21.08712 0.15034
55446.74841 21.12893 0.19822
55446.75986 21.01338 0.12234
55446.76487 21.05955 0.13365
55446.77004 20.95217 0.15104
55446.78654 21.16663 0.12905
55446.79243 21.10546 0.13584
55446.79818 21.02794 0.13685
55446.81336 20.90869 0.15635
55446.81934 20.83977 0.11645
55446.82569 20.90301 0.11856
55446.83186 21.28979 0.12994
55446.83803 21.07664 0.13204
55446.84316 21.0295 0.12244
55446.87321 20.82686 0.11754
55446.89176 20.77633 0.13184
55446.91293 21.19624 0.14174
55446.91958 20.99943 0.16582
55446.92538 20.96802 0.12426
55446.93113 21.15795 0.15054
55446.93686 20.73833 0.16664
55446.94842 21.0325 0.12337
55446.95451 21.05347 0.16255
55446.96034 20.78363 0.11713
55446.96641 20.94301 0.13395
55446.97287 20.97674 0.13705
55446.97827 20.85667 0.12235
55446.98464 20.99578 0.12834
55446.99026 20.94301 0.13953
55448.00377 21.05446 0.16624
55449.87259 21.07352 0.18313
55450.82585 21.1026 0.16284
55451.70095 21.19325 0.17341
55453.6895 21.16968 0.19712
55456.67702 20.63867 0.16114
55466.63143 20.91998 0.21484
55468.78277 21.17137 0.17774
55470.82246 20.88291 0.19442
55480.65805 21.26687 0.16953
55481.69382 20.99703 0.12805
55482.66188 20.96174 0.14952
55482.67843 20.72228 0.11575
55483.66512 21.02698 0.15264
55484.70695 20.94754 0.14526
55499.63881 20.95341 0.18104
55502.82148 20.92552 0.14175
55506.73387 21.04617 0.16344
55513.7418 20.83875 0.17533
55535.68432 20.81912 0.17611
55538.57995 20.89823 0.18364
55540.66215 20.84706 0.16773
55768.82037 20.93286 0.16174
55769.80074 20.71678 0.13433
55769.84468 21.03194 0.14323
55770.82573 21.055 0.14124
55771.78074 21.1703 0.16084
55771.82449 20.61557 0.11444
55774.75968 20.6898 0.15305
55779.79086 21.28279 0.16925
55780.79415 21.08378 0.15725
55794.75972 20.54109 0.10946
55809.7101 20.54425 0.20244
55811.7042 20.92617 0.19264
55812.70198 20.80482 0.17745
55822.67415 20.33808 0.15294
55823.67275 20.69315 0.15904
55824.62608 20.43573 0.19695
55824.6697 20.35748 0.15344
55838.61464 20.56936 0.20996
55850.60468 20.55713 0.19813
55850.64918 20.62901 0.21653
55851.60318 20.45026 0.13634
55852.60416 20.65703 0.13456
55852.6481 20.17519 0.12117
55853.60163 20.4101 0.13246
55853.6463 20.51468 0.10617
55854.60164 20.65088 0.15187
55854.64607 20.63486 0.12896
55882.87146 20.7809 0.15106
55887.63181 20.58522 0.12465
55889.80049 20.32708 0.11266
55889.84447 20.28824 0.13186
55893.58261 20.68182 0.15734
55893.62546 20.39569 0.17524
55894.58144 20.63194 0.14478
55922.6423 20.59661 0.14354
55923.64145 20.52686 0.14964
55924.60837 20.59825 0.12545
55925.67897 20.33261 0.11199
55926.62543 20.7969 0.13428
55939.6851 20.54774 0.18855
55952.60617 20.19673 0.14924
55953.64127 20.63815 0.17103
56075.96117 20.17155 0.16925
56079.94994 20.29924 0.15756
56086.96186 20.82114 0.19893
56088.96298 20.23277 0.16445
56089.9375 20.78162 0.14695
56091.93224 20.79426 0.17196
56091.96189 20.58199 0.11788
56092.88532 20.39218 0.16256
56092.91513 20.49157 0.13285
56092.94551 20.54501 0.13544
56093.95942 20.64685 0.13665
56094.93794 20.33201 0.14337
56095.92394 20.52172 0.18386
56095.95378 20.50575 0.16207
56096.8846 20.29075 0.1225
56096.91464 20.4418 0.14056
56096.94475 20.51712 0.12867
56099.8979 20.43636 0.11684
56099.92867 20.48493 0.10154
56100.9014 20.56721 0.15444
56100.93113 20.46726 0.11506
56101.92164 20.54668 0.16154
56102.85884 20.22821 0.13736
56102.91975 20.55012 0.11955
56103.89198 20.57144 0.15406
56104.86298 20.58363 0.15417
56104.89266 20.39411 0.13796
56104.92258 20.20708 0.11466
56105.87772 20.52192 0.12755
56105.90846 20.50983 0.15336
56105.93782 20.46107 0.13626
56106.84826 20.28276 0.14875
56106.87859 20.14794 0.12545
56106.90907 20.62257 0.12444
56107.87579 20.52457 0.14294
56107.90655 20.75136 0.14454
56108.89669 20.19447 0.17643
56108.92686 20.11566 0.13063
56109.93363 20.33064 0.11746
56110.92786 20.19057 0.15816
56113.96218 20.74088 0.19535
56115.9179 20.65053 0.19663
56123.80269 20.12035 0.17366
56123.8333 20.38827 0.15384
56123.86323 20.39851 0.11795
56124.90647 20.23407 0.12048
56125.83541 20.79541 0.13375
56125.89611 20.5965 0.11075
56127.84219 20.09968 0.15213
56127.87262 20.72146 0.13004
56128.8202 20.47481 0.14044
56128.8509 20.40914 0.09407
56129.84839 20.28132 0.14616
56130.81619 20.25994 0.15774
56130.84603 20.34782 0.13115
56131.81956 20.37222 0.13786
56131.84966 20.37887 0.14485
56131.87991 20.52394 0.12016
56132.81342 20.49767 0.12647
56133.77702 20.34945 0.15344
56133.80732 20.45078 0.12996
56133.83817 20.665 0.12163
56135.77548 20.2537 0.14358
56135.80558 20.3939 0.12304
56135.8357 20.48125 0.09434
56136.81139 20.28035 0.12284
56136.84105 20.40299 0.10574
56148.73743 20.7234 0.13415
56148.76798 20.17805 0.09816
56151.84315 20.39438 0.08408
56151.87618 20.28233 0.07336
56151.91621 20.36044 0.08457
56164.86055 20.39594 0.08445
56164.89061 20.39328 0.07889
56164.92052 20.4536 0.07788
56165.82275 20.46401 0.10174
56165.85221 20.41033 0.09045
56165.88255 20.40089 0.08096
56166.82415 20.40061 0.10505
56166.85436 20.56132 0.11215
56167.76082 20.29929 0.15374
56167.79008 20.61261 0.14495
56167.82893 20.52188 0.12485
56176.74473 20.29502 0.17634
56177.67775 20.47986 0.13396
56177.71467 20.49073 0.10326
56177.7448 20.1782 0.10468
56178.65701 20.4827 0.15986
56178.7245 20.68629 0.10905
56178.75548 20.6521 0.11196
56189.71737 20.59245 0.13705
56189.74707 20.58009 0.13015
56194.68156 20.27511 0.16174
56194.73072 20.49871 0.13284
56195.63238 20.57214 0.22305
56195.74387 20.51446 0.17784
56224.66207 20.59386 0.15609
56234.71313 20.20105 0.13764
56235.61461 20.26675 0.14496
56235.64419 20.29566 0.10474
56236.61561 20.53616 0.14683
56237.58477 20.57514 0.13705
56237.61509 20.45625 0.11013
56238.58334 20.18371 0.16704
56238.61531 20.52557 0.13634
56239.58294 20.7399 0.13084
56239.61141 20.55671 0.11427
56251.83071 20.41391 0.11736
56252.58576 20.56544 0.13029
56252.60631 20.24395 0.14137
56252.62487 20.42504 0.12698
56252.64555 20.6139 0.13126
56252.69879 20.51768 0.12215
56252.71706 20.40646 0.12495
56252.73499 20.64394 0.12466
56252.75258 20.6933 0.13237
56252.76856 20.38791 0.16575
56252.80517 20.51381 0.17325
56252.821 20.41718 0.13448
56252.83831 20.27701 0.12468
56252.85634 20.25921 0.16328
56253.62054 20.15239 0.15503
56253.63682 20.57805 0.13256
56253.75003 20.36197 0.20787
56253.76637 20.55938 0.20576
56257.58763 20.25695 0.18146
56265.629 20.31962 0.096
56265.6592 20.12414 0.14986
56266.58222 20.14002 0.17534
56267.58751 20.29558 0.11661
56267.61751 20.60332 0.13429
56268.59364 20.37154 0.12154
56268.62314 20.52487 0.09525
56269.58319 20.21395 0.10436
56269.58435 20.27885 0.09428
56269.58546 20.37238 0.12144
56269.58657 20.26001 0.11084
56269.58771 20.41762 0.11283
56269.58893 20.61643 0.11853
56269.59006 20.59789 0.09754
56269.59133 20.41551 0.11675
56269.59245 20.23001 0.10065
56269.59364 20.51713 0.13245
56269.59478 20.59578 0.11144
56269.596 20.46851 0.09926
56269.59713 20.6001 0.11145
56269.59843 20.23597 0.11234
56269.59956 20.28288 0.10313
56269.60977 20.26724 0.11904
56269.61093 20.53397 0.10505
56269.6121 20.47724 0.09685
56269.61321 20.60923 0.11245
56269.61434 20.37494 0.09664
56269.61547 20.28139 0.10426
56269.61659 20.37711 0.11794
56269.61773 20.56908 0.09735
56269.61884 20.39513 0.09204
56269.61995 20.31058 0.08786
56269.62115 20.37974 0.09916
56269.6223 20.27081 0.10665
56269.62343 20.50619 0.09836
56269.62457 20.28686 0.10424
56269.62569 20.35447 0.12085
56269.62688 20.55543 0.09555
56269.628 20.40266 0.10884
56269.6375 20.32294 0.11415
56269.63881 20.45384 0.12475
56269.64001 20.39605 0.10665
56269.64114 20.74729 0.14204
56269.64226 20.46674 0.10133
56269.64337 20.54671 0.09606
56269.6445 20.62719 0.09964
56269.64562 20.40058 0.10826
56269.64675 20.53879 0.10465
56269.64789 20.6091 0.14065
56269.64905 20.70789 0.11484
56269.65017 20.32764 0.10267
56269.65129 20.44806 0.09664
56269.65247 20.70096 0.12134
56269.65359 20.50882 0.11905
56269.65698 20.55028 0.10258
56269.66055 20.51806 0.11145
56269.66167 20.37757 0.12014
56269.66279 20.57915 0.10525
56269.66393 20.37713 0.08557
56269.66595 20.29169 0.09107
56269.66717 20.35155 0.11696
56269.66829 20.36635 0.08804
56269.66952 20.42185 0.09168
56269.67064 20.15321 0.08635
56269.67184 20.49935 0.09175
56269.673 20.53741 0.09126
56269.67412 20.35599 0.0915
56269.67533 20.54473 0.09606
56269.67646 20.41023 0.10636
56269.6776 20.31047 0.08788
56269.67883 20.16715 0.08158
56269.67997 20.45117 0.09685
56269.6812 20.61304 0.09775
56269.68232 20.391 0.11115
56269.68343 20.20436 0.09776
56269.68473 20.31312 0.10417
56269.68592 20.518 0.12585
56269.68705 20.32652 0.10626
56269.68816 20.31253 0.11836
56269.68929 20.06997 0.09654
56269.69041 20.55758 0.14234
56269.69157 20.26644 0.10745
56269.69269 20.51056 0.09674
56269.69383 20.28568 0.12075
56269.69496 20.5229 0.10085
56269.69608 20.48821 0.09505
56269.69898 20.56547 0.09519
56269.70011 20.39782 0.09665
56269.70126 20.59678 0.10157
56269.70241 20.63251 0.11915
56269.70357 20.54629 0.10426
56269.70468 20.25186 0.11505
56269.70581 20.53241 0.12056
56269.70705 20.38498 0.11514
56269.70816 20.26298 0.09846
56269.70937 20.31312 0.08967
56269.7105 20.37342 0.10188
56269.71167 20.46783 0.12055
56269.7128 20.51064 0.12835
56269.71403 20.63124 0.11195
56269.71516 20.43276 0.09955
56269.7163 20.14046 0.09864
56269.72641 20.32245 0.09236
56269.72763 20.43256 0.10107
56269.72875 20.52072 0.10007
56269.72987 20.38015 0.11824
56269.731 20.40276 0.09015
56269.73213 20.42901 0.09255
56269.73326 20.26007 0.09845
56269.73438 20.37895 0.10475
56269.73557 20.48837 0.09835
56269.73682 20.53148 0.09526
56269.73796 20.31279 0.10356
56269.73911 20.50103 0.09535
56269.74036 20.54274 0.09876
56269.74147 20.33801 0.08778
56269.74272 20.36301 0.09783
56269.74391 20.40046 0.10154
56269.74502 20.46842 0.11634
56269.7462 20.62813 0.13465
56269.74734 20.35789 0.09316
56269.74846 20.59821 0.10085
56269.74961 20.23377 0.09027
56269.75074 20.5151 0.10085
56269.75201 20.48222 0.09464
56269.75316 20.74442 0.11485
56269.75429 20.50379 0.12385
56269.75553 20.35571 0.10605
56269.75779 20.69625 0.11525
56269.75895 20.31254 0.12113
56269.76008 20.3827 0.10384
56269.76123 20.44184 0.11514
56269.76235 20.25515 0.11734
56269.76348 20.2794 0.13903
56269.76459 20.35727 0.12394
56269.76573 20.36203 0.09814
56269.78036 20.65669 0.15753
56269.78151 20.38564 0.12835
56269.78271 20.3164 0.11804
56269.78391 20.38659 0.11584
56269.78511 20.20389 0.10074
56269.78751 20.35587 0.11073
56269.78876 20.42401 0.10298
56269.78989 20.51458 0.10484
56269.79227 20.49876 0.10774
56269.79356 20.41979 0.11075
56269.79478 20.41963 0.10464
56269.7959 20.35296 0.13335
56269.79701 20.60628 0.13975
56269.79816 20.31001 0.12265
56269.79928 20.64128 0.12086
56269.80156 20.36845 0.10514
56269.80276 20.31739 0.13334
56269.80404 20.16418 0.11244
56269.80517 20.57744 0.12336
56269.80638 20.51344 0.10496
56269.80752 20.61828 0.13245
56269.80866 20.44684 0.11094
56270.57931 20.14849 0.10166
56270.58058 20.52775 0.10297
56270.58188 20.47578 0.13296
56270.58305 20.45454 0.0955
56270.58429 20.37343 0.1022
56270.58556 20.36183 0.08845
56270.58671 20.52178 0.10467
56270.58798 20.42 0.09759
56270.58926 20.28691 0.08887
56270.59051 20.27696 0.08998
56270.59176 20.51355 0.09878
56270.59301 20.28564 0.10359
56270.59588 20.34666 0.0897
56270.59719 20.55894 0.09408
56270.59846 20.30755 0.11157
56270.59973 20.33536 0.0905
56270.60101 20.53312 0.08867
56270.60229 20.4671 0.09599
56270.60361 20.44636 0.09439
56270.60484 20.40168 0.09076
56270.60617 20.30414 0.08062
56270.60733 20.57983 0.10638
56270.60868 20.31293 0.09554
56270.60993 20.41255 0.09169
56270.61121 20.41312 0.0916
56270.61244 20.36464 0.08707
56270.61368 20.47873 0.09928
56270.61481 20.5084 0.09548
56270.61593 20.6341 0.0995
56270.61713 20.49123 0.10257
56270.61835 20.16723 0.10038
56270.61963 20.42998 0.0915
56270.62082 20.315 0.09998
56270.62212 20.21163 0.09738
56270.62324 20.48777 0.10419
56270.62438 20.3851 0.0898
56270.6255 20.31211 0.08912
56270.62668 20.41604 0.09748
56270.62781 20.60065 0.10919
56270.62895 20.26763 0.10168
56270.63017 20.76031 0.10956
56270.6313 20.41602 0.08944
56270.63259 20.62245 0.10089
56270.63372 20.65068 0.1105
56270.63484 20.65295 0.11057
56270.64581 20.45442 0.12579
56270.64713 20.46013 0.09441
56270.64825 20.62651 0.12788
56270.6495 20.46484 0.09401
56270.65082 20.46046 0.0989
56270.65222 20.72459 0.09781
56270.65336 20.3639 0.10657
56270.6545 20.4655 0.08789
56270.65562 20.46389 0.09681
56270.65697 20.33071 0.09807
56270.65832 20.48869 0.09362
56270.65959 20.39264 0.08582
56270.66092 20.67521 0.09367
56270.66217 20.46703 0.08479
56270.66351 20.35614 0.08531
56270.66477 20.589 0.12316
56270.67891 20.44897 0.09708
56270.68008 20.39983 0.09179
56270.68122 20.34639 0.10917
56270.68243 20.30866 0.10748
56270.68382 20.17419 0.09727
56270.68508 20.38923 0.08818
56270.68653 20.56098 0.10578
56270.68784 20.44598 0.11137
56270.68912 20.45238 0.08419
56270.69114 20.30312 0.09757
56270.69232 20.23459 0.08323
56270.69365 20.66152 0.08881
56270.6948 20.50233 0.0948
56270.69617 20.76695 0.09789
56270.69746 20.71052 0.13156
56270.6986 20.37002 0.11407
56270.6999 20.44594 0.08618
56270.70121 20.76095 0.10977
56270.70235 20.42313 0.09616
56270.70349 20.46201 0.11696
56270.70482 20.31296 0.08718
56270.70613 20.08578 0.09031
56270.70726 20.46344 0.12198
56270.7086 20.51873 0.09868
56270.70972 20.35595 0.09059
56270.71103 20.49804 0.09697
56270.71235 20.51036 0.09499
56270.71347 20.3032 0.112
56270.71481 20.50785 0.09829
56270.71608 20.68443 0.09121
56270.71722 20.54848 0.09268
56270.71853 20.44563 0.0935
56270.71967 20.32239 0.09087
56270.72098 20.48475 0.09628
56270.72302 20.49186 0.08696
56270.72439 20.35823 0.10487
56270.72553 20.27809 0.09739
56270.72665 20.27073 0.08817
56270.72793 20.46776 0.09408
56270.72927 20.31958 0.09678
56270.73043 20.52458 0.09629
56270.73161 20.5431 0.1011
56270.73292 20.36113 0.11395
56270.73506 20.38613 0.0934
56270.73622 20.55702 0.09946
56270.73753 20.39961 0.10785
56270.73887 20.61491 0.09387
56270.74001 20.40951 0.09327
56270.74126 20.44836 0.10755
56270.7424 20.60124 0.11775
56270.74369 20.43878 0.12315
56270.74498 20.41712 0.09467
56270.74609 20.52036 0.11307
56270.74744 20.38527 0.103
56270.7486 20.48196 0.10435
56270.74995 20.50675 0.11336
56270.75121 20.26748 0.09139
56270.75241 20.53253 0.09746
56270.75372 20.64436 0.11117
56270.75502 20.4465 0.10716
56270.75706 20.28778 0.08867
56270.75826 20.43051 0.12375
56270.75948 20.54712 0.11016
56270.76078 20.38647 0.10925
56270.76208 20.50363 0.10674
56270.77223 20.09324 0.08747
56270.77464 20.46522 0.10328
56270.77775 20.63817 0.14144
56270.77887 20.57003 0.11258
56270.78012 20.57459 0.11339
56270.78147 20.54195 0.13804
56270.78273 20.49392 0.10596
56270.784 20.29884 0.12444
56270.78526 20.6193 0.09958
56270.78661 20.52561 0.11053
56270.78776 20.56427 0.11805
56270.7891 20.63275 0.12645
56270.79021 20.4339 0.10899
56270.79151 20.22657 0.10237
56270.7928 20.61508 0.10927
56270.79391 20.68611 0.16235
56270.79508 20.3172 0.10486
56270.79619 20.50921 0.09997
56270.7975 20.19809 0.10906
56270.79862 20.26505 0.10248
56270.79991 20.31061 0.09917
56270.80111 20.51552 0.10505
56270.80249 20.39857 0.0984
56270.80509 20.34656 0.0952
56270.80715 20.23812 0.09807
56270.80837 20.34922 0.09976
56270.80963 20.32009 0.103
56271.71236 20.42573 0.15314
56272.64495 20.2886 0.11465
56272.7082 20.6902 0.16605
56273.60993 20.47856 0.11006
56273.63946 20.27251 0.15165
56282.58095 20.60926 0.15823
56282.62819 20.66968 0.16365
56297.58897 20.53421 0.13444
56297.59019 20.53721 0.11134
56297.5937 20.75931 0.12265
56297.59722 20.76707 0.11215
56297.59904 20.62543 0.10854
56297.60164 20.62205 0.11605
56297.60284 20.59575 0.12205
56297.6053 20.82353 0.11744
56297.61965 20.44931 0.12006
56297.62198 20.76145 0.11715
56297.62474 20.46518 0.12515
56297.62597 20.34577 0.11496
56297.62818 20.67574 0.10377
56297.63051 20.72324 0.11466
56297.63246 20.47246 0.13424
56297.6337 20.59072 0.12474
56297.63597 20.64391 0.12134
56297.64162 20.71835 0.11965
56297.64281 20.09304 0.10835
56297.64393 20.23857 0.09525
56297.64612 20.20458 0.09816
56297.64742 20.46889 0.10695
56297.64964 20.72546 0.11995
56297.65084 20.62434 0.12275
56297.65434 20.50437 0.10695
56297.65811 20.60416 0.13294
56297.65988 20.42016 0.11237
56297.66121 20.72163 0.10964
56297.66483 20.66522 0.14173
56297.66714 20.49851 0.11446
56297.67315 20.51511 0.09795
56297.67547 20.25808 0.13084
56297.67675 20.59989 0.10575
56297.67954 20.82066 0.13524
56297.68076 20.64119 0.10467
56297.6819 20.47421 0.10336
56297.68325 20.4906 0.10126
56297.68541 20.52693 0.10486
56297.68786 20.30752 0.14575
56297.69171 20.37766 0.10296
56297.69635 20.47943 0.10135
56297.69767 20.29986 0.11475
56297.70113 20.1956 0.12225
56297.70743 20.53372 0.12306
56297.71084 20.35118 0.12765
56297.71668 20.59075 0.13685
56297.7179 20.22284 0.14154
56297.72049 20.67573 0.11625
56297.72327 20.39503 0.13195
56297.72448 20.52164 0.12494
56297.72584 20.17237 0.13694
56297.72772 20.51047 0.14603
56297.72894 20.47047 0.11325
56297.74317 20.48097 0.15093
56297.74683 20.59126 0.12904
56297.74996 20.47885 0.11735
56297.75123 20.51752 0.12156
56297.75493 20.35221 0.11885
56297.75709 20.25958 0.18203
56297.7583 20.69834 0.14714
56297.76047 20.51114 0.13074
56297.76388 20.73029 0.15535
56297.76834 20.3929 0.10727
56297.77069 20.52745 0.13566
56297.77383 20.45735 0.14516
56297.79199 20.50831 0.14075
56297.79318 20.76279 0.18316
56297.80192 20.42846 0.16974
56297.80312 20.53682 0.20834
56298.60332 20.60977 0.15211
56298.61595 20.34854 0.14306
56298.61811 20.47775 0.12475
56298.62047 20.21063 0.13443
56298.62426 20.40775 0.12512
56298.63219 20.29459 0.13206
56298.63473 20.11802 0.12509
56298.63687 20.25908 0.125
56298.63807 20.49131 0.16295
56298.63935 20.38352 0.15709
56298.64364 20.60145 0.12042
56298.64578 20.5888 0.20273
56298.64695 20.28615 0.1237
56298.6481 20.29711 0.1254
56298.65082 20.64089 0.17189
56298.65294 20.48437 0.13241
56298.65509 20.50971 0.10196
56298.65745 20.58194 0.17606
56298.65865 20.38225 0.1486
56298.66081 20.39937 0.11563
56298.66198 20.38627 0.09599
56298.66411 20.3586 0.10868
56298.66639 20.4338 0.11637
56298.6699 20.48489 0.10995
56298.68256 20.34901 0.10814
56298.68492 20.15356 0.13547
56301.59099 20.49048 0.14606
56305.59416 20.48852 0.13657
56305.62276 20.60432 0.11241
56308.60019 20.8331 0.18707
56310.63503 20.32709 0.14398
56311.59823 20.43385 0.12175
56323.60059 20.35574 0.10196
56323.60172 20.30312 0.12385
56323.60284 20.53104 0.13146
56323.60396 20.12244 0.09425
56323.60508 20.33602 0.12414
56323.60621 20.53435 0.11444
56323.60734 20.27816 0.10296
56323.60846 20.30913 0.11094
56323.60959 20.18258 0.11495
56323.61071 20.26126 0.11583
56323.61183 20.38427 0.11506
56323.61297 20.48019 0.12534
56323.61409 20.36399 0.11604
56323.61521 20.41437 0.11533
56323.61635 20.62273 0.10794
56323.61747 20.41473 0.10526
56323.61859 20.66381 0.12753
56323.61971 20.2438 0.10975
56323.62085 20.79322 0.13204
56323.62197 20.4165 0.11895
56323.62309 20.45172 0.10554
56323.62423 20.3378 0.12804
56323.62535 20.56169 0.12465
56323.62647 20.69564 0.11025
56323.62759 20.65726 0.12714
56323.62872 20.34999 0.12104
56323.62985 20.3238 0.13164
56323.63097 20.52111 0.11674
56323.6321 20.55108 0.11605
56323.63322 20.22973 0.09318
56323.63435 20.55851 0.12533
56323.63549 20.59025 0.13303
56323.63661 20.55267 0.14712
56323.63773 20.3103 0.09756
56323.63887 20.35436 0.10525
56323.63999 20.4257 0.11904
56323.64112 20.52481 0.11506
56323.64225 20.4713 0.10167
56323.64338 20.52322 0.11565
56323.6445 20.4918 0.12044
56323.64563 20.3777 0.13064
56323.64676 20.84332 0.12944
56323.64789 20.56377 0.10645
56323.64902 20.4124 0.10947
56323.65014 20.38004 0.15404
56323.65127 20.36209 0.11235
56323.6524 20.52008 0.11776
56323.65352 20.65328 0.12276
56323.65465 20.37448 0.17633
56323.65577 20.73108 0.13814
56323.65691 20.65118 0.12913
56323.65803 20.3025 0.10534
56323.65917 20.55478 0.13694
56323.66029 20.63609 0.12944
56323.66142 20.72559 0.14613
56323.66255 20.54926 0.14566
56323.66367 20.13423 0.13264
56323.6648 20.63781 0.12554
56323.66594 20.25031 0.10274
56323.66706 20.38476 0.15283
56323.66819 20.18086 0.12656
56323.67045 20.36592 0.14976
56323.67158 20.71643 0.13724
56323.67384 20.6565 0.13643
56323.67496 20.38667 0.12766
56323.67725 20.16978 0.11758
56323.67951 20.37343 0.14454
56323.68065 20.60053 0.14375
56323.68177 20.2457 0.12166
56323.6829 20.23799 0.15416
56323.68402 20.20844 0.15384
56323.68742 20.24053 0.15493
56323.69081 20.7674 0.14116
56323.69194 20.68262 0.15155
56323.69306 20.56927 0.22403
56323.69532 20.61367 0.18115
56323.69644 20.43889 0.19965
56323.69758 20.22696 0.14618
56323.69982 20.60463 0.18177
56328.63041 20.57786 0.11085
56330.60568 20.53531 0.12266
56330.63442 20.50026 0.18893
56337.61678 20.68956 0.13544
56337.646 20.65503 0.14923
56446.9404 20.60308 0.18104
56448.93551 20.39398 0.11236
56448.97043 20.68918 0.13576
56449.9322 20.38542 0.11505
56449.96744 20.50662 0.13843
56450.93056 20.84589 0.12524
56450.96471 20.60374 0.11686
56451.96268 20.6456 0.13286
56452.95905 20.41917 0.10435
56453.95718 20.41084 0.13442
56454.9531 20.38144 0.10256
56455.91706 20.79934 0.13764
56455.95123 20.53823 0.10707
56456.91361 20.33189 0.11584
56456.94859 20.47806 0.11545
56457.91086 20.41753 0.14557
56457.9457 20.43671 0.12555
56458.90893 20.65963 0.13135
56458.94334 20.4984 0.10588
56459.90596 20.58711 0.13387
56459.94092 20.37685 0.10384
56460.9034 20.50891 0.13425
56460.93791 20.59244 0.10558
56461.90107 20.75831 0.13235
56461.93811 20.42473 0.10485
56462.89824 20.39001 0.13086
56462.93439 20.34851 0.14998
56463.93218 20.85298 0.11355
56469.87982 20.51179 0.16764
56485.83631 20.4466 0.11614
56486.83403 20.30995 0.14046
56486.87106 20.39028 0.10176
56488.83006 20.07607 0.12196
56488.86647 20.5069 0.11036
56489.82698 20.04814 0.11187
56489.86366 20.23125 0.08962
56502.79167 20.38575 0.14689
56503.78903 20.36476 0.11267
56503.82769 20.32317 0.10517
56504.86992 20.50031 0.10268
56504.90811 20.58418 0.13934
56505.81768 20.45461 0.13908
56505.9509 20.37584 0.10716
56506.89349 20.39923 0.16769
56507.80198 20.40658 0.10586
56507.84712 20.39905 0.11324
56507.99891 20.49971 0.10547
56508.90167 20.53355 0.09016
56509.79634 20.22274 0.09006
56509.83877 20.32778 0.09424
56510.8262 20.42153 0.08278
56511.79111 20.27164 0.11011
56511.84089 20.4184 0.09805
56512.78788 20.35218 0.11954
56512.82519 20.27948 0.08977
56513.78624 20.59617 0.15046
56513.82352 20.34774 0.08967
56514.7834 20.24261 0.10649
56514.82081 20.30318 0.09687
56515.78106 20.24796 0.09826
56515.82231 20.25782 0.09505
56516.77774 20.35102 0.09016
56516.81437 20.31721 0.08037
56517.77605 20.26945 0.11295
56517.81715 20.33636 0.08628
56517.97309 20.5264 0.09717
56518.87478 20.31507 0.07966
56518.96686 20.35688 0.09729
56519.00311 20.42757 0.10635
56519.90443 20.30981 0.08076
56519.96504 20.4629 0.08037
56520.00171 20.51112 0.11934
56520.90327 20.33164 0.08175
56520.95521 20.3672 0.08995
56520.99262 20.42102 0.09035
56521.89446 20.39023 0.08767
56521.95772 20.44436 0.10016
56521.99393 20.48795 0.09407
56528.87422 20.28169 0.19691
56529.93849 20.73302 0.18094
56532.71221 20.69024 0.14572
56532.85928 20.39857 0.10695
56532.89645 20.41619 0.09481
56533.79895 20.13998 0.08148
56533.93493 20.28976 0.11899
56533.97228 20.1846 0.1054
56537.84525 20.26786 0.10036
56537.9874 20.62066 0.08938
56539.69386 20.42128 0.11766
56539.88447 20.20143 0.0764
56539.9215 20.51645 0.09321
56540.97669 20.44601 0.08684
56541.6883 20.22183 0.11256
56542.96698 20.19075 0.09233
56543.00294 20.37246 0.13218
56543.90463 20.34505 0.0889
56543.97085 20.43031 0.09576
56544.00787 20.16624 0.11435
56546.67441 20.38137 0.12395
56546.75907 20.12764 0.10653
56546.94639 20.33775 0.10514
56547.84788 20.36768 0.09835
56548.0057 20.34838 0.09494
56548.66959 20.62668 0.22023
56548.70582 20.54433 0.13575
56548.74172 20.31437 0.11834
56549.70273 20.44976 0.14244
56549.73967 20.65086 0.13625
56550.66388 20.15683 0.18165
56550.6994 20.19015 0.13134
56550.73216 20.65112 0.13903
56551.66063 20.05953 0.17795
56551.75862 20.35624 0.18034
56561.66061 20.40109 0.12836
56561.89034 20.32235 0.14048
56561.92356 20.472 0.14499
56562.93459 20.23782 0.13137
56563.6524 20.6393 0.12844
56563.6893 20.44856 0.10644
56563.77494 20.49308 0.10544
56564.72602 20.33119 0.10097
56564.99301 20.40768 0.11374
56565.02672 20.57158 0.13507
56565.92832 20.60302 0.11875
56565.98151 20.23936 0.12294
56566.01544 20.50455 0.13304
56566.91724 20.25606 0.10624
56566.96287 20.35135 0.11374
56566.99591 20.16744 0.10775
56567.8986 20.39832 0.09208
56567.96702 20.27851 0.08747
56568.00039 20.31948 0.11096
56568.90245 20.66292 0.11608
56568.96343 20.19558 0.09728
56568.99843 20.41602 0.12958
56569.90084 20.29483 0.12586
56570.03082 20.18821 0.12537
56572.62632 20.27335 0.11795
56572.66032 20.27988 0.10565
56573.61429 20.2578 0.11994
56573.64765 20.17611 0.10814
56573.77817 20.44337 0.10177
56576.83948 20.46317 0.09476
56577.00541 20.18493 0.11497
56577.63144 20.56842 0.15184
56577.77306 20.48528 0.11415
56578.67217 20.22297 0.13375
56578.69674 20.34614 0.13526
56578.75347 20.30752 0.15494
56579.73584 20.12589 0.13154
56579.85963 20.16202 0.14924
56579.88516 20.52078 0.13314
56581.86464 20.09677 0.17208
56587.62864 20.37291 0.10594
56587.78993 20.4022 0.12733
56588.89281 20.16359 0.18987
56589.79481 20.38003 0.10866
56589.81959 20.30505 0.11094
56589.84642 20.60629 0.12605
56590.76387 20.4944 0.10954
56590.8749 20.42061 0.10784
56590.89969 20.30911 0.12655
56591.86057 20.36662 0.10673
56591.88508 20.38717 0.11861
56592.81972 20.4201 0.11247
56592.91348 20.47148 0.11924
56592.93852 20.31769 0.10836
56596.59731 20.37883 0.11685
56596.81771 20.4366 0.12077
56596.84238 20.46913 0.11506
56597.74425 20.48534 0.14649
56597.82393 20.29072 0.15256
56598.75163 20.27966 0.12395
56598.82179 20.12443 0.13118
56598.84855 20.5685 0.11548
56599.75014 20.32191 0.11186
56599.79577 20.56903 0.10367
56599.82112 20.43978 0.10217
56600.77441 20.32501 0.12904
56600.8753 20.36426 0.11025
56603.68227 20.37542 0.15947
56603.74296 20.24508 0.1306
56603.81581 20.31721 0.0952
56604.73691 20.2626 0.13277
56605.64733 20.24496 0.09716
56605.67213 20.13446 0.10365
56606.60932 20.49711 0.13993
56607.82225 20.18652 0.13649
56607.84927 20.284 0.13004
56608.81398 20.09736 0.14179
56609.88847 20.71991 0.21058
56621.79766 20.46667 0.12137
56622.58588 20.43496 0.11465
56624.57999 20.59648 0.12856
56624.60429 20.14769 0.09557
56625.70494 20.34474 0.09882
56625.74386 20.52597 0.10714
56626.64578 20.42183 0.12364
56626.67007 20.42709 0.09845
56628.73144 20.58839 0.13865
56639.60438 20.33547 0.17946
56649.60387 20.07303 0.15132
56658.58519 20.42641 0.09884
56658.62914 20.53644 0.0918
56659.58605 20.63847 0.12229
56659.61086 20.51616 0.10506
56660.58569 20.3948 0.14373
56660.61029 20.35242 0.10166
56662.58587 20.26287 0.14454
56663.59143 20.37094 0.13274
56663.6171 20.44764 0.10786
56675.5969 20.35137 0.09603
56676.59181 20.36858 0.13795
56676.61781 20.3635 0.14805
56678.61458 20.24711 0.10675
56678.64019 20.54152 0.12005
56680.60724 20.61417 0.15895
56683.59693 20.59233 0.11816
56683.63252 20.26183 0.13357
56687.59886 20.57601 0.12149
56687.64144 20.68412 0.12438
56816.96412 20.73698 0.12656
56818.96227 20.46228 0.13383
56829.96383 20.36691 0.14435
56830.96102 20.56775 0.11815
56830.97338 20.57929 0.15924
56831.96161 20.60486 0.10446
56831.97427 20.72772 0.13074
56833.96568 20.77506 0.12456
56833.97644 20.7998 0.16895
56835.96569 20.40458 0.11489
56835.97723 20.56798 0.16958
56836.96625 20.54239 0.1006
56837.96638 20.44274 0.10157
56838.96389 20.59274 0.10191
56838.9786 20.61845 0.14258
56839.96511 20.75273 0.09538
56840.96951 20.93701 0.12323
56841.96857 20.87528 0.12065
56844.96636 20.5814 0.14003
56844.97887 20.34576 0.1194
56845.96726 20.46259 0.10536
56845.98002 20.8388 0.13035
56846.96666 20.47138 0.11197
56846.98115 20.8779 0.13067
56847.96648 20.45244 0.09128
56847.98151 20.49022 0.11107
56848.96743 20.70334 0.10129
56849.98235 20.66276 0.14655
56854.98771 20.72991 0.15859
56858.96243 20.50831 0.11301
56859.96515 20.32824 0.09649
56859.98697 20.91014 0.14546
56861.96231 20.77465 0.10503
56861.98508 20.54096 0.11969
56862.9659 20.51159 0.11866
56862.98227 20.71301 0.10718
56863.94981 20.42705 0.08771
56864.94576 20.74066 0.12609
56864.96947 20.53319 0.14669
56865.92975 20.88748 0.11734
56865.96089 20.64811 0.10002
56867.98799 20.61272 0.10891
56868.96536 20.54541 0.1103
56868.98567 20.37522 0.1035
56869.96092 20.46439 0.09214
56869.98231 20.63622 0.09696
56870.96467 20.7258 0.08363
56870.98635 20.48801 0.08859
56874.97428 20.69067 0.09647
56874.99622 20.82611 0.126
56875.98151 20.6848 0.16108
56875.99752 20.63387 0.13076
56876.91773 20.64044 0.08731
56876.94717 20.54598 0.09988
56877.9745 20.64681 0.09848
56877.9957 20.75725 0.10406
56878.93847 20.46419 0.1444
56879.95816 20.37035 0.19289
56883.9421 20.7349 0.23735
56885.96448 20.3737 0.14365
56885.98159 20.45197 0.14755
56886.91453 20.56984 0.12647
56886.94264 20.60375 0.11358
56887.91623 20.7392 0.11588
56887.94902 20.77209 0.15638
56888.86519 20.59321 0.09556
56888.89905 20.78514 0.11426
56888.91008 20.34587 0.09248
56888.94196 20.7558 0.11877
56890.94091 20.39861 0.09097
56890.97479 20.65989 0.10624
56895.83087 20.77498 0.14147
56972.71463 20.75139 0.16004
56978.74407 20.48923 0.13742
56978.79927 20.77894 0.21582
56980.71766 20.31882 0.11288
56981.71538 20.75252 0.13894
56981.77818 20.35375 0.13904
56987.76948 20.67215 0.16185
56988.66321 20.55393 0.13088
56989.60286 20.69404 0.16254
56990.66232 20.883 0.16114
57000.62591 20.40243 0.12025
57000.65668 20.38925 0.19404
57001.60725 20.5789 0.11085
57001.63454 20.54765 0.10887
57011.62365 20.60149 0.13147
57011.65019 20.53261 0.15084
57014.60229 20.48781 0.11927
57014.62433 20.51226 0.14796
57015.6199 20.56179 0.12585
57018.60146 20.41825 0.12028
57018.62586 20.77627 0.14136
57019.61004 20.60646 0.14325
57037.60179 20.82765 0.13776
57039.60447 20.696 0.16944
57040.65327 20.20799 0.15939
57041.64649 20.24257 0.14474
57042.59979 20.51905 0.11907
57043.60053 20.59527 0.15014
57043.64542 20.6011 0.11408
57059.60766 20.66213 0.12129
57059.61723 20.38978 0.1163
57063.60738 20.74756 0.16154
57064.61072 20.80883 0.14977
57067.60784 20.3881 0.15697
57069.61019 20.91789 0.18186
57070.61078 20.56272 0.17688
57071.61023 20.34781 0.17076
57187.96362 20.48127 0.11093
57188.93765 20.32151 0.11764
57188.96808 20.47588 0.11432
57189.95594 20.26504 0.10444
57190.94422 20.46631 0.12604
57191.9217 20.24726 0.13704
57191.95614 20.31128 0.13068
57192.94672 20.31441 0.14387
57193.93573 20.25788 0.14881
57194.94374 20.68477 0.12327
57194.97431 20.42257 0.13388
57195.94595 20.16971 0.12114
57196.92539 20.20683 0.1477
57197.91796 20.30839 0.13137
57197.96971 20.05103 0.10052
57198.93165 20.68267 0.13248
57198.96479 20.50358 0.11752
57208.94607 20.4132 0.16257
57209.93937 20.74456 0.17497
57209.97959 20.55212 0.17365
57210.9363 20.55772 0.15448
57210.97519 20.59694 0.16097
57211.94997 20.09517 0.13956
57214.96163 20.5048 0.10056
57216.93262 20.31834 0.13466
57216.97994 20.17405 0.12618
57218.92712 20.39517 0.10131
57218.977 20.40427 0.10818
57219.94247 20.33212 0.08944
57219.97077 20.55735 0.08915
57220.92305 20.40287 0.1103
57220.98129 20.20785 0.10721
57225.95176 20.57008 0.08972
57226.95332 20.4158 0.07923
57227.93417 20.48544 0.0919
57227.97035 20.65864 0.11579
57231.91879 20.56513 0.11059
57231.96902 20.35393 0.08939
57232.8829 20.17287 0.12849
57232.9489 20.59315 0.13058
57238.91268 20.64405 0.12865
57238.96563 20.28165 0.11578
57239.98313 20.40051 0.13995
57240.95317 20.58097 0.17579
57241.93368 20.44679 0.12376
57242.93933 20.4248 0.10663
57242.98523 20.29736 0.08882
57244.91131 20.62869 0.11519
57244.96611 20.44096 0.10098
57245.87591 20.26199 0.08028
57245.91376 20.31929 0.08428
57246.89995 20.65165 0.06471
57246.93423 20.25235 0.06379
57247.92574 20.29859 0.07731
57247.95614 20.33188 0.07886
57248.84393 20.18593 0.10399
57248.8782 20.54428 0.09948
57249.88436 20.53282 0.09794
57249.9163 20.31391 0.08985
57250.88236 20.43196 0.12247
57250.92114 20.27083 0.09307
57251.8693 20.29738 0.08881
57251.91419 20.20036 0.07954
57267.9816 20.60061 0.1577
57554.97044 20.92155 0.16734
57578.93031 20.59709 0.13042
57579.93833 20.9116 0.148
57580.97641 21.00464 0.17613
57581.93908 20.73502 0.1626
57582.96612 20.63216 0.16085
57583.93612 21.0439 0.13555
57585.96134 20.50759 0.11963
57597.93735 20.58208 0.14167
57598.97263 20.425 0.1508
57603.95654 20.76845 0.14673
57604.96148 20.82496 0.18476
57608.92515 20.71262 0.12831
57608.96585 20.7165 0.1264
57610.92695 20.90088 0.14665
57612.88937 20.69826 0.14546
57614.99496 20.66354 0.14047
