#mjd mag magerr
55061.92501 18.36299 0.0231
55061.95573 18.3748 0.02201
55063.91987 18.3701 0.02289
55063.9639 18.35052 0.02277
55064.92128 18.3523 0.02414
55064.9656 18.38962 0.02418
55066.91014 18.34122 0.02411
55066.95474 18.35623 0.02233
55067.91649 18.43687 0.0327
55067.96099 18.46545 0.03285
55069.90324 18.3646 0.02153
55069.94786 18.38679 0.02303
55080.87449 18.3964 0.0574
55080.95988 18.26523 0.06211
55084.86328 18.34861 0.03265
55087.85609 18.38035 0.02414
55087.90101 18.40417 0.02428
55088.96983 18.39417 0.02527
55089.01521 18.36754 0.02494
55089.94574 18.36168 0.0245
55089.99042 18.42747 0.0265
55093.83741 18.37275 0.02253
55093.88196 18.35887 0.02152
55096.8292 18.37424 0.02418
55097.00858 18.36236 0.02759
55104.99862 18.43336 0.03115
55107.79764 18.3404 0.04481
55114.88125 18.34355 0.02636
55114.92522 18.44212 0.0711
55119.89538 18.37058 0.02558
55119.95365 18.4064 0.02617
55123.75696 18.31412 0.02286
55123.81523 18.3278 0.02292
55126.97957 18.33425 0.03084
55127.83329 18.32714 0.02545
55127.87706 18.38651 0.02618
55135.82555 18.36669 0.04766
55135.86926 18.52238 0.05498
55138.71472 18.39401 0.05332
55138.75871 18.30924 0.06252
55142.7036 18.34957 0.02597
55142.75219 18.33802 0.0301
55144.77886 18.35276 0.02481
55144.82305 18.3314 0.02718
55151.72943 18.33654 0.02673
55151.77257 18.3691 0.02452
55166.70473 18.35798 0.0427
55166.74897 18.43298 0.05229
55168.63378 18.31571 0.04078
55168.6775 18.35844 0.04339
55175.61224 18.31641 0.0218
55175.65684 18.33178 0.02084
55181.59421 18.35593 0.03669
55181.63825 18.30069 0.02895
55183.59204 18.29049 0.03764
55183.64253 18.37452 0.02462
55189.58054 18.32709 0.03086
55189.62557 18.35714 0.02789
55194.59026 18.51897 0.05115
55199.58559 18.28554 0.02386
55201.58642 18.43861 0.07209
55202.58667 18.37298 0.03022
55203.71441 18.3718 0.03166
55203.75743 18.30613 0.03243
55207.63092 18.31782 0.02678
55207.67514 18.31277 0.02354
55209.5968 18.33816 0.02084
55209.64149 18.34093 0.02158
55213.63312 18.25624 0.03634
55213.6798 18.25369 0.0385
55377.85123 18.2949 0.04414
55377.89535 18.37482 0.03846
55378.90615 18.50786 0.05061
55379.8591 18.41033 0.0367
55379.92482 18.29331 0.02821
55380.87684 18.40156 0.04048
55380.92078 18.39187 0.03591
55381.89606 18.38988 0.02901
55381.93934 18.38744 0.0276
55384.82671 18.39115 0.02691
55384.87028 18.38293 0.02423
55385.87021 18.33613 0.02319
55385.91339 18.35642 0.02066
55386.86524 18.33836 0.025
55386.90867 18.35116 0.02442
55387.87002 18.33272 0.02401
55387.91342 18.3743 0.02186
55388.86609 18.42027 0.0319
55388.91005 18.35954 0.0214
55390.80957 18.39816 0.03046
55390.85393 18.36738 0.0268
55391.80613 18.36115 0.03398
55391.87538 18.37593 0.02573
55392.83258 18.403 0.02931
55392.87538 18.36984 0.02527
55394.79908 18.40222 0.031
55394.8431 18.39443 0.02582
55395.79551 18.3916 0.03833
55395.84215 18.35654 0.02665
55396.79527 18.38487 0.03735
55396.83932 18.34482 0.02436
55397.79163 18.42396 0.04368
55397.83526 18.36343 0.02889
55398.78764 18.37662 0.04683
55398.83124 18.34526 0.03268
55399.78802 18.41022 0.04627
55399.83261 18.41196 0.03929
55400.78534 18.32678 0.05133
55400.8289 18.41078 0.03936
55401.78133 18.38796 0.06176
55401.82518 18.36317 0.04873
55402.77979 18.64901 0.08764
55402.8246 18.37957 0.05847
55403.77642 18.35016 0.08072
55403.81973 18.39365 0.06111
55404.77424 18.27982 0.05549
55404.84266 18.37502 0.04685
55405.8416 18.38192 0.04641
55407.7691 18.49768 0.05874
55407.83003 18.42779 0.05009
55408.78389 18.48773 0.10333
55411.79896 18.34926 0.04085
55412.75232 18.42507 0.04744
55412.79539 18.32388 0.04114
55413.75577 18.43914 0.0557
55413.79945 18.51259 0.04715
55414.75161 18.49662 0.0672
55414.79555 18.31827 0.03606
55415.75266 18.41895 0.05504
55415.79727 18.37717 0.0553
55416.75096 18.48634 0.05758
55416.79342 18.33537 0.0402
55417.75979 18.52872 0.05907
55417.84511 18.38165 0.04491
55418.79843 18.26935 0.04465
55418.84121 18.35776 0.03625
55419.75121 18.42834 0.06304
55419.79504 18.31845 0.0369
55420.78929 18.54495 0.05798
55420.83264 18.44437 0.04066
55421.73664 18.31556 0.02856
55421.79901 18.32811 0.02199
55422.75115 18.40378 0.02912
55422.79487 18.37015 0.02445
55423.74742 18.35272 0.02785
55423.79284 18.40487 0.02424
55424.75349 18.35108 0.03415
55424.80178 18.34336 0.02486
55425.76166 18.38079 0.03295
55425.80573 18.38508 0.02439
55426.80123 18.33373 0.03148
55426.8444 18.37303 0.02263
55427.79708 18.38133 0.0301
55427.8408 18.38192 0.02543
55428.79281 18.3405 0.03056
55428.83703 18.36867 0.02737
55429.8142 18.33258 0.02992
55429.85716 18.35881 0.02863
55430.75769 18.45888 0.04081
55430.80485 18.41848 0.03621
55431.75639 18.41796 0.04032
55431.80024 18.39653 0.04046
55432.73907 18.38054 0.05192
55432.78359 18.3868 0.05168
55433.70425 18.55413 0.07572
55433.7493 18.54824 0.06758
55434.69401 18.44242 0.07793
55434.73769 18.50384 0.05537
55435.69148 18.39388 0.0692
55436.88575 18.31635 0.04014
55436.88891 18.30267 0.03919
55436.8919 18.37664 0.04058
55436.89501 18.35542 0.04156
55436.89797 18.35826 0.0407
55436.90109 18.4094 0.04276
55436.9042 18.36028 0.04251
55436.90728 18.35154 0.04269
55436.91041 18.42714 0.04457
55436.91351 18.28804 0.03877
55436.91641 18.43888 0.04276
55436.91931 18.42137 0.04618
55436.92221 18.43896 0.04695
55436.92514 18.37395 0.04507
55436.92806 18.31421 0.04257
55436.93096 18.3869 0.04469
55436.93413 18.35709 0.04647
55436.93703 18.42281 0.04434
55436.93974 18.30759 0.04014
55436.94297 18.5386 0.04732
55436.94613 18.36238 0.04425
55436.94915 18.4341 0.04538
55436.95231 18.44252 0.04449
55436.9553 18.42524 0.04216
55436.95826 18.41076 0.04025
55436.96116 18.37102 0.03989
55436.96403 18.44218 0.04236
55436.96671 18.44644 0.04568
55438.88857 18.47463 0.03814
55438.89169 18.42425 0.03769
55438.89485 18.36755 0.03473
55438.89798 18.41469 0.0356
55438.90086 18.35111 0.03243
55438.90371 18.36122 0.03278
55438.9065 18.3657 0.03422
55438.90927 18.37617 0.03328
55438.91204 18.36233 0.03473
55438.91487 18.39948 0.03627
55438.91763 18.37775 0.03609
55438.92084 18.44688 0.04201
55438.92394 18.46253 0.04076
55438.92672 18.41406 0.03912
55438.92954 18.38434 0.04089
55438.93259 18.42213 0.04163
55438.93551 18.39848 0.03936
55438.93833 18.44503 0.03947
55438.94106 18.40378 0.0393
55438.94411 18.4071 0.03958
55438.94678 18.4339 0.04112
55438.95017 18.40245 0.03933
55438.95913 18.34988 0.0373
55438.96141 18.46497 0.03969
55440.87507 18.42363 0.02769
55440.87823 18.31364 0.02565
55440.88428 18.32714 0.0248
55440.88675 18.3983 0.02496
55440.8894 18.41556 0.02486
55440.89205 18.31473 0.0248
55440.89518 18.37262 0.02445
55440.89832 18.36919 0.02659
55440.90145 18.39655 0.02645
55440.90439 18.41181 0.02584
55440.90729 18.41058 0.0262
55440.91025 18.33839 0.02592
55440.91316 18.3351 0.0259
55440.91591 18.42925 0.02751
55440.9187 18.41293 0.0268
55440.92149 18.35885 0.02553
55440.92426 18.37421 0.02594
55440.93095 18.39219 0.02629
55440.93364 18.39792 0.02566
55440.93623 18.41239 0.02627
55440.9395 18.40191 0.02679
55440.94264 18.33375 0.0243
55440.94582 18.39498 0.02781
55440.94883 18.43311 0.02851
55440.95182 18.3495 0.02613
55440.95489 18.35951 0.02564
55440.95791 18.40137 0.02679
55441.87301 18.39238 0.02316
55441.87592 18.41357 0.022
55441.88645 18.39752 0.02255
55441.88962 18.37973 0.02276
55441.89254 18.40479 0.02345
55441.89542 18.39393 0.0222
55441.89828 18.40003 0.02194
55441.90107 18.39381 0.02219
55441.9037 18.4001 0.02293
55441.90634 18.36803 0.02128
55441.90906 18.40474 0.02158
55441.9118 18.37472 0.0217
55441.91445 18.38371 0.02175
55441.91722 18.35459 0.02243
55441.91981 18.38058 0.02422
55441.92242 18.39199 0.02365
55441.92546 18.42176 0.02188
55441.9281 18.35169 0.02297
55441.93183 18.40338 0.02285
55441.93458 18.36563 0.02266
55441.93727 18.39337 0.02379
55441.94048 18.36541 0.02185
55441.94326 18.37384 0.02201
55441.94546 18.39844 0.02257
55441.94852 18.3782 0.02135
55441.95194 18.40036 0.02141
55441.95469 18.3799 0.02248
55441.95786 18.41808 0.02208
55441.96081 18.39577 0.02337
55441.96392 18.41803 0.02349
55441.96715 18.39394 0.02183
55441.97012 18.40883 0.02301
55441.97294 18.39855 0.02193
55441.97532 18.38211 0.02175
55441.97757 18.36444 0.02227
55441.9798 18.39239 0.0224
55441.9835 18.366 0.02315
55441.9863 18.38831 0.02305
55441.98852 18.3814 0.02346
55441.99078 18.39428 0.02324
55441.99382 18.39374 0.02318
55442.00593 18.4016 0.02507
55442.00906 18.4218 0.02731
55442.01216 18.40142 0.02686
55442.01486 18.43419 0.03059
55442.01753 18.39593 0.0338
55442.02001 18.46087 0.03989
55442.02226 18.46272 0.04835
55442.70382 18.40259 0.02623
55442.70734 18.40825 0.02646
55442.71097 18.32594 0.02558
55442.71448 18.33826 0.02482
55442.71808 18.35936 0.02533
55442.72168 18.35046 0.02442
55442.72527 18.36132 0.0239
55442.73272 18.379 0.02296
55442.74184 18.40102 0.02233
55442.74882 18.41236 0.02211
55442.75572 18.33468 0.02223
55442.76147 18.36723 0.0225
55442.76615 18.39623 0.02328
55442.77616 18.36571 0.02367
55442.78135 18.3868 0.02162
55442.78615 18.39292 0.02171
55442.79145 18.33043 0.02087
55442.79615 18.3551 0.02157
55442.80186 18.35463 0.02147
55442.8093 18.37379 0.02025
55442.81443 18.40828 0.02159
55442.81939 18.38687 0.02046
55442.82447 18.36206 0.01982
55442.8293 18.39145 0.02137
55442.83541 18.34456 0.02028
55442.84012 18.38163 0.02026
55442.84597 18.38684 0.02093
55442.85112 18.36413 0.02133
55442.85657 18.37299 0.0209
55442.86387 18.42182 0.02227
55442.87002 18.39128 0.02115
55442.87503 18.38371 0.02121
55442.88048 18.37467 0.02018
55442.88617 18.33477 0.02054
55442.89221 18.42661 0.02199
55442.89785 18.38407 0.02159
55442.90297 18.36983 0.02123
55442.90871 18.38184 0.0211
55442.91368 18.39078 0.02086
55442.91875 18.37506 0.02143
55442.92384 18.39979 0.02113
55442.93037 18.38009 0.02289
55442.93642 18.3784 0.02126
55442.94588 18.42298 0.02533
55442.95166 18.37478 0.02118
55442.95754 18.37764 0.0216
55442.96246 18.39379 0.02261
55442.96833 18.37552 0.02323
55442.97317 18.35829 0.02114
55442.97782 18.35582 0.0211
55442.98206 18.37146 0.02118
55442.9872 18.35265 0.02222
55442.99348 18.39556 0.02333
55442.99858 18.38611 0.02139
55443.00329 18.37402 0.02261
55443.01002 18.31628 0.02265
55443.01702 18.40331 0.02715
55443.02387 18.39805 0.04552
55443.67742 18.44148 0.03482
55443.68488 18.40398 0.032
55443.69287 18.35536 0.02937
55443.70415 18.36988 0.02899
55443.71028 18.34266 0.02906
55443.71632 18.37014 0.02832
55443.72231 18.45666 0.02766
55443.72832 18.39894 0.0255
55443.736 18.35129 0.02556
55443.74306 18.38185 0.02328
55443.74812 18.3489 0.02397
55443.75372 18.35327 0.02358
55443.75946 18.42219 0.02426
55443.76526 18.34921 0.0246
55443.77007 18.4052 0.02571
55443.78027 18.36111 0.02482
55443.78539 18.37197 0.02274
55443.79156 18.38482 0.02334
55443.79717 18.3818 0.02242
55443.80302 18.3897 0.02245
55443.80895 18.40298 0.02311
55443.81493 18.37031 0.02318
55443.8204 18.43343 0.02359
55443.82634 18.35317 0.02115
55443.83239 18.36306 0.02192
55443.83783 18.34678 0.02157
55443.84415 18.32455 0.02073
55443.84958 18.37864 0.02133
55443.85553 18.41701 0.02162
55443.86252 18.4108 0.02282
55443.87576 18.39728 0.02222
55443.88141 18.36822 0.02084
55443.88892 18.36356 0.02273
55443.89412 18.45401 0.02446
55443.90077 18.36218 0.02352
55443.90658 18.39427 0.02174
55443.91235 18.40485 0.02242
55443.91779 18.42035 0.02432
55443.92403 18.39814 0.02416
55443.92967 18.41215 0.0233
55443.93496 18.39344 0.02338
55443.94073 18.39593 0.0229
55443.94779 18.38104 0.02454
55443.95355 18.35032 0.02203
55443.95925 18.39435 0.0231
55443.9693 18.35767 0.02454
55443.97555 18.438 0.02308
55443.98144 18.37148 0.02261
55443.98725 18.42757 0.02745
55443.99456 18.43006 0.02538
55444.00093 18.40129 0.02393
55444.0061 18.40016 0.02334
55444.01187 18.3396 0.02493
55444.0175 18.44133 0.03085
55444.02231 18.41447 0.04141
55444.66648 18.47557 0.03989
55444.67221 18.41367 0.03811
55444.67727 18.39737 0.03394
55444.68857 18.38653 0.03041
55444.69526 18.42933 0.03169
55444.70198 18.32796 0.02899
55444.7091 18.45906 0.0305
55444.71487 18.38615 0.02909
55444.72103 18.34768 0.02703
55444.72796 18.40029 0.02703
55444.73377 18.4089 0.0257
55444.74094 18.36913 0.02439
55444.74655 18.37413 0.02452
55444.75167 18.37486 0.02453
55444.75678 18.27913 0.02293
55444.76225 18.39138 0.02426
55444.7673 18.38063 0.0229
55444.77353 18.38435 0.02516
55444.77876 18.35735 0.02181
55444.78368 18.43277 0.02365
55444.79848 18.40865 0.0217
55444.80403 18.35601 0.02181
55444.81599 18.36753 0.02305
55444.8213 18.41244 0.02223
55444.83332 18.35249 0.02321
55444.83854 18.3761 0.02263
55444.84549 18.40927 0.02236
55444.85161 18.3784 0.02294
55444.85679 18.40071 0.02163
55444.86267 18.41612 0.02445
55444.86777 18.47049 0.02705
55444.87321 18.37535 0.0223
55444.87872 18.35891 0.02264
55444.88467 18.43113 0.0241
55444.89016 18.39207 0.02399
55444.89581 18.43285 0.02528
55444.90153 18.36588 0.02123
55444.90845 18.37406 0.0247
55444.91349 18.41673 0.02233
55444.92279 18.33668 0.02107
55444.93139 18.36948 0.02164
55444.94041 18.40717 0.02081
55444.94568 18.39102 0.02115
55444.951 18.44264 0.02376
55444.95724 18.37827 0.02329
55444.96289 18.406 0.02227
55444.96923 18.3923 0.02185
55444.97411 18.37334 0.0223
55444.98062 18.39019 0.02302
55444.98915 18.40998 0.02459
55444.99553 18.35752 0.02288
55445.00157 18.36749 0.02325
55445.00779 18.3961 0.02357
55445.01282 18.40826 0.02568
55445.01777 18.3867 0.03004
55445.02227 18.37088 0.03912
55445.66261 18.32061 0.03426
55445.66749 18.43756 0.03282
55445.67244 18.40246 0.03022
55445.67731 18.37129 0.03016
55445.68422 18.40855 0.0293
55445.6905 18.36513 0.02667
55445.69681 18.40836 0.02633
55445.70294 18.38988 0.02709
55445.70921 18.3703 0.02689
55445.71534 18.41435 0.02993
55445.72141 18.4941 0.03068
55445.72791 18.45226 0.02718
55445.73457 18.39426 0.02494
55445.74013 18.39795 0.02528
55445.7456 18.43214 0.02637
55445.75096 18.43379 0.02606
55445.75643 18.41687 0.02417
55445.76191 18.39514 0.02428
55445.76784 18.39727 0.02355
55445.7737 18.41228 0.02196
55445.779 18.37454 0.02195
55445.78479 18.37407 0.02235
55445.79025 18.37554 0.02225
55445.79613 18.3948 0.02225
55445.81095 18.40499 0.02296
55445.81845 18.41262 0.021
55445.82455 18.39833 0.02071
55445.83024 18.33402 0.02018
55445.84021 18.38314 0.0215
55445.84549 18.38006 0.02076
55445.85174 18.38184 0.02008
55445.85762 18.33659 0.01959
55445.8636 18.37309 0.02057
55445.86963 18.3745 0.02011
55445.87567 18.39907 0.02011
55445.88207 18.41756 0.02008
55445.88844 18.39091 0.02073
55445.89432 18.40964 0.02165
55445.89983 18.35174 0.01998
55445.90668 18.41092 0.02101
55445.91299 18.40583 0.02006
55445.91722 18.38987 0.02085
55445.92351 18.37059 0.0206
55445.92915 18.37244 0.0211
55445.93496 18.39843 0.01998
55445.94048 18.35762 0.02091
55445.95216 18.37661 0.02145
55445.95886 18.40481 0.02144
55445.97191 18.35755 0.02047
55445.97872 18.36273 0.02023
55445.98437 18.36485 0.02004
55445.98972 18.35838 0.02104
55445.99581 18.34193 0.02113
55446.00245 18.38314 0.02051
55446.00827 18.37595 0.02065
55446.01324 18.38082 0.0229
55446.01787 18.3698 0.02862
55446.0233 18.45136 0.03931
55446.66046 18.48123 0.03644
55446.66501 18.46239 0.03465
55446.67089 18.44691 0.03244
55446.67601 18.39299 0.03014
55446.6814 18.37964 0.03125
55446.68915 18.38647 0.02848
55446.70044 18.41044 0.02818
55446.70781 18.39367 0.02576
55446.71375 18.38375 0.02576
55446.71998 18.36662 0.02559
55446.7269 18.38933 0.02571
55446.73768 18.42025 0.02658
55446.74263 18.35645 0.02319
55446.74841 18.35473 0.02325
55446.75986 18.39656 0.02253
55446.76487 18.38238 0.02245
55446.77004 18.34737 0.02183
55446.77518 18.36411 0.02173
55446.78018 18.42016 0.02227
55446.78654 18.39517 0.02155
55446.79243 18.40368 0.02151
55446.79818 18.44097 0.02201
55446.80822 18.36451 0.02215
55446.81336 18.36174 0.02112
55446.81934 18.41953 0.02216
55446.82569 18.39907 0.02109
55446.83186 18.34426 0.02143
55446.83803 18.35321 0.02182
55446.84316 18.38625 0.02109
55446.84946 18.39261 0.02179
55446.85529 18.41836 0.02862
55446.86132 18.40174 0.02353
55446.87321 18.33978 0.02014
55446.87945 18.36252 0.02016
55446.88583 18.35939 0.02105
55446.89176 18.34467 0.02088
55446.89901 18.37508 0.02357
55446.90569 18.39142 0.02225
55446.91293 18.36952 0.02152
55446.91958 18.35546 0.02061
55446.92538 18.34534 0.02087
55446.93113 18.36838 0.02079
55446.93686 18.36018 0.02075
55446.94237 18.38028 0.02149
55446.94842 18.40699 0.02083
55446.95451 18.40356 0.02105
55446.96034 18.35273 0.0204
55446.96641 18.37827 0.02108
55446.97287 18.40808 0.02124
55446.97827 18.39074 0.02167
55446.98464 18.37162 0.02113
55446.99026 18.421 0.0199
55446.99646 18.41704 0.02064
55447.00329 18.36453 0.02145
55447.02248 18.48475 0.03727
55448.00377 18.40174 0.02058
55448.65527 18.47866 0.0372
55448.70146 18.44554 0.03086
55449.82958 18.41144 0.02224
55449.87259 18.40177 0.02122
55450.82585 18.34891 0.02213
55450.86998 18.36476 0.02018
55451.65338 18.35949 0.03134
55451.70095 18.38973 0.02623
55452.64792 18.36886 0.03281
55452.69243 18.37781 0.02773
55453.64519 18.37842 0.03532
55453.6895 18.35929 0.02807
55454.64058 18.41112 0.0398
55454.68793 18.4554 0.03731
55455.63923 18.47964 0.04151
55455.7154 18.37759 0.0313
55456.63346 18.5006 0.0463
55456.67702 18.44161 0.03549
55457.63067 18.38391 0.04648
55457.6732 18.38546 0.03459
55458.66069 18.42542 0.03943
55458.7057 18.35842 0.03547
55459.63016 18.48651 0.06758
55459.69034 18.53873 0.05452
55460.63624 18.39627 0.04699
55460.72453 18.4453 0.0388
55461.62523 18.50344 0.06938
55461.67649 18.46478 0.04977
55462.76573 18.42151 0.05235
55462.80848 18.50929 0.05529
55463.63005 18.43092 0.09031
55463.71104 18.58405 0.06434
55466.61784 18.43957 0.04052
55466.61959 18.45213 0.03913
55466.62134 18.40928 0.03243
55466.6231 18.4362 0.03135
55466.62486 18.45873 0.03367
55466.62661 18.42616 0.03085
55466.62943 18.41619 0.03377
55466.63143 18.40523 0.03273
55466.63348 18.378 0.03272
55466.67604 18.45314 0.04749
55467.62749 18.40718 0.03485
55468.7394 18.35066 0.03502
55468.78277 18.39281 0.03832
55469.73472 18.46616 0.05694
55469.80235 18.5597 0.0935
55470.77885 18.45576 0.06927
55470.82246 18.35595 0.029
55471.77466 18.3765 0.0216
55471.82993 18.52955 0.06167
55472.62548 18.4142 0.02863
55472.66936 18.40147 0.02476
55473.62096 18.49919 0.0553
55477.66775 18.3463 0.0244
55477.71276 18.39645 0.02536
55478.62384 18.38266 0.03127
55478.66775 18.34718 0.02708
55479.61565 18.42661 0.03169
55479.65968 18.35458 0.02651
55480.61506 18.37823 0.03095
55480.65805 18.37913 0.02617
55481.61182 18.34798 0.02963
55481.69382 18.37276 0.0224
55482.61769 18.41825 0.0329
55482.66188 18.37281 0.02663
55482.67843 18.36192 0.02452
55483.61039 18.41597 0.03335
55483.66512 18.43236 0.02658
55484.66377 18.426 0.02967
55484.70695 18.44704 0.02835
55485.61939 18.4035 0.0349
55485.66329 18.35726 0.02839
55486.61418 18.46312 0.04125
55486.658 18.41788 0.054
55497.84041 18.50855 0.0406
55497.89223 18.47518 0.03956
55498.71756 18.37063 0.02662
55498.79 18.40409 0.03348
55499.59404 18.38217 0.02798
55499.63881 18.42481 0.02771
55501.66259 18.47099 0.02926
55501.75706 18.39823 0.0248
55502.72145 18.43286 0.02826
55502.82148 18.40994 0.02818
55503.77762 18.43362 0.02789
55503.8732 18.48519 0.03147
55504.82418 18.4283 0.02632
55504.91868 18.4768 0.03309
55506.68972 18.33947 0.0307
55506.73387 18.40376 0.02382
55507.81368 18.47386 0.028
55507.89267 18.48653 0.03379
55513.658 18.41858 0.02765
55513.7418 18.48035 0.03082
55514.69377 18.42699 0.02959
55514.73749 18.47807 0.03384
55515.69951 18.43485 0.03165
55515.74236 18.35278 0.02986
55516.67238 18.39854 0.04091
55516.71654 18.45641 0.03911
55517.61497 18.40892 0.03866
55517.6584 18.36982 0.03488
55518.61481 18.38034 0.0423
55518.6578 18.52975 0.05345
55527.74242 18.48918 0.03523
55530.70615 18.47126 0.03331
55530.75072 18.55096 0.03983
55531.77418 18.48728 0.03754
55531.81743 18.44554 0.0483
55532.78408 18.44565 0.02495
55532.82836 18.46823 0.03267
55535.68432 18.427 0.02478
55537.58157 18.36919 0.04095
55537.62557 18.43314 0.02816
55538.57995 18.42522 0.02828
55538.62381 18.39881 0.02511
55539.58012 18.46453 0.03011
55539.62283 18.42168 0.02582
55540.61811 18.42369 0.02443
55540.66215 18.43758 0.02544
55541.61644 18.44581 0.03005
55541.65945 18.44078 0.03988
55544.59603 18.40923 0.03132
55544.64191 18.37029 0.03008
55545.59598 18.41829 0.03925
55545.63939 18.5111 0.03703
55558.75663 18.43322 0.03038
55559.7264 18.52234 0.05083
55561.73304 18.56019 0.03432
55561.77682 18.50874 0.04162
55567.59621 18.56139 0.03158
55575.595 18.45843 0.05525
55575.6386 18.39812 0.05095
55577.59504 18.37078 0.0641
55577.63849 18.5106 0.05835
55578.61202 18.35352 0.10432
55579.61368 18.42107 0.03899
55579.65687 18.51778 0.04285
55580.66998 18.47059 0.04348
55580.71648 18.45151 0.05954
55583.61703 18.38394 0.0265
55583.66119 18.39457 0.03614
55584.63985 18.44576 0.02815
55584.68286 18.42966 0.03371
55586.61685 18.4422 0.02752
55586.66038 18.39968 0.03106
55588.66264 18.54301 0.04678
55588.70647 18.55816 0.05317
55722.89872 18.42447 0.03523
55723.91976 18.48691 0.03221
55723.9634 18.40517 0.02944
55730.92322 18.41962 0.06137
55733.86776 18.29551 0.04
55733.91212 18.40976 0.03512
55750.83279 18.45392 0.03585
55750.87598 18.3873 0.02906
55753.86132 18.44232 0.04514
55756.88391 18.33065 0.05004
55756.93392 18.39355 0.04266
55759.84878 18.44492 0.04458
55759.89212 18.39124 0.03884
55762.79606 18.30201 0.04336
55762.8402 18.37427 0.0387
55766.7805 18.41953 0.03586
55766.83041 18.37752 0.03148
55768.77509 18.36622 0.03691
55768.82037 18.46618 0.03451
55769.80074 18.35708 0.02832
55769.84468 18.39223 0.02526
55770.78189 18.39359 0.03128
55770.82573 18.38353 0.02714
55771.78074 18.36588 0.02847
55771.82449 18.38013 0.02574
55774.75968 18.38495 0.03499
55774.80363 18.40815 0.02811
55775.7599 18.36272 0.0398
55775.80332 18.47923 0.04948
55779.7464 18.39255 0.03804
55779.79086 18.37775 0.02604
55780.74948 18.46297 0.03861
55780.79415 18.4493 0.02911
55782.7508 18.43012 0.04514
55782.7956 18.35477 0.03497
55783.7573 18.51148 0.05409
55783.80103 18.42231 0.04234
55784.74207 18.4564 0.06124
55789.73736 18.39925 0.06857
55789.78039 18.38932 0.05191
55790.73125 18.29575 0.05018
55790.77463 18.46729 0.04843
55791.73123 18.46595 0.05427
55791.77527 18.33155 0.04532
55793.74743 18.40377 0.04052
55793.79097 18.46501 0.03994
55794.75972 18.4329 0.03112
55794.81629 18.37969 0.03506
55809.66644 18.42335 0.0604
55809.7101 18.43674 0.04049
55811.66044 18.43708 0.05399
55811.7042 18.32298 0.03909
55812.65876 18.54126 0.05524
55812.70198 18.31878 0.0395
55813.66257 18.43713 0.04877
55813.70671 18.47983 0.04487
55818.70874 18.43293 0.08678
55820.63925 18.33741 0.03955
55820.68324 18.30973 0.06939
55821.63464 18.36185 0.03413
55822.63132 18.39229 0.03842
55822.67415 18.32789 0.02979
55823.62908 18.34915 0.03758
55823.67275 18.42146 0.03215
55824.62608 18.32749 0.04251
55824.6697 18.33703 0.02931
55838.61464 18.35704 0.04053
55838.65944 18.40756 0.0389
55842.61856 18.43664 0.05944
55842.66208 18.35131 0.04593
55843.61073 18.30667 0.06344
55843.65444 18.41764 0.05559
55844.60924 18.49911 0.06176
55844.65374 18.4372 0.05398
55849.60547 18.39822 0.03347
55849.65079 18.35628 0.04583
55850.60468 18.3539 0.03071
55850.64918 18.39758 0.0313
55851.60318 18.38974 0.03166
55851.64641 18.33912 0.02735
55852.60416 18.37069 0.032
55852.6481 18.34688 0.02672
55853.60163 18.30632 0.03333
55853.6463 18.3512 0.02712
55854.60164 18.32993 0.03225
55854.64607 18.34476 0.02502
55866.5884 18.34673 0.03526
55866.64679 18.34287 0.02918
55867.58757 18.39634 0.04228
55867.63053 18.3683 0.03739
55868.5865 18.33536 0.04179
55868.63002 18.37424 0.03447
55880.87841 18.35605 0.04913
55880.92255 18.51882 0.05292
55882.86968 18.37676 0.03431
55882.87146 18.42848 0.03329
55882.91495 18.41008 0.03889
55883.86679 18.34401 0.03469
55883.91496 18.4861 0.05171
55887.63181 18.39253 0.02787
55887.68352 18.40498 0.02954
55888.8957 18.51324 0.05674
55889.80049 18.3931 0.02542
55889.84447 18.36075 0.02599
55891.57974 18.40814 0.03379
55891.6225 18.31941 0.0284
55893.58261 18.37544 0.03151
55893.62546 18.40948 0.032
55894.58144 18.37062 0.03741
55894.62473 18.40441 0.06504
55896.58202 18.41827 0.03841
55898.82137 18.53604 0.05157
55898.86551 18.54432 0.04857
55899.80997 18.60235 0.06792
55902.58519 18.51402 0.06436
55902.64414 18.46986 0.05895
55903.58342 18.33916 0.0536
55903.62024 18.52816 0.05441
55904.58683 18.4237 0.05503
55906.58378 18.36198 0.04443
55906.64029 18.41808 0.04346
55916.59575 18.33807 0.03677
55916.64026 18.35288 0.02866
55922.6423 18.41923 0.0273
55923.59751 18.4255 0.03261
55923.64145 18.35703 0.02778
55924.60837 18.35242 0.02815
55925.59941 18.34451 0.04028
55925.67897 18.34622 0.02656
55926.58279 18.38089 0.03135
55926.62543 18.36315 0.02775
55930.58585 18.44875 0.05245
55930.62499 18.32717 0.04893
55931.58458 18.38129 0.04599
55931.62692 18.41811 0.04778
55932.62858 18.40489 0.04324
55936.60917 18.33876 0.03956
55936.65247 18.31312 0.04299
55937.58951 18.4191 0.03848
55937.63319 18.47619 0.08211
55939.64879 18.33399 0.03043
55939.6851 18.34543 0.03393
55940.59145 18.42155 0.0473
55940.64013 18.42146 0.05612
55941.59048 18.50785 0.08135
55943.69972 18.34813 0.02857
55943.74446 18.45187 0.03815
55944.64379 18.37429 0.02796
55944.67224 18.33911 0.02819
55946.63797 18.44444 0.06333
55947.59349 18.31335 0.02994
55947.63713 18.44328 0.05153
55949.64923 18.41707 0.03322
55949.6924 18.44406 0.04811
55952.60617 18.38061 0.03211
55952.64932 18.33134 0.03325
55953.59751 18.41693 0.03668
55953.64127 18.30582 0.03067
55954.59787 18.43201 0.04685
55954.64157 18.47529 0.04609
55958.61566 18.3465 0.04123
55958.67117 18.34581 0.04233
55959.64574 18.42402 0.05231
55960.60205 18.37273 0.04868
55960.64497 18.34888 0.0665
55962.61935 18.30201 0.04081
55962.69096 18.418 0.06403
56059.98484 18.37054 0.05845
56060.97134 18.40556 0.04827
56061.96903 18.34859 0.04187
56063.96519 18.32939 0.04714
56065.96588 18.48781 0.0493
56066.96916 18.30592 0.03927
56067.96802 18.30922 0.03662
56068.98301 18.33619 0.0742
56070.97101 18.37415 0.04353
56071.95528 18.35106 0.04112
56075.93073 18.25626 0.03807
56075.96117 18.31393 0.03506
56076.96161 18.26853 0.03255
56077.97941 18.43367 0.06183
56078.92335 18.34867 0.03949
56078.95394 18.44338 0.0392
56079.91957 18.34209 0.04401
56079.94994 18.3085 0.03059
56079.97946 18.35009 0.05882
56081.9528 18.51382 0.08098
56084.95914 18.38095 0.04678
56085.9361 18.31479 0.05888
56085.9661 18.34389 0.0492
56086.90079 18.38424 0.05677
56086.9317 18.2915 0.04197
56086.96186 18.31647 0.04361
56087.95118 18.38474 0.0406
56088.93216 18.29913 0.03767
56088.96298 18.36321 0.03516
56089.90743 18.29065 0.0401
56089.9375 18.30237 0.03499
56090.89626 18.29993 0.05368
56091.93224 18.3104 0.03287
56091.96189 18.24528 0.03274
56092.88532 18.23479 0.03487
56092.91513 18.26094 0.03219
56092.94551 18.2548 0.03028
56093.88544 18.28879 0.03872
56093.91605 18.32183 0.03521
56093.95942 18.32636 0.02895
56094.8793 18.37993 0.04114
56094.90895 18.3394 0.03545
56094.93794 18.2683 0.02982
56095.89413 18.27915 0.0376
56095.92394 18.37793 0.03929
56095.95378 18.36833 0.03219
56096.8846 18.29148 0.03582
56096.91464 18.30325 0.03171
56096.94475 18.30796 0.02865
56097.87211 18.44508 0.05293
56097.90204 18.33328 0.03124
56099.86796 18.2564 0.0311
56099.8979 18.2885 0.02672
56099.92867 18.27995 0.02414
56100.87134 18.32822 0.03659
56100.9014 18.37059 0.03396
56100.93113 18.39585 0.03022
56101.86099 18.41105 0.04753
56101.89166 18.36218 0.0373
56101.92164 18.28786 0.02975
56102.85884 18.30899 0.03516
56102.88948 18.3118 0.02939
56102.91975 18.29724 0.025
56103.85688 18.38527 0.04154
56103.89198 18.39996 0.0358
56103.92203 18.31183 0.03074
56104.86298 18.31508 0.03579
56104.89266 18.35585 0.0305
56104.92258 18.27604 0.02772
56105.87772 18.31752 0.03193
56105.90846 18.31328 0.029
56105.93782 18.27777 0.02833
56106.84826 18.27979 0.03287
56106.87859 18.24292 0.02777
56106.90907 18.28257 0.02618
56107.84497 18.28856 0.04741
56107.87579 18.24853 0.0323
56107.90655 18.32428 0.02875
56108.86703 18.43029 0.05658
56108.89669 18.20301 0.03259
56108.92686 18.29244 0.02789
56109.93363 18.26607 0.03269
56110.86774 18.265 0.0536
56110.89782 18.34205 0.04683
56110.92786 18.31954 0.04138
56111.86949 18.24081 0.05589
56111.91431 18.2247 0.04915
56111.94457 18.32305 0.0435
56112.91217 18.39713 0.07523
56113.8878 18.36167 0.05529
56113.93235 18.28196 0.04421
56113.96218 18.34336 0.04127
56114.87108 18.2845 0.0469
56114.92357 18.34539 0.0433
56114.95378 18.29353 0.0379
56115.85803 18.33959 0.05379
56115.88797 18.30166 0.04137
56115.9179 18.27478 0.03899
56116.90131 18.33992 0.0378
56116.93261 18.32316 0.03541
56116.96078 18.31185 0.03607
56117.86349 18.26112 0.0411
56117.89333 18.33704 0.04084
56117.92405 18.24892 0.03484
56118.82762 18.40789 0.05779
56118.85812 18.32631 0.04349
56118.8884 18.29338 0.03749
56119.81535 18.40494 0.05252
56119.84536 18.29468 0.05382
56120.95573 18.36422 0.04818
56122.80682 18.3798 0.06302
56123.80269 18.33692 0.03455
56123.8333 18.25386 0.02902
56123.86323 18.22462 0.02663
56124.8239 18.34563 0.03451
56124.85579 18.34415 0.03426
56124.90647 18.3383 0.03057
56125.83541 18.29098 0.0297
56125.8655 18.29634 0.02709
56125.89611 18.29265 0.0257
56126.79674 18.29969 0.03658
56126.82683 18.28859 0.03434
56126.85662 18.38888 0.05583
56127.84219 18.32351 0.04575
56127.87262 18.31738 0.02827
56128.79045 18.36441 0.04039
56128.8202 18.24892 0.02694
56128.8509 18.27396 0.02456
56129.81763 18.26636 0.03104
56129.84839 18.32363 0.02902
56130.78415 18.32769 0.03889
56130.81619 18.27388 0.03478
56130.84603 18.295 0.03803
56131.81956 18.20954 0.03028
56131.84966 18.23587 0.0281
56131.87991 18.29367 0.02578
56132.81342 18.26796 0.02853
56132.85526 18.30378 0.02736
56133.77702 18.27907 0.03169
56133.80732 18.26115 0.02858
56133.83817 18.26626 0.02724
56135.77548 18.24547 0.03439
56135.80558 18.30411 0.02755
56135.8357 18.2872 0.02028
56136.78168 18.32568 0.03524
56136.81139 18.30343 0.03197
56136.84105 18.34867 0.02758
56137.77719 18.2482 0.037
56137.8165 18.44064 0.07174
56137.84943 18.23909 0.04238
56138.79423 18.34501 0.06918
56143.75013 18.39232 0.06251
56143.77946 18.31921 0.0537
56143.81202 18.3187 0.04873
56144.79078 18.34176 0.04405
56144.82138 18.24924 0.03705
56145.74531 18.19827 0.07445
56145.77477 18.19203 0.06051
56145.80436 18.24755 0.05101
56146.77217 18.24362 0.05156
56146.83591 18.30626 0.03789
56147.75046 18.38488 0.03865
56147.78019 18.21162 0.04157
56147.81614 18.29421 0.03707
56148.73743 18.28417 0.03309
56148.76798 18.25802 0.02931
56148.79928 18.32663 0.03386
56151.84315 18.24981 0.01861
56151.87618 18.25117 0.01948
56151.91621 18.26433 0.01836
56164.86055 18.28699 0.01867
56164.89061 18.27928 0.01725
56164.92052 18.27635 0.01818
56165.82275 18.25172 0.02277
56165.85221 18.30346 0.0195
56165.88255 18.26681 0.01786
56166.78411 18.22987 0.02736
56166.82415 18.27951 0.02426
56166.85436 18.27479 0.02179
56167.76082 18.30219 0.03279
56167.79008 18.31848 0.02947
56167.82893 18.26812 0.02594
56168.73084 18.36551 0.03894
56168.76135 18.35852 0.03658
56168.79094 18.27308 0.0337
56169.70528 18.14359 0.0569
56169.73488 18.28327 0.04888
56169.78208 18.29238 0.04945
56170.70609 18.28861 0.0649
56170.73648 18.36172 0.05919
56170.76821 18.28599 0.05335
56176.66101 18.34266 0.04793
56176.74473 18.288 0.03375
56176.77537 18.24624 0.03521
56177.67775 18.29158 0.02471
56177.71467 18.26626 0.02289
56177.7448 18.27681 0.02202
56178.65701 18.3729 0.03531
56178.7245 18.30172 0.03092
56178.75548 18.28964 0.02168
56189.71737 18.31783 0.02739
56189.74707 18.30902 0.02437
56194.65274 18.3219 0.0371
56194.68156 18.3008 0.03323
56194.73072 18.29781 0.02771
56195.63238 18.30904 0.04079
56195.68489 18.27265 0.03507
56195.74387 18.31595 0.03189
56196.64868 18.36325 0.03902
56196.67925 18.35327 0.04005
56196.70945 18.26095 0.03436
56197.62224 18.486 0.05664
56197.65122 18.37568 0.05659
56197.68048 18.35402 0.04417
56198.63271 18.28847 0.05459
56198.66294 18.38496 0.05804
56198.69225 18.31193 0.04547
56202.61563 18.28294 0.05767
56202.64754 18.3534 0.0613
56202.70169 18.35665 0.04902
56207.71676 18.38679 0.04331
56207.82773 18.29908 0.05812
56224.66207 18.35447 0.03375
56224.69182 18.31803 0.03586
56225.74851 18.32036 0.034
56225.84088 18.27552 0.03337
56226.75858 18.53765 0.06525
56227.72154 18.30429 0.04415
56227.75148 18.32029 0.04521
56228.67316 18.30499 0.03859
56228.71 18.26211 0.04236
56229.61202 18.26874 0.04679
56229.68338 18.31611 0.04525
56230.64599 18.24952 0.05126
56230.73676 18.38271 0.04803
56231.86041 18.38402 0.0469
56232.82116 18.34321 0.03194
56233.75399 18.30582 0.03574
56233.78371 18.37403 0.04786
56234.68453 18.32912 0.03034
56234.71313 18.33339 0.03123
56235.61461 18.32847 0.0283
56235.64419 18.31266 0.023
56236.58514 18.30437 0.03752
56236.61561 18.29076 0.0274
56237.58477 18.3352 0.02942
56237.61509 18.32934 0.02531
56238.58334 18.29456 0.03191
56238.61531 18.31407 0.02456
56239.58294 18.23293 0.02968
56239.61141 18.26643 0.02441
56251.83071 18.32939 0.02444
56251.86073 18.30696 0.0261
56252.58576 18.26244 0.02605
56252.60631 18.28756 0.02562
56252.62487 18.32882 0.0265
56252.64555 18.29379 0.02586
56252.66096 18.25358 0.02458
56252.69879 18.23826 0.02649
56252.71706 18.27972 0.02625
56252.73499 18.28879 0.0246
56252.75258 18.243 0.02374
56252.76856 18.29287 0.02674
56252.78929 18.28419 0.03279
56252.80517 18.31172 0.02978
56252.821 18.30119 0.02499
56252.83831 18.3126 0.0256
56252.85634 18.32437 0.0259
56253.58621 18.33316 0.03091
56253.60335 18.3351 0.03049
56253.62054 18.36396 0.03116
56253.63682 18.28025 0.02829
56253.6539 18.33182 0.0313
56253.6721 18.3268 0.03269
56253.70902 18.28686 0.0321
56253.7307 18.30925 0.03102
56253.75003 18.32503 0.03737
56253.76637 18.33084 0.03508
56253.78832 18.32919 0.03405
56253.8078 18.31151 0.03483
56253.82956 18.32503 0.03312
56253.85372 18.29408 0.03238
56254.74613 18.27972 0.0319
56254.77889 18.34723 0.0348
56255.68248 18.36154 0.03598
56255.7252 18.36967 0.03905
56256.62657 18.22835 0.03443
56256.6557 18.27283 0.04057
56257.58763 18.28767 0.04298
56257.64219 18.3387 0.03828
56258.58614 18.23788 0.05001
56258.61848 18.32387 0.03982
56259.59443 18.24709 0.04293
56259.62495 18.34224 0.04328
56265.629 18.3002 0.02337
56265.6592 18.27841 0.02869
56266.58222 18.31831 0.0403
56266.6126 18.35118 0.08708
56267.58751 18.3543 0.0244
56267.61751 18.28889 0.02385
56268.59364 18.281 0.02211
56268.62314 18.28763 0.02179
56269.58319 18.32425 0.02379
56269.58435 18.33354 0.0224
56269.58546 18.30035 0.02211
56269.58657 18.26431 0.02202
56269.58771 18.34057 0.02274
56269.58893 18.27763 0.02158
56269.59006 18.34413 0.02238
56269.59133 18.33331 0.02233
56269.59245 18.29642 0.02063
56269.59364 18.29831 0.02137
56269.59478 18.30421 0.02189
56269.596 18.32936 0.02069
56269.59713 18.33173 0.02132
56269.59843 18.30515 0.02169
56269.59956 18.30207 0.02149
56269.60977 18.29535 0.0216
56269.61093 18.30758 0.02083
56269.6121 18.32804 0.02124
56269.61321 18.30486 0.02182
56269.61434 18.27825 0.02134
56269.61547 18.28461 0.02188
56269.61659 18.34185 0.02306
56269.61773 18.34074 0.02269
56269.61884 18.30605 0.02168
56269.61995 18.33486 0.02156
56269.62115 18.31945 0.02228
56269.6223 18.30002 0.02063
56269.62343 18.29529 0.02083
56269.62457 18.29439 0.01993
56269.62569 18.33036 0.02164
56269.62688 18.30695 0.02095
56269.628 18.31535 0.0216
56269.6375 18.34198 0.02223
56269.63881 18.30975 0.02096
56269.64001 18.35281 0.02132
56269.64114 18.3206 0.02076
56269.64226 18.28822 0.02061
56269.64337 18.31587 0.02126
56269.6445 18.31061 0.02016
56269.64562 18.3072 0.01984
56269.64675 18.32894 0.02032
56269.64789 18.28647 0.02063
56269.64905 18.26643 0.01968
56269.65017 18.27531 0.02057
56269.65129 18.30754 0.02041
56269.65247 18.33088 0.0215
56269.65359 18.2932 0.02109
56269.65473 18.2778 0.02122
56269.65585 18.30074 0.02078
56269.65698 18.30954 0.02082
56269.65819 18.28698 0.02067
56269.65932 18.26516 0.02051
56269.66055 18.26276 0.02016
56269.66167 18.29937 0.02092
56269.66279 18.30874 0.02098
56269.66393 18.32183 0.0208
56269.66595 18.32789 0.02045
56269.66717 18.28892 0.02055
56269.66829 18.27716 0.02002
56269.66952 18.30347 0.01969
56269.67064 18.29695 0.02021
56269.67184 18.28736 0.02015
56269.673 18.32483 0.02091
56269.67412 18.32403 0.01974
56269.67533 18.30495 0.01989
56269.67646 18.33033 0.02065
56269.6776 18.32446 0.01986
56269.67883 18.30908 0.01945
56269.67997 18.3423 0.02057
56269.6812 18.27657 0.01943
56269.68232 18.3128 0.01992
56269.68343 18.30223 0.02006
56269.68473 18.29649 0.01986
56269.68592 18.32644 0.01972
56269.68705 18.28515 0.02101
56269.68816 18.28363 0.02039
56269.68929 18.29161 0.02069
56269.69041 18.31525 0.02029
56269.69157 18.31237 0.02013
56269.69269 18.28826 0.02024
56269.69383 18.31054 0.02115
56269.69496 18.31747 0.02062
56269.69608 18.29344 0.02025
56269.69898 18.27286 0.02033
56269.70011 18.30317 0.01985
56269.70126 18.31189 0.02061
56269.70241 18.28409 0.02009
56269.70357 18.33308 0.02014
56269.70468 18.31191 0.02082
56269.70581 18.29285 0.02127
56269.70705 18.29365 0.02115
56269.70816 18.29974 0.02093
56269.70937 18.26504 0.01965
56269.7105 18.2749 0.02009
56269.71167 18.33172 0.02141
56269.7128 18.28387 0.01988
56269.71403 18.27426 0.02058
56269.71516 18.30889 0.02023
56269.7163 18.27182 0.0204
56269.72641 18.27308 0.02179
56269.72763 18.29878 0.02032
56269.72875 18.29106 0.02021
56269.72987 18.29006 0.02083
56269.731 18.27755 0.02038
56269.73213 18.27717 0.02079
56269.73326 18.31407 0.02118
56269.73438 18.33272 0.02115
56269.73557 18.32757 0.02224
56269.73682 18.311 0.02138
56269.73796 18.29341 0.02118
56269.73911 18.31764 0.02148
56269.74036 18.28456 0.02051
56269.74147 18.2989 0.02101
56269.74272 18.28276 0.02027
56269.74391 18.30618 0.02163
56269.74502 18.29643 0.02179
56269.7462 18.3165 0.02069
56269.74734 18.30264 0.02182
56269.74846 18.26495 0.0214
56269.74961 18.28374 0.02111
56269.75074 18.27254 0.0212
56269.75201 18.32858 0.02188
56269.75316 18.31014 0.02124
56269.75429 18.26237 0.02126
56269.75553 18.30501 0.02193
56269.75665 18.30851 0.02161
56269.75779 18.30921 0.02345
56269.75895 18.30105 0.0218
56269.76008 18.30775 0.02233
56269.76123 18.27332 0.02204
56269.76235 18.32874 0.02182
56269.76348 18.28702 0.02201
56269.76459 18.29812 0.02362
56269.76573 18.27954 0.02202
56269.78036 18.28838 0.025
56269.78151 18.30761 0.02274
56269.78271 18.31315 0.02296
56269.78391 18.30962 0.02244
56269.78511 18.28429 0.022
56269.78751 18.27037 0.02236
56269.78876 18.28876 0.0221
56269.78989 18.3278 0.02278
56269.79108 18.30104 0.02255
56269.79227 18.33303 0.02242
56269.79356 18.34458 0.02241
56269.79478 18.29951 0.02267
56269.7959 18.28256 0.0223
56269.79701 18.30041 0.02278
56269.79816 18.27452 0.02321
56269.79928 18.28754 0.0224
56269.80041 18.31039 0.02251
56269.80156 18.31658 0.02329
56269.80276 18.34569 0.02285
56269.80404 18.27842 0.02301
56269.80517 18.30005 0.02244
56269.80638 18.33136 0.02242
56269.80752 18.30501 0.0239
56269.80866 18.3033 0.02398
56270.57931 18.32618 0.02604
56270.58058 18.27079 0.02142
56270.58188 18.27551 0.02209
56270.58305 18.28589 0.02224
56270.58429 18.27538 0.02158
56270.58556 18.2955 0.02087
56270.58671 18.32476 0.02211
56270.58798 18.25541 0.02098
56270.58926 18.30781 0.02009
56270.59051 18.27931 0.01986
56270.59176 18.26532 0.02087
56270.59301 18.27514 0.0204
56270.59588 18.262 0.01999
56270.59719 18.29545 0.01963
56270.59846 18.30992 0.02067
56270.59973 18.29999 0.0202
56270.60101 18.29973 0.0205
56270.60229 18.26034 0.02
56270.60361 18.27762 0.02013
56270.60484 18.30448 0.02073
56270.60617 18.27331 0.02089
56270.60733 18.28691 0.01959
56270.60868 18.2917 0.02001
56270.60993 18.30592 0.02001
56270.61121 18.28466 0.02062
56270.61244 18.2676 0.01959
56270.61368 18.26913 0.02055
56270.61481 18.27298 0.01966
56270.61593 18.30159 0.01987
56270.61713 18.30185 0.01973
56270.61835 18.2978 0.0203
56270.61963 18.29053 0.0199
56270.62082 18.26955 0.01975
56270.62212 18.2863 0.01925
56270.62324 18.28522 0.01991
56270.62438 18.26362 0.01961
56270.6255 18.3187 0.02047
56270.62668 18.26752 0.02103
56270.62781 18.333 0.02132
56270.62895 18.27964 0.02102
56270.63017 18.26967 0.01986
56270.6313 18.26998 0.01964
56270.63259 18.25917 0.01973
56270.63372 18.29334 0.0201
56270.63484 18.27517 0.0198
56270.64581 18.28957 0.02121
56270.64713 18.27981 0.02018
56270.64825 18.2754 0.02057
56270.6495 18.26737 0.02009
56270.65082 18.28323 0.0206
56270.65222 18.31739 0.01969
56270.65336 18.32315 0.02035
56270.6545 18.27493 0.01957
56270.65562 18.26679 0.02008
56270.65697 18.29247 0.01972
56270.65832 18.30452 0.01994
56270.65959 18.2632 0.02016
56270.66092 18.29888 0.01957
56270.66217 18.31122 0.02022
56270.66351 18.28222 0.01978
56270.66477 18.30362 0.0198
56270.67891 18.25525 0.02089
56270.68008 18.28996 0.02013
56270.68122 18.30449 0.02061
56270.68243 18.28783 0.01978
56270.68382 18.27321 0.0196
56270.68508 18.26567 0.01922
56270.68653 18.28601 0.01981
56270.68784 18.2867 0.01928
56270.68912 18.27933 0.0192
56270.69114 18.27192 0.01911
56270.69232 18.26735 0.01972
56270.69365 18.2925 0.01963
56270.6948 18.28334 0.01999
56270.69617 18.26277 0.01981
56270.69746 18.27334 0.01959
56270.6986 18.29034 0.01993
56270.6999 18.26838 0.01909
56270.70121 18.25741 0.01945
56270.70235 18.307 0.01979
56270.70349 18.28697 0.02075
56270.70482 18.31159 0.0198
56270.70613 18.24734 0.01934
56270.70726 18.27561 0.01958
56270.7086 18.2418 0.01978
56270.70972 18.3119 0.01979
56270.71103 18.27612 0.01985
56270.71235 18.24772 0.01966
56270.71347 18.28777 0.01977
56270.71481 18.29685 0.02021
56270.71608 18.30002 0.0197
56270.71722 18.28436 0.01949
56270.71853 18.27376 0.01944
56270.71967 18.2591 0.01961
56270.72098 18.28884 0.02
56270.72302 18.30879 0.02031
56270.72439 18.25367 0.0197
56270.72553 18.30147 0.02096
56270.72665 18.29298 0.01979
56270.72793 18.28708 0.01986
56270.72927 18.32274 0.01981
56270.73043 18.29029 0.0199
56270.73161 18.31594 0.01969
56270.73292 18.31828 0.01987
56270.73506 18.28671 0.01904
56270.73622 18.28236 0.01994
56270.73753 18.31889 0.02105
56270.73887 18.26439 0.02049
56270.74001 18.29962 0.02034
56270.74126 18.27167 0.02043
56270.7424 18.32963 0.0205
56270.74369 18.24677 0.02007
56270.74498 18.26156 0.02034
56270.74609 18.29542 0.0219
56270.74744 18.25451 0.02003
56270.7486 18.30537 0.0218
56270.74995 18.24066 0.02031
56270.75121 18.28623 0.02098
56270.75241 18.27133 0.02077
56270.75372 18.31207 0.02013
56270.75502 18.32405 0.02041
56270.75706 18.2696 0.02072
56270.75826 18.28286 0.02128
56270.75948 18.25295 0.02085
56270.76078 18.30035 0.02186
56270.76208 18.29434 0.02105
56270.77223 18.25852 0.02139
56270.77464 18.2718 0.02124
56270.77775 18.3017 0.02183
56270.77887 18.28226 0.02106
56270.78012 18.30599 0.02146
56270.78147 18.30665 0.02235
56270.78273 18.29032 0.0223
56270.784 18.31551 0.02219
56270.78526 18.29922 0.02269
56270.78661 18.27358 0.02272
56270.78776 18.32333 0.02279
56270.7891 18.31346 0.02431
56270.79021 18.2681 0.02333
56270.79151 18.29421 0.0225
56270.7928 18.30426 0.02309
56270.79391 18.30069 0.02267
56270.79508 18.30736 0.02181
56270.79619 18.34487 0.02225
56270.7975 18.28785 0.02246
56270.79862 18.27977 0.02279
56270.79991 18.32516 0.02366
56270.80111 18.25697 0.02268
56270.80249 18.27031 0.0214
56270.80509 18.27833 0.02315
56270.80715 18.27618 0.0233
56270.80837 18.30161 0.02187
56270.80963 18.27713 0.02233
56271.71236 18.34823 0.0279
56271.74462 18.36107 0.0286
56272.64495 18.29552 0.02479
56272.7082 18.33169 0.02654
56273.60993 18.28433 0.02521
56273.63946 18.28036 0.02624
56281.58737 18.42729 0.03814
56281.61668 18.31648 0.03427
56282.58095 18.34968 0.0321
56282.61036 18.30486 0.03127
56282.62819 18.31607 0.02957
56297.58897 18.26365 0.02508
56297.59019 18.2957 0.02266
56297.5937 18.32251 0.02265
56297.59722 18.3133 0.02314
56297.59904 18.25495 0.02222
56297.60164 18.29651 0.02257
56297.60284 18.26344 0.02117
56297.6053 18.3049 0.02272
56297.61734 18.32419 0.02423
56297.61965 18.30754 0.0224
56297.62198 18.31759 0.02303
56297.62474 18.35163 0.02286
56297.62597 18.29259 0.0221
56297.62818 18.3289 0.02253
56297.63051 18.31816 0.02403
56297.63246 18.31789 0.02414
56297.6337 18.28288 0.02353
56297.63597 18.26567 0.0237
56297.63722 18.29951 0.0225
56297.63944 18.35496 0.02438
56297.64162 18.31347 0.02397
56297.64281 18.34245 0.02446
56297.64393 18.31404 0.02335
56297.64612 18.31079 0.02386
56297.64742 18.30437 0.0236
56297.64964 18.3666 0.02284
56297.65084 18.2989 0.02249
56297.65434 18.26524 0.02263
56297.65811 18.31917 0.0242
56297.65988 18.29863 0.02293
56297.66121 18.30038 0.02385
56297.66483 18.31496 0.02512
56297.66714 18.34561 0.02279
56297.67315 18.29212 0.02246
56297.67547 18.35947 0.02564
56297.67675 18.30393 0.02397
56297.67954 18.31441 0.0247
56297.68076 18.29301 0.02261
56297.6819 18.28739 0.02319
56297.68325 18.28731 0.02333
56297.68541 18.30624 0.02371
56297.68786 18.27133 0.02321
56297.69171 18.30272 0.02393
56297.69635 18.2778 0.02368
56297.69767 18.29438 0.02291
56297.70113 18.26558 0.02345
56297.70743 18.29178 0.02405
56297.71084 18.30598 0.02353
56297.71401 18.32708 0.02431
56297.71668 18.28313 0.025
56297.7179 18.32945 0.02535
56297.72049 18.27956 0.02538
56297.72327 18.31113 0.02516
56297.72448 18.31555 0.02409
56297.72584 18.26069 0.02561
56297.72772 18.31675 0.02724
56297.72894 18.27378 0.0268
56297.74317 18.33942 0.0277
56297.74683 18.28097 0.02879
56297.74996 18.33567 0.02748
56297.75123 18.29925 0.02717
56297.75493 18.35873 0.0279
56297.75709 18.28194 0.02692
56297.7583 18.31858 0.02889
56297.76047 18.29096 0.02886
56297.76167 18.3094 0.0285
56297.76388 18.31415 0.02739
56297.76506 18.34368 0.03025
56297.76834 18.32408 0.02869
56297.77069 18.27836 0.02948
56297.77185 18.3281 0.02886
56297.77383 18.32884 0.02863
56297.79199 18.34372 0.03278
56297.79318 18.37606 0.03324
56297.79645 18.35539 0.03668
56297.79838 18.36631 0.03754
56297.79953 18.40487 0.03641
56297.80077 18.35277 0.03837
56297.80192 18.20628 0.03576
56297.80312 18.29495 0.03726
56297.80437 18.3857 0.04005
56297.80564 18.25134 0.03514
56297.80864 18.26144 0.03702
56298.58895 18.30111 0.03301
56298.59013 18.34329 0.03478
56298.59235 18.28719 0.04409
56298.59354 18.26027 0.04249
56298.59724 18.32519 0.04592
56298.59842 18.2583 0.04245
56298.60089 18.39612 0.04562
56298.6021 18.30335 0.04186
56298.60332 18.341 0.04333
56298.60466 18.37239 0.04777
56298.60701 18.41006 0.04453
56298.60823 18.2202 0.04359
56298.61034 18.31965 0.04157
56298.61272 18.30225 0.04017
56298.61595 18.38703 0.03153
56298.61811 18.31431 0.02661
56298.62047 18.33599 0.03019
56298.62171 18.32601 0.03788
56298.62426 18.3348 0.0301
56298.62643 18.33189 0.03403
56298.62762 18.29028 0.04032
56298.63098 18.27867 0.03368
56298.63219 18.37209 0.03077
56298.63473 18.33883 0.03174
56298.63687 18.31339 0.03201
56298.63807 18.29065 0.03457
56298.63935 18.34317 0.0349
56298.64364 18.33088 0.02575
56298.64578 18.31915 0.02882
56298.64695 18.38392 0.03439
56298.6481 18.32162 0.02824
56298.65082 18.2918 0.02906
56298.65294 18.35562 0.02805
56298.65509 18.29819 0.02515
56298.65745 18.32872 0.03917
56298.65865 18.27494 0.0243
56298.66081 18.29441 0.02472
56298.66198 18.31272 0.02361
56298.66411 18.29653 0.02509
56298.66639 18.25499 0.02523
56298.6699 18.32386 0.0243
56298.68256 18.33394 0.02948
56298.68492 18.28805 0.03265
56298.68729 18.37235 0.04394
56298.68852 18.38199 0.048
56298.6908 18.31426 0.06816
56301.59099 18.33464 0.02604
56302.5927 18.26934 0.06276
56302.62153 18.31132 0.03609
56305.59416 18.29396 0.02427
56305.62276 18.29245 0.02373
56307.60089 18.48095 0.04586
56307.63151 18.38134 0.02979
56308.60019 18.40374 0.03219
56308.63015 18.4499 0.03804
56310.60466 18.37564 0.03361
56310.63503 18.35876 0.03223
56311.59823 18.39678 0.03129
56311.62777 18.34218 0.03648
56312.59699 18.43925 0.05075
56312.63396 18.503 0.0551
56313.60478 18.29546 0.0321
56313.63593 18.36638 0.03682
56314.61498 18.30143 0.03573
56314.64504 18.54443 0.04922
56322.60046 18.37447 0.03782
56322.63022 18.40407 0.03285
56323.59943 18.30783 0.02898
56323.60059 18.27706 0.02611
56323.60172 18.27343 0.02543
56323.60284 18.33437 0.02519
56323.60396 18.26077 0.02447
56323.60508 18.32119 0.02435
56323.60621 18.33993 0.02508
56323.60734 18.28842 0.02457
56323.60846 18.26837 0.02329
56323.60959 18.33497 0.02416
56323.61071 18.28237 0.02384
56323.61183 18.33264 0.02442
56323.61297 18.268 0.0249
56323.61409 18.33154 0.02563
56323.61521 18.3362 0.02453
56323.61635 18.29592 0.02363
56323.61747 18.30599 0.02394
56323.61859 18.291 0.02509
56323.61971 18.29397 0.02452
56323.62085 18.31004 0.0234
56323.62197 18.36427 0.02513
56323.62309 18.30365 0.02412
56323.62423 18.28706 0.02589
56323.62535 18.31227 0.02432
56323.62647 18.28734 0.02508
56323.62759 18.28982 0.0239
56323.62872 18.30492 0.02508
56323.62985 18.36594 0.02668
56323.63097 18.29494 0.02429
56323.6321 18.2947 0.02408
56323.63322 18.30012 0.02517
56323.63435 18.28497 0.02609
56323.63549 18.28737 0.02539
56323.63661 18.33814 0.0256
56323.63773 18.33082 0.02484
56323.63887 18.32083 0.02573
56323.63999 18.31508 0.02474
56323.64112 18.34736 0.02535
56323.64225 18.27788 0.02493
56323.64338 18.29376 0.0263
56323.6445 18.3264 0.02607
56323.64563 18.31517 0.02579
56323.64676 18.2548 0.02381
56323.64789 18.2952 0.02469
56323.64902 18.35411 0.02601
56323.65014 18.27173 0.02471
56323.65127 18.29893 0.02645
56323.6524 18.28188 0.02537
56323.65352 18.34481 0.02548
56323.65465 18.328 0.02611
56323.65577 18.31555 0.02706
56323.65691 18.34199 0.02619
56323.65803 18.32622 0.02634
56323.65917 18.33873 0.02708
56323.66029 18.3105 0.02779
56323.66142 18.37783 0.02886
56323.66255 18.34777 0.0284
56323.66367 18.36023 0.02909
56323.6648 18.28375 0.02782
56323.66594 18.34465 0.02796
56323.66706 18.32396 0.03066
56323.66819 18.30029 0.03121
56323.66932 18.30157 0.03129
56323.67045 18.38061 0.03168
56323.67158 18.32854 0.02971
56323.67271 18.33722 0.02968
56323.67384 18.30812 0.02809
56323.67496 18.31173 0.03016
56323.67613 18.34101 0.03014
56323.67725 18.37671 0.03135
56323.67838 18.31869 0.03129
56323.67951 18.31952 0.03056
56323.68065 18.35762 0.02981
56323.68177 18.32242 0.03204
56323.6829 18.33122 0.03101
56323.68402 18.28494 0.03033
56323.68516 18.30072 0.03186
56323.68628 18.34337 0.03139
56323.68742 18.30845 0.02909
56323.68855 18.26792 0.02725
56323.68967 18.27522 0.03037
56323.69081 18.29452 0.03123
56323.69194 18.3134 0.03221
56323.69306 18.36159 0.03301
56323.6942 18.35465 0.03583
56323.69532 18.35847 0.03533
56323.69644 18.38259 0.0349
56323.69758 18.29375 0.03491
56323.6987 18.35171 0.03723
56323.69982 18.45584 0.03782
56323.70094 18.32187 0.03906
56323.70208 18.32322 0.03704
56323.7032 18.39788 0.03879
56323.70434 18.38893 0.03969
56323.70546 18.32266 0.03857
56323.70659 18.36334 0.03886
56323.70772 18.41538 0.04628
56323.70887 18.36687 0.04209
56323.71001 18.3535 0.04457
56323.71114 18.35947 0.04464
56323.71226 18.27994 0.0438
56323.7134 18.38256 0.04793
56323.71453 18.38672 0.05
56323.71565 18.53493 0.05197
56323.71679 18.52906 0.06212
56323.71791 18.3854 0.06032
56323.71905 18.44519 0.05778
56323.72017 18.50481 0.05461
56323.7213 18.48616 0.06589
56323.72242 18.43033 0.05975
56323.72356 18.4313 0.05726
56323.72468 18.4165 0.05951
56323.72582 18.38043 0.06133
56323.72695 18.5319 0.06168
56323.72808 18.53369 0.06419
56323.72921 18.48367 0.06134
56323.73034 18.35972 0.06316
56323.73146 18.47003 0.07
56323.73259 18.34345 0.06508
56323.73485 18.62931 0.0689
56324.6344 18.33074 0.02815
56324.67356 18.37823 0.02857
56328.60109 18.27886 0.03006
56328.63041 18.28731 0.02347
56329.6158 18.29435 0.03978
56330.60568 18.26473 0.02665
56330.63442 18.31976 0.02748
56336.60557 18.27431 0.03163
56336.6347 18.41578 0.03819
56337.61678 18.32957 0.02975
56337.646 18.30355 0.02952
56339.61462 18.39121 0.04963
56339.64973 18.56089 0.05952
56340.62168 18.28245 0.03356
56340.65261 18.3169 0.03504
56341.63432 18.28898 0.03675
56342.61542 18.43348 0.04379
56342.64414 18.38942 0.04651
56431.98143 18.36516 0.06275
56432.97832 18.47035 0.05065
56433.97522 18.31931 0.03899
56434.97306 18.34335 0.03678
56440.95678 18.44392 0.06096
56442.95121 18.31417 0.04065
56443.94843 18.30507 0.03382
56444.94545 18.32695 0.04657
56444.97977 18.35934 0.07076
56446.9404 18.2845 0.03078
56446.9746 18.25644 0.03793
56447.93827 18.31562 0.02804
56447.97245 18.2956 0.03344
56448.93551 18.31931 0.02707
56448.97043 18.32263 0.03045
56449.9322 18.26026 0.02429
56449.96744 18.25649 0.02533
56450.93056 18.27255 0.02608
56450.96471 18.31319 0.02989
56451.92757 18.29821 0.029
56451.96268 18.34971 0.02968
56452.92487 18.319 0.02658
56452.95905 18.3035 0.02519
56453.9223 18.30571 0.03026
56453.95718 18.33262 0.03054
56454.91904 18.31315 0.02889
56454.9531 18.26488 0.02504
56455.91706 18.30509 0.02708
56455.95123 18.31329 0.02469
56456.91361 18.33141 0.02768
56456.94859 18.32735 0.02413
56457.91086 18.28401 0.02791
56457.9457 18.28115 0.02516
56458.90893 18.27082 0.02494
56458.94334 18.27253 0.02312
56459.90596 18.24818 0.02714
56459.94092 18.28149 0.02397
56460.9034 18.29125 0.02594
56460.93791 18.25809 0.02253
56461.90107 18.24485 0.02604
56461.93811 18.27098 0.02266
56462.89824 18.37464 0.02884
56462.93439 18.33692 0.02853
56463.89576 18.2979 0.04008
56463.93218 18.30606 0.02362
56469.87982 18.31791 0.04037
56469.91685 18.36033 0.03443
56471.87375 18.25497 0.04325
56471.91001 18.25257 0.03534
56473.86804 18.28908 0.06128
56473.90477 18.19061 0.04769
56475.86334 18.27882 0.03983
56475.9008 18.32847 0.04005
56476.86102 18.28971 0.04122
56476.89765 18.42592 0.05595
56477.85777 18.38971 0.06228
56485.83631 18.32297 0.03213
56486.83403 18.28131 0.0266
56486.87106 18.26621 0.02436
56488.83006 18.30157 0.02936
56488.86647 18.29695 0.02448
56489.82698 18.34217 0.02954
56489.86366 18.29784 0.02453
56491.82149 18.23489 0.07656
56491.8581 18.39749 0.04888
56498.802 18.38792 0.06045
56498.83888 18.26848 0.04937
56502.79167 18.24772 0.03058
56503.78903 18.26312 0.02568
56503.82769 18.28932 0.02652
56504.82017 18.36269 0.02954
56504.86992 18.32687 0.02532
56504.90811 18.29202 0.02417
56505.81768 18.34364 0.02717
56505.9509 18.28418 0.02401
56505.98842 18.34066 0.03287
56506.89349 18.27544 0.02862
56507.80198 18.30911 0.02516
56507.84712 18.27959 0.02308
56507.99891 18.36058 0.0265
56508.90167 18.26415 0.01883
56509.79634 18.30031 0.02284
56509.83877 18.27861 0.02107
56510.8262 18.27129 0.02062
56511.79111 18.32586 0.02406
56511.84089 18.29759 0.02213
56512.78788 18.32745 0.0263
56512.82519 18.28417 0.02431
56513.78624 18.31176 0.02356
56513.82352 18.2463 0.02024
56514.7834 18.3314 0.02529
56514.82081 18.29709 0.02216
56515.78106 18.30591 0.0253
56515.82231 18.27954 0.02338
56516.77774 18.3316 0.02451
56516.81437 18.31116 0.02061
56517.77605 18.33041 0.02631
56517.81715 18.31701 0.02065
56517.97309 18.28987 0.02027
56518.87478 18.32579 0.02101
56518.96686 18.28811 0.02055
56519.00311 18.30496 0.0212
56519.90443 18.32232 0.01991
56519.96504 18.30096 0.01919
56520.00171 18.271 0.02015
56520.90327 18.28806 0.02028
56520.95521 18.29297 0.02024
56520.99262 18.30029 0.01986
56521.89446 18.30498 0.0207
56521.95772 18.29972 0.02084
56521.99393 18.32982 0.02047
56527.76434 18.338 0.07092
56527.80142 18.38788 0.06055
56528.72198 18.33636 0.05676
56528.81982 18.26395 0.04441
56528.87422 18.27048 0.04423
56529.90241 18.30835 0.03738
56529.93849 18.38226 0.04045
56529.97462 18.32563 0.03984
56532.71221 18.31945 0.02917
56532.85928 18.29675 0.02372
56532.89645 18.28853 0.02217
56533.79895 18.31652 0.02191
56533.97228 18.29488 0.02454
56537.84525 18.28902 0.019
56537.9874 18.28231 0.01949
56539.69386 18.31937 0.02873
56539.88447 18.26591 0.01926
56539.9215 18.28153 0.01961
56540.97669 18.29201 0.02028
56541.6883 18.28068 0.03014
56541.83165 18.25607 0.06533
56542.96698 18.283 0.02174
56544.00787 18.26432 0.02148
56546.67441 18.29858 0.03055
56546.75907 18.26636 0.02255
56546.94639 18.30739 0.01987
56547.84788 18.30491 0.0215
56548.0057 18.28828 0.02208
56548.66959 18.27257 0.03612
56548.70582 18.30006 0.03061
56548.74172 18.27932 0.0297
56549.66591 18.26855 0.03416
56549.70273 18.30959 0.03133
56549.73967 18.28887 0.03041
56550.66388 18.20325 0.04311
56550.6994 18.30255 0.03638
56550.73216 18.33778 0.03467
56551.66063 18.47587 0.05177
56551.72202 18.29364 0.04226
56551.75862 18.3458 0.03557
56552.66117 18.37739 0.04704
56552.71291 18.32907 0.04649
56552.74635 18.2936 0.04077
56561.66061 18.27984 0.02621
56561.89034 18.36875 0.03169
56561.92356 18.3339 0.03057
56562.93459 18.29805 0.02682
56563.02169 18.32044 0.03323
56563.6524 18.34544 0.02816
56563.6893 18.30555 0.02816
56563.77494 18.31798 0.02383
56564.72602 18.31192 0.02565
56564.99301 18.31668 0.02527
56565.02672 18.32862 0.03106
56565.92832 18.29157 0.02418
56565.98151 18.31285 0.02601
56566.01544 18.32882 0.0276
56566.91724 18.28489 0.02245
56566.96287 18.30642 0.02323
56566.99591 18.27646 0.02239
56567.8986 18.309 0.01981
56567.96702 18.29454 0.02051
56568.00039 18.2905 0.02225
56568.90245 18.27991 0.02002
56568.96343 18.3433 0.02103
56568.99843 18.33828 0.02632
56569.90084 18.31998 0.02307
56569.99803 18.37341 0.02862
56570.03082 18.31045 0.03351
56571.62526 18.39585 0.03922
56571.69052 18.34612 0.03571
56571.72419 18.40601 0.03442
56572.62632 18.24496 0.02976
56572.66032 18.27675 0.02566
56572.69287 18.29826 0.03553
56573.61429 18.3372 0.03074
56573.64765 18.28025 0.02606
56573.77817 18.32945 0.02283
56576.83948 18.31999 0.02113
56577.00541 18.27053 0.02877
56577.60601 18.26262 0.03867
56577.63144 18.22445 0.03387
56577.77306 18.30409 0.02608
56578.67217 18.29762 0.02905
56578.69674 18.32631 0.02965
56578.75347 18.3369 0.02708
56579.73584 18.29587 0.03143
56579.85963 18.35591 0.03119
56579.88516 18.35093 0.0313
56580.7875 18.3323 0.03372
56580.8553 18.33625 0.03346
56580.88022 18.2881 0.03529
56581.78167 18.41366 0.05239
56581.83883 18.47582 0.04686
56581.86464 18.48841 0.04893
56587.62864 18.2935 0.02343
56587.78993 18.40546 0.03265
56588.71625 18.24673 0.03914
56588.86644 18.31837 0.04409
56588.89281 18.28055 0.04402
56589.79481 18.35916 0.02561
56589.81959 18.32008 0.02525
56589.84642 18.31792 0.02629
56590.76387 18.31878 0.02494
56590.8749 18.31446 0.02594
56590.89969 18.29874 0.02721
56591.80204 18.31428 0.0416
56591.86057 18.31995 0.02404
56591.88508 18.3315 0.02739
56592.81972 18.3009 0.0226
56592.91348 18.28885 0.02774
56592.93852 18.33925 0.02733
56596.59731 18.24709 0.02732
56596.81771 18.37261 0.02992
56597.74425 18.29463 0.02678
56597.82393 18.31942 0.02953
56597.84943 18.34965 0.03434
56598.75163 18.28651 0.02555
56598.82179 18.32553 0.02889
56598.84855 18.37108 0.02509
56599.75014 18.30229 0.02151
56599.79577 18.28369 0.02118
56599.82112 18.3072 0.02294
56600.77441 18.30787 0.02266
56600.8753 18.341 0.02539
56602.59024 18.36582 0.03587
56602.75501 18.55181 0.04185
56602.78065 18.36341 0.03442
56603.68227 18.30328 0.0262
56603.74296 18.32671 0.02754
56603.81581 18.34068 0.02395
56604.73691 18.33425 0.02379
56604.92616 18.22833 0.0272
56605.64733 18.25896 0.02369
56605.67213 18.31119 0.02433
56606.58401 18.40616 0.05468
56606.60932 18.31845 0.03547
56606.64241 18.28919 0.05318
56607.82225 18.31529 0.03277
56607.84927 18.32119 0.02738
56608.75086 18.35338 0.03463
56608.81398 18.27517 0.03427
56608.84048 18.26838 0.04293
56609.8617 18.32122 0.03847
56609.88847 18.28693 0.03868
56621.79766 18.27928 0.02757
56622.58588 18.31578 0.02556
56623.58717 18.30074 0.03428
56624.57999 18.31677 0.02816
56624.60429 18.27201 0.0233
56625.70494 18.28432 0.0224
56625.74386 18.31479 0.02277
56626.64578 18.29262 0.02382
56627.83411 18.45929 0.07896
56628.73144 18.30186 0.02624
56628.76212 18.3567 0.02661
56637.58042 18.222 0.03305
56637.60549 18.29679 0.03341
56639.58002 18.31018 0.04007
56639.60438 18.29909 0.03698
56640.58279 18.34449 0.04094
56640.61699 18.39209 0.04762
56648.58277 18.36782 0.03259
56648.61266 18.36114 0.03224
56649.57885 18.31799 0.03189
56649.60387 18.26569 0.02606
56650.58762 18.42577 0.03047
56653.61955 18.41927 0.04149
56658.58519 18.3005 0.02313
56658.62914 18.2389 0.02173
56659.58605 18.30273 0.02364
56659.61086 18.30442 0.02287
56660.58569 18.29418 0.02558
56660.61029 18.23153 0.02271
56661.58623 18.24109 0.06204
56662.58587 18.35396 0.02948
56662.61038 18.27775 0.03199
56663.59143 18.28898 0.02545
56663.6171 18.27644 0.02351
56664.58594 18.24082 0.05602
56664.6104 18.25324 0.03201
56668.58721 18.33757 0.0589
56668.61177 18.23309 0.03155
56669.61423 18.28421 0.04084
56670.58877 18.37367 0.0594
56675.5969 18.19998 0.02267
56675.6459 18.22274 0.03152
56676.59181 18.29899 0.02759
56676.61781 18.27609 0.02486
56677.60718 18.23684 0.05462
56678.61458 18.26788 0.02468
56678.64019 18.27514 0.02448
56680.60724 18.30551 0.0284
56683.59693 18.27548 0.02562
56683.63252 18.23289 0.02376
56685.59847 18.22609 0.04396
56685.6471 18.32793 0.04887
56686.63379 18.34045 0.04829
56687.59886 18.23574 0.02722
56687.64144 18.29576 0.02538
56690.60286 18.29003 0.03355
56690.64549 18.31495 0.03219
56697.60505 18.2981 0.03377
56699.60928 18.25397 0.04165
56816.96412 18.21556 0.02523
56816.97531 18.309 0.03801
56817.96427 18.17999 0.02368
56817.97654 18.20621 0.03651
56818.96227 18.1817 0.0211
56818.97512 18.18727 0.02968
56819.96647 18.28234 0.0401
56819.97765 18.27396 0.05054
56820.96625 18.28406 0.0445
56820.97769 18.35512 0.05184
56821.96237 18.20279 0.04762
56821.9727 18.27748 0.05093
56822.96143 18.18595 0.03981
56822.97681 18.21422 0.04471
56823.96094 18.24144 0.04119
56823.97346 18.31441 0.04721
56824.96428 18.17156 0.03266
56824.97573 18.25993 0.0366
56825.96455 18.26246 0.03262
56825.97592 18.29452 0.0449
56826.96127 18.21957 0.03072
56826.97472 18.29718 0.04001
56827.96384 18.23463 0.0275
56827.97622 18.23695 0.03819
56828.9654 18.22613 0.02717
56828.97804 18.25484 0.03476
56829.96383 18.15203 0.02284
56829.97653 18.20614 0.02677
56830.96102 18.2235 0.02231
56830.97338 18.19639 0.02555
56831.96161 18.19383 0.01922
56831.97427 18.16463 0.02282
56832.9648 18.21415 0.02
56832.97563 18.18263 0.02298
56833.96568 18.1883 0.02126
56833.97644 18.22026 0.02837
56834.96484 18.20183 0.01898
56834.9776 18.1392 0.02854
56835.96569 18.19842 0.02233
56835.97723 18.18255 0.03037
56836.96625 18.19289 0.01875
56836.97711 18.26988 0.02575
56837.96638 18.18 0.01844
56837.98211 18.21516 0.03558
56838.96389 18.16865 0.01776
56838.9786 18.24746 0.02874
56839.96511 18.16763 0.01879
56839.97834 18.20811 0.0255
56840.96951 18.1382 0.02054
56840.98137 18.19019 0.02743
56841.96857 18.20131 0.01966
56841.98075 18.18505 0.02619
56845.96726 18.17657 0.01939
56845.98002 18.19898 0.02298
56846.96666 18.18508 0.01855
56846.98115 18.2083 0.02252
56847.96648 18.20362 0.01822
56847.98151 18.16817 0.02132
56848.96743 18.20095 0.01882
56848.98312 18.21604 0.024
56849.96813 18.19298 0.03207
56849.98235 18.22392 0.03296
56850.96941 18.36483 0.05039
56850.98368 18.26367 0.04583
56851.97048 18.21021 0.03318
56851.98675 18.18826 0.03477
56854.96165 18.23552 0.02726
56854.98771 18.24429 0.02841
56855.96071 18.17859 0.02638
56855.98393 18.20579 0.02689
56856.96087 18.23212 0.03988
56856.98328 18.25776 0.03134
56858.96243 18.19154 0.02126
56858.98507 18.19441 0.02237
56859.96515 18.20083 0.01838
56859.98697 18.20115 0.02192
56861.96231 18.20527 0.01908
56861.98508 18.15444 0.01841
56862.9659 18.17345 0.01967
56862.98227 18.1706 0.01978
56863.94981 18.20494 0.01795
56864.94576 18.15038 0.02229
56864.96947 18.19018 0.02481
56865.92975 18.21484 0.02833
56865.96089 18.16945 0.01921
56867.98799 18.17064 0.01918
56868.96536 18.1699 0.01869
56868.98567 18.18318 0.01992
56869.96092 18.17845 0.01978
56869.98231 18.2049 0.01946
56870.96467 18.194 0.01818
56870.98635 18.1966 0.01838
56874.97428 18.19072 0.01702
56874.99622 18.23246 0.01973
56875.98151 18.18661 0.01981
56875.99752 18.17422 0.02091
56876.91773 18.19663 0.01731
56876.94717 18.19862 0.01697
56877.9745 18.18336 0.01807
56877.9957 18.1765 0.01867
56878.00741 18.25676 0.03224
56878.9086 18.25012 0.02812
56878.93847 18.22399 0.02883
56879.92838 18.23835 0.03276
56879.95816 18.22623 0.03401
56880.95792 18.13085 0.05246
56880.9882 18.19384 0.03945
56882.96877 18.18997 0.04631
56882.98848 18.26159 0.04568
56883.9421 18.19316 0.02827
56883.98158 18.22132 0.02754
56884.99956 18.20704 0.02715
56885.96448 18.24085 0.02368
56885.98159 18.17782 0.02339
56886.91453 18.16791 0.02128
56886.94264 18.19608 0.02113
56887.91623 18.17119 0.01973
56887.94902 18.19982 0.0195
56888.86519 18.18221 0.01786
56888.89905 18.17128 0.01785
56888.91008 18.15812 0.01791
56888.94196 18.21313 0.01833
56890.94091 18.18472 0.01838
56890.97479 18.18405 0.01866
56895.83087 18.17472 0.02269
56895.86667 18.16512 0.02471
56972.71463 18.1747 0.02259
56972.73749 18.20179 0.02468
56978.74407 18.17249 0.02211
56978.79927 18.21546 0.03297
56979.72374 18.26377 0.03342
56980.71766 18.20896 0.02299
56980.83416 18.16107 0.02406
56981.71538 18.17555 0.02191
56981.77818 18.2145 0.02253
56984.71333 18.25235 0.02979
56984.78092 18.21418 0.03538
56986.72544 18.25425 0.02628
56986.79095 18.21942 0.02903
56987.70535 18.21998 0.02583
56987.76948 18.19086 0.02508
56988.66321 18.21352 0.02401
56989.60286 18.22831 0.02513
56989.66828 18.22037 0.02385
56990.59847 18.1695 0.024
56990.66232 18.24355 0.0239
56991.66882 18.44341 0.06352
57067.60784 18.23157 0.02888
57067.62545 18.27026 0.02904
57179.97424 18.2803 0.04992
57180.95646 18.2162 0.03617
57185.96692 18.20316 0.03063
57187.96362 18.19438 0.02384
57188.93765 18.1459 0.02167
57188.96808 18.14349 0.02469
57189.95594 18.15454 0.02186
57190.94422 18.14822 0.02432
57190.9766 18.31205 0.04504
57191.9217 18.23012 0.02752
57191.95614 18.19468 0.02417
57192.94672 18.16304 0.02497
57192.97846 18.32479 0.04534
57193.93573 18.17967 0.02516
57193.96862 18.20662 0.029
57194.94374 18.17747 0.02347
57194.97431 18.22043 0.02952
57195.94595 18.17417 0.02658
57195.97546 18.18738 0.03654
57196.92539 18.18403 0.03164
57196.97637 18.21269 0.03825
57197.91796 18.185 0.02485
57197.96971 18.2366 0.02709
57198.93165 18.16953 0.02402
57198.96479 18.15206 0.02367
57199.9472 18.1905 0.02684
57199.9815 18.2542 0.0507
57207.95261 18.14936 0.03571
57207.98422 18.19522 0.03662
57208.90735 18.23743 0.03566
57208.94607 18.17404 0.03206
57209.93937 18.1396 0.03161
57209.97959 18.22452 0.03363
57210.9363 18.22788 0.02916
57210.97519 18.17028 0.028
57211.94997 18.13896 0.02548
57211.98409 18.15825 0.03248
57212.9376 18.23454 0.03561
57212.97329 18.20698 0.0371
57214.96163 18.19132 0.02248
57216.93262 18.19054 0.02202
57216.97994 18.15644 0.0223
57218.92712 18.14633 0.02086
57218.977 18.19747 0.02206
57219.94247 18.16343 0.01815
57219.97077 18.17283 0.01812
57220.92305 18.17207 0.01863
57220.98129 18.19561 0.02024
57225.95176 18.17126 0.01837
57226.95332 18.17322 0.01776
57227.93417 18.14727 0.01829
57227.97035 18.18353 0.01809
57231.91879 18.20709 0.02062
57231.96902 18.1798 0.01781
57232.8829 18.16467 0.0287
57232.9489 18.20549 0.02288
57237.93379 18.18966 0.03327
57237.98326 18.2476 0.03462
57238.91268 18.15023 0.02493
57238.96563 18.18387 0.02426
57239.93796 18.18541 0.02356
57239.98313 18.12531 0.02489
57240.95317 18.1503 0.02316
57241.93368 18.17931 0.02548
57242.93933 18.18398 0.01928
57242.98523 18.17747 0.01938
57244.91131 18.17315 0.01921
57244.96611 18.17004 0.01811
57245.87591 18.14475 0.018
57245.91376 18.21531 0.01743
57246.89995 18.19692 0.01999
57246.93423 18.20867 0.02056
57247.92574 18.17219 0.01789
57247.95614 18.17164 0.01701
57248.84393 18.16755 0.01875
57248.8782 18.20699 0.01961
57249.88436 18.17376 0.01755
57249.9163 18.20754 0.01838
57250.88236 18.16295 0.01815
57250.92114 18.17702 0.01961
57251.8693 18.17082 0.01862
57251.91419 18.16043 0.01811
57267.93864 18.29713 0.04371
57267.9816 18.23046 0.03013
57554.97044 18.1664 0.02706
57555.93989 18.11218 0.02217
57555.96363 18.12503 0.02298
57564.94449 18.09366 0.03385
57564.95195 18.16514 0.03765
57565.94418 18.19379 0.03059
57567.951 18.12446 0.03122
57567.97572 18.11334 0.03325
57568.92119 18.12854 0.02899
57568.97479 18.1134 0.03039
57569.92685 18.14559 0.02562
57570.93954 18.11603 0.02311
57571.91515 18.13515 0.02393
57571.96845 18.12298 0.02491
57572.94 18.10646 0.02199
57572.961 18.19672 0.02509
57573.95955 18.20537 0.0221
57574.96997 18.1626 0.02142
57575.96076 18.19793 0.02421
57576.95096 18.13799 0.02218
57577.97714 18.13739 0.02618
57578.93031 18.102 0.02349
57578.9597 18.11341 0.02155
57579.93833 18.148 0.02156
57579.96636 18.14264 0.02356
57580.94991 18.18361 0.02288
57580.97641 18.20002 0.02556
57581.93908 18.20501 0.02228
57581.96061 18.09957 0.02169
57582.96612 18.1291 0.02061
57582.9889 18.20138 0.03955
57583.93612 18.14699 0.02066
57583.97225 18.13313 0.02131
57584.92871 18.17958 0.02094
57584.97404 18.04896 0.02071
57585.92275 18.19089 0.02603
57585.96134 18.13375 0.02209
57586.91575 18.13085 0.03189
57592.99636 18.2304 0.04272
57595.9848 18.16027 0.02959
57596.95384 18.1664 0.0293
57596.98786 18.14458 0.0294
57597.93735 18.12198 0.02456
57597.9794 18.15861 0.02444
57598.9281 18.12061 0.02286
57598.97263 18.09046 0.02257
57599.94579 18.11524 0.02374
57600.96483 18.15094 0.02265
57601.9531 18.12189 0.02258
57601.99102 18.09153 0.02303
57602.95616 18.15091 0.02392
57602.99208 18.09864 0.02345
57603.95654 18.06751 0.02199
57603.99274 18.07455 0.02376
57604.99535 18.0923 0.02278
57605.93926 18.15647 0.02058
57605.97693 18.1364 0.01992
57606.94732 18.11741 0.02093
57606.99101 18.09976 0.02107
57607.92659 18.06677 0.02041
57607.97806 18.09095 0.02154
57608.92515 18.12034 0.02176
57608.96585 18.07869 0.02118
57609.94301 18.13994 0.02336
57610.89516 18.16067 0.02376
57610.92695 18.12857 0.02121
57611.90199 18.09565 0.02132
57611.93252 18.13064 0.02267
57612.88937 18.05234 0.02076
57612.93148 18.13643 0.02081
57613.84046 18.13849 0.02668
57613.87193 18.14978 0.02265
57613.90353 18.12118 0.02064
57614.96436 18.09046 0.02016
57614.99496 18.11675 0.0206
57615.90761 18.13066 0.02998
57615.95637 18.08647 0.02046
57621.98607 18.09121 0.06078
57622.96114 18.0968 0.04961
57622.98808 18.02113 0.05259
57623.99038 18.17205 0.04521
57624.01266 18.17232 0.05214
57624.97236 18.24733 0.04066
57624.99829 18.15784 0.04161
57625.94454 18.10364 0.02887
