#mjd mag magerr
55061.92501 19.69594 0.04914
55061.95573 19.66347 0.04566
55063.91987 19.61491 0.04452
55063.9639 19.67678 0.04647
55064.92128 19.65708 0.0502
55064.9656 19.67478 0.0505
55066.91014 19.68459 0.04861
55066.95474 19.68108 0.04638
55067.91649 19.71442 0.05638
55067.96099 19.68973 0.05603
55069.90324 19.67446 0.04837
55069.94786 19.63721 0.04982
55080.87449 19.7031 0.13572
55080.95988 19.79009 0.16829
55084.86328 19.72894 0.07728
55087.85609 19.69129 0.0666
55087.90101 19.64409 0.05709
55088.96983 19.71793 0.05372
55089.01521 19.63294 0.05787
55089.94574 19.59593 0.05675
55089.99042 19.64294 0.0669
55093.83741 19.80173 0.05391
55093.88196 19.58229 0.04812
55096.8292 19.76415 0.05581
55097.00858 19.7115 0.06091
55104.99862 19.68489 0.09138
55107.79764 19.5237 0.12557
55114.88125 19.78112 0.07733
55119.89538 19.6313 0.06298
55119.95365 19.8288 0.07631
55123.75696 19.56992 0.05409
55123.81523 19.71425 0.06072
55126.97957 19.95055 0.09289
55127.83329 19.70984 0.07623
55127.87706 19.67789 0.06498
55135.82555 19.95685 0.1462
55135.86926 19.76491 0.15689
55138.71472 19.9831 0.12658
55138.75871 19.81314 0.18655
55142.7036 19.77003 0.06668
55142.75219 19.56129 0.09045
55144.77886 19.61878 0.05361
55144.82305 19.68243 0.08511
55151.72943 19.64107 0.07107
55151.77257 19.91086 0.07183
55166.70473 19.94323 0.12176
55166.74897 19.76021 0.13198
55168.63378 19.7781 0.1403
55168.6775 19.94669 0.10941
55175.61224 19.67056 0.05256
55175.65684 19.64326 0.05218
55181.59421 19.84517 0.09223
55181.63825 19.71213 0.07622
55183.59204 19.66951 0.14253
55183.64253 19.69843 0.06574
55189.58054 19.76121 0.08814
55189.62557 19.66377 0.08637
55194.59026 19.62612 0.16188
55199.58559 19.6767 0.06258
55201.58642 19.78909 0.1643
55202.58667 19.58176 0.08033
55203.71441 19.73072 0.07366
55203.75743 19.81807 0.08881
55207.63092 19.74364 0.05987
55207.67514 19.80354 0.06287
55209.5968 19.7495 0.05674
55209.64149 19.66236 0.05512
55213.63312 19.63497 0.07406
55213.6798 19.67892 0.08693
55377.89535 19.80902 0.11349
55379.92482 19.67493 0.08098
55380.92078 19.82495 0.10724
55381.89606 19.61708 0.09526
55381.93934 19.76863 0.07259
55384.82671 19.67999 0.07098
55384.87028 19.77955 0.07286
55385.87021 19.68837 0.05968
55385.91339 19.65685 0.05597
55386.86524 19.64178 0.06621
55386.90867 19.76202 0.06097
55387.87002 19.74098 0.06069
55387.91342 19.60461 0.04934
55388.86609 19.75233 0.07703
55388.91005 19.78696 0.06287
55390.80957 19.72618 0.08747
55390.85393 19.72463 0.07659
55391.80613 19.87582 0.11515
55391.87538 19.80904 0.06919
55392.83258 19.72626 0.07727
55392.87538 19.71209 0.05799
55394.79908 19.76872 0.0812
55394.8431 19.69917 0.06478
55395.79551 19.78059 0.10173
55395.84215 19.91317 0.07442
55396.79527 19.823 0.10977
55396.83932 19.748 0.06457
55397.79163 19.76373 0.12406
55397.83526 19.78332 0.07556
55398.78764 19.85705 0.11137
55398.83124 19.65954 0.09157
55399.83261 19.90406 0.10616
55400.78534 19.82357 0.16036
55400.8289 19.79616 0.10376
55401.82518 19.61889 0.11587
55404.84266 19.48376 0.13416
55405.8416 19.84301 0.12267
55407.7691 19.47462 0.15828
55407.83003 19.70835 0.1288
55411.79896 19.53116 0.08351
55412.75232 19.9114 0.12811
55412.79539 19.99749 0.11824
55413.79945 19.4804 0.10768
55414.75161 19.74817 0.15479
55414.79555 19.58188 0.08557
55415.75266 19.95766 0.1281
55415.79727 19.88212 0.12856
55416.75096 19.94338 0.13887
55416.79342 19.71432 0.09927
55417.75979 19.57951 0.14746
55417.84511 19.77382 0.10483
55418.79843 19.58644 0.1044
55418.84121 19.56024 0.07821
55419.75121 19.74394 0.12737
55419.79504 19.78001 0.09648
55420.83264 19.68049 0.1124
55421.73664 19.75471 0.078
55421.79901 19.68374 0.05566
55422.75115 19.79868 0.08046
55422.79487 19.6413 0.07087
55423.74742 19.77107 0.07598
55423.79284 19.63112 0.06026
55424.75349 19.68204 0.10124
55424.80178 19.65143 0.06348
55425.76166 19.8772 0.11266
55425.80573 19.76135 0.06128
55426.80123 19.79748 0.07831
55426.8444 19.69909 0.0554
55427.79708 19.75717 0.08267
55427.8408 19.75851 0.07287
55428.79281 19.81506 0.08205
55428.83703 19.79878 0.07785
55429.8142 19.87832 0.09594
55429.85716 19.74632 0.07375
55430.75769 19.62134 0.11278
55431.75639 19.69293 0.11376
55431.80024 19.67837 0.09527
55432.73907 19.87183 0.15305
55432.78359 19.83132 0.12356
55433.7493 19.83186 0.18855
55434.73769 19.81143 0.17889
55436.88891 19.86698 0.11854
55436.8919 19.68527 0.09396
55436.89797 19.75837 0.13155
55436.90109 19.50472 0.15034
55436.9042 20.00626 0.14355
55436.90728 19.99046 0.11855
55436.91041 19.81885 0.14654
55436.91351 19.91537 0.11304
55436.91641 19.64845 0.11485
55436.92514 19.71899 0.13925
55436.92806 19.69151 0.16074
55436.93096 19.78935 0.16033
55436.93413 19.6053 0.13134
55436.93703 19.76377 0.12335
55436.93974 19.80977 0.13784
55436.94297 19.75156 0.17193
55436.94613 19.60441 0.13777
55436.94915 19.84002 0.15014
55436.95231 19.54395 0.14804
55436.9553 19.78651 0.11726
55436.95826 19.878 0.14984
55436.96116 19.74794 0.14285
55436.96403 19.69347 0.12203
55436.96671 19.78764 0.12494
55438.88857 19.70923 0.10965
55438.89169 20.0419 0.10107
55438.89485 20.01889 0.11256
55438.89798 19.90576 0.10286
55438.90086 19.77846 0.09788
55438.90371 19.74114 0.09447
55438.9065 19.83398 0.09226
55438.91204 19.70676 0.10885
55438.91487 19.95054 0.09346
55438.91763 19.62142 0.08927
55438.92394 19.51953 0.08949
55438.92672 19.64436 0.11045
55438.92954 19.88189 0.10187
55438.93259 19.72702 0.10897
55438.93551 19.71474 0.10266
55438.93833 19.7654 0.09986
55438.94106 19.75321 0.10656
55438.94411 19.7525 0.09877
55438.94678 19.59985 0.10106
55438.95017 19.86229 0.11436
55438.95913 19.67608 0.09137
55438.96141 19.94786 0.10146
55440.87507 19.74297 0.06818
55440.87823 19.84114 0.07027
55440.88428 19.73426 0.06241
55440.88675 19.7886 0.06189
55440.8894 19.81724 0.06362
55440.89205 19.74268 0.06718
55440.89518 19.70162 0.06588
55440.89832 19.71899 0.06087
55440.90145 19.6184 0.07459
55440.90439 19.81532 0.06407
55440.90729 19.7151 0.06311
55440.91025 19.85229 0.07436
55440.91316 19.85502 0.06807
55440.91591 19.77343 0.06939
55440.9187 19.69506 0.0635
55440.92149 19.74281 0.0646
55440.92426 19.67458 0.07348
55440.93095 19.63696 0.06139
55440.93364 19.666 0.05888
55440.93623 19.69345 0.06749
55440.9395 19.83708 0.07527
55440.94264 19.6471 0.05989
55440.94582 19.7811 0.06687
55440.94883 19.74897 0.07058
55440.95182 19.81071 0.06859
55440.95489 19.67024 0.06698
55440.95791 19.79263 0.07038
55441.87301 19.7719 0.0583
55441.87592 19.69786 0.06232
55441.88645 19.70287 0.05773
55441.88962 19.74444 0.05719
55441.89254 19.7137 0.05703
55441.89542 19.86612 0.06211
55441.89828 19.64409 0.05822
55441.90107 19.83956 0.06371
55441.9037 19.70966 0.05372
55441.90634 19.6503 0.05561
55441.90906 19.79066 0.05305
55441.9118 19.71671 0.05343
55441.91445 19.65474 0.05662
55441.91722 19.68799 0.05492
55441.91981 19.68693 0.06161
55441.92242 19.91905 0.06738
55441.92546 19.82634 0.05762
55441.9281 19.73147 0.05587
55441.93183 19.70773 0.05812
55441.93458 19.80194 0.06069
55441.93727 19.58167 0.05652
55441.94048 19.76735 0.06011
55441.94326 19.6176 0.05461
55441.94546 19.68596 0.0594
55441.94852 19.81255 0.06239
55441.95194 19.7044 0.05651
55441.95469 19.65821 0.05561
55441.95786 19.71041 0.05691
55441.96081 19.79906 0.06311
55441.96392 19.80077 0.0616
55441.96715 19.71651 0.05736
55441.97012 19.77051 0.05641
55441.97294 19.76007 0.0612
55441.97532 19.66674 0.05342
55441.97757 19.80702 0.06637
55441.9798 19.77414 0.06182
55441.9835 19.78582 0.06172
55441.9863 19.69141 0.05871
55441.98852 19.73964 0.06279
55441.99078 19.70888 0.05983
55441.99382 19.72925 0.0656
55442.00593 19.86554 0.07212
55442.00906 19.79138 0.07368
55442.01216 19.8187 0.0714
55442.01486 19.76942 0.08521
55442.01753 19.66552 0.10533
55442.02001 19.78056 0.14717
55442.02226 19.53248 0.1322
55442.70382 19.86633 0.08186
55442.70734 19.7542 0.07675
55442.71097 19.66292 0.07487
55442.71448 19.72607 0.06675
55442.71808 19.62832 0.07747
55442.72168 19.51187 0.05968
55442.72527 19.70953 0.07436
55442.73272 19.79455 0.07058
55442.74184 19.73587 0.06098
55442.74882 19.71013 0.05907
55442.75572 19.72308 0.06267
55442.76147 19.67162 0.06437
55442.76615 19.71679 0.06217
55442.77616 19.87046 0.06768
55442.78135 19.82124 0.06177
55442.78615 19.66069 0.05808
55442.79145 19.78553 0.05682
55442.79615 19.77137 0.05409
55442.80186 19.78497 0.05948
55442.8093 19.69378 0.04929
55442.81443 19.66642 0.05449
55442.81939 19.80993 0.05638
55442.82447 19.70815 0.05048
55442.8293 19.67753 0.052
55442.83541 19.66403 0.0527
55442.84012 19.62453 0.05052
55442.84597 19.72592 0.05968
55442.85112 19.7041 0.05598
55442.85657 19.72849 0.05361
55442.86387 19.75119 0.07039
55442.87002 19.63361 0.0537
55442.87503 19.75478 0.0556
55442.88048 19.69578 0.05141
55442.88617 19.74245 0.05278
55442.89221 19.65226 0.05467
55442.89785 19.67372 0.05378
55442.90297 19.69944 0.05441
55442.90871 19.8242 0.05575
55442.91368 19.78504 0.05697
55442.91875 19.74785 0.05427
55442.92384 19.67925 0.0522
55442.93037 19.70042 0.0555
55442.93642 19.79097 0.05717
55442.94588 19.86973 0.07041
55442.95166 19.61244 0.053
55442.95754 19.73301 0.05608
55442.96246 19.74277 0.05928
55442.96833 19.70324 0.06548
55442.97317 19.70713 0.05869
55442.97782 19.79732 0.05758
55442.98206 19.74357 0.05628
55442.9872 19.74656 0.05581
55442.99348 19.67197 0.05971
55442.99858 19.68486 0.05748
55443.00329 19.70921 0.06139
55443.01002 19.57817 0.05478
55443.01702 19.65062 0.07731
55443.02387 19.65308 0.11759
55443.67742 19.86718 0.09171
55443.68488 19.77233 0.11756
55443.69287 19.8161 0.09306
55443.70415 19.82836 0.08607
55443.71028 19.80706 0.0818
55443.71632 19.76494 0.07058
55443.72231 19.65041 0.07846
55443.72832 19.81302 0.07236
55443.736 19.5357 0.07897
55443.74306 19.58131 0.05697
55443.74812 19.72161 0.06456
55443.75372 19.66485 0.06396
55443.75946 19.81687 0.06446
55443.76526 19.78788 0.06188
55443.77007 19.70852 0.06887
55443.78027 19.79568 0.07558
55443.78539 19.88093 0.06597
55443.79156 19.77065 0.06147
55443.79717 19.75537 0.05948
55443.80302 19.81119 0.06047
55443.80895 19.64931 0.05647
55443.81493 19.98528 0.06955
55443.8204 19.7566 0.06512
55443.82634 19.66729 0.05237
55443.83239 19.76768 0.05807
55443.83783 19.78303 0.05728
55443.84415 19.67258 0.05338
55443.84958 19.85397 0.06388
55443.85553 19.63846 0.05267
55443.86252 19.74229 0.0581
55443.87576 19.70105 0.052
55443.88141 19.7774 0.05257
55443.88892 19.75683 0.05772
55443.89412 19.73236 0.05667
55443.90077 19.69142 0.06198
55443.90658 19.66194 0.05347
55443.91235 19.7236 0.05519
55443.91779 19.68287 0.05878
55443.92403 19.72297 0.06027
55443.92967 19.69797 0.06126
55443.93496 19.74144 0.06029
55443.94073 19.6053 0.06527
55443.94779 19.73213 0.06007
55443.95355 19.73955 0.06158
55443.95925 19.60277 0.05109
55443.9693 19.80898 0.07637
55443.97555 19.7797 0.06106
55443.98144 19.8112 0.06139
55443.98725 19.86201 0.07108
55443.99456 19.86462 0.07176
55444.00093 19.85813 0.06269
55444.0061 19.68864 0.05968
55444.01187 19.70234 0.07136
55444.0175 19.7844 0.08716
55444.02231 19.61378 0.12249
55444.67221 19.75542 0.10397
55444.67727 19.97342 0.11207
55444.69526 19.72185 0.10192
55444.70198 19.8055 0.0854
55444.7091 19.71583 0.09462
55444.71487 19.57271 0.07151
55444.72103 19.85936 0.08092
55444.72796 19.79727 0.0792
55444.73377 19.77697 0.066
55444.74094 19.78098 0.06763
55444.74655 19.79609 0.07153
55444.75167 19.66644 0.0659
55444.75678 19.82427 0.07669
55444.76225 19.64496 0.07109
55444.7673 19.78233 0.06359
55444.77353 19.72172 0.06709
55444.77876 19.73035 0.06411
55444.78368 19.65827 0.06256
55444.79848 19.69913 0.05898
55444.80403 19.68394 0.0574
55444.81599 19.74011 0.06101
55444.8213 19.7288 0.06031
55444.83332 19.63413 0.06021
55444.83854 19.73842 0.06314
55444.84549 19.68787 0.05889
55444.85161 19.70874 0.05562
55444.85679 19.8334 0.05729
55444.86267 19.67305 0.06134
55444.86777 19.74316 0.06021
55444.87321 19.6974 0.0561
55444.87872 19.60559 0.05473
55444.88467 19.77195 0.05731
55444.89016 19.82995 0.07259
55444.89581 19.82562 0.07503
55444.90153 19.60474 0.05332
55444.90845 19.75844 0.06774
55444.91349 19.73194 0.06672
55444.92279 19.74635 0.0598
55444.93139 19.63067 0.05025
55444.94041 19.62101 0.05279
55444.94568 19.69484 0.05543
55444.951 19.68852 0.0572
55444.95724 19.83762 0.06532
55444.96289 19.73238 0.0603
55444.96923 19.62352 0.05952
55444.97411 19.6364 0.05889
55444.98062 19.88973 0.06172
55444.98915 19.62718 0.07158
55444.99553 19.67466 0.06082
55445.00157 19.67313 0.06615
55445.00779 19.85281 0.07058
55445.01282 19.61669 0.065
55445.01777 19.72209 0.0838
55445.02227 19.84503 0.1077
55445.66749 19.98094 0.10028
55445.67244 19.96532 0.09427
55445.67731 19.61461 0.08365
55445.68422 19.87744 0.10625
55445.6905 19.69462 0.07926
55445.69681 19.80721 0.08026
55445.70294 19.70341 0.07155
55445.70921 19.68196 0.06876
55445.71534 19.90374 0.08601
55445.72791 19.9432 0.08098
55445.73457 19.64179 0.07809
55445.74013 19.81185 0.07736
55445.7456 19.76837 0.06268
55445.75096 19.61859 0.06771
55445.75643 19.71429 0.06208
55445.76191 19.68028 0.06518
55445.76784 19.59065 0.0565
55445.7737 19.56303 0.05198
55445.779 19.54157 0.05647
55445.78479 19.79495 0.06079
55445.79025 19.6986 0.05268
55445.79613 19.74858 0.05377
55445.81095 19.82856 0.06089
55445.81845 19.60254 0.0516
55445.82455 19.71819 0.05189
55445.83024 19.79581 0.05452
55445.84021 19.62438 0.05393
55445.84549 19.68283 0.05239
55445.85174 19.67207 0.05192
55445.85762 19.75437 0.04861
55445.8636 19.68723 0.0509
55445.86963 19.76907 0.05152
55445.87567 19.74924 0.05229
55445.88207 19.73897 0.04869
55445.88844 19.70465 0.05109
55445.89432 19.76105 0.05461
55445.89983 19.81089 0.05269
55445.90668 19.76534 0.04771
55445.91299 19.75444 0.05022
55445.91722 19.83729 0.05629
55445.92351 19.85813 0.05478
55445.92915 19.65916 0.05063
55445.93496 19.74031 0.04798
55445.94048 19.6932 0.0516
55445.95216 19.68302 0.05029
55445.95886 19.70539 0.05461
55445.97191 19.78102 0.05399
55445.97872 19.84789 0.0561
55445.98437 19.66447 0.0507
55445.98972 19.75228 0.05879
55445.99581 19.70158 0.05339
55446.00245 19.65013 0.04959
55446.00827 19.70473 0.05352
55446.01787 19.824 0.07727
55446.0233 19.91776 0.09898
55446.66501 19.74819 0.08818
55446.67089 19.75455 0.08679
55446.67601 19.83294 0.0817
55446.6814 19.80056 0.08758
55446.68915 19.80792 0.07865
55446.70044 19.8632 0.07997
55446.70781 19.86412 0.07506
55446.71998 19.7245 0.07808
55446.7269 19.79415 0.08345
55446.73768 19.66255 0.07151
55446.74263 19.78409 0.06367
55446.74841 19.67703 0.06356
55446.75986 19.7632 0.0595
55446.76487 19.62194 0.0583
55446.77004 19.7501 0.05559
55446.77518 19.75098 0.05579
55446.78018 19.67216 0.05647
55446.78654 19.63202 0.05166
55446.79243 19.80302 0.055
55446.79818 19.60052 0.05039
55446.80822 19.75223 0.05881
55446.81336 19.73018 0.05321
55446.81934 19.72112 0.05803
55446.82569 19.76295 0.05349
55446.83186 19.6509 0.05261
55446.83803 19.74296 0.05578
55446.84316 19.68541 0.04918
55446.84946 19.73678 0.0537
55446.85529 19.65345 0.05826
55446.86132 19.67657 0.05701
55446.86741 19.66147 0.06062
55446.87321 19.75748 0.05098
55446.87945 19.82438 0.05359
55446.88583 19.86297 0.05541
55446.89176 19.62865 0.05161
55446.89901 19.70292 0.0652
55446.90569 19.8458 0.0556
55446.91293 19.66076 0.0504
55446.91958 19.81538 0.04989
55446.92538 19.6969 0.05261
55446.93113 19.65207 0.04633
55446.93686 19.6284 0.04831
55446.94237 19.65569 0.04908
55446.94842 19.68467 0.0526
55446.95451 19.62804 0.04841
55446.96034 19.65286 0.04767
55446.96641 19.67162 0.04999
55446.97287 19.77539 0.05151
55446.97827 19.84089 0.05728
55446.98464 19.76578 0.05267
55446.99026 19.64545 0.04988
55446.99646 19.79408 0.05659
55447.00329 19.74557 0.05588
55447.02248 19.72892 0.08678
55448.00377 19.74142 0.05497
55448.70146 19.90868 0.10107
55449.82958 19.76558 0.05561
55449.87259 19.74351 0.0541
55450.82585 19.688 0.05908
55450.86998 19.73719 0.05447
55451.65338 19.79153 0.0926
55451.70095 19.67842 0.06931
55452.64792 19.91044 0.11618
55452.69243 19.70192 0.08196
55453.64519 19.9897 0.14124
55453.6895 19.91805 0.08594
55454.64058 19.94242 0.12547
55454.68793 19.69879 0.11825
55455.63923 19.99976 0.17077
55455.7154 19.90614 0.08726
55456.63346 19.80015 0.15906
55456.67702 19.68844 0.10535
55457.6732 19.78406 0.09635
55458.66069 19.91186 0.11476
55458.7057 19.80503 0.12026
55460.63624 19.99994 0.15208
55460.72453 19.91468 0.11095
55461.67649 19.89175 0.19134
55462.80848 19.75358 0.15736
55466.61784 19.85393 0.13634
55466.61959 19.83354 0.10057
55466.62134 19.98148 0.14405
55466.6231 19.82831 0.10526
55466.62486 19.85341 0.09336
55466.62661 19.76407 0.08615
55466.62943 19.84434 0.09409
55466.63143 19.8713 0.10626
55466.67604 19.6343 0.16586
55467.62749 19.68125 0.10296
55468.7394 19.63956 0.06858
55468.78277 19.72923 0.08393
55470.82246 19.78101 0.07171
55471.77466 19.66759 0.04928
55471.82993 19.91026 0.10224
55472.66936 19.78345 0.07136
55473.62096 19.66911 0.08983
55477.66775 19.80265 0.066
55477.71276 19.84456 0.07311
55478.62384 19.73888 0.08497
55478.66775 19.65921 0.07076
55479.61565 19.84809 0.10795
55479.65968 19.85298 0.07907
55480.61506 19.7104 0.0893
55480.65805 19.8126 0.07402
55481.61182 19.81894 0.08417
55481.69382 19.76509 0.05998
55482.61769 19.93629 0.09347
55482.66188 19.78208 0.07946
55482.67843 19.67425 0.07266
55483.61039 19.75052 0.08367
55483.66512 19.8105 0.07089
55484.66377 19.7881 0.08028
55484.70695 19.7397 0.06964
55485.61939 19.62649 0.08735
55485.66329 19.82349 0.08297
55486.61418 19.93858 0.11699
55486.658 19.88252 0.14111
55497.84041 19.82122 0.10217
55497.89223 19.80188 0.12667
55498.71756 19.55918 0.05795
55498.79 19.59282 0.09466
55499.59404 19.78068 0.07896
55499.63881 19.83158 0.07532
55501.66259 19.57175 0.06868
55501.75706 19.87603 0.07915
55502.72145 19.6512 0.05822
55502.82148 19.98654 0.09508
55503.77762 19.68462 0.07042
55503.8732 19.99959 0.08847
55504.82418 19.58391 0.06936
55504.91868 19.69863 0.09107
55506.68972 19.83219 0.07857
55506.73387 19.79829 0.05879
55507.81368 19.92096 0.08225
55507.89267 19.69885 0.11274
55513.658 19.71128 0.07027
55513.7418 19.90612 0.07266
55514.69377 19.82945 0.08445
55514.73749 19.83267 0.08916
55515.69951 19.81909 0.09336
55515.74236 19.83218 0.08994
55516.67238 19.69638 0.10096
55516.71654 19.90234 0.12904
55517.61497 19.86 0.10695
55517.6584 19.80144 0.10106
55518.61481 19.79994 0.11136
55518.6578 20.02024 0.15534
55527.74242 19.59972 0.07001
55530.70615 19.91001 0.09238
55530.75072 20.04454 0.10988
55531.77418 20.06611 0.12323
55531.81743 19.92541 0.14057
55532.78408 19.79873 0.06946
55532.82836 19.78291 0.08303
55535.68432 19.78955 0.06753
55537.58157 19.835 0.13406
55537.62557 19.87324 0.07427
55538.57995 19.73556 0.07165
55538.62381 19.77402 0.06465
55539.58012 19.90746 0.08096
55539.62283 19.7808 0.06049
55540.61811 19.6517 0.0642
55540.66215 19.71666 0.06964
55541.61644 19.76778 0.07716
55541.65945 19.71987 0.08784
55544.59603 20.03345 0.0911
55544.64191 19.77267 0.08005
55545.59598 19.87444 0.12083
55545.63939 20.09239 0.11002
55558.69892 19.78988 0.11249
55558.75663 19.87138 0.09546
55559.7264 20.07069 0.14309
55561.73304 19.62876 0.10639
55561.77682 19.87478 0.10507
55567.59621 19.85106 0.07137
55575.595 19.77249 0.13576
55575.6386 19.70589 0.12247
55577.63849 19.52552 0.15897
55579.61368 19.81122 0.13754
55579.65687 19.65011 0.11564
55580.66998 19.73659 0.12605
55583.61703 19.75671 0.06636
55583.66119 19.82561 0.09224
55584.63985 19.67794 0.07985
55584.68286 20.02994 0.09916
55586.61685 19.67966 0.07938
55586.66038 20.04886 0.08467
55588.66264 19.89757 0.12959
55588.70647 19.70667 0.12106
55722.89872 19.81827 0.09347
55723.91976 19.93883 0.09798
55723.9634 19.83882 0.08615
55733.86776 19.87455 0.12656
55733.91212 19.79837 0.10225
55750.83279 20.0366 0.09686
55750.87598 19.82652 0.08205
55753.86132 19.71599 0.14235
55756.88391 19.60793 0.15382
55756.93392 19.74306 0.14373
55759.84878 19.91066 0.16125
55759.89212 19.68904 0.11125
55762.79606 19.70893 0.12979
55762.8402 19.7315 0.11898
55766.7805 19.59052 0.11605
55766.83041 19.68506 0.10696
55768.77509 19.89424 0.14516
55768.82037 20.0146 0.13164
55769.80074 19.78695 0.08598
55769.84468 19.68465 0.07235
55770.78189 19.63968 0.09192
55770.82573 19.73457 0.07187
55771.78074 19.65205 0.07552
55771.82449 19.84144 0.07238
55774.75968 19.89221 0.10446
55774.80363 19.58616 0.07778
55775.80332 19.95559 0.12969
55779.79086 19.794 0.07899
55780.74948 19.91806 0.10668
55780.79415 19.64118 0.07717
55782.7508 19.60473 0.12686
55782.7956 19.78365 0.12334
55790.77463 19.7554 0.11235
55793.74743 19.63956 0.09032
55793.79097 19.70589 0.08769
55794.75972 19.69592 0.07373
55794.81629 20.01341 0.09951
55809.66644 19.97584 0.18166
55809.7101 19.85385 0.11003
55811.7042 19.75001 0.11857
55812.70198 19.9797 0.14496
55813.66257 19.56987 0.16135
55813.70671 20.02073 0.14027
55822.63132 19.50912 0.12818
55822.67415 19.91646 0.09425
55823.62908 19.90318 0.14296
55823.67275 19.75451 0.12005
55824.6697 19.76065 0.08534
55838.61464 19.60399 0.1276
55838.65944 19.93704 0.14017
55843.65444 19.87188 0.16536
55849.60547 19.68287 0.08747
55849.65079 19.70539 0.11281
55850.60468 19.59207 0.07788
55850.64918 19.8283 0.08265
55851.60318 19.7741 0.08087
55851.64641 19.77995 0.07088
55852.60416 19.75273 0.0888
55852.6481 19.62548 0.06802
55853.60163 19.83238 0.09667
55853.6463 19.68391 0.09305
55854.60164 19.71867 0.08761
55854.64607 19.84549 0.0806
55866.5884 19.69263 0.09374
55866.64679 19.75211 0.08076
55867.58757 19.76045 0.15036
55867.63053 19.88416 0.10188
55868.5865 20.02009 0.11794
55868.63002 19.92063 0.11964
55880.87841 20.00921 0.12614
55882.86968 19.95874 0.10783
55882.87146 19.71971 0.08711
55883.86679 19.80644 0.10961
55883.91496 20.11131 0.18774
55887.63181 19.82306 0.07319
55887.68352 19.79655 0.07142
55888.8957 20.02163 0.12979
55889.80049 19.67906 0.06307
55889.84447 19.91297 0.07345
55891.57974 20.13946 0.09976
55891.6225 19.9247 0.07826
55893.58261 19.84624 0.11715
55893.62546 19.84772 0.09016
55894.58144 19.89 0.1027
55896.58202 19.85459 0.10157
55898.82137 19.96301 0.14109
55902.58519 19.9632 0.13802
55904.58683 19.85463 0.19285
55906.58378 19.82553 0.10327
55906.64029 19.76118 0.13465
55916.59575 19.70345 0.08234
55916.64026 19.87243 0.08514
55922.6423 19.76819 0.0673
55923.59751 19.90506 0.09086
55923.64145 19.65451 0.08567
55924.60837 19.68378 0.07516
55925.59941 19.98426 0.12811
55925.67897 19.88052 0.08045
55926.58279 19.75524 0.0786
55926.62543 19.83281 0.08179
55930.58585 19.95715 0.15648
55931.58458 19.77734 0.15099
55931.62692 19.74145 0.13109
55932.62858 19.68493 0.11287
55936.60917 19.90193 0.12638
55936.65247 20.08892 0.1173
55937.58951 19.74978 0.10019
55939.64879 19.82449 0.09009
55939.6851 19.89795 0.11488
55940.64013 19.75994 0.14762
55943.69972 19.9589 0.09497
55943.74446 19.95147 0.16204
55944.64379 19.83742 0.10365
55944.67224 19.78972 0.08477
55946.63797 19.71697 0.16112
55947.59349 19.99136 0.09757
55947.63713 19.774 0.15471
55949.64923 19.80895 0.07871
55952.60617 19.81747 0.08757
55952.64932 20.00628 0.09897
55953.59751 19.7689 0.10031
55953.64127 19.80508 0.08169
55954.64157 20.07603 0.12758
55958.61566 20.03373 0.13233
55958.67117 19.95926 0.12691
55959.64574 19.8354 0.16166
55960.60205 20.10055 0.15153
55962.61935 19.81731 0.17484
56060.97134 19.87764 0.14086
56066.96916 19.72995 0.11857
56067.96802 19.99282 0.11506
56071.95528 19.98364 0.14817
56075.96117 19.91572 0.13435
56076.96161 19.94978 0.10345
56078.92335 19.93768 0.16016
56078.95394 20.16868 0.13107
56079.94994 20.0349 0.10856
56085.9661 19.67647 0.17687
56086.90079 20.03462 0.16137
56086.9317 19.94619 0.14065
56086.96186 20.0255 0.17264
56087.95118 19.8362 0.11216
56088.93216 19.84187 0.10806
56088.96298 19.81515 0.11544
56089.9375 19.87093 0.14635
56091.93224 19.91586 0.10465
56091.96189 20.06075 0.11314
56092.88532 19.84323 0.11766
56092.91513 19.65071 0.10097
56092.94551 19.90676 0.10194
56093.88544 19.77658 0.12006
56093.91605 20.04515 0.12026
56093.95942 19.6958 0.10406
56094.8793 19.90684 0.1359
56094.90895 19.99085 0.10629
56094.93794 19.97069 0.10617
56095.89413 19.92642 0.15496
56095.92394 19.86529 0.11485
56095.95378 19.80075 0.10256
56096.8846 20.04698 0.11776
56096.91464 19.83046 0.12105
56096.94475 19.81341 0.08388
56097.90204 19.8322 0.10805
56099.86796 20.01457 0.10768
56099.8979 19.84435 0.08076
56099.92867 19.86062 0.08166
56100.87134 20.01977 0.14365
56100.9014 19.80601 0.12224
56100.93113 19.79512 0.10014
56101.86099 19.61802 0.14097
56101.89166 19.98927 0.12055
56101.92164 20.06328 0.10465
56102.85884 19.8089 0.11927
56102.88948 19.74205 0.08586
56102.91975 19.78173 0.07746
56103.85688 20.08716 0.15837
56103.89198 19.87373 0.13546
56103.92203 19.89041 0.09647
56104.89266 19.84488 0.10055
56104.92258 19.81005 0.10875
56105.87772 19.72218 0.09435
56105.90846 19.96075 0.09316
56105.93782 19.77766 0.07775
56106.84826 19.69431 0.13325
56106.87859 19.96975 0.10335
56106.90907 19.74789 0.07935
56107.87579 19.82149 0.11425
56107.90655 19.66942 0.08816
56108.89669 19.84297 0.12006
56108.92686 20.12324 0.10037
56109.93363 19.76354 0.10836
56110.92786 19.7868 0.12556
56111.91431 19.96506 0.14597
56111.94457 19.7527 0.18474
56113.93235 19.96898 0.17854
56113.96218 19.89835 0.12477
56114.87108 19.90747 0.15716
56114.92357 19.85905 0.11888
56114.95378 19.90781 0.11996
56115.88797 19.77542 0.12355
56115.9179 19.82355 0.13335
56117.89333 20.09907 0.13305
56117.92405 19.74977 0.10426
56118.82762 19.92468 0.20104
56118.85812 19.61481 0.12099
56118.8884 20.12899 0.15715
56119.81535 19.69111 0.18316
56123.80269 19.66688 0.10509
56123.8333 19.77671 0.09836
56123.86323 19.76792 0.08147
56124.8239 19.84675 0.11908
56124.85579 20.09852 0.13198
56124.90647 20.00976 0.10398
56125.8655 19.81822 0.09218
56125.89611 19.7067 0.09684
56126.79674 20.03911 0.12468
56126.82683 20.03098 0.1131
56127.84219 19.69789 0.1123
56127.87262 19.93253 0.08242
56128.79045 19.79681 0.12655
56128.8202 19.80465 0.09385
56128.8509 19.88023 0.07779
56129.81763 19.94324 0.11285
56129.84839 19.89706 0.08705
56130.78415 19.8996 0.11211
56130.81619 19.67935 0.13898
56130.84603 19.81719 0.1027
56131.81956 19.7106 0.09596
56131.84966 20.00601 0.11816
56131.87991 19.81514 0.08299
56132.81342 19.92697 0.08626
56132.85526 20.00885 0.09056
56133.77702 19.97425 0.13415
56133.80732 19.99164 0.11055
56133.83817 19.83908 0.09375
56135.77548 19.76372 0.13195
56135.80558 19.58128 0.07038
56135.8357 19.82462 0.06305
56136.78168 19.78802 0.13427
56136.81139 19.66586 0.11116
56136.84105 19.88334 0.09544
56137.8165 19.70068 0.15183
56137.84943 19.87619 0.14157
56143.81202 20.13041 0.15295
56144.79078 19.91938 0.13556
56146.77217 19.71423 0.18179
56146.83591 20.03792 0.13057
56147.75046 20.11452 0.13124
56147.78019 20.06684 0.14394
56147.81614 19.79429 0.13746
56148.73743 19.88376 0.11271
56148.76798 19.62149 0.09097
56148.79928 19.94922 0.13195
56151.84315 19.64714 0.05793
56151.87618 19.65625 0.05482
56151.91621 19.7293 0.0566
56164.86055 19.85013 0.0564
56164.89061 19.67876 0.04583
56164.92052 19.7821 0.04753
56165.82275 19.80548 0.07954
56165.85221 19.80046 0.06056
56165.88255 19.74154 0.05266
56166.78411 19.93579 0.08187
56166.82415 19.9339 0.07846
56166.85436 19.86331 0.07157
56167.76082 19.88946 0.1017
56167.79008 19.63025 0.09459
56167.82893 19.59437 0.08538
56168.76135 19.71808 0.12476
56168.79094 19.76902 0.0985
56169.73488 19.77001 0.18895
56169.78208 20.02938 0.14597
56170.76821 19.63245 0.14316
56176.66101 19.73833 0.13099
56176.77537 19.77939 0.12975
56177.67775 19.73901 0.08547
56177.71467 19.84662 0.07019
56177.7448 19.70858 0.06248
56178.65701 19.75434 0.13707
56178.7245 19.71626 0.076
56178.75548 19.73184 0.06446
56189.71737 19.83996 0.07687
56189.74707 19.80597 0.06737
56194.65274 19.75023 0.16516
56194.73072 19.6335 0.09685
56195.68489 19.7238 0.13584
56195.74387 19.76794 0.09995
56196.64868 20.02711 0.10855
56196.67925 19.74207 0.11615
56196.70945 19.63755 0.12765
56197.62224 19.73244 0.20584
56197.68048 19.82296 0.18444
56198.63271 19.613 0.15753
56198.66294 19.62299 0.16401
56198.69225 20.0427 0.14845
56202.61563 19.87228 0.16839
56202.70169 19.89299 0.14129
56207.71676 19.71145 0.12549
56224.66207 19.74605 0.10638
56224.69182 19.89817 0.13256
56225.74851 19.92465 0.13793
56227.72154 19.85326 0.13129
56227.75148 19.82135 0.13287
56228.67316 19.9458 0.11707
56228.71 20.07782 0.12795
56229.61202 19.87799 0.13067
56229.68338 20.0401 0.13776
56230.64599 19.84382 0.14078
56232.82116 19.67966 0.09795
56233.75399 19.59814 0.10194
56233.78371 20.17761 0.14618
56234.68453 19.98627 0.09436
56234.71313 19.84586 0.09626
56235.61461 19.8224 0.08319
56235.64419 19.93765 0.07486
56236.58514 19.81403 0.10439
56236.61561 19.81966 0.07747
56237.58477 19.65792 0.08246
56237.61509 20.00929 0.08135
56238.58334 19.94944 0.10095
56238.61531 19.88885 0.07954
56239.58294 20.07692 0.10813
56239.61141 19.74853 0.06914
56251.83071 19.74459 0.07996
56251.86073 19.7973 0.07618
56252.58576 19.85062 0.08057
56252.60631 19.84022 0.08298
56252.62487 19.79251 0.07707
56252.64555 19.88923 0.08496
56252.66096 19.92029 0.07979
56252.69879 19.86987 0.07567
56252.71706 19.82992 0.07388
56252.73499 19.82519 0.07178
56252.75258 19.79116 0.07409
56252.76856 19.66819 0.07297
56252.78929 19.85471 0.10127
56252.80517 19.95942 0.09598
56252.821 19.92573 0.08187
56252.83831 19.97836 0.08467
56252.85634 19.82773 0.07039
56253.58621 19.83813 0.08185
56253.60335 19.89676 0.09105
56253.62054 20.03724 0.12184
56253.63682 19.71407 0.08484
56253.6539 19.73708 0.08344
56253.6721 20.06204 0.09894
56253.70902 19.75741 0.10624
56253.7307 19.94366 0.08594
56253.75003 19.86979 0.09716
56253.78832 19.98143 0.08717
56253.8078 19.9061 0.09595
56253.82956 20.06239 0.10205
56254.74613 19.77902 0.08195
56254.77889 19.90705 0.10076
56255.68248 19.88187 0.10833
56256.62657 19.85483 0.13483
56256.6557 19.88428 0.12674
56258.58614 19.89532 0.18425
56258.61848 20.06587 0.12526
56259.59443 19.71065 0.12005
56259.62495 19.65576 0.14466
56265.629 19.78702 0.06296
56265.6592 19.90993 0.0764
56266.58222 19.78495 0.10552
56267.58751 19.75089 0.06527
56267.61751 19.88662 0.06799
56268.59364 19.67473 0.06932
56268.62314 19.71819 0.06116
56269.58319 19.74633 0.06626
56269.58435 19.85023 0.06267
56269.58546 19.76823 0.06608
56269.58657 19.68209 0.05958
56269.58771 19.83447 0.06087
56269.58893 19.85707 0.06626
56269.59006 19.89597 0.06676
56269.59133 19.775 0.05987
56269.59245 19.77366 0.06319
56269.59364 19.78885 0.06389
56269.59478 19.77307 0.07326
56269.596 19.82242 0.05568
56269.59713 19.87857 0.06418
56269.59843 19.78807 0.05668
56269.59956 19.73197 0.06257
56269.60977 19.95124 0.06577
56269.61093 19.80807 0.06161
56269.6121 19.83187 0.05846
56269.61321 19.93289 0.06087
56269.61434 19.69621 0.06157
56269.61547 19.75531 0.05749
56269.61659 19.84341 0.05778
56269.61773 19.85178 0.06258
56269.61884 19.83714 0.06016
56269.61995 19.73415 0.06605
56269.62115 19.70034 0.06237
56269.6223 19.88833 0.06266
56269.62343 19.79894 0.05788
56269.62457 19.79009 0.05715
56269.62569 19.73659 0.05809
56269.62688 19.7012 0.05646
56269.628 19.74153 0.05747
56269.6375 19.77706 0.06699
56269.63881 19.7652 0.05838
56269.64001 19.73948 0.05437
56269.64114 19.84535 0.05938
56269.64226 19.82321 0.06038
56269.64337 19.82054 0.05768
56269.6445 19.75044 0.05777
56269.64562 19.67951 0.04977
56269.64675 19.72552 0.05168
56269.64789 19.85575 0.06205
56269.64905 19.68666 0.05559
56269.65017 19.70095 0.05396
56269.65129 19.84994 0.05738
56269.65247 19.82636 0.06066
56269.65359 19.8084 0.06107
56269.65473 19.74541 0.06027
56269.65585 19.78701 0.05577
56269.65698 19.78176 0.06265
56269.65819 19.676 0.05276
56269.65932 19.72605 0.05535
56269.66055 19.74238 0.05478
56269.66167 19.77562 0.05396
56269.66279 19.73891 0.05689
56269.66393 19.86253 0.06235
56269.66595 19.82073 0.06016
56269.66717 19.87698 0.06058
56269.66829 19.84779 0.05627
56269.66952 19.72273 0.04996
56269.67064 19.83758 0.05685
56269.67184 19.82298 0.05575
56269.673 19.74134 0.05577
56269.67412 19.83878 0.05527
56269.67533 19.79798 0.05475
56269.67646 19.80629 0.05906
56269.6776 19.8418 0.05685
56269.67883 19.86854 0.05945
56269.67997 19.72325 0.05486
56269.6812 19.70335 0.05385
56269.68232 19.825 0.05446
56269.68343 19.74442 0.05606
56269.68473 19.84997 0.05585
56269.68592 19.74742 0.05635
56269.68705 19.80178 0.05376
56269.68816 19.78164 0.05817
56269.68929 19.82357 0.06396
56269.69041 19.78853 0.05845
56269.69157 19.69041 0.05355
56269.69269 19.76508 0.06607
56269.69383 19.87604 0.05766
56269.69496 19.73882 0.05496
56269.69608 19.86375 0.05536
56269.69898 19.74684 0.05406
56269.70011 19.75185 0.05575
56269.70126 19.70634 0.05477
56269.70241 19.79346 0.06135
56269.70357 19.75923 0.05606
56269.70468 19.65295 0.05337
56269.70581 19.83639 0.05585
56269.70705 19.92399 0.06006
56269.70816 19.70836 0.05356
56269.70937 19.69158 0.06028
56269.7105 19.89082 0.05975
56269.71167 19.85134 0.06305
56269.7128 19.78579 0.05338
56269.71403 19.69927 0.05306
56269.71516 19.85748 0.05668
56269.7163 19.89932 0.05716
56269.72641 19.79641 0.06926
56269.72763 19.77287 0.05477
56269.72875 19.85622 0.05886
56269.72987 19.86509 0.05937
56269.731 19.79846 0.05587
56269.73213 19.75839 0.05948
56269.73326 19.82999 0.05648
56269.73438 19.78414 0.05845
56269.73557 19.68976 0.05987
56269.73682 19.93043 0.05718
56269.73796 19.85615 0.06075
56269.73911 19.66353 0.05566
56269.74036 19.72049 0.05607
56269.74147 19.86873 0.06085
56269.74272 19.78354 0.05786
56269.74391 19.79562 0.05877
56269.74502 19.73122 0.05709
56269.7462 19.78729 0.05477
56269.74734 19.68938 0.06588
56269.74846 19.79675 0.06205
56269.74961 19.82318 0.05777
56269.75074 19.65812 0.06026
56269.75201 19.82712 0.06365
56269.75316 19.82717 0.05947
56269.75429 19.81889 0.06196
56269.75553 19.76047 0.05926
56269.75665 19.76812 0.06187
56269.75779 19.84364 0.06286
56269.75895 19.70243 0.05877
56269.76008 19.68363 0.06225
56269.76123 19.87136 0.06116
56269.76235 19.79634 0.06026
56269.76348 19.72315 0.06126
56269.76459 19.81927 0.06338
56269.76573 19.82311 0.05938
56269.78036 19.82772 0.07317
56269.78151 19.74828 0.06625
56269.78271 19.68096 0.07316
56269.78391 19.76854 0.06635
56269.78511 19.76109 0.06537
56269.78751 19.9431 0.07045
56269.78876 19.90447 0.06666
56269.78989 19.77785 0.06436
56269.79108 19.77958 0.06575
56269.79227 19.86365 0.06666
56269.79356 19.74751 0.06435
56269.79478 19.83103 0.06636
56269.7959 19.85039 0.07096
56269.79701 19.81976 0.06935
56269.79816 19.68267 0.06646
56269.79928 19.91409 0.07397
56269.80041 19.67532 0.06736
56269.80156 19.85157 0.07327
56269.80276 19.54613 0.07595
56269.80404 19.71116 0.06874
56269.80517 19.70815 0.06736
56269.80638 19.7454 0.07125
56269.80752 19.72129 0.08894
56269.80866 19.81328 0.07226
56270.57931 19.70523 0.0711
56270.58058 19.66241 0.06358
56270.58188 19.82466 0.06159
56270.58305 19.76175 0.06168
56270.58429 19.81227 0.06049
56270.58556 19.82708 0.06329
56270.58671 19.74459 0.06089
56270.58798 19.73006 0.0569
56270.58926 19.87535 0.06098
56270.59051 19.74288 0.06398
56270.59176 19.73785 0.05628
56270.59301 19.8046 0.06167
56270.59588 19.74262 0.05339
56270.59719 19.75192 0.05427
56270.59846 19.63477 0.06348
56270.59973 19.78896 0.05748
56270.60101 19.78782 0.05878
56270.60229 19.79258 0.05542
56270.60361 19.83977 0.06256
56270.60484 19.86808 0.06179
56270.60617 19.74379 0.0565
56270.60868 19.76266 0.0573
56270.60993 19.86192 0.06258
56270.61121 19.81839 0.06007
56270.61244 19.7371 0.05227
56270.61368 19.85016 0.06038
56270.61481 19.83798 0.05828
56270.61593 19.8352 0.06057
56270.61713 19.85364 0.06417
56270.61835 19.74157 0.05258
56270.61963 19.77663 0.05376
56270.62082 19.76961 0.05448
56270.62212 19.67751 0.05288
56270.62324 19.76501 0.05439
56270.62438 19.8292 0.05731
56270.6255 19.71918 0.05499
56270.62668 19.80215 0.06008
56270.62781 19.73208 0.05669
56270.62895 19.78966 0.05888
56270.63017 19.8011 0.0563
56270.6313 19.65759 0.05918
56270.63259 19.7952 0.05699
56270.63372 19.74821 0.05508
56270.63484 19.83414 0.05649
56270.64581 19.8572 0.06858
56270.64713 19.77802 0.05269
56270.64825 19.88727 0.05759
56270.6495 19.76922 0.05608
56270.65082 19.7829 0.05312
56270.65222 19.85943 0.05799
56270.65336 19.77473 0.05507
56270.6545 19.75468 0.05529
56270.65562 19.87106 0.06008
56270.65697 19.77686 0.05529
56270.65832 19.87799 0.059
56270.65959 19.78256 0.05831
56270.66092 19.7852 0.05919
56270.66217 19.80222 0.0576
56270.66351 19.73915 0.0581
56270.66477 19.70694 0.05749
56270.67891 19.82604 0.08039
56270.68008 19.79249 0.05569
56270.68122 19.89639 0.05658
56270.68243 19.82366 0.05833
56270.68382 19.80525 0.05544
56270.68508 19.73696 0.05668
56270.68653 19.71371 0.05309
56270.68784 19.71622 0.05328
56270.68912 19.72606 0.06259
56270.69114 19.78223 0.05632
56270.69232 19.78696 0.06349
56270.69365 19.85074 0.06275
56270.6948 19.74309 0.05708
56270.69617 19.6893 0.05409
56270.69746 19.69073 0.053
56270.6986 19.71467 0.05443
56270.6999 19.8388 0.06078
56270.70121 19.78226 0.05379
56270.70235 19.75718 0.05659
56270.70349 19.77192 0.05168
56270.70482 19.75743 0.05738
56270.70613 19.75515 0.05263
56270.70726 19.89691 0.06518
56270.7086 19.81071 0.05813
56270.70972 19.71281 0.05788
56270.71103 19.86794 0.05679
56270.71235 19.82901 0.05767
56270.71347 19.73414 0.05971
56270.71481 19.73339 0.05878
56270.71608 19.6621 0.05309
56270.71722 19.74553 0.05709
56270.71853 19.81121 0.06059
56270.71967 19.85636 0.06178
56270.72098 19.96794 0.06528
56270.72302 19.78307 0.05909
56270.72439 19.84165 0.06102
56270.72553 19.81488 0.06079
56270.72665 19.89326 0.0632
56270.72793 19.73732 0.05659
56270.72927 19.85114 0.06117
56270.73043 19.7939 0.05828
56270.73161 19.73536 0.06115
56270.73292 19.85842 0.06228
56270.73506 19.80428 0.06238
56270.73622 19.86281 0.06226
56270.73753 19.87249 0.06447
56270.73887 19.86463 0.06388
56270.74001 19.78154 0.06318
56270.74126 19.84519 0.06027
56270.7424 19.82015 0.06169
56270.74369 19.90862 0.06386
56270.74498 19.84661 0.06058
56270.74609 19.82867 0.06087
56270.74744 19.89719 0.05867
56270.7486 19.82194 0.06258
56270.74995 19.73608 0.05748
56270.75121 19.75193 0.05968
56270.75241 19.73219 0.05388
56270.75372 19.87198 0.05929
56270.75502 19.73389 0.05629
56270.75706 19.78815 0.0606
56270.75826 19.82252 0.06389
56270.75948 19.67461 0.06668
56270.76078 19.84389 0.06318
56270.76208 19.79404 0.06207
56270.77223 19.8416 0.07088
56270.77464 19.75171 0.06456
56270.77775 19.85352 0.06609
56270.77887 19.79161 0.06497
56270.78012 19.89552 0.07118
56270.78147 19.82754 0.07158
56270.78273 19.88216 0.07496
56270.784 19.65519 0.07256
56270.78526 19.77955 0.06937
56270.78661 19.82313 0.06716
56270.78776 19.99505 0.07447
56270.7891 19.92732 0.07684
56270.79151 19.86508 0.07117
56270.7928 19.90402 0.08905
56270.79391 19.69788 0.06517
56270.79508 19.79251 0.07257
56270.79619 19.76094 0.06797
56270.7975 19.84548 0.06616
56270.79862 19.81095 0.07526
56270.79991 19.78223 0.07215
56270.80111 19.80426 0.07257
56270.80249 19.7207 0.06778
56270.80509 19.82932 0.07805
56270.80715 19.96321 0.07936
56270.80837 19.96158 0.07918
56270.80963 19.63069 0.07257
56271.71236 19.75655 0.07337
56271.74462 19.9353 0.08539
56272.64495 19.85261 0.06835
56272.7082 19.96995 0.07394
56273.60993 19.804 0.07406
56273.63946 19.92777 0.07596
56281.58737 19.76562 0.10468
56281.61668 20.08777 0.09919
56282.58095 19.61552 0.08346
56282.61036 19.98221 0.10095
56282.62819 19.80922 0.08116
56297.58897 19.78692 0.07326
56297.59019 19.60859 0.05879
56297.5937 19.67201 0.07116
56297.59722 19.7234 0.06418
56297.59904 19.61089 0.05586
56297.60164 19.90226 0.06497
56297.60284 19.89246 0.06796
56297.6053 19.87152 0.06158
56297.61734 19.84646 0.07026
56297.61965 19.78998 0.06827
56297.62198 19.85368 0.06585
56297.62474 19.80067 0.06726
56297.62597 19.72868 0.06717
56297.62818 19.93162 0.06699
56297.63051 19.69578 0.07079
56297.63246 19.7933 0.06686
56297.6337 19.86559 0.07296
56297.63597 19.72705 0.0671
56297.63722 19.89205 0.06728
56297.63944 19.82018 0.06817
56297.64162 19.76888 0.07517
56297.64281 19.69877 0.07607
56297.64393 19.79553 0.06746
56297.64612 19.87695 0.08096
56297.64742 19.78178 0.06408
56297.64964 19.78756 0.07428
56297.65084 19.78036 0.07116
56297.65434 19.75346 0.06538
56297.65811 19.88928 0.06887
56297.65988 19.93021 0.06926
56297.66121 19.91122 0.07216
56297.66483 19.70734 0.06506
56297.66714 19.78043 0.07028
56297.67315 19.77282 0.07217
56297.67547 19.83184 0.07386
56297.67675 19.91327 0.07406
56297.67954 19.93918 0.07769
56297.68076 19.90624 0.07145
56297.6819 19.82296 0.06798
56297.68325 19.69471 0.06638
56297.68541 19.83808 0.07275
56297.68786 19.85153 0.07366
56297.69171 19.8126 0.07586
56297.69635 19.7784 0.07657
56297.69767 19.89883 0.07748
56297.70113 19.86179 0.07445
56297.70743 19.68543 0.08075
56297.71084 19.78335 0.07065
56297.71401 19.80791 0.06967
56297.71668 19.79524 0.08395
56297.7179 19.69993 0.07397
56297.72049 19.86833 0.07426
56297.72327 19.96318 0.08075
56297.72448 19.75531 0.07687
56297.72584 19.81585 0.06907
56297.72772 19.68127 0.06696
56297.72894 19.73757 0.06907
56297.74317 19.81316 0.09305
56297.74683 19.72048 0.07736
56297.74996 19.52077 0.07745
56297.75123 19.89195 0.09825
56297.75493 19.96262 0.08624
56297.75709 19.90213 0.08664
56297.76047 19.81834 0.08955
56297.76167 19.75429 0.09624
56297.76388 19.99755 0.09994
56297.76506 19.8313 0.08256
56297.76834 19.74193 0.08605
56297.77069 19.98345 0.10055
56297.77185 19.74278 0.08337
56297.77383 19.80524 0.09496
56297.79199 19.78868 0.09837
56297.79318 19.8906 0.11354
56297.79645 19.95082 0.13784
56297.79838 19.95884 0.11047
56297.79953 20.01487 0.13066
56297.80077 20.0239 0.13296
56297.80312 19.82218 0.10156
56297.80437 19.72522 0.11065
56297.80564 19.94353 0.13266
56297.80864 19.94404 0.14004
56298.58895 19.8581 0.08373
56298.59013 19.72521 0.0832
56298.59235 19.85421 0.12162
56298.59354 19.61167 0.14641
56298.59724 20.00879 0.14281
56298.59842 19.91371 0.12005
56298.60089 19.85394 0.11812
56298.6021 19.85267 0.10663
56298.60332 19.71874 0.10272
56298.60466 19.62947 0.14111
56298.60701 19.80068 0.11254
56298.60823 19.97705 0.15141
56298.61034 20.01211 0.16911
56298.61595 19.8043 0.07823
56298.61811 19.6368 0.06736
56298.62047 19.66577 0.0692
56298.62171 19.85918 0.11008
56298.62426 19.75644 0.07316
56298.62643 19.92752 0.10259
56298.62762 19.92509 0.14178
56298.63098 19.90921 0.09052
56298.63219 19.91493 0.09396
56298.63473 19.85378 0.08713
56298.63687 19.86529 0.1118
56298.63807 19.94527 0.10004
56298.63935 19.59361 0.08265
56298.64364 19.88317 0.06919
56298.64578 19.87223 0.08254
56298.64695 19.99685 0.0943
56298.6481 19.79841 0.07205
56298.65082 19.62608 0.08195
56298.65294 19.87339 0.07169
56298.65509 19.83809 0.06264
56298.65745 19.82852 0.09736
56298.65865 19.93564 0.07241
56298.66081 19.86314 0.06817
56298.66198 19.75463 0.06135
56298.66411 19.69079 0.06475
56298.66639 19.87912 0.07332
56298.6699 20.04284 0.07117
56298.68256 19.59217 0.07743
56298.68492 19.90086 0.09711
56298.68729 19.8438 0.12556
56301.59099 19.74907 0.06828
56302.62153 19.69003 0.09214
56305.59416 19.79955 0.07006
56305.62276 19.75055 0.06589
56307.63151 19.83747 0.08627
56308.60019 19.86728 0.09785
56308.63015 20.08415 0.13428
56310.60466 19.96236 0.10348
56310.63503 19.73852 0.09685
56311.59823 19.75734 0.08646
56311.62777 19.97943 0.14275
56312.63396 19.77245 0.15996
56313.60478 19.93921 0.09736
56313.63593 19.70546 0.11825
56314.61498 20.02115 0.13574
56322.60046 19.73255 0.10909
56322.63022 19.81079 0.095
56323.59943 19.83006 0.08786
56323.60059 19.92389 0.08616
56323.60172 19.73036 0.07375
56323.60284 19.81931 0.09317
56323.60396 19.89118 0.08414
56323.60508 19.75421 0.07755
56323.60621 19.80491 0.07455
56323.60734 19.76465 0.07966
56323.60846 19.84026 0.07447
56323.60959 19.71757 0.06658
56323.61071 19.81821 0.07555
56323.61183 19.90351 0.09865
56323.61297 19.72632 0.09486
56323.61409 19.79603 0.07446
56323.61521 19.78313 0.08025
56323.61635 19.69862 0.07656
56323.61747 19.72928 0.07386
56323.61859 19.83228 0.08135
56323.61971 20.02055 0.08145
56323.62085 19.64765 0.07955
56323.62197 19.84637 0.08323
56323.62309 19.79228 0.09216
56323.62423 19.82275 0.09534
56323.62535 19.82949 0.09544
56323.62647 19.93866 0.08615
56323.62759 19.97524 0.08394
56323.62872 19.92739 0.10036
56323.62985 19.63697 0.07425
56323.63097 19.89862 0.08345
56323.6321 19.84892 0.07527
56323.63322 19.94553 0.08196
56323.63435 19.73007 0.08097
56323.63549 19.87344 0.08684
56323.63661 19.87081 0.08076
56323.63773 19.86238 0.08746
56323.63887 19.99727 0.08707
56323.63999 19.78533 0.07785
56323.64112 19.79683 0.08425
56323.64225 19.79177 0.08574
56323.64338 19.80228 0.09044
56323.6445 19.91869 0.08196
56323.64563 19.85758 0.09696
56323.64676 19.94227 0.08565
56323.64789 19.74813 0.07788
56323.64902 19.85024 0.08395
56323.65014 19.55735 0.10394
56323.65127 19.82038 0.08235
56323.6524 20.00676 0.09004
56323.65352 19.85954 0.08566
56323.65465 20.07306 0.11113
56323.65577 19.85324 0.08435
56323.65691 19.68884 0.08434
56323.65803 19.80612 0.09314
56323.66029 19.83916 0.08965
56323.66142 19.8123 0.11665
56323.66255 19.96614 0.10245
56323.66367 19.85911 0.08866
56323.6648 20.08018 0.09984
56323.66706 20.10475 0.12814
56323.66819 20.01192 0.10654
56323.66932 19.65342 0.09786
56323.67045 19.7242 0.10955
56323.67158 19.73871 0.10874
56323.67271 19.67697 0.10424
56323.67384 19.74323 0.09276
56323.67496 19.92325 0.09505
56323.67613 19.98916 0.13484
56323.67725 19.80298 0.09254
56323.67838 19.84856 0.09633
56323.67951 19.90222 0.10905
56323.68065 19.88581 0.10015
56323.6829 20.13249 0.12424
56323.68516 19.77142 0.12705
56323.68628 19.77003 0.10635
56323.68742 19.85356 0.13043
56323.68855 19.87852 0.09465
56323.68967 19.7801 0.09295
56323.69081 19.99394 0.11083
56323.69194 19.91514 0.10064
56323.69306 19.85106 0.10703
56323.6942 19.94624 0.11715
56323.69532 20.02518 0.15274
56323.69644 19.81398 0.10905
56323.69758 19.91717 0.13345
56323.6987 19.77807 0.11806
56323.69982 19.86979 0.12154
56323.70208 19.85868 0.10677
56323.7032 20.06871 0.16965
56323.70434 19.67253 0.12676
56323.70546 19.95777 0.12875
56323.71001 19.9554 0.14627
56323.71114 19.61883 0.14286
56324.6344 19.89306 0.08345
56324.67356 19.90683 0.09034
56328.60109 19.7442 0.09115
56328.63041 19.79894 0.06728
56329.6158 19.77122 0.10429
56330.60568 19.94573 0.08916
56330.63442 19.82983 0.10184
56336.60557 19.69156 0.08846
56336.6347 19.9631 0.10245
56337.61678 19.88246 0.08366
56337.646 19.91114 0.08426
56339.61462 19.60016 0.12381
56340.62168 19.87582 0.09339
56340.65261 19.92783 0.1155
56341.63432 19.86469 0.11011
56342.64414 20.13208 0.1504
56432.97832 20.14844 0.15165
56433.97522 19.8103 0.11146
56442.95121 19.90148 0.13587
56443.94843 19.89532 0.10867
56444.94545 19.88147 0.18166
56446.9404 19.92059 0.12485
56447.93827 19.74469 0.09817
56447.97245 20.01431 0.13434
56448.93551 19.87836 0.08306
56448.97043 19.91558 0.12664
56449.9322 19.97204 0.08588
56449.96744 19.94696 0.09745
56450.93056 20.03295 0.09367
56450.96471 20.10518 0.09697
56451.92757 19.7787 0.09349
56451.96268 19.81898 0.07668
56452.92487 19.74983 0.07867
56452.95905 19.83112 0.07335
56453.9223 19.75673 0.09138
56453.95718 19.97769 0.12737
56454.91904 19.87291 0.09645
56454.9531 19.80035 0.07866
56455.91706 19.81734 0.10238
56455.95123 19.82922 0.07416
56456.91361 19.90272 0.08308
56456.94859 19.78242 0.09226
56457.91086 19.88051 0.09684
56457.9457 19.80902 0.08487
56458.90893 20.02736 0.09825
56458.94334 19.94745 0.07404
56459.90596 19.79921 0.08045
56459.94092 19.84869 0.07698
56460.9034 19.70968 0.07685
56460.93791 19.79398 0.06787
56461.90107 19.85987 0.09016
56461.93811 19.8673 0.07629
56462.89824 19.76277 0.13424
56462.93439 19.89286 0.08987
56463.89576 20.1404 0.13825
56463.93218 19.83863 0.0785
56469.91685 19.8599 0.10777
56471.87375 19.7666 0.18244
56471.91001 19.82812 0.14115
56473.86804 19.68865 0.19167
56473.90477 19.95009 0.14129
56475.9008 19.75845 0.13177
56476.89765 20.13214 0.15198
56477.85777 19.9773 0.16059
56485.83631 19.77429 0.08904
56486.83403 19.73603 0.09926
56486.87106 19.75731 0.08629
56488.83006 19.86752 0.09539
56488.86647 19.94776 0.08268
56489.82698 19.92365 0.11229
56498.83888 20.13115 0.16578
56502.79167 19.64354 0.08938
56502.82864 19.9314 0.10759
56503.78903 19.87973 0.08683
56503.82769 19.91953 0.08474
56504.82017 19.81553 0.09153
56504.86992 19.7328 0.07203
56504.90811 19.7242 0.06881
56505.9509 19.97486 0.08042
56505.98842 19.807 0.11876
56506.89349 19.88888 0.0829
56507.80198 19.93269 0.08517
56507.84712 19.82731 0.07217
56507.99891 19.71865 0.07459
56508.90167 19.79348 0.05411
56509.79634 19.81842 0.07071
56509.83877 19.77369 0.06539
56510.8262 19.78684 0.06279
56511.79111 19.87812 0.07941
56511.84089 19.73805 0.0717
56512.78788 19.80226 0.08679
56512.82519 19.86742 0.07101
56513.78624 19.79255 0.07643
56513.82352 19.88196 0.06472
56514.7834 20.01716 0.08113
56514.82081 19.80375 0.06693
56515.78106 19.74788 0.0891
56515.82231 19.68643 0.06467
56516.77774 19.98533 0.07152
56516.81437 19.81425 0.05818
56517.77605 19.77752 0.07703
56517.81715 19.75667 0.05733
56517.97309 19.75489 0.05493
56518.87478 19.89591 0.06269
56518.96686 19.81236 0.0612
56519.00311 19.76902 0.0624
56519.90443 19.8175 0.05334
56519.96504 19.8048 0.04811
56520.00171 19.82192 0.05999
56520.90327 19.71006 0.05263
56520.95521 19.67767 0.0515
56520.99262 19.89857 0.05879
56521.89446 19.86953 0.0614
56521.95772 19.7669 0.05931
56521.99393 19.83096 0.05879
56527.80142 20.03987 0.18303
56528.81982 19.57068 0.15879
56528.87422 19.91934 0.15554
56529.90241 19.83016 0.10103
56529.93849 19.78021 0.1085
56529.97462 19.91792 0.14601
56532.71221 20.03954 0.10438
56532.85928 19.74244 0.08428
56532.89645 19.73075 0.066
56533.79895 19.82743 0.06548
56533.93493 19.96895 0.06976
56533.97228 19.87676 0.07355
56537.84525 19.75676 0.05217
56537.9874 19.80015 0.05307
56539.69386 19.78153 0.09466
56539.88447 19.77364 0.05289
56539.9215 19.76184 0.05778
56540.97669 19.71404 0.053
56541.6883 19.87123 0.09941
56541.83165 20.01807 0.1617
56542.96698 19.79115 0.06027
56543.00294 19.78047 0.06967
56543.97085 19.99768 0.06645
56544.00787 19.9451 0.07337
56546.67441 19.84819 0.09756
56546.75907 19.83401 0.07259
56546.94639 19.83601 0.05848
56547.84788 19.75729 0.06061
56548.0057 19.81397 0.06698
56548.66959 19.79314 0.12387
56548.70582 19.75159 0.08928
56548.74172 19.73995 0.10995
56549.66591 19.88784 0.11687
56549.70273 20.06762 0.10755
56549.73967 19.69443 0.08037
56550.6994 19.99928 0.15645
56550.73216 20.005 0.10535
56551.66063 19.57765 0.12917
56551.72202 19.96134 0.11915
56552.71291 19.95868 0.15335
56561.66061 20.12009 0.09576
56561.92356 19.93041 0.11175
56562.93459 19.80907 0.07536
56563.02169 19.84415 0.10896
56563.6524 19.80787 0.08496
56563.6893 20.02887 0.10676
56563.77494 19.73211 0.06417
56564.72602 19.92843 0.08195
56564.99301 19.7739 0.07446
56565.02672 19.85395 0.11005
56565.92832 19.77375 0.06959
56565.98151 19.80714 0.08456
56566.01544 19.78415 0.08426
56566.91724 19.79405 0.06667
56566.96287 19.98495 0.07806
56566.99591 19.9851 0.08574
56567.8986 19.84066 0.06076
56567.96702 19.94665 0.06136
56568.00039 19.90423 0.07015
56568.90245 19.88325 0.06023
56568.96343 19.85678 0.06447
56568.99843 20.04837 0.08597
56569.90084 19.75187 0.06625
56569.99803 19.86449 0.07957
56570.03082 19.82592 0.09847
56571.62526 19.81316 0.11545
56571.72419 19.69714 0.11289
56572.62632 20.04458 0.10237
56572.66032 19.79 0.08417
56572.69287 20.12691 0.1054
56573.61429 19.98225 0.10485
56573.64765 19.82285 0.08516
56573.77817 19.79342 0.06507
56576.83948 19.60672 0.05483
56577.00541 20.04451 0.09955
56577.63144 19.63837 0.11057
56577.77306 19.93629 0.08346
56578.67217 20.01305 0.08965
56578.69674 20.0907 0.09726
56578.75347 19.95598 0.08977
56579.73584 19.81186 0.11864
56579.85963 19.95906 0.09727
56579.88516 19.98496 0.08945
56580.7875 19.98648 0.11265
56580.8553 19.78614 0.09177
56580.88022 20.12304 0.11147
56581.78167 19.78844 0.13437
56581.83883 19.78403 0.13014
56581.86464 20.04875 0.12698
56587.62864 19.91322 0.07986
56587.78993 20.00497 0.10227
56587.81475 19.81171 0.11676
56588.71625 19.63537 0.11636
56588.86644 20.08265 0.14067
56588.89281 19.78086 0.15634
56589.79481 19.87108 0.07386
56589.81959 19.72954 0.06828
56589.84642 20.04306 0.08056
56590.76387 19.71021 0.06649
56590.8749 19.85151 0.09525
56590.89969 20.03804 0.09494
56591.80204 19.87444 0.12264
56591.86057 19.93216 0.07785
56591.88508 19.97733 0.07815
56592.81972 19.8278 0.07837
56592.91348 19.94175 0.08027
56592.93852 20.01035 0.10035
56596.59731 19.75157 0.0904
56596.81771 19.96273 0.12224
56596.84238 19.92542 0.07787
56597.74425 19.89013 0.07718
56597.84943 19.77582 0.10938
56598.75163 19.95272 0.09227
56598.82179 19.93309 0.11155
56598.84855 19.89064 0.08158
56599.75014 19.89203 0.06686
56599.79577 19.9319 0.06518
56599.82112 20.02228 0.07037
56600.77441 19.87837 0.07217
56600.8753 19.88927 0.10645
56602.59024 19.89619 0.12827
56602.75501 20.00778 0.13108
56602.78065 19.91653 0.14014
56603.68227 20.11473 0.10355
56603.74296 19.91776 0.08576
56603.81581 19.66504 0.08518
56604.73691 19.69481 0.06722
56604.92616 19.88326 0.0873
56605.64733 19.92138 0.07456
56605.67213 19.79176 0.07915
56606.58401 19.90361 0.14513
56606.60932 19.82414 0.14715
56607.84927 19.79749 0.08245
56608.75086 19.98907 0.09676
56608.81398 20.1228 0.10895
56608.84048 19.93953 0.15388
56609.8617 19.87262 0.12554
56621.79766 19.77814 0.07508
56622.58588 19.91714 0.07325
56623.58717 20.1375 0.10404
56624.57999 20.02668 0.08859
56624.60429 20.06318 0.07709
56625.70494 19.87896 0.06878
56625.74386 19.79127 0.07056
56626.64578 19.94279 0.07889
56626.67007 19.92901 0.0732
56628.73144 19.85685 0.08128
56628.76212 20.12245 0.08647
56637.58042 19.74406 0.09374
56637.60549 20.1846 0.11791
56639.60438 19.94338 0.16793
56640.61699 20.04788 0.14407
56648.58277 19.91802 0.08867
56648.61266 19.91687 0.09726
56649.60387 19.86401 0.07273
56650.58762 19.8671 0.09078
56658.58519 19.85096 0.06651
56658.62914 19.69747 0.07043
56659.58605 19.76705 0.0635
56659.61086 19.95775 0.07189
56660.58569 19.94112 0.07441
56660.61029 19.83492 0.06764
56662.58587 19.87544 0.10342
56663.59143 19.83281 0.07386
56663.6171 19.80076 0.06857
56664.6104 19.80043 0.11254
56668.58721 19.76846 0.17765
56668.61177 19.94445 0.11095
56669.61423 20.1167 0.16328
56675.5969 19.84187 0.09838
56675.6459 19.8534 0.12146
56676.59181 19.78316 0.08038
56676.61781 19.94938 0.08057
56678.61458 19.87621 0.07064
56678.64019 19.79704 0.07625
56680.60724 19.81257 0.08116
56683.59693 19.90672 0.07619
56683.63252 19.7366 0.0684
56685.59847 19.8235 0.13372
56685.6471 19.80745 0.09894
56686.63379 19.96766 0.1476
56687.64144 19.89815 0.08899
56690.60286 19.96902 0.09347
56690.64549 20.00986 0.08688
56697.60505 19.82452 0.13804
56699.60928 20.02877 0.13031
56816.96412 19.83993 0.08662
56816.97531 19.56964 0.11355
56817.96427 19.8036 0.08334
56817.97654 20.09231 0.15913
56818.96227 19.68455 0.06866
56818.97512 19.76639 0.11739
56819.96647 19.73724 0.11743
56822.96143 20.0398 0.13849
56823.96094 19.85979 0.13782
56824.97573 19.93884 0.12353
56826.96127 19.93828 0.13251
56827.96384 19.87729 0.0948
56828.9654 19.8946 0.09363
56828.97804 20.08279 0.12062
56829.96383 19.77591 0.07471
56829.97653 19.97522 0.0985
56830.96102 19.57751 0.07505
56830.97338 19.94437 0.08581
56831.96161 19.82056 0.0664
56831.97427 19.56056 0.07323
56832.9648 19.75186 0.06274
56832.97563 19.72105 0.08239
56833.96568 19.78415 0.06583
56833.97644 19.71229 0.0889
56834.96484 19.72245 0.06681
56834.9776 19.78803 0.09709
56835.96569 19.65055 0.09808
56835.97723 19.99697 0.11325
56836.96625 19.72038 0.0599
56836.97711 19.62955 0.09366
56837.96638 19.84081 0.06189
56838.96389 19.75097 0.07096
56838.9786 19.54932 0.09695
56839.96511 19.88546 0.06709
56840.96951 19.81244 0.06839
56840.98137 19.85041 0.10079
56841.96857 19.94438 0.06859
56841.98075 19.99088 0.10309
56844.96636 19.74013 0.06551
56844.97887 19.72688 0.09339
56845.96726 19.76265 0.05663
56845.98002 19.84339 0.07391
56846.96666 19.6994 0.05491
56846.98115 19.80727 0.06878
56847.96648 19.74297 0.05471
56847.98151 19.67841 0.05742
56848.96743 19.8917 0.06269
56848.98312 19.89422 0.09666
56849.96813 19.66566 0.11186
56849.98235 19.73892 0.10268
56850.96941 19.49792 0.13697
56851.97048 19.60395 0.08978
56851.98675 19.73403 0.10777
56854.96165 19.76795 0.07944
56854.98771 19.74876 0.0909
56855.96071 19.63205 0.10175
56855.98393 19.73588 0.10406
56856.96087 20.06614 0.14471
56856.98328 20.01904 0.11002
56858.96243 19.68352 0.05884
56858.98507 19.70328 0.06147
56859.96515 19.85077 0.05841
56859.98697 19.73653 0.07099
56861.96231 19.7469 0.06046
56861.98508 19.86937 0.06078
56862.9659 19.82934 0.06649
56862.98227 19.75508 0.07628
56863.94981 19.86645 0.06189
56864.94576 19.83027 0.06847
56864.96947 19.76199 0.07427
56865.92975 19.93653 0.08262
56865.96089 19.79603 0.04859
56867.98799 19.8679 0.06598
56868.96536 19.85197 0.06354
56868.98567 19.74257 0.05876
56869.98231 19.76124 0.05457
56870.96467 19.8107 0.05254
56870.98635 19.7603 0.0557
56874.97428 19.69754 0.06059
56874.99622 19.64068 0.06125
56875.98151 19.71759 0.05903
56875.99752 19.87902 0.07164
56876.91773 19.76127 0.05054
56876.94717 19.83558 0.05352
56877.9745 19.73505 0.05179
56877.9957 19.71115 0.06198
56878.00741 19.91147 0.11294
56879.92838 19.71897 0.09358
56879.95816 19.86283 0.12527
56880.9882 19.8187 0.15338
56883.9421 19.92369 0.09637
56883.98158 19.53272 0.0995
56884.99956 19.86322 0.08499
56885.96448 19.63292 0.06701
56885.98159 19.8239 0.08501
56886.91453 19.82749 0.06899
56886.94264 19.76963 0.07061
56887.91623 19.79332 0.0595
56887.94902 19.7548 0.06032
56888.86519 19.77906 0.04968
56888.89905 19.76554 0.05279
56888.91008 19.79224 0.05427
56888.94196 19.81263 0.0578
56890.94091 19.8049 0.05637
56890.97479 19.75926 0.05905
56895.83087 19.87718 0.06849
56895.86667 19.78036 0.09144
56972.71463 19.90168 0.08296
56972.73749 19.89363 0.10016
56978.74407 19.87422 0.06992
56978.79927 19.54483 0.11348
56979.72374 20.10782 0.14121
56980.71766 19.90853 0.07296
56980.83416 19.65124 0.07095
56981.71538 19.97084 0.08693
56981.77818 19.83566 0.06816
56984.71333 20.01703 0.09516
56984.78092 19.75219 0.1125
56986.72544 19.77271 0.08655
56987.70535 19.92069 0.0751
56987.76948 19.81751 0.09625
56988.66321 19.85634 0.08166
56989.60286 19.68955 0.08272
56989.66828 19.77527 0.07266
56990.59847 19.81047 0.0762
56990.66232 19.70573 0.07044
56991.66882 19.79252 0.179
57555.93989 19.87687 0.08504
57555.96363 19.88285 0.07993
57564.94449 19.99847 0.11596
57565.94418 19.8527 0.09582
57567.951 20.19062 0.10319
57567.97572 20.16414 0.12296
57568.92119 19.88046 0.08643
57568.97479 19.89846 0.12736
57569.92685 19.85595 0.07627
57570.93954 19.91108 0.07082
57571.91515 20.19984 0.09589
57571.96845 20.05129 0.0827
57572.94 19.99236 0.07219
57572.961 19.94737 0.08035
57573.95955 19.82431 0.07225
57573.98653 20.20962 0.16732
57574.96997 19.94243 0.07994
57575.96076 20.00649 0.06674
57576.95096 19.99928 0.07073
57577.97714 19.97633 0.08157
57578.93031 19.92207 0.07289
57579.93833 19.95164 0.07096
57579.96636 19.93393 0.07843
57580.94991 20.03786 0.07422
57580.97641 19.99173 0.08008
57581.93908 20.04378 0.06958
57581.96061 20.05791 0.07019
57582.96612 20.07447 0.07196
57582.9889 20.05798 0.11931
57583.93612 19.96804 0.06433
57583.97225 19.8679 0.06477
57584.92871 19.82761 0.06315
57584.97404 19.91255 0.07674
57585.92275 19.88058 0.08227
57585.96134 19.93427 0.06779
57586.91575 19.92406 0.10378
