#mjd mag magerr
61.92501 17.79294 0.01332
61.95573 17.76847 0.01277
63.91987 17.76691 0.01245
63.9639 17.76879 0.01273
64.92128 17.78207 0.0135
64.9656 17.76779 0.01349
66.91014 17.78959 0.01358
66.95474 17.78308 0.01306
67.91649 17.80542 0.01551
67.96099 17.78573 0.0151
69.90324 17.78246 0.0136
69.94786 17.76921 0.01334
80.87449 17.8191 0.03007
80.95988 17.82709 0.03572
84.86328 17.83294 0.01921
84.90782 17.84604 0.03325
87.85609 17.78229 0.01457
87.90101 17.78309 0.01358
88.96983 17.77993 0.01378
89.01521 17.80594 0.01486
89.94574 17.74893 0.01451
89.99042 17.74894 0.01445
93.83741 17.75873 0.01373
93.88196 17.75929 0.01332
96.8292 17.78315 0.01445
97.00858 17.7675 0.01631
104.99862 17.78289 0.01935
107.79764 17.8297 0.02921
114.88125 17.71811 0.01967
114.92522 17.70793 0.04211
119.89538 17.73831 0.01543
119.95365 17.7708 0.01689
123.75696 17.73592 0.01385
123.81523 17.73925 0.01434
126.97957 17.70355 0.01893
127.83329 17.72784 0.01451
127.87706 17.73989 0.01612
135.82555 17.72385 0.02585
135.86926 17.70591 0.02868
138.71472 17.7221 0.02864
138.75871 17.73914 0.03081
142.7036 17.66703 0.0141
142.75219 17.65829 0.01591
144.77886 17.65678 0.01385
144.82305 17.65343 0.01501
151.72943 17.66107 0.0153
151.77257 17.66286 0.01426
166.70473 17.61623 0.02488
166.74897 17.68321 0.02769
168.63378 17.6951 0.0227
168.6775 17.65669 0.02314
175.61224 17.64356 0.01262
175.65684 17.67126 0.01244
181.59421 17.67616 0.0196
181.63825 17.65613 0.01735
183.59204 17.65751 0.0254
183.64253 17.66443 0.01511
189.58054 17.70421 0.01836
189.62557 17.65377 0.01662
194.59026 17.76012 0.03203
199.58559 17.6657 0.01414
201.58642 17.66509 0.03719
202.58667 17.67176 0.01654
203.71441 17.69572 0.01671
203.75743 17.69207 0.01885
207.63092 17.67665 0.01691
207.67514 17.67954 0.01351
209.5968 17.6775 0.01283
209.64149 17.67736 0.01263
213.63312 17.66997 0.0288
213.6798 17.67992 0.02929
377.85123 17.70282 0.02875
377.89535 17.78402 0.02806
378.90615 17.82497 0.03067
379.8591 17.78764 0.02463
379.92482 17.76793 0.01906
380.87684 17.74579 0.02629
380.92078 17.76095 0.02337
381.89606 17.76308 0.01922
381.93934 17.77763 0.01726
384.82671 17.74499 0.01656
384.87028 17.74755 0.0148
385.87021 17.74837 0.01484
385.91339 17.77586 0.01347
386.86524 17.75578 0.01567
386.90867 17.78902 0.0147
387.87002 17.71998 0.01529
387.91342 17.74761 0.01342
388.86609 17.75333 0.01824
388.91005 17.75996 0.01412
390.80957 17.79419 0.02121
390.85393 17.78863 0.01719
391.80613 17.74382 0.02189
391.87538 17.73104 0.0151
392.83258 17.71426 0.01772
392.87538 17.75609 0.01505
394.79908 17.75172 0.01913
394.8431 17.72318 0.01445
395.79551 17.74159 0.02538
395.84215 17.73517 0.01626
396.79527 17.721 0.02363
396.83932 17.746 0.01501
397.79163 17.72673 0.02709
397.83526 17.72432 0.01597
398.78764 17.73905 0.026
398.83124 17.73253 0.02069
399.78802 17.73367 0.03041
399.83261 17.75306 0.02345
400.78534 17.71657 0.0329
400.8289 17.70016 0.02397
401.78133 17.69245 0.04098
401.82518 17.70689 0.03056
402.77979 17.80298 0.04646
402.8246 17.77845 0.03553
403.77642 17.81261 0.04674
403.81973 17.86302 0.04027
404.77424 17.75574 0.03845
404.84266 17.71576 0.02699
405.8416 17.74201 0.02929
406.79514 17.89058 0.04957
407.7691 17.67662 0.03645
407.83003 17.71535 0.0315
408.78389 17.77862 0.0577
411.79896 17.76416 0.02228
412.75232 17.7734 0.03118
412.79539 17.72149 0.02426
413.75577 17.73225 0.03531
413.79945 17.6784 0.02808
414.75161 17.70117 0.04056
414.79555 17.72888 0.02411
415.75266 17.69566 0.03098
415.79727 17.75912 0.0383
416.75096 17.69838 0.03411
416.79342 17.74332 0.02387
417.75979 17.73551 0.03639
417.84511 17.68283 0.03726
418.79843 17.76544 0.02892
418.84121 17.71024 0.0226
419.75121 17.77594 0.04088
419.79504 17.73101 0.02408
420.78929 17.69521 0.04108
420.83264 17.74949 0.02634
421.73664 17.76471 0.01812
421.79901 17.72474 0.01345
422.75115 17.78268 0.0173
422.79487 17.7333 0.01466
423.74742 17.79707 0.01757
423.79284 17.75113 0.01445
424.75349 17.76104 0.0213
424.80178 17.77943 0.01476
425.76166 17.7692 0.02052
425.80573 17.79035 0.01443
426.80123 17.75748 0.01804
426.8444 17.77209 0.01381
427.79708 17.81017 0.0194
427.8408 17.78951 0.01591
428.79281 17.78906 0.01932
428.83703 17.74478 0.01761
429.8142 17.75432 0.01941
429.85716 17.77932 0.01642
430.75769 17.75134 0.02396
430.80485 17.7597 0.02034
431.75639 17.77193 0.02467
431.80024 17.78037 0.02339
432.73907 17.70283 0.03352
432.78359 17.73732 0.02935
433.70425 17.77691 0.04848
433.7493 17.72686 0.03565
434.69401 17.78216 0.05046
434.73769 17.85542 0.03705
435.69148 17.75543 0.04186
436.88575 17.80597 0.02517
436.88891 17.83098 0.02518
436.8919 17.78327 0.02543
436.89501 17.80572 0.02557
436.89797 17.79237 0.02545
436.90109 17.78472 0.02704
436.9042 17.78526 0.02705
436.90728 17.75946 0.02664
436.91041 17.77385 0.02792
436.91351 17.80137 0.02808
436.91641 17.78545 0.02743
436.91931 17.82389 0.02867
436.92221 17.74942 0.02658
436.92514 17.82699 0.02727
436.92806 17.87651 0.02924
436.93096 17.78435 0.02651
436.93413 17.7473 0.02602
436.93703 17.74478 0.02596
436.93974 17.77777 0.02681
436.94297 17.79456 0.02848
436.94613 17.77542 0.02657
436.94915 17.77702 0.02453
436.95231 17.77095 0.02621
436.9553 17.79651 0.02724
436.95826 17.778 0.02513
436.96116 17.76794 0.02576
436.96403 17.80046 0.02596
436.96671 17.77364 0.02572
438.88857 17.77524 0.02314
438.89169 17.8019 0.02428
438.89485 17.82189 0.0228
438.89798 17.79676 0.02327
438.90086 17.81346 0.02137
438.90371 17.84914 0.02191
438.9065 17.78498 0.02036
438.90927 17.76211 0.02043
438.91204 17.80876 0.02164
438.91487 17.81554 0.02147
438.91763 17.73542 0.02169
438.92084 17.79189 0.02381
438.92394 17.80553 0.02451
438.92672 17.78936 0.02334
438.92954 17.76789 0.02428
438.93259 17.80402 0.02568
438.93551 17.82074 0.02445
438.93833 17.7824 0.02395
438.94106 17.80521 0.02376
438.94411 17.7385 0.02358
438.94678 17.73485 0.02435
438.95017 17.77428 0.02338
438.95913 17.75508 0.02347
438.96141 17.79687 0.02374
440.87507 17.75997 0.01596
440.87823 17.76514 0.01531
440.88428 17.78526 0.01563
440.88675 17.7696 0.01547
440.8894 17.75624 0.0151
440.89205 17.77468 0.01515
440.89518 17.75762 0.01505
440.89832 17.79399 0.01578
440.90145 17.7694 0.01562
440.90439 17.74832 0.01531
440.90729 17.8221 0.01565
440.91025 17.78929 0.0153
440.91316 17.78702 0.01561
440.91591 17.82642 0.01728
440.9187 17.79306 0.01602
440.92149 17.76281 0.0161
440.92426 17.78858 0.01498
440.93095 17.81496 0.01613
440.93364 17.784 0.01561
440.93623 17.79145 0.01609
440.9395 17.81308 0.01641
440.94264 17.7741 0.01575
440.94582 17.7731 0.01589
440.94883 17.76297 0.01606
440.95182 17.79671 0.01608
440.95489 17.79024 0.01565
440.95791 17.79563 0.01616
441.87301 17.8009 0.0143
441.87592 17.78086 0.01385
441.88645 17.79587 0.01413
441.88962 17.79344 0.01376
441.89254 17.7797 0.01392
441.89542 17.79912 0.0142
441.89828 17.77309 0.0142
441.90107 17.80756 0.01429
441.9037 17.81066 0.01397
441.90634 17.7953 0.01366
441.90906 17.78666 0.01368
441.9118 17.80071 0.01351
441.91445 17.78774 0.01409
441.91722 17.80099 0.01369
441.91981 17.80093 0.01514
441.92242 17.78506 0.01436
441.92546 17.78934 0.01391
441.9281 17.79547 0.01447
441.93183 17.79773 0.0143
441.93458 17.80094 0.01378
441.93727 17.76067 0.01448
441.94048 17.80135 0.01371
441.94326 17.8216 0.01364
441.94546 17.78796 0.01421
441.94852 17.79155 0.01419
441.95194 17.8104 0.01416
441.95469 17.80421 0.01413
441.95786 17.76941 0.01375
441.96081 17.75606 0.01448
441.96392 17.78477 0.01405
441.96715 17.77851 0.01361
441.97012 17.79651 0.01375
441.97294 17.78407 0.01354
441.97532 17.78374 0.01369
441.97757 17.76902 0.01402
441.9798 17.78714 0.01443
441.9835 17.79282 0.01431
441.9863 17.78841 0.01456
441.98852 17.78164 0.01429
441.99078 17.77388 0.01456
441.99382 17.80625 0.01513
442.00593 17.79254 0.01507
442.00906 17.81238 0.01625
442.01216 17.7897 0.01654
442.01486 17.80842 0.01811
442.01753 17.82752 0.02214
442.02001 17.85056 0.02454
442.02226 17.69848 0.02718
442.70382 17.79034 0.01689
442.70734 17.76921 0.01634
442.71097 17.77192 0.01612
442.71448 17.78907 0.01561
442.71808 17.79232 0.01604
442.72168 17.80186 0.01563
442.72527 17.77153 0.01509
442.73272 17.80255 0.01509
442.74184 17.76687 0.01432
442.74882 17.77713 0.01411
442.75572 17.79909 0.01461
442.76147 17.79562 0.01401
442.76615 17.78479 0.01422
442.77616 17.78046 0.01495
442.78135 17.78924 0.01393
442.78615 17.77869 0.01354
442.79145 17.79653 0.0135
442.79615 17.77737 0.01329
442.80186 17.78697 0.01383
442.8093 17.79578 0.01296
442.81443 17.76142 0.013
442.81939 17.78093 0.01316
442.82447 17.77916 0.01282
442.8293 17.79453 0.01319
442.83541 17.75903 0.0128
442.84012 17.78753 0.01327
442.84597 17.78292 0.01316
442.85112 17.7861 0.01343
442.85657 17.78649 0.01305
442.86387 17.79019 0.01454
442.87002 17.79561 0.01311
442.87503 17.79878 0.01323
442.88048 17.80778 0.01254
442.88617 17.79845 0.01284
442.89221 17.78226 0.01298
442.89785 17.75772 0.01312
442.90297 17.80144 0.01354
442.90871 17.7752 0.01292
442.91368 17.77404 0.01282
442.91875 17.78085 0.01321
442.92384 17.76925 0.01293
442.93037 17.77642 0.01344
442.93642 17.77396 0.01291
442.94588 17.78473 0.01649
442.95166 17.77944 0.01361
442.95754 17.80201 0.01374
442.96246 17.76977 0.01364
442.96833 17.79324 0.01425
442.97317 17.78513 0.01349
442.97782 17.78232 0.01297
442.98206 17.77557 0.01297
442.9872 17.80156 0.01404
442.99348 17.79997 0.01425
442.99858 17.78186 0.01333
443.00329 17.76921 0.01419
443.01002 17.78117 0.0143
443.01702 17.78563 0.01779
443.02387 17.83108 0.03154
443.67742 17.78518 0.02204
443.68488 17.79633 0.02064
443.69287 17.7701 0.01888
443.70415 17.79636 0.01814
443.71028 17.80706 0.01835
443.71632 17.81994 0.01703
443.72231 17.79841 0.01687
443.72832 17.78402 0.01636
443.736 17.7847 0.01584
443.74306 17.76731 0.01496
443.74812 17.77661 0.01497
443.75372 17.78985 0.01507
443.75946 17.82987 0.01546
443.76526 17.75988 0.01475
443.77007 17.77952 0.01541
443.78027 17.77368 0.01656
443.78539 17.79393 0.01463
443.79156 17.75965 0.01431
443.79717 17.77138 0.01383
443.80302 17.77919 0.01363
443.80895 17.77831 0.01397
443.81493 17.77228 0.01472
443.8204 17.7806 0.01502
443.82634 17.80029 0.01378
443.83239 17.76068 0.01389
443.83783 17.78102 0.01336
443.84415 17.78358 0.01331
443.84958 17.79297 0.01378
443.85553 17.79746 0.01328
443.86252 17.77129 0.01364
443.87576 17.76904 0.01387
443.88141 17.7754 0.01299
443.88892 17.76983 0.01401
443.89412 17.76837 0.01417
443.90077 17.78242 0.01406
443.90658 17.76995 0.01329
443.91235 17.81861 0.01356
443.91779 17.79087 0.01452
443.92403 17.77397 0.01487
443.92967 17.77997 0.01407
443.93496 17.79043 0.01436
443.94073 17.7843 0.01452
443.94779 17.77713 0.0144
443.95355 17.76255 0.01348
443.95925 17.77577 0.01452
443.9693 17.80597 0.01635
443.97555 17.8277 0.01485
443.98144 17.7772 0.01488
443.98725 17.81001 0.01635
443.99456 17.78362 0.01528
444.00093 17.76913 0.0145
444.0061 17.79464 0.01445
444.01187 17.77234 0.01517
444.0175 17.79541 0.01818
444.02231 17.89377 0.0285
444.66648 17.81832 0.02434
444.67221 17.83742 0.02482
444.67727 17.76342 0.02285
444.68199 17.81861 0.02833
444.68857 17.80663 0.02017
444.69526 17.79185 0.0205
444.70198 17.7645 0.01926
444.7091 17.77584 0.02008
444.71487 17.7557 0.01794
444.72103 17.75937 0.01726
444.72796 17.77327 0.01884
444.73377 17.76097 0.01572
444.74094 17.78298 0.01614
444.74655 17.7661 0.01618
444.75167 17.76645 0.01573
444.75678 17.75827 0.01557
444.76225 17.77196 0.01542
444.7673 17.77233 0.01471
444.77353 17.79472 0.01549
444.77876 17.75335 0.01478
444.78368 17.80327 0.01495
444.79848 17.76013 0.01373
444.80403 17.76394 0.01419
444.81599 17.76411 0.01468
444.8213 17.79579 0.01398
444.83332 17.76013 0.01523
444.83854 17.77642 0.01481
444.84549 17.76787 0.01368
444.85161 17.79974 0.01458
444.85679 17.7734 0.01388
444.86267 17.77605 0.0152
444.86777 17.80816 0.01582
444.87321 17.78841 0.01389
444.87872 17.78559 0.01413
444.88467 17.79695 0.01395
444.89016 17.81395 0.01535
444.89581 17.80261 0.01612
444.90153 17.78774 0.01369
444.90845 17.77844 0.0161
444.91349 17.80994 0.01437
444.92279 17.77735 0.01334
444.93139 17.76767 0.01377
444.94041 17.78101 0.01317
444.94568 17.78284 0.01384
444.951 17.80652 0.01498
444.95724 17.75162 0.01435
444.96289 17.78538 0.01403
444.96923 17.77452 0.014
444.97411 17.7794 0.0142
444.98062 17.78073 0.01452
444.98915 17.77518 0.01617
444.99553 17.77366 0.01528
445.00157 17.77813 0.01537
445.00779 17.77181 0.01478
445.01282 17.76269 0.01603
445.01777 17.78809 0.01915
445.02227 17.73803 0.02554
445.66261 17.84158 0.02308
445.66749 17.78694 0.01903
445.67244 17.78333 0.01925
445.67731 17.78461 0.01992
445.68422 17.78344 0.0186
445.6905 17.76362 0.0174
445.69681 17.79921 0.01681
445.70294 17.79941 0.01732
445.70921 17.76796 0.01643
445.71534 17.85174 0.01852
445.72141 17.81046 0.02004
445.72791 17.7902 0.01707
445.73457 17.82479 0.01742
445.74013 17.78585 0.01548
445.7456 17.80237 0.01563
445.75096 17.77859 0.01577
445.75643 17.76429 0.01495
445.76191 17.79828 0.01535
445.76784 17.76765 0.01451
445.7737 17.77803 0.01351
445.779 17.77557 0.01407
445.78479 17.81395 0.01392
445.79025 17.7896 0.01334
445.79613 17.78458 0.01308
445.81095 17.76256 0.01411
445.81845 17.78854 0.01319
445.82455 17.76918 0.01287
445.83024 17.76981 0.01291
445.84021 17.77638 0.01402
445.84549 17.79583 0.01287
445.85174 17.77407 0.01278
445.85762 17.77837 0.01243
445.8636 17.77623 0.01252
445.86963 17.76107 0.01223
445.87567 17.79723 0.01237
445.88207 17.79397 0.01245
445.88844 17.80265 0.01297
445.89432 17.79805 0.01308
445.89983 17.78189 0.01269
445.90668 17.78934 0.01254
445.91299 17.77944 0.0124
445.91722 17.77329 0.01308
445.92351 17.78913 0.01255
445.92915 17.78916 0.01292
445.93496 17.81031 0.01242
445.94048 17.8012 0.0125
445.95216 17.78902 0.01324
445.95886 17.78539 0.01325
445.97191 17.79802 0.0126
445.97872 17.78488 0.01256
445.98437 17.80548 0.01291
445.98972 17.78028 0.01272
445.99581 17.78358 0.01318
446.00245 17.77613 0.01286
446.00827 17.77573 0.01299
446.01787 17.794 0.0169
446.0233 17.76976 0.02335
446.66046 17.78036 0.02219
446.66501 17.83619 0.02054
446.67089 17.81455 0.02
446.67601 17.78094 0.0199
446.6814 17.79256 0.01957
446.68915 17.76892 0.01753
446.70044 17.8052 0.01791
446.70781 17.77912 0.01669
446.71375 17.78825 0.01645
446.71998 17.7525 0.01609
446.7269 17.78215 0.01598
446.73768 17.78355 0.01714
446.74263 17.79309 0.01509
446.74841 17.82303 0.01517
446.75986 17.7952 0.01451
446.76487 17.78394 0.01393
446.77004 17.7701 0.01348
446.77518 17.79498 0.01356
446.78018 17.78117 0.0136
446.78654 17.79002 0.01353
446.79243 17.77402 0.01304
446.79818 17.79252 0.01385
446.80822 17.78922 0.01523
446.81336 17.80218 0.01343
446.81934 17.76312 0.01326
446.82569 17.78095 0.01299
446.83186 17.7809 0.01326
446.83803 17.78996 0.01295
446.84316 17.79541 0.01271
446.84946 17.76578 0.0132
446.85529 17.76745 0.01907
446.86132 17.78557 0.01463
446.86741 17.80247 0.0234
446.87321 17.79248 0.01244
446.87945 17.76738 0.01249
446.88583 17.78897 0.01277
446.89176 17.77866 0.01255
446.89901 17.81792 0.01525
446.90569 17.7788 0.01341
446.91293 17.78476 0.01272
446.91958 17.78438 0.01275
446.92538 17.7959 0.01285
446.93113 17.78308 0.01267
446.93686 17.7704 0.01243
446.94237 17.77969 0.01262
446.94842 17.79667 0.01253
446.95451 17.77904 0.01245
446.96034 17.78486 0.01258
446.96641 17.78461 0.01284
446.97287 17.80839 0.01314
446.97827 17.80089 0.01317
446.98464 17.76978 0.01239
446.99026 17.76145 0.01253
446.99646 17.78208 0.01282
447.00329 17.78857 0.01304
447.02248 17.79892 0.02075
448.00377 17.77342 0.01291
448.65527 17.80236 0.02395
448.70146 17.83868 0.01945
449.82958 17.78358 0.01404
449.87259 17.76951 0.01352
450.82585 17.774 0.01414
450.86998 17.79019 0.01268
451.65338 17.77854 0.02094
451.70095 17.78143 0.01667
452.64792 17.83344 0.0226
452.69243 17.78192 0.01795
453.64519 17.7907 0.02307
453.6895 17.77305 0.01871
454.64058 17.75142 0.02476
454.68793 17.70879 0.02227
455.63923 17.74476 0.02668
455.7154 17.80614 0.01908
456.63346 17.84515 0.02934
456.67702 17.81944 0.02126
457.63067 17.75721 0.03057
457.6732 17.79306 0.02282
458.66069 17.85586 0.02585
458.7057 17.79003 0.0228
459.69034 17.78415 0.03081
460.63624 17.73594 0.03082
460.72453 17.78968 0.02326
461.62523 17.81572 0.04129
461.67649 17.82175 0.03034
462.76573 17.81225 0.03171
462.80848 17.75358 0.03119
463.63005 17.86923 0.05297
463.71104 17.81434 0.03775
466.61784 17.79693 0.02494
466.61959 17.74354 0.02301
466.62134 17.82448 0.02201
466.6231 17.76631 0.02179
466.62486 17.78241 0.02098
466.62661 17.78407 0.02052
466.62943 17.75834 0.02082
466.63143 17.7853 0.0217
466.63348 17.77316 0.02213
466.67604 17.7933 0.02943
467.62749 17.81125 0.02235
468.7394 17.78356 0.01656
468.78277 17.77823 0.01888
469.73472 17.74584 0.04217
469.80235 17.89901 0.05649
470.77885 17.79794 0.03382
470.82246 17.81601 0.02233
471.77466 17.80659 0.01339
471.82993 17.77526 0.03721
472.62548 17.76209 0.01854
472.66936 17.77545 0.0157
473.62096 17.70211 0.04317
477.66775 17.82765 0.01613
477.71276 17.79356 0.0165
478.62384 17.80888 0.02098
478.66775 17.80221 0.01715
479.61565 17.81409 0.02
479.65968 17.82598 0.01734
480.61506 17.8294 0.02094
480.65805 17.7426 0.01723
481.61182 17.80794 0.01929
481.69382 17.81509 0.01416
482.61769 17.81729 0.02073
482.66188 17.78608 0.01647
482.67843 17.83625 0.01586
483.61039 17.82952 0.02089
483.66512 17.80849 0.0169
484.66377 17.8421 0.01906
484.70695 17.7927 0.01712
485.61939 17.80048 0.02061
485.66329 17.83649 0.0185
486.61418 17.87758 0.02681
486.658 17.76752 0.0338
497.84041 17.83622 0.02448
497.89223 17.85488 0.02537
498.71756 17.84218 0.01632
498.79 17.82382 0.02095
499.59404 17.86668 0.01935
499.63881 17.87058 0.0178
501.66259 17.89975 0.01899
501.75706 17.83603 0.01558
502.72145 17.8212 0.01593
502.82148 17.83754 0.01844
503.77762 17.89162 0.01767
503.8732 17.88359 0.01905
504.82418 17.85591 0.01663
504.91868 17.84863 0.01993
506.68972 17.85319 0.01994
506.73387 17.86029 0.01486
507.81368 17.86796 0.01725
507.89267 17.86685 0.02162
513.658 17.87928 0.01756
513.7418 17.85411 0.01717
514.69377 17.87946 0.01894
514.73749 17.81967 0.02054
515.69951 17.87009 0.01996
515.74236 17.88318 0.02
516.67238 17.86638 0.02354
516.71654 17.86534 0.0241
517.61497 17.88 0.02353
517.6584 17.83544 0.02238
518.61481 17.82094 0.02606
518.6578 17.81924 0.02764
527.74242 17.89572 0.01939
530.70615 17.89102 0.02016
530.75072 17.96154 0.02319
531.77418 17.88612 0.023
531.81743 17.8814 0.03048
532.78408 17.88773 0.01607
532.82836 17.9129 0.02064
535.68432 17.88054 0.01692
537.58157 17.872 0.02742
537.62557 17.85624 0.01752
538.57995 17.88256 0.01752
538.62381 17.85003 0.01572
539.58012 17.87146 0.01774
539.62283 17.85679 0.01612
540.61811 17.8657 0.01602
540.66215 17.85466 0.01629
541.61644 17.84978 0.01828
541.65945 17.83387 0.02256
544.59603 17.89545 0.01976
544.64191 17.85067 0.01866
545.59598 17.84545 0.02472
545.63939 17.87139 0.02258
558.69892 17.80988 0.03665
558.75663 17.86838 0.01889
559.7264 17.86069 0.03004
561.73304 17.84976 0.0205
561.77682 17.84578 0.02481
567.59621 17.91005 0.01887
575.595 17.90849 0.03445
575.6386 17.84489 0.03168
577.59504 17.93721 0.03674
577.63849 17.82352 0.03752
578.61202 17.85584 0.06019
578.6551 17.86225 0.06502
579.61368 17.86123 0.02425
579.65687 17.89111 0.02698
580.66998 17.87559 0.02802
580.71648 17.79408 0.03554
583.61703 17.83971 0.01645
583.66119 17.84162 0.02278
584.63985 17.81694 0.01663
584.68286 17.89994 0.02077
586.61685 17.84266 0.01599
586.66038 17.85086 0.0192
588.66264 17.85457 0.02794
588.70647 17.83867 0.02977
722.89872 17.77927 0.02109
723.91976 17.75783 0.02107
723.9634 17.77182 0.01844
730.92322 17.80954 0.03413
733.86776 17.75755 0.02779
733.91212 17.77037 0.02201
750.83279 17.7536 0.02168
750.87598 17.80252 0.01793
753.86132 17.85199 0.02767
756.88391 17.73594 0.03289
756.93392 17.71105 0.02845
759.84878 17.78966 0.0281
759.89212 17.81904 0.02471
762.79606 17.82993 0.03059
762.8402 17.8045 0.02499
766.7805 17.80851 0.02308
766.83041 17.77506 0.01946
768.77509 17.77324 0.02636
768.82037 17.8066 0.02118
769.80074 17.78695 0.01936
769.84468 17.77765 0.01584
770.78189 17.75867 0.02022
770.82573 17.79656 0.01704
771.78074 17.79805 0.01908
771.82449 17.76844 0.01605
774.75968 17.77721 0.02247
774.80363 17.81116 0.01806
775.80332 17.78959 0.04235
779.7464 17.74928 0.02337
779.79086 17.792 0.01664
780.74948 17.81906 0.02494
780.79415 17.78418 0.0182
782.7508 17.81373 0.02835
782.7956 17.76665 0.02382
783.7573 17.8387 0.03542
783.80103 17.85711 0.02888
784.74207 17.82508 0.04004
789.73736 17.84986 0.04403
789.78039 17.79272 0.03237
790.73125 17.76912 0.03451
790.77463 17.7714 0.02929
791.73123 17.8751 0.03617
791.77527 17.77535 0.02962
793.74743 17.83356 0.02444
793.79097 17.84189 0.02325
794.75972 17.79292 0.01882
794.81629 17.83041 0.0228
809.66644 17.83384 0.03913
809.7101 17.78185 0.02572
811.66044 17.78492 0.0449
811.7042 17.77001 0.02769
812.65876 17.80725 0.03507
812.70198 17.8417 0.028
813.66257 17.78486 0.03335
813.70671 17.80873 0.02793
817.72795 17.86718 0.05313
818.70874 17.79366 0.06695
820.63925 17.8195 0.0287
820.68324 17.91558 0.04785
821.63464 17.81018 0.02458
822.63132 17.74412 0.02542
822.67415 17.77446 0.02014
823.62908 17.83018 0.0263
823.67275 17.82451 0.02108
824.62608 17.86518 0.02893
824.6697 17.82565 0.02047
838.61464 17.82999 0.02804
838.65944 17.85904 0.02509
842.61856 17.7963 0.03659
842.66208 17.74449 0.03236
843.61073 17.84977 0.0438
843.65444 17.76388 0.03409
844.60924 17.75565 0.0412
844.65374 17.84847 0.03538
849.60547 17.81186 0.02131
849.65079 17.76439 0.02979
850.60468 17.84507 0.02089
850.64918 17.8593 0.0204
851.60318 17.83109 0.02039
851.64641 17.84495 0.01731
852.60416 17.85773 0.02278
852.6481 17.80749 0.0166
853.60163 17.81238 0.0216
853.6463 17.85091 0.01805
854.60164 17.82267 0.02193
854.64607 17.83949 0.01739
866.5884 17.83863 0.02405
866.64679 17.87011 0.01984
867.58757 17.84845 0.0301
867.63053 17.81016 0.02453
868.5865 17.85309 0.02718
868.63002 17.81663 0.02184
873.82781 17.83364 0.04712
880.87841 17.92321 0.03119
880.92255 17.93588 0.03377
882.86968 17.86274 0.02331
882.87146 17.86471 0.023
882.91495 17.88431 0.02631
883.86679 17.88844 0.0229
883.91496 17.96031 0.03428
887.63181 17.87706 0.01799
887.68352 17.87155 0.01886
888.85244 18.02523 0.05101
888.8957 17.93063 0.03219
889.80049 17.84306 0.01588
889.84447 17.83396 0.01741
891.57974 17.88646 0.02116
891.6225 17.8567 0.01775
893.58261 17.85424 0.02165
893.62546 17.87272 0.02077
894.58144 17.89001 0.02631
894.62473 17.9499 0.04425
895.57997 17.78879 0.06072
896.58202 17.89059 0.02638
898.82137 17.89001 0.03101
898.86551 17.84772 0.03131
899.80997 17.96025 0.04517
902.58519 17.9342 0.03991
902.64414 17.90186 0.03985
903.58342 17.88793 0.0367
903.62024 17.85473 0.03462
904.58683 17.90163 0.03668
906.58378 17.81053 0.02875
906.64029 17.83618 0.02952
916.59575 17.84445 0.02172
916.64026 17.88243 0.0188
922.6423 17.89319 0.01818
923.59751 17.90806 0.02206
923.64145 17.89851 0.01941
924.60837 17.89378 0.01873
925.59941 17.85626 0.02997
925.67897 17.84652 0.01805
926.58279 17.89424 0.02128
926.62543 17.90781 0.01917
930.58585 17.96714 0.03644
930.62499 18.05464 0.03833
931.58458 17.97434 0.03023
931.62692 18.00045 0.03443
932.62858 17.93393 0.02976
936.60917 17.94393 0.02934
936.65247 17.91592 0.02882
937.58951 17.90878 0.02772
937.63319 17.84932 0.07065
939.64879 17.96849 0.02265
939.6851 17.95595 0.02378
940.59145 18.03602 0.03237
940.64013 17.95794 0.03817
941.59048 18.00324 0.05896
943.69972 17.9139 0.02074
943.74446 17.97947 0.02706
944.64379 17.93742 0.01986
944.67224 17.93772 0.02138
946.63797 17.89297 0.03801
947.59349 17.93636 0.02285
947.63713 17.887 0.03172
949.64923 17.97595 0.02174
949.6924 18.03693 0.02905
952.60617 17.97147 0.02258
952.64932 17.97728 0.02448
953.59751 17.9769 0.02555
953.64127 17.97108 0.02273
954.59787 18.04602 0.03216
954.64157 18.01003 0.03072
958.61566 17.91373 0.02988
958.67117 17.91825 0.03018
959.64574 17.98339 0.03963
960.60205 17.92455 0.03577
960.64497 18.00484 0.0425
962.61935 17.91931 0.03184
962.69096 18.01948 0.04804
1059.98484 17.89882 0.04481
1060.97134 17.88764 0.038
1061.96903 17.92846 0.03307
1063.96519 17.91136 0.03984
1065.96588 17.9649 0.03658
1066.96916 17.91896 0.03374
1067.96802 17.93782 0.02745
1068.98301 17.8658 0.05573
1070.97101 17.96134 0.03349
1071.95528 17.91064 0.03151
1075.93073 17.91192 0.03013
1075.96117 17.88373 0.02625
1076.96161 17.87878 0.02411
1077.97941 18.06456 0.04835
1078.92335 17.88868 0.02981
1078.95394 17.95168 0.02842
1079.91957 17.94738 0.03539
1079.94994 17.9289 0.02327
1079.97946 17.90078 0.04481
1081.9528 18.01658 0.05211
1084.95914 17.96218 0.03689
1085.9361 17.95726 0.04469
1085.9661 17.95147 0.03932
1086.90079 18.01462 0.04427
1086.9317 17.90219 0.03044
1086.96186 17.9205 0.03104
1087.95118 17.9682 0.03013
1088.93216 17.88988 0.03022
1088.96298 17.92915 0.02717
1089.90743 18.01346 0.0327
1089.9375 17.96993 0.02846
1090.89626 17.99684 0.03942
1091.93224 17.99386 0.02738
1091.96189 17.91674 0.02419
1092.88532 17.91022 0.02755
1092.91513 17.92971 0.02527
1092.94551 17.90276 0.02308
1093.88544 17.98758 0.02916
1093.91605 17.96715 0.02628
1093.95942 17.8978 0.0224
1094.8793 18.00884 0.03194
1094.90895 17.92085 0.02717
1094.93794 17.93469 0.02314
1095.89413 17.99942 0.0294
1095.92394 17.95429 0.02783
1095.95378 17.95075 0.02406
1096.8846 17.96098 0.02844
1096.91464 17.96646 0.02364
1096.94475 17.95741 0.0218
1097.87211 18.07491 0.03929
1097.90204 17.9262 0.02335
1099.86796 17.90957 0.02417
1099.8979 17.94735 0.02064
1099.92867 17.90462 0.01855
1100.87134 17.91077 0.02866
1100.9014 17.92501 0.02551
1100.93113 17.93612 0.0225
1101.86099 17.89502 0.0319
1101.89166 17.96527 0.02851
1101.92164 17.95827 0.02413
1102.85884 17.9029 0.02592
1102.88948 17.88805 0.02212
1102.91975 17.93273 0.01923
1103.85688 17.98117 0.03345
1103.89198 17.91073 0.02574
1103.92203 17.90341 0.02369
1104.86298 17.98982 0.02723
1104.89266 17.90988 0.0232
1104.92258 17.95205 0.02154
1105.87772 17.94618 0.02389
1105.90846 17.92975 0.02214
1105.93782 17.95366 0.02148
1106.84826 17.89631 0.02489
1106.87859 17.96075 0.02294
1106.90907 17.89989 0.01961
1107.84497 17.98019 0.03892
1107.87579 17.95549 0.02483
1107.90655 17.97542 0.02226
1108.86703 17.98348 0.04153
1108.89669 17.93797 0.02784
1108.92686 17.95524 0.02181
1109.93363 17.93854 0.02583
1110.86774 17.99708 0.04569
1110.89782 17.9368 0.03655
1110.92786 17.9248 0.03153
1111.86949 17.95173 0.04853
1111.91431 17.95706 0.03846
1111.94457 17.9207 0.0357
1112.91217 18.02966 0.056
1112.97145 17.94151 0.05807
1113.8878 17.9315 0.04403
1113.93235 17.98298 0.034
1113.96218 17.92635 0.03268
1114.87108 18.00547 0.03746
1114.92357 17.95404 0.03288
1114.95378 17.95681 0.02974
1115.85803 18.00044 0.04562
1115.88797 17.91242 0.03189
1115.9179 17.99355 0.03279
1116.90131 17.91751 0.02864
1116.93261 17.92415 0.02884
1116.96078 17.94489 0.02787
1117.86349 17.98007 0.03571
1117.89333 17.96307 0.02935
1117.92405 17.92577 0.02812
1118.82762 17.98968 0.0431
1118.85812 17.97381 0.03501
1118.8884 17.96199 0.03154
1119.81535 17.88311 0.03758
1119.84536 17.86523 0.04599
1120.95573 18.01708 0.03766
1123.80269 17.87488 0.02647
1123.8333 17.97271 0.02354
1123.86323 17.94492 0.02019
1124.8239 17.89175 0.02477
1124.85579 17.96852 0.02638
1124.90647 17.95176 0.02167
1125.83541 17.94963 0.02365
1125.8655 17.94322 0.02175
1125.89611 17.9107 0.01961
1126.79674 17.92411 0.02968
1126.82683 17.97698 0.02662
1126.85662 18.07126 0.0469
1127.84219 17.98388 0.02477
1127.87262 17.93553 0.02086
1128.79045 17.97781 0.02954
1128.8202 17.98665 0.0227
1128.8509 17.93523 0.01996
1129.81763 17.89724 0.02365
1129.84839 17.95807 0.02172
1130.78415 17.9466 0.0311
1130.81619 17.95635 0.02722
1130.84603 17.98419 0.02353
1131.81956 17.9676 0.02426
1131.84966 17.95701 0.0219
1131.87991 17.95914 0.0193
1132.81342 17.89497 0.02153
1132.85526 17.93385 0.02184
1133.77702 17.96725 0.02486
1133.80732 17.95564 0.02184
1133.83817 17.93208 0.02082
1135.77548 17.94972 0.02742
1135.80558 17.95728 0.02116
1135.8357 17.91262 0.01539
1136.78168 17.94902 0.02901
1136.81139 17.98486 0.02614
1136.84105 17.97334 0.02049
1137.77719 17.91887 0.03083
1137.8165 18.03168 0.04692
1137.84943 17.9922 0.02943
1143.75013 17.99943 0.04985
1143.77946 18.00111 0.04369
1143.81202 17.97042 0.03434
1144.79078 17.94438 0.03362
1144.82138 17.9957 0.03076
1145.74531 18.00869 0.06316
1145.77477 17.96258 0.05352
1145.80436 17.94637 0.04052
1146.77217 18.02822 0.04019
1146.83591 17.98491 0.0304
1147.75046 18.05153 0.03237
1147.78019 17.99184 0.03467
1147.81614 17.97229 0.03029
1148.73743 17.98876 0.02695
1148.76798 18.00349 0.02446
1148.79928 18.03822 0.02754
1151.84315 17.94914 0.01558
1151.87618 17.98425 0.01554
1151.91621 17.9663 0.01459
1164.86055 17.94813 0.01381
1164.89061 17.99876 0.01374
1164.92052 17.9651 0.01356
1165.82275 18.00649 0.01947
1165.85221 17.97845 0.01564
1165.88255 17.97054 0.01413
1166.78411 18.00579 0.02246
1166.82415 17.9959 0.02003
1166.85436 18.02331 0.01819
1167.76082 18.00346 0.0259
1167.79008 18.04725 0.02504
1167.82893 17.96637 0.02016
1168.73084 18.00301 0.03296
1168.76135 18.02308 0.02907
1168.79094 17.98602 0.02765
1169.70528 18.13203 0.04998
1169.73488 18.06501 0.04125
1169.78208 17.94838 0.03797
1170.70609 18.05399 0.05666
1170.73648 17.99253 0.04257
1170.76821 18.07245 0.0436
1176.66101 18.07433 0.03474
1176.74473 18.01512 0.02833
1176.77537 17.96439 0.02784
1177.67775 17.98901 0.02071
1177.71467 17.96362 0.01784
1177.7448 17.97858 0.01681
1178.65701 17.97634 0.02932
1178.7245 17.93426 0.01938
1178.75548 17.98184 0.01652
1189.71737 17.95996 0.01927
1189.74707 17.99497 0.01728
1194.65274 17.86923 0.02858
1194.68156 17.90563 0.02457
1194.73072 17.9345 0.02065
1195.63238 18.05007 0.03439
1195.68489 17.8858 0.02683
1195.74387 17.93994 0.02391
1196.64868 17.91811 0.0286
1196.67925 17.91707 0.0271
1196.70945 17.91355 0.02515
1197.62224 17.86544 0.04032
1197.65122 18.0644 0.0442
1197.68048 17.96196 0.03251
1198.63271 18.082 0.04737
1198.66294 17.95499 0.04371
1198.69225 17.9827 0.03779
1202.61563 17.84828 0.04306
1202.64754 17.88126 0.0481
1202.70169 17.89099 0.03625
1207.71676 17.89745 0.0354
1207.74712 17.86419 0.06452
1207.82773 17.85826 0.04595
1224.66207 17.92405 0.02405
1224.69182 17.99117 0.02711
1225.74851 17.89065 0.02339
1225.84088 17.90598 0.02378
1226.75858 17.97053 0.04231
1226.79663 17.90615 0.04717
1227.72154 17.93225 0.03068
1227.75148 17.92236 0.03121
1228.67316 17.8968 0.02918
1228.71 17.92382 0.0309
1229.61202 18.00399 0.03883
1229.68338 17.9441 0.03594
1230.64599 17.90982 0.03702
1230.73676 18.00542 0.03623
1231.86041 17.94987 0.03262
1232.82116 17.93366 0.0258
1233.75399 17.91114 0.02595
1233.78371 17.93361 0.03759
1234.68453 17.94027 0.02087
1234.71313 17.92885 0.02146
1235.61461 17.9734 0.02056
1235.64419 17.91965 0.01667
1236.58514 18.01303 0.02832
1236.61561 17.93666 0.01918
1237.58477 17.86592 0.02243
1237.61509 17.90629 0.01764
1238.58334 17.87144 0.02331
1238.61531 17.91485 0.01778
1239.58294 17.91892 0.02336
1239.61141 17.92253 0.01747
1251.83071 17.94259 0.01836
1251.86073 17.9493 0.01962
1252.58576 17.92762 0.01978
1252.60631 17.92522 0.01954
1252.62487 17.98651 0.01968
1252.64555 18.01023 0.01975
1252.66096 17.92929 0.01877
1252.69879 17.94687 0.0182
1252.71706 17.96492 0.0187
1252.73499 17.92219 0.01693
1252.75258 17.93516 0.01757
1252.76856 17.91319 0.01837
1252.78929 17.93271 0.02271
1252.80517 17.95942 0.02105
1252.821 17.95073 0.01862
1252.83831 17.95835 0.01893
1252.85634 17.95473 0.01814
1253.58621 17.93612 0.02199
1253.60335 17.93676 0.02181
1253.62054 17.92224 0.02025
1253.63682 17.97607 0.02008
1253.6539 17.93808 0.02107
1253.6721 17.94504 0.02068
1253.70902 17.94741 0.0227
1253.7307 17.91666 0.02146
1253.75003 17.97779 0.02702
1253.76637 17.9418 0.02374
1253.78832 17.95643 0.02266
1253.8078 17.9171 0.02411
1253.82956 17.93039 0.02264
1253.85372 17.91162 0.02339
1254.74613 17.99202 0.02099
1254.77889 17.97405 0.02423
1255.68248 17.96087 0.02624
1255.7252 17.99886 0.02773
1256.62657 17.94483 0.02658
1256.6557 17.96428 0.03018
1257.58763 17.94906 0.03104
1257.64219 17.98802 0.02775
1258.58614 17.93032 0.03833
1258.61848 17.98287 0.03242
1259.59443 17.99365 0.03568
1259.62495 17.98876 0.03465
1265.629 17.95802 0.01857
1265.6592 17.95694 0.02288
1266.58222 18.06695 0.03126
1266.6126 17.90717 0.05554
1267.58751 17.96889 0.01839
1267.61751 17.94762 0.01792
1268.59364 17.97273 0.0167
1268.62314 17.94519 0.01593
1269.58319 18.00333 0.01823
1269.58435 17.94723 0.01599
1269.58546 17.99023 0.01631
1269.58657 17.96809 0.01668
1269.58771 17.97447 0.01648
1269.58893 17.94707 0.01587
1269.59006 17.94797 0.01623
1269.59133 17.97 0.01626
1269.59245 17.95866 0.01578
1269.59364 17.96984 0.01585
1269.59478 17.99607 0.01599
1269.596 17.98142 0.01568
1269.59713 17.99857 0.01574
1269.59843 17.97808 0.01558
1269.59956 17.97597 0.01579
1269.60977 17.99024 0.01705
1269.61093 17.96307 0.01573
1269.6121 17.98687 0.01574
1269.61321 17.95289 0.01548
1269.61434 17.99121 0.01606
1269.61547 17.95731 0.01623
1269.61659 17.99641 0.016
1269.61773 17.95778 0.0162
1269.61884 17.96914 0.01554
1269.61995 17.96915 0.01523
1269.62115 17.95734 0.01588
1269.6223 17.95533 0.01533
1269.62343 17.98494 0.0154
1269.62457 17.96109 0.01489
1269.62569 17.95659 0.01495
1269.62688 17.97321 0.01532
1269.628 17.97953 0.01545
1269.6375 17.98706 0.01717
1269.63881 17.9542 0.01531
1269.64001 17.98548 0.01556
1269.64114 17.98135 0.0151
1269.64226 17.94621 0.01522
1269.64337 17.99354 0.01521
1269.6445 17.97244 0.01487
1269.64562 17.99451 0.01472
1269.64675 17.97852 0.01507
1269.64789 17.97175 0.0151
1269.64905 17.96067 0.01492
1269.65017 17.97295 0.01492
1269.65129 17.97794 0.01492
1269.65247 17.97836 0.01532
1269.65359 17.9724 0.01546
1269.65473 17.95041 0.01557
1269.65585 17.99201 0.01545
1269.65698 17.98177 0.01451
1269.65819 17.972 0.01491
1269.65932 17.97905 0.01509
1269.66055 17.97438 0.01489
1269.66167 17.93262 0.01472
1269.66279 17.95891 0.01473
1269.66393 17.95253 0.0146
1269.66595 17.96572 0.01514
1269.66717 18.01098 0.0158
1269.66829 17.96778 0.01507
1269.66952 17.92973 0.01432
1269.67064 17.94958 0.01451
1269.67184 17.96398 0.01449
1269.673 17.95534 0.01428
1269.67412 17.96978 0.01465
1269.67533 17.99098 0.0148
1269.67646 17.96329 0.01453
1269.6776 17.94281 0.01439
1269.67883 17.99254 0.0146
1269.67997 18.00725 0.01445
1269.6812 17.98035 0.01458
1269.68232 17.947 0.01413
1269.68343 17.97341 0.01462
1269.68473 17.98997 0.01402
1269.68592 17.99742 0.01471
1269.68705 17.94978 0.01464
1269.68816 17.97364 0.01439
1269.68929 17.96557 0.01515
1269.69041 17.97153 0.01461
1269.69157 17.96541 0.0143
1269.69269 17.96908 0.01519
1269.69383 17.97204 0.01472
1269.69496 17.96782 0.01482
1269.69608 17.99475 0.01474
1269.69898 17.96284 0.01442
1269.70011 17.96485 0.01481
1269.70126 17.98934 0.01514
1269.70241 17.97846 0.01511
1269.70357 17.98423 0.01474
1269.70468 17.98995 0.01475
1269.70581 17.96539 0.015
1269.70705 17.96999 0.01484
1269.70816 17.98036 0.01501
1269.70937 17.98258 0.01491
1269.7105 17.96682 0.01462
1269.71167 17.97234 0.01482
1269.7128 17.94579 0.0147
1269.71403 17.97727 0.01492
1269.71516 17.97948 0.01501
1269.7163 17.96932 0.01503
1269.72641 18.00041 0.01647
1269.72763 17.99087 0.01487
1269.72875 17.98722 0.01522
1269.72987 17.98809 0.01526
1269.731 17.96746 0.01495
1269.73213 17.96939 0.01533
1269.73326 17.96799 0.01549
1269.73438 17.96814 0.0154
1269.73557 17.96376 0.01567
1269.73682 17.97743 0.015
1269.73796 17.98015 0.01502
1269.73911 17.93753 0.01522
1269.74036 17.96849 0.01544
1269.74147 17.93973 0.01502
1269.74272 17.94855 0.01542
1269.74391 17.97762 0.01558
1269.74502 17.96522 0.01553
1269.7462 17.98429 0.01553
1269.74734 17.97438 0.01583
1269.74846 17.98275 0.0159
1269.74961 17.96918 0.01519
1269.75074 18.00412 0.01594
1269.75201 17.95312 0.01582
1269.75316 17.96717 0.01536
1269.75429 17.94589 0.01525
1269.75553 17.97447 0.01601
1269.75665 17.98412 0.01578
1269.75779 17.98864 0.01632
1269.75895 17.98142 0.01586
1269.76008 17.97763 0.01611
1269.76123 17.96536 0.01603
1269.76235 17.98834 0.01683
1269.76348 17.97715 0.01611
1269.76459 17.97727 0.01562
1269.76573 18.00611 0.01629
1269.78036 18.00472 0.01856
1269.78151 17.97528 0.01708
1269.78271 17.99496 0.01675
1269.78391 17.99954 0.01718
1269.78511 17.99609 0.01697
1269.78751 17.9651 0.0165
1269.78876 17.95247 0.01664
1269.78989 18.02286 0.01762
1269.79108 17.99558 0.017
1269.79227 17.96665 0.01734
1269.79356 17.97351 0.0166
1269.79478 17.96503 0.01673
1269.7959 17.97439 0.01714
1269.79701 18.00076 0.01789
1269.79816 17.95967 0.01705
1269.79928 17.98209 0.0176
1269.80041 17.97132 0.01742
1269.80156 17.98857 0.01708
1269.80276 17.96213 0.01672
1269.80404 17.97216 0.01767
1269.80517 17.96214 0.01723
1269.80638 17.9494 0.01772
1269.80752 17.97229 0.01742
1269.80866 17.97928 0.01764
1270.57931 17.93723 0.01829
1270.58058 17.96041 0.01611
1270.58188 17.96566 0.01663
1270.58305 17.98675 0.01661
1270.58429 17.95727 0.01643
1270.58556 17.99809 0.01624
1270.58671 17.98759 0.01613
1270.58798 17.99506 0.01606
1270.58926 18.00835 0.01552
1270.59051 17.96388 0.01525
1270.59176 17.99085 0.0154
1270.59301 17.9896 0.01491
1270.59588 17.95163 0.01482
1270.59719 17.96992 0.01466
1270.59846 17.96677 0.01503
1270.59973 17.98295 0.01509
1270.60101 17.96282 0.01521
1270.60229 17.97058 0.01532
1270.60361 17.99977 0.01517
1270.60484 17.98008 0.01506
1270.60617 17.9738 0.01537
1270.60868 17.96966 0.0151
1270.60993 17.99492 0.01506
1270.61121 17.96539 0.0148
1270.61244 17.9641 0.01473
1270.61368 17.96716 0.01503
1270.61481 17.97698 0.01511
1270.61593 17.9602 0.0149
1270.61713 17.95564 0.0148
1270.61835 17.99457 0.01479
1270.61963 17.99663 0.01462
1270.62082 17.99061 0.01459
1270.62212 17.98051 0.01461
1270.62324 17.97501 0.01483
1270.62438 17.9582 0.01472
1270.6255 17.99518 0.01493
1270.62668 17.95514 0.01531
1270.62781 17.96008 0.01564
1270.62895 17.97666 0.01543
1270.63017 17.9851 0.01508
1270.6313 17.96459 0.01491
1270.63259 18.0072 0.01505
1270.63372 17.97921 0.01472
1270.63484 18.00814 0.01496
1270.64581 17.9762 0.01642
1270.64713 17.98402 0.01482
1270.64825 17.96127 0.01477
1270.6495 17.97322 0.01492
1270.65082 17.9759 0.01523
1270.65222 17.98943 0.01535
1270.65336 17.96173 0.01504
1270.6545 17.97368 0.01504
1270.65562 17.96406 0.01522
1270.65697 18.01986 0.01525
1270.65832 17.96599 0.01491
1270.65959 17.98856 0.01572
1270.66092 17.9742 0.01507
1270.66217 17.95622 0.01509
1270.66351 17.98015 0.01501
1270.66477 18.01094 0.01554
1270.67891 17.97404 0.01623
1270.68008 17.97949 0.01513
1270.68122 17.95139 0.01491
1270.68243 17.96466 0.01509
1270.68382 17.98425 0.01559
1270.68508 17.93196 0.01444
1270.68653 17.9607 0.01482
1270.68784 17.94922 0.0145
1270.68912 17.96606 0.0147
1270.69114 17.98524 0.01487
1270.69232 17.98896 0.01538
1270.69365 17.94874 0.01473
1270.6948 17.98809 0.01482
1270.69617 17.9743 0.01483
1270.69746 17.97273 0.01514
1270.6986 17.97867 0.01535
1270.6999 17.9808 0.01533
1270.70121 17.98527 0.01512
1270.70235 17.95618 0.01476
1270.70349 17.94492 0.01467
1270.70482 17.97043 0.01512
1270.70613 17.95415 0.01505
1270.70726 17.97891 0.01513
1270.7086 17.98471 0.01539
1270.70972 17.93781 0.01483
1270.71103 17.94094 0.01524
1270.71235 17.96801 0.01479
1270.71347 17.94214 0.01523
1270.71481 17.94239 0.01493
1270.71608 18.0021 0.01523
1270.71722 17.99453 0.01495
1270.71853 17.96621 0.01486
1270.71967 17.96836 0.01504
1270.72098 17.97694 0.01536
1270.72302 17.98407 0.01536
1270.72439 17.96865 0.01546
1270.72553 17.92588 0.01556
1270.72665 17.95626 0.01521
1270.72793 17.96932 0.01505
1270.72927 17.98214 0.0155
1270.73043 17.9659 0.01532
1270.73161 17.94536 0.01522
1270.73292 18.00142 0.0158
1270.73506 17.99228 0.01564
1270.73622 18.00882 0.01546
1270.73753 17.97449 0.01589
1270.73887 17.97763 0.01601
1270.74001 17.97154 0.01603
1270.74126 17.95819 0.01558
1270.7424 17.97015 0.01575
1270.74369 17.96962 0.01593
1270.74498 17.97961 0.01599
1270.74609 17.98767 0.01635
1270.74744 17.94219 0.01558
1270.7486 17.99194 0.01633
1270.74995 17.91508 0.01548
1270.75121 17.96093 0.01579
1270.75241 17.96519 0.01568
1270.75372 17.97998 0.01553
1270.75502 17.96388 0.01601
1270.75706 17.96215 0.01627
1270.75826 17.99951 0.01605
1270.75948 17.96361 0.01602
1270.76078 18.00189 0.0166
1270.76208 17.99604 0.01658
1270.77223 17.9926 0.0185
1270.77464 17.96171 0.01683
1270.77775 17.99452 0.01713
1270.77887 17.95761 0.01677
1270.78012 17.98453 0.01715
1270.78147 17.97054 0.01732
1270.78273 17.95816 0.01716
1270.784 17.96919 0.01727
1270.78526 17.99755 0.01799
1270.78661 17.99513 0.01793
1270.78776 17.97705 0.01769
1270.7891 17.99832 0.01818
1270.79021 17.97246 0.01789
1270.79151 18.00708 0.01758
1270.7928 17.95102 0.01775
1270.79391 17.96988 0.01767
1270.79508 17.97052 0.0176
1270.79619 17.97094 0.01797
1270.7975 17.97748 0.01762
1270.79862 17.98995 0.01823
1270.79991 17.95924 0.01812
1270.80111 17.98726 0.01848
1270.80249 17.9977 0.01801
1270.80509 17.99132 0.01764
1270.80715 18.00322 0.01857
1270.80837 17.98558 0.01894
1270.80963 17.96869 0.01847
1271.71236 18.00355 0.01917
1271.74462 17.9623 0.02105
1272.64495 17.97261 0.0177
1272.7082 17.98195 0.01836
1273.60993 17.958 0.01813
1273.63946 17.99377 0.01925
1281.58737 17.97462 0.02506
1281.61668 17.99677 0.02357
1282.58095 17.96751 0.02202
1282.61036 17.95021 0.02264
1282.62819 17.92722 0.02034
1297.58897 17.93793 0.01743
1297.59019 17.91659 0.01612
1297.5937 17.94401 0.01557
1297.59722 17.9534 0.01572
1297.59904 17.91789 0.0164
1297.60164 17.93026 0.01599
1297.60284 17.90346 0.01586
1297.6053 17.91652 0.01622
1297.61734 17.94147 0.01674
1297.61965 17.95298 0.01571
1297.62198 17.95268 0.01652
1297.62474 17.90767 0.01538
1297.62597 17.93468 0.0159
1297.62818 17.93362 0.01616
1297.63051 17.94279 0.01668
1297.63246 17.9353 0.01694
1297.6337 17.94958 0.01715
1297.63597 17.95305 0.01708
1297.63722 17.94405 0.01713
1297.63944 17.90318 0.01707
1297.64162 17.95588 0.01732
1297.64281 17.95177 0.01722
1297.64393 17.94653 0.01605
1297.64612 17.94895 0.01697
1297.64742 17.92478 0.01681
1297.64964 17.93656 0.01637
1297.65084 17.92736 0.01695
1297.65434 17.96546 0.01633
1297.65811 17.96428 0.01687
1297.65988 17.94721 0.01693
1297.66121 17.94522 0.01725
1297.66483 17.99234 0.01783
1297.66714 17.95343 0.01644
1297.67315 17.94582 0.0169
1297.67547 17.94584 0.01746
1297.67675 17.92727 0.01736
1297.67954 17.94618 0.01762
1297.68076 17.96124 0.01751
1297.6819 17.93695 0.01703
1297.68325 17.93571 0.0171
1297.68541 17.97208 0.01742
1297.68786 17.95453 0.01785
1297.69171 17.9616 0.01814
1297.69635 17.9194 0.0172
1297.69767 17.92583 0.01764
1297.70113 17.94979 0.0179
1297.70743 17.95643 0.01783
1297.71084 17.91635 0.01719
1297.71401 17.90691 0.01776
1297.71668 17.93824 0.01832
1297.7179 17.92493 0.01808
1297.72049 17.92233 0.01816
1297.72327 17.94218 0.01824
1297.72448 17.92231 0.0178
1297.72584 17.94985 0.01817
1297.72772 17.92727 0.01903
1297.72894 17.94657 0.01907
1297.74317 17.94615 0.02072
1297.74683 17.90448 0.02033
1297.74996 17.93778 0.0197
1297.75123 17.95395 0.02004
1297.75493 17.91062 0.02009
1297.75709 17.91713 0.02036
1297.7583 17.9178 0.02022
1297.76047 17.94234 0.02211
1297.76167 17.93328 0.0202
1297.76388 17.93055 0.02041
1297.76506 17.9623 0.02192
1297.76834 17.92993 0.02191
1297.77069 17.94145 0.02231
1297.77185 17.98178 0.02316
1297.77383 17.93725 0.02216
1297.79199 17.90968 0.02488
1297.79318 17.9396 0.02481
1297.79645 17.88283 0.02562
1297.79838 17.95084 0.02748
1297.79953 17.91887 0.02776
1297.80077 17.9829 0.028
1297.80192 17.96883 0.027
1297.80312 17.93718 0.02784
1297.80437 17.92022 0.028
1297.80564 17.93453 0.02739
1297.80864 17.94104 0.02941
1298.58895 17.9221 0.02192
1298.59013 17.93021 0.02293
1298.59235 17.93921 0.03304
1298.59354 17.95267 0.02964
1298.59724 17.88179 0.03081
1298.59842 17.94172 0.03059
1298.60089 17.87694 0.03224
1298.6021 17.98367 0.03202
1298.60332 17.96674 0.0288
1298.60466 17.96547 0.03306
1298.60701 17.92868 0.02955
1298.60823 17.94705 0.03125
1298.61034 17.94811 0.02932
1298.61272 17.90056 0.02912
1298.61595 17.9663 0.02126
1298.61811 17.96479 0.01863
1298.62047 17.96177 0.02126
1298.62171 17.98417 0.02764
1298.62426 17.95844 0.0215
1298.62643 17.89552 0.02333
1298.62762 17.91109 0.02843
1298.63098 17.9542 0.02336
1298.63219 17.93394 0.02151
1298.63473 17.90077 0.02254
1298.63687 17.95428 0.02328
1298.63807 17.95527 0.02464
1298.63935 17.95261 0.02538
1298.64364 17.96217 0.01914
1298.64578 17.95823 0.02111
1298.64695 17.94185 0.02308
1298.6481 17.93041 0.02017
1298.65082 17.92607 0.02446
1298.65294 17.93639 0.01967
1298.65509 17.93309 0.01799
1298.65745 17.98552 0.02871
1298.65865 17.98064 0.01846
1298.66081 17.94314 0.01851
1298.66198 17.92863 0.01781
1298.66411 17.92179 0.0189
1298.66639 17.93212 0.01937
1298.6699 17.90984 0.01862
1298.68256 17.92917 0.02233
1298.68492 17.88586 0.02494
1298.68729 17.9828 0.03387
1298.68852 17.99378 0.03988
1298.6908 17.94283 0.05445
1301.59099 17.93807 0.0176
1302.5927 18.02193 0.05781
1302.62153 17.95703 0.02404
1305.59416 17.94655 0.01745
1305.62276 17.91755 0.01704
1307.60089 17.99859 0.02742
1307.63151 17.97647 0.02127
1308.60019 17.97628 0.02234
1308.63015 17.96915 0.0265
1310.60466 17.92736 0.02256
1310.63503 17.89152 0.02234
1311.59823 17.86833 0.02153
1311.62777 17.94643 0.02538
1312.59699 18.01118 0.03183
1312.63396 17.89745 0.0312
1313.60478 17.95321 0.02403
1313.63593 17.92746 0.02476
1314.61498 17.94115 0.02454
1314.64504 18.00158 0.03332
1322.60046 17.99955 0.02491
1322.63022 17.98579 0.02302
1323.59943 17.95606 0.02163
1323.60059 17.9439 0.02026
1323.60172 17.92035 0.01919
1323.60284 17.92632 0.01892
1323.60396 17.93618 0.0187
1323.60508 17.96622 0.01891
1323.60621 17.94391 0.01878
1323.60734 17.92166 0.01825
1323.60846 17.90726 0.01817
1323.60959 17.96057 0.01838
1323.61071 17.94521 0.01819
1323.61183 17.96851 0.01917
1323.61297 17.97232 0.01929
1323.61409 17.93203 0.01943
1323.61521 17.94313 0.01901
1323.61635 17.96562 0.01816
1323.61747 17.94428 0.01883
1323.61859 17.99328 0.01939
1323.61971 17.96055 0.0189
1323.62085 17.94665 0.01842
1323.62197 17.95137 0.01804
1323.62309 17.91328 0.01878
1323.62423 17.92275 0.01948
1323.62535 17.92949 0.01852
1323.62647 17.94466 0.01865
1323.62759 17.99424 0.01969
1323.62872 17.93439 0.01919
1323.62985 17.92097 0.01909
1323.63097 17.92462 0.01904
1323.6321 17.92892 0.01947
1323.63322 17.91053 0.01887
1323.63435 17.97107 0.02088
1323.63549 17.94544 0.01987
1323.63661 17.94881 0.02025
1323.63773 17.98438 0.01935
1323.63887 17.93027 0.0198
1323.63999 17.95033 0.0193
1323.64112 17.93383 0.0198
1323.64225 17.93977 0.01958
1323.64338 17.97728 0.0196
1323.6445 17.92769 0.02013
1323.64563 17.93458 0.02027
1323.64676 17.97527 0.02031
1323.64789 17.94713 0.01961
1323.64902 17.96624 0.01981
1323.65014 17.98535 0.02039
1323.65127 17.97439 0.0213
1323.6524 17.94376 0.0202
1323.65352 17.93754 0.02044
1323.65465 17.93306 0.02028
1323.65577 17.90824 0.02019
1323.65691 17.94484 0.02087
1323.65803 17.96312 0.02069
1323.65917 17.97818 0.02139
1323.66029 17.94316 0.02182
1323.66142 17.9783 0.02228
1323.66255 17.99514 0.02175
1323.66367 17.91611 0.02144
1323.6648 18.00118 0.02219
1323.66594 17.97201 0.02159
1323.66706 17.95375 0.02261
1323.66819 17.96892 0.02517
1323.66932 17.97542 0.02463
1323.67045 17.9402 0.02342
1323.67158 17.98071 0.02279
1323.67271 17.97497 0.02316
1323.67384 17.93123 0.02293
1323.67496 17.97425 0.02402
1323.67613 17.93316 0.02291
1323.67725 17.98498 0.02456
1323.67838 17.96756 0.02293
1323.67951 17.95822 0.02323
1323.68065 17.97681 0.02392
1323.68177 17.97317 0.02383
1323.6829 17.98149 0.02399
1323.68402 17.97254 0.02425
1323.68516 17.94942 0.02387
1323.68628 17.98103 0.02509
1323.68742 17.93656 0.02429
1323.68855 17.94552 0.02389
1323.68967 17.9431 0.02448
1323.69081 17.97594 0.02376
1323.69194 17.99914 0.02566
1323.69306 17.96506 0.02584
1323.6942 18.00324 0.02702
1323.69532 17.95118 0.02604
1323.69644 17.98998 0.02681
1323.69758 18.00317 0.02805
1323.6987 17.96907 0.02714
1323.69982 17.93279 0.02748
1323.70094 18.01214 0.02988
1323.70208 17.94568 0.02815
1323.7032 18.01271 0.03029
1323.70434 18.04253 0.02974
1323.70546 17.96577 0.02963
1323.70659 18.01096 0.03036
1323.70772 18.01883 0.03328
1323.70887 18.02357 0.03354
1323.71001 17.98741 0.03432
1323.71114 17.98483 0.03348
1323.71226 18.01982 0.03444
1323.7134 17.98972 0.03547
1323.71453 18.02826 0.03694
1323.71565 18.00645 0.03713
1323.71679 17.98484 0.04112
1323.71791 18.06441 0.04202
1323.71905 17.98249 0.04216
1323.72017 17.96833 0.04086
1323.7213 18.06137 0.04452
1323.72242 18.15202 0.04457
1323.72356 18.04763 0.04441
1323.72468 18.02389 0.04261
1323.72582 17.99329 0.04797
1323.72695 18.00902 0.04443
1323.72808 18.01781 0.04462
1323.72921 17.92764 0.04756
1323.73034 18.02922 0.04702
1323.73259 18.07911 0.04745
1323.73372 18.00112 0.05483
1323.73485 18.15779 0.05092
1324.6344 18.00506 0.02109
1324.67356 17.93483 0.02138
1328.60109 17.9642 0.02182
1328.63041 17.97894 0.01848
1329.6158 17.98522 0.02674
1330.60568 17.97673 0.01986
1330.63442 17.96283 0.02111
1336.60557 17.98056 0.02391
1336.6347 18.0081 0.02581
1337.61678 17.97946 0.02094
1337.646 17.99414 0.024
1339.61462 18.12316 0.03512
1339.64973 18.0081 0.04041
1340.62168 17.98281 0.02463
1340.65261 17.97982 0.02832
1341.63432 17.9117 0.02832
1342.61542 18.04907 0.03159
1342.64414 17.99208 0.03732
1432.97832 18.03744 0.03868
1433.97522 17.9873 0.02942
1434.97306 18.04532 0.03267
1440.95678 18.18973 0.05681
1441.9545 18.09811 0.04612
1442.95121 18.06348 0.0324
1443.94843 17.97132 0.02787
1444.94545 18.03747 0.03669
1444.97977 17.99325 0.0523
1446.9404 18.02859 0.02605
1446.9746 18.05591 0.03373
1447.93827 18.06269 0.02222
1447.97245 18.07731 0.0299
1448.93551 18.05936 0.02124
1448.97043 18.01958 0.02562
1449.9322 18.04104 0.02132
1449.96744 18.02396 0.02171
1450.93056 18.04695 0.02131
1450.96471 18.05918 0.02397
1451.92757 18.0347 0.02397
1451.96268 18.02998 0.02219
1452.92487 18.04783 0.02164
1452.95905 18.00812 0.01958
1453.9223 18.04273 0.02499
1453.95718 18.03169 0.02485
1454.91904 18.02391 0.0234
1454.9531 18.04035 0.02093
1455.91706 18.02234 0.02249
1455.95123 18.01422 0.01934
1456.91361 18.07172 0.02377
1456.94859 17.98642 0.01997
1457.91086 17.98652 0.02339
1457.9457 18.01402 0.02126
1458.90893 18.04636 0.02121
1458.94334 18.00945 0.01907
1459.90596 18.03021 0.02189
1459.94092 18.04469 0.02021
1460.9034 18.04068 0.02218
1460.93791 18.04198 0.01966
1461.90107 18.05988 0.02373
1461.93811 18.0383 0.01995
1462.89824 18.03077 0.02513
1462.93439 18.05586 0.02356
1463.89576 18.0074 0.03498
1463.93218 18.04763 0.0207
1469.87982 17.98241 0.03429
1469.91685 18.0699 0.02896
1471.87375 17.9376 0.03673
1471.91001 18.03112 0.03166
1473.86804 18.07265 0.05354
1473.90477 18.11009 0.04291
1475.86334 17.95919 0.03382
1475.9008 18.07745 0.03386
1476.86102 17.97166 0.04301
1476.89765 18.12514 0.04092
1477.85777 17.9703 0.0593
1485.83631 17.97129 0.0249
1486.83403 18.00903 0.02235
1486.87106 17.99731 0.01968
1488.83006 17.98752 0.02418
1488.86647 18.00376 0.02014
1489.82698 18.03666 0.02542
1489.86366 17.98565 0.02026
1491.8581 17.97944 0.03932
1498.802 17.97981 0.04465
1498.83888 18.03614 0.03829
1502.79167 17.97654 0.02663
1502.82864 18.0004 0.02647
1503.78903 17.96673 0.02046
1503.82769 18.00853 0.02165
1504.82017 18.09553 0.02372
1504.86992 17.9828 0.01959
1504.90811 18.0112 0.01889
1505.81768 18.08738 0.022
1505.9509 18.06687 0.0196
1505.98842 18.012 0.02313
1506.89349 17.99888 0.02423
1507.80198 17.97669 0.02047
1507.84712 17.98832 0.01868
1507.99891 18.01265 0.02004
1508.90167 18.01148 0.01491
1509.79634 18.00842 0.0192
1509.83877 18.00269 0.01715
1510.8262 17.98685 0.01635
1511.79111 18.00112 0.01878
1511.84089 17.99405 0.01682
1512.78788 18.04626 0.02187
1512.82519 17.98142 0.0189
1513.78624 18.01455 0.01952
1513.82352 17.99896 0.01737
1514.7834 17.99316 0.01976
1514.82081 17.97775 0.01665
1515.78106 17.98587 0.02024
1515.82231 18.04843 0.0182
1516.77774 17.97733 0.01828
1516.81437 17.97825 0.01568
1517.77605 17.97052 0.01999
1517.81715 18.00467 0.01588
1517.97309 18.0169 0.01565
1518.87478 17.99492 0.01614
1518.96686 18.00236 0.01581
1519.00311 18.01302 0.01657
1519.90443 18.0095 0.01499
1519.96504 17.9988 0.01429
1520.00171 17.99592 0.01564
1520.90327 17.97606 0.01514
1520.95521 18.01067 0.01514
1520.99262 17.99557 0.01546
1521.89446 17.99653 0.01588
1521.95772 18.0269 0.016
1521.99393 17.97296 0.01495
1527.76434 18.02163 0.05757
1527.80142 18.01187 0.0488
1528.72198 18.01733 0.05018
1528.81982 17.98468 0.0381
1528.87422 18.03734 0.0351
1529.90241 17.98316 0.02794
1529.93849 17.96221 0.02946
1529.97462 18.01492 0.03231
1532.71221 18.01254 0.02376
1532.85928 18.01844 0.01808
1532.89645 17.98675 0.01689
1533.79895 17.98643 0.0171
1533.93493 18.02495 0.01824
1533.97228 18.04576 0.01852
1537.84525 18.01575 0.01447
1537.9874 17.99915 0.01474
1539.69386 18.04052 0.02366
1539.88447 18.01664 0.01472
1539.9215 17.99784 0.01512
1540.97669 18.01004 0.01497
1541.6883 18.00023 0.02435
1541.83165 18.12307 0.06251
1542.96698 17.99515 0.01693
1543.00294 18.03147 0.01885
1543.97085 18.02968 0.01611
1544.00787 18.01911 0.01711
1546.67441 17.9852 0.02494
1546.75907 18.057 0.01827
1546.94639 18.04201 0.01591
1547.84788 18.02028 0.01669
1548.0057 18.03197 0.01739
1548.66959 18.08115 0.03266
1548.70582 18.04359 0.02636
1548.74172 18.00895 0.02253
1549.66591 18.01184 0.02978
1549.70273 17.97862 0.02562
1549.73967 18.02043 0.02333
1550.66388 18.09849 0.04008
1550.6994 18.02528 0.03213
1550.73216 18.057 0.02671
1551.66063 18.03865 0.04251
1551.72202 18.01734 0.03139
1551.75862 18.01436 0.0279
1552.66117 18.09926 0.0424
1552.71291 18.06569 0.0356
1552.74635 18.06172 0.032
1561.66061 18.02509 0.02089
1561.89034 18.07935 0.02407
1561.92356 18.05841 0.02363
1562.93459 18.07907 0.01993
1563.02169 18.02915 0.02567
1563.6524 18.07087 0.02292
1563.6893 18.01987 0.02169
1563.77494 18.05711 0.01924
1564.72602 18.02743 0.02131
1564.99301 18.0249 0.02004
1565.02672 18.07595 0.02523
1565.92832 18.00975 0.01804
1565.98151 18.03614 0.02054
1566.01544 18.07715 0.02233
1566.91724 18.02705 0.01746
1566.96287 18.00795 0.01808
1566.99591 18.0511 0.01965
1567.8986 18.00866 0.01533
1567.96702 18.04965 0.01594
1568.00039 18.01823 0.01762
1568.90245 18.05525 0.0159
1568.96343 18.04679 0.01781
1568.99843 18.08737 0.02087
1569.90084 18.04587 0.0177
1569.99803 17.99749 0.02166
1570.03082 18.02492 0.02725
1571.62526 18.11616 0.03168
1571.69052 18.19089 0.02839
1571.72419 18.14614 0.02746
1572.62632 18.04257 0.02341
1572.66032 18.082 0.02149
1572.69287 18.03592 0.02599
1573.61429 18.10225 0.02701
1573.64765 18.03985 0.02203
1573.77817 18.01041 0.01697
1576.83948 18.03272 0.01722
1577.00541 18.02951 0.0233
1577.60601 18.04869 0.03198
1577.63144 17.99437 0.02808
1577.77306 18.06129 0.02033
1578.67217 17.97505 0.02252
1578.69674 18.0357 0.02286
1578.75347 18.05198 0.02062
1579.73584 17.97386 0.0241
1579.85963 18.03106 0.02378
1579.88516 18.02596 0.02291
1580.7875 18.02349 0.02584
1580.8553 18.05914 0.02654
1580.88022 18.01504 0.0262
1581.78167 18.07444 0.03776
1581.83883 18.04603 0.03417
1581.86464 18.04275 0.03349
1587.62864 18.00822 0.01953
1587.78993 18.02098 0.02441
1587.81475 18.01971 0.02479
1588.71625 18.03037 0.03406
1588.86644 18.02866 0.03617
1588.89281 18.06486 0.03935
1589.79481 18.01109 0.01953
1589.81959 18.04554 0.01968
1589.84642 18.01105 0.02063
1590.76387 18.03921 0.01844
1590.8749 18.02952 0.02043
1590.89969 18.00304 0.02068
1591.80204 18.10944 0.03301
1591.86057 18.09716 0.01931
1591.88508 18.00033 0.02059
1592.81972 18.0438 0.01722
1592.91348 18.01075 0.02108
1592.93852 18.03135 0.02183
1596.59731 18.02557 0.02319
1596.81771 18.08473 0.02225
1596.84238 18.04642 0.02137
1597.74425 18.03513 0.02012
1597.82393 18.0358 0.02256
1597.84943 18.11982 0.02704
1598.75163 18.04672 0.02099
1598.82179 18.09409 0.02253
1598.84855 18.05064 0.0209
1599.75014 18.02103 0.01725
1599.79577 18.0239 0.0169
1599.82112 18.01428 0.01796
1600.77441 18.03037 0.01747
1600.8753 18.04427 0.02075
1602.59024 18.05919 0.02909
1602.75501 18.14078 0.03157
1602.78065 18.09553 0.02584
1603.68227 18.03373 0.02037
1603.74296 18.00176 0.02105
1603.81581 18.06204 0.01974
1604.73691 18.02981 0.0188
1604.92616 17.99626 0.02222
1605.64733 18.03037 0.01895
1605.67213 18.02375 0.0181
1606.58401 18.02361 0.04185
1606.60932 18.08514 0.02909
1606.64241 18.08644 0.04564
1607.82225 18.03288 0.02483
1607.84927 18.02849 0.0209
1608.75086 18.06107 0.02592
1608.81398 18.0598 0.02571
1608.84048 18.04453 0.03454
1609.8617 18.07462 0.02999
1609.88847 18.00561 0.0314
1621.79766 17.99114 0.02021
1622.58588 18.00413 0.01891
1623.58717 18.0645 0.03481
1624.57999 17.99668 0.02028
1624.60429 18.01518 0.01781
1625.70494 17.97696 0.01691
1625.74386 17.99527 0.01716
1626.64578 17.99679 0.01818
1626.67007 17.99301 0.01742
1627.83411 18.05363 0.05276
1628.73144 17.98985 0.01885
1628.76212 18.00945 0.0197
1637.58042 18.03306 0.02601
1637.60549 17.9696 0.0255
1639.58002 18.0244 0.03136
1639.60438 17.96839 0.02977
1640.58279 18.09066 0.03112
1640.61699 18.05188 0.03438
1648.58277 18.01302 0.02237
1648.61266 18.00487 0.02178
1649.60387 17.99701 0.02526
1650.58762 17.9741 0.02275
1653.58621 18.16628 0.03414
1653.61955 18.10423 0.02928
1658.58519 17.93396 0.01705
1658.62914 17.95847 0.01724
1659.58605 17.98505 0.01796
1659.61086 17.96475 0.01747
1660.58569 17.95812 0.01902
1660.61029 17.97492 0.01746
1661.58623 17.97141 0.05129
1662.58587 17.94644 0.02156
1662.61038 18.05943 0.02548
1663.59143 17.97681 0.01853
1663.6171 17.97577 0.01818
1664.58594 17.99404 0.04128
1664.6104 18.03944 0.02764
1668.58721 17.96446 0.03894
1668.61177 17.88645 0.02411
1669.61423 17.9167 0.03302
1670.58877 18.03932 0.03899
1670.61422 18.11053 0.06235
1675.5969 17.96687 0.01846
1675.6459 17.9464 0.02521
1676.59181 17.96216 0.01944
1676.61781 17.95638 0.01852
1677.60718 17.94553 0.04361
1677.71635 18.09179 0.0801
1678.61458 17.9292 0.01775
1678.64019 17.96804 0.01841
1680.60724 17.93958 0.01965
1681.63294 18.02947 0.06545
1683.59693 17.96072 0.01875
1683.63252 17.9486 0.01817
1685.59847 17.8935 0.02928
1685.6471 18.03845 0.02576
1686.63379 18.01167 0.03929
1687.59886 17.97973 0.02154
1687.64144 17.89515 0.02018
1690.60286 17.96702 0.0217
1690.64549 17.94786 0.02142
1697.60505 17.94252 0.02631
1699.60928 17.87177 0.03244
1816.96412 17.91193 0.02188
1816.97531 17.93863 0.03194
1817.96427 17.9406 0.02109
1817.97654 17.91831 0.03165
1818.96227 17.92155 0.01803
1818.97512 17.95839 0.02841
1819.96647 17.97523 0.03334
1819.97765 17.95226 0.04241
1820.96625 17.98957 0.03485
1820.97769 17.99609 0.04405
1821.96237 18.03291 0.04174
1821.9727 18.00497 0.04299
1822.96143 17.9338 0.0324
1822.97681 17.97645 0.041
1823.96094 17.93079 0.03795
1823.97346 18.03056 0.03957
1824.96428 17.93144 0.02723
1824.97573 17.95784 0.03023
1825.96455 17.92271 0.02957
1825.97592 17.94441 0.03866
1826.96127 17.94128 0.02606
1826.97472 17.97023 0.03368
1827.96384 17.93829 0.02262
1827.97622 17.90252 0.03077
1828.9654 17.9716 0.02214
1828.97804 17.91979 0.02772
1829.96383 17.93091 0.01904
1829.97653 17.97021 0.0228
1830.96102 17.97451 0.01874
1830.97338 17.91037 0.02112
1831.96161 17.91556 0.01616
1831.97427 17.88956 0.01996
1832.9648 17.92686 0.01625
1832.97563 17.90105 0.01896
1833.96568 17.90815 0.01738
1833.97644 17.89429 0.02251
1834.96484 17.91445 0.01698
1834.9776 17.94303 0.02349
1835.96569 17.92855 0.02022
1835.97723 17.93897 0.02764
1836.96625 17.89738 0.0153
1836.97711 17.89155 0.02035
1837.96638 17.89481 0.01557
1837.98211 17.88515 0.02788
1838.96389 17.90997 0.01581
1838.9786 17.89732 0.02335
1839.96511 17.89046 0.01501
1839.97834 17.91526 0.01983
1840.96951 17.91644 0.01698
1840.98137 17.93741 0.0242
1841.96857 17.92738 0.01559
1841.98075 17.93789 0.02281
1844.96636 17.88113 0.01644
1844.97887 17.92888 0.01932
1845.96726 17.90164 0.01488
1845.98002 17.91239 0.01748
1846.96666 17.9244 0.01471
1846.98115 17.92227 0.01673
1847.96648 17.89997 0.01432
1847.98151 17.89441 0.01603
1848.96743 17.90769 0.01467
1848.98312 17.93122 0.0192
1849.96813 17.95865 0.02665
1849.98235 17.94892 0.0273
1850.96941 17.95692 0.03879
1850.98368 18.01005 0.0385
1851.97048 17.88495 0.02439
1851.98675 17.96903 0.02759
1854.96165 17.92095 0.02234
1854.98771 17.94476 0.02341
1855.96071 17.90405 0.02162
1855.98393 17.92688 0.02257
1856.96087 17.94314 0.03148
1856.98328 17.94204 0.02623
1858.96243 17.91652 0.0161
1858.98507 17.96128 0.0169
1859.96515 17.89978 0.01378
1859.98697 17.93053 0.01647
1861.96231 17.9139 0.01581
1861.98508 17.91236 0.01554
1862.9659 17.90734 0.01578
1862.98227 17.92108 0.01599
1863.94981 17.88845 0.01482
1864.94576 17.89727 0.01805
1864.96947 17.87299 0.02028
1865.92975 17.89153 0.03188
1865.96089 17.91903 0.01378
1867.98799 17.9579 0.01577
1868.96536 17.93597 0.01501
1868.98567 17.91757 0.01515
1869.96092 17.94245 0.01458
1869.98231 17.93024 0.01446
1870.96467 17.9117 0.01458
1870.98635 17.9063 0.01495
1874.97428 17.90955 0.01375
1874.99622 17.89968 0.01558
1875.98151 17.91859 0.01683
1875.99752 17.93402 0.0168
1876.91773 17.93227 0.01383
1876.94717 17.90558 0.01358
1877.9745 17.92405 0.01365
1877.9957 17.96315 0.01465
1878.00741 17.95847 0.02539
1879.92838 17.89997 0.02551
1879.95816 17.93783 0.02573
1880.95792 18.03438 0.04928
1880.9882 17.9147 0.03088
1882.96877 17.92773 0.03683
1882.98848 17.91838 0.03353
1883.9421 17.91769 0.0235
1883.98158 17.95072 0.02263
1884.99956 17.94222 0.02184
1885.96448 17.92691 0.01881
1885.98159 17.9519 0.0191
1886.91453 17.91749 0.01715
1886.94264 17.93463 0.01657
1887.91623 17.94532 0.01541
1887.94902 17.9678 0.01578
1888.86519 17.92306 0.01359
1888.89905 17.91954 0.01345
1888.91008 17.93324 0.01387
1888.94196 17.97363 0.0147
1890.94091 17.9429 0.01506
1890.97479 17.93626 0.01594
1895.83087 17.89718 0.01794
1895.86667 17.94235 0.02655
1972.71463 18.07468 0.02293
1972.73749 18.08563 0.02397
1978.74407 18.12022 0.02357
1978.79927 18.07183 0.03144
1979.72374 18.18382 0.03109
1980.71766 18.11552 0.02283
1980.83416 18.11724 0.02419
1981.71538 18.06784 0.02177
1981.77818 18.12666 0.02304
1984.71333 18.15603 0.02747
1984.78092 18.10519 0.03217
1986.72544 18.12971 0.02406
1986.79095 18.10678 0.0264
1987.70535 18.08569 0.02399
1987.76948 18.10752 0.02535
1988.66321 18.06834 0.02419
1989.60286 18.07355 0.02375
1989.66828 18.10127 0.02324
1990.59847 18.09047 0.02483
1990.66232 18.04673 0.02285
1991.66882 18.00852 0.04295
2555.93989 18.05587 0.02127
2555.96363 18.07385 0.02167
2564.94449 18.05347 0.02924
2564.95195 17.97906 0.0311
2565.94418 18.0527 0.02638
2567.951 17.98762 0.02586
2567.97572 18.02915 0.02826
2568.92119 17.95345 0.02379
2568.97479 18.04846 0.02545
2569.92685 17.99895 0.01958
2570.93954 18.01208 0.01988
2571.91515 18.06285 0.02187
2571.96845 18.05129 0.02138
2572.94 18.04236 0.01959
2572.961 18.09037 0.02115
2573.95955 18.03531 0.0181
2573.98653 18.22662 0.04572
2574.96997 17.98044 0.02468
2575.96076 18.07149 0.02016
2576.95096 18.03828 0.02257
2577.97714 18.01533 0.02462
2578.93031 18.02707 0.0212
2579.93833 18.02764 0.01881
2579.96636 18.05593 0.02001
2580.94991 18.04686 0.02085
2580.97641 18.02373 0.02122
2581.93908 18.00078 0.01845
2581.96061 18.01791 0.01878
2582.96612 18.01647 0.01722
2582.9889 17.93498 0.02974
2583.93612 17.99404 0.01681
2583.97225 18.0169 0.01752
2584.92871 17.97961 0.01707
2584.97404 18.00655 0.01746
2585.92275 17.99557 0.0207
2585.96134 17.97827 0.01831
2586.91575 18.03706 0.02757
