#mjd mag magerr
135.82555 17.12875 0.02012
135.86926 17.21337 0.02147
138.71472 17.10675 0.0226
138.75871 17.1327 0.02342
142.7036 17.11986 0.01264
142.75219 17.09403 0.01359
144.77886 17.10747 0.01202
144.82305 17.11651 0.01341
151.72943 17.12145 0.0129
151.77257 17.09673 0.01224
166.70473 17.11327 0.02096
166.74897 17.14093 0.02199
168.63378 17.09862 0.01735
168.6775 17.1154 0.018
175.61224 17.15363 0.03209
175.65684 17.1353 0.03032
181.59421 17.11859 0.01878
181.63825 17.1648 0.01709
183.59204 17.17706 0.02029
183.64253 17.15166 0.01366
189.58054 17.1119 0.01454
189.62557 17.11542 0.01299
194.59026 17.13147 0.02304
199.58559 17.04321 0.01173
201.58642 17.06345 0.03322
202.58667 17.08577 0.01377
203.71441 17.09504 0.0142
203.75743 17.08228 0.01482
207.63092 17.08664 0.01604
207.67514 17.09134 0.01199
209.5968 17.0575 0.01143
209.64149 17.06834 0.01132
213.63312 17.12529 0.03679
213.6798 17.11237 0.0367
377.85123 17.18095 0.02132
377.89535 17.15894 0.0179
378.90615 17.20679 0.02264
379.8591 17.21165 0.01708
379.92482 17.16139 0.01418
380.87684 17.1827 0.01762
380.92078 17.19058 0.0169
381.89606 17.22252 0.01473
381.93934 17.17085 0.01376
384.82671 17.19519 0.01343
384.87028 17.18558 0.0128
385.87021 17.17971 0.01246
385.91339 17.16133 0.01222
386.86524 17.1654 0.01285
386.90867 17.1771 0.01237
387.87002 17.15117 0.01291
387.91342 17.1597 0.01228
388.86609 17.17962 0.01502
388.91005 17.15694 0.0129
390.80957 17.15559 0.01468
390.85393 17.16638 0.01379
391.80613 17.1765 0.01592
391.87538 17.15947 0.01345
392.83258 17.17761 0.01402
392.87538 17.14609 0.0135
394.79908 17.1211 0.01521
394.8431 17.15604 0.01361
395.79551 17.17703 0.01776
395.84215 17.13635 0.01313
396.79527 17.11682 0.01644
396.83932 17.18708 0.01252
397.79163 17.19633 0.01834
397.83526 17.15171 0.01322
398.78764 17.16352 0.02037
398.83124 17.19741 0.01591
399.78802 17.22455 0.02089
399.83261 17.19079 0.0176
400.78534 17.24369 0.02255
400.8289 17.18606 0.01798
401.78133 17.20459 0.02581
401.82518 17.19692 0.02129
402.77979 17.24751 0.03201
402.8246 17.25272 0.02454
403.77642 17.20488 0.0316
403.81973 17.22103 0.02417
404.77424 17.26241 0.02721
404.84266 17.18851 0.02039
405.8416 17.20362 0.02189
407.7691 17.21684 0.0257
407.83003 17.17653 0.02148
408.78389 17.2694 0.03788
411.79896 17.16326 0.02001
412.75232 17.17882 0.02453
412.79539 17.20567 0.02009
413.75577 17.18935 0.02313
413.79945 17.14529 0.02079
414.75161 17.13801 0.02649
414.79555 17.20721 0.0195
415.75266 17.13998 0.0238
415.79727 17.12578 0.02297
416.75096 17.15329 0.02287
416.79342 17.16377 0.02047
417.75979 17.18612 0.02608
417.84511 17.14187 0.03029
418.79843 17.19176 0.01974
418.84121 17.22554 0.01885
419.75121 17.12253 0.02481
419.79504 17.16437 0.02142
420.78929 17.2387 0.02303
420.83264 17.17743 0.02051
421.73664 17.18886 0.01423
421.79901 17.20156 0.01248
422.75115 17.19366 0.01388
422.79487 17.19051 0.01315
423.74742 17.19931 0.01373
423.79284 17.20178 0.01296
424.75349 17.19017 0.01501
424.80178 17.18163 0.01294
425.76166 17.18092 0.01539
425.80573 17.22385 0.01308
426.80123 17.20453 0.0162
426.8444 17.18779 0.01206
427.79708 17.2278 0.01487
427.8408 17.21988 0.01349
428.79281 17.22328 0.01539
428.83703 17.23189 0.0143
429.8142 17.23472 0.01519
429.85716 17.21631 0.01447
430.75769 17.23567 0.01813
430.80485 17.25336 0.01653
431.75639 17.22934 0.01841
431.80024 17.21881 0.01795
432.73907 17.26041 0.02447
432.78359 17.27134 0.02251
433.70425 17.23044 0.03246
433.7493 17.22729 0.02566
434.69401 17.22503 0.03234
434.73769 17.24516 0.02369
435.69148 17.22434 0.02926
436.88575 17.23101 0.01887
436.88891 17.22263 0.01809
436.8919 17.21335 0.01878
436.89501 17.20907 0.01911
436.89797 17.26173 0.01891
436.90109 17.23358 0.02003
436.9042 17.21547 0.01896
436.90728 17.24567 0.01945
436.91041 17.25999 0.01984
436.91351 17.23101 0.02065
436.91641 17.19019 0.01977
436.91931 17.22288 0.02012
436.92221 17.24065 0.02081
436.92514 17.28009 0.01992
436.92806 17.19446 0.02027
436.93096 17.25718 0.01944
436.93413 17.25637 0.01995
436.93703 17.21281 0.01908
436.93974 17.24131 0.01865
436.94297 17.21882 0.02002
436.94613 17.23028 0.0201
436.94915 17.2585 0.01997
436.95231 17.2407 0.01886
436.9553 17.23456 0.01875
436.95826 17.21813 0.01879
436.96116 17.23744 0.01929
436.96403 17.22896 0.01892
436.96671 17.27152 0.01833
438.88857 17.20429 0.01788
438.89169 17.24034 0.01801
438.89485 17.24542 0.01761
438.89798 17.26153 0.0175
438.90086 17.24576 0.01722
438.90371 17.23167 0.01717
438.9065 17.21735 0.01624
438.90927 17.21505 0.01684
438.91204 17.21399 0.01672
438.91487 17.25213 0.01719
438.91763 17.23274 0.01738
438.92084 17.2667 0.01876
438.92394 17.25187 0.0183
438.92672 17.24911 0.01903
438.92954 17.23175 0.01918
438.93259 17.20973 0.01883
438.93551 17.25256 0.01871
438.93833 17.22125 0.01866
438.94106 17.22818 0.01839
438.94411 17.23664 0.01887
438.94678 17.20852 0.01849
438.95017 17.25095 0.01833
438.95913 17.1833 0.01756
438.96141 17.25888 0.01835
440.87507 17.23038 0.01414
440.87823 17.21641 0.01379
440.88428 17.20451 0.01371
440.88675 17.23199 0.01326
440.8894 17.21367 0.01326
440.89205 17.21595 0.01365
440.89518 17.23562 0.01339
440.89832 17.23763 0.01388
440.90145 17.23038 0.01412
440.90439 17.21029 0.01373
440.90729 17.21589 0.01372
440.91025 17.19698 0.01376
440.91316 17.17113 0.01369
440.91591 17.22035 0.01387
440.9187 17.20723 0.01361
440.92149 17.21593 0.0134
440.92426 17.20055 0.01343
440.93095 17.21407 0.01356
440.93364 17.22481 0.0134
440.93623 17.25208 0.01386
440.9395 17.22259 0.01456
440.94264 17.26042 0.01413
440.94582 17.22932 0.01369
440.94883 17.20361 0.01399
440.95182 17.24427 0.01439
440.95489 17.21609 0.01412
440.95791 17.2393 0.01436
441.87301 17.22816 0.01282
441.87592 17.23364 0.01306
441.88645 17.22442 0.01311
441.88962 17.2165 0.01303
441.89254 17.26978 0.01287
441.89542 17.20989 0.01323
441.89828 17.24794 0.01308
441.90107 17.2196 0.0124
441.9037 17.22393 0.01274
441.90634 17.20455 0.01318
441.90906 17.22548 0.01251
441.9118 17.22646 0.01274
441.91445 17.21448 0.01309
441.91722 17.22946 0.01264
441.91981 17.20661 0.01355
441.92242 17.23782 0.01311
441.92546 17.23368 0.01255
441.9281 17.22989 0.0127
441.93183 17.2327 0.01278
441.93458 17.23304 0.01298
441.93727 17.22124 0.01249
441.94048 17.21095 0.01284
441.94326 17.23848 0.013
441.94546 17.23236 0.01302
441.94852 17.22944 0.01291
441.95194 17.22808 0.01257
441.95469 17.23868 0.01273
441.95786 17.22247 0.01294
441.96081 17.23884 0.01334
441.96392 17.24241 0.01277
441.96715 17.22148 0.01279
441.97012 17.25337 0.01271
441.97294 17.20807 0.01265
441.97532 17.22811 0.01296
441.97757 17.22032 0.01304
441.9798 17.25558 0.0133
441.9835 17.22842 0.01317
441.9863 17.21914 0.01321
441.98852 17.22858 0.0138
441.99078 17.21626 0.01286
441.99382 17.24857 0.01331
442.00593 17.23946 0.01374
442.00906 17.24832 0.01431
442.01216 17.24613 0.01476
442.01486 17.22965 0.01517
442.01753 17.25773 0.01749
442.02001 17.25889 0.01963
442.02226 17.2119 0.02239
442.70382 17.22222 0.01354
442.70734 17.24156 0.01319
442.71097 17.24018 0.0132
442.71448 17.246 0.01332
442.71808 17.2399 0.0131
442.72168 17.23428 0.01299
442.72527 17.23675 0.01309
442.73272 17.22344 0.01295
442.74184 17.23508 0.01261
442.74882 17.23914 0.01248
442.75572 17.22542 0.01305
442.76147 17.22499 0.0123
442.76615 17.22703 0.01257
442.77616 17.20506 0.01279
442.78135 17.23222 0.01193
442.78615 17.21916 0.01231
442.79145 17.21888 0.0118
442.79615 17.23666 0.012
442.80186 17.22268 0.01207
442.8093 17.23602 0.01215
442.81443 17.21753 0.01223
442.81939 17.19879 0.01246
442.82447 17.23651 0.01201
442.8293 17.2508 0.01213
442.83541 17.23684 0.01235
442.84012 17.20701 0.01226
442.84597 17.26206 0.0124
442.85112 17.24372 0.01249
442.85657 17.23801 0.01253
442.86387 17.22348 0.01248
442.87002 17.23714 0.01223
442.87503 17.25398 0.01234
442.88048 17.23808 0.01254
442.88617 17.22888 0.01234
442.89221 17.23056 0.01251
442.89785 17.21416 0.0126
442.90297 17.2079 0.01232
442.90871 17.2416 0.01268
442.91368 17.21715 0.01225
442.91875 17.246 0.01229
442.92384 17.22885 0.01219
442.93037 17.24348 0.01306
442.93642 17.2279 0.01229
442.94588 17.20833 0.01385
442.95166 17.21508 0.013
442.95754 17.22973 0.0127
442.96246 17.22656 0.01275
442.96833 17.23184 0.01348
442.97317 17.23804 0.01272
442.97782 17.20894 0.01262
442.98206 17.23245 0.01212
442.9872 17.22182 0.01284
442.99348 17.23666 0.01251
442.99858 17.25076 0.01239
443.00329 17.22882 0.0128
443.01002 17.24005 0.01302
443.01702 17.21645 0.01426
443.02387 17.20435 0.02244
443.67742 17.25479 0.01624
443.68488 17.26007 0.01521
443.69287 17.23645 0.01473
443.70415 17.23853 0.01375
443.71028 17.2378 0.01415
443.71632 17.23371 0.01376
443.72231 17.24981 0.0132
443.72832 17.25875 0.01352
443.736 17.22717 0.01314
443.74306 17.25549 0.01316
443.74812 17.25793 0.0125
443.75372 17.2282 0.01294
443.75946 17.23659 0.01295
443.76526 17.24963 0.01315
443.77007 17.23145 0.01293
443.78027 17.17647 0.01353
443.78539 17.22272 0.01232
443.79156 17.235 0.01214
443.79717 17.23186 0.01288
443.80302 17.22184 0.01283
443.80895 17.22206 0.01266
443.81493 17.22239 0.01303
443.8204 17.2248 0.0133
443.82634 17.21663 0.01202
443.83239 17.23063 0.01237
443.83783 17.20995 0.01268
443.84415 17.22404 0.01197
443.84958 17.21792 0.01261
443.85553 17.19678 0.01227
443.86252 17.24446 0.01263
443.87576 17.22162 0.01265
443.88141 17.22665 0.01231
443.88892 17.24848 0.01263
443.89412 17.23523 0.01298
443.90077 17.18403 0.01274
443.90658 17.22679 0.01227
443.91235 17.2416 0.01233
443.91779 17.22102 0.01366
443.92403 17.21847 0.01363
443.92967 17.24011 0.0131
443.93496 17.23132 0.01327
443.94073 17.21972 0.01275
443.94779 17.2157 0.01269
443.95355 17.19576 0.01295
443.95925 17.22395 0.0126
443.9693 17.19584 0.01333
443.97555 17.2493 0.01306
443.98144 17.21535 0.01294
443.98725 17.21994 0.01433
443.99456 17.23189 0.01352
444.00093 17.2379 0.01294
444.0061 17.21606 0.01263
444.01187 17.23131 0.01365
444.0175 17.19922 0.01505
444.02231 17.24064 0.02024
444.66648 17.22032 0.01788
444.67221 17.23495 0.01794
444.67727 17.21895 0.01633
444.68857 17.21353 0.01486
444.69526 17.23871 0.01479
444.70198 17.24323 0.01479
444.7091 17.26268 0.01477
444.71487 17.27544 0.0141
444.72103 17.20556 0.01382
444.72796 17.19647 0.01373
444.73377 17.23244 0.01328
444.74094 17.24291 0.01305
444.74655 17.23022 0.01318
444.75167 17.2393 0.01295
444.75678 17.23065 0.01284
444.76225 17.23531 0.01297
444.7673 17.24191 0.01242
444.77353 17.2439 0.01304
444.77876 17.22422 0.01266
444.78368 17.22917 0.01278
444.79848 17.2209 0.01248
444.80403 17.2048 0.01263
444.81599 17.21992 0.01252
444.8213 17.21944 0.01261
444.83332 17.19978 0.01279
444.83854 17.22751 0.01214
444.84549 17.22562 0.01257
444.85161 17.22105 0.01233
444.85679 17.22208 0.01209
444.86267 17.2124 0.01332
444.86777 17.21957 0.01317
444.87321 17.22336 0.01293
444.87872 17.19643 0.01243
444.88467 17.19263 0.01334
444.89016 17.20405 0.01275
444.89581 17.20899 0.01405
444.90153 17.24599 0.01258
444.90845 17.20603 0.01328
444.91349 17.21828 0.01263
444.92279 17.21173 0.01212
444.93139 17.20517 0.01236
444.94041 17.23515 0.0125
444.94568 17.2284 0.01269
444.951 17.23933 0.01296
444.95724 17.20374 0.01272
444.96289 17.21539 0.01237
444.96923 17.24013 0.01239
444.97411 17.21634 0.01281
444.98062 17.2181 0.01256
444.98915 17.19174 0.01361
444.99553 17.25614 0.01261
445.00157 17.21146 0.01287
445.00779 17.24986 0.01313
445.01282 17.23141 0.01359
445.01777 17.25792 0.01487
445.02227 17.23773 0.01857
445.66261 17.23895 0.01681
445.66749 17.22676 0.01505
445.67244 17.24839 0.01532
445.67731 17.22289 0.01495
445.68422 17.26632 0.01428
445.6905 17.25331 0.01376
445.69681 17.22074 0.01359
445.70294 17.25939 0.01381
445.70921 17.22632 0.01382
445.71534 17.22219 0.01509
445.72141 17.2116 0.015
445.72791 17.24359 0.01449
445.73457 17.24176 0.01353
445.74013 17.22136 0.01356
445.7456 17.25327 0.01367
445.75096 17.24168 0.01335
445.75643 17.23505 0.01306
445.76191 17.24947 0.01335
445.76784 17.21279 0.01273
445.7737 17.21903 0.01242
445.779 17.23608 0.01264
445.78479 17.2197 0.01231
445.79025 17.24652 0.01211
445.79613 17.20849 0.01213
445.81095 17.19921 0.01268
445.81845 17.24087 0.01239
445.82455 17.24045 0.012
445.83024 17.20202 0.01221
445.84021 17.15709 0.01304
445.84549 17.24091 0.01212
445.85174 17.21045 0.01196
445.85762 17.23069 0.01191
445.8636 17.25122 0.01185
445.86963 17.22559 0.0121
445.87567 17.2007 0.01184
445.88207 17.21477 0.01232
445.88844 17.20055 0.01199
445.89432 17.23938 0.01238
445.89983 17.21932 0.01197
445.90668 17.22404 0.01228
445.91299 17.21806 0.01187
445.91722 17.22338 0.01211
445.92351 17.23293 0.0123
445.92915 17.2194 0.01229
445.93496 17.23012 0.01228
445.94048 17.22107 0.01179
445.95216 17.24765 0.0125
445.95886 17.21864 0.01237
445.97191 17.19058 0.01234
445.97872 17.2104 0.01222
445.98437 17.22388 0.01218
445.98972 17.21047 0.01263
445.99581 17.22897 0.01221
446.00245 17.22189 0.01231
446.00827 17.20666 0.01238
446.01324 17.22574 0.01278
446.01787 17.23006 0.0141
446.0233 17.20292 0.01923
446.66046 17.25342 0.01627
446.66501 17.28792 0.01663
446.67089 17.26072 0.01522
446.67601 17.23584 0.01465
446.6814 17.22262 0.01606
446.68915 17.22288 0.0138
446.70044 17.26541 0.01459
446.70781 17.24043 0.01378
446.71375 17.22339 0.01371
446.71998 17.24845 0.01404
446.7269 17.23372 0.01336
446.73768 17.20484 0.01374
446.74263 17.2113 0.01285
446.74841 17.21873 0.01297
446.75986 17.24854 0.01248
446.76487 17.22645 0.01283
446.77004 17.23455 0.01251
446.77518 17.2137 0.01242
446.78018 17.2267 0.01254
446.78654 17.22867 0.01219
446.79243 17.24338 0.0124
446.79818 17.2261 0.01287
446.80822 17.22828 0.01307
446.81336 17.22347 0.01213
446.81934 17.19573 0.01258
446.82569 17.21042 0.01265
446.83186 17.21501 0.01272
446.83803 17.23539 0.01285
446.84316 17.21306 0.01246
446.84946 17.23923 0.01263
446.85529 17.20108 0.02061
446.86132 17.22894 0.01455
446.86741 17.0082 0.04219
446.87321 17.2414 0.01267
446.87945 17.22817 0.01253
446.88583 17.23803 0.01233
446.89176 17.21278 0.01215
446.89901 17.21003 0.01328
446.90569 17.21534 0.01276
446.91293 17.2132 0.01249
446.91958 17.23324 0.01238
446.92538 17.22067 0.01248
446.93113 17.2221 0.01231
446.93686 17.22597 0.01272
446.94237 17.22235 0.01293
446.94842 17.22772 0.01269
446.95451 17.2338 0.01275
446.96034 17.21715 0.01233
446.96641 17.23507 0.01238
446.97287 17.21375 0.01272
446.97827 17.21275 0.01305
446.98464 17.23323 0.01274
446.99026 17.21527 0.01224
446.99646 17.2361 0.01249
447.00329 17.22116 0.01274
447.02248 17.21353 0.0172
448.00377 17.22574 0.01188
448.65527 17.24362 0.01693
448.70146 17.21916 0.01557
449.82958 17.21513 0.01301
449.87259 17.21345 0.01298
450.82585 17.19843 0.01297
450.86998 17.20292 0.01269
451.65338 17.25457 0.01618
451.70095 17.25114 0.01399
452.64792 17.27015 0.0152
452.69243 17.24331 0.01408
453.64519 17.25074 0.01703
453.6895 17.20731 0.01444
454.64058 17.24117 0.01798
454.68793 17.2568 0.01887
455.63923 17.22113 0.01924
455.7154 17.21497 0.01597
456.63346 17.22199 0.01987
456.67702 17.26357 0.01686
457.63067 17.26192 0.02085
457.6732 17.296 0.01625
458.66069 17.28603 0.01778
458.7057 17.32734 0.01819
459.63016 17.30519 0.03015
459.69034 17.27669 0.02361
460.63624 17.28215 0.02251
460.72453 17.28632 0.01823
461.62523 17.23619 0.02816
461.67649 17.28427 0.02244
462.76573 17.27527 0.02535
462.80848 17.27593 0.02562
463.63005 17.35716 0.03603
463.71104 17.3144 0.02657
466.61784 17.29322 0.01938
466.61959 17.29618 0.01712
466.62134 17.27747 0.01655
466.6231 17.30356 0.016
466.62486 17.26202 0.01613
466.62661 17.26377 0.0158
466.62943 17.27692 0.01654
466.63143 17.29117 0.01637
466.63348 17.31487 0.01651
466.67604 17.32864 0.02177
467.62749 17.29039 0.01754
468.7394 17.27157 0.02089
468.78277 17.27225 0.02195
469.73472 17.13683 0.0552
469.80235 17.16724 0.04245
470.77885 17.1422 0.0509
470.82246 17.28015 0.02033
471.77466 17.27697 0.01509
471.82993 17.2184 0.02804
472.62548 17.28474 0.01499
472.66936 17.27544 0.01375
473.62096 17.27505 0.02582
477.66775 17.26636 0.01372
477.71276 17.25204 0.01378
478.62384 17.28607 0.01617
478.66775 17.29418 0.01477
479.61565 17.2784 0.01596
479.65968 17.30969 0.01464
480.61506 17.28719 0.01621
480.65805 17.29819 0.0147
481.61182 17.31883 0.01516
481.69382 17.27216 0.01305
483.61039 17.20734 0.01535
483.66512 17.29285 0.01444
484.66377 17.30364 0.01533
484.70695 17.26939 0.0153
485.61939 17.28386 0.01684
485.66329 17.30714 0.01579
486.61418 17.29522 0.01921
486.658 17.38729 0.03055
497.84041 17.21244 0.01966
497.89223 17.25986 0.01915
498.71756 17.25411 0.01551
498.79 17.26977 0.01743
499.59404 17.26541 0.01534
499.63881 17.27202 0.01449
501.66259 17.24538 0.0157
501.75706 17.26666 0.01382
502.72145 17.27671 0.01474
502.82148 17.2715 0.01419
503.77762 17.25993 0.01536
503.8732 17.29901 0.01572
504.82418 17.28094 0.01439
504.91868 17.2984 0.01613
506.68972 17.27535 0.01526
506.73387 17.25641 0.01386
507.81368 17.29264 0.0149
507.89267 17.27221 0.0164
513.658 17.2672 0.01488
513.7418 17.28806 0.01551
514.69377 17.29286 0.01545
514.73749 17.27083 0.0174
515.69951 17.30753 0.01567
515.74236 17.33532 0.01637
516.67238 17.2878 0.01921
516.71654 17.31096 0.01795
517.61497 17.31251 0.01903
517.6584 17.3241 0.0183
518.61481 17.24724 0.01973
518.6578 17.33372 0.02223
527.74242 17.32874 0.01842
530.70615 17.31229 0.01711
530.75072 17.25315 0.01941
531.77418 17.27325 0.01863
531.81743 17.3455 0.02482
532.78408 17.30878 0.01424
532.82836 17.32357 0.01719
535.68432 17.32132 0.01636
537.58157 17.3347 0.02231
537.62557 17.27945 0.01535
538.57995 17.30001 0.01507
538.62381 17.2748 0.01402
539.58012 17.30454 0.01559
539.62283 17.34392 0.01471
540.61811 17.27815 0.0143
540.66215 17.26775 0.0145
541.61644 17.28202 0.01732
541.65945 17.34298 0.02085
544.59603 17.34234 0.01732
544.64191 17.30355 0.01583
545.59598 17.2779 0.02041
545.63939 17.29415 0.01879
558.69892 17.21742 0.03455
558.75663 17.34001 0.01639
559.7264 17.37608 0.02883
561.73304 17.34001 0.01787
561.77682 17.3856 0.02069
567.59621 17.32368 0.01763
575.595 17.3707 0.02496
575.6386 17.34948 0.02364
577.59504 17.34009 0.02726
577.63849 17.32288 0.03083
579.61368 17.29256 0.01941
579.65687 17.36906 0.0222
580.66998 17.38804 0.0218
580.71648 17.36197 0.02702
583.61703 17.33323 0.01489
583.66119 17.36806 0.01829
584.63985 17.34632 0.01483
584.68286 17.32181 0.01765
586.61685 17.35465 0.01541
586.66038 17.44897 0.01615
588.66264 17.35 0.02297
722.89872 17.38876 0.01803
723.91976 17.38725 0.01748
723.9634 17.39219 0.01614
730.87802 17.38846 0.03484
730.92322 17.35261 0.02545
733.86776 17.34888 0.02134
733.91212 17.31509 0.01817
750.83279 17.35917 0.01847
750.87598 17.33625 0.01607
753.86132 17.35336 0.02171
756.88391 17.32753 0.02523
756.93392 17.39679 0.02242
759.84878 17.31882 0.02143
759.89212 17.3565 0.0209
762.79606 17.37978 0.02236
762.8402 17.39723 0.02025
766.7805 17.36283 0.01793
766.83041 17.34972 0.01677
768.77509 17.38978 0.01978
768.82037 17.39978 0.018
769.80074 17.32976 0.01594
769.84468 17.34789 0.0147
770.78189 17.35692 0.01667
770.82573 17.34272 0.01472
771.78074 17.35338 0.01603
771.82449 17.3615 0.01474
774.75968 17.34672 0.01827
774.80363 17.36473 0.01595
775.7599 17.38005 0.0187
775.80332 17.49991 0.04176
779.7464 17.37741 0.01973
779.79086 17.35045 0.01547
780.74948 17.40805 0.02026
780.79415 17.4044 0.01712
782.7508 17.40476 0.0225
782.7956 17.35748 0.01938
783.7573 17.43385 0.02574
783.80103 17.42041 0.02189
784.74207 17.32681 0.02831
789.73736 17.45102 0.03246
789.78039 17.41411 0.02509
790.73125 17.42735 0.02729
790.77463 17.4004 0.02367
791.73123 17.40817 0.02612
791.77527 17.43138 0.02392
793.74743 17.39125 0.02191
793.79097 17.41627 0.02264
794.75972 17.39293 0.0178
794.81629 17.42387 0.01963
809.66644 17.45463 0.02883
809.7101 17.42979 0.02031
811.66044 17.44267 0.02699
811.7042 17.40788 0.02126
812.65876 17.45994 0.0258
812.70198 17.42465 0.02186
813.66257 17.43172 0.02701
813.70671 17.40011 0.02311
818.70874 17.48617 0.04287
820.63925 17.40335 0.02245
820.68324 17.30696 0.03388
821.63464 17.42189 0.01933
822.63132 17.38933 0.02043
822.67415 17.37634 0.01797
823.62908 17.37719 0.02054
823.67275 17.41056 0.01771
824.62608 17.42023 0.02253
824.6697 17.39386 0.01753
838.61464 17.45079 0.02274
838.65944 17.39638 0.02093
842.61856 17.45907 0.02972
842.66208 17.43983 0.02506
843.61073 17.42445 0.03458
843.65444 17.42261 0.02696
844.60924 17.41948 0.03117
844.65374 17.4324 0.02936
849.60547 17.41431 0.02191
849.65079 17.45716 0.02451
850.60468 17.43682 0.01771
850.64918 17.37727 0.01813
851.60318 17.40057 0.01771
851.64641 17.36988 0.01617
852.60416 17.39407 0.01831
852.6481 17.39222 0.01601
853.60163 17.4423 0.01872
853.6463 17.40113 0.0157
854.60164 17.43587 0.01867
854.64607 17.4213 0.01617
866.5884 17.42131 0.01991
866.64679 17.4302 0.01808
867.58757 17.45123 0.02393
867.63053 17.43563 0.02116
868.5865 17.46209 0.02329
868.63002 17.45968 0.01967
880.87841 17.46213 0.02536
880.92255 17.452 0.02682
882.86968 17.43885 0.01998
882.87146 17.44021 0.01963
882.91495 17.48204 0.02278
883.86679 17.44662 0.02009
883.91496 17.44038 0.02895
887.63181 17.46474 0.01765
887.68352 17.46489 0.01807
888.8957 17.41493 0.02956
889.80049 17.45491 0.01606
889.84447 17.4783 0.01683
891.57974 17.45068 0.01988
891.6225 17.44339 0.0175
893.58261 17.4205 0.01901
893.62546 17.48381 0.01886
894.58144 17.46958 0.02723
894.62473 17.51671 0.04005
896.58202 17.47454 0.02266
898.82137 17.52761 0.02776
898.86551 17.48876 0.02534
899.80997 17.59233 0.03647
902.58519 17.53916 0.0352
902.64414 17.4864 0.03482
903.58342 17.50455 0.03199
903.62024 17.48008 0.02943
904.58683 17.53484 0.03261
906.58378 17.50915 0.02556
906.64029 17.455 0.02619
916.59575 17.50321 0.02705
916.64026 17.44019 0.01786
922.6423 17.39708 0.01712
923.59751 17.45543 0.0184
923.64145 17.41183 0.01712
924.60837 17.44878 0.0179
925.59941 17.44267 0.02367
925.67897 17.46304 0.01688
926.58279 17.4706 0.01943
926.62543 17.40978 0.01788
930.58585 17.47583 0.02826
930.62499 17.48125 0.02737
931.58458 17.42934 0.02543
931.62692 17.51355 0.02681
932.62858 17.4713 0.02619
936.60917 17.46959 0.02518
936.65247 17.40363 0.02522
937.58951 17.36057 0.03007
937.63319 17.52162 0.05075
939.64879 17.42961 0.01907
939.6851 17.43813 0.01969
940.59145 17.4076 0.02944
940.64013 17.41234 0.03313
941.59048 17.45016 0.05177
943.69972 17.45337 0.01812
943.74446 17.41582 0.0204
944.64379 17.44498 0.01693
944.67224 17.46734 0.01834
946.63797 17.59167 0.03697
947.59349 17.42636 0.0199
947.63713 17.41296 0.02663
949.64923 17.41338 0.02096
949.6924 17.48814 0.02769
952.60617 17.46496 0.01989
952.64932 17.47327 0.01904
953.59751 17.47453 0.02192
953.64127 17.42593 0.01829
954.59787 17.49924 0.02799
954.64157 17.45158 0.02465
958.61566 17.45974 0.0255
958.67117 17.45649 0.02572
959.64574 17.42208 0.02931
960.60205 17.53267 0.03046
960.64497 17.39177 0.03341
962.61935 17.50462 0.02564
962.69096 17.5732 0.03467
1059.98484 17.48191 0.03274
1060.97134 17.51407 0.0251
1061.96903 17.50646 0.02522
1063.96519 17.54832 0.02884
1065.96588 17.54279 0.02792
1066.96916 17.4564 0.02383
1067.96802 17.47424 0.02254
1068.98301 17.45165 0.03881
1070.97101 17.53547 0.02421
1071.95528 17.48859 0.02307
1075.93073 17.47531 0.02323
1075.96117 17.50794 0.02126
1076.96161 17.48113 0.01958
1077.97941 17.46728 0.03485
1078.92335 17.5528 0.0238
1078.95394 17.46619 0.02253
1079.91957 17.50461 0.02557
1079.94994 17.45767 0.01862
1079.97946 17.43066 0.03221
1081.9528 17.55943 0.03733
1084.95914 17.53741 0.0267
1085.9055 17.52901 0.04155
1085.9361 17.50874 0.03323
1085.9661 17.46289 0.02911
1086.90079 17.54318 0.0292
1086.9317 17.45603 0.02472
1086.96186 17.48322 0.02366
1087.95118 17.44161 0.02317
1088.93216 17.44327 0.02224
1088.96298 17.48296 0.02044
1089.90743 17.49055 0.02294
1089.9375 17.5099 0.02204
1090.89626 17.47852 0.02719
1091.93224 17.46353 0.01988
1091.96189 17.45376 0.01967
1092.88532 17.46496 0.02015
1092.91513 17.48669 0.0198
1092.94551 17.4582 0.01846
1093.88544 17.51588 0.02378
1093.91605 17.51001 0.02111
1093.95942 17.45417 0.01818
1094.8793 17.48752 0.02335
1094.90895 17.35003 0.02134
1094.93794 17.48327 0.01886
1095.89413 17.51096 0.02256
1095.92394 17.47794 0.02172
1095.95378 17.48 0.01947
1096.8846 17.46113 0.02071
1096.91464 17.44575 0.01927
1096.94475 17.45952 0.01839
1097.90204 17.43883 0.01852
1099.86796 17.45529 0.01793
1099.8979 17.44818 0.01658
1099.92867 17.43566 0.0158
1100.87134 17.49433 0.02116
1100.9014 17.44328 0.01921
1100.93113 17.43024 0.01765
1101.86099 17.45522 0.02314
1101.89166 17.45956 0.02061
1101.92164 17.49025 0.0184
1102.85884 17.46155 0.0203
1102.88948 17.4407 0.01785
1102.91975 17.42837 0.01733
1103.85688 17.43923 0.02348
1103.89198 17.39596 0.02008
1103.92203 17.44103 0.01855
1104.86298 17.41686 0.0203
1104.89266 17.46389 0.01888
1104.92258 17.44067 0.01749
1105.87772 17.43452 0.01805
1105.90846 17.44182 0.01723
1105.93782 17.48389 0.01779
1106.84826 17.44426 0.01847
1106.87859 17.42732 0.01763
1106.90907 17.43904 0.01655
1107.84497 17.47691 0.02772
1107.87579 17.46349 0.0186
1107.90655 17.43642 0.01725
1108.86703 17.48505 0.02987
1108.89669 17.41291 0.01934
1108.92686 17.45364 0.01723
1109.93363 17.44834 0.02032
1110.86774 17.50049 0.03153
1110.89782 17.46279 0.02615
1110.92786 17.4345 0.02378
1111.86949 17.37715 0.03371
1111.91431 17.44297 0.02854
1111.94457 17.49824 0.0274
1112.91217 17.54735 0.04582
1113.8878 17.44947 0.02961
1113.93235 17.43687 0.02556
1113.96218 17.43033 0.02519
1114.87108 17.45667 0.02736
1114.92357 17.4401 0.02381
1114.95378 17.52133 0.02379
1115.85803 17.46264 0.03006
1115.88797 17.46703 0.02379
1115.9179 17.46928 0.02324
1116.90131 17.45671 0.02272
1116.93261 17.43556 0.02098
1116.96078 17.40005 0.02116
1117.86349 17.45961 0.02518
1117.89333 17.45804 0.02329
1117.92405 17.45214 0.02149
1118.82762 17.51613 0.03036
1118.85812 17.44043 0.02464
1118.8884 17.40414 0.0221
1119.81535 17.48513 0.02913
1120.95573 17.3789 0.03407
1122.80682 17.40667 0.03135
1123.80269 17.33794 0.01939
1123.8333 17.38342 0.01836
1123.86323 17.43413 0.01597
1124.8239 17.38901 0.01996
1124.85579 17.4137 0.02039
1124.90647 17.43369 0.01811
1125.83541 17.40275 0.0174
1125.8655 17.38295 0.0165
1125.89611 17.41231 0.01581
1126.79674 17.41491 0.02174
1126.85662 17.40535 0.03086
1127.84219 17.36327 0.0249
1127.87262 17.37672 0.01784
1128.79045 17.44205 0.02518
1128.8202 17.42031 0.01745
1128.8509 17.41302 0.01587
1129.81763 17.37088 0.01811
1129.84839 17.41179 0.01776
1130.78415 17.44184 0.02214
1130.81619 17.39166 0.02023
1130.84603 17.36061 0.02397
1131.81956 17.37926 0.01961
1131.84966 17.38661 0.01706
1131.87991 17.40614 0.01664
1132.81342 17.40535 0.01759
1132.85526 17.40098 0.01691
1133.77702 17.39811 0.01869
1133.80732 17.41125 0.01673
1133.83817 17.40553 0.01641
1135.77548 17.40107 0.01994
1135.80558 17.3912 0.01684
1135.8357 17.39999 0.01327
1136.78168 17.45244 0.02053
1136.81139 17.43152 0.0187
1136.84105 17.42178 0.01752
1137.77719 17.38717 0.021
1137.8165 17.43843 0.04051
1137.84943 17.35932 0.02713
1138.76386 17.4356 0.04932
1138.79423 17.31333 0.03383
1143.75013 17.38632 0.03034
1143.77946 17.41926 0.02816
1143.81202 17.40586 0.02509
1144.79078 17.38778 0.02297
1144.82138 17.40123 0.02105
1145.74531 17.42634 0.03831
1145.77477 17.47338 0.03276
1145.80436 17.40576 0.02628
1146.77217 17.37983 0.02549
1146.83591 17.33697 0.0214
1147.75046 17.40477 0.02063
1147.78019 17.36459 0.02249
1147.81614 17.38997 0.0197
1148.73743 17.39523 0.01845
1148.76798 17.42645 0.01668
1148.79928 17.38225 0.01984
1151.84315 17.333 0.01324
1151.87618 17.36095 0.01302
1151.91621 17.34438 0.01304
1164.86055 17.35186 0.0126
1164.89061 17.34047 0.01261
1164.92052 17.35369 0.01262
1165.82275 17.35292 0.01399
1165.85221 17.34788 0.01246
1165.88255 17.33118 0.01234
1166.78411 17.37648 0.01601
1166.82415 17.36074 0.01492
1166.85436 17.35041 0.01405
1167.76082 17.38656 0.01854
1167.79008 17.34904 0.01758
1167.82893 17.33757 0.01615
1168.73084 17.38826 0.022
1168.76135 17.35916 0.01984
1168.79094 17.3501 0.01958
1169.70528 17.36843 0.03039
1169.73488 17.359 0.02789
1169.78208 17.35857 0.02628
1170.70609 17.41685 0.03403
1170.73648 17.37566 0.02846
1170.76821 17.36483 0.02647
1176.66101 17.36632 0.0253
1176.74473 17.36059 0.01921
1176.77537 17.35727 0.01876
1177.67775 17.34502 0.01533
1177.71467 17.34797 0.01424
1177.7448 17.34647 0.01437
1178.65701 17.37346 0.01891
1178.7245 17.38152 0.02485
1178.75548 17.34658 0.01409
1189.71737 17.35214 0.01628
1189.74707 17.35653 0.01554
1194.65274 17.33268 0.0201
1194.68156 17.34772 0.01854
1194.73072 17.35571 0.01581
1195.63238 17.38881 0.02179
1195.68489 17.37663 0.01984
1195.74387 17.36957 0.01816
1196.64868 17.3512 0.01931
1196.67925 17.33415 0.02121
1196.70945 17.36381 0.01991
1197.62224 17.34627 0.02849
1197.65122 17.46016 0.02967
1197.68048 17.3782 0.02358
1198.63271 17.38486 0.02932
1198.66294 17.40742 0.02921
1198.69225 17.34303 0.02557
1202.61563 17.50383 0.03461
1202.64754 17.4056 0.03195
1202.70169 17.42715 0.02616
1207.71676 17.38825 0.03414
1207.74712 17.4122 0.05226
1207.82773 17.33844 0.03923
1224.66207 17.40948 0.01979
1224.69182 17.39318 0.02167
1225.74851 17.39226 0.01958
1226.75858 17.42249 0.03212
1226.79663 17.40149 0.03267
1227.72154 17.41428 0.02403
1227.75148 17.42018 0.02491
1228.67316 17.4166 0.02303
1229.68338 17.40914 0.02707
1230.64599 17.41772 0.02734
1231.86041 17.44628 0.02646
1233.75399 17.34687 0.02064
1234.68453 17.39341 0.01725
1234.71313 17.37708 0.01761
1235.61461 17.3765 0.01737
1235.64419 17.37627 0.01477
1236.58514 17.38446 0.02035
1236.61561 17.36389 0.01608
1237.58477 17.37817 0.01846
1237.61509 17.38841 0.01548
1238.58334 17.40281 0.01899
1238.61531 17.38599 0.01536
1239.58294 17.37247 0.01778
1239.61141 17.40931 0.0152
1251.83071 17.40645 0.01536
1251.86073 17.37553 0.01594
1252.60631 17.36204 0.0167
1252.62487 17.38285 0.01635
1252.64555 17.37729 0.01649
1252.66096 17.3672 0.01626
1252.69879 17.40504 0.01669
1252.71706 17.38327 0.01679
1252.73499 17.4004 0.01576
1252.76856 17.42253 0.01693
1252.78929 17.42626 0.01963
1252.80517 17.42167 0.01815
1252.83831 17.41524 0.01611
1253.60335 17.39988 0.0178
1253.62054 17.39739 0.01844
1253.6539 17.41668 0.0188
1253.6721 17.39883 0.01852
1253.70902 17.37189 0.01952
1253.7307 17.39338 0.01902
1253.75003 17.36723 0.02227
1253.76637 17.44532 0.02081
1253.78832 17.46571 0.02002
1253.8078 17.4146 0.0199
1253.82956 17.46715 0.01926
1253.85372 17.4465 0.01942
1254.77889 17.39668 0.02094
1255.68248 17.45836 0.02275
1255.7252 17.46731 0.02314
1256.62657 17.465 0.02167
1256.6557 17.38502 0.02282
1259.59443 17.3827 0.02534
1259.62495 17.43275 0.02598
1265.629 17.42181 0.01657
1265.6592 17.38097 0.01805
1266.58222 17.42819 0.02421
1266.6126 17.5186 0.04279
1267.58751 17.41653 0.01595
1267.61751 17.41022 0.01624
1268.59364 17.40889 0.0143
1268.62314 17.41966 0.01417
1269.58319 17.41623 0.01579
1269.58435 17.42211 0.01443
1269.58546 17.44047 0.01504
1269.58657 17.389 0.01551
1269.58771 17.41357 0.01507
1269.58893 17.41812 0.01518
1269.59006 17.42042 0.01492
1269.59133 17.41981 0.01475
1269.59245 17.4164 0.01485
1269.59364 17.41085 0.01444
1269.59478 17.43094 0.01528
1269.596 17.40743 0.01422
1269.59713 17.42794 0.01484
1269.59843 17.42 0.01423
1269.59956 17.4224 0.01486
1269.60977 17.39787 0.01526
1269.61093 17.41763 0.01459
1269.6121 17.39709 0.0146
1269.61321 17.41049 0.01474
1269.61434 17.41002 0.01473
1269.61547 17.43015 0.01489
1269.61659 17.40194 0.01487
1269.61773 17.42647 0.01458
1269.61884 17.41292 0.01487
1269.61995 17.41931 0.01445
1269.62115 17.38986 0.01419
1269.6223 17.41242 0.01458
1269.62343 17.41957 0.01446
1269.62457 17.40994 0.01448
1269.62569 17.42526 0.01432
1269.62688 17.42138 0.01433
1269.628 17.4252 0.0147
1269.6375 17.38947 0.01492
1269.63881 17.42815 0.01496
1269.64001 17.41051 0.01454
1269.64114 17.3964 0.01414
1269.64226 17.43065 0.01443
1269.64337 17.40962 0.01416
1269.6445 17.42474 0.01426
1269.64562 17.42071 0.01434
1269.64675 17.43038 0.01439
1269.64789 17.41907 0.01461
1269.64905 17.41571 0.01422
1269.65017 17.41926 0.01426
1269.65129 17.39786 0.01475
1269.65247 17.41186 0.01462
1269.65359 17.41722 0.01464
1269.65473 17.43205 0.01448
1269.65585 17.44362 0.01484
1269.65698 17.40675 0.0142
1269.65819 17.41291 0.01437
1269.65932 17.39628 0.01446
1269.66055 17.4093 0.01443
1269.66167 17.42004 0.01433
1269.66279 17.40998 0.01413
1269.66393 17.39309 0.01402
1269.66595 17.41943 0.01431
1269.66717 17.41591 0.01415
1269.66829 17.4197 0.01431
1269.66952 17.40726 0.0144
1269.67064 17.40814 0.01418
1269.67184 17.38946 0.01413
1269.673 17.42752 0.01407
1269.67412 17.43937 0.01425
1269.67533 17.40738 0.01405
1269.67646 17.41381 0.014
1269.6776 17.42168 0.01406
1269.67883 17.42979 0.014
1269.67997 17.42669 0.01423
1269.6812 17.40897 0.01401
1269.68232 17.42274 0.01395
1269.68343 17.40397 0.01381
1269.68473 17.42275 0.01411
1269.68592 17.40571 0.01432
1269.68705 17.39668 0.0141
1269.68816 17.41224 0.01384
1269.68929 17.40443 0.01437
1269.69041 17.43849 0.01404
1269.69157 17.41909 0.01441
1269.69269 17.39764 0.01424
1269.69383 17.40101 0.01449
1269.69496 17.43013 0.01439
1269.69608 17.41041 0.01423
1269.69898 17.41237 0.01386
1269.70011 17.43332 0.0143
1269.70126 17.41709 0.0142
1269.70241 17.44033 0.01432
1269.70357 17.39536 0.01422
1269.70468 17.4271 0.01397
1269.70581 17.42134 0.0143
1269.70705 17.39856 0.01444
1269.70816 17.43629 0.01432
1269.70937 17.443 0.01433
1269.7105 17.40407 0.01381
1269.71167 17.41726 0.01416
1269.7128 17.40328 0.01462
1269.71403 17.43133 0.01418
1269.71516 17.39797 0.01394
1269.7163 17.44357 0.01413
1269.72641 17.39088 0.01487
1269.72763 17.44106 0.01398
1269.72875 17.40337 0.014
1269.72987 17.42096 0.01431
1269.731 17.42507 0.01413
1269.73213 17.39122 0.01405
1269.73326 17.42203 0.01435
1269.73438 17.45924 0.01401
1269.73557 17.4182 0.01407
1269.73682 17.42352 0.01449
1269.73796 17.43549 0.01424
1269.73911 17.40158 0.01415
1269.74036 17.43891 0.01435
1269.74147 17.40915 0.01408
1269.74272 17.39575 0.01388
1269.74391 17.41208 0.01422
1269.74502 17.43328 0.01424
1269.7462 17.41335 0.01448
1269.74734 17.43709 0.01416
1269.74846 17.43174 0.01434
1269.74961 17.427 0.01441
1269.75074 17.43032 0.01434
1269.75201 17.42382 0.01441
1269.75316 17.38684 0.01427
1269.75429 17.41427 0.01444
1269.75553 17.40949 0.01461
1269.75665 17.4196 0.01403
1269.75779 17.41151 0.01492
1269.75895 17.45066 0.01482
1269.76008 17.40696 0.01487
1269.76123 17.39929 0.01464
1269.76235 17.41814 0.01471
1269.76348 17.43405 0.01457
1269.76459 17.41689 0.01468
1269.76573 17.40659 0.01489
1269.78036 17.41053 0.01552
1269.78151 17.44903 0.01518
1269.78271 17.43146 0.01511
1269.78391 17.38327 0.01455
1269.78511 17.41614 0.01475
1269.78751 17.4308 0.01419
1269.78876 17.42172 0.01492
1269.78989 17.43385 0.01528
1269.79108 17.427 0.01478
1269.79227 17.49157 0.01534
1269.79356 17.45179 0.01539
1269.79478 17.50463 0.01567
1269.7959 17.54112 0.01637
1269.79701 17.47044 0.01544
1269.79816 17.48314 0.01627
1269.79928 17.43448 0.01507
1269.80041 17.41081 0.01442
1269.80156 17.43583 0.01437
1269.80276 17.40234 0.01433
1269.80404 17.38858 0.0146
1269.80517 17.4081 0.0148
1269.80638 17.41903 0.01519
1269.80752 17.43966 0.01455
1269.80866 17.40011 0.01535
1270.57931 17.42796 0.01559
1270.58058 17.41752 0.01445
1270.58188 17.41437 0.01522
1270.58305 17.39737 0.01454
1270.58429 17.4182 0.01489
1270.58556 17.38511 0.01445
1270.58671 17.40079 0.01485
1270.58798 17.43192 0.01457
1270.58926 17.41074 0.01413
1270.59051 17.40506 0.0139
1270.59176 17.44402 0.01431
1270.59301 17.43715 0.01441
1270.59588 17.41744 0.01414
1270.59719 17.42913 0.014
1270.59846 17.42582 0.0142
1270.59973 17.41786 0.01422
1270.60101 17.41704 0.01464
1270.60229 17.42532 0.01423
1270.60361 17.43878 0.0138
1270.60484 17.42944 0.01397
1270.60617 17.3909 0.01446
1270.60733 17.42793 0.01424
1270.60868 17.41426 0.01432
1270.60993 17.41128 0.01393
1270.61121 17.42983 0.01411
1270.61244 17.4409 0.01415
1270.61368 17.42121 0.01419
1270.61481 17.42711 0.01421
1270.61593 17.42486 0.01445
1270.61713 17.41894 0.01433
1270.61835 17.41677 0.01428
1270.61963 17.44379 0.01413
1270.62082 17.43506 0.01413
1270.62212 17.40703 0.01442
1270.62324 17.41717 0.0139
1270.62438 17.40443 0.01414
1270.6255 17.43512 0.01421
1270.62668 17.41375 0.01438
1270.62781 17.40587 0.01424
1270.62895 17.42541 0.01434
1270.63017 17.45055 0.01386
1270.6313 17.40754 0.01429
1270.63259 17.40449 0.01433
1270.63372 17.40243 0.0146
1270.63484 17.43621 0.01418
1270.64581 17.38699 0.01448
1270.64713 17.42396 0.01419
1270.64825 17.42741 0.01397
1270.6495 17.4348 0.01386
1270.65082 17.44012 0.01406
1270.65222 17.42264 0.01426
1270.65336 17.42602 0.01408
1270.6545 17.43124 0.01422
1270.65562 17.41313 0.01434
1270.65697 17.40261 0.01388
1270.65832 17.36445 0.01405
1270.65959 17.42699 0.01446
1270.66092 17.40376 0.01413
1270.66217 17.40471 0.0141
1270.66351 17.42554 0.01407
1270.66477 17.43756 0.01433
1270.67891 17.40663 0.01399
1270.68008 17.41899 0.01432
1270.68122 17.43501 0.01386
1270.68243 17.45366 0.01397
1270.68382 17.40746 0.01412
1270.68508 17.42926 0.01418
1270.68653 17.41788 0.0143
1270.68784 17.41243 0.01434
1270.68912 17.40141 0.01423
1270.69114 17.41678 0.01371
1270.69232 17.43244 0.01407
1270.69365 17.42157 0.01391
1270.6948 17.42969 0.01377
1270.69617 17.42691 0.01412
1270.69746 17.42996 0.0141
1270.6986 17.40897 0.01397
1270.6999 17.41453 0.01399
1270.70121 17.42139 0.01369
1270.70235 17.40235 0.01411
1270.70349 17.42196 0.01403
1270.70482 17.42478 0.01382
1270.70613 17.40954 0.01385
1270.70726 17.42098 0.01414
1270.7086 17.4418 0.01403
1270.70972 17.43087 0.01405
1270.71103 17.40578 0.01438
1270.71235 17.41318 0.0141
1270.71347 17.43369 0.0144
1270.71481 17.41137 0.01385
1270.71608 17.41556 0.01415
1270.71722 17.40347 0.01383
1270.71853 17.404 0.0141
1270.71967 17.44063 0.01422
1270.72098 17.41 0.01425
1270.72302 17.43763 0.01436
1270.72439 17.43588 0.01445
1270.72553 17.40297 0.01398
1270.72665 17.40641 0.01386
1270.72793 17.42277 0.01417
1270.72927 17.4348 0.01398
1270.73043 17.4243 0.01394
1270.73161 17.43605 0.01409
1270.73292 17.40046 0.01443
1270.73506 17.41393 0.0141
1270.73622 17.42724 0.0142
1270.73753 17.42959 0.01454
1270.73887 17.42518 0.01395
1270.74001 17.44131 0.01427
1270.74126 17.41239 0.01394
1270.7424 17.42464 0.01366
1270.74369 17.42452 0.01379
1270.74498 17.41654 0.01415
1270.74609 17.39351 0.0144
1270.74744 17.40901 0.01428
1270.7486 17.41399 0.01433
1270.74995 17.40825 0.01425
1270.75121 17.41574 0.01434
1270.75241 17.43135 0.01428
1270.75372 17.41507 0.0143
1270.75502 17.41794 0.01416
1270.75706 17.43955 0.01429
1270.75826 17.4142 0.01442
1270.75948 17.42352 0.01449
1270.76078 17.41717 0.01457
1270.76208 17.41886 0.01439
1270.77223 17.42244 0.01544
1270.77464 17.43677 0.01471
1270.77775 17.42574 0.01543
1270.77887 17.4235 0.01463
1270.78012 17.42447 0.01505
1270.78147 17.41309 0.01464
1270.78273 17.42278 0.01467
1270.784 17.43173 0.0151
1270.78526 17.42866 0.01496
1270.78661 17.4389 0.01506
1270.78776 17.46545 0.01531
1270.7891 17.44294 0.01519
1270.79021 17.44692 0.01527
1270.79151 17.44933 0.01513
1270.7928 17.49014 0.01523
1270.79391 17.42774 0.01499
1270.79508 17.5002 0.01615
1270.79619 17.41076 0.01494
1270.7975 17.45373 0.01547
1270.79862 17.43768 0.01517
1270.79991 17.41878 0.01426
1270.80111 17.41121 0.01455
1270.80249 17.42118 0.01532
1270.80509 17.3966 0.01486
1270.80715 17.425 0.01483
1270.80837 17.42426 0.01504
1270.80963 17.42122 0.01558
1271.71236 17.43774 0.01691
1272.64495 17.43502 0.01639
1273.60993 17.39359 0.0159
1273.63946 17.41779 0.01662
1281.58737 17.41181 0.02209
1282.58095 17.43406 0.01922
1282.61036 17.42068 0.01938
1282.62819 17.41724 0.01818
1297.58897 17.42853 0.01612
1297.59019 17.47545 0.01554
1297.5937 17.41633 0.01549
1297.59722 17.41217 0.01538
1297.59904 17.43244 0.01516
1297.60164 17.41821 0.01547
1297.60284 17.40704 0.01556
1297.6053 17.4208 0.01502
1297.61734 17.43753 0.01542
1297.61965 17.4217 0.01497
1297.62198 17.42984 0.01533
1297.62474 17.43986 0.01453
1297.62597 17.43477 0.01522
1297.62818 17.40885 0.01558
1297.63051 17.45013 0.01543
1297.63246 17.42358 0.01534
1297.6337 17.42061 0.0156
1297.63597 17.41627 0.01594
1297.63722 17.43501 0.01536
1297.63944 17.43516 0.01558
1297.64162 17.41733 0.01591
1297.64281 17.40165 0.01576
1297.64393 17.40472 0.01526
1297.64612 17.41499 0.01547
1297.64742 17.43635 0.01584
1297.64964 17.44267 0.01525
1297.65084 17.44804 0.01508
1297.65434 17.43989 0.01588
1297.65811 17.45076 0.01543
1297.65988 17.42068 0.01571
1297.66121 17.4227 0.0156
1297.66483 17.46283 0.01604
1297.66714 17.43815 0.01549
1297.67315 17.41954 0.01575
1297.67547 17.42935 0.01602
1297.67675 17.41392 0.01574
1297.67954 17.45317 0.0157
1297.68076 17.41079 0.01564
1297.6819 17.41229 0.01527
1297.68325 17.43705 0.01555
1297.68541 17.42122 0.01582
1297.68786 17.44974 0.01563
1297.69171 17.44478 0.01549
1297.69635 17.45982 0.01534
1297.69767 17.46529 0.01523
1297.70113 17.42092 0.01577
1297.70743 17.43178 0.01618
1297.71084 17.4212 0.01604
1297.71401 17.40673 0.01612
1297.71668 17.44056 0.0165
1297.7179 17.40002 0.01637
1297.72049 17.40901 0.01637
1297.72327 17.41746 0.0161
1297.72448 17.43668 0.0162
1297.72584 17.42252 0.01646
1297.72772 17.36937 0.0171
1297.72894 17.40689 0.01689
1297.74317 17.42352 0.01755
1297.74683 17.39777 0.01741
1297.74996 17.31579 0.01594
1297.75123 17.35246 0.01594
1297.75493 17.27318 0.01588
1297.75709 17.2718 0.01596
1297.7583 17.31935 0.01639
1297.76047 17.2473 0.01573
1297.76167 17.27023 0.0161
1297.76388 17.21887 0.01564
1297.76506 17.19105 0.01528
1297.77069 17.19086 0.01556
1297.77383 17.24943 0.01604
1297.79199 17.4429 0.01926
1297.79318 17.46507 0.01861
1297.79645 17.51302 0.01888
1297.79838 17.582 0.01962
1297.79953 17.55821 0.02025
1297.80077 17.51974 0.01996
1297.80192 17.60014 0.02062
1297.80312 17.59722 0.02041
1297.80437 17.64223 0.02119
1297.80564 17.66212 0.02111
1298.58895 17.45635 0.02171
1298.59013 17.43527 0.02206
1298.59235 17.45953 0.02877
1298.59354 17.45082 0.02716
1298.59724 17.42105 0.02676
1298.59842 17.44431 0.02651
1298.60089 17.50362 0.02895
1298.6021 17.49762 0.02731
1298.60332 17.46255 0.02552
1298.60466 17.42232 0.02881
1298.60701 17.41856 0.02584
1298.60823 17.50134 0.02886
1298.61034 17.40306 0.02605
1298.61272 17.4667 0.02585
1298.61595 17.42862 0.02007
1298.61811 17.45756 0.01891
1298.62047 17.39927 0.01944
1298.62171 17.41304 0.02293
1298.62426 17.42278 0.01928
1298.62643 17.41864 0.02147
1298.62762 17.46554 0.02529
1298.63098 17.40635 0.02203
1298.63219 17.44489 0.01937
1298.63473 17.44088 0.02033
1298.63687 17.45748 0.02067
1298.63807 17.43942 0.02238
1298.63935 17.48534 0.02292
1298.64364 17.43968 0.01833
1298.64578 17.43033 0.01925
1298.64695 17.41423 0.02146
1298.6481 17.43321 0.01959
1298.65082 17.46946 0.02082
1298.65294 17.4268 0.0192
1298.65509 17.44087 0.01732
1298.65745 17.43913 0.02495
1298.65865 17.44663 0.01784
1298.66081 17.43512 0.01744
1298.66198 17.41919 0.01744
1298.66411 17.4284 0.01838
1298.66639 17.42258 0.01789
1298.6699 17.40877 0.01666
1298.68256 17.4291 0.01858
1298.68492 17.42113 0.021
1298.68729 17.40388 0.02794
1298.68852 17.48125 0.03018
1298.6908 17.5539 0.04268
1301.59099 17.42446 0.01626
1302.5927 17.39759 0.04005
1302.62153 17.42866 0.0231
1305.59416 17.42549 0.01558
1305.62276 17.43815 0.01576
1307.60089 17.45074 0.02464
1307.63151 17.44164 0.01853
1308.60019 17.38598 0.01858
1308.63015 17.43402 0.02167
1310.60466 17.43757 0.01958
1310.63503 17.42317 0.01895
1311.59823 17.41685 0.01904
1311.62777 17.42268 0.02071
1312.59699 17.45569 0.02862
1312.63396 17.34772 0.02724
1313.60478 17.42107 0.02024
1313.63593 17.41986 0.02014
1314.61498 17.43974 0.02114
1314.64504 17.42152 0.02456
1322.60046 17.41133 0.02152
1322.63022 17.4083 0.01935
1323.59943 17.43229 0.01721
1323.60059 17.41612 0.01622
1323.60172 17.39927 0.01545
1323.60284 17.42674 0.01573
1323.60396 17.4282 0.01553
1323.60508 17.42317 0.01574
1323.60621 17.41333 0.01531
1323.60734 17.40069 0.01524
1323.60846 17.43382 0.01543
1323.60959 17.42751 0.01541
1323.61071 17.42667 0.01521
1323.61183 17.43596 0.01558
1323.61297 17.41502 0.01559
1323.61409 17.41739 0.01574
1323.61521 17.43364 0.01552
1323.61635 17.4028 0.01516
1323.61747 17.41343 0.01533
1323.61859 17.42091 0.01539
1323.61971 17.35505 0.01557
1323.62085 17.43623 0.01572
1323.62197 17.40936 0.01528
1323.62309 17.43267 0.01569
1323.62423 17.40547 0.01552
1323.62535 17.41733 0.01546
1323.62647 17.41827 0.01549
1323.62759 17.39979 0.01535
1323.62872 17.40401 0.01568
1323.62985 17.35864 0.01487
1323.63097 17.43181 0.01556
1323.6321 17.40754 0.01565
1323.63322 17.42699 0.01521
1323.63435 17.3888 0.01572
1323.63549 17.43533 0.0161
1323.63661 17.38357 0.0154
1323.63773 17.42739 0.01538
1323.63887 17.40278 0.01538
1323.63999 17.42611 0.01514
1323.64112 17.39965 0.01533
1323.64225 17.43751 0.01533
1323.64338 17.40955 0.01555
1323.6445 17.37422 0.01541
1323.64563 17.40033 0.01614
1323.64676 17.38869 0.01531
1323.64789 17.40107 0.01552
1323.64902 17.41632 0.01644
1323.65014 17.41024 0.01599
1323.65127 17.42559 0.0158
1323.6524 17.40944 0.01592
1323.65352 17.40271 0.01562
1323.65465 17.41823 0.0155
1323.65577 17.40527 0.01627
1323.65691 17.39749 0.01619
1323.65803 17.38793 0.01621
1323.65917 17.40155 0.01591
1323.66029 17.41653 0.01656
1323.66142 17.38005 0.01696
1323.66255 17.42062 0.01642
1323.66367 17.41357 0.01648
1323.6648 17.41294 0.01649
1323.66594 17.4337 0.01645
1323.66706 17.39078 0.01701
1323.66819 17.37544 0.01871
1323.66932 17.42134 0.01802
1323.67045 17.3994 0.01859
1323.67158 17.42423 0.0175
1323.67271 17.36629 0.01725
1323.67384 17.40236 0.01708
1323.67496 17.44798 0.01821
1323.67613 17.44529 0.01789
1323.67725 17.43445 0.01845
1323.67838 17.42114 0.01796
1323.67951 17.43786 0.01745
1323.68065 17.38942 0.01809
1323.68177 17.42146 0.0181
1323.6829 17.36486 0.01783
1323.68402 17.44605 0.01859
1323.68516 17.30363 0.01837
1323.68628 17.47068 0.01973
1323.68742 17.40662 0.01879
1323.68855 17.23666 0.01689
1323.68967 17.44902 0.01961
1323.69081 17.31416 0.01775
1323.69194 17.26524 0.01798
1323.69306 17.44096 0.02046
1323.6942 17.30556 0.01976
1323.69532 17.54776 0.02238
1323.69644 17.36748 0.01954
1323.69758 17.34142 0.01979
1323.6987 17.486 0.02244
1323.69982 17.40507 0.02109
1323.70094 17.42006 0.02253
1323.70208 17.32589 0.02009
1323.7032 17.37536 0.021
1323.70434 17.41969 0.02169
1323.70546 17.38386 0.02182
1323.70659 17.33907 0.02098
1323.70772 17.44039 0.0238
1323.70887 17.38943 0.02422
1323.71001 17.51202 0.02666
1323.71114 17.45716 0.02492
1323.71226 17.43168 0.02379
1323.7134 17.4755 0.02542
1323.71453 17.3922 0.02581
1323.71565 17.44955 0.02517
1323.71679 17.49575 0.02858
1323.71791 17.54501 0.02943
1323.71905 17.53791 0.02879
1323.72017 17.42995 0.02694
1323.72242 17.55126 0.0294
1323.72356 17.41772 0.02841
1323.72468 17.57938 0.03292
1323.72582 17.53974 0.03064
1323.72695 17.65145 0.03321
1323.72808 17.46632 0.0299
1323.72921 17.60157 0.03209
1323.73034 17.58151 0.03284
1323.73146 17.62582 0.03618
1323.73259 17.72126 0.03389
1328.60109 17.3874 0.018
1329.6158 17.45767 0.02376
1330.60568 17.41204 0.0164
1330.63442 17.38749 0.01761
1336.60557 17.40393 0.01925
1336.6347 17.4029 0.02028
1337.61678 17.37148 0.01732
1339.61462 17.43551 0.0266
1339.64973 17.43911 0.0301
1340.62168 17.43441 0.01929
1340.65261 17.38746 0.02067
1341.63432 17.41773 0.02127
1342.61542 17.41942 0.02347
1431.98143 17.56064 0.02999
1432.97832 17.52722 0.02406
1440.95678 17.35864 0.02989
1442.95121 17.31199 0.02024
1443.94843 17.31414 0.01866
1444.94545 17.35219 0.02396
1444.97977 17.26621 0.03345
1447.97245 17.32962 0.01843
1448.97043 17.34179 0.01677
1449.9322 17.33372 0.01496
1449.96744 17.32798 0.01529
1450.93056 17.37455 0.01497
1450.96471 17.37268 0.01714
1451.96268 17.34761 0.01577
1452.95905 17.33754 0.01419
1453.95718 17.34277 0.0172
1454.9531 17.31471 0.0144
1456.94859 17.34549 0.01425
1498.802 17.29518 0.02735
1502.79167 17.35573 0.02003
1502.82864 17.32173 0.02001
1503.82769 17.49428 0.015
1504.86992 17.33436 0.01507
1504.90811 17.3271 0.01504
1505.81768 17.27037 0.01573
1505.9509 17.31451 0.01447
1505.98842 17.34163 0.01806
1506.89349 17.35207 0.01756
1507.80198 17.30289 0.01541
1507.84712 17.31806 0.01412
1507.99891 17.32463 0.01463
1508.90167 17.31246 0.01334
1509.79634 17.32456 0.01399
1509.83877 17.29962 0.01343
1510.8262 17.31553 0.01342
1511.84089 17.31921 0.01363
1512.78788 17.34369 0.01526
1512.82519 17.31886 0.0144
1513.78624 17.44997 0.01541
1513.82352 17.32289 0.01318
1514.7834 17.50778 0.0172
1514.82081 17.33977 0.0137
1515.78106 17.29894 0.01421
1515.82231 17.33243 0.01365
1516.77774 17.38132 0.01482
1516.81437 17.32148 0.01311
1517.77605 17.33804 0.01538
1517.81715 17.32329 0.0136
1517.97309 17.32662 0.01382
1518.87478 17.31961 0.01303
1518.96686 17.34271 0.01343
1519.00311 17.32639 0.01391
1519.90443 17.32262 0.01284
1519.96504 17.34659 0.01277
1520.00171 17.34329 0.01319
1520.90327 17.31093 0.01298
1520.95521 17.30995 0.01383
1520.99262 17.33356 0.01323
1521.89446 17.33561 0.01375
1521.95772 17.33923 0.01349
1521.99393 17.33391 0.01373
1527.72557 17.39385 0.04477
1527.76434 17.50017 0.03789
1532.85928 17.34823 0.01456
1532.89645 17.33423 0.01446
1533.79895 17.35039 0.01412
1533.93493 17.33019 0.01455
1533.97228 17.33683 0.01494
1537.84525 17.357 0.01333
1537.9874 17.35125 0.01348
1539.69386 17.50327 0.01574
1539.88447 17.35349 0.01321
1539.9215 17.33016 0.01322
1540.97669 17.34917 0.01454
1541.6883 17.46585 0.01665
1541.83165 17.52445 0.05829
1542.96698 17.34323 0.01444
1543.00294 17.32273 0.01503
1543.97085 17.34811 0.01395
1544.00787 17.50487 0.01915
1546.75907 17.50376 0.01676
1546.94639 17.33958 0.01354
1547.84788 17.32735 0.01372
1548.0057 17.36181 0.01458
1548.66959 17.57215 0.02002
1548.70582 17.31746 0.017
1548.74172 17.39115 0.01731
1549.66591 17.37724 0.02004
1549.70273 17.36033 0.01718
1550.66388 17.46163 0.02453
1550.6994 17.29644 0.02049
1550.73216 17.36906 0.0188
1551.66063 17.38715 0.02569
1551.72202 17.44003 0.02535
1551.75862 17.38511 0.0194
1552.71291 17.53098 0.02701
1552.74635 17.41925 0.02192
1561.92356 17.41895 0.01835
1562.93459 17.3767 0.01619
1563.02169 17.42446 0.01963
1563.6524 17.3935 0.01554
1563.6893 17.37978 0.01581
1563.77494 17.36628 0.01543
1564.99301 17.40344 0.01493
1565.92832 17.39025 0.01465
1565.98151 17.38661 0.01578
1566.01544 17.37504 0.01662
1566.91724 17.39576 0.01458
1566.96287 17.37933 0.01485
1566.99591 17.40921 0.01531
1567.8986 17.37338 0.01392
1567.96702 17.3961 0.01403
1568.00039 17.40195 0.01405
1568.90245 17.36564 0.01383
1568.96343 17.39467 0.0144
1568.99843 17.39187 0.016
1569.90084 17.3734 0.01541
1569.99803 17.36447 0.01696
1571.69052 17.44212 0.02133
1571.72419 17.42271 0.02048
1572.62632 17.36754 0.01959
1572.66032 17.41739 0.01791
1572.69287 17.39051 0.02121
1573.64765 17.3965 0.01546
1573.77817 17.38957 0.01416
1577.77306 17.41041 0.0167
1578.67217 17.5223 0.02029
1578.69674 17.3779 0.01794
1578.75347 17.41558 0.01707
1579.73584 17.44215 0.01839
1579.85963 17.43974 0.01821
1579.88516 17.40116 0.0186
1580.7875 17.4446 0.02004
1580.8553 17.45293 0.01965
1580.88022 17.40341 0.01976
1581.78167 17.46823 0.02752
1581.83883 17.48263 0.02603
1581.86464 17.42996 0.02684
1587.62864 17.45827 0.01573
1587.78993 17.39148 0.01875
1587.81475 17.43681 0.01974
1588.71625 17.41126 0.02434
1588.89281 17.48528 0.02709
1589.79481 17.43742 0.01589
1589.81959 17.4191 0.01629
1589.84642 17.3824 0.01638
1590.76387 17.41541 0.01589
1590.8749 17.42928 0.01602
1590.89969 17.41655 0.01695
1591.80204 17.38426 0.02623
1591.88508 17.41113 0.01735
1592.81972 17.42859 0.01527
1592.91348 17.40157 0.01615
1592.93852 17.45413 0.01733
1596.81771 17.42727 0.01743
1596.84238 17.41028 0.01688
1597.74425 17.40797 0.01676
1597.82393 17.4397 0.01828
1597.84943 17.40475 0.02015
1598.75163 17.39767 0.01586
1598.82179 17.41001 0.017
1598.84855 17.40218 0.01587
1599.75014 17.40398 0.01455
1599.79577 17.39335 0.01399
1599.82112 17.39934 0.01508
1600.77441 17.38624 0.01481
1600.8753 17.388 0.01583
1602.78065 17.38585 0.01906
1603.68227 17.40454 0.01635
1603.74296 17.39063 0.01683
1603.81581 17.3842 0.01532
1604.92616 17.3771 0.02033
1605.64733 17.39372 0.0152
1605.67213 17.397 0.0149
1606.58401 17.46189 0.03146
1606.60932 17.46871 0.02406
1606.64241 17.46567 0.03204
1607.82225 17.40557 0.01934
1607.84927 17.37265 0.01629
1608.75086 17.42259 0.01969
1608.81398 17.35902 0.01889
1608.84048 17.34553 0.02553
1609.8617 17.42708 0.02149
1609.88847 17.3478 0.02097
1624.57999 17.39225 0.01698
1625.70494 17.37179 0.01511
1626.64578 17.37035 0.01521
1626.67007 17.39668 0.01487
1628.73144 17.35741 0.01655
1628.76212 17.40301 0.01722
1637.58042 17.42946 0.0219
1637.60549 17.45379 0.02322
1639.58002 17.41791 0.02296
1640.58279 17.48289 0.02404
1640.61699 17.4051 0.02635
1649.57885 17.34864 0.02209
1649.60387 17.36015 0.02
1650.58762 17.38203 0.01922
1658.58519 17.38865 0.01646
1658.62914 17.3823 0.01638
1659.58605 17.47312 0.0163
1659.61086 17.42712 0.01535
1660.58569 17.48642 0.01739
1661.58623 17.53782 0.0428
1662.58587 17.41841 0.01871
1663.59143 17.4207 0.01709
1663.6171 17.43402 0.01663
1664.58594 17.36272 0.03594
1668.58721 17.45724 0.03151
1669.5899 17.39548 0.05481
1669.61423 17.44976 0.02375
1670.58877 17.49501 0.03567
1675.5969 17.45465 0.01641
1675.6459 17.47932 0.02043
1676.59181 17.44384 0.01819
1676.61781 17.42536 0.01675
1677.60718 17.49768 0.03498
1678.61458 17.41507 0.01625
1678.64019 17.43689 0.01675
1680.60724 17.50574 0.01852
1683.59693 17.49018 0.01766
1686.63379 17.47812 0.0305
1687.59886 17.43096 0.01895
1687.64144 17.41183 0.01816
1697.60505 17.64352 0.02691
1699.60928 17.45649 0.02615
1816.96412 17.40306 0.01631
1816.97531 17.3998 0.02176
1817.96427 17.37097 0.01496
1817.97654 17.40389 0.02159
1818.96227 17.36798 0.0141
1818.97512 17.38522 0.01923
1819.97765 17.57539 0.02595
1820.96625 17.37663 0.02269
1820.97769 17.60045 0.02871
1823.97346 17.39508 0.02583
1824.96428 17.46405 0.01904
1824.97573 17.39234 0.02102
1825.97592 17.3831 0.02471
1826.96127 17.50345 0.01836
1826.97472 17.36997 0.0225
1827.96384 17.34721 0.01701
1827.97622 17.4103 0.02189
1828.9654 17.35542 0.01713
1828.97804 17.37296 0.02219
1829.96383 17.32899 0.0148
1829.97653 17.37189 0.0175
1830.96102 17.34312 0.01472
1830.97338 17.3719 0.01598
1831.96161 17.34052 0.01353
1831.97427 17.38677 0.01558
1832.9648 17.35022 0.01478
1832.97563 17.39024 0.01502
1834.96484 17.32282 0.01393
1834.9776 17.3881 0.01844
1835.96569 17.32267 0.01437
1835.97723 17.32938 0.0176
1836.96625 17.32212 0.01442
1836.97711 17.5204 0.01636
1837.96638 17.30876 0.01322
1837.98211 17.33829 0.02103
1838.96389 17.35567 0.01297
1838.9786 17.30615 0.01863
1839.96511 17.31581 0.01433
1839.97834 17.33747 0.01595
1840.98137 17.35459 0.01744
1841.96857 17.40245 0.01385
1841.98075 17.48121 0.01617
1844.96636 17.16692 0.01554
1844.97887 17.32543 0.01719
1845.96726 17.35322 0.0136
1845.98002 17.34542 0.01427
1846.96666 17.31667 0.01354
1846.98115 17.35314 0.01466
1847.96648 17.29959 0.01285
1847.98151 17.35399 0.01347
1848.96743 17.28615 0.01286
1848.98312 17.30017 0.01499
1849.96813 17.28909 0.01819
1850.96941 17.27348 0.02663
1850.98368 17.36813 0.0258
1851.97048 17.37464 0.02037
1851.98675 17.32011 0.02135
1854.96165 17.28054 0.01789
1854.98771 17.27715 0.01778
1855.96071 17.43787 0.01524
1855.98393 17.3909 0.01541
1856.96087 17.28959 0.02366
1856.98328 17.12066 0.01822
1858.96243 17.29938 0.01942
1858.98507 17.32708 0.01886
1859.96515 17.26587 0.01277
1859.98697 17.42756 0.01604
1861.96231 17.30957 0.01341
1861.98508 17.32536 0.01342
1862.9659 17.33059 0.01444
1862.98227 17.2773 0.01427
1863.94981 17.29282 0.01333
1864.94576 17.27804 0.01727
1864.96947 17.32857 0.01726
1865.92975 17.5302 0.02818
1865.96089 17.38337 0.01497
1867.98799 17.22064 0.01334
1868.96536 17.25607 0.01398
1868.98567 17.2799 0.01353
1869.96092 17.34932 0.01654
1869.98231 17.35839 0.01676
1870.96467 17.33289 0.01541
1870.98635 17.28204 0.01557
1874.97428 17.5581 0.01289
1874.99622 17.44645 0.01315
1875.99752 17.46818 0.01382
1877.9745 17.41645 0.01252
1877.9957 17.32068 0.01331
1878.00741 17.32686 0.01937
1880.95792 17.33234 0.03352
1880.9882 17.29166 0.02253
1882.98848 17.56651 0.02596
1883.9421 17.53179 0.01722
1883.98158 17.37318 0.01833
1884.99956 17.31988 0.01722
1885.96448 17.33065 0.01511
1885.98159 17.43141 0.01423
1886.91453 17.49559 0.01532
1886.94264 17.36255 0.01469
1887.91623 17.3005 0.01396
1887.94902 17.50628 0.0165
1888.86519 17.30501 0.01283
1888.89905 17.2985 0.0133
1890.94091 17.3074 0.01274
1890.97479 17.27864 0.01327
1895.83087 17.33146 0.01716
1895.86667 17.35161 0.0173
1978.74407 17.39291 0.01728
1978.79927 17.4662 0.02383
1980.83416 17.37516 0.01676
1981.71538 17.37086 0.01572
1981.77818 17.40267 0.016
1984.71333 17.40714 0.02188
1986.72544 17.39399 0.01792
1987.70535 17.38314 0.01749
1988.66321 17.42286 0.0179
1989.60286 17.4034 0.01725
1989.66828 17.39447 0.01697
1990.59847 17.40682 0.01689
1990.66232 17.39104 0.01616
1991.66882 17.44684 0.038
2000.62591 17.36674 0.01696
2000.65668 17.41853 0.02177
2001.60725 17.40395 0.01604
2001.63454 17.37224 0.0157
2011.62365 17.37351 0.01661
2011.65019 17.42313 0.01747
2218.92712 17.38709 0.01594
2218.977 17.39857 0.01608
2219.94247 17.41097 0.01434
2219.97077 17.3906 0.01423
2220.92305 17.36698 0.01409
2220.98129 17.34271 0.01511
2225.95176 17.39074 0.01781
2226.95332 17.42412 0.0148
2227.93417 17.40782 0.01423
2227.97035 17.35503 0.01476
2231.91879 17.36732 0.01514
2231.96902 17.33462 0.01381
2232.8829 17.37054 0.01839
2232.9489 17.37138 0.01545
2237.93379 17.39218 0.02112
2237.98326 17.4479 0.02245
2238.91268 17.3707 0.01652
2238.96563 17.36937 0.0166
2239.93796 17.3805 0.01626
2239.98313 17.37023 0.01683
2240.95317 17.3555 0.01602
2241.93368 17.3835 0.01642
2242.93933 17.34266 0.01507
2242.98523 17.35147 0.01467
2244.91131 17.39104 0.01431
2244.96611 17.33632 0.01334
2245.87591 17.32405 0.01397
2245.91376 17.34549 0.01365
2246.89995 17.22709 0.01351
2246.93423 17.23897 0.01362
2247.92574 17.34302 0.01361
2247.95614 17.35976 0.01371
2248.84393 17.35406 0.01416
2248.8782 17.35064 0.01377
2249.88436 17.33451 0.01396
2249.9163 17.3211 0.01383
2250.88236 17.32683 0.01367
2250.92114 17.33927 0.01442
2251.8693 17.33504 0.01347
2251.91419 17.3451 0.01353
2267.93864 17.29847 0.02674
2267.9816 17.32462 0.01888
2554.97044 17.42085 0.01758
2569.92685 17.44947 0.01548
2570.93954 17.38901 0.01717
2571.91515 17.47405 0.01724
2571.96845 17.54708 0.01795
2572.94 17.44135 0.01626
